0
0 B_0 81 0 0
4 A_0 85 0 1
4 B_1 89 0 2
7 A_1 96 0 3
1 A_2 97 0 4
9 B_2 106 0 5
3 B_3 109 0 6
4 A_3 113 0 7
4 B_4 117 0 8
8 A_4 125 0 9
8 B_5 133 0 10
4 B_6 137 0 11
3 B_7 140 0 12
8 A_5 148 0 13
3 A_6 151 0 14
10 B_8 161 0 15
1 B_9 162 0 16
6 A_7 168 0 17
8 B_10 176 0 18
8 A_8 184 0 19
3 A_9 187 0 20
5 A_10 192 0 21
8 B_11 200 0 22
4 A_11 204 0 23
4 B_12 208 0 24
3 A_12 211 0 25
9 B_13 220 0 26
7 A_13 227 0 27
7 B_14 234 0 28
5 A_14 239 0 29
6 B_15 245 0 30
7 A_15 252 0 31
8 B_16 260 0 32
5 A_16 265 0 33
3 A_17 268 0 34
4 B_17 272 0 35
6 A_18 278 0 36
6 B_18 284 0 37
3 B_19 287 0 38
5 B_20 292 0 39
4 B_21 296 0 40
8 A_19 304 0 41
5 B_22 309 0 42
1 B_23 310 0 43
7 A_20 317 0 44
7 B_24 324 0 45
5 A_21 329 0 46
2 A_22 331 0 47
6 B_25 337 0 48
6 A_23 343 0 49
6 B_26 349 0 50
4 B_27 353 0 51
6 A_24 359 0 52
5 B_28 364 0 53
2 B_29 366 0 54
1 B_30 367 0 55
2 B_31 369 0 56
2 B_32 371 0 57
5 A_25 376 0 58
1 A_26 377 0 59
3 B_33 380 0 60
5 A_27 385 0 61
2 A_28 387 0 62
3 B_34 390 0 63
10 A_29 400 0 64
5 A_30 405 0 65
4 B_35 409 0 66
5 A_31 414 0 67
3 A_32 417 0 68
8 B_36 425 0 69
1 B_37 426 0 70
8 A_33 434 0 71
8 B_38 442 0 72
4 A_34 446 0 73
7 B_39 453 0 74
9 A_35 462 0 75
5 A_36 467 0 76
2 A_37 469 0 77
5 A_38 474 0 78
2 A_39 476 0 79
No lane change: 476
---------------------
in formation_2
pass
---------------------
in formation_3
pass
---------------------
in formation_4
pass
---------------------
in formation_5
pass
---------------------
in formation_6
pass
---------------------
in formation_7
pass
error in formulation  []
