1
0 B_0 81 0 0
4 B_1 85 0 1
1 A_0 86 1 2
3 A_1 89 1 3
3 B_2 92 0 4
3 A_2 95 1 5
4 A_3 99 1 6
1 A_4 100 1 7
3 B_3 103 0 8
3 A_5 106 0 9
2 A_6 108 0 10
1 B_4 109 1 11
3 A_7 112 0 12
3 B_5 115 1 13
1 B_6 116 1 14
4 B_7 120 1 15
1 A_8 121 0 16
3 B_8 124 1 17
3 A_9 127 0 18
3 B_9 130 0 19
2 B_10 132 0 20
2 A_10 134 1 21
3 B_11 137 0 22
4 B_12 141 0 23
2 A_11 143 1 24
2 A_12 145 1 25
2 B_13 147 0 26
1 B_14 148 0 27
1 A_13 149 1 28
1 B_15 150 0 29
1 B_16 151 0 30
3 B_17 154 0 31
4 A_14 158 1 32
3 B_18 161 0 33
3 A_15 164 1 34
1 A_16 165 1 35
4 B_19 169 0 36
2 A_17 171 1 37
2 A_18 173 1 38
4 B_20 177 0 39
3 A_19 180 1 40
3 B_21 183 0 41
2 A_20 185 1 42
3 B_22 188 0 43
1 B_23 189 0 44
4 B_24 193 0 45
4 A_21 197 1 46
4 B_25 201 0 47
1 A_22 202 1 48
2 A_23 204 1 49
4 A_24 208 1 50
3 B_26 211 0 51
1 B_27 212 0 52
4 A_25 216 1 53
2 B_28 218 0 54
1 A_26 219 1 55
1 A_27 220 1 56
4 B_29 224 0 57
1 B_30 225 0 58
3 A_28 228 1 59
2 A_29 230 1 60
3 A_30 233 1 61
2 B_31 235 0 62
2 B_32 237 0 63
3 A_31 240 0 64
4 B_33 244 1 65
2 A_32 246 0 66
2 B_34 248 1 67
3 A_33 251 0 68
3 B_35 254 1 69
4 A_34 258 0 70
2 A_35 260 0 71
2 B_36 262 1 72
4 A_36 266 0 73
4 B_37 270 1 74
3 A_37 273 0 75
3 B_38 276 1 76
4 A_38 280 0 77
3 B_39 283 1 78
1 A_39 284 0 79
greedy: 284 142.688125 0.0003628730773925781
---------------------
in formation_2
pass
---------------------
in formation_3
pass
---------------------
in formation_4
pass
---------------------
in formation_5
pass
---------------------
in formation_6
pass
---------------------
in formation_7
pass
error in formulation  []
