2
[2, 2, 2, 2, 2, 2, 2, 2, 0, 0, 0, 3, 0, 0, 0, 0, 0, 0, 0, 0, 0, 0, 0, 0, 0, 0, 0, 0, 0, 0, 0, 0, 0, 0, 0, 0, 0, 0, 0, 0, 0, 0, 2, 2, 0, 2, 2, 2, 2, 2, 2, 2, 2, 2, 2, 2, 2, 2, 2, 2, 2, 2, 2, 2, 2, 2, 2, 2, 2, 2, 2, 2, 2, 2, 0, 0, 0, 0, 0, 0]
0 B_0 81 0 0
4 B_1 85 0 1
3 B_2 88 0 2
2 B_3 90 0 3
3 B_4 93 0 4
2 B_5 95 0 5
1 B_6 96 0 6
4 B_7 100 0 7
3 A_0 103 0 8
3 A_1 106 0 9
2 A_2 108 0 10
4 B_8 112 1 11
2 A_3 114 0 12
1 A_4 115 0 13
3 A_5 118 0 14
2 A_6 120 0 15
3 A_7 123 0 16
2 A_8 125 0 17
3 A_9 128 0 18
4 A_10 132 0 19
4 A_11 136 0 20
2 A_12 138 0 21
4 A_13 142 0 22
2 A_14 144 0 23
2 A_15 146 0 24
1 A_16 147 0 25
3 A_17 150 0 26
2 A_18 152 0 27
1 A_19 153 0 28
3 A_20 156 0 29
1 A_21 157 0 30
3 A_22 160 0 31
2 A_23 162 0 32
4 A_24 166 0 33
4 A_25 170 0 34
1 A_26 171 0 35
1 A_27 172 0 36
1 A_28 173 0 37
2 A_29 175 0 38
3 A_30 178 0 39
1 A_31 179 0 40
2 A_32 181 0 41
7 B_9 188 0 42
2 B_10 190 0 43
3 A_33 193 0 44
5 B_11 198 0 45
4 B_12 202 0 46
2 B_13 204 0 47
1 B_14 205 0 48
3 B_15 208 0 49
1 B_16 209 0 50
3 B_17 212 0 51
1 B_18 213 0 52
4 B_19 217 0 53
1 B_20 218 0 54
3 B_21 221 0 55
3 B_22 224 0 56
1 B_23 225 0 57
4 B_24 229 0 58
4 B_25 233 0 59
1 B_26 234 0 60
1 B_27 235 0 61
3 B_28 238 0 62
3 B_29 241 0 63
1 B_30 242 0 64
1 B_31 243 0 65
2 B_32 245 0 66
1 B_33 246 0 67
3 B_34 249 0 68
1 B_35 250 0 69
3 B_36 253 0 70
4 B_37 257 0 71
4 B_38 261 0 72
4 B_39 265 0 73
3 A_34 268 0 74
2 A_35 270 0 75
3 A_36 273 0 76
1 A_37 274 0 77
3 A_38 277 0 78
2 A_39 279 0 79
dp: 279 144.05062499999994 0.04381108283996582
---------------------
in formation_2
pass
---------------------
in formation_3
pass
---------------------
in formation_4
pass
---------------------
in formation_5
pass
---------------------
in formation_6
pass
---------------------
in formation_7
pass
error in formulation  []
