3
0 A_0 83 0 0
3 A_1 86 0 1
2 A_2 88 0 2
3 B_0 91 0 3
3 A_3 94 0 4
1 A_4 95 0 5
3 A_5 98 0 6
2 A_6 100 0 7
3 A_7 103 0 8
2 A_8 105 0 9
3 A_9 108 0 10
3 B_1 111 0 11
3 B_2 114 0 12
2 B_3 116 0 13
3 B_4 119 0 14
2 B_5 121 0 15
1 B_6 122 0 16
4 B_7 126 0 17
4 B_8 130 0 18
3 B_9 133 0 19
2 B_10 135 0 20
4 B_11 139 0 21
4 B_12 143 0 22
2 B_13 145 0 23
1 B_14 146 0 24
3 B_15 149 0 25
1 B_16 150 0 26
3 B_17 153 0 27
1 B_18 154 0 28
4 B_19 158 0 29
1 B_20 159 0 30
3 B_21 162 0 31
3 B_22 165 0 32
1 B_23 166 0 33
4 B_24 170 0 34
3 A_10 173 0 35
3 B_25 176 0 36
1 B_26 177 0 37
1 B_27 178 0 38
3 A_11 181 0 39
2 A_12 183 0 40
4 A_13 187 0 41
2 A_14 189 0 42
2 A_15 191 0 43
1 A_16 192 0 44
3 A_17 195 0 45
2 A_18 197 0 46
1 A_19 198 0 47
3 A_20 201 0 48
1 A_21 202 0 49
3 A_22 205 0 50
2 A_23 207 0 51
4 A_24 211 0 52
3 B_28 214 0 53
3 B_29 217 0 54
1 B_30 218 0 55
1 B_31 219 0 56
2 B_32 221 0 57
1 B_33 222 0 58
3 B_34 225 0 59
1 B_35 226 0 60
3 B_36 229 0 61
4 B_37 233 0 62
4 A_25 237 0 63
1 A_26 238 0 64
1 A_27 239 0 65
1 A_28 240 0 66
2 A_29 242 0 67
3 B_38 245 0 68
4 B_39 249 0 69
3 A_30 252 0 70
1 A_31 253 0 71
2 A_32 255 0 72
4 A_33 259 0 73
4 A_34 263 0 74
2 A_35 265 0 75
3 A_36 268 0 76
1 A_37 269 0 77
3 A_38 272 0 78
2 A_39 274 0 79
nldp: 274 142.73812500000005 0.009055137634277344
---------------------
in formation_2
pass
---------------------
in formation_3
pass
---------------------
in formation_4
pass
---------------------
in formation_5
pass
---------------------
in formation_6
pass
---------------------
in formation_7
pass
error in formulation  []
