0
0 B_0 81 0 0
1 B_1 82 0 1
2 B_2 84 0 2
5 A_0 89 0 3
5 B_3 94 0 4
6 A_1 100 0 5
4 B_4 104 0 6
5 A_2 109 0 7
4 A_3 113 0 8
4 A_4 117 0 9
6 B_5 123 0 10
2 B_6 125 0 11
6 A_5 131 0 12
5 B_7 136 0 13
1 B_8 137 0 14
5 A_6 142 0 15
4 B_9 146 0 16
5 A_7 151 0 17
6 B_10 157 0 18
5 A_8 162 0 19
5 B_11 167 0 20
2 B_12 169 0 21
6 A_9 175 0 22
7 B_13 182 0 23
2 B_14 184 0 24
4 A_10 188 0 25
4 B_15 192 0 26
4 A_11 196 0 27
4 A_12 200 0 28
6 B_16 206 0 29
7 A_13 213 0 30
2 A_14 215 0 31
2 A_15 217 0 32
6 B_17 223 0 33
1 B_18 224 0 34
4 B_19 228 0 35
6 A_16 234 0 36
5 B_20 239 0 37
6 A_17 245 0 38
3 B_21 248 0 39
4 B_22 252 0 40
4 A_18 256 0 41
6 B_23 262 0 42
5 A_19 267 0 43
4 B_24 271 0 44
6 A_20 277 0 45
3 A_21 280 0 46
7 B_25 287 0 47
3 B_26 290 0 48
7 A_22 297 0 49
6 B_27 303 0 50
7 A_23 310 0 51
1 A_24 311 0 52
1 A_25 312 0 53
5 B_28 317 0 54
7 A_26 324 0 55
6 B_29 330 0 56
2 B_30 332 0 57
1 B_31 333 0 58
6 A_27 339 0 59
4 B_32 343 0 60
5 A_28 348 0 61
1 A_29 349 0 62
4 B_33 353 0 63
4 A_30 357 0 64
2 A_31 359 0 65
2 A_32 361 0 66
4 B_34 365 0 67
2 B_35 367 0 68
4 B_36 371 0 69
6 A_33 377 0 70
4 B_37 381 0 71
4 A_34 385 0 72
4 B_38 389 0 73
5 A_35 394 0 74
7 B_39 401 0 75
4 B_40 405 0 76
4 B_41 409 0 77
3 B_42 412 0 78
4 A_36 416 0 79
7 B_43 423 0 80
3 A_37 426 0 81
1 A_38 427 0 82
2 A_39 429 0 83
5 B_44 434 0 84
5 A_40 439 0 85
1 A_41 440 0 86
4 B_45 444 0 87
4 A_42 448 0 88
5 B_46 453 0 89
4 A_43 457 0 90
5 B_47 462 0 91
1 B_48 463 0 92
1 B_49 464 0 93
5 A_44 469 0 94
4 B_50 473 0 95
4 A_45 477 0 96
5 B_51 482 0 97
1 B_52 483 0 98
3 B_53 486 0 99
7 A_46 493 0 100
4 B_54 497 0 101
3 A_47 500 0 102
4 B_55 504 0 103
6 A_48 510 0 104
4 B_56 514 0 105
7 A_49 521 0 106
6 B_57 527 0 107
7 A_50 534 0 108
6 B_58 540 0 109
3 B_59 543 0 110
3 A_51 546 0 111
2 A_52 548 0 112
4 A_53 552 0 113
1 A_54 553 0 114
2 A_55 555 0 115
2 A_56 557 0 116
3 A_57 560 0 117
3 A_58 563 0 118
3 A_59 566 0 119
No lane change: 566 273.02166666666665 0.00021314620971679688
---------------------
in formation_2
pass
---------------------
in formation_3
pass
---------------------
in formation_4
pass
---------------------
in formation_5
pass
---------------------
in formation_6
pass
---------------------
in formation_7
pass
error in formulation  []
