1
0 B_0 81 0 0
6 A_0 87 1 1
5 B_1 92 0 2
3 A_1 95 1 3
5 B_2 100 0 4
5 A_2 105 1 5
1 B_3 106 0 6
2 B_4 108 0 7
6 A_3 114 1 8
3 B_5 117 1 9
6 A_4 123 0 10
2 A_5 125 0 11
6 B_6 131 1 12
5 A_6 136 0 13
3 A_7 139 0 14
4 A_8 143 0 15
5 B_7 148 1 16
5 A_9 153 0 17
5 B_8 158 1 18
6 B_9 164 1 19
2 B_10 166 1 20
1 A_10 167 0 21
2 B_11 169 1 22
5 A_11 174 0 23
4 B_12 178 1 24
4 A_12 182 0 25
4 B_13 186 1 26
6 A_13 192 0 27
3 A_14 195 0 28
6 A_15 201 0 29
6 B_14 207 1 30
5 B_15 212 1 31
1 B_16 213 1 32
4 B_17 217 1 33
3 A_16 220 0 34
4 B_18 224 1 35
1 A_17 225 0 36
4 B_19 229 1 37
3 A_18 232 0 38
4 B_20 236 1 39
4 A_19 240 0 40
5 B_21 245 1 41
5 B_22 250 1 42
2 B_23 252 1 43
6 B_24 258 1 44
6 A_20 264 0 45
2 B_25 266 1 46
5 A_21 271 0 47
2 A_22 273 0 48
2 B_26 275 1 49
2 A_23 277 0 50
3 B_27 280 0 51
1 A_24 281 1 52
5 B_28 286 0 53
2 A_25 288 1 54
2 A_26 290 1 55
5 B_29 295 0 56
1 B_30 296 0 57
3 A_27 299 1 58
2 B_31 301 0 59
5 A_28 306 1 60
1 B_32 307 0 61
3 A_29 310 1 62
1 B_33 311 0 63
5 A_30 316 1 64
3 B_34 319 0 65
6 B_35 325 0 66
2 A_31 327 1 67
4 B_36 331 0 68
3 A_32 334 0 69
3 B_37 337 1 70
4 A_33 341 0 71
2 A_34 343 0 72
3 A_35 346 0 73
1 B_38 347 1 74
6 A_36 353 0 75
4 B_39 357 1 76
4 B_40 361 1 77
2 A_37 363 0 78
5 B_41 368 1 79
6 A_38 374 0 80
1 A_39 375 0 81
3 B_42 378 1 82
5 B_43 383 1 83
2 B_44 385 1 84
4 A_40 389 0 85
2 A_41 391 0 86
3 B_45 394 1 87
3 A_42 397 0 88
5 A_43 402 0 89
3 A_44 405 0 90
1 A_45 406 0 91
2 B_46 408 1 92
6 B_47 414 1 93
5 B_48 419 1 94
1 B_49 420 1 95
5 A_46 425 0 96
4 A_47 429 0 97
6 B_50 435 1 98
3 A_48 438 0 99
2 B_51 440 1 100
3 A_49 443 0 101
3 B_52 446 1 102
1 A_50 447 0 103
3 A_51 450 0 104
1 A_52 451 0 105
1 B_53 452 1 106
3 B_54 455 1 107
6 B_55 461 1 108
2 A_53 463 0 109
2 B_56 465 1 110
2 A_54 467 0 111
6 B_57 473 1 112
3 A_55 476 0 113
1 A_56 477 0 114
1 B_58 478 1 115
2 B_59 480 1 116
3 A_57 483 0 117
1 A_58 484 0 118
1 A_59 485 0 119
greedy: 485
---------------------
in formation_2
pass
---------------------
in formation_3
pass
---------------------
in formation_4
pass
---------------------
in formation_5
pass
---------------------
in formation_6
pass
---------------------
in formation_7
pass
error in formulation  []
