2
[0, 0, 3, 0, 0, 0, 0, 0, 0, 0, 0, 0, 0, 0, 3, 1, 2, 2, 2, 1, 2, 2, 3, 0, 0, 0, 0, 3, 0, 0, 0, 0, 3, 2, 1, 2, 2, 1, 2, 2, 2, 2, 2, 2, 2, 2, 2, 1, 2, 2, 1, 2, 2, 2, 2, 2, 2, 2, 1, 2, 2, 2, 2, 0, 3, 0, 0, 0, 3, 0, 0, 0, 0, 0, 2, 2, 2, 0, 0, 0, 0, 0, 3, 0, 2, 2, 2, 2, 2, 2, 1, 2, 2, 2, 0, 0, 0, 0, 0, 0, 0, 0, 0, 0, 0, 0, 0, 2, 2, 2, 2, 2, 0, 0, 0, 2, 2, 2, 2, 2]
0 A_0 82 0 0
3 A_1 85 0 1
2 B_0 87 1 2
4 A_2 91 0 3
4 A_3 95 0 4
3 A_4 98 0 5
2 A_5 100 0 6
1 A_6 101 0 7
3 A_7 104 0 8
4 A_8 108 0 9
2 A_9 110 0 10
4 A_10 114 0 11
3 A_11 117 0 12
1 A_12 118 0 13
1 B_1 119 1 14
4 A_13 123 1 15
3 B_2 126 0 16
1 B_3 127 0 17
2 B_4 129 0 18
4 A_14 133 1 19
4 B_5 137 0 20
4 B_6 141 0 21
3 B_7 144 1 22
2 A_15 146 0 23
1 A_16 147 0 24
2 A_17 149 0 25
3 A_18 152 0 26
2 B_8 154 1 27
4 A_19 158 0 28
4 A_20 162 0 29
1 A_21 163 0 30
2 A_22 165 0 31
3 B_9 168 1 32
4 B_10 172 0 33
2 A_23 174 1 34
1 B_11 175 0 35
3 B_12 178 0 36
1 A_24 179 1 37
3 B_13 182 0 38
4 B_14 186 0 39
5 B_15 191 0 40
1 B_16 192 0 41
4 B_17 196 0 42
1 B_18 197 0 43
1 B_19 198 0 44
5 B_20 203 0 45
6 B_21 209 0 46
2 A_25 211 1 47
2 B_22 213 0 48
2 B_23 215 0 49
2 A_26 217 1 50
4 B_24 221 0 51
3 B_25 224 0 52
3 B_26 227 0 53
3 B_27 230 0 54
4 B_28 234 0 55
2 B_29 236 0 56
1 B_30 237 0 57
3 A_27 240 1 58
2 B_31 242 0 59
3 B_32 245 0 60
2 B_33 247 0 61
5 B_34 252 0 62
4 A_28 256 0 63
2 B_35 258 1 64
2 A_29 260 0 65
1 A_30 261 0 66
2 A_31 263 0 67
4 B_36 267 1 68
1 A_32 268 0 69
3 A_33 271 0 70
2 A_34 273 0 71
3 A_35 276 0 72
2 A_36 278 0 73
7 B_37 285 0 74
2 B_38 287 0 75
2 B_39 289 0 76
3 A_37 292 0 77
2 A_38 294 0 78
1 A_39 295 0 79
1 A_40 296 0 80
2 A_41 298 0 81
4 B_40 302 1 82
4 A_42 306 0 83
8 B_41 314 0 84
2 B_42 316 0 85
5 B_43 321 0 86
2 B_44 323 0 87
3 B_45 326 0 88
3 B_46 329 0 89
2 A_43 331 1 90
4 B_47 335 0 91
5 B_48 340 0 92
1 B_49 341 0 93
4 A_44 345 0 94
1 A_45 346 0 95
2 A_46 348 0 96
4 A_47 352 0 97
3 A_48 355 0 98
3 A_49 358 0 99
2 A_50 360 0 100
3 A_51 363 0 101
1 A_52 364 0 102
3 A_53 367 0 103
2 A_54 369 0 104
2 A_55 371 0 105
1 A_56 372 0 106
9 B_50 381 0 107
3 B_51 384 0 108
1 B_52 385 0 109
3 B_53 388 0 110
3 B_54 391 0 111
4 A_57 395 0 112
1 A_58 396 0 113
1 A_59 397 0 114
7 B_55 404 0 115
2 B_56 406 0 116
3 B_57 409 0 117
1 B_58 410 0 118
2 B_59 412 0 119
dp: 412
---------------------
in formation_2
pass
---------------------
in formation_3
pass
---------------------
in formation_4
pass
---------------------
in formation_5
pass
---------------------
in formation_6
pass
---------------------
in formation_7
pass
error in formulation  []
