3
0 A_0 85 0 0
1 A_1 87 0 1
2 A_2 89 0 2
4 A_3 93 0 3
4 A_4 97 0 4
2 A_5 99 0 5
2 A_6 101 0 6
3 A_7 104 0 7
2 A_8 106 0 8
2 A_9 108 0 9
3 A_10 111 0 10
3 A_11 114 0 11
4 A_12 118 0 12
3 A_13 121 0 13
2 A_14 123 0 14
2 A_15 125 0 15
1 A_16 126 0 16
1 A_17 127 0 17
4 A_18 131 0 18
1 A_19 132 0 19
1 A_20 133 0 20
3 A_21 136 0 21
1 A_22 137 0 22
1 A_23 138 0 23
1 A_24 139 0 24
1 A_25 140 0 25
1 A_26 141 0 26
3 A_27 144 0 27
4 A_28 148 0 28
1 A_29 149 0 29
3 A_30 152 0 30
2 A_31 154 0 31
2 A_32 156 0 32
4 B_0 160 0 33
1 B_1 161 0 34
2 B_2 163 0 35
2 B_3 165 0 36
1 B_4 166 0 37
2 B_5 168 0 38
2 B_6 170 0 39
4 B_7 174 0 40
1 B_8 175 0 41
3 A_33 178 0 42
3 B_9 181 0 43
3 B_10 184 0 44
3 B_11 187 0 45
2 B_12 189 0 46
2 B_13 191 0 47
2 B_14 193 0 48
2 B_15 195 0 49
1 B_16 196 0 50
3 B_17 199 0 51
1 B_18 200 0 52
4 B_19 204 0 53
3 A_34 207 0 54
3 B_20 210 0 55
1 B_21 211 0 56
4 A_35 215 0 57
2 A_36 217 0 58
3 A_37 220 0 59
1 A_38 221 0 60
2 A_39 223 0 61
3 A_40 226 0 62
1 A_41 227 0 63
3 A_42 230 0 64
2 A_43 232 0 65
3 A_44 235 0 66
1 A_45 236 0 67
3 B_22 239 0 68
2 B_23 241 0 69
1 B_24 242 0 70
1 B_25 243 0 71
3 B_26 246 0 72
3 B_27 249 0 73
3 B_28 252 0 74
4 B_29 256 0 75
2 B_30 258 0 76
1 B_31 259 0 77
3 B_32 262 0 78
4 B_33 266 0 79
4 B_34 270 0 80
2 B_35 272 0 81
4 B_36 276 0 82
3 B_37 279 0 83
4 A_46 283 0 84
4 A_47 287 0 85
3 B_38 290 0 86
3 B_39 293 0 87
3 A_48 296 0 88
1 A_49 297 0 89
1 A_50 298 0 90
4 A_51 302 0 91
2 A_52 304 0 92
4 A_53 308 0 93
1 A_54 309 0 94
2 A_55 311 0 95
2 A_56 313 0 96
3 A_57 316 0 97
3 A_58 319 0 98
3 A_59 322 0 99
3 B_40 325 0 100
4 B_41 329 0 101
3 B_42 332 0 102
1 B_43 333 0 103
1 B_44 334 0 104
3 B_45 337 0 105
3 B_46 340 0 106
1 B_47 341 0 107
1 B_48 342 0 108
1 B_49 343 0 109
3 B_50 346 0 110
2 B_51 348 0 111
1 B_52 349 0 112
3 B_53 352 0 113
2 B_54 354 0 114
2 B_55 356 0 115
2 B_56 358 0 116
3 B_57 361 0 117
2 B_58 363 0 118
3 B_59 366 0 119
nldp: 366 165.17166666666668 0.022773027420043945
---------------------
in formation_2
pass
---------------------
in formation_3
pass
---------------------
in formation_4
pass
---------------------
in formation_5
pass
---------------------
in formation_6
pass
---------------------
in formation_7
pass
error in formulation  []
