0
0 A_0 81 0 0
5 B_0 86 0 1
6 A_1 92 0 2
6 B_1 98 0 3
3 A_2 101 0 4
6 B_2 107 0 5
6 A_3 113 0 6
4 B_3 117 0 7
6 A_4 123 0 8
4 B_4 127 0 9
5 A_5 132 0 10
4 B_5 136 0 11
5 A_6 141 0 12
3 A_7 144 0 13
5 B_6 149 0 14
4 A_8 153 0 15
6 B_7 159 0 16
4 A_9 163 0 17
5 B_8 168 0 18
3 B_9 171 0 19
7 A_10 178 0 20
6 B_10 184 0 21
5 A_11 189 0 22
2 A_12 191 0 23
3 A_13 194 0 24
3 B_11 197 0 25
2 B_12 199 0 26
6 A_14 205 0 27
3 A_15 208 0 28
6 B_13 214 0 29
6 A_16 220 0 30
6 B_14 226 0 31
2 B_15 228 0 32
5 A_17 233 0 33
5 B_16 238 0 34
3 B_17 241 0 35
4 A_18 245 0 36
1 A_19 246 0 37
4 B_18 250 0 38
2 B_19 252 0 39
No lane change: 252 158.52950000000004 7.200241088867188e-05
---------------------
in formation_2
pass
---------------------
in formation_3
pass
---------------------
in formation_4
pass
---------------------
in formation_5
pass
---------------------
in formation_6
pass
---------------------
in formation_7
pass
error in formulation  []
