1
0 A_0 82 0 0
5 B_0 87 1 1
3 A_1 90 1 2
1 A_2 94 1 3
3 B_1 98 1 4
3 A_3 102 1 5
4 B_2 106 0 6
6 B_3 112 0 7
2 A_4 114 1 8
5 B_4 119 0 9
6 B_5 125 0 10
6 A_5 131 1 11
2 A_6 133 1 12
3 B_6 136 0 13
1 A_7 137 1 14
6 B_7 143 0 15
5 A_8 148 1 16
3 B_8 151 0 17
2 A_9 153 1 18
1 A_10 154 1 19
4 B_9 158 0 20
2 A_11 160 1 21
4 B_10 164 0 22
1 A_12 168 1 23
6 B_11 174 0 24
3 A_13 177 1 25
6 A_14 183 1 26
6 A_15 189 1 27
3 A_16 192 1 28
1 A_17 193 1 29
2 B_12 196 0 30
3 A_18 200 1 31
1 A_19 204 1 32
4 B_13 208 0 33
2 B_14 210 0 34
6 B_15 216 0 35
4 B_16 220 0 36
4 B_17 224 0 37
1 B_18 225 0 38
5 B_19 230 0 39
greedy: 230
---------------------
in formation_2
pass
---------------------
in formation_3
pass
---------------------
in formation_4
pass
---------------------
in formation_5
pass
---------------------
in formation_6
pass
---------------------
in formation_7
pass
error in formulation  []
