2
[0, 0, 0, 0, 0, 3, 0, 0, 0, 0, 3, 3, 0, 0, 0, 3, 0, 0, 3, 3, 0, 2, 2, 2, 2, 2, 2, 2, 2, 2, 1, 2, 2, 2, 2, 0, 0, 0, 0, 2]
0 A_0 82 0 0
1 A_1 84 0 1
1 A_2 85 0 2
3 A_3 88 0 3
2 A_4 90 0 4
3 B_0 93 1 5
5 A_5 98 0 6
2 A_6 100 0 7
3 A_7 103 0 8
1 A_8 104 0 9
1 B_1 105 1 10
4 B_2 109 1 11
4 A_9 113 0 12
1 A_10 114 0 13
1 A_11 115 0 14
2 B_3 118 1 15
1 A_12 122 0 16
1 A_13 123 0 17
3 B_4 127 1 18
6 B_5 133 1 19
3 A_14 136 0 20
4 B_6 140 0 21
4 B_7 144 0 22
2 B_8 146 0 23
3 B_9 149 0 24
1 B_10 150 0 25
3 B_11 153 0 26
3 B_12 156 0 27
2 B_13 158 0 28
2 B_14 160 0 29
4 A_15 164 1 30
1 B_15 165 0 31
4 B_16 169 0 32
4 B_17 173 0 33
1 B_18 174 0 34
6 A_16 180 0 35
1 A_17 181 0 36
2 A_18 183 0 37
1 A_19 184 0 38
4 B_19 188 0 39
dp: 188
---------------------
in formation_2
pass
---------------------
in formation_3
pass
---------------------
in formation_4
pass
---------------------
in formation_5
pass
---------------------
in formation_6
pass
---------------------
in formation_7
pass
error in formulation  []
