3
0 A_0 81 0 0
2 A_1 83 0 1
3 A_2 86 0 2
4 A_3 90 0 3
1 A_4 91 0 4
1 A_5 92 0 5
2 A_6 94 0 6
4 B_0 98 0 7
3 B_1 101 0 8
3 B_2 104 0 9
3 B_3 107 0 10
3 B_4 110 0 11
3 A_7 113 0 12
2 A_8 115 0 13
4 A_9 119 0 14
1 A_10 120 0 15
1 A_11 121 0 16
2 A_12 123 0 17
3 A_13 126 0 18
2 A_14 128 0 19
3 A_15 131 0 20
3 B_5 134 0 21
2 B_6 136 0 22
3 B_7 139 0 23
1 B_8 140 0 24
3 B_9 143 0 25
2 B_10 145 0 26
4 A_16 149 0 27
3 B_11 152 0 28
2 B_12 154 0 29
2 B_13 156 0 30
4 B_14 160 0 31
2 B_15 162 0 32
1 B_16 163 0 33
3 B_17 166 0 34
2 B_18 168 0 35
2 B_19 170 0 36
3 A_17 173 0 37
3 A_18 176 0 38
1 A_19 177 0 39
nldp: 177 115.95449999999997 0.0039958953857421875
---------------------
in formation_2
pass
---------------------
in formation_3
pass
---------------------
in formation_4
pass
---------------------
in formation_5
pass
---------------------
in formation_6
pass
---------------------
in formation_7
pass
error in formulation  []
