0
0 B_0 86 0 0
5 A_0 91 0 1
4 B_1 95 0 2
3 A_1 98 0 3
4 B_2 102 0 4
1 B_3 103 0 5
2 B_4 105 0 6
3 B_5 108 0 7
7 A_2 115 0 8
4 B_6 119 0 9
3 A_3 122 0 10
4 A_4 126 0 11
3 B_7 129 0 12
5 A_5 134 0 13
1 A_6 135 0 14
2 A_7 137 0 15
6 B_8 143 0 16
5 A_8 148 0 17
5 B_9 153 0 18
4 A_9 157 0 19
1 A_10 158 0 20
2 A_11 160 0 21
5 B_10 165 0 22
5 A_12 170 0 23
7 B_11 177 0 24
5 A_13 182 0 25
6 B_12 188 0 26
4 B_13 192 0 27
6 A_14 198 0 28
6 B_14 204 0 29
5 A_15 209 0 30
7 B_15 216 0 31
5 A_16 221 0 32
5 B_16 226 0 33
1 B_17 227 0 34
7 A_17 234 0 35
5 B_18 239 0 36
4 A_18 243 0 37
4 A_19 247 0 38
2 A_20 249 0 39
1 A_21 250 0 40
6 B_19 256 0 41
2 B_20 258 0 42
6 A_22 264 0 43
4 B_21 268 0 44
6 A_23 274 0 45
5 B_22 279 0 46
1 B_23 280 0 47
1 B_24 281 0 48
4 A_24 285 0 49
4 A_25 289 0 50
4 B_25 293 0 51
4 B_26 297 0 52
6 A_26 303 0 53
2 A_27 305 0 54
2 A_28 307 0 55
1 A_29 308 0 56
1 A_30 309 0 57
1 A_31 310 0 58
1 A_32 311 0 59
1 A_33 312 0 60
3 A_34 315 0 61
7 B_27 322 0 62
1 B_28 323 0 63
3 B_29 326 0 64
2 B_30 328 0 65
7 A_35 335 0 66
1 A_36 336 0 67
5 B_31 341 0 68
5 A_37 346 0 69
2 A_38 348 0 70
3 A_39 351 0 71
6 B_32 357 0 72
4 B_33 361 0 73
3 B_34 364 0 74
2 B_35 366 0 75
4 B_36 370 0 76
3 B_37 373 0 77
3 B_38 376 0 78
1 B_39 377 0 79
No lane change: 377 184.904875 0.00010704994201660156
---------------------
in formation_2
pass
---------------------
in formation_3
pass
---------------------
in formation_4
pass
---------------------
in formation_5
pass
---------------------
in formation_6
pass
---------------------
in formation_7
pass
error in formulation  []
