1
0 A_0 81 0 0
2 B_0 85 1 1
4 B_1 89 1 2
2 A_1 93 0 3
5 A_2 98 0 4
3 B_2 101 1 5
2 A_3 103 0 6
3 B_3 106 0 7
2 A_4 108 1 8
4 A_5 112 1 9
2 B_4 115 0 10
5 B_5 120 0 11
1 B_6 121 0 12
5 A_6 126 1 13
4 B_7 130 0 14
6 B_8 136 0 15
6 A_7 142 1 16
1 B_9 143 0 17
1 A_8 144 1 18
4 B_10 148 0 19
4 A_9 152 1 20
3 B_11 155 1 21
2 A_10 157 0 22
6 B_12 163 1 23
5 A_11 168 0 24
2 B_13 170 1 25
4 B_14 174 1 26
6 A_12 180 0 27
3 B_15 183 1 28
2 B_16 185 1 29
3 A_13 188 0 30
5 B_17 193 1 31
2 B_18 195 1 32
4 A_14 199 0 33
5 A_15 204 0 34
2 B_19 206 1 35
2 A_16 208 0 36
2 A_17 210 0 37
5 B_20 215 1 38
5 A_18 220 0 39
2 A_19 222 0 40
5 A_20 227 0 41
6 B_21 233 1 42
5 A_21 238 0 43
2 A_22 240 0 44
4 A_23 244 0 45
1 B_22 245 1 46
4 A_24 249 0 47
4 A_25 253 0 48
3 B_23 256 0 49
2 A_26 258 1 50
5 B_24 263 0 51
3 A_27 266 1 52
2 A_28 268 1 53
1 A_29 269 1 54
3 B_25 272 0 55
4 A_30 276 1 56
1 B_26 277 0 57
6 A_31 283 1 58
5 B_27 288 0 59
3 A_32 291 0 60
1 A_33 292 0 61
1 B_28 293 1 62
6 A_34 299 0 63
6 B_29 305 1 64
3 A_35 308 0 65
3 A_36 311 0 66
2 B_30 313 1 67
3 B_31 316 1 68
2 A_37 318 0 69
3 B_32 321 1 70
5 A_38 326 0 71
4 A_39 330 0 72
2 B_33 332 1 73
5 B_34 337 1 74
4 B_35 341 1 75
1 B_36 342 1 76
6 B_37 348 1 77
2 B_38 350 1 78
2 B_39 352 1 79
greedy: 352
---------------------
in formation_2
pass
---------------------
in formation_3
pass
---------------------
in formation_4
pass
---------------------
in formation_5
pass
---------------------
in formation_6
pass
---------------------
in formation_7
pass
error in formulation  []
