2
[2, 0, 0, 3, 0, 3, 0, 0, 0, 0, 2, 2, 1, 2, 2, 1, 2, 1, 2, 2, 2, 2, 2, 2, 1, 0, 0, 0, 0, 0, 0, 0, 3, 1, 2, 2, 1, 2, 2, 2, 2, 2, 2, 2, 2, 2, 0, 0, 0, 0, 0, 2, 2, 2, 1, 2, 2, 0, 0, 0, 0, 3, 0, 3, 0, 0, 0, 0, 0, 0, 0, 3, 1, 2, 2, 2, 1, 2, 2, 2]
0 B_0 81 0 0
4 A_0 85 0 1
1 A_1 86 0 2
2 B_1 89 1 3
2 A_2 93 0 4
3 B_2 97 1 5
2 A_3 101 0 6
2 A_4 103 0 7
4 A_5 107 0 8
2 A_6 109 0 9
9 B_3 118 0 10
4 B_4 122 0 11
2 A_7 124 1 12
1 B_5 125 0 13
1 B_6 126 0 14
4 A_8 130 1 15
2 B_7 132 0 16
1 A_9 133 1 17
3 B_8 136 0 18
2 B_9 138 0 19
4 B_10 142 0 20
4 B_11 146 0 21
1 B_12 147 0 22
3 B_13 150 0 23
4 A_10 154 1 24
3 A_11 157 0 25
1 A_12 158 0 26
2 A_13 160 0 27
4 A_14 164 0 28
5 A_15 169 0 29
1 A_16 170 0 30
2 A_17 172 0 31
3 B_14 175 1 32
4 A_18 179 1 33
3 B_15 182 0 34
2 B_16 184 0 35
2 A_19 186 1 36
2 B_17 188 0 37
2 B_18 190 0 38
5 B_19 195 0 39
1 B_20 196 0 40
1 B_21 197 0 41
4 B_22 201 0 42
2 B_23 203 0 43
3 B_24 206 0 44
2 B_25 208 0 45
3 A_20 211 0 46
2 A_21 213 0 47
2 A_22 215 0 48
4 A_23 219 0 49
1 A_24 220 0 50
7 B_26 227 0 51
2 B_27 229 0 52
5 B_28 234 0 53
3 A_25 237 1 54
5 B_29 242 0 55
3 B_30 245 0 56
3 A_26 248 0 57
2 A_27 250 0 58
2 A_28 252 0 59
1 A_29 253 0 60
3 B_31 256 1 61
4 A_30 260 0 62
4 B_32 264 1 63
3 A_31 267 0 64
3 A_32 270 0 65
1 A_33 271 0 66
1 A_34 272 0 67
3 A_35 275 0 68
3 A_36 278 0 69
3 A_37 281 0 70
1 B_33 282 1 71
4 A_38 286 1 72
5 B_34 291 0 73
4 B_35 295 0 74
1 B_36 296 0 75
1 A_39 297 1 76
3 B_37 300 0 77
2 B_38 302 0 78
2 B_39 304 0 79
dp: 304
---------------------
in formation_2
pass
---------------------
in formation_3
pass
---------------------
in formation_4
pass
---------------------
in formation_5
pass
---------------------
in formation_6
pass
---------------------
in formation_7
pass
error in formulation  []
