3
0 A_0 81 0 0
1 A_1 85 0 1
5 A_2 90 0 2
6 B_0 96 0 3
4 B_1 100 0 4
4 B_2 104 0 5
2 B_3 106 0 6
3 A_3 109 0 7
2 A_4 111 0 8
4 A_5 115 0 9
2 A_6 117 0 10
4 A_7 121 0 11
6 A_8 127 0 12
3 A_9 130 0 13
4 A_10 134 0 14
1 A_11 135 0 15
1 A_12 136 0 16
2 A_13 138 0 17
4 A_14 142 0 18
5 A_15 147 0 19
1 A_16 148 0 20
2 A_17 150 0 21
4 B_4 154 0 22
3 A_18 157 0 23
2 A_19 159 0 24
5 A_20 164 0 25
2 A_21 166 0 26
2 A_22 168 0 27
4 A_23 172 0 28
1 A_24 173 0 29
4 A_25 177 0 30
3 B_5 180 0 31
1 B_6 181 0 32
5 B_7 186 0 33
5 A_26 191 0 34
2 A_27 193 0 35
2 A_28 195 0 36
1 A_29 196 0 37
6 A_30 202 0 38
4 B_8 206 0 39
2 B_9 208 0 40
4 B_10 212 0 41
4 B_11 216 0 42
1 B_12 217 0 43
3 B_13 220 0 44
4 B_14 224 0 45
5 B_15 229 0 46
2 B_16 231 0 47
5 B_17 236 0 48
2 B_18 238 0 49
5 B_19 243 0 50
1 B_20 244 0 51
1 B_21 245 0 52
4 B_22 249 0 53
2 B_23 251 0 54
3 B_24 254 0 55
2 B_25 256 0 56
1 B_26 257 0 57
2 B_27 259 0 58
5 B_28 264 0 59
6 B_29 270 0 60
3 B_30 273 0 61
3 B_31 276 0 62
4 B_32 280 0 63
5 A_31 285 0 64
3 A_32 288 0 65
1 A_33 289 0 66
1 A_34 290 0 67
3 A_35 293 0 68
3 A_36 296 0 69
3 A_37 299 0 70
4 B_33 303 0 71
4 A_38 307 0 72
4 A_39 311 0 73
4 B_34 315 0 74
4 B_35 319 0 75
1 B_36 320 0 76
6 B_37 326 0 77
2 B_38 328 0 78
2 B_39 330 0 79
nldp: 330
---------------------
in formation_2
pass
---------------------
in formation_3
pass
---------------------
in formation_4
pass
---------------------
in formation_5
pass
---------------------
in formation_6
pass
---------------------
in formation_7
pass
error in formulation  []
