0
0 A_0 82 0 0
2 A_1 84 0 1
4 A_2 88 0 2
4 A_3 92 0 3
8 B_0 100 0 4
2 B_1 102 0 5
9 A_4 111 0 6
4 B_2 115 0 7
5 A_5 120 0 8
10 B_3 130 0 9
7 A_6 137 0 10
4 B_4 141 0 11
8 A_7 149 0 12
2 A_8 151 0 13
5 A_9 156 0 14
9 B_5 165 0 15
7 A_10 172 0 16
1 A_11 173 0 17
9 B_6 182 0 18
4 B_7 186 0 19
7 A_12 193 0 20
6 B_8 199 0 21
6 A_13 205 0 22
4 A_14 209 0 23
10 B_9 219 0 24
1 B_10 220 0 25
6 B_11 226 0 26
8 A_15 234 0 27
6 B_12 240 0 28
1 B_13 241 0 29
3 B_14 244 0 30
4 A_16 248 0 31
5 B_15 253 0 32
3 B_16 256 0 33
4 B_17 260 0 34
3 B_18 263 0 35
4 A_17 267 0 36
5 B_19 272 0 37
5 A_18 277 0 38
6 A_19 283 0 39
8 B_20 291 0 40
10 A_20 301 0 41
4 B_21 305 0 42
6 A_21 311 0 43
8 B_22 319 0 44
1 B_23 320 0 45
5 A_22 325 0 46
5 B_24 330 0 47
7 A_23 337 0 48
8 B_25 345 0 49
8 A_24 353 0 50
6 B_26 359 0 51
1 B_27 360 0 52
10 A_25 370 0 53
7 B_28 377 0 54
7 A_26 384 0 55
1 A_27 385 0 56
8 B_29 393 0 57
2 B_30 395 0 58
1 B_31 396 0 59
9 A_28 405 0 60
4 B_32 409 0 61
5 A_29 414 0 62
9 B_33 423 0 63
7 A_30 430 0 64
8 B_34 438 0 65
7 A_31 445 0 66
9 B_35 454 0 67
5 A_32 459 0 68
4 B_36 463 0 69
4 B_37 467 0 70
4 A_33 471 0 71
1 A_34 472 0 72
5 A_35 477 0 73
6 B_38 483 0 74
6 B_39 489 0 75
5 A_36 494 0 76
6 A_37 500 0 77
1 A_38 501 0 78
5 A_39 506 0 79
No lane change: 506
---------------------
in formation_2
pass
---------------------
in formation_3
pass
---------------------
in formation_4
pass
---------------------
in formation_5
pass
---------------------
in formation_6
pass
---------------------
in formation_7
pass
error in formulation  []
