1
0 A_0 82 0 0
2 A_1 84 0 1
4 A_2 88 0 2
4 A_3 92 0 3
4 B_0 96 1 4
2 B_1 98 1 5
5 A_4 103 0 6
1 B_2 104 1 7
1 A_5 105 0 8
6 B_3 111 1 9
4 A_6 115 0 10
2 B_4 117 1 11
5 A_7 122 0 12
2 A_8 124 0 13
5 A_9 129 0 14
6 B_5 135 1 15
3 A_10 138 0 16
1 A_11 139 0 17
6 B_6 145 1 18
4 B_7 149 1 19
5 A_12 154 0 20
2 B_8 156 1 21
2 A_13 158 0 22
4 A_14 162 0 23
6 B_9 168 1 24
1 B_10 169 1 25
6 B_11 175 1 26
4 A_15 179 0 27
4 B_12 183 1 28
1 B_13 184 1 29
3 B_14 187 1 30
1 A_16 188 0 31
3 B_15 191 1 32
3 B_16 194 1 33
4 B_17 198 1 34
3 B_18 201 1 35
2 A_17 205 0 36
1 B_19 209 1 37
1 A_18 213 0 38
6 A_19 219 0 39
5 B_20 224 1 40
6 A_20 230 0 41
1 B_21 231 1 42
3 A_21 234 0 43
5 B_22 239 1 44
1 B_23 240 1 45
3 A_22 243 0 46
2 B_24 246 1 47
3 A_23 250 0 48
6 B_25 256 1 49
5 A_24 261 0 50
2 B_26 263 1 51
1 B_27 266 1 52
6 A_25 272 0 53
5 B_28 277 1 54
5 A_26 282 0 55
1 A_27 283 0 56
5 B_29 288 1 57
2 B_30 290 1 58
1 B_31 291 1 59
5 A_28 296 0 60
1 B_32 299 1 61
2 A_29 303 0 62
6 B_33 309 1 63
3 A_30 312 0 64
6 B_34 318 1 65
5 A_31 323 0 66
5 B_35 328 1 67
2 A_32 330 0 68
2 B_36 332 1 69
4 B_37 336 1 70
2 A_33 339 0 71
1 A_34 340 0 72
5 A_35 345 0 73
2 B_38 347 1 74
6 B_39 353 1 75
2 A_36 355 0 76
6 A_37 361 0 77
1 A_38 362 0 78
5 A_39 367 0 79
greedy: 367
---------------------
in formation_2
pass
---------------------
in formation_3
pass
---------------------
in formation_4
pass
---------------------
in formation_5
pass
---------------------
in formation_6
pass
---------------------
in formation_7
pass
error in formulation  []
