2
[0, 0, 0, 0, 2, 2, 2, 2, 2, 0, 0, 0, 0, 0, 0, 2, 2, 2, 2, 2, 2, 2, 2, 2, 2, 2, 2, 2, 2, 2, 2, 2, 2, 2, 2, 2, 2, 2, 2, 2, 0, 0, 0, 0, 0, 2, 0, 0, 0, 0, 0, 0, 0, 0, 0, 0, 0, 0, 0, 0, 0, 0, 0, 0, 0, 0, 0, 0, 2, 2, 2, 2, 2, 2, 2, 2, 2, 0, 0, 0]
0 A_0 82 0 0
3 A_1 85 0 1
2 A_2 87 0 2
1 A_3 89 0 3
3 B_0 92 0 4
3 B_1 95 0 5
2 B_2 97 0 6
1 B_3 98 0 7
1 B_4 99 0 8
5 A_4 104 0 9
3 A_5 107 0 10
2 A_6 109 0 11
1 A_7 110 0 12
2 A_8 112 0 13
1 A_9 113 0 14
4 B_5 117 0 15
2 B_6 119 0 16
1 B_7 120 0 17
2 B_8 122 0 18
4 B_9 126 0 19
4 B_10 130 0 20
2 B_11 132 0 21
1 B_12 133 0 22
2 B_13 135 0 23
3 B_14 138 0 24
2 B_15 140 0 25
4 B_16 144 0 26
1 B_17 145 0 27
2 B_18 147 0 28
3 B_19 150 0 29
1 B_20 151 0 30
2 B_21 153 0 31
1 B_22 154 0 32
4 B_23 158 0 33
1 B_24 159 0 34
4 B_25 163 0 35
4 B_26 167 0 36
1 B_27 168 0 37
3 B_28 171 0 38
3 B_29 174 0 39
3 A_10 177 0 40
1 A_11 178 0 41
2 A_12 180 0 42
2 A_13 182 0 43
4 A_14 186 0 44
7 B_30 193 0 45
4 A_15 197 0 46
4 A_16 201 0 47
4 A_17 205 0 48
3 A_18 208 0 49
2 A_19 210 0 50
2 A_20 212 0 51
4 A_21 216 0 52
2 A_22 218 0 53
2 A_23 220 0 54
4 A_24 224 0 55
4 A_25 228 0 56
2 A_26 230 0 57
2 A_27 232 0 58
2 A_28 234 0 59
2 A_29 236 0 60
3 A_30 239 0 61
4 A_31 243 0 62
3 A_32 246 0 63
2 A_33 248 0 64
4 A_34 252 0 65
4 A_35 256 0 66
2 A_36 258 0 67
4 B_31 262 0 68
1 B_32 263 0 69
2 B_33 265 0 70
3 B_34 268 0 71
3 B_35 271 0 72
2 B_36 273 0 73
1 B_37 274 0 74
1 B_38 275 0 75
1 B_39 276 0 76
3 A_37 279 0 77
4 A_38 283 0 78
4 A_39 287 0 79
dp: 287 117.19412499999996 0.04542088508605957
---------------------
in formation_2
pass
---------------------
in formation_3
pass
---------------------
in formation_4
pass
---------------------
in formation_5
pass
---------------------
in formation_6
pass
---------------------
in formation_7
pass
error in formulation  []
