3
0 A_0 82 0 0
2 A_1 84 0 1
4 A_2 88 0 2
4 A_3 92 0 3
4 A_4 96 0 4
5 A_5 101 0 5
3 B_0 104 0 6
2 B_1 106 0 7
3 B_2 109 0 8
2 B_3 111 0 9
2 B_4 113 0 10
4 A_6 117 0 11
4 A_7 121 0 12
2 A_8 123 0 13
5 A_9 128 0 14
1 A_10 129 0 15
1 A_11 130 0 16
4 A_12 134 0 17
4 A_13 138 0 18
4 A_14 142 0 19
1 A_15 143 0 20
1 A_16 144 0 21
4 A_17 148 0 22
2 A_18 150 0 23
5 B_5 155 0 24
4 A_19 159 0 25
4 B_6 163 0 26
4 B_7 167 0 27
3 B_8 170 0 28
4 A_20 174 0 29
6 A_21 180 0 30
2 A_22 182 0 31
3 B_9 185 0 32
1 B_10 186 0 33
6 B_11 192 0 34
1 B_12 193 0 35
1 B_13 194 0 36
3 B_14 197 0 37
4 B_15 201 0 38
3 B_16 204 0 39
3 A_23 207 0 40
5 A_24 212 0 41
2 A_25 214 0 42
2 A_26 216 0 43
1 A_27 217 0 44
2 A_28 219 0 45
4 A_29 223 0 46
3 A_30 226 0 47
3 B_17 229 0 48
3 B_18 232 0 49
6 B_19 238 0 50
6 B_20 244 0 51
2 B_21 246 0 52
4 B_22 250 0 53
1 B_23 251 0 54
1 B_24 252 0 55
2 B_25 254 0 56
2 B_26 256 0 57
1 B_27 257 0 58
3 B_28 260 0 59
4 B_29 264 0 60
2 B_30 266 0 61
1 B_31 267 0 62
4 B_32 271 0 63
1 B_33 272 0 64
3 A_31 275 0 65
1 A_32 276 0 66
4 B_34 280 0 67
4 B_35 284 0 68
4 B_36 288 0 69
4 B_37 292 0 70
4 B_38 296 0 71
4 A_33 300 0 72
1 A_34 301 0 73
5 A_35 306 0 74
6 A_36 312 0 75
5 B_39 317 0 76
3 A_37 320 0 77
1 A_38 321 0 78
5 A_39 326 0 79
nldp: 326
---------------------
in formation_2
pass
---------------------
in formation_3
pass
---------------------
in formation_4
pass
---------------------
in formation_5
pass
---------------------
in formation_6
pass
---------------------
in formation_7
pass
error in formulation  []
