0
0 B_0 81 0 0
6 A_0 87 0 1
3 A_1 90 0 2
3 A_2 93 0 3
3 A_3 96 0 4
6 B_1 102 0 5
5 A_4 107 0 6
6 B_2 113 0 7
4 A_5 117 0 8
3 B_3 120 0 9
4 B_4 124 0 10
5 A_6 129 0 11
3 A_7 132 0 12
4 A_8 136 0 13
2 A_9 138 0 14
4 A_10 142 0 15
4 B_5 146 0 16
7 A_11 153 0 17
1 A_12 154 0 18
2 A_13 156 0 19
4 B_6 160 0 20
3 A_14 163 0 21
6 B_7 169 0 22
4 A_15 173 0 23
2 A_16 175 0 24
4 B_8 179 0 25
4 B_9 183 0 26
3 A_17 186 0 27
5 B_10 191 0 28
1 B_11 192 0 29
2 B_12 194 0 30
2 B_13 196 0 31
6 A_18 202 0 32
4 A_19 206 0 33
7 B_14 213 0 34
1 B_15 214 0 35
3 B_16 217 0 36
2 B_17 219 0 37
1 B_18 220 0 38
1 B_19 221 0 39
No lane change: 221 130.61399999999998 6.079673767089844e-05
---------------------
in formation_2
pass
---------------------
in formation_3
pass
---------------------
in formation_4
pass
---------------------
in formation_5
pass
---------------------
in formation_6
pass
---------------------
in formation_7
pass
error in formulation  []
