1
0 B_0 81 0 0
3 A_0 84 1 1
3 A_1 87 1 2
3 A_2 90 1 3
3 A_3 93 1 4
4 B_1 97 0 5
2 A_4 99 1 6
3 B_2 102 0 7
1 A_5 103 1 8
3 B_3 106 1 9
4 B_4 110 1 10
3 A_6 113 0 11
3 A_7 116 0 12
4 A_8 120 0 13
2 A_9 122 0 14
4 A_10 126 0 15
2 B_5 128 1 16
4 A_11 132 0 17
1 A_12 133 0 18
2 A_13 135 0 19
1 B_6 136 1 20
3 A_14 139 1 21
3 B_7 142 0 22
2 A_15 144 1 23
2 A_16 146 1 24
2 B_8 148 0 25
4 B_9 152 0 26
3 A_17 155 0 27
2 B_10 157 1 28
1 B_11 158 1 29
2 B_12 160 1 30
2 B_13 162 1 31
3 A_18 165 0 32
4 A_19 169 0 33
4 B_14 173 1 34
1 B_15 174 1 35
3 B_16 177 1 36
2 B_17 179 1 37
1 B_18 180 1 38
1 B_19 181 1 39
greedy: 181 107.73899999999995 0.0002429485321044922
---------------------
in formation_2
pass
---------------------
in formation_3
pass
---------------------
in formation_4
pass
---------------------
in formation_5
pass
---------------------
in formation_6
pass
---------------------
in formation_7
pass
error in formulation  []
