2
[0, 0, 0, 0, 0, 0, 0, 0, 0, 0, 0, 0, 0, 0, 0, 2, 2, 2, 2, 2, 2, 2, 2, 2, 2, 2, 2, 2, 2, 2, 2, 2, 2, 2, 2, 0, 0, 0, 0, 0]
0 A_0 83 0 0
3 A_1 86 0 1
3 A_2 89 0 2
3 A_3 92 0 3
4 A_4 96 0 4
3 A_5 99 0 5
3 A_6 102 0 6
3 A_7 105 0 7
4 A_8 109 0 8
2 A_9 111 0 9
4 A_10 115 0 10
3 A_11 118 0 11
1 A_12 119 0 12
2 A_13 121 0 13
3 A_14 124 0 14
3 B_0 127 0 15
1 B_1 128 0 16
2 B_2 130 0 17
1 B_3 131 0 18
4 B_4 135 0 19
2 B_5 137 0 20
3 B_6 140 0 21
4 B_7 144 0 22
4 B_8 148 0 23
4 B_9 152 0 24
3 B_10 155 0 25
1 B_11 156 0 26
2 B_12 158 0 27
2 B_13 160 0 28
1 B_14 161 0 29
1 B_15 162 0 30
3 B_16 165 0 31
2 B_17 167 0 32
1 B_18 168 0 33
1 B_19 169 0 34
4 A_15 173 0 35
2 A_16 175 0 36
2 A_17 177 0 37
1 A_18 178 0 38
4 A_19 182 0 39
dp: 182 109.56399999999996 0.01941704750061035
---------------------
in formation_2
pass
---------------------
in formation_3
pass
---------------------
in formation_4
pass
---------------------
in formation_5
pass
---------------------
in formation_6
pass
---------------------
in formation_7
pass
error in formulation  []
