3
0 A_0 85 0 0
6 A_1 91 0 1
1 A_2 92 0 2
1 A_3 95 0 3
2 A_4 97 0 4
6 B_0 103 0 5
4 A_5 107 0 6
6 A_6 113 0 7
6 A_7 119 0 8
5 B_1 124 0 9
3 A_8 127 0 10
3 B_2 130 0 11
6 B_3 136 0 12
1 B_4 137 0 13
1 B_5 138 0 14
4 B_6 142 0 15
5 A_9 147 0 16
5 A_10 152 0 17
3 A_11 155 0 18
3 B_7 158 0 19
3 B_8 161 0 20
3 B_9 164 0 21
3 A_12 167 0 22
3 A_13 170 0 23
3 B_10 173 0 24
2 B_11 175 0 25
5 B_12 180 0 26
4 A_14 184 0 27
2 A_15 186 0 28
2 A_16 188 0 29
1 A_17 189 0 30
4 A_18 193 0 31
1 A_19 194 0 32
5 B_13 199 0 33
6 B_14 205 0 34
2 B_15 207 0 35
4 B_16 211 0 36
6 B_17 217 0 37
6 B_18 223 0 38
3 B_19 226 0 39
nldp: 226
---------------------
in formation_2
pass
---------------------
in formation_3
pass
---------------------
in formation_4
pass
---------------------
in formation_5
pass
---------------------
in formation_6
pass
---------------------
in formation_7
pass
error in formulation  []
