0
0 A_0 83 0 0
9 B_0 92 0 1
4 A_1 96 0 2
4 A_2 100 0 3
7 B_1 107 0 4
5 A_3 112 0 5
10 B_2 122 0 6
4 A_4 126 0 7
4 A_5 130 0 8
6 B_3 136 0 9
10 A_6 146 0 10
9 B_4 155 0 11
2 B_5 157 0 12
3 B_6 160 0 13
2 B_7 162 0 14
5 B_8 167 0 15
5 B_9 172 0 16
7 A_7 179 0 17
7 B_10 186 0 18
4 B_11 190 0 19
1 B_12 191 0 20
5 B_13 196 0 21
7 A_8 203 0 22
9 B_14 212 0 23
8 A_9 220 0 24
7 B_15 227 0 25
1 B_16 228 0 26
8 A_10 236 0 27
4 A_11 240 0 28
3 B_17 243 0 29
8 A_12 251 0 30
4 B_18 255 0 31
5 A_13 260 0 32
8 B_19 268 0 33
6 A_14 274 0 34
5 A_15 279 0 35
4 A_16 283 0 36
1 A_17 284 0 37
9 B_20 293 0 38
4 A_18 297 0 39
1 A_19 298 0 40
8 B_21 306 0 41
1 B_22 307 0 42
7 A_20 314 0 43
5 B_23 319 0 44
6 B_24 325 0 45
5 A_21 330 0 46
3 A_22 333 0 47
2 A_23 335 0 48
6 A_24 341 0 49
8 B_25 349 0 50
5 B_26 354 0 51
9 A_25 363 0 52
3 A_26 366 0 53
3 A_27 369 0 54
4 A_28 373 0 55
5 A_29 378 0 56
5 A_30 383 0 57
5 A_31 388 0 58
3 B_27 391 0 59
2 B_28 393 0 60
3 A_32 396 0 61
1 A_33 397 0 62
5 B_29 402 0 63
4 B_30 406 0 64
6 A_34 412 0 65
3 B_31 415 0 66
8 A_35 423 0 67
7 B_32 430 0 68
2 B_33 432 0 69
5 B_34 437 0 70
9 A_36 446 0 71
1 A_37 447 0 72
6 A_38 453 0 73
5 B_35 458 0 74
2 B_36 460 0 75
7 A_39 467 0 76
8 B_37 475 0 77
4 B_38 479 0 78
4 B_39 483 0 79
No lane change: 483
---------------------
in formation_2
pass
---------------------
in formation_3
pass
---------------------
in formation_4
pass
---------------------
in formation_5
pass
---------------------
in formation_6
pass
---------------------
in formation_7
pass
error in formulation  []
