1
0 A_0 81 0 0
4 A_1 85 0 1
1 A_2 86 0 2
3 B_0 89 1 3
3 B_1 92 1 4
4 B_2 96 1 5
1 A_3 97 0 6
1 B_3 98 1 7
3 B_4 101 1 8
3 A_4 104 0 9
1 B_5 105 1 10
2 B_6 107 1 11
4 B_7 111 1 12
3 B_8 114 1 13
3 B_9 117 1 14
3 B_10 120 1 15
2 A_5 122 0 16
3 B_11 125 1 17
3 A_6 128 1 18
3 B_12 131 0 19
3 B_13 134 0 20
3 A_7 137 0 21
4 B_14 141 1 22
1 B_15 142 1 23
2 B_16 144 1 24
3 B_17 147 1 25
4 A_8 151 0 26
4 B_18 155 1 27
4 A_9 159 0 28
2 B_19 161 1 29
4 B_20 165 1 30
3 A_10 168 1 31
4 B_21 172 0 32
3 A_11 175 0 33
3 B_22 178 0 34
2 A_12 180 1 35
3 A_13 183 1 36
2 B_23 185 0 37
2 B_24 187 0 38
1 B_25 188 0 39
2 B_26 190 0 40
1 A_14 191 1 41
2 B_27 193 0 42
3 A_15 196 1 43
3 A_16 199 1 44
4 B_28 203 0 45
3 A_17 206 1 46
2 A_18 208 1 47
4 A_19 212 1 48
3 A_20 215 1 49
2 B_29 217 0 50
3 A_21 220 1 51
2 B_30 222 0 52
2 A_22 224 1 53
2 B_31 226 0 54
2 A_23 228 1 55
4 A_24 232 1 56
3 A_25 235 1 57
2 A_26 237 1 58
4 B_32 241 0 59
3 A_27 244 1 60
3 A_28 247 1 61
3 B_33 250 0 62
3 A_29 253 1 63
3 B_34 256 1 64
3 B_35 259 1 65
1 B_36 260 1 66
3 B_37 263 1 67
3 A_30 266 0 68
3 A_31 269 0 69
1 A_32 270 0 70
1 B_38 271 1 71
1 B_39 272 1 72
2 A_33 274 0 73
1 A_34 275 0 74
2 A_35 277 0 75
1 A_36 278 0 76
2 A_37 280 0 77
1 A_38 281 0 78
3 A_39 284 0 79
greedy: 284 134.02962499999995 0.0006699562072753906
---------------------
in formation_2
pass
---------------------
in formation_3
pass
---------------------
in formation_4
pass
---------------------
in formation_5
pass
---------------------
in formation_6
pass
---------------------
in formation_7
pass
error in formulation  []
