2
[2, 2, 2, 2, 1, 2, 2, 2, 2, 2, 0, 0, 0, 0, 0, 0, 0, 3, 3, 0, 0, 3, 0, 0, 0, 3, 0, 0, 2, 2, 2, 2, 1, 0, 0, 3, 0, 0, 0, 0, 0, 0, 3, 0, 0, 0, 0, 2, 2, 2, 2, 2, 1, 2, 1, 2, 1, 2, 1, 2, 2, 0, 0, 3, 2, 2, 0, 2, 2, 1, 2, 2, 2, 2, 0, 0, 3, 3, 0, 0]
0 B_0 84 0 0
5 B_1 89 0 1
3 B_2 92 0 2
2 B_3 94 0 3
2 A_0 96 1 4
5 B_4 101 0 5
2 B_5 103 0 6
3 B_6 106 0 7
2 B_7 108 0 8
5 B_8 113 0 9
3 A_1 116 0 10
4 A_2 120 0 11
2 A_3 122 0 12
1 A_4 123 0 13
4 A_5 127 0 14
4 A_6 131 0 15
1 A_7 132 0 16
3 B_9 135 1 17
4 B_10 139 1 18
2 A_8 141 0 19
2 A_9 143 0 20
3 B_11 146 1 21
3 A_10 149 0 22
4 A_11 153 0 23
3 A_12 156 0 24
4 B_12 160 1 25
3 A_13 163 0 26
3 A_14 166 0 27
8 B_13 174 0 28
3 B_14 177 0 29
1 B_15 178 0 30
1 B_16 179 0 31
3 A_15 182 1 32
6 A_16 188 0 33
1 A_17 189 0 34
1 B_17 190 1 35
4 A_18 194 0 36
1 A_19 195 0 37
4 A_20 199 0 38
2 A_21 201 0 39
3 A_22 204 0 40
2 A_23 206 0 41
4 B_18 210 1 42
3 A_24 213 0 43
1 A_25 214 0 44
3 A_26 217 0 45
3 A_27 220 0 46
4 B_19 224 0 47
2 B_20 226 0 48
3 B_21 229 0 49
1 B_22 230 0 50
2 B_23 232 0 51
5 A_28 237 1 52
5 B_24 242 0 53
1 A_29 243 1 54
2 B_25 245 0 55
2 A_30 247 1 56
4 B_26 251 0 57
4 A_31 255 1 58
1 B_27 256 0 59
2 B_28 258 0 60
3 A_32 261 0 61
1 A_33 262 0 62
3 B_29 265 1 63
6 B_30 271 0 64
2 B_31 273 0 65
3 A_34 276 0 66
9 B_32 285 0 67
2 B_33 287 0 68
4 A_35 291 1 69
4 B_34 295 0 70
1 B_35 296 0 71
2 B_36 298 0 72
1 B_37 299 0 73
5 A_36 304 0 74
1 A_37 305 0 75
6 B_38 311 1 76
4 B_39 315 1 77
3 A_38 318 0 78
1 A_39 319 0 79
dp: 319
---------------------
in formation_2
pass
---------------------
in formation_3
pass
---------------------
in formation_4
pass
---------------------
in formation_5
pass
---------------------
in formation_6
pass
---------------------
in formation_7
pass
error in formulation  []
