3
0 A_0 81 0 0
5 B_0 86 0 1
3 B_1 89 0 2
3 A_1 92 0 3
1 A_2 93 0 4
2 A_3 95 0 5
2 A_4 97 0 6
3 A_5 100 0 7
2 A_6 102 0 8
3 B_2 105 0 9
1 B_3 106 0 10
3 B_4 109 0 11
3 B_5 112 0 12
2 B_6 114 0 13
3 A_7 117 0 14
4 B_7 121 0 15
3 B_8 124 0 16
3 B_9 127 0 17
3 B_10 130 0 18
3 B_11 133 0 19
3 A_8 136 0 20
1 A_9 137 0 21
3 A_10 140 0 22
2 A_11 142 0 23
3 A_12 145 0 24
3 B_12 148 0 25
3 B_13 151 0 26
3 A_13 154 0 27
3 A_14 157 0 28
3 A_15 160 0 29
3 A_16 163 0 30
1 A_17 164 0 31
2 A_18 166 0 32
4 B_14 170 0 33
1 B_15 171 0 34
2 B_16 173 0 35
3 B_17 176 0 36
2 B_18 178 0 37
1 B_19 179 0 38
4 B_20 183 0 39
2 B_21 185 0 40
3 B_22 188 0 41
3 B_23 191 0 42
2 B_24 193 0 43
1 B_25 194 0 44
2 B_26 196 0 45
1 B_27 197 0 46
4 B_28 201 0 47
2 B_29 203 0 48
2 B_30 205 0 49
1 B_31 206 0 50
1 B_32 207 0 51
4 B_33 211 0 52
3 B_34 214 0 53
3 B_35 217 0 54
1 B_36 218 0 55
3 B_37 221 0 56
2 B_38 223 0 57
1 B_39 224 0 58
3 A_19 227 0 59
3 A_20 230 0 60
4 A_21 234 0 61
4 A_22 238 0 62
3 A_23 241 0 63
4 A_24 245 0 64
3 A_25 248 0 65
2 A_26 250 0 66
2 A_27 252 0 67
3 A_28 255 0 68
1 A_29 256 0 69
1 A_30 257 0 70
3 A_31 260 0 71
1 A_32 261 0 72
3 A_33 264 0 73
1 A_34 265 0 74
2 A_35 267 0 75
1 A_36 268 0 76
2 A_37 270 0 77
1 A_38 271 0 78
3 A_39 274 0 79
nldp: 274 128.62962499999992 0.015952110290527344
---------------------
in formation_2
pass
---------------------
in formation_3
pass
---------------------
in formation_4
pass
---------------------
in formation_5
pass
---------------------
in formation_6
pass
---------------------
in formation_7
pass
error in formulation  []
