0
0 B_0 84 0 0
2 B_1 86 0 1
4 B_2 94 0 2
7 A_0 101 0 3
7 B_3 108 0 4
1 B_4 109 0 5
4 A_1 113 0 6
4 A_2 117 0 7
7 B_5 124 0 8
6 A_3 130 0 9
4 B_6 134 0 10
7 A_4 141 0 11
7 B_7 148 0 12
4 A_5 152 0 13
4 A_6 156 0 14
3 A_7 159 0 15
1 A_8 160 0 16
5 B_8 165 0 17
7 A_9 172 0 18
4 B_9 176 0 19
3 B_10 179 0 20
6 A_10 185 0 21
5 B_11 190 0 22
4 B_12 194 0 23
5 A_11 199 0 24
3 A_12 202 0 25
4 A_13 206 0 26
1 A_14 207 0 27
6 B_13 213 0 28
4 B_14 217 0 29
2 B_15 219 0 30
3 A_15 222 0 31
6 B_16 228 0 32
6 A_16 234 0 33
6 B_17 240 0 34
2 B_18 242 0 35
3 A_17 245 0 36
7 B_19 252 0 37
4 A_18 256 0 38
4 A_19 260 0 39
No lane change: 260 135.83975 7.081031799316406e-05
---------------------
in formation_2
pass
---------------------
in formation_3
pass
---------------------
in formation_4
pass
---------------------
in formation_5
pass
---------------------
in formation_6
pass
---------------------
in formation_7
pass
error in formulation  []
