1
0 A_0 81 0 0
6 B_0 87 1 1
3 A_1 90 1 2
2 B_1 93 0 3
3 A_2 96 0 4
6 A_3 102 0 5
3 A_4 105 0 6
5 B_2 110 1 7
6 B_3 116 1 8
2 A_5 118 0 9
5 B_4 123 1 10
6 A_6 129 0 11
6 B_5 135 1 12
5 B_6 140 1 13
1 B_7 141 1 14
6 B_8 147 1 15
5 A_7 152 0 16
6 A_8 158 0 17
2 B_9 160 1 18
6 B_10 166 1 19
2 B_11 168 1 20
1 A_9 169 0 21
6 B_12 175 1 22
6 A_10 181 0 23
3 B_13 184 1 24
2 A_11 186 0 25
2 A_12 188 0 26
6 A_13 194 0 27
3 B_14 197 1 28
3 B_15 200 1 29
6 B_16 206 1 30
1 B_17 207 1 31
3 B_18 210 1 32
1 A_14 211 0 33
5 B_19 216 1 34
6 A_15 222 0 35
2 A_16 224 0 36
1 A_17 225 0 37
3 A_18 228 0 38
4 A_19 232 0 39
greedy: 232
---------------------
in formation_2
pass
---------------------
in formation_3
pass
---------------------
in formation_4
pass
---------------------
in formation_5
pass
---------------------
in formation_6
pass
---------------------
in formation_7
pass
error in formulation  []
