2
[0, 0, 0, 2, 2, 2, 1, 2, 2, 1, 2, 1, 1, 2, 2, 1, 2, 2, 1, 2, 2, 2, 2, 2, 0, 0, 0, 0, 2, 2, 2, 2, 2, 0, 0, 0, 0, 0, 0, 0]
0 A_0 81 0 0
3 A_1 84 0 1
1 A_2 85 0 2
4 B_0 89 0 3
5 B_1 94 0 4
3 B_2 97 0 5
4 A_3 101 1 6
1 B_3 102 0 7
4 B_4 106 0 8
4 A_4 110 1 9
2 B_5 112 0 10
1 A_5 113 1 11
4 A_6 117 1 12
2 B_6 119 0 13
1 B_7 120 0 14
3 A_7 123 1 15
5 B_8 128 0 16
2 B_9 130 0 17
2 A_8 132 1 18
6 B_10 138 0 19
2 B_11 140 0 20
3 B_12 143 0 21
2 B_13 145 0 22
5 B_14 150 0 23
4 A_9 154 0 24
1 A_10 155 0 25
3 A_11 158 0 26
2 A_12 160 0 27
9 B_15 169 0 28
6 B_16 175 0 29
1 B_17 176 0 30
3 B_18 179 0 31
2 B_19 181 0 32
4 A_13 185 0 33
1 A_14 186 0 34
3 A_15 189 0 35
2 A_16 191 0 36
1 A_17 192 0 37
3 A_18 195 0 38
4 A_19 199 0 39
dp: 199
---------------------
in formation_2
pass
---------------------
in formation_3
pass
---------------------
in formation_4
pass
---------------------
in formation_5
pass
---------------------
in formation_6
pass
---------------------
in formation_7
pass
error in formulation  []
