3
0 A_0 98 0 0
3 B_0 101 0 1
2 B_1 103 0 2
4 B_2 107 0 3
2 B_3 109 0 4
1 B_4 110 0 5
3 B_5 113 0 6
3 B_6 116 0 7
1 B_7 117 0 8
2 B_8 119 0 9
4 B_9 123 0 10
3 B_10 126 0 11
1 B_11 127 0 12
4 A_1 131 0 13
4 A_2 135 0 14
2 A_3 137 0 15
2 A_4 139 0 16
1 A_5 140 0 17
4 A_6 144 0 18
3 A_7 147 0 19
1 A_8 148 0 20
3 B_12 151 0 21
4 B_13 155 0 22
4 B_14 159 0 23
2 B_15 161 0 24
1 B_16 162 0 25
1 B_17 163 0 26
2 B_18 165 0 27
2 B_19 167 0 28
4 A_9 171 0 29
3 A_10 174 0 30
3 A_11 177 0 31
3 A_12 180 0 32
4 A_13 184 0 33
1 A_14 185 0 34
1 A_15 186 0 35
1 A_16 187 0 36
2 A_17 189 0 37
2 A_18 191 0 38
4 A_19 195 0 39
nldp: 195 107.66474999999998 0.0040130615234375
---------------------
in formation_2
pass
---------------------
in formation_3
pass
---------------------
in formation_4
pass
---------------------
in formation_5
pass
---------------------
in formation_6
pass
---------------------
in formation_7
pass
error in formulation  []
