0
0 A_0 81 0 0
5 B_0 86 0 1
6 A_1 92 0 2
5 B_1 97 0 3
3 B_2 100 0 4
4 B_3 104 0 5
1 B_4 105 0 6
1 B_5 106 0 7
5 A_2 111 0 8
3 A_3 114 0 9
5 B_6 119 0 10
1 B_7 120 0 11
3 A_4 123 0 12
6 B_8 129 0 13
5 A_5 134 0 14
7 B_9 141 0 15
4 A_6 145 0 16
4 A_7 149 0 17
3 A_8 152 0 18
5 B_10 157 0 19
4 B_11 161 0 20
3 A_9 164 0 21
7 B_12 171 0 22
6 A_10 177 0 23
4 A_11 181 0 24
1 A_12 182 0 25
6 B_13 188 0 26
4 B_14 192 0 27
2 B_15 194 0 28
3 A_13 197 0 29
5 B_16 202 0 30
2 B_17 204 0 31
2 B_18 206 0 32
3 B_19 209 0 33
4 A_14 213 0 34
1 A_15 214 0 35
3 A_16 217 0 36
3 A_17 220 0 37
4 A_18 224 0 38
3 A_19 227 0 39
No lane change: 227 133.81300000000002 4.100799560546875e-05
---------------------
in formation_2
pass
---------------------
in formation_3
pass
---------------------
in formation_4
pass
---------------------
in formation_5
pass
---------------------
in formation_6
pass
---------------------
in formation_7
pass
error in formulation  []
