1
0 A_0 81 0 0
2 B_0 83 1 1
3 A_1 86 0 2
3 B_1 89 1 3
3 B_2 92 1 4
4 B_3 96 1 5
1 B_4 97 1 6
1 B_5 98 1 7
2 A_2 100 0 8
3 A_3 103 0 9
2 B_6 105 1 10
1 B_7 106 1 11
3 A_4 109 1 12
4 B_8 113 0 13
3 A_5 116 1 14
4 B_9 120 0 15
1 A_6 121 1 16
4 A_7 125 1 17
3 A_8 128 1 18
2 B_10 130 0 19
4 B_11 134 0 20
3 A_9 137 0 21
4 B_12 141 1 22
3 A_10 144 0 23
4 A_11 148 0 24
1 A_12 149 0 25
4 B_13 153 1 26
4 B_14 157 1 27
2 B_15 159 1 28
3 A_13 162 1 29
2 B_16 164 0 30
2 B_17 166 0 31
2 B_18 168 0 32
3 B_19 171 0 33
2 A_14 173 1 34
1 A_15 174 1 35
3 A_16 177 1 36
3 A_17 180 1 37
4 A_18 184 1 38
3 A_19 187 1 39
greedy: 187 109.26299999999996 0.0002548694610595703
---------------------
in formation_2
pass
---------------------
in formation_3
pass
---------------------
in formation_4
pass
---------------------
in formation_5
pass
---------------------
in formation_6
pass
---------------------
in formation_7
pass
error in formulation  []
