2
[0, 0, 3, 0, 0, 3, 0, 0, 3, 0, 0, 0, 0, 2, 2, 2, 1, 3, 0, 0, 3, 1, 2, 2, 2, 2, 2, 1, 1, 2, 2, 2, 2, 1, 2, 2, 0, 0, 3, 0]
0 A_0 82 0 0
3 A_1 85 0 1
4 B_0 89 1 2
6 A_2 95 0 3
2 A_3 97 0 4
1 B_1 98 1 5
1 A_4 102 0 6
1 A_5 103 0 7
2 B_2 107 1 8
5 A_6 112 0 9
4 A_7 116 0 10
4 A_8 120 0 11
1 A_9 121 0 12
4 B_3 125 0 13
3 B_4 128 0 14
2 B_5 130 0 15
1 A_10 131 1 16
4 B_6 135 1 17
2 A_11 137 0 18
2 A_12 139 0 19
3 B_7 142 1 20
3 A_13 145 1 21
3 B_8 148 0 22
4 B_9 152 0 23
2 B_10 154 0 24
4 B_11 158 0 25
3 B_12 161 0 26
3 A_14 164 1 27
4 A_15 168 1 28
3 B_13 171 0 29
4 B_14 175 0 30
1 B_15 176 0 31
6 B_16 182 0 32
5 A_16 187 1 33
4 B_17 191 0 34
3 B_18 194 0 35
4 A_17 198 0 36
1 A_18 199 0 37
2 B_19 201 1 38
5 A_19 206 0 39
dp: 206
---------------------
in formation_2
pass
---------------------
in formation_3
pass
---------------------
in formation_4
pass
---------------------
in formation_5
pass
---------------------
in formation_6
pass
---------------------
in formation_7
pass
error in formulation  []
