3
0 A_0 82 0 0
3 A_1 85 0 1
6 B_0 91 0 2
6 B_1 97 0 3
5 B_2 102 0 4
3 B_3 105 0 5
3 B_4 108 0 6
2 B_5 110 0 7
3 B_6 113 0 8
5 A_2 118 0 9
2 A_3 120 0 10
5 B_7 125 0 11
4 A_4 129 0 12
1 A_5 130 0 13
4 B_8 134 0 14
4 B_9 138 0 15
2 B_10 140 0 16
4 B_11 144 0 17
3 B_12 147 0 18
5 A_6 152 0 19
4 A_7 156 0 20
4 A_8 160 0 21
1 A_9 161 0 22
4 B_13 165 0 23
4 B_14 169 0 24
1 B_15 170 0 25
4 A_10 174 0 26
6 A_11 180 0 27
2 A_12 182 0 28
4 A_13 186 0 29
6 A_14 192 0 30
4 A_15 196 0 31
5 A_16 201 0 32
4 A_17 205 0 33
1 A_18 206 0 34
5 A_19 211 0 35
5 B_16 216 0 36
6 B_17 222 0 37
3 B_18 225 0 38
6 B_19 231 0 39
nldp: 231
---------------------
in formation_2
pass
---------------------
in formation_3
pass
---------------------
in formation_4
pass
---------------------
in formation_5
pass
---------------------
in formation_6
pass
---------------------
in formation_7
pass
error in formulation  []
