0
0 A_0 81 0 0
4 B_0 85 0 1
4 A_1 89 0 2
4 A_2 93 0 3
2 A_3 95 0 4
4 B_1 99 0 5
7 A_4 106 0 6
3 A_5 109 0 7
2 A_6 111 0 8
6 B_2 117 0 9
4 A_7 121 0 10
6 B_3 127 0 11
1 B_4 128 0 12
6 A_8 134 0 13
2 A_9 136 0 14
3 A_10 139 0 15
3 B_5 142 0 16
7 A_11 149 0 17
6 B_6 155 0 18
6 A_12 161 0 19
2 A_13 163 0 20
4 B_7 167 0 21
6 A_14 173 0 22
6 B_8 179 0 23
4 A_15 183 0 24
1 A_16 184 0 25
4 B_9 188 0 26
4 A_17 192 0 27
4 B_10 196 0 28
4 B_11 200 0 29
3 B_12 203 0 30
6 A_18 209 0 31
3 A_19 212 0 32
6 B_13 218 0 33
5 A_20 223 0 34
4 A_21 227 0 35
7 B_14 234 0 36
4 B_15 238 0 37
3 B_16 241 0 38
6 A_22 247 0 39
6 B_17 253 0 40
4 A_23 257 0 41
5 B_18 262 0 42
6 A_24 268 0 43
6 B_19 274 0 44
6 A_25 280 0 45
1 A_26 281 0 46
7 B_20 288 0 47
4 A_27 292 0 48
5 B_21 297 0 49
5 A_28 302 0 50
2 A_29 304 0 51
2 A_30 306 0 52
1 A_31 307 0 53
4 A_32 311 0 54
4 B_22 315 0 55
4 B_23 319 0 56
3 B_24 322 0 57
6 A_33 328 0 58
2 A_34 330 0 59
1 A_35 331 0 60
7 B_25 338 0 61
5 A_36 343 0 62
5 B_26 348 0 63
4 B_27 352 0 64
4 B_28 356 0 65
1 B_29 357 0 66
2 B_30 359 0 67
5 A_37 364 0 68
6 B_31 370 0 69
5 A_38 375 0 70
3 B_32 378 0 71
5 A_39 383 0 72
1 A_40 384 0 73
7 B_33 391 0 74
5 A_41 396 0 75
1 A_42 397 0 76
6 B_34 403 0 77
3 B_35 406 0 78
6 A_43 412 0 79
4 B_36 416 0 80
3 B_37 419 0 81
4 A_44 423 0 82
6 B_38 429 0 83
1 B_39 430 0 84
3 B_40 433 0 85
4 A_45 437 0 86
3 B_41 440 0 87
6 A_46 446 0 88
5 B_42 451 0 89
5 A_47 456 0 90
3 A_48 459 0 91
3 B_43 462 0 92
4 B_44 466 0 93
1 B_45 467 0 94
7 A_49 474 0 95
5 B_46 479 0 96
1 B_47 480 0 97
6 A_50 486 0 98
4 B_48 490 0 99
6 A_51 496 0 100
1 A_52 497 0 101
2 A_53 499 0 102
4 B_49 503 0 103
2 B_50 505 0 104
5 A_54 510 0 105
1 A_55 511 0 106
7 B_51 518 0 107
5 A_56 523 0 108
3 B_52 526 0 109
3 A_57 529 0 110
5 B_53 534 0 111
1 B_54 535 0 112
6 A_58 541 0 113
1 A_59 542 0 114
5 B_55 547 0 115
2 B_56 549 0 116
2 B_57 551 0 117
2 B_58 553 0 118
4 B_59 557 0 119
No lane change: 557 248.44758333333323 0.000408172607421875
---------------------
in formation_2
pass
---------------------
in formation_3
pass
---------------------
in formation_4
pass
---------------------
in formation_5
pass
---------------------
in formation_6
pass
---------------------
in formation_7
pass
error in formulation  []
