1
0 A_0 81 0 0
2 B_0 83 1 1
1 A_1 85 0 2
4 A_2 89 0 3
2 A_3 91 0 4
1 B_1 92 1 5
4 A_4 96 0 6
3 A_5 99 0 7
2 A_6 101 0 8
4 B_2 105 1 9
1 A_7 106 0 10
3 B_3 109 1 11
1 B_4 110 1 12
3 A_8 113 0 13
2 A_9 115 0 14
3 A_10 118 0 15
3 B_5 121 0 16
4 A_11 125 1 17
3 B_6 128 0 18
4 A_12 132 1 19
2 A_13 134 1 20
2 B_7 136 0 21
4 A_14 140 1 22
4 B_8 144 0 23
1 A_15 145 1 24
1 A_16 146 1 25
1 B_9 147 0 26
1 A_17 148 1 27
2 B_10 150 0 28
4 B_11 154 0 29
3 B_12 157 0 30
3 A_18 160 1 31
3 A_19 163 1 32
3 B_13 166 0 33
2 A_20 168 1 34
4 A_21 172 1 35
4 B_14 176 0 36
4 B_15 180 0 37
3 B_16 183 0 38
3 A_22 186 1 39
4 B_17 190 0 40
1 A_23 191 1 41
3 B_18 194 0 42
3 A_24 197 1 43
3 B_19 200 0 44
4 A_25 204 1 45
1 A_26 205 1 46
4 B_20 209 0 47
2 A_27 211 1 48
3 B_21 214 0 49
2 A_28 216 1 50
2 A_29 218 1 51
2 A_30 220 1 52
1 A_31 221 1 53
4 A_32 225 1 54
2 B_22 227 0 55
4 B_23 231 0 56
3 B_24 234 0 57
3 A_33 237 1 58
2 A_34 239 1 59
1 A_35 240 1 60
4 B_25 244 0 61
3 A_36 247 1 62
2 B_26 249 0 63
4 B_27 253 0 64
4 B_28 257 0 65
1 B_29 258 0 66
2 B_30 260 0 67
3 A_37 263 1 68
3 B_31 266 0 69
2 A_38 268 1 70
3 B_32 271 1 71
2 A_39 273 0 72
1 A_40 274 0 73
4 B_33 278 1 74
2 A_41 280 0 75
1 A_42 281 0 76
4 B_34 285 1 77
3 B_35 288 1 78
3 A_43 291 0 79
2 B_36 293 1 80
3 B_37 296 1 81
1 A_44 297 0 82
3 B_38 300 1 83
1 B_39 301 1 84
3 B_40 304 1 85
1 A_45 305 0 86
3 B_41 308 0 87
3 A_46 311 1 88
3 B_42 314 0 89
2 A_47 316 1 90
3 A_48 319 1 91
3 B_43 322 1 92
4 B_44 326 1 93
1 B_45 327 1 94
4 A_49 331 0 95
2 B_46 333 1 96
1 B_47 334 1 97
4 A_50 338 0 98
2 B_48 340 1 99
3 A_51 343 0 100
1 A_52 344 0 101
2 A_53 346 0 102
2 B_49 348 1 103
2 B_50 350 1 104
2 A_54 352 0 105
1 A_55 353 0 106
4 B_51 357 1 107
2 A_56 359 0 108
3 B_52 362 0 109
3 A_57 365 0 110
2 B_53 367 1 111
1 B_54 368 1 112
4 A_58 372 0 113
1 A_59 373 0 114
3 B_55 376 1 115
2 B_56 378 1 116
2 B_57 380 1 117
2 B_58 382 1 118
4 B_59 386 1 119
greedy: 386 157.42258333333336 0.0011126995086669922
---------------------
in formation_2
pass
---------------------
in formation_3
pass
---------------------
in formation_4
pass
---------------------
in formation_5
pass
---------------------
in formation_6
pass
---------------------
in formation_7
pass
error in formulation  []
