2
[2, 1, 2, 2, 1, 2, 2, 2, 1, 2, 2, 0, 0, 3, 0, 3, 0, 0, 0, 0, 3, 0, 0, 3, 0, 3, 1, 2, 2, 2, 1, 2, 2, 2, 2, 2, 2, 2, 2, 2, 2, 2, 2, 1, 2, 2, 2, 2, 2, 1, 2, 2, 2, 2, 2, 2, 2, 3, 0, 0, 0, 0, 3, 0, 3, 0, 0, 0, 0, 3, 0, 3, 3, 0, 0, 0, 0, 0, 0, 0, 0, 0, 0, 0, 3, 0, 0, 0, 0, 3, 0, 0, 0, 3, 1, 2, 2, 2, 2, 2, 2, 0, 0, 0, 0, 2, 2, 2, 1, 1, 2, 0, 0, 0, 0, 0, 0, 0, 3, 0]
0 B_0 82 0 0
3 A_0 86 1 1
4 B_1 90 0 2
3 B_2 93 0 3
3 A_1 96 1 4
2 B_3 99 0 5
2 B_4 101 0 6
2 B_5 103 0 7
4 A_2 107 1 8
3 B_6 110 0 9
4 B_7 114 0 10
4 A_3 118 0 11
1 A_4 119 0 12
4 B_8 123 1 13
3 A_5 126 0 14
2 B_9 128 1 15
1 A_6 129 0 16
2 A_7 131 0 17
2 A_8 133 0 18
1 A_9 134 0 19
2 B_10 136 1 20
4 A_10 140 0 21
2 A_11 142 0 22
1 B_11 143 1 23
3 A_12 147 0 24
1 B_12 151 1 25
4 A_13 155 1 26
4 B_13 159 0 27
3 B_14 162 0 28
1 B_15 163 0 29
3 A_14 166 1 30
3 B_16 169 0 31
3 B_17 172 0 32
5 B_18 177 0 33
4 B_19 181 0 34
2 B_20 183 0 35
4 B_21 187 0 36
1 B_22 188 0 37
5 B_23 193 0 38
1 B_24 194 0 39
2 B_25 196 0 40
5 B_26 201 0 41
1 B_27 202 0 42
4 A_15 206 1 43
2 B_28 208 0 44
1 B_29 209 0 45
3 B_30 212 0 46
2 B_31 214 0 47
2 B_32 216 0 48
4 A_16 220 1 49
1 B_33 221 0 50
4 B_34 225 0 51
1 B_35 226 0 52
3 B_36 229 0 53
4 B_37 233 0 54
2 B_38 235 0 55
4 B_39 239 0 56
3 B_40 242 1 57
1 A_17 243 0 58
3 A_18 246 0 59
2 A_19 248 0 60
2 A_20 250 0 61
2 B_41 252 1 62
1 A_21 253 0 63
2 B_42 255 1 64
1 A_22 256 0 65
3 A_23 259 0 66
2 A_24 261 0 67
4 A_25 265 0 68
5 B_43 270 1 69
3 A_26 273 0 70
2 B_44 275 1 71
4 B_45 279 1 72
1 A_27 280 0 73
1 A_28 281 0 74
4 A_29 285 0 75
1 A_30 286 0 76
4 A_31 290 0 77
3 A_32 293 0 78
4 A_33 297 0 79
3 A_34 300 0 80
3 A_35 303 0 81
3 A_36 306 0 82
2 A_37 308 0 83
3 B_46 311 1 84
3 A_38 314 0 85
5 A_39 319 0 86
2 A_40 321 0 87
4 A_41 325 0 88
5 B_47 330 1 89
2 A_42 332 0 90
4 A_43 336 0 91
2 A_44 338 0 92
3 B_48 341 1 93
3 A_45 344 1 94
2 B_49 346 0 95
2 B_50 348 0 96
3 B_51 351 0 97
4 B_52 355 0 98
2 B_53 357 0 99
5 B_54 362 0 100
3 A_46 365 0 101
4 A_47 369 0 102
3 A_48 372 0 103
3 A_49 375 0 104
5 B_55 380 0 105
1 B_56 381 0 106
4 B_57 385 0 107
4 A_50 389 1 108
4 A_51 393 1 109
3 B_58 396 0 110
4 A_52 400 0 111
1 A_53 401 0 112
5 A_54 406 0 113
3 A_55 409 0 114
2 A_56 411 0 115
4 A_57 415 0 116
3 A_58 418 0 117
4 B_59 422 1 118
4 A_59 426 0 119
dp: 426
---------------------
in formation_2
pass
---------------------
in formation_3
pass
---------------------
in formation_4
pass
---------------------
in formation_5
pass
---------------------
in formation_6
pass
---------------------
in formation_7
pass
error in formulation  []
