3
0 A_0 81 0 0
1 A_1 82 0 1
4 B_0 86 0 2
4 B_1 90 0 3
4 A_2 94 0 4
2 A_3 96 0 5
4 A_4 100 0 6
3 B_2 103 0 7
2 B_3 105 0 8
1 B_4 106 0 9
3 A_5 109 0 10
2 A_6 111 0 11
3 B_5 114 0 12
3 B_6 117 0 13
2 B_7 119 0 14
2 B_8 121 0 15
4 A_7 125 0 16
4 B_9 129 0 17
4 B_10 133 0 18
4 B_11 137 0 19
3 B_12 140 0 20
1 B_13 141 0 21
1 B_14 142 0 22
4 A_8 146 0 23
2 A_9 148 0 24
3 A_10 151 0 25
3 B_15 154 0 26
3 B_16 157 0 27
1 B_17 158 0 28
3 B_18 161 0 29
1 B_19 162 0 30
3 B_20 165 0 31
2 B_21 167 0 32
2 B_22 169 0 33
3 A_11 172 0 34
2 A_12 174 0 35
2 A_13 176 0 36
3 A_14 179 0 37
1 A_15 180 0 38
1 A_16 181 0 39
2 A_17 183 0 40
3 A_18 186 0 41
3 A_19 189 0 42
4 A_20 193 0 43
4 A_21 197 0 44
1 A_22 198 0 45
3 A_23 201 0 46
3 B_23 204 0 47
3 B_24 207 0 48
3 B_25 210 0 49
2 B_26 212 0 50
4 B_27 216 0 51
4 B_28 220 0 52
1 B_29 221 0 53
2 B_30 223 0 54
3 B_31 226 0 55
3 B_32 229 0 56
1 B_33 230 0 57
1 B_34 231 0 58
3 A_24 234 0 59
3 A_25 237 0 60
1 A_26 238 0 61
1 A_27 239 0 62
1 A_28 240 0 63
2 A_29 242 0 64
2 A_30 244 0 65
1 A_31 245 0 66
4 A_32 249 0 67
1 A_33 250 0 68
2 A_34 252 0 69
1 A_35 253 0 70
2 A_36 255 0 71
3 B_35 258 0 72
4 B_36 262 0 73
3 B_37 265 0 74
3 A_37 268 0 75
4 B_38 272 0 76
1 B_39 273 0 77
3 B_40 276 0 78
3 A_38 279 0 79
3 B_41 282 0 80
4 B_42 286 0 81
3 A_39 289 0 82
1 A_40 290 0 83
4 B_43 294 0 84
4 B_44 298 0 85
1 B_45 299 0 86
3 B_46 302 0 87
1 B_47 303 0 88
2 B_48 305 0 89
4 B_49 309 0 90
2 B_50 311 0 91
3 B_51 314 0 92
3 B_52 317 0 93
1 B_53 318 0 94
1 B_54 319 0 95
2 B_55 321 0 96
2 B_56 323 0 97
2 B_57 325 0 98
2 B_58 327 0 99
3 A_41 330 0 100
1 A_42 331 0 101
4 A_43 335 0 102
4 A_44 339 0 103
1 A_45 340 0 104
1 A_46 341 0 105
3 A_47 344 0 106
3 A_48 347 0 107
2 A_49 349 0 108
1 A_50 350 0 109
2 A_51 352 0 110
1 A_52 353 0 111
2 A_53 355 0 112
3 A_54 358 0 113
1 A_55 359 0 114
1 A_56 360 0 115
4 A_57 364 0 116
1 A_58 365 0 117
1 A_59 366 0 118
3 B_59 369 0 119
nldp: 369 152.32258333333328 0.018555879592895508
---------------------
in formation_2
pass
---------------------
in formation_3
pass
---------------------
in formation_4
pass
---------------------
in formation_5
pass
---------------------
in formation_6
pass
---------------------
in formation_7
pass
error in formulation  []
