A_0 1.12 A 0 [6, 3, 4, 3, 2, 6, 5, 1, 2, 5, 3, 1, 3, 6, 6, 5, 5, 3, 4, 4, 4, 3, 5, 1, 1, 2, 2, 1, 5, 5, 4, 4, 4, 6, 2, 2, 2, 4, 4, 4] [7, 3, 4, 3, 2, 6, 7, 1, 3, 7, 5, 1, 5, 8, 6, 6, 6, 5, 6, 6, 6, 4, 5, 1, 2, 3, 2, 1, 7, 6, 4, 5, 4, 7, 4, 3, 2, 5, 5, 5]
A_1 3.18 A 1 [3, 2, 6, 6, 4, 2, 6, 3, 5, 2, 6, 5, 1, 4, 2, 4, 3, 5, 4, 6, 2, 4, 4, 4, 6, 1, 1, 6, 4, 2, 4, 4, 4, 5, 1, 1, 5, 2, 6, 6] [3, 4, 7, 7, 5, 2, 6, 3, 6, 3, 7, 7, 3, 6, 2, 5, 4, 6, 4, 7, 4, 4, 6, 5, 7, 2, 3, 7, 4, 4, 4, 5, 6, 5, 3, 2, 5, 4, 7, 8]
A_2 7.24 A 2 [4, 6, 2, 5, 2, 6, 2, 2, 1, 5, 4, 2, 4, 5, 2, 5, 4, 1, 4, 3, 2, 2, 5, 2, 1, 6, 6, 1, 2, 6, 4, 2, 1, 5, 6, 3, 2, 6, 4, 1] [4, 7, 4, 5, 3, 8, 4, 3, 1, 7, 6, 2, 4, 7, 2, 7, 5, 3, 4, 3, 3, 3, 6, 4, 1, 8, 7, 2, 2, 7, 5, 2, 1, 7, 8, 3, 4, 7, 6, 2]
A_3 9.35 A 3 [3, 6, 5, 3, 4, 2, 5, 4, 2, 4, 2, 2, 6, 6, 5, 2, 5, 6, 5, 6, 5, 2, 1, 2, 5, 6, 6, 4, 2, 6, 1, 4, 3, 2, 3, 1, 1, 4, 3, 5] [3, 7, 5, 4, 5, 3, 5, 5, 4, 6, 3, 2, 7, 8, 7, 3, 6, 7, 6, 6, 6, 3, 2, 2, 6, 8, 7, 4, 4, 6, 2, 4, 3, 3, 3, 3, 1, 5, 4, 7]
A_4 16.83 A 4 [2, 4, 2, 4, 5, 2, 6, 2, 6, 2, 5, 1, 3, 3, 4, 2, 6, 3, 2, 6, 6, 6, 6, 3, 1, 3, 6, 6, 6, 1, 4, 5, 5, 5, 3, 6, 6, 6, 3, 4] [2, 5, 3, 5, 7, 4, 8, 2, 8, 2, 6, 1, 3, 3, 4, 4, 6, 3, 2, 6, 8, 6, 8, 5, 1, 4, 7, 8, 6, 1, 6, 5, 6, 7, 5, 7, 6, 6, 3, 6]
A_5 20.799999999999997 A 5 [6, 2, 6, 2, 2, 6, 1, 2, 5, 6, 6, 3, 6, 3, 4, 6, 1, 1, 4, 4, 3, 4, 4, 5, 3, 3, 4, 4, 4, 5, 6, 2, 3, 1, 4, 1, 4, 3, 1, 1] [6, 2, 8, 3, 4, 7, 2, 3, 6, 8, 7, 4, 8, 3, 6, 6, 2, 2, 4, 4, 5, 6, 4, 7, 5, 4, 5, 6, 5, 6, 7, 3, 5, 3, 5, 3, 6, 4, 3, 1]
A_6 24.4 A 6 [5, 6, 2, 5, 6, 1, 6, 1, 6, 6, 5, 5, 2, 3, 2, 4, 1, 6, 1, 1, 3, 2, 4, 2, 4, 4, 3, 5, 2, 6, 5, 3, 1, 2, 2, 1, 1, 5, 2, 3] [7, 6, 4, 5, 8, 2, 6, 2, 7, 8, 6, 7, 3, 3, 2, 4, 1, 7, 1, 1, 3, 2, 5, 2, 6, 4, 4, 5, 4, 7, 5, 4, 2, 3, 4, 2, 3, 5, 4, 3]
A_7 26.759999999999998 A 7 [1, 3, 2, 4, 2, 2, 1, 3, 2, 1, 3, 2, 3, 1, 5, 5, 1, 4, 2, 6, 5, 1, 1, 1, 2, 4, 1, 1, 1, 1, 6, 1, 1, 6, 2, 4, 1, 6, 5, 4] [1, 3, 3, 5, 2, 3, 2, 5, 3, 3, 5, 4, 3, 1, 5, 6, 2, 4, 4, 6, 6, 1, 2, 2, 2, 5, 2, 2, 3, 2, 6, 2, 1, 6, 4, 4, 3, 7, 6, 4]
A_8 27.759999999999998 A 8 [2, 5, 1, 2, 6, 5, 6, 2, 3, 6, 4, 2, 4, 5, 6, 3, 5, 6, 1, 5, 6, 4, 3, 3, 3, 1, 2, 2, 1, 5, 4, 5, 4, 2, 6, 4, 6, 4, 4, 2] [3, 6, 1, 4, 8, 6, 7, 3, 5, 7, 6, 2, 6, 6, 7, 4, 6, 8, 1, 5, 8, 5, 3, 5, 5, 3, 4, 4, 2, 5, 5, 7, 6, 3, 8, 4, 7, 5, 6, 4]
A_9 32.03 A 9 [5, 2, 5, 4, 2, 6, 6, 1, 6, 1, 6, 2, 6, 1, 4, 2, 5, 5, 6, 3, 5, 4, 6, 5, 5, 5, 6, 6, 2, 6, 5, 6, 3, 4, 5, 1, 4, 1, 1, 6] [7, 3, 7, 6, 2, 8, 8, 3, 7, 2, 7, 2, 7, 1, 5, 2, 7, 5, 7, 3, 6, 6, 6, 5, 6, 7, 6, 6, 3, 6, 5, 8, 5, 6, 7, 2, 6, 2, 1, 6]
A_10 33.03 A 10 [3, 6, 4, 2, 5, 6, 5, 3, 4, 6, 5, 5, 1, 6, 2, 6, 3, 3, 3, 4, 3, 4, 1, 4, 1, 2, 3, 6, 4, 2, 1, 2, 2, 6, 4, 6, 6, 2, 5, 5] [5, 7, 6, 3, 6, 7, 6, 5, 6, 7, 5, 7, 2, 8, 3, 7, 4, 5, 4, 4, 5, 5, 1, 4, 2, 3, 4, 7, 4, 3, 3, 2, 2, 6, 5, 8, 8, 2, 7, 6]
A_11 37.2 A 11 [1, 5, 2, 2, 1, 3, 5, 2, 2, 2, 5, 5, 3, 1, 3, 4, 4, 1, 3, 4, 2, 3, 6, 6, 4, 2, 3, 5, 5, 1, 4, 3, 6, 4, 5, 4, 1, 3, 3, 6] [1, 7, 2, 2, 1, 4, 7, 4, 2, 2, 7, 7, 5, 3, 5, 6, 5, 1, 5, 5, 4, 5, 7, 6, 6, 4, 3, 5, 6, 1, 6, 4, 6, 5, 6, 5, 3, 5, 4, 8]
A_12 39.220000000000006 A 12 [3, 1, 4, 6, 3, 6, 2, 3, 4, 6, 1, 3, 2, 3, 4, 4, 3, 5, 5, 1, 4, 6, 4, 6, 3, 5, 4, 1, 3, 1, 2, 4, 6, 6, 5, 2, 2, 6, 1, 3] [5, 3, 4, 7, 3, 8, 3, 3, 6, 7, 2, 5, 2, 4, 4, 6, 5, 5, 5, 1, 6, 6, 6, 6, 4, 5, 6, 2, 3, 1, 4, 6, 7, 8, 5, 3, 2, 7, 2, 4]
A_13 40.7 A 13 [6, 4, 5, 6, 3, 3, 3, 1, 5, 1, 6, 1, 3, 3, 3, 1, 6, 1, 5, 1, 4, 4, 5, 5, 2, 2, 1, 1, 2, 3, 1, 2, 1, 4, 1, 4, 3, 3, 2, 4] [8, 6, 7, 8, 3, 3, 3, 1, 6, 1, 8, 3, 4, 3, 3, 1, 6, 1, 7, 1, 4, 4, 6, 7, 4, 2, 2, 3, 3, 4, 1, 4, 3, 4, 3, 4, 3, 4, 3, 5]
A_14 45.900000000000006 A 14 [6, 2, 2, 5, 4, 4, 2, 5, 6, 4, 2, 3, 4, 3, 4, 4, 4, 5, 6, 6, 4, 5, 2, 1, 2, 3, 2, 4, 1, 1, 5, 1, 3, 4, 1, 6, 3, 4, 4, 6] [6, 2, 2, 7, 4, 6, 2, 5, 7, 5, 3, 5, 4, 3, 6, 6, 5, 6, 6, 7, 5, 5, 4, 1, 3, 5, 3, 4, 2, 3, 5, 1, 5, 6, 3, 8, 3, 5, 6, 8]
A_15 47.120000000000005 A 15 [5, 4, 5, 2, 2, 6, 4, 5, 3, 2, 6, 4, 4, 1, 4, 3, 4, 4, 2, 5, 5, 2, 1, 3, 2, 6, 6, 3, 2, 3, 2, 4, 6, 4, 1, 5, 2, 4, 3, 2] [6, 5, 7, 3, 4, 6, 4, 6, 4, 2, 7, 6, 6, 1, 6, 3, 5, 5, 2, 5, 5, 2, 2, 4, 2, 8, 7, 5, 4, 4, 4, 4, 6, 4, 2, 6, 3, 6, 5, 2]
A_16 50.650000000000006 A 16 [5, 3, 4, 5, 6, 1, 1, 1, 5, 5, 3, 4, 3, 6, 4, 4, 1, 2, 5, 3, 6, 3, 5, 2, 3, 4, 5, 5, 3, 2, 4, 5, 2, 6, 3, 1, 3, 3, 3, 6] [6, 4, 5, 6, 6, 2, 1, 2, 6, 7, 4, 5, 5, 6, 5, 5, 1, 3, 5, 4, 8, 5, 5, 4, 3, 5, 6, 7, 4, 3, 6, 6, 2, 7, 4, 3, 5, 3, 3, 8]
A_17 55.410000000000004 A 17 [3, 5, 1, 6, 3, 1, 6, 4, 6, 5, 3, 1, 5, 1, 5, 4, 2, 6, 1, 5, 2, 2, 6, 1, 1, 4, 4, 1, 4, 1, 3, 2, 5, 2, 6, 3, 3, 4, 1, 5] [5, 6, 3, 7, 3, 2, 7, 4, 8, 5, 5, 1, 5, 1, 6, 5, 3, 8, 2, 7, 2, 2, 8, 3, 1, 6, 4, 2, 6, 2, 3, 2, 7, 4, 6, 5, 3, 6, 2, 6]
A_18 59.46 A 18 [4, 4, 4, 5, 2, 4, 1, 2, 1, 6, 3, 3, 5, 5, 6, 2, 5, 1, 1, 2, 2, 1, 2, 5, 6, 3, 6, 3, 5, 2, 5, 6, 6, 5, 1, 2, 6, 3, 5, 5] [6, 4, 4, 6, 2, 4, 1, 4, 1, 7, 4, 5, 5, 7, 6, 2, 5, 2, 1, 2, 2, 2, 3, 7, 7, 4, 8, 4, 5, 4, 7, 8, 7, 6, 2, 3, 6, 3, 6, 7]
A_19 69.07 A 19 [4, 6, 3, 6, 6, 4, 1, 6, 5, 3, 4, 4, 1, 1, 6, 5, 3, 5, 2, 3, 5, 1, 5, 3, 3, 5, 1, 5, 1, 3, 6, 1, 6, 4, 6, 6, 4, 2, 1, 1] [6, 7, 3, 6, 6, 4, 1, 6, 5, 3, 4, 5, 1, 1, 7, 5, 4, 7, 2, 5, 5, 2, 5, 4, 4, 7, 1, 5, 2, 5, 8, 2, 8, 6, 7, 7, 6, 3, 2, 1]
B_0 1 B 20 [4, 2, 2, 5, 6, 3, 3, 5, 6, 5, 3, 2, 4, 4, 4, 5, 6, 2, 2, 5, 6, 6, 6, 1, 1, 1, 2, 4, 4, 5, 4, 4, 1, 5, 6, 2, 3, 6, 1, 5] [6, 4, 3, 6, 8, 5, 3, 6, 8, 6, 5, 4, 6, 4, 5, 5, 8, 2, 2, 5, 7, 6, 8, 1, 2, 3, 2, 4, 4, 7, 4, 4, 2, 5, 8, 3, 4, 7, 1, 6]
B_1 2.09 B 21 [3, 4, 2, 2, 6, 4, 2, 1, 4, 4, 4, 3, 6, 4, 5, 2, 3, 2, 1, 1, 6, 2, 3, 1, 6, 3, 3, 6, 2, 5, 4, 1, 1, 4, 3, 1, 2, 5, 2, 1] [4, 4, 3, 3, 6, 6, 2, 1, 5, 6, 5, 5, 6, 4, 5, 2, 5, 2, 2, 2, 6, 4, 5, 2, 6, 4, 3, 7, 4, 7, 5, 3, 2, 4, 3, 3, 3, 6, 4, 2]
B_2 3.09 B 22 [5, 4, 5, 1, 6, 4, 4, 1, 3, 6, 1, 6, 4, 5, 2, 1, 5, 6, 2, 5, 6, 3, 6, 3, 1, 2, 2, 3, 5, 2, 1, 2, 1, 4, 6, 6, 6, 1, 3, 3] [5, 6, 6, 2, 8, 4, 5, 2, 3, 6, 1, 7, 6, 6, 4, 2, 5, 8, 3, 5, 8, 5, 8, 4, 2, 4, 4, 3, 6, 2, 3, 3, 2, 6, 6, 6, 6, 1, 4, 4]
B_3 7.109999999999999 B 23 [1, 4, 2, 2, 3, 5, 2, 1, 3, 5, 4, 6, 6, 5, 1, 3, 2, 1, 5, 3, 1, 1, 3, 6, 3, 1, 2, 4, 3, 5, 5, 2, 2, 6, 1, 4, 4, 3, 3, 6] [1, 5, 4, 2, 5, 7, 2, 2, 5, 5, 4, 6, 6, 7, 1, 4, 4, 3, 7, 4, 1, 2, 4, 6, 5, 2, 2, 4, 5, 5, 7, 3, 3, 7, 2, 6, 6, 5, 4, 6]
B_4 8.11 B 24 [1, 6, 1, 5, 1, 3, 4, 2, 3, 5, 1, 4, 3, 2, 2, 2, 3, 1, 6, 3, 1, 6, 1, 3, 4, 4, 1, 3, 3, 4, 5, 5, 1, 4, 4, 1, 6, 4, 1, 3] [2, 7, 1, 6, 1, 5, 6, 2, 5, 6, 2, 6, 4, 4, 3, 2, 3, 1, 7, 4, 2, 6, 2, 5, 4, 5, 2, 3, 5, 6, 5, 7, 2, 6, 5, 1, 8, 6, 2, 3]
B_5 9.11 B 25 [2, 1, 6, 6, 3, 3, 4, 4, 1, 5, 2, 2, 5, 2, 3, 6, 4, 4, 3, 5, 1, 3, 2, 1, 4, 4, 2, 1, 3, 1, 2, 1, 3, 6, 5, 1, 6, 2, 1, 6] [3, 2, 8, 8, 4, 4, 4, 5, 3, 7, 3, 4, 5, 2, 5, 8, 5, 6, 4, 7, 3, 4, 4, 2, 5, 4, 3, 2, 4, 1, 4, 3, 4, 7, 5, 3, 7, 4, 3, 8]
B_6 13.32 B 26 [2, 1, 6, 6, 6, 4, 3, 1, 2, 6, 3, 3, 4, 1, 2, 6, 5, 4, 6, 1, 2, 3, 2, 2, 1, 2, 3, 5, 4, 4, 5, 5, 1, 3, 4, 1, 5, 1, 2, 2] [2, 3, 7, 7, 7, 5, 4, 2, 4, 6, 4, 3, 6, 2, 3, 7, 6, 4, 8, 1, 2, 3, 4, 2, 2, 3, 3, 7, 6, 4, 5, 6, 2, 3, 5, 1, 5, 3, 3, 4]
B_7 15.120000000000001 B 27 [1, 6, 1, 4, 6, 4, 5, 1, 2, 6, 6, 5, 1, 1, 4, 3, 5, 1, 3, 5, 4, 6, 3, 4, 3, 1, 5, 3, 3, 3, 2, 4, 6, 4, 6, 2, 5, 3, 1, 6] [1, 7, 2, 4, 8, 6, 5, 2, 4, 6, 7, 5, 2, 3, 4, 5, 7, 2, 4, 5, 4, 7, 3, 4, 3, 2, 7, 4, 4, 5, 2, 4, 6, 6, 7, 3, 7, 5, 2, 6]
B_8 16.12 B 28 [5, 4, 2, 2, 6, 4, 2, 1, 1, 2, 4, 5, 3, 2, 1, 2, 3, 4, 5, 1, 4, 2, 5, 3, 3, 3, 4, 3, 6, 2, 6, 6, 6, 6, 1, 1, 1, 3, 2, 3] [7, 4, 2, 4, 6, 5, 4, 3, 2, 3, 4, 6, 3, 3, 2, 4, 4, 6, 5, 2, 4, 4, 6, 5, 5, 4, 6, 4, 8, 4, 7, 7, 8, 7, 1, 2, 3, 3, 2, 4]
B_9 17.87 B 29 [5, 2, 6, 6, 1, 5, 6, 1, 5, 6, 2, 1, 1, 3, 1, 3, 2, 1, 2, 3, 5, 5, 2, 5, 4, 1, 4, 3, 2, 5, 3, 4, 5, 6, 5, 2, 5, 5, 3, 4] [6, 4, 7, 6, 1, 6, 7, 2, 5, 6, 3, 1, 1, 4, 3, 4, 3, 2, 4, 5, 7, 7, 2, 5, 6, 1, 4, 5, 4, 7, 4, 6, 5, 8, 7, 3, 5, 7, 3, 4]
B_10 20.330000000000002 B 30 [4, 4, 4, 1, 4, 6, 5, 6, 4, 5, 1, 4, 2, 1, 5, 2, 4, 3, 5, 6, 4, 4, 1, 5, 5, 2, 5, 2, 6, 3, 2, 4, 3, 5, 2, 1, 6, 4, 3, 2] [4, 4, 5, 2, 6, 7, 5, 6, 5, 5, 3, 6, 4, 1, 5, 4, 6, 3, 7, 8, 4, 5, 3, 7, 5, 4, 5, 2, 7, 4, 2, 5, 4, 5, 2, 2, 7, 4, 3, 2]
B_11 21.330000000000002 B 31 [4, 4, 2, 4, 5, 2, 3, 1, 5, 6, 2, 3, 4, 2, 1, 4, 5, 2, 6, 1, 4, 1, 2, 2, 5, 1, 5, 4, 6, 4, 4, 1, 1, 6, 3, 4, 3, 4, 2, 1] [5, 5, 2, 4, 5, 3, 4, 2, 7, 8, 2, 4, 6, 4, 1, 4, 6, 2, 8, 2, 4, 3, 3, 3, 7, 3, 6, 4, 7, 6, 5, 2, 1, 7, 5, 5, 3, 4, 3, 1]
B_12 22.330000000000002 B 32 [4, 4, 1, 3, 5, 3, 1, 1, 4, 3, 2, 6, 6, 1, 3, 6, 2, 5, 6, 6, 1, 1, 1, 2, 1, 3, 1, 6, 6, 5, 3, 1, 1, 5, 4, 5, 5, 5, 2, 4] [4, 6, 1, 3, 6, 5, 2, 1, 6, 5, 2, 6, 7, 3, 5, 6, 2, 7, 7, 8, 2, 2, 2, 3, 2, 4, 2, 6, 8, 5, 4, 1, 1, 7, 5, 6, 6, 7, 3, 5]
B_13 24.840000000000003 B 33 [6, 5, 5, 2, 5, 1, 2, 6, 2, 4, 6, 4, 6, 4, 4, 4, 6, 2, 5, 4, 5, 4, 4, 6, 4, 6, 3, 4, 6, 6, 5, 6, 5, 3, 4, 1, 3, 1, 1, 1] [7, 5, 7, 3, 7, 3, 3, 6, 3, 6, 6, 5, 8, 4, 6, 4, 7, 4, 6, 6, 5, 4, 6, 7, 6, 7, 3, 6, 7, 8, 5, 7, 7, 4, 5, 3, 5, 3, 3, 2]
B_14 27.130000000000003 B 34 [2, 1, 6, 3, 3, 4, 2, 2, 6, 5, 4, 5, 5, 1, 1, 1, 3, 6, 1, 6, 6, 3, 6, 1, 4, 5, 4, 6, 1, 5, 2, 3, 4, 4, 6, 4, 3, 6, 5, 1] [4, 3, 8, 3, 5, 5, 4, 4, 8, 7, 5, 6, 5, 3, 3, 2, 4, 6, 2, 7, 8, 3, 6, 2, 5, 5, 5, 7, 1, 7, 2, 5, 5, 5, 7, 4, 3, 7, 5, 2]
B_15 29.330000000000002 B 35 [2, 1, 3, 1, 6, 1, 1, 4, 4, 1, 6, 4, 2, 4, 6, 5, 1, 3, 2, 6, 2, 1, 6, 4, 1, 1, 1, 2, 1, 2, 1, 4, 5, 1, 4, 4, 3, 2, 2, 2] [3, 2, 3, 3, 7, 3, 2, 4, 4, 2, 8, 5, 3, 4, 8, 6, 3, 5, 3, 7, 3, 3, 6, 6, 1, 3, 1, 3, 2, 3, 2, 5, 6, 3, 4, 6, 3, 3, 3, 2]
B_16 31.28 B 36 [2, 5, 2, 1, 6, 4, 1, 1, 6, 4, 6, 1, 2, 3, 3, 2, 3, 3, 6, 4, 3, 2, 6, 4, 6, 6, 5, 5, 1, 5, 6, 3, 5, 3, 3, 3, 6, 3, 2, 1] [2, 5, 4, 1, 6, 6, 3, 3, 7, 6, 8, 3, 2, 3, 3, 3, 5, 3, 6, 6, 4, 3, 6, 6, 8, 7, 5, 7, 3, 5, 7, 3, 6, 5, 3, 3, 7, 3, 4, 2]
B_17 33.1 B 37 [4, 2, 6, 4, 6, 3, 5, 6, 4, 1, 2, 3, 6, 3, 4, 4, 3, 4, 3, 2, 6, 5, 1, 3, 4, 2, 1, 3, 3, 5, 4, 4, 5, 1, 6, 2, 3, 1, 2, 4] [5, 4, 7, 5, 6, 4, 5, 7, 5, 2, 2, 5, 7, 4, 5, 6, 3, 6, 3, 3, 7, 6, 1, 5, 6, 4, 3, 5, 3, 7, 4, 4, 7, 3, 7, 3, 3, 1, 2, 6]
B_18 36.33 B 38 [4, 6, 4, 3, 3, 1, 2, 5, 4, 1, 5, 3, 1, 2, 4, 3, 3, 1, 5, 1, 1, 2, 3, 3, 1, 1, 2, 1, 2, 3, 3, 2, 2, 1, 5, 2, 2, 2, 5, 5] [5, 7, 6, 4, 3, 3, 4, 6, 6, 1, 7, 4, 2, 3, 6, 5, 3, 2, 6, 2, 1, 4, 4, 4, 2, 3, 3, 2, 2, 3, 3, 3, 3, 3, 5, 3, 4, 2, 5, 7]
B_19 41.62 B 39 [4, 6, 1, 5, 4, 1, 3, 4, 2, 6, 5, 6, 3, 4, 6, 2, 6, 5, 5, 1, 5, 1, 3, 6, 3, 6, 2, 6, 3, 4, 2, 1, 4, 1, 1, 2, 1, 4, 5, 3] [5, 8, 2, 7, 6, 1, 3, 4, 4, 6, 6, 8, 4, 5, 8, 2, 8, 6, 7, 1, 6, 2, 4, 6, 3, 8, 4, 6, 4, 4, 2, 1, 5, 2, 2, 2, 2, 6, 7, 4]
