A_0 3.41 A 0 [5, 1, 3, 3, 5, 5, 3, 2, 6, 3, 4, 2, 4, 3, 2, 3, 5, 1, 3, 4, 5, 3, 1, 3, 1, 3, 1, 3, 5, 5, 3, 5, 5, 5, 3, 6, 6, 1, 6, 1] [9, 4, 7, 5, 8, 9, 5, 5, 9, 6, 8, 5, 7, 5, 5, 7, 7, 3, 5, 7, 7, 5, 4, 5, 4, 6, 4, 5, 7, 7, 6, 8, 8, 7, 5, 9, 10, 4, 8, 3]
A_1 4.41 A 1 [1, 4, 2, 5, 5, 6, 6, 4, 4, 4, 3, 1, 6, 5, 5, 3, 6, 6, 5, 4, 5, 3, 1, 4, 3, 6, 4, 6, 3, 2, 1, 4, 1, 3, 1, 2, 1, 4, 2, 3] [4, 6, 5, 9, 8, 9, 9, 8, 8, 7, 6, 5, 9, 8, 9, 6, 8, 8, 7, 8, 7, 6, 4, 7, 6, 10, 7, 10, 6, 4, 3, 6, 3, 6, 5, 5, 5, 6, 5, 6]
A_2 5.44 A 2 [3, 2, 2, 3, 3, 2, 1, 1, 1, 1, 2, 1, 6, 3, 4, 1, 1, 2, 2, 1, 5, 6, 6, 5, 4, 6, 3, 6, 2, 1, 1, 3, 5, 6, 4, 1, 2, 5, 6, 4] [7, 5, 5, 6, 6, 4, 4, 4, 5, 3, 6, 4, 10, 5, 8, 3, 5, 6, 6, 3, 7, 10, 10, 8, 8, 8, 6, 8, 6, 5, 5, 6, 9, 8, 7, 5, 4, 7, 9, 7]
A_3 9.05 A 3 [3, 5, 3, 2, 3, 1, 1, 3, 4, 3, 1, 5, 2, 5, 6, 4, 2, 1, 5, 1, 5, 2, 5, 6, 2, 5, 3, 6, 3, 2, 5, 1, 3, 5, 3, 1, 1, 2, 6, 1] [5, 9, 6, 5, 6, 5, 5, 5, 6, 5, 3, 7, 6, 8, 9, 8, 4, 3, 8, 3, 9, 4, 7, 10, 4, 8, 7, 8, 6, 6, 8, 5, 5, 8, 7, 3, 3, 6, 9, 4]
A_4 10.05 A 4 [5, 5, 3, 3, 2, 2, 1, 2, 6, 2, 3, 6, 2, 1, 1, 2, 5, 1, 2, 2, 2, 6, 3, 2, 5, 1, 1, 2, 1, 3, 4, 3, 1, 4, 2, 6, 6, 6, 5, 1] [8, 8, 6, 6, 5, 6, 5, 4, 9, 6, 5, 8, 6, 4, 5, 4, 7, 5, 5, 6, 4, 9, 5, 6, 9, 5, 4, 4, 3, 5, 8, 7, 3, 7, 5, 10, 8, 8, 7, 4]
A_5 11.05 A 5 [5, 6, 2, 1, 2, 1, 1, 6, 2, 6, 6, 3, 5, 3, 4, 4, 5, 2, 3, 2, 5, 1, 2, 5, 5, 5, 3, 2, 6, 1, 6, 1, 6, 3, 1, 6, 3, 5, 5, 4] [9, 9, 4, 5, 6, 4, 5, 10, 5, 10, 9, 6, 7, 7, 6, 8, 9, 6, 5, 5, 8, 5, 5, 8, 7, 8, 6, 6, 8, 3, 9, 4, 10, 5, 5, 8, 5, 7, 9, 6]
A_6 12.58 A 6 [3, 6, 1, 1, 1, 1, 2, 4, 6, 6, 5, 6, 5, 5, 2, 3, 1, 5, 6, 5, 2, 4, 1, 3, 2, 1, 3, 2, 4, 4, 5, 4, 4, 1, 1, 1, 5, 1, 6, 6] [5, 9, 4, 5, 5, 5, 6, 8, 9, 8, 8, 9, 9, 9, 5, 5, 3, 7, 8, 7, 4, 8, 4, 6, 6, 5, 5, 5, 8, 8, 9, 6, 7, 4, 3, 3, 7, 4, 9, 9]
A_7 13.58 A 7 [2, 4, 1, 3, 2, 6, 4, 6, 3, 5, 6, 3, 6, 4, 4, 2, 4, 6, 5, 2, 6, 5, 1, 5, 4, 1, 4, 2, 5, 2, 6, 4, 2, 5, 3, 3, 5, 1, 2, 2] [5, 8, 4, 5, 4, 10, 8, 9, 7, 7, 10, 7, 9, 7, 7, 5, 6, 9, 8, 4, 10, 9, 4, 7, 7, 5, 8, 4, 7, 6, 9, 6, 4, 9, 6, 5, 7, 3, 5, 5]
A_8 15.65 A 8 [6, 4, 1, 4, 6, 2, 6, 3, 6, 1, 2, 3, 6, 2, 1, 1, 4, 5, 6, 3, 6, 5, 5, 3, 2, 5, 5, 3, 1, 4, 1, 1, 2, 1, 4, 1, 1, 4, 5, 5] [9, 8, 5, 6, 9, 5, 9, 7, 9, 4, 6, 5, 9, 4, 5, 5, 6, 8, 9, 5, 8, 8, 8, 5, 4, 9, 8, 6, 5, 6, 5, 3, 6, 3, 6, 3, 5, 6, 8, 9]
A_9 16.65 A 9 [3, 4, 1, 3, 2, 6, 6, 5, 1, 2, 1, 5, 3, 1, 2, 2, 3, 3, 2, 2, 6, 1, 3, 2, 3, 5, 1, 6, 4, 4, 5, 6, 1, 6, 1, 1, 5, 3, 3, 3] [6, 7, 3, 5, 6, 10, 8, 7, 4, 5, 3, 9, 7, 4, 4, 4, 5, 7, 6, 4, 10, 4, 6, 5, 5, 8, 5, 10, 7, 6, 8, 10, 5, 8, 4, 4, 9, 6, 5, 7]
A_10 17.65 A 10 [4, 3, 2, 1, 3, 6, 5, 6, 2, 1, 1, 6, 2, 5, 3, 1, 1, 1, 4, 4, 4, 5, 4, 6, 5, 2, 3, 4, 3, 3, 6, 4, 2, 5, 2, 2, 1, 5, 6, 1] [8, 6, 6, 3, 5, 9, 8, 10, 6, 3, 3, 8, 4, 8, 6, 5, 3, 4, 7, 8, 8, 9, 6, 8, 9, 4, 6, 6, 5, 6, 8, 7, 5, 9, 5, 6, 4, 7, 9, 5]
A_11 26.25 A 11 [2, 1, 1, 5, 6, 3, 6, 3, 3, 5, 6, 1, 6, 2, 1, 1, 3, 2, 6, 3, 6, 4, 3, 2, 3, 1, 6, 6, 4, 5, 6, 6, 3, 1, 5, 4, 3, 4, 2, 4] [5, 5, 4, 7, 8, 6, 9, 7, 5, 9, 8, 4, 8, 4, 5, 3, 5, 6, 8, 6, 8, 7, 6, 6, 5, 5, 9, 8, 8, 9, 8, 9, 7, 3, 8, 8, 7, 8, 5, 7]
A_12 27.25 A 12 [4, 6, 6, 2, 2, 5, 5, 6, 6, 3, 2, 6, 6, 3, 4, 3, 2, 3, 1, 5, 3, 4, 4, 3, 3, 1, 3, 6, 3, 4, 3, 4, 2, 6, 6, 1, 2, 1, 4, 6] [7, 9, 10, 6, 6, 7, 9, 9, 9, 7, 4, 8, 8, 5, 8, 5, 5, 5, 3, 9, 7, 7, 7, 5, 5, 4, 5, 8, 6, 8, 7, 6, 5, 9, 9, 4, 5, 4, 6, 8]
A_13 28.25 A 13 [3, 5, 3, 5, 1, 3, 5, 4, 2, 1, 5, 2, 3, 5, 3, 5, 1, 3, 2, 6, 6, 3, 4, 3, 6, 2, 6, 4, 5, 6, 6, 2, 2, 1, 4, 3, 3, 1, 3, 4] [5, 8, 5, 8, 4, 7, 9, 7, 4, 4, 8, 4, 5, 7, 7, 8, 5, 6, 5, 9, 9, 5, 6, 7, 8, 5, 8, 7, 9, 9, 9, 4, 6, 5, 6, 6, 7, 5, 6, 8]
A_14 29.57 A 14 [2, 5, 4, 6, 1, 4, 2, 4, 1, 2, 3, 1, 4, 3, 2, 3, 3, 5, 4, 1, 3, 2, 4, 4, 4, 1, 3, 1, 1, 5, 3, 3, 5, 6, 5, 1, 5, 6, 4, 1] [5, 9, 8, 9, 5, 6, 5, 7, 5, 4, 6, 5, 8, 7, 6, 7, 7, 9, 6, 4, 7, 6, 8, 7, 6, 3, 7, 3, 3, 7, 7, 5, 8, 9, 7, 3, 8, 8, 6, 4]
A_15 34.96 A 15 [3, 3, 1, 4, 2, 4, 3, 2, 1, 2, 1, 1, 3, 5, 3, 5, 1, 2, 6, 2, 6, 5, 6, 1, 1, 3, 5, 3, 4, 6, 5, 1, 6, 5, 2, 1, 5, 3, 1, 4] [7, 6, 3, 8, 4, 8, 5, 5, 5, 4, 5, 3, 5, 8, 7, 9, 3, 4, 9, 5, 9, 9, 8, 3, 3, 5, 9, 7, 6, 9, 7, 5, 8, 8, 6, 4, 7, 6, 3, 7]
A_16 36.57 A 16 [5, 6, 1, 2, 5, 5, 1, 4, 4, 3, 1, 3, 2, 1, 3, 1, 3, 5, 3, 6, 1, 4, 6, 6, 4, 5, 2, 5, 6, 3, 1, 1, 1, 4, 6, 2, 3, 1, 1, 4] [7, 8, 5, 4, 7, 9, 3, 6, 6, 5, 3, 5, 5, 5, 7, 3, 5, 9, 6, 9, 3, 7, 8, 8, 6, 9, 4, 7, 8, 7, 5, 4, 4, 6, 10, 4, 5, 4, 3, 7]
A_17 37.79 A 17 [1, 6, 2, 1, 1, 2, 5, 6, 5, 3, 1, 2, 3, 3, 5, 2, 5, 1, 1, 3, 5, 6, 1, 6, 2, 2, 6, 3, 4, 2, 2, 4, 2, 5, 5, 3, 3, 6, 5, 5] [3, 8, 6, 3, 5, 6, 7, 9, 8, 7, 4, 6, 5, 6, 9, 4, 9, 3, 5, 5, 7, 9, 5, 10, 5, 4, 8, 5, 6, 4, 5, 7, 5, 8, 7, 5, 6, 8, 9, 7]
A_18 47.879999999999995 A 18 [3, 5, 2, 5, 2, 3, 6, 5, 6, 2, 4, 6, 1, 2, 4, 6, 3, 1, 2, 5, 5, 6, 6, 2, 4, 3, 1, 4, 4, 2, 6, 3, 5, 4, 1, 1, 5, 5, 5, 6] [5, 7, 6, 8, 5, 5, 8, 8, 9, 6, 7, 8, 3, 5, 6, 9, 6, 5, 5, 8, 9, 9, 8, 5, 6, 6, 3, 8, 8, 4, 10, 5, 9, 6, 4, 3, 7, 9, 8, 8]
A_19 48.879999999999995 A 19 [4, 4, 1, 1, 2, 2, 5, 2, 3, 2, 4, 3, 5, 6, 1, 2, 6, 3, 5, 4, 5, 2, 6, 4, 2, 5, 4, 4, 2, 3, 2, 4, 3, 1, 6, 6, 2, 6, 5, 6] [7, 8, 3, 3, 6, 5, 7, 4, 5, 4, 8, 6, 9, 9, 4, 5, 9, 5, 8, 8, 9, 5, 9, 7, 5, 8, 6, 6, 4, 5, 5, 8, 7, 4, 8, 9, 6, 10, 8, 9]
B_0 3.44 B 20 [5, 5, 5, 5, 2, 5, 2, 6, 6, 6, 4, 6, 3, 6, 3, 6, 1, 5, 5, 5, 3, 4, 5, 6, 5, 4, 4, 5, 4, 4, 2, 3, 1, 5, 4, 2, 6, 5, 2, 3] [7, 7, 7, 9, 4, 8, 4, 10, 8, 10, 8, 8, 7, 9, 7, 9, 3, 7, 9, 9, 5, 6, 7, 10, 7, 7, 7, 8, 7, 7, 5, 5, 3, 8, 8, 4, 10, 8, 4, 7]
B_1 8.19 B 21 [3, 3, 6, 2, 6, 1, 4, 5, 5, 1, 5, 4, 4, 3, 2, 5, 4, 6, 6, 2, 4, 5, 6, 1, 2, 6, 6, 3, 1, 4, 1, 4, 1, 5, 5, 6, 4, 3, 3, 6] [5, 6, 10, 4, 9, 5, 8, 9, 8, 4, 9, 7, 7, 5, 6, 9, 7, 9, 9, 5, 6, 7, 8, 3, 6, 8, 10, 5, 3, 7, 3, 8, 3, 8, 9, 9, 8, 6, 6, 9]
B_2 13.42 B 22 [1, 1, 6, 5, 3, 2, 1, 1, 5, 3, 4, 3, 4, 4, 4, 6, 6, 1, 6, 6, 5, 6, 3, 4, 5, 1, 6, 2, 6, 5, 2, 5, 1, 6, 1, 5, 4, 3, 6, 5] [4, 4, 10, 7, 5, 5, 4, 4, 8, 6, 6, 6, 7, 6, 8, 8, 8, 5, 8, 9, 7, 8, 5, 7, 8, 4, 8, 4, 10, 8, 5, 7, 4, 9, 4, 8, 6, 5, 9, 9]
B_3 14.42 B 23 [3, 4, 5, 6, 2, 5, 3, 5, 3, 2, 6, 2, 3, 3, 4, 1, 6, 6, 2, 4, 6, 1, 4, 3, 4, 6, 5, 5, 1, 4, 5, 3, 4, 3, 2, 2, 5, 3, 5, 3] [5, 7, 8, 10, 6, 8, 6, 7, 5, 5, 8, 6, 5, 7, 7, 3, 8, 10, 5, 7, 10, 3, 7, 5, 8, 10, 9, 8, 4, 8, 9, 7, 7, 7, 4, 5, 8, 6, 7, 5]
B_4 17.16 B 24 [1, 3, 4, 2, 5, 5, 2, 4, 2, 3, 5, 3, 3, 6, 4, 1, 4, 2, 4, 2, 5, 2, 5, 4, 5, 2, 4, 1, 1, 4, 5, 1, 4, 1, 1, 5, 1, 1, 3, 1] [4, 6, 8, 4, 9, 7, 6, 7, 4, 5, 9, 5, 5, 8, 6, 3, 6, 5, 6, 5, 7, 6, 8, 8, 7, 6, 6, 4, 3, 6, 7, 5, 8, 4, 5, 9, 4, 5, 5, 4]
B_5 28.2 B 25 [3, 6, 6, 5, 1, 5, 1, 1, 5, 5, 2, 1, 1, 2, 1, 3, 5, 2, 3, 5, 4, 6, 1, 6, 2, 5, 5, 1, 6, 4, 3, 6, 3, 5, 4, 5, 6, 3, 3, 6] [6, 10, 8, 8, 5, 8, 5, 5, 9, 8, 4, 5, 4, 5, 3, 5, 9, 4, 6, 8, 7, 8, 4, 10, 6, 7, 9, 4, 8, 6, 7, 9, 6, 9, 7, 9, 8, 7, 6, 9]
B_6 30.39 B 26 [1, 4, 3, 3, 1, 3, 3, 4, 5, 1, 3, 6, 3, 6, 3, 5, 2, 6, 1, 4, 4, 6, 6, 5, 4, 5, 6, 5, 6, 1, 2, 4, 5, 5, 6, 6, 4, 3, 5, 4] [4, 7, 6, 7, 4, 6, 5, 8, 8, 5, 6, 9, 5, 8, 7, 9, 4, 8, 3, 6, 7, 10, 8, 9, 6, 9, 8, 9, 8, 5, 6, 8, 9, 8, 8, 8, 8, 5, 9, 7]
B_7 32.54 B 27 [3, 6, 6, 6, 2, 2, 2, 2, 3, 6, 4, 6, 6, 4, 1, 3, 5, 3, 4, 4, 5, 3, 2, 5, 1, 1, 5, 4, 6, 2, 4, 6, 4, 6, 5, 5, 1, 1, 3, 2] [5, 10, 8, 8, 4, 6, 5, 4, 6, 10, 6, 8, 8, 7, 3, 7, 7, 5, 8, 6, 8, 5, 4, 8, 4, 4, 9, 6, 9, 6, 7, 9, 7, 9, 9, 9, 3, 5, 7, 5]
B_8 33.54 B 28 [5, 3, 2, 3, 1, 6, 4, 5, 1, 4, 3, 4, 3, 5, 1, 4, 6, 4, 4, 2, 4, 1, 6, 1, 1, 6, 6, 6, 6, 4, 2, 2, 6, 2, 1, 3, 1, 1, 5, 6] [7, 6, 6, 6, 3, 8, 8, 7, 5, 7, 5, 8, 6, 9, 3, 6, 8, 6, 8, 4, 7, 3, 10, 4, 3, 8, 8, 9, 8, 7, 4, 5, 9, 6, 4, 5, 4, 5, 7, 8]
B_9 34.54 B 29 [5, 2, 1, 2, 3, 1, 4, 2, 4, 4, 3, 5, 4, 6, 5, 6, 3, 2, 2, 3, 4, 4, 5, 4, 4, 4, 1, 2, 4, 4, 1, 2, 4, 1, 6, 4, 4, 2, 1, 2] [7, 4, 5, 6, 5, 3, 8, 6, 6, 6, 6, 9, 8, 9, 7, 9, 7, 4, 4, 5, 7, 7, 8, 8, 6, 6, 5, 6, 7, 7, 5, 4, 8, 3, 8, 6, 6, 5, 5, 5]
B_10 35.54 B 30 [3, 1, 1, 5, 4, 6, 5, 6, 1, 5, 6, 6, 3, 6, 3, 5, 1, 2, 6, 2, 2, 1, 2, 5, 5, 3, 2, 4, 2, 1, 5, 1, 1, 5, 5, 4, 6, 2, 6, 1] [6, 3, 5, 8, 8, 9, 9, 9, 5, 8, 8, 8, 7, 9, 7, 7, 5, 5, 10, 5, 5, 3, 5, 9, 7, 7, 6, 7, 4, 5, 7, 4, 3, 7, 8, 7, 10, 4, 10, 3]
B_11 37.4 B 31 [5, 4, 3, 1, 3, 1, 4, 4, 1, 6, 4, 6, 4, 2, 3, 1, 1, 4, 3, 4, 3, 4, 5, 3, 1, 6, 4, 6, 2, 2, 1, 6, 6, 5, 1, 6, 1, 6, 3, 4] [8, 6, 6, 5, 7, 4, 6, 6, 3, 10, 7, 9, 6, 4, 5, 5, 4, 7, 5, 8, 5, 8, 7, 7, 5, 9, 8, 9, 5, 4, 4, 8, 9, 8, 5, 8, 4, 8, 5, 6]
B_12 38.4 B 32 [5, 1, 5, 3, 1, 6, 4, 2, 2, 1, 2, 3, 2, 2, 5, 6, 1, 2, 5, 3, 1, 1, 1, 4, 4, 3, 5, 4, 6, 4, 1, 6, 1, 5, 2, 1, 1, 4, 3, 4] [8, 3, 9, 5, 3, 10, 7, 4, 6, 5, 5, 7, 5, 6, 8, 8, 4, 5, 9, 7, 3, 3, 4, 7, 8, 6, 9, 7, 9, 8, 3, 9, 3, 8, 5, 4, 4, 8, 6, 8]
B_13 43.73 B 33 [5, 3, 6, 5, 4, 3, 1, 5, 1, 6, 5, 1, 6, 1, 6, 5, 4, 5, 4, 1, 5, 5, 6, 3, 1, 5, 5, 6, 2, 1, 5, 5, 5, 5, 1, 5, 1, 3, 5, 5] [7, 6, 8, 8, 7, 5, 4, 9, 3, 8, 9, 3, 9, 5, 9, 8, 6, 8, 6, 4, 8, 8, 9, 7, 4, 9, 8, 9, 6, 3, 7, 8, 8, 7, 4, 9, 5, 5, 7, 8]
B_14 45.279999999999994 B 34 [3, 1, 4, 3, 2, 1, 1, 3, 4, 1, 2, 5, 6, 4, 5, 2, 6, 5, 1, 6, 4, 5, 1, 2, 1, 4, 6, 5, 1, 6, 5, 1, 2, 1, 2, 4, 4, 1, 5, 4] [5, 5, 7, 7, 5, 5, 3, 6, 6, 4, 5, 8, 9, 6, 7, 6, 10, 7, 4, 8, 8, 9, 4, 4, 5, 7, 8, 9, 4, 8, 8, 5, 5, 4, 6, 6, 7, 3, 8, 8]
B_15 46.67999999999999 B 35 [6, 2, 1, 1, 6, 6, 1, 3, 1, 1, 2, 4, 1, 3, 1, 1, 2, 3, 1, 6, 2, 6, 5, 2, 5, 5, 6, 5, 3, 4, 4, 6, 1, 5, 4, 1, 5, 2, 3, 5] [9, 5, 5, 3, 10, 8, 3, 5, 3, 4, 6, 8, 4, 6, 3, 4, 4, 5, 3, 9, 4, 9, 8, 5, 9, 9, 8, 9, 5, 6, 7, 8, 4, 9, 6, 4, 7, 5, 6, 7]
B_16 47.849999999999994 B 36 [6, 1, 2, 1, 6, 3, 5, 5, 1, 5, 1, 3, 2, 3, 5, 5, 3, 3, 5, 2, 6, 4, 4, 5, 1, 6, 4, 1, 1, 4, 6, 1, 1, 1, 4, 5, 1, 1, 3, 5] [10, 5, 4, 3, 8, 5, 7, 7, 5, 9, 4, 7, 5, 7, 8, 7, 5, 6, 7, 6, 10, 8, 6, 8, 4, 8, 8, 3, 4, 6, 10, 4, 4, 5, 7, 7, 4, 5, 5, 7]
B_17 48.849999999999994 B 37 [1, 4, 5, 2, 6, 5, 1, 1, 4, 3, 5, 4, 1, 1, 6, 3, 1, 6, 5, 6, 5, 3, 3, 3, 1, 3, 3, 1, 1, 2, 2, 6, 4, 3, 1, 2, 1, 4, 1, 1] [4, 6, 7, 6, 8, 7, 4, 3, 6, 6, 7, 8, 4, 5, 8, 6, 4, 8, 9, 10, 8, 6, 5, 6, 5, 7, 5, 5, 5, 5, 4, 8, 8, 5, 3, 5, 5, 7, 4, 4]
B_18 50.059999999999995 B 38 [6, 2, 6, 6, 5, 5, 6, 2, 5, 3, 6, 2, 4, 3, 4, 1, 1, 5, 5, 5, 2, 3, 6, 5, 3, 3, 5, 3, 5, 1, 6, 3, 3, 5, 5, 3, 3, 1, 2, 6] [8, 5, 9, 9, 7, 9, 9, 5, 8, 5, 9, 5, 6, 6, 6, 3, 3, 9, 8, 8, 4, 6, 9, 7, 5, 6, 9, 7, 7, 5, 10, 5, 6, 7, 8, 6, 5, 4, 5, 10]
B_19 54.129999999999995 B 39 [1, 3, 4, 1, 1, 4, 6, 2, 5, 3, 1, 4, 6, 4, 1, 4, 4, 5, 6, 6, 3, 6, 5, 3, 1, 6, 4, 2, 6, 2, 1, 4, 4, 5, 4, 5, 5, 1, 6, 5] [3, 6, 7, 4, 4, 6, 9, 5, 9, 7, 5, 7, 8, 8, 4, 7, 7, 7, 8, 9, 7, 9, 9, 5, 4, 9, 7, 5, 8, 5, 3, 6, 8, 8, 8, 7, 7, 4, 10, 9]
