A_0 1 A 0 [6, 5, 1, 3, 3, 1, 6, 6, 1, 2, 1, 5, 1, 6, 6, 6, 3, 3, 6, 2, 6, 3, 6, 4, 5, 6, 4, 1, 4, 5, 4, 4, 2, 6, 1, 2, 4, 6, 4, 6] [8, 7, 3, 3, 4, 1, 6, 8, 3, 3, 2, 5, 1, 6, 7, 6, 3, 4, 7, 4, 6, 5, 6, 4, 7, 8, 4, 3, 6, 7, 5, 5, 2, 8, 1, 3, 6, 8, 6, 7]
A_1 3.09 A 1 [5, 5, 1, 3, 4, 4, 5, 4, 2, 6, 6, 5, 5, 6, 3, 1, 1, 5, 3, 4, 4, 3, 3, 5, 3, 1, 1, 3, 3, 2, 2, 1, 1, 6, 4, 3, 3, 5, 2, 2] [7, 7, 1, 3, 5, 4, 5, 6, 2, 7, 7, 7, 7, 7, 3, 3, 1, 5, 3, 4, 4, 4, 3, 5, 5, 3, 3, 4, 4, 4, 3, 2, 2, 7, 6, 3, 3, 6, 2, 3]
A_2 4.09 A 2 [1, 1, 2, 4, 1, 6, 1, 6, 3, 4, 2, 1, 6, 6, 1, 3, 4, 3, 5, 1, 1, 4, 4, 6, 6, 4, 5, 2, 5, 4, 2, 2, 5, 5, 5, 5, 5, 3, 1, 1] [3, 1, 4, 4, 1, 6, 3, 7, 4, 5, 3, 2, 7, 8, 3, 4, 4, 3, 7, 1, 3, 6, 4, 7, 7, 6, 7, 4, 5, 6, 2, 3, 6, 5, 5, 5, 7, 5, 3, 2]
A_3 5.09 A 3 [3, 3, 4, 4, 5, 6, 3, 2, 4, 2, 3, 1, 6, 1, 6, 3, 6, 3, 6, 6, 5, 6, 1, 2, 1, 3, 2, 6, 3, 2, 2, 1, 3, 1, 5, 2, 6, 3, 5, 2] [3, 3, 4, 6, 7, 8, 3, 2, 5, 4, 5, 3, 7, 3, 6, 3, 6, 5, 8, 6, 7, 7, 1, 4, 1, 4, 4, 6, 5, 4, 3, 2, 4, 3, 5, 2, 7, 4, 5, 4]
A_4 7.18 A 4 [3, 4, 1, 5, 3, 2, 1, 3, 1, 6, 5, 6, 1, 6, 4, 2, 5, 3, 4, 3, 4, 5, 6, 4, 2, 6, 4, 6, 4, 4, 5, 5, 1, 3, 3, 2, 2, 4, 4, 5] [4, 5, 1, 7, 5, 2, 1, 4, 1, 7, 5, 6, 2, 6, 6, 3, 6, 3, 4, 5, 6, 5, 8, 6, 2, 8, 6, 7, 5, 4, 5, 6, 1, 5, 3, 2, 4, 5, 4, 5]
A_5 9.75 A 5 [1, 4, 6, 6, 2, 4, 6, 6, 2, 5, 3, 6, 4, 6, 6, 3, 6, 1, 4, 5, 6, 5, 6, 6, 6, 1, 1, 2, 5, 3, 3, 4, 6, 2, 2, 2, 4, 2, 4, 4] [1, 4, 6, 8, 2, 6, 7, 7, 2, 5, 3, 6, 6, 8, 6, 5, 8, 2, 6, 7, 6, 5, 8, 8, 8, 3, 3, 4, 6, 5, 3, 4, 6, 2, 3, 2, 4, 2, 4, 4]
A_6 11.29 A 6 [6, 5, 1, 3, 1, 6, 6, 1, 3, 4, 5, 4, 6, 5, 5, 5, 2, 3, 5, 2, 1, 5, 4, 5, 5, 2, 6, 1, 5, 6, 2, 3, 6, 4, 3, 6, 5, 3, 1, 3] [6, 5, 3, 3, 1, 7, 6, 1, 4, 4, 6, 5, 8, 7, 6, 7, 2, 5, 7, 4, 2, 5, 5, 6, 5, 2, 6, 1, 7, 7, 3, 4, 6, 4, 4, 8, 7, 4, 1, 5]
A_7 13.919999999999998 A 7 [6, 4, 6, 2, 3, 6, 1, 4, 2, 1, 3, 2, 6, 1, 4, 3, 6, 2, 4, 1, 4, 5, 1, 3, 5, 5, 1, 4, 4, 1, 1, 4, 2, 6, 6, 1, 3, 2, 1, 6] [8, 6, 7, 2, 4, 7, 1, 5, 3, 1, 4, 3, 7, 2, 6, 5, 8, 3, 4, 1, 6, 5, 1, 3, 7, 5, 1, 6, 4, 1, 3, 6, 4, 6, 8, 2, 5, 2, 3, 7]
A_8 14.959999999999997 A 8 [1, 2, 3, 4, 1, 2, 3, 2, 6, 6, 5, 6, 2, 3, 3, 5, 3, 2, 6, 6, 2, 4, 3, 1, 3, 5, 3, 4, 1, 6, 6, 2, 5, 1, 6, 6, 2, 4, 1, 3] [3, 2, 4, 5, 1, 2, 4, 3, 6, 6, 5, 8, 2, 5, 5, 6, 4, 4, 7, 6, 4, 6, 4, 1, 3, 6, 4, 4, 2, 7, 6, 3, 5, 3, 7, 8, 2, 5, 3, 3]
A_9 15.959999999999997 A 9 [2, 6, 4, 2, 6, 5, 4, 1, 6, 3, 3, 5, 4, 5, 5, 6, 1, 3, 5, 1, 4, 2, 6, 4, 4, 5, 5, 5, 3, 4, 2, 4, 6, 6, 6, 3, 6, 5, 1, 5] [3, 7, 5, 4, 7, 5, 4, 1, 6, 5, 3, 7, 6, 6, 6, 7, 3, 3, 7, 1, 5, 2, 7, 6, 4, 7, 7, 7, 3, 4, 2, 4, 7, 8, 8, 3, 8, 6, 3, 7]
A_10 18.54 A 10 [1, 6, 2, 3, 5, 3, 5, 3, 5, 3, 4, 3, 1, 1, 1, 6, 3, 2, 4, 2, 3, 2, 3, 6, 2, 6, 1, 5, 5, 3, 6, 3, 6, 1, 6, 6, 2, 6, 1, 3] [2, 7, 3, 5, 5, 3, 6, 4, 5, 3, 5, 5, 2, 3, 1, 7, 3, 4, 4, 3, 3, 4, 5, 8, 3, 8, 3, 5, 7, 3, 6, 4, 6, 3, 6, 6, 2, 6, 2, 3]
A_11 20.23 A 11 [5, 5, 1, 1, 6, 6, 4, 2, 6, 5, 3, 2, 2, 1, 2, 6, 2, 6, 6, 6, 3, 1, 2, 6, 6, 6, 1, 6, 3, 2, 2, 5, 4, 2, 4, 4, 2, 5, 5, 2] [5, 7, 2, 3, 6, 6, 5, 3, 8, 7, 5, 3, 4, 3, 2, 6, 2, 7, 6, 7, 5, 2, 4, 7, 7, 7, 3, 7, 3, 3, 4, 6, 5, 4, 5, 5, 2, 5, 7, 3]
A_12 24.91 A 12 [1, 5, 6, 6, 1, 4, 6, 6, 2, 4, 1, 2, 4, 6, 1, 5, 2, 5, 4, 2, 4, 1, 3, 2, 6, 1, 1, 6, 6, 2, 6, 6, 5, 4, 2, 2, 4, 3, 2, 4] [1, 7, 7, 7, 2, 6, 8, 7, 2, 6, 2, 4, 5, 6, 3, 7, 2, 5, 5, 3, 5, 1, 5, 4, 6, 2, 3, 8, 6, 4, 6, 8, 7, 4, 3, 2, 4, 5, 2, 5]
A_13 25.91 A 13 [6, 6, 6, 1, 6, 6, 5, 1, 3, 5, 1, 1, 6, 3, 3, 3, 4, 1, 5, 2, 5, 6, 3, 5, 4, 6, 1, 5, 1, 5, 2, 1, 6, 3, 6, 3, 1, 6, 6, 1] [6, 7, 8, 3, 6, 8, 7, 2, 5, 6, 3, 3, 6, 4, 3, 4, 5, 3, 5, 2, 6, 7, 5, 6, 5, 8, 2, 5, 2, 5, 3, 3, 7, 5, 8, 3, 3, 6, 7, 1]
A_14 27.22 A 14 [6, 3, 1, 6, 4, 6, 5, 4, 3, 5, 1, 2, 1, 3, 3, 4, 4, 4, 5, 5, 2, 1, 6, 1, 3, 1, 4, 6, 1, 3, 2, 4, 6, 4, 4, 1, 2, 3, 2, 4] [7, 3, 3, 6, 6, 6, 6, 6, 5, 6, 1, 2, 3, 3, 3, 4, 4, 4, 7, 6, 3, 1, 6, 3, 4, 3, 5, 6, 3, 3, 3, 6, 7, 4, 4, 2, 3, 5, 2, 4]
A_15 30.11 A 15 [6, 1, 3, 3, 2, 3, 5, 3, 5, 6, 6, 6, 5, 3, 4, 2, 3, 6, 2, 2, 5, 2, 3, 6, 3, 1, 2, 6, 1, 6, 4, 5, 2, 1, 1, 3, 2, 4, 1, 6] [6, 3, 4, 3, 3, 5, 7, 5, 6, 7, 7, 6, 7, 4, 4, 2, 4, 7, 4, 2, 6, 4, 5, 6, 3, 2, 3, 8, 3, 7, 4, 7, 4, 2, 1, 4, 4, 6, 3, 8]
A_16 31.46 A 16 [3, 1, 4, 6, 5, 6, 2, 6, 3, 1, 3, 2, 2, 4, 4, 3, 1, 2, 5, 3, 1, 2, 6, 2, 2, 2, 5, 4, 5, 5, 4, 1, 1, 6, 1, 3, 3, 4, 6, 5] [3, 1, 4, 6, 6, 8, 2, 8, 4, 3, 3, 2, 2, 5, 4, 4, 3, 2, 7, 3, 3, 3, 6, 2, 3, 3, 7, 6, 6, 7, 6, 1, 1, 8, 2, 5, 4, 6, 8, 7]
A_17 32.46 A 17 [3, 5, 3, 3, 3, 1, 3, 2, 2, 3, 2, 6, 5, 1, 4, 6, 2, 5, 5, 2, 4, 1, 5, 5, 4, 1, 2, 4, 3, 6, 1, 6, 6, 2, 1, 1, 2, 2, 4, 6] [4, 5, 3, 5, 3, 2, 5, 3, 4, 3, 4, 7, 5, 3, 4, 7, 2, 5, 6, 3, 5, 1, 6, 7, 6, 1, 3, 4, 3, 7, 1, 8, 7, 3, 3, 1, 2, 2, 4, 8]
A_18 33.59 A 18 [6, 3, 5, 6, 4, 4, 5, 4, 6, 5, 4, 6, 4, 5, 5, 2, 5, 5, 1, 3, 5, 1, 2, 3, 3, 5, 1, 1, 2, 3, 3, 4, 2, 4, 3, 3, 6, 5, 5, 5] [7, 3, 7, 8, 4, 6, 7, 4, 7, 7, 4, 6, 5, 5, 7, 4, 7, 6, 2, 4, 7, 1, 2, 4, 3, 7, 1, 3, 3, 4, 4, 6, 2, 4, 5, 5, 7, 5, 6, 6]
A_19 40.13 A 19 [2, 4, 1, 6, 3, 5, 2, 1, 6, 1, 2, 6, 2, 2, 5, 2, 3, 2, 3, 6, 1, 2, 3, 3, 4, 5, 6, 3, 4, 6, 4, 4, 1, 5, 4, 1, 5, 5, 6, 4] [4, 4, 1, 6, 5, 7, 4, 1, 6, 1, 3, 7, 3, 2, 6, 2, 3, 3, 4, 7, 2, 4, 5, 5, 4, 7, 7, 3, 5, 6, 6, 4, 1, 6, 6, 2, 7, 6, 7, 5]
B_0 3.56 B 20 [6, 4, 1, 5, 4, 6, 1, 4, 2, 4, 3, 3, 4, 5, 2, 5, 1, 4, 5, 1, 6, 6, 5, 3, 4, 1, 2, 1, 5, 6, 4, 6, 2, 5, 6, 4, 5, 3, 4, 2] [6, 4, 3, 7, 6, 6, 2, 6, 4, 5, 3, 5, 5, 6, 3, 6, 3, 5, 7, 2, 8, 7, 6, 4, 4, 1, 4, 3, 6, 8, 5, 7, 3, 6, 7, 6, 6, 5, 6, 3]
B_1 4.59 B 21 [3, 3, 4, 6, 5, 5, 5, 5, 4, 2, 2, 1, 1, 6, 1, 2, 2, 1, 1, 2, 6, 6, 3, 3, 1, 2, 3, 2, 2, 2, 4, 5, 3, 3, 1, 5, 2, 1, 2, 3] [5, 4, 6, 7, 5, 5, 5, 5, 6, 2, 4, 2, 1, 7, 1, 4, 3, 1, 1, 4, 7, 7, 4, 3, 1, 4, 5, 2, 4, 4, 4, 5, 3, 3, 3, 5, 4, 1, 2, 5]
B_2 6.45 B 22 [6, 3, 4, 1, 6, 6, 4, 1, 3, 6, 3, 2, 3, 3, 6, 3, 6, 5, 2, 3, 5, 3, 5, 4, 6, 4, 5, 4, 5, 5, 3, 3, 2, 3, 4, 3, 2, 3, 4, 3] [6, 3, 4, 1, 8, 8, 5, 1, 4, 7, 5, 4, 5, 5, 6, 5, 6, 6, 2, 5, 6, 4, 5, 6, 6, 5, 6, 4, 7, 7, 3, 4, 2, 5, 5, 5, 3, 5, 5, 5]
B_3 7.5600000000000005 B 23 [4, 5, 6, 2, 4, 6, 5, 3, 1, 4, 6, 6, 2, 5, 1, 6, 2, 5, 3, 3, 3, 3, 4, 3, 3, 4, 3, 5, 4, 2, 6, 6, 4, 6, 5, 3, 4, 3, 4, 6] [4, 5, 7, 4, 6, 8, 6, 3, 1, 6, 8, 7, 4, 6, 3, 6, 2, 7, 4, 5, 4, 3, 6, 5, 4, 5, 3, 6, 4, 4, 8, 6, 6, 6, 5, 5, 6, 4, 6, 7]
B_4 14.0 B 24 [5, 3, 6, 1, 2, 6, 5, 5, 3, 4, 2, 6, 6, 4, 3, 3, 2, 4, 3, 4, 4, 1, 6, 3, 6, 5, 3, 4, 3, 4, 1, 6, 3, 1, 4, 2, 6, 3, 4, 6] [7, 5, 7, 1, 2, 8, 5, 7, 3, 4, 3, 7, 6, 5, 4, 3, 3, 6, 3, 4, 4, 1, 6, 4, 7, 5, 5, 4, 5, 5, 2, 8, 4, 3, 5, 3, 6, 5, 4, 6]
B_5 17.93 B 25 [6, 1, 4, 3, 6, 1, 2, 5, 5, 5, 6, 6, 1, 6, 1, 1, 2, 1, 5, 5, 1, 2, 4, 4, 5, 4, 6, 3, 3, 5, 1, 1, 2, 1, 6, 3, 6, 4, 3, 1] [8, 3, 6, 4, 8, 3, 2, 5, 6, 7, 8, 7, 2, 8, 3, 2, 3, 1, 7, 7, 1, 4, 5, 5, 5, 5, 8, 3, 3, 7, 1, 2, 4, 3, 7, 4, 7, 6, 3, 2]
B_6 19.5 B 26 [4, 1, 5, 2, 4, 1, 6, 1, 3, 5, 1, 1, 1, 1, 4, 2, 5, 2, 1, 6, 2, 3, 5, 3, 3, 6, 6, 2, 1, 6, 5, 4, 5, 3, 1, 5, 6, 4, 5, 5] [4, 3, 7, 4, 6, 3, 6, 1, 4, 7, 3, 3, 3, 2, 5, 3, 7, 3, 1, 7, 4, 5, 6, 3, 5, 8, 6, 4, 1, 6, 6, 6, 7, 3, 2, 7, 6, 6, 6, 7]
B_7 20.51 B 27 [1, 3, 2, 6, 6, 2, 1, 4, 4, 5, 5, 6, 6, 5, 6, 6, 4, 4, 1, 3, 1, 2, 4, 5, 4, 3, 2, 3, 6, 1, 1, 6, 5, 1, 4, 3, 6, 4, 3, 4] [3, 4, 4, 6, 7, 4, 1, 6, 4, 7, 5, 7, 8, 5, 6, 8, 6, 4, 3, 3, 3, 2, 4, 6, 4, 3, 4, 4, 6, 3, 3, 8, 6, 3, 4, 4, 6, 6, 3, 4]
B_8 21.51 B 28 [4, 3, 5, 3, 4, 5, 5, 4, 1, 3, 5, 3, 6, 1, 1, 1, 5, 3, 2, 4, 5, 2, 5, 4, 3, 3, 1, 6, 1, 3, 5, 4, 2, 1, 3, 5, 1, 3, 1, 3] [6, 4, 5, 5, 5, 6, 7, 4, 2, 3, 7, 3, 6, 2, 3, 3, 6, 3, 3, 5, 6, 4, 7, 4, 5, 3, 1, 6, 2, 4, 7, 6, 3, 2, 4, 7, 2, 3, 2, 5]
B_9 24.360000000000003 B 29 [5, 2, 4, 2, 4, 3, 6, 1, 6, 4, 3, 2, 2, 5, 3, 6, 5, 6, 3, 6, 6, 2, 5, 2, 4, 5, 6, 1, 3, 5, 2, 6, 2, 3, 2, 2, 4, 6, 5, 3] [7, 4, 6, 4, 4, 5, 7, 1, 7, 4, 3, 3, 4, 5, 3, 7, 7, 7, 4, 6, 8, 4, 7, 4, 5, 7, 6, 3, 4, 5, 3, 6, 3, 3, 3, 2, 4, 7, 6, 3]
B_10 25.360000000000003 B 30 [4, 2, 2, 2, 5, 3, 2, 1, 6, 2, 6, 2, 6, 2, 2, 4, 4, 1, 3, 4, 4, 4, 3, 6, 1, 1, 5, 1, 5, 2, 5, 6, 3, 6, 5, 1, 4, 6, 2, 3] [5, 3, 2, 3, 5, 3, 3, 3, 6, 2, 6, 4, 6, 3, 3, 4, 6, 1, 4, 6, 5, 4, 3, 8, 2, 1, 6, 3, 7, 3, 6, 7, 5, 6, 7, 1, 6, 6, 2, 4]
B_11 27.880000000000003 B 31 [4, 1, 2, 1, 5, 4, 3, 4, 2, 4, 3, 5, 6, 1, 4, 5, 1, 6, 4, 4, 6, 5, 3, 6, 6, 1, 4, 6, 4, 6, 6, 5, 1, 1, 5, 1, 4, 5, 3, 5] [5, 2, 3, 2, 6, 4, 4, 6, 3, 4, 4, 6, 8, 3, 6, 7, 1, 8, 6, 4, 7, 5, 4, 6, 8, 2, 6, 8, 6, 6, 7, 7, 3, 3, 7, 2, 4, 6, 4, 6]
B_12 30.230000000000004 B 32 [2, 1, 5, 3, 1, 6, 6, 2, 5, 6, 6, 4, 5, 6, 6, 2, 1, 6, 2, 1, 2, 3, 2, 4, 3, 2, 5, 5, 2, 2, 3, 1, 1, 6, 1, 3, 6, 5, 4, 3] [2, 2, 6, 4, 1, 6, 6, 4, 5, 7, 6, 5, 7, 7, 7, 4, 1, 7, 2, 1, 3, 3, 2, 6, 4, 4, 7, 6, 3, 3, 5, 3, 2, 7, 2, 3, 6, 6, 6, 5]
B_13 36.71000000000001 B 33 [6, 6, 5, 1, 3, 2, 4, 6, 1, 6, 1, 2, 4, 3, 4, 1, 6, 2, 4, 5, 5, 3, 3, 6, 1, 1, 3, 1, 1, 3, 6, 1, 6, 5, 3, 4, 6, 4, 4, 5] [8, 7, 5, 3, 5, 2, 4, 6, 3, 8, 3, 4, 4, 5, 4, 2, 8, 3, 4, 6, 6, 3, 5, 6, 3, 3, 3, 3, 2, 3, 6, 3, 7, 6, 4, 4, 8, 5, 6, 7]
B_14 40.45000000000001 B 34 [1, 4, 5, 5, 3, 2, 3, 6, 6, 6, 6, 4, 2, 6, 4, 1, 1, 1, 3, 4, 6, 1, 4, 5, 4, 6, 1, 4, 3, 2, 5, 5, 1, 3, 1, 1, 3, 3, 5, 5] [1, 6, 5, 5, 3, 3, 4, 8, 7, 8, 6, 5, 3, 8, 4, 1, 2, 3, 5, 6, 7, 3, 5, 5, 5, 7, 2, 4, 4, 3, 7, 7, 2, 4, 2, 3, 4, 3, 6, 7]
B_15 42.59000000000001 B 35 [2, 3, 5, 2, 2, 2, 6, 1, 6, 3, 6, 4, 2, 3, 1, 3, 3, 1, 3, 1, 4, 5, 3, 3, 2, 3, 5, 3, 5, 2, 1, 1, 3, 4, 1, 3, 1, 3, 3, 2] [3, 3, 5, 2, 2, 2, 8, 2, 8, 3, 6, 5, 2, 3, 2, 4, 5, 1, 5, 2, 6, 5, 5, 5, 3, 4, 7, 4, 7, 2, 1, 2, 3, 4, 3, 4, 2, 5, 5, 3]
B_16 48.41000000000001 B 36 [4, 3, 5, 6, 2, 4, 5, 3, 2, 6, 2, 2, 4, 1, 2, 2, 3, 2, 6, 5, 5, 2, 2, 4, 6, 6, 6, 6, 1, 4, 4, 4, 6, 6, 3, 1, 4, 6, 4, 4] [6, 3, 7, 7, 4, 4, 7, 5, 2, 8, 2, 2, 4, 3, 3, 4, 4, 2, 7, 7, 6, 4, 3, 6, 6, 7, 6, 6, 2, 4, 6, 4, 6, 8, 4, 2, 4, 6, 5, 4]
B_17 51.37000000000001 B 37 [6, 5, 3, 3, 4, 2, 3, 2, 4, 5, 6, 5, 3, 6, 3, 4, 4, 2, 5, 5, 3, 1, 3, 3, 3, 4, 4, 4, 3, 6, 6, 5, 5, 4, 3, 3, 6, 1, 1, 4] [8, 6, 5, 4, 5, 2, 4, 2, 5, 6, 6, 5, 5, 6, 5, 6, 6, 2, 5, 6, 5, 1, 5, 4, 5, 6, 6, 6, 3, 7, 6, 6, 6, 5, 3, 5, 6, 3, 2, 5]
B_18 52.37000000000001 B 38 [4, 2, 1, 5, 4, 4, 1, 1, 1, 1, 1, 5, 2, 6, 2, 1, 6, 4, 5, 6, 4, 2, 4, 4, 4, 3, 5, 3, 1, 5, 2, 3, 4, 4, 5, 3, 4, 1, 5, 1] [6, 2, 3, 5, 4, 4, 1, 3, 3, 3, 2, 7, 2, 7, 2, 3, 8, 4, 6, 7, 6, 2, 5, 6, 4, 3, 6, 3, 2, 6, 2, 4, 6, 6, 6, 5, 5, 2, 6, 1]
B_19 55.71000000000001 B 39 [6, 2, 1, 2, 5, 4, 3, 6, 3, 5, 3, 2, 4, 1, 4, 6, 5, 6, 5, 4, 2, 3, 3, 6, 6, 1, 5, 4, 3, 3, 3, 5, 3, 5, 5, 2, 4, 4, 1, 1] [7, 3, 2, 4, 5, 4, 5, 7, 3, 7, 3, 3, 5, 1, 4, 8, 7, 8, 6, 5, 3, 5, 5, 7, 6, 2, 7, 4, 5, 3, 4, 6, 5, 7, 7, 3, 4, 5, 1, 3]
