A_0 5.06 A 0 [2, 5, 3, 5, 6, 5, 5, 2, 2, 4, 3, 1, 5, 6, 2, 2, 5, 1, 1, 3, 6, 1, 4, 3, 6, 4, 4, 3, 3, 2, 4, 6, 2, 4, 5, 6, 5, 6, 1, 5] [5, 7, 7, 8, 9, 7, 9, 6, 5, 8, 7, 5, 7, 10, 5, 6, 8, 3, 3, 6, 9, 3, 8, 7, 9, 8, 6, 6, 6, 4, 7, 8, 4, 7, 7, 10, 8, 8, 4, 8]
A_1 15.719999999999999 A 1 [5, 6, 5, 6, 5, 1, 1, 5, 4, 1, 4, 3, 3, 5, 1, 5, 6, 2, 3, 5, 1, 1, 4, 1, 5, 4, 3, 5, 1, 4, 2, 6, 6, 6, 1, 1, 4, 5, 5, 3] [7, 10, 7, 10, 7, 5, 3, 7, 8, 4, 8, 6, 6, 7, 5, 7, 8, 6, 7, 8, 5, 4, 7, 5, 9, 7, 5, 7, 3, 7, 5, 8, 9, 10, 4, 4, 6, 9, 9, 6]
A_2 18.27 A 2 [3, 5, 2, 6, 2, 3, 5, 4, 4, 1, 1, 5, 3, 4, 3, 4, 4, 3, 2, 2, 5, 4, 3, 3, 3, 3, 2, 5, 4, 5, 1, 6, 3, 6, 5, 2, 3, 1, 5, 5] [7, 7, 4, 8, 5, 5, 8, 6, 8, 4, 4, 7, 7, 8, 7, 7, 7, 7, 5, 4, 8, 8, 6, 6, 6, 6, 4, 9, 7, 9, 3, 8, 7, 9, 8, 5, 7, 5, 9, 8]
A_3 21.57 A 3 [5, 6, 6, 5, 2, 4, 3, 5, 1, 1, 4, 5, 2, 3, 5, 3, 6, 4, 6, 2, 4, 6, 2, 2, 2, 5, 6, 3, 3, 5, 5, 5, 4, 4, 1, 4, 6, 6, 1, 3] [8, 10, 8, 8, 5, 8, 6, 7, 4, 4, 6, 8, 5, 6, 9, 5, 8, 7, 8, 4, 8, 9, 6, 4, 5, 7, 8, 7, 7, 9, 9, 8, 6, 7, 3, 6, 9, 8, 4, 5]
A_4 33.22 A 4 [6, 5, 2, 2, 5, 5, 2, 1, 5, 1, 5, 2, 5, 3, 2, 5, 2, 6, 6, 2, 6, 4, 6, 1, 6, 1, 1, 5, 6, 6, 3, 1, 3, 4, 1, 5, 2, 4, 5, 4] [9, 7, 5, 5, 8, 8, 6, 4, 7, 4, 8, 4, 9, 5, 6, 8, 4, 9, 8, 5, 8, 6, 10, 5, 10, 3, 5, 7, 10, 10, 5, 3, 5, 8, 3, 9, 6, 8, 7, 6]
A_5 34.64 A 5 [5, 1, 3, 4, 5, 3, 2, 4, 5, 3, 3, 3, 6, 1, 2, 5, 6, 4, 6, 2, 3, 5, 4, 2, 5, 1, 1, 1, 3, 4, 3, 1, 1, 1, 3, 1, 2, 1, 6, 2] [7, 5, 5, 8, 8, 7, 4, 6, 8, 5, 6, 7, 10, 5, 5, 9, 8, 8, 9, 4, 5, 9, 6, 6, 8, 4, 4, 5, 7, 8, 7, 4, 5, 4, 7, 3, 5, 5, 8, 5]
A_6 41.52 A 6 [5, 1, 5, 3, 2, 2, 4, 1, 5, 3, 4, 4, 6, 1, 4, 6, 5, 3, 3, 5, 3, 3, 2, 6, 4, 6, 4, 2, 1, 1, 4, 3, 5, 3, 4, 3, 5, 1, 4, 6] [9, 3, 8, 6, 6, 4, 6, 5, 8, 7, 8, 7, 10, 3, 8, 10, 8, 7, 5, 8, 5, 5, 4, 10, 6, 8, 7, 4, 4, 3, 6, 7, 7, 7, 8, 7, 7, 4, 7, 10]
A_7 48.400000000000006 A 7 [2, 5, 4, 5, 1, 4, 1, 2, 5, 6, 2, 1, 5, 5, 4, 5, 5, 1, 4, 2, 1, 5, 1, 2, 6, 4, 5, 1, 5, 2, 3, 5, 4, 4, 3, 5, 6, 2, 6, 3] [6, 7, 6, 7, 4, 6, 5, 5, 8, 8, 5, 5, 7, 9, 6, 8, 7, 4, 6, 5, 5, 8, 5, 6, 9, 8, 9, 3, 9, 6, 5, 7, 6, 6, 7, 9, 8, 4, 8, 7]
A_8 49.7 A 8 [2, 4, 4, 1, 5, 5, 5, 5, 4, 6, 1, 6, 4, 2, 1, 4, 2, 4, 3, 5, 5, 1, 2, 1, 6, 5, 3, 3, 6, 2, 4, 6, 2, 3, 5, 2, 2, 4, 4, 6] [5, 8, 8, 4, 7, 8, 8, 8, 6, 10, 4, 10, 8, 6, 3, 6, 6, 8, 7, 7, 8, 3, 6, 5, 9, 7, 5, 5, 10, 4, 8, 9, 6, 7, 8, 4, 6, 6, 6, 10]
A_9 50.7 A 9 [4, 1, 1, 1, 1, 3, 3, 6, 6, 6, 4, 5, 6, 3, 6, 5, 6, 4, 1, 1, 5, 4, 1, 1, 1, 1, 1, 6, 2, 2, 5, 4, 3, 1, 6, 6, 1, 3, 5, 2] [8, 4, 4, 4, 4, 5, 7, 8, 10, 8, 7, 7, 8, 7, 10, 9, 8, 8, 3, 4, 8, 8, 3, 5, 5, 5, 5, 9, 4, 6, 7, 8, 7, 5, 8, 8, 4, 5, 9, 5]
A_10 51.7 A 10 [3, 4, 1, 4, 5, 3, 4, 2, 1, 4, 2, 1, 5, 5, 4, 2, 3, 1, 3, 2, 3, 5, 5, 4, 1, 1, 4, 4, 3, 2, 2, 4, 1, 4, 5, 4, 4, 2, 6, 2] [7, 8, 4, 6, 8, 6, 8, 5, 4, 7, 6, 5, 7, 7, 6, 4, 6, 5, 6, 6, 6, 8, 8, 6, 3, 3, 8, 7, 5, 4, 5, 8, 5, 7, 9, 8, 6, 4, 10, 6]
A_11 54.550000000000004 A 11 [1, 3, 5, 5, 2, 3, 4, 1, 6, 5, 1, 3, 5, 2, 3, 1, 4, 2, 5, 1, 5, 1, 6, 2, 1, 4, 4, 6, 6, 5, 3, 3, 2, 5, 4, 3, 5, 4, 5, 4] [5, 6, 7, 8, 4, 7, 7, 5, 10, 7, 5, 5, 8, 4, 5, 5, 8, 5, 7, 4, 7, 3, 9, 5, 4, 7, 8, 8, 9, 8, 7, 5, 6, 8, 7, 5, 8, 7, 8, 8]
A_12 55.550000000000004 A 12 [5, 3, 3, 2, 5, 6, 6, 5, 4, 6, 5, 5, 5, 1, 4, 4, 2, 3, 2, 4, 4, 2, 6, 4, 4, 2, 1, 3, 4, 6, 1, 1, 2, 3, 2, 4, 3, 4, 6, 3] [7, 6, 7, 5, 9, 10, 10, 7, 8, 8, 7, 8, 9, 3, 6, 7, 5, 7, 4, 6, 6, 6, 9, 6, 7, 6, 4, 7, 6, 10, 3, 3, 6, 7, 6, 7, 7, 7, 9, 7]
A_13 56.980000000000004 A 13 [6, 5, 4, 3, 3, 1, 1, 5, 2, 3, 5, 2, 1, 3, 5, 1, 3, 2, 1, 5, 2, 4, 2, 4, 4, 4, 3, 5, 3, 2, 4, 3, 2, 2, 3, 2, 1, 3, 2, 6] [10, 7, 8, 6, 5, 5, 3, 9, 6, 7, 7, 4, 3, 5, 7, 4, 6, 5, 3, 8, 6, 6, 5, 8, 8, 6, 7, 9, 5, 4, 8, 7, 4, 5, 5, 6, 4, 5, 4, 10]
A_14 60.650000000000006 A 14 [2, 1, 3, 5, 2, 2, 4, 4, 1, 6, 4, 3, 4, 5, 3, 5, 5, 3, 4, 5, 3, 6, 3, 3, 1, 5, 4, 6, 1, 3, 6, 5, 3, 3, 3, 3, 5, 1, 6, 2] [5, 5, 7, 9, 6, 5, 8, 6, 3, 10, 6, 5, 6, 7, 7, 9, 8, 5, 8, 8, 7, 8, 7, 7, 5, 8, 6, 9, 5, 7, 8, 8, 6, 6, 7, 5, 8, 3, 8, 4]
A_15 62.07000000000001 A 15 [2, 5, 4, 3, 5, 5, 6, 5, 4, 5, 2, 1, 4, 1, 5, 1, 4, 2, 1, 1, 5, 4, 1, 2, 1, 3, 2, 2, 1, 1, 6, 5, 6, 6, 5, 6, 4, 1, 4, 3] [6, 7, 7, 5, 8, 9, 10, 8, 6, 9, 4, 5, 7, 4, 9, 4, 7, 6, 3, 3, 7, 8, 5, 5, 4, 7, 5, 5, 5, 3, 9, 9, 10, 9, 9, 9, 7, 5, 7, 5]
A_16 66.25 A 16 [5, 6, 4, 6, 2, 6, 5, 5, 2, 6, 3, 4, 2, 3, 5, 4, 4, 1, 3, 1, 4, 5, 3, 3, 6, 3, 5, 4, 5, 4, 3, 1, 1, 2, 3, 4, 6, 6, 1, 4] [8, 8, 7, 8, 4, 8, 8, 7, 6, 8, 6, 8, 5, 6, 8, 7, 7, 4, 6, 5, 8, 9, 7, 6, 10, 5, 8, 7, 7, 7, 6, 3, 4, 5, 7, 8, 9, 9, 5, 8]
A_17 67.25 A 17 [1, 2, 3, 4, 6, 4, 3, 1, 4, 4, 1, 2, 3, 2, 3, 2, 1, 6, 2, 5, 2, 6, 3, 4, 5, 1, 5, 2, 1, 5, 3, 5, 6, 3, 1, 1, 5, 2, 6, 4] [3, 6, 7, 7, 9, 8, 7, 4, 8, 8, 5, 5, 7, 5, 5, 6, 4, 8, 4, 9, 4, 10, 6, 7, 7, 4, 9, 6, 4, 9, 6, 7, 8, 6, 3, 5, 8, 6, 9, 7]
A_18 74.4 A 18 [1, 3, 2, 6, 6, 6, 3, 4, 3, 1, 3, 5, 2, 1, 4, 1, 3, 2, 5, 1, 2, 6, 4, 3, 2, 4, 5, 4, 4, 2, 2, 4, 3, 6, 6, 4, 4, 5, 2, 4] [3, 7, 5, 8, 8, 9, 5, 6, 7, 3, 6, 7, 4, 3, 8, 3, 6, 4, 9, 5, 4, 10, 7, 5, 6, 6, 9, 8, 7, 6, 4, 6, 6, 10, 9, 6, 8, 9, 5, 6]
A_19 75.4 A 19 [3, 5, 2, 2, 2, 2, 5, 2, 5, 1, 2, 1, 4, 5, 5, 1, 1, 5, 1, 2, 2, 1, 2, 3, 4, 4, 2, 6, 6, 6, 5, 4, 4, 2, 1, 4, 1, 3, 5, 4] [6, 8, 4, 4, 5, 4, 8, 5, 7, 4, 6, 4, 6, 8, 8, 3, 5, 9, 5, 6, 4, 5, 5, 5, 6, 7, 5, 10, 8, 10, 7, 7, 7, 5, 5, 8, 4, 6, 8, 8]
B_0 1.2 B 20 [6, 1, 5, 4, 6, 3, 3, 1, 5, 5, 3, 5, 4, 2, 3, 5, 4, 2, 2, 2, 4, 1, 2, 1, 4, 6, 6, 4, 1, 6, 5, 5, 2, 2, 1, 1, 2, 2, 5, 6] [9, 5, 8, 8, 8, 5, 5, 5, 8, 8, 6, 7, 6, 6, 7, 7, 8, 4, 4, 4, 8, 5, 4, 5, 6, 8, 10, 6, 5, 9, 8, 7, 6, 4, 3, 3, 4, 6, 7, 10]
B_1 2.9299999999999997 B 21 [1, 1, 4, 6, 4, 5, 3, 5, 1, 4, 5, 1, 2, 4, 6, 4, 5, 6, 6, 1, 1, 4, 2, 2, 4, 3, 6, 5, 4, 6, 4, 2, 5, 3, 6, 2, 5, 5, 4, 4] [3, 4, 8, 9, 6, 9, 5, 8, 3, 8, 8, 3, 6, 6, 8, 8, 9, 10, 10, 5, 5, 8, 6, 6, 8, 5, 8, 8, 6, 9, 6, 5, 7, 5, 9, 6, 9, 9, 8, 6]
B_2 6.199999999999999 B 22 [4, 4, 3, 2, 6, 4, 2, 1, 2, 1, 5, 6, 6, 2, 3, 1, 3, 3, 4, 2, 2, 2, 1, 4, 1, 2, 6, 2, 3, 3, 5, 6, 1, 4, 2, 4, 2, 6, 4, 2] [8, 7, 6, 6, 10, 6, 4, 5, 6, 3, 8, 9, 9, 5, 7, 5, 7, 6, 7, 5, 4, 6, 5, 6, 3, 4, 8, 6, 7, 5, 7, 8, 4, 7, 5, 6, 6, 8, 7, 6]
B_3 7.199999999999999 B 23 [3, 1, 3, 2, 1, 2, 6, 2, 1, 1, 4, 2, 4, 4, 3, 2, 3, 4, 3, 3, 1, 2, 4, 2, 1, 4, 6, 3, 1, 4, 5, 5, 4, 3, 3, 4, 2, 4, 6, 2] [7, 5, 6, 4, 5, 6, 10, 6, 5, 5, 6, 5, 6, 8, 7, 5, 6, 7, 5, 5, 5, 6, 6, 6, 3, 7, 9, 7, 5, 7, 9, 9, 7, 6, 6, 8, 4, 7, 9, 5]
B_4 8.2 B 24 [6, 5, 3, 2, 6, 5, 4, 6, 6, 1, 1, 1, 4, 4, 1, 1, 6, 5, 2, 4, 4, 4, 1, 1, 6, 2, 1, 3, 1, 6, 5, 2, 5, 5, 3, 5, 2, 1, 5, 3] [9, 9, 6, 5, 10, 8, 6, 9, 9, 5, 3, 4, 7, 8, 5, 4, 10, 7, 6, 6, 6, 8, 3, 3, 8, 6, 5, 7, 5, 10, 7, 6, 7, 8, 5, 7, 6, 4, 7, 6]
B_5 9.2 B 25 [4, 4, 3, 5, 1, 1, 6, 4, 5, 1, 1, 4, 2, 4, 5, 3, 3, 1, 4, 4, 6, 3, 2, 4, 2, 2, 4, 6, 4, 3, 4, 3, 1, 4, 2, 6, 4, 3, 5, 5] [8, 7, 6, 7, 3, 4, 8, 8, 7, 5, 3, 7, 6, 6, 8, 7, 5, 4, 6, 7, 8, 5, 4, 7, 6, 5, 7, 10, 6, 6, 8, 6, 3, 7, 5, 10, 6, 7, 8, 8]
B_6 12.02 B 26 [4, 3, 2, 6, 1, 1, 4, 5, 3, 1, 4, 4, 1, 3, 4, 2, 5, 5, 5, 2, 6, 6, 6, 6, 1, 4, 6, 3, 3, 2, 1, 3, 6, 3, 6, 1, 2, 6, 1, 1] [6, 5, 4, 8, 5, 4, 7, 9, 5, 5, 8, 8, 4, 7, 6, 5, 8, 9, 9, 5, 10, 8, 8, 9, 5, 7, 8, 5, 7, 4, 4, 5, 9, 7, 10, 5, 5, 8, 3, 3]
B_7 13.07 B 27 [3, 5, 5, 3, 5, 1, 2, 1, 3, 6, 4, 6, 3, 5, 6, 2, 4, 2, 4, 6, 4, 5, 2, 3, 3, 6, 3, 4, 2, 5, 4, 2, 4, 1, 1, 3, 3, 3, 3, 3] [6, 7, 9, 7, 7, 5, 4, 3, 5, 9, 7, 8, 7, 9, 9, 5, 7, 6, 8, 10, 6, 8, 6, 7, 7, 10, 5, 7, 5, 9, 6, 5, 8, 4, 5, 6, 5, 5, 6, 5]
B_8 21.73 B 28 [3, 1, 4, 3, 6, 3, 1, 5, 6, 2, 3, 6, 4, 3, 1, 1, 5, 1, 4, 6, 1, 4, 3, 1, 1, 4, 3, 2, 2, 4, 3, 4, 1, 2, 5, 2, 5, 6, 1, 3] [6, 3, 7, 7, 10, 7, 4, 9, 10, 4, 5, 9, 6, 5, 5, 5, 7, 4, 7, 8, 5, 6, 7, 5, 5, 6, 7, 5, 4, 8, 7, 7, 4, 4, 9, 4, 7, 10, 3, 5]
B_9 22.73 B 29 [2, 4, 5, 5, 6, 4, 1, 2, 2, 2, 2, 5, 6, 2, 3, 1, 4, 5, 2, 6, 6, 6, 3, 4, 6, 3, 2, 5, 4, 6, 3, 3, 3, 4, 3, 2, 3, 5, 1, 4] [4, 7, 9, 9, 10, 8, 3, 6, 4, 6, 4, 8, 10, 4, 7, 3, 7, 9, 6, 10, 9, 9, 5, 7, 10, 6, 4, 9, 8, 10, 5, 5, 5, 6, 7, 5, 5, 7, 3, 6]
B_10 23.73 B 30 [4, 2, 1, 5, 3, 3, 4, 3, 4, 5, 2, 3, 1, 4, 6, 6, 3, 3, 2, 5, 5, 4, 5, 5, 5, 4, 1, 4, 3, 3, 2, 5, 3, 3, 5, 1, 6, 1, 4, 6] [7, 5, 3, 9, 5, 7, 6, 5, 8, 7, 5, 7, 3, 8, 8, 9, 6, 6, 4, 7, 8, 6, 7, 9, 7, 8, 4, 6, 7, 5, 6, 7, 7, 5, 8, 3, 10, 5, 6, 10]
B_11 24.73 B 31 [6, 6, 6, 5, 1, 1, 3, 5, 6, 4, 4, 3, 1, 3, 5, 5, 1, 5, 4, 4, 5, 2, 6, 5, 2, 3, 3, 2, 4, 3, 5, 5, 2, 6, 2, 5, 6, 3, 6, 6] [8, 8, 8, 8, 3, 4, 7, 7, 9, 8, 8, 5, 3, 7, 8, 9, 3, 7, 6, 7, 7, 5, 8, 9, 6, 6, 5, 5, 7, 5, 7, 9, 4, 10, 5, 8, 8, 6, 10, 10]
B_12 26.830000000000002 B 32 [2, 6, 3, 4, 3, 1, 5, 4, 2, 3, 1, 2, 2, 2, 3, 6, 1, 6, 3, 4, 2, 5, 1, 4, 5, 1, 6, 4, 1, 3, 3, 2, 1, 6, 6, 4, 2, 2, 3, 3] [4, 9, 7, 6, 5, 5, 7, 6, 6, 7, 5, 6, 6, 4, 6, 10, 4, 8, 6, 7, 6, 7, 4, 7, 7, 3, 9, 8, 4, 5, 7, 4, 3, 9, 9, 8, 6, 5, 5, 5]
B_13 28.1 B 33 [4, 6, 6, 4, 4, 1, 3, 4, 3, 1, 4, 5, 3, 2, 3, 6, 2, 3, 6, 2, 2, 3, 4, 3, 5, 4, 3, 1, 2, 4, 3, 6, 6, 1, 2, 1, 4, 5, 4, 5] [7, 10, 9, 7, 8, 4, 7, 6, 7, 5, 7, 8, 7, 5, 6, 9, 5, 6, 10, 5, 4, 5, 7, 6, 8, 7, 7, 4, 4, 6, 5, 10, 9, 4, 5, 4, 8, 7, 8, 7]
B_14 32.54 B 34 [5, 1, 5, 1, 1, 3, 4, 3, 5, 6, 5, 4, 2, 3, 3, 5, 3, 1, 6, 1, 1, 6, 2, 3, 3, 2, 6, 1, 5, 3, 5, 2, 6, 2, 4, 5, 6, 2, 2, 3] [7, 4, 8, 3, 3, 7, 8, 7, 8, 8, 9, 7, 6, 5, 7, 9, 7, 3, 9, 5, 3, 9, 5, 6, 5, 5, 10, 5, 9, 7, 8, 5, 9, 5, 7, 8, 10, 6, 4, 6]
B_15 40.29 B 35 [6, 1, 2, 4, 5, 1, 3, 5, 2, 6, 4, 3, 4, 2, 3, 6, 4, 1, 4, 4, 1, 2, 4, 4, 5, 6, 1, 3, 2, 2, 1, 5, 4, 1, 5, 2, 2, 6, 2, 5] [10, 4, 5, 6, 9, 3, 7, 9, 4, 8, 8, 5, 7, 6, 5, 9, 8, 5, 6, 8, 3, 6, 6, 8, 7, 10, 5, 6, 4, 5, 3, 8, 8, 4, 8, 6, 5, 9, 4, 7]
B_16 41.97 B 36 [5, 4, 3, 6, 2, 2, 5, 6, 2, 1, 4, 5, 3, 1, 5, 4, 6, 5, 4, 1, 2, 5, 2, 2, 2, 4, 2, 3, 5, 3, 6, 6, 2, 4, 6, 2, 3, 3, 5, 3] [8, 6, 7, 9, 6, 5, 7, 8, 6, 4, 6, 8, 7, 4, 8, 7, 9, 8, 8, 4, 4, 9, 6, 4, 6, 6, 5, 5, 7, 5, 10, 8, 6, 8, 10, 5, 5, 7, 9, 7]
B_17 42.97 B 37 [6, 5, 1, 6, 4, 1, 1, 2, 4, 3, 2, 4, 4, 3, 1, 1, 6, 2, 5, 3, 2, 5, 6, 4, 1, 3, 6, 3, 6, 5, 1, 3, 2, 5, 2, 6, 3, 3, 5, 6] [8, 9, 5, 8, 8, 5, 4, 4, 6, 5, 4, 7, 7, 5, 3, 5, 9, 6, 9, 6, 6, 9, 8, 7, 4, 7, 8, 5, 10, 7, 5, 6, 5, 7, 6, 9, 7, 5, 7, 8]
B_18 43.97 B 38 [1, 5, 5, 1, 5, 6, 4, 6, 4, 5, 6, 5, 6, 2, 6, 4, 1, 6, 2, 5, 5, 4, 4, 6, 5, 5, 1, 3, 1, 1, 4, 6, 3, 4, 2, 2, 5, 5, 1, 4] [4, 9, 9, 4, 7, 8, 7, 8, 6, 9, 10, 8, 9, 4, 8, 7, 5, 9, 5, 8, 7, 8, 7, 9, 7, 8, 3, 6, 3, 3, 6, 10, 5, 8, 4, 4, 9, 7, 4, 8]
B_19 47.519999999999996 B 39 [5, 3, 5, 3, 4, 2, 6, 3, 6, 2, 2, 4, 3, 6, 2, 3, 4, 4, 4, 4, 6, 4, 2, 2, 3, 5, 1, 3, 3, 4, 6, 6, 3, 5, 3, 5, 3, 6, 4, 2] [8, 6, 8, 5, 6, 5, 10, 7, 10, 5, 6, 8, 7, 10, 4, 5, 8, 7, 6, 8, 10, 6, 6, 5, 6, 8, 3, 5, 5, 6, 10, 10, 5, 7, 6, 7, 7, 8, 8, 5]
