A_0 1 A 0 [4, 1, 1, 1, 2, 1, 1, 4, 1, 3, 2, 2, 1, 2, 2, 4, 4, 2, 1, 1, 3, 1, 1, 1, 4, 3, 3, 4, 4, 3, 4, 4, 3, 1, 4, 3, 4, 4, 4, 1] [7, 4, 4, 5, 4, 5, 4, 8, 4, 6, 5, 4, 4, 5, 6, 6, 7, 4, 5, 4, 5, 3, 5, 5, 8, 6, 5, 8, 8, 5, 7, 7, 6, 4, 7, 5, 7, 8, 7, 5]
A_1 7.06 A 1 [1, 1, 1, 3, 4, 4, 1, 1, 3, 1, 1, 3, 2, 4, 1, 3, 1, 2, 2, 2, 1, 1, 2, 2, 1, 2, 2, 3, 3, 1, 4, 1, 3, 2, 1, 1, 1, 3, 1, 3] [4, 3, 3, 7, 8, 7, 4, 5, 6, 5, 5, 5, 6, 6, 3, 7, 5, 5, 4, 6, 5, 3, 5, 6, 4, 5, 4, 7, 7, 4, 7, 5, 7, 4, 5, 5, 4, 7, 3, 5]
A_2 8.61 A 2 [1, 1, 3, 3, 1, 4, 4, 2, 2, 4, 2, 1, 3, 1, 4, 3, 4, 3, 1, 1, 3, 2, 4, 4, 4, 3, 2, 2, 3, 4, 1, 1, 2, 3, 4, 4, 1, 3, 1, 2] [4, 3, 5, 6, 4, 7, 7, 4, 6, 7, 4, 4, 6, 4, 7, 7, 8, 7, 4, 4, 5, 6, 6, 6, 6, 6, 4, 4, 5, 7, 5, 3, 6, 7, 6, 8, 4, 7, 5, 5]
A_3 11.42 A 3 [1, 3, 3, 3, 3, 2, 1, 2, 1, 2, 3, 1, 1, 4, 3, 3, 1, 3, 3, 4, 1, 2, 2, 3, 3, 2, 4, 4, 2, 3, 3, 4, 3, 3, 3, 1, 3, 1, 1, 1] [5, 7, 6, 5, 5, 5, 5, 5, 3, 5, 5, 4, 3, 6, 7, 7, 5, 7, 5, 8, 5, 4, 5, 7, 7, 4, 6, 7, 6, 6, 6, 8, 7, 6, 7, 5, 7, 3, 4, 3]
A_4 14.9 A 4 [2, 4, 1, 3, 2, 1, 4, 3, 1, 4, 3, 3, 2, 2, 1, 3, 3, 2, 3, 1, 1, 2, 1, 1, 4, 1, 3, 3, 1, 2, 1, 2, 2, 4, 2, 3, 1, 4, 4, 2] [4, 8, 4, 5, 4, 5, 7, 5, 4, 6, 7, 6, 6, 5, 5, 5, 5, 5, 5, 4, 5, 5, 5, 4, 6, 3, 5, 7, 3, 6, 5, 6, 4, 6, 4, 7, 3, 7, 6, 5]
A_5 15.9 A 5 [1, 4, 4, 2, 1, 3, 4, 3, 4, 1, 3, 1, 1, 3, 2, 2, 4, 1, 3, 3, 2, 3, 2, 2, 4, 2, 3, 1, 1, 3, 4, 3, 1, 2, 1, 1, 3, 3, 3, 4] [5, 7, 7, 5, 5, 6, 6, 7, 6, 3, 7, 5, 5, 7, 4, 4, 7, 3, 6, 7, 4, 7, 5, 5, 6, 6, 6, 3, 5, 6, 7, 6, 5, 5, 4, 3, 6, 7, 7, 6]
A_6 16.9 A 6 [1, 1, 4, 1, 4, 4, 3, 1, 1, 2, 2, 2, 4, 1, 3, 4, 1, 4, 2, 3, 2, 4, 1, 3, 4, 1, 2, 1, 3, 2, 4, 3, 1, 1, 2, 1, 4, 2, 1, 4] [4, 4, 7, 5, 7, 6, 6, 4, 4, 5, 6, 6, 8, 4, 6, 6, 4, 8, 5, 5, 5, 6, 3, 5, 7, 4, 6, 3, 7, 4, 6, 6, 4, 3, 5, 3, 7, 4, 4, 6]
A_7 21.68 A 7 [4, 1, 2, 2, 3, 3, 1, 1, 3, 1, 1, 1, 3, 3, 1, 3, 2, 3, 2, 4, 3, 1, 2, 4, 1, 2, 2, 3, 4, 3, 3, 1, 2, 4, 1, 3, 2, 4, 3, 2] [8, 5, 4, 5, 5, 7, 4, 3, 6, 3, 3, 4, 5, 7, 4, 7, 6, 5, 5, 6, 7, 3, 6, 8, 5, 6, 4, 5, 8, 7, 7, 3, 6, 6, 4, 5, 6, 7, 6, 5]
A_8 23.15 A 8 [1, 3, 2, 1, 1, 4, 1, 3, 3, 3, 4, 1, 2, 4, 2, 4, 1, 3, 3, 3, 4, 4, 4, 1, 2, 1, 2, 3, 1, 2, 4, 1, 3, 3, 4, 1, 3, 3, 4, 1] [4, 6, 6, 3, 4, 6, 4, 6, 6, 5, 7, 5, 4, 7, 6, 6, 3, 5, 7, 7, 8, 7, 7, 3, 6, 4, 4, 6, 5, 5, 8, 5, 6, 6, 8, 5, 5, 6, 8, 4]
A_9 29.07 A 9 [3, 1, 4, 2, 4, 1, 2, 1, 3, 2, 2, 1, 3, 1, 2, 3, 3, 4, 2, 1, 1, 3, 3, 4, 1, 1, 2, 1, 1, 2, 1, 3, 1, 4, 3, 4, 1, 3, 2, 3] [6, 5, 7, 5, 6, 3, 5, 3, 5, 6, 6, 3, 7, 4, 4, 5, 5, 7, 5, 5, 3, 5, 6, 8, 5, 3, 5, 5, 3, 6, 5, 5, 4, 7, 6, 7, 5, 7, 6, 7]
A_10 30.07 A 10 [2, 1, 2, 3, 3, 3, 2, 1, 4, 2, 4, 4, 1, 3, 4, 4, 1, 4, 4, 2, 2, 3, 2, 1, 3, 1, 3, 4, 1, 2, 1, 4, 1, 1, 1, 2, 4, 3, 1, 3] [5, 5, 4, 5, 7, 7, 6, 3, 7, 6, 6, 8, 4, 6, 8, 7, 5, 8, 8, 6, 4, 7, 4, 5, 6, 5, 7, 7, 4, 6, 5, 7, 3, 3, 3, 4, 6, 6, 3, 5]
A_11 31.9 A 11 [2, 3, 1, 1, 3, 1, 2, 1, 1, 1, 4, 4, 3, 4, 4, 2, 2, 3, 4, 2, 4, 3, 4, 4, 1, 1, 3, 1, 2, 2, 3, 3, 1, 2, 2, 3, 1, 2, 1, 4] [4, 5, 4, 4, 6, 5, 6, 4, 5, 3, 8, 6, 6, 7, 6, 5, 5, 6, 8, 5, 8, 6, 7, 8, 3, 3, 5, 5, 6, 5, 5, 5, 5, 5, 6, 5, 5, 5, 5, 6]
A_12 34.76 A 12 [1, 2, 3, 1, 2, 1, 4, 3, 2, 3, 1, 3, 1, 4, 1, 3, 2, 3, 2, 4, 2, 1, 3, 1, 3, 2, 4, 1, 1, 2, 3, 3, 4, 4, 3, 3, 4, 2, 1, 2] [4, 6, 6, 3, 6, 5, 8, 5, 4, 7, 4, 6, 5, 6, 4, 6, 6, 7, 6, 7, 5, 4, 5, 3, 6, 4, 6, 5, 4, 5, 6, 7, 8, 8, 7, 6, 6, 6, 4, 6]
A_13 39.03 A 13 [2, 4, 1, 4, 2, 3, 1, 3, 4, 1, 3, 4, 4, 1, 2, 3, 1, 1, 4, 2, 2, 2, 1, 1, 4, 1, 4, 4, 2, 4, 4, 4, 1, 1, 1, 2, 1, 3, 4, 1] [5, 6, 4, 6, 5, 7, 4, 7, 7, 4, 6, 7, 6, 4, 5, 6, 3, 5, 6, 5, 6, 5, 5, 5, 8, 5, 7, 6, 5, 8, 6, 6, 4, 3, 4, 5, 5, 5, 6, 5]
A_14 40.370000000000005 A 14 [2, 1, 4, 3, 1, 2, 3, 1, 2, 2, 4, 4, 1, 2, 3, 2, 3, 2, 1, 3, 3, 1, 3, 4, 2, 3, 4, 1, 1, 4, 3, 1, 4, 3, 3, 2, 3, 4, 1, 3] [6, 3, 7, 7, 5, 4, 6, 4, 6, 4, 8, 6, 4, 5, 6, 4, 6, 5, 4, 6, 7, 3, 7, 7, 6, 7, 7, 4, 4, 6, 5, 4, 6, 6, 5, 5, 7, 8, 5, 5]
A_15 41.370000000000005 A 15 [4, 3, 3, 3, 3, 2, 4, 3, 4, 3, 4, 2, 3, 3, 2, 3, 4, 4, 3, 2, 3, 1, 3, 2, 2, 3, 2, 3, 4, 3, 4, 1, 2, 1, 4, 3, 2, 2, 1, 2] [6, 7, 7, 7, 5, 4, 6, 7, 6, 5, 7, 5, 6, 6, 4, 6, 8, 6, 7, 6, 7, 3, 6, 4, 6, 7, 4, 5, 6, 5, 6, 3, 4, 3, 7, 5, 6, 6, 3, 5]
A_16 42.81 A 16 [4, 1, 4, 1, 3, 4, 1, 2, 1, 3, 1, 2, 2, 1, 3, 4, 1, 4, 4, 4, 1, 4, 2, 4, 2, 2, 2, 2, 3, 2, 2, 1, 1, 1, 3, 2, 2, 3, 3, 4] [7, 5, 8, 5, 5, 7, 4, 6, 3, 5, 5, 5, 6, 3, 6, 8, 5, 7, 7, 6, 5, 7, 4, 7, 4, 6, 5, 4, 6, 5, 4, 5, 5, 4, 5, 6, 4, 5, 5, 7]
A_17 51.09 A 17 [2, 2, 3, 3, 2, 1, 4, 3, 3, 4, 4, 3, 3, 1, 2, 4, 4, 2, 3, 1, 3, 4, 1, 1, 1, 2, 1, 3, 2, 2, 2, 1, 4, 2, 2, 1, 2, 2, 2, 4] [4, 5, 7, 7, 5, 3, 8, 5, 5, 7, 8, 6, 7, 5, 5, 6, 7, 6, 6, 4, 5, 8, 3, 3, 3, 4, 4, 5, 4, 4, 4, 3, 7, 6, 5, 5, 6, 5, 4, 7]
A_18 54.650000000000006 A 18 [1, 2, 1, 3, 3, 3, 2, 2, 3, 2, 4, 4, 2, 4, 1, 3, 4, 3, 3, 1, 3, 1, 2, 1, 1, 2, 1, 1, 1, 3, 4, 4, 3, 1, 1, 1, 4, 1, 2, 4] [5, 4, 4, 5, 5, 6, 5, 5, 7, 5, 8, 8, 6, 6, 4, 7, 7, 6, 7, 5, 5, 3, 6, 5, 3, 6, 3, 4, 4, 5, 6, 7, 5, 3, 4, 5, 7, 4, 4, 7]
A_19 56.940000000000005 A 19 [1, 2, 1, 4, 1, 3, 3, 4, 3, 1, 2, 2, 4, 2, 3, 2, 4, 1, 1, 3, 1, 2, 4, 4, 1, 2, 3, 2, 3, 1, 3, 1, 1, 4, 1, 4, 1, 4, 4, 4] [4, 6, 4, 8, 4, 7, 5, 6, 7, 5, 6, 5, 7, 5, 6, 6, 6, 4, 5, 7, 3, 5, 7, 7, 4, 5, 7, 6, 5, 5, 7, 4, 5, 6, 4, 6, 4, 7, 6, 8]
B_0 1.94 B 20 [3, 1, 3, 1, 1, 2, 2, 3, 4, 1, 2, 4, 2, 2, 3, 3, 1, 3, 3, 1, 3, 3, 3, 4, 1, 3, 3, 2, 2, 1, 1, 3, 2, 2, 3, 4, 2, 1, 4, 3] [5, 5, 5, 5, 5, 4, 5, 7, 8, 3, 4, 8, 5, 6, 7, 7, 5, 5, 5, 3, 6, 6, 7, 7, 5, 7, 6, 4, 6, 4, 5, 7, 5, 6, 5, 7, 5, 3, 8, 6]
B_1 8.02 B 21 [1, 1, 2, 2, 2, 3, 4, 1, 4, 3, 3, 3, 1, 2, 1, 1, 4, 4, 1, 2, 3, 3, 4, 1, 1, 4, 1, 2, 2, 2, 4, 1, 1, 3, 2, 4, 1, 2, 3, 2] [3, 3, 6, 4, 5, 7, 6, 3, 7, 5, 7, 6, 4, 5, 3, 3, 7, 8, 3, 5, 6, 6, 8, 3, 4, 6, 5, 6, 5, 4, 7, 4, 3, 6, 6, 6, 5, 6, 7, 4]
B_2 12.12 B 22 [1, 2, 4, 2, 1, 2, 1, 2, 4, 3, 2, 4, 3, 1, 3, 3, 2, 1, 2, 4, 3, 4, 3, 4, 1, 2, 3, 1, 3, 2, 4, 4, 3, 3, 2, 3, 4, 1, 3, 1] [5, 5, 6, 5, 5, 5, 3, 6, 7, 6, 4, 7, 5, 5, 7, 6, 4, 3, 6, 7, 7, 8, 7, 6, 3, 6, 7, 4, 5, 4, 6, 7, 5, 6, 5, 5, 8, 5, 7, 3]
B_3 15.03 B 23 [1, 2, 4, 3, 1, 2, 3, 4, 1, 4, 1, 4, 1, 1, 4, 2, 4, 1, 1, 4, 4, 1, 4, 2, 4, 3, 2, 1, 2, 4, 2, 2, 1, 2, 3, 4, 4, 3, 3, 3] [5, 6, 6, 7, 4, 5, 5, 8, 3, 8, 5, 8, 3, 5, 7, 4, 7, 3, 5, 7, 7, 3, 6, 5, 8, 5, 4, 4, 4, 8, 6, 6, 4, 4, 5, 8, 8, 6, 7, 6]
B_4 24.96 B 24 [4, 1, 4, 3, 4, 4, 4, 1, 2, 1, 3, 1, 3, 4, 2, 2, 2, 1, 1, 1, 1, 1, 1, 4, 1, 3, 3, 2, 3, 3, 2, 3, 2, 1, 3, 4, 1, 1, 4, 4] [8, 4, 6, 7, 6, 6, 7, 5, 6, 5, 6, 3, 6, 8, 6, 6, 4, 3, 3, 4, 5, 4, 3, 8, 4, 6, 6, 6, 7, 7, 4, 6, 5, 4, 5, 8, 5, 5, 8, 8]
B_5 25.96 B 25 [3, 2, 3, 2, 1, 2, 1, 2, 1, 1, 1, 1, 2, 1, 3, 3, 2, 2, 2, 2, 3, 4, 2, 3, 3, 2, 4, 4, 4, 1, 3, 2, 1, 2, 3, 2, 1, 1, 4, 1] [6, 5, 6, 4, 3, 6, 4, 6, 4, 3, 5, 3, 4, 5, 7, 7, 6, 4, 6, 5, 7, 6, 6, 5, 6, 4, 8, 8, 6, 5, 5, 6, 4, 4, 7, 5, 5, 5, 7, 4]
B_6 30.72 B 26 [3, 2, 2, 4, 3, 3, 2, 2, 2, 2, 3, 3, 4, 4, 4, 2, 2, 1, 1, 3, 3, 1, 3, 2, 3, 4, 2, 4, 3, 3, 1, 4, 2, 2, 1, 3, 2, 3, 1, 2] [5, 4, 4, 6, 5, 6, 6, 4, 4, 5, 7, 5, 6, 7, 7, 4, 5, 4, 3, 7, 6, 5, 7, 4, 6, 8, 4, 7, 6, 5, 3, 6, 5, 5, 5, 7, 6, 6, 5, 6]
B_7 34.1 B 27 [4, 3, 2, 4, 3, 1, 1, 3, 3, 1, 4, 1, 1, 4, 1, 3, 2, 3, 1, 2, 2, 2, 1, 1, 2, 4, 4, 3, 1, 1, 3, 4, 1, 3, 4, 2, 1, 2, 4, 1] [8, 7, 4, 7, 7, 3, 3, 5, 6, 5, 7, 5, 5, 6, 4, 5, 4, 5, 4, 6, 4, 6, 4, 4, 6, 8, 7, 7, 4, 5, 5, 8, 3, 6, 6, 5, 4, 4, 6, 4]
B_8 35.1 B 28 [4, 3, 3, 2, 1, 1, 3, 4, 1, 1, 1, 2, 1, 2, 1, 4, 3, 2, 1, 3, 2, 2, 3, 2, 3, 4, 3, 1, 4, 4, 4, 1, 4, 2, 4, 1, 4, 3, 4, 1] [8, 7, 5, 6, 3, 5, 7, 8, 5, 3, 4, 6, 4, 5, 4, 6, 6, 4, 4, 5, 6, 5, 5, 4, 7, 6, 6, 4, 8, 7, 6, 3, 8, 5, 7, 5, 6, 6, 8, 4]
B_9 38.160000000000004 B 29 [3, 1, 4, 3, 2, 3, 2, 3, 2, 2, 2, 2, 2, 4, 4, 3, 2, 2, 3, 1, 1, 2, 2, 4, 3, 1, 3, 1, 4, 1, 3, 4, 1, 1, 1, 3, 2, 3, 4, 3] [5, 4, 7, 6, 6, 6, 4, 7, 5, 6, 6, 5, 5, 8, 6, 5, 5, 4, 5, 5, 4, 4, 4, 8, 7, 5, 5, 5, 7, 4, 5, 7, 4, 5, 4, 5, 4, 5, 6, 5]
B_10 39.160000000000004 B 30 [4, 4, 1, 3, 1, 4, 4, 3, 4, 1, 1, 3, 3, 4, 3, 4, 2, 2, 4, 3, 1, 4, 4, 2, 2, 3, 1, 3, 4, 3, 4, 3, 2, 3, 4, 3, 1, 2, 4, 4] [7, 7, 5, 6, 5, 7, 6, 7, 8, 5, 5, 5, 6, 6, 5, 6, 4, 4, 6, 7, 5, 7, 6, 6, 4, 5, 3, 5, 6, 5, 6, 6, 6, 5, 7, 7, 5, 5, 8, 7]
B_11 43.02 B 31 [4, 1, 1, 4, 2, 3, 3, 1, 1, 3, 4, 3, 3, 4, 1, 1, 1, 1, 4, 1, 3, 1, 4, 2, 3, 2, 4, 4, 1, 4, 3, 3, 2, 2, 4, 2, 1, 1, 2, 2] [7, 5, 3, 8, 6, 6, 6, 3, 5, 5, 7, 5, 7, 6, 4, 3, 5, 3, 7, 4, 7, 4, 7, 6, 6, 6, 6, 8, 3, 7, 6, 5, 5, 6, 6, 6, 3, 5, 6, 4]
B_12 44.5 B 32 [3, 3, 2, 3, 2, 1, 1, 2, 3, 1, 1, 1, 4, 1, 4, 2, 1, 4, 3, 1, 2, 1, 3, 1, 2, 1, 2, 1, 4, 1, 2, 2, 3, 4, 2, 1, 4, 2, 2, 4] [6, 7, 6, 7, 4, 5, 4, 6, 6, 4, 3, 5, 8, 4, 6, 4, 5, 7, 5, 5, 5, 3, 5, 4, 5, 4, 5, 3, 8, 4, 6, 5, 5, 6, 4, 3, 8, 5, 6, 6]
B_13 47.55 B 33 [1, 2, 3, 3, 4, 2, 1, 4, 3, 4, 1, 2, 4, 1, 3, 1, 1, 2, 1, 4, 2, 3, 3, 2, 1, 2, 2, 3, 2, 1, 3, 2, 4, 2, 1, 4, 2, 1, 3, 4] [4, 4, 7, 6, 6, 5, 3, 6, 6, 7, 3, 5, 8, 3, 6, 3, 4, 6, 3, 6, 6, 6, 6, 4, 4, 4, 5, 6, 5, 5, 5, 6, 6, 4, 3, 7, 4, 3, 6, 7]
B_14 48.55 B 34 [4, 1, 4, 3, 2, 1, 2, 1, 4, 3, 1, 2, 3, 1, 3, 4, 3, 2, 1, 1, 3, 2, 2, 3, 3, 3, 1, 4, 4, 1, 4, 4, 2, 1, 4, 1, 4, 2, 1, 1] [7, 5, 6, 7, 4, 4, 5, 4, 8, 6, 3, 6, 7, 4, 5, 7, 5, 5, 4, 4, 5, 6, 5, 5, 5, 7, 5, 6, 7, 4, 7, 6, 4, 3, 8, 4, 7, 5, 5, 3]
B_15 49.55 B 35 [3, 1, 4, 1, 3, 1, 1, 3, 1, 4, 2, 3, 3, 2, 2, 3, 2, 1, 1, 4, 4, 4, 3, 4, 4, 2, 3, 2, 1, 3, 3, 2, 1, 4, 1, 4, 4, 4, 4, 3] [5, 5, 8, 5, 7, 3, 3, 5, 5, 7, 4, 5, 6, 5, 5, 5, 6, 5, 5, 6, 7, 6, 5, 8, 8, 5, 7, 5, 5, 5, 7, 6, 3, 7, 4, 7, 8, 6, 7, 5]
B_16 53.699999999999996 B 36 [4, 1, 1, 3, 1, 3, 4, 2, 3, 1, 4, 1, 4, 1, 3, 2, 2, 2, 4, 1, 2, 1, 4, 4, 1, 1, 2, 1, 4, 2, 1, 1, 4, 2, 4, 4, 1, 1, 3, 1] [7, 4, 4, 7, 3, 6, 7, 6, 5, 5, 6, 5, 6, 5, 7, 6, 4, 6, 7, 4, 5, 5, 8, 8, 5, 5, 6, 4, 6, 4, 5, 3, 8, 4, 7, 8, 3, 3, 7, 4]
B_17 56.099999999999994 B 37 [4, 3, 3, 1, 4, 3, 2, 4, 3, 3, 3, 2, 2, 3, 4, 2, 3, 2, 1, 4, 1, 2, 1, 3, 1, 1, 3, 2, 3, 3, 2, 1, 2, 1, 2, 4, 1, 1, 4, 4] [8, 7, 7, 3, 7, 7, 4, 7, 6, 7, 6, 5, 6, 5, 8, 6, 5, 5, 4, 7, 3, 6, 5, 6, 5, 5, 6, 4, 6, 5, 5, 5, 5, 3, 5, 6, 3, 3, 7, 6]
B_18 61.61999999999999 B 38 [4, 1, 1, 1, 4, 3, 1, 3, 4, 2, 1, 1, 1, 4, 1, 1, 3, 2, 2, 4, 4, 3, 3, 3, 4, 4, 1, 4, 4, 4, 4, 2, 2, 3, 1, 4, 3, 4, 1, 3] [7, 3, 5, 4, 6, 7, 4, 6, 8, 6, 3, 5, 4, 6, 5, 3, 5, 4, 4, 6, 8, 7, 7, 7, 8, 7, 5, 6, 8, 6, 8, 6, 6, 6, 5, 7, 7, 7, 4, 5]
B_19 62.709999999999994 B 39 [1, 3, 2, 1, 2, 4, 4, 2, 1, 3, 3, 4, 2, 1, 3, 2, 4, 4, 4, 4, 3, 2, 1, 3, 4, 1, 2, 1, 1, 3, 4, 2, 4, 4, 1, 3, 1, 4, 3, 2] [5, 5, 5, 3, 5, 6, 6, 5, 4, 7, 5, 6, 6, 5, 5, 5, 7, 7, 7, 8, 6, 4, 3, 6, 8, 4, 6, 4, 4, 5, 7, 4, 6, 7, 3, 5, 4, 6, 5, 5]
