A_0 0 A 0 [0, 2, 3, 1, 4, 1, 3, 1, 5, 4, 5, 6, 4, 2, 4, 2, 3, 2, 3, 1, 1, 5, 6, 2, 3, 5, 3, 4, 1, 5, 6, 4, 2, 4, 4, 5, 4, 5, 1, 2] [0, 6, 7, 5, 8, 6, 8, 4, 10, 8, 10, 9, 7, 6, 9, 6, 7, 6, 8, 5, 4, 9, 10, 5, 7, 8, 8, 8, 4, 10, 9, 8, 6, 9, 9, 9, 7, 9, 6, 5]
A_1 1 A 1 [2, 0, 6, 4, 6, 2, 3, 1, 2, 3, 4, 6, 4, 5, 6, 1, 3, 1, 5, 3, 4, 6, 6, 6, 6, 6, 5, 3, 4, 5, 1, 2, 4, 4, 3, 3, 3, 3, 4, 5] [6, 0, 9, 7, 10, 6, 8, 6, 7, 8, 9, 9, 8, 10, 11, 5, 7, 6, 9, 6, 8, 11, 9, 9, 10, 11, 9, 7, 7, 10, 6, 6, 7, 8, 7, 8, 7, 7, 7, 10]
B_0 1 B 2 [3, 6, 0, 5, 2, 5, 6, 3, 1, 2, 2, 5, 4, 1, 6, 6, 3, 3, 1, 5, 4, 5, 4, 2, 5, 1, 4, 2, 3, 3, 2, 5, 1, 2, 3, 4, 5, 6, 4, 3] [7, 9, 0, 9, 5, 8, 9, 6, 4, 7, 7, 10, 8, 5, 10, 11, 8, 7, 5, 9, 9, 10, 9, 6, 9, 6, 7, 5, 6, 7, 5, 10, 6, 6, 7, 8, 9, 11, 8, 6]
A_2 2 A 3 [1, 4, 5, 0, 4, 3, 2, 4, 4, 5, 5, 1, 5, 5, 3, 3, 3, 2, 3, 4, 5, 4, 2, 6, 5, 4, 1, 1, 4, 1, 3, 4, 4, 4, 2, 2, 3, 2, 5, 6] [5, 7, 9, 0, 9, 6, 7, 8, 7, 10, 9, 6, 8, 10, 7, 7, 7, 6, 7, 8, 9, 9, 5, 11, 8, 7, 4, 4, 9, 5, 8, 9, 7, 8, 7, 5, 8, 5, 9, 10]
B_1 2 B 4 [4, 6, 2, 4, 0, 4, 3, 3, 1, 1, 5, 2, 4, 5, 3, 3, 5, 2, 5, 6, 4, 1, 3, 4, 1, 3, 2, 1, 4, 5, 2, 6, 3, 2, 4, 6, 1, 5, 3, 5] [8, 10, 5, 9, 0, 7, 7, 8, 5, 4, 8, 7, 8, 9, 8, 6, 8, 7, 9, 11, 8, 5, 6, 7, 4, 8, 6, 5, 9, 8, 5, 10, 6, 6, 8, 9, 5, 8, 6, 8]
B_2 3 B 5 [1, 2, 5, 3, 4, 0, 6, 5, 3, 3, 2, 3, 1, 6, 5, 5, 3, 2, 3, 6, 1, 2, 4, 2, 4, 6, 3, 1, 1, 3, 4, 5, 2, 6, 2, 6, 4, 4, 3, 2] [6, 6, 8, 6, 7, 0, 9, 10, 6, 8, 5, 6, 6, 11, 8, 9, 7, 6, 6, 10, 6, 5, 8, 5, 9, 11, 8, 5, 6, 8, 8, 8, 7, 9, 7, 9, 7, 9, 7, 6]
B_3 6 B 6 [3, 3, 6, 2, 3, 6, 0, 4, 6, 5, 2, 3, 2, 5, 2, 5, 6, 1, 5, 5, 5, 6, 4, 3, 4, 4, 3, 3, 2, 6, 3, 3, 5, 4, 4, 3, 2, 2, 2, 2] [8, 8, 9, 7, 7, 9, 0, 9, 9, 9, 5, 6, 5, 9, 5, 9, 9, 5, 9, 8, 10, 9, 9, 6, 7, 9, 8, 6, 7, 9, 7, 7, 10, 8, 9, 7, 5, 5, 7, 7]
A_3 7 A 7 [1, 1, 3, 4, 3, 5, 4, 0, 4, 3, 3, 5, 5, 1, 4, 6, 3, 5, 5, 2, 1, 1, 3, 1, 1, 6, 6, 5, 1, 6, 6, 4, 4, 4, 4, 6, 4, 4, 4, 4] [4, 6, 6, 8, 8, 10, 9, 0, 9, 6, 6, 9, 10, 4, 7, 10, 7, 10, 8, 5, 4, 6, 7, 5, 5, 11, 10, 8, 4, 9, 9, 8, 7, 9, 9, 11, 7, 8, 9, 9]
B_4 7 B 8 [5, 2, 1, 4, 1, 3, 6, 4, 0, 4, 3, 6, 4, 5, 5, 3, 6, 3, 1, 3, 6, 5, 2, 2, 1, 2, 6, 2, 6, 3, 6, 4, 3, 4, 1, 1, 2, 1, 2, 5] [10, 7, 4, 7, 5, 6, 9, 9, 0, 8, 8, 9, 9, 8, 8, 6, 10, 6, 4, 6, 10, 10, 7, 7, 6, 5, 9, 6, 11, 6, 10, 9, 6, 8, 6, 5, 7, 4, 6, 9]
B_5 9 B 9 [4, 3, 2, 5, 1, 3, 5, 3, 4, 0, 2, 3, 2, 2, 2, 3, 2, 4, 2, 5, 5, 6, 1, 4, 1, 5, 5, 1, 1, 5, 6, 2, 4, 5, 2, 6, 5, 1, 5, 1] [8, 8, 7, 10, 4, 8, 9, 6, 8, 0, 5, 7, 7, 6, 5, 7, 6, 8, 7, 8, 9, 10, 6, 9, 6, 9, 9, 5, 5, 8, 10, 5, 9, 9, 5, 10, 9, 4, 8, 5]
A_4 10 A 10 [5, 4, 2, 5, 5, 2, 2, 3, 3, 2, 0, 2, 5, 3, 2, 3, 4, 2, 2, 6, 1, 5, 4, 2, 3, 1, 4, 3, 4, 3, 1, 2, 5, 2, 2, 5, 4, 4, 5, 3] [10, 9, 7, 9, 8, 5, 5, 6, 8, 5, 0, 5, 10, 7, 6, 7, 8, 7, 6, 10, 6, 9, 7, 5, 8, 4, 8, 8, 8, 6, 5, 6, 8, 6, 7, 10, 8, 9, 10, 6]
B_6 10 B 11 [6, 6, 5, 1, 2, 3, 3, 5, 6, 3, 2, 0, 2, 6, 4, 5, 1, 2, 4, 3, 4, 6, 2, 2, 4, 2, 5, 1, 1, 1, 1, 3, 6, 3, 3, 2, 1, 5, 3, 5] [9, 9, 10, 6, 7, 6, 6, 9, 9, 7, 5, 0, 6, 9, 8, 9, 5, 6, 7, 7, 9, 9, 7, 7, 7, 6, 10, 4, 6, 4, 6, 6, 9, 7, 7, 7, 5, 9, 6, 8]
A_5 11 A 12 [4, 4, 4, 5, 4, 1, 2, 5, 4, 2, 5, 2, 0, 3, 2, 1, 5, 1, 1, 2, 5, 3, 6, 5, 1, 1, 6, 6, 5, 2, 5, 3, 5, 4, 2, 2, 6, 6, 5, 4] [7, 8, 8, 8, 8, 6, 5, 10, 9, 7, 10, 6, 0, 8, 5, 6, 9, 4, 6, 6, 9, 8, 11, 8, 4, 5, 11, 10, 9, 7, 9, 8, 10, 7, 6, 5, 9, 11, 8, 8]
B_7 11 B 13 [2, 5, 1, 5, 5, 6, 5, 1, 5, 2, 3, 6, 3, 0, 3, 2, 4, 6, 1, 4, 1, 3, 1, 4, 5, 4, 1, 2, 6, 5, 3, 4, 5, 4, 6, 3, 6, 1, 6, 5] [6, 10, 5, 10, 9, 11, 9, 4, 8, 6, 7, 9, 8, 0, 6, 5, 9, 9, 6, 9, 6, 8, 6, 9, 10, 8, 4, 7, 9, 9, 8, 9, 9, 9, 10, 8, 10, 6, 10, 9]
A_6 12 A 14 [4, 6, 6, 3, 3, 5, 2, 4, 5, 2, 2, 4, 2, 3, 0, 4, 1, 5, 1, 1, 5, 2, 3, 3, 2, 1, 6, 4, 4, 6, 3, 3, 4, 2, 1, 5, 4, 2, 1, 3] [9, 11, 10, 7, 8, 8, 5, 7, 8, 5, 6, 8, 5, 6, 0, 9, 5, 8, 4, 4, 10, 6, 7, 7, 7, 4, 10, 9, 7, 11, 8, 8, 8, 6, 4, 10, 9, 7, 5, 6]
A_7 13 A 15 [2, 1, 6, 3, 3, 5, 5, 6, 3, 3, 3, 5, 1, 2, 4, 0, 1, 3, 4, 3, 1, 3, 1, 3, 6, 1, 4, 3, 4, 4, 2, 2, 2, 2, 6, 6, 1, 4, 1, 5] [6, 5, 11, 7, 6, 9, 9, 10, 6, 7, 7, 9, 6, 5, 9, 0, 5, 8, 7, 8, 6, 8, 5, 7, 9, 5, 9, 7, 8, 7, 5, 6, 6, 6, 11, 10, 5, 8, 5, 9]
B_8 14 B 16 [3, 3, 3, 3, 5, 3, 6, 3, 6, 2, 4, 1, 5, 4, 1, 1, 0, 2, 5, 1, 4, 2, 3, 3, 2, 5, 5, 6, 2, 5, 5, 4, 4, 6, 6, 3, 2, 2, 1, 6] [7, 7, 8, 7, 8, 7, 9, 7, 10, 6, 8, 5, 9, 9, 5, 5, 0, 7, 10, 6, 9, 5, 8, 7, 5, 10, 10, 11, 6, 9, 10, 9, 8, 11, 11, 6, 6, 5, 4, 11]
A_8 15 A 17 [2, 1, 3, 2, 2, 2, 1, 5, 3, 4, 2, 2, 1, 6, 5, 3, 2, 0, 6, 5, 2, 5, 5, 3, 6, 5, 4, 5, 5, 5, 6, 6, 3, 1, 5, 1, 4, 6, 2, 6] [6, 6, 7, 6, 7, 6, 5, 10, 6, 8, 7, 6, 4, 9, 8, 8, 7, 0, 9, 10, 7, 10, 9, 8, 11, 8, 7, 10, 8, 8, 9, 9, 7, 6, 10, 4, 9, 10, 7, 10]
B_9 16 B 18 [3, 5, 1, 3, 5, 3, 5, 5, 1, 2, 2, 4, 1, 1, 1, 4, 5, 6, 0, 5, 3, 5, 5, 5, 4, 1, 4, 2, 2, 3, 2, 1, 4, 1, 1, 3, 2, 5, 4, 6] [8, 9, 5, 7, 9, 6, 9, 8, 4, 7, 6, 7, 6, 6, 4, 7, 10, 9, 0, 8, 6, 10, 10, 9, 7, 5, 8, 6, 7, 8, 5, 6, 9, 6, 6, 6, 7, 10, 9, 11]
B_10 19 B 19 [1, 3, 5, 4, 6, 6, 5, 2, 3, 5, 6, 3, 2, 4, 1, 3, 1, 5, 5, 0, 1, 1, 6, 2, 4, 4, 5, 4, 6, 2, 2, 1, 6, 2, 6, 1, 6, 5, 5, 4] [5, 6, 9, 8, 11, 10, 8, 5, 6, 8, 10, 7, 6, 9, 4, 8, 6, 10, 8, 0, 4, 6, 11, 6, 9, 9, 9, 7, 10, 6, 7, 4, 11, 5, 10, 4, 10, 9, 8, 8]
A_9 20 A 20 [1, 4, 4, 5, 4, 1, 5, 1, 6, 5, 1, 4, 5, 1, 5, 1, 4, 2, 3, 1, 0, 4, 3, 5, 1, 3, 3, 6, 4, 4, 4, 5, 2, 5, 6, 3, 6, 5, 1, 2] [4, 8, 9, 9, 8, 6, 10, 4, 10, 9, 6, 9, 9, 6, 10, 6, 9, 7, 6, 4, 0, 9, 8, 9, 4, 6, 6, 10, 8, 7, 7, 10, 5, 8, 10, 6, 10, 8, 6, 5]
A_10 21 A 21 [5, 6, 5, 4, 1, 2, 6, 1, 5, 6, 5, 6, 3, 3, 2, 3, 2, 5, 5, 1, 4, 0, 6, 1, 5, 6, 2, 3, 2, 3, 3, 6, 1, 1, 3, 6, 6, 1, 6, 2] [9, 11, 10, 9, 5, 5, 9, 6, 10, 10, 9, 9, 8, 8, 6, 8, 5, 10, 10, 6, 9, 0, 11, 6, 10, 11, 7, 6, 7, 6, 7, 11, 6, 4, 7, 10, 10, 6, 10, 7]
A_11 22 A 22 [6, 6, 4, 2, 3, 4, 4, 3, 2, 1, 4, 2, 6, 1, 3, 1, 3, 5, 5, 6, 3, 6, 0, 5, 5, 6, 1, 1, 3, 3, 6, 1, 2, 3, 6, 6, 2, 6, 1, 5] [10, 9, 9, 5, 6, 8, 9, 7, 7, 6, 7, 7, 11, 6, 7, 5, 8, 9, 10, 11, 8, 11, 0, 10, 10, 10, 4, 5, 7, 6, 10, 5, 6, 7, 11, 9, 6, 11, 4, 10]
B_11 22 B 23 [2, 6, 2, 6, 4, 2, 3, 1, 2, 4, 2, 2, 5, 4, 3, 3, 3, 3, 5, 2, 5, 1, 5, 0, 5, 1, 3, 1, 1, 4, 3, 3, 4, 5, 5, 1, 6, 3, 4, 3] [5, 9, 6, 11, 7, 5, 6, 5, 7, 9, 5, 7, 8, 9, 7, 7, 7, 8, 9, 6, 9, 6, 10, 0, 9, 4, 7, 4, 6, 9, 6, 6, 8, 9, 8, 5, 10, 6, 8, 6]
A_12 23 A 24 [3, 6, 5, 5, 1, 4, 4, 1, 1, 1, 3, 4, 1, 5, 2, 6, 2, 6, 4, 4, 1, 5, 5, 5, 0, 1, 5, 6, 2, 1, 2, 1, 1, 4, 5, 5, 1, 4, 4, 1] [7, 10, 9, 8, 4, 9, 7, 5, 6, 6, 8, 7, 4, 10, 7, 9, 5, 11, 7, 9, 4, 10, 10, 9, 0, 5, 9, 11, 7, 4, 7, 5, 6, 7, 8, 10, 4, 7, 8, 6]
A_13 24 A 25 [5, 6, 1, 4, 3, 6, 4, 6, 2, 5, 1, 2, 1, 4, 1, 1, 5, 5, 1, 4, 3, 6, 6, 1, 1, 0, 1, 5, 2, 6, 2, 1, 4, 6, 2, 6, 3, 5, 1, 2] [8, 11, 6, 7, 8, 11, 9, 11, 5, 9, 4, 6, 5, 8, 4, 5, 10, 8, 5, 9, 6, 11, 10, 4, 5, 0, 4, 10, 7, 11, 6, 5, 8, 10, 7, 9, 8, 10, 6, 6]
A_14 26 A 26 [3, 5, 4, 1, 2, 3, 3, 6, 6, 5, 4, 5, 6, 1, 6, 4, 5, 4, 4, 5, 3, 2, 1, 3, 5, 1, 0, 2, 5, 5, 6, 2, 5, 3, 6, 6, 2, 5, 6, 6] [8, 9, 7, 4, 6, 8, 8, 10, 9, 9, 8, 10, 11, 4, 10, 9, 10, 7, 8, 9, 6, 7, 4, 7, 9, 4, 0, 7, 8, 8, 11, 5, 10, 7, 10, 9, 6, 8, 10, 10]
B_12 29 B 27 [4, 3, 2, 1, 1, 1, 3, 5, 2, 1, 3, 1, 6, 2, 4, 3, 6, 5, 2, 4, 6, 3, 1, 1, 6, 5, 2, 0, 4, 2, 2, 3, 5, 1, 6, 3, 1, 2, 5, 4] [8, 7, 5, 4, 5, 5, 6, 8, 6, 5, 8, 4, 10, 7, 9, 7, 11, 10, 6, 7, 10, 6, 5, 4, 11, 10, 7, 0, 9, 7, 6, 8, 9, 4, 11, 7, 5, 7, 9, 7]
B_13 30 B 28 [1, 4, 3, 4, 4, 1, 2, 1, 6, 1, 4, 1, 5, 6, 4, 4, 2, 5, 2, 6, 4, 2, 3, 1, 2, 2, 5, 4, 0, 1, 3, 5, 2, 1, 2, 6, 3, 2, 1, 1] [4, 7, 6, 9, 9, 6, 7, 4, 11, 5, 8, 6, 9, 9, 7, 8, 6, 8, 7, 10, 8, 7, 7, 6, 7, 7, 8, 9, 0, 5, 7, 8, 5, 4, 7, 9, 6, 5, 6, 4]
A_15 31 A 29 [5, 5, 3, 1, 5, 3, 6, 6, 3, 5, 3, 1, 2, 5, 6, 4, 5, 5, 3, 2, 4, 3, 3, 4, 1, 6, 5, 2, 1, 0, 3, 6, 2, 6, 3, 1, 1, 3, 5, 4] [10, 10, 7, 5, 8, 8, 9, 9, 6, 8, 6, 4, 7, 9, 11, 7, 9, 8, 8, 6, 7, 6, 6, 9, 4, 11, 8, 7, 5, 0, 8, 9, 5, 11, 6, 5, 5, 7, 10, 8]
A_16 33 A 30 [6, 1, 2, 3, 2, 4, 3, 6, 6, 6, 1, 1, 5, 3, 3, 2, 5, 6, 2, 2, 4, 3, 6, 3, 2, 2, 6, 2, 3, 3, 0, 6, 3, 2, 4, 4, 2, 6, 2, 2] [9, 6, 5, 8, 5, 8, 7, 9, 10, 10, 5, 6, 9, 8, 8, 5, 10, 9, 5, 7, 7, 7, 10, 6, 7, 6, 11, 6, 7, 8, 0, 10, 7, 7, 8, 8, 7, 11, 5, 5]
A_17 35 A 31 [4, 2, 5, 4, 6, 5, 3, 4, 4, 2, 2, 3, 3, 4, 3, 2, 4, 6, 1, 1, 5, 6, 1, 3, 1, 1, 2, 3, 5, 6, 6, 0, 1, 1, 4, 2, 4, 6, 5, 2] [8, 6, 10, 9, 10, 8, 7, 8, 9, 5, 6, 6, 8, 9, 8, 6, 9, 9, 6, 4, 10, 11, 5, 6, 5, 5, 5, 8, 8, 9, 10, 0, 5, 6, 7, 7, 9, 9, 8, 7]
B_14 35 B 32 [2, 4, 1, 4, 3, 2, 5, 4, 3, 4, 5, 6, 5, 5, 4, 2, 4, 3, 4, 6, 2, 1, 2, 4, 1, 4, 5, 5, 2, 2, 3, 1, 0, 1, 6, 6, 1, 4, 2, 3] [6, 7, 6, 7, 6, 7, 10, 7, 6, 9, 8, 9, 10, 9, 8, 6, 8, 7, 9, 11, 5, 6, 6, 8, 6, 8, 10, 9, 5, 5, 7, 5, 0, 5, 10, 11, 6, 7, 7, 6]
A_18 40 A 33 [4, 4, 2, 4, 2, 6, 4, 4, 4, 5, 2, 3, 4, 4, 2, 2, 6, 1, 1, 2, 5, 1, 3, 5, 4, 6, 3, 1, 1, 6, 2, 1, 1, 0, 5, 3, 4, 5, 3, 1] [9, 8, 6, 8, 6, 9, 8, 9, 8, 9, 6, 7, 7, 9, 6, 6, 11, 6, 6, 5, 8, 4, 7, 9, 7, 10, 7, 4, 4, 11, 7, 6, 5, 0, 10, 7, 9, 10, 7, 5]
B_15 40 B 34 [4, 3, 3, 2, 4, 2, 4, 4, 1, 2, 2, 3, 2, 6, 1, 6, 6, 5, 1, 6, 6, 3, 6, 5, 5, 2, 6, 6, 2, 3, 4, 4, 6, 5, 0, 1, 6, 1, 3, 6] [9, 7, 7, 7, 8, 7, 9, 9, 6, 5, 7, 7, 6, 10, 4, 11, 11, 10, 6, 10, 10, 7, 11, 8, 8, 7, 10, 11, 7, 6, 8, 7, 10, 10, 0, 5, 11, 5, 8, 11]
B_16 44 B 35 [5, 3, 4, 2, 6, 6, 3, 6, 1, 6, 5, 2, 2, 3, 5, 6, 3, 1, 3, 1, 3, 6, 6, 1, 5, 6, 6, 3, 6, 1, 4, 2, 6, 3, 1, 0, 6, 3, 5, 5] [9, 8, 8, 5, 9, 9, 7, 11, 5, 10, 10, 7, 5, 8, 10, 10, 6, 4, 6, 4, 6, 10, 9, 5, 10, 9, 9, 7, 9, 5, 8, 7, 11, 7, 5, 0, 11, 7, 10, 10]
B_17 46 B 36 [4, 3, 5, 3, 1, 4, 2, 4, 2, 5, 4, 1, 6, 6, 4, 1, 2, 4, 2, 6, 6, 6, 2, 6, 1, 3, 2, 1, 3, 1, 2, 4, 1, 4, 6, 6, 0, 5, 6, 3] [7, 7, 9, 8, 5, 7, 5, 7, 7, 9, 8, 5, 9, 10, 9, 5, 6, 9, 7, 10, 10, 10, 6, 10, 4, 8, 6, 5, 6, 5, 7, 9, 6, 9, 11, 11, 0, 9, 11, 7]
A_19 48 A 37 [5, 3, 6, 2, 5, 4, 2, 4, 1, 1, 4, 5, 6, 1, 2, 4, 2, 6, 5, 5, 5, 1, 6, 3, 4, 5, 5, 2, 2, 3, 6, 6, 4, 5, 1, 3, 5, 0, 2, 5] [9, 7, 11, 5, 8, 9, 5, 8, 4, 4, 9, 9, 11, 6, 7, 8, 5, 10, 10, 9, 8, 6, 11, 6, 7, 10, 8, 7, 5, 7, 11, 9, 7, 10, 5, 7, 9, 0, 6, 8]
B_18 49 B 38 [1, 4, 4, 5, 3, 3, 2, 4, 2, 5, 5, 3, 5, 6, 1, 1, 1, 2, 4, 5, 1, 6, 1, 4, 4, 1, 6, 5, 1, 5, 2, 5, 2, 3, 3, 5, 6, 2, 0, 4] [6, 7, 8, 9, 6, 7, 7, 9, 6, 8, 10, 6, 8, 10, 5, 5, 4, 7, 9, 8, 6, 10, 4, 8, 8, 6, 10, 9, 6, 10, 5, 8, 7, 7, 8, 10, 11, 6, 0, 9]
B_19 50 B 39 [2, 5, 3, 6, 5, 2, 2, 4, 5, 1, 3, 5, 4, 5, 3, 5, 6, 6, 6, 4, 2, 2, 5, 3, 1, 2, 6, 4, 1, 4, 2, 2, 3, 1, 6, 5, 3, 5, 4, 0] [5, 10, 6, 10, 8, 6, 7, 9, 9, 5, 6, 8, 8, 9, 6, 9, 11, 10, 11, 8, 5, 7, 10, 6, 6, 6, 10, 7, 4, 8, 5, 7, 6, 5, 11, 10, 7, 8, 9, 0]
