A_0 0 A 0 [0, 4, 2, 6, 3, 6, 4, 4, 6, 6, 5, 5, 2, 3, 4, 5, 3, 4, 5, 6, 6, 4, 5, 5, 2, 2, 2, 2, 1, 6, 3, 5, 1, 6, 4, 2, 6, 3, 1, 1] [0, 7, 7, 9, 8, 10, 9, 9, 11, 10, 8, 8, 5, 7, 8, 10, 6, 8, 8, 10, 9, 9, 8, 8, 5, 6, 7, 5, 6, 11, 8, 8, 4, 9, 8, 6, 9, 6, 5, 4]
B_0 0 B 1 [4, 0, 6, 6, 4, 1, 2, 5, 6, 3, 5, 4, 5, 4, 1, 3, 2, 3, 4, 4, 1, 3, 2, 6, 2, 2, 3, 4, 4, 2, 5, 3, 5, 3, 1, 4, 4, 6, 5, 5] [7, 0, 9, 10, 8, 5, 7, 9, 10, 8, 10, 9, 10, 8, 6, 8, 6, 6, 9, 9, 5, 6, 5, 10, 7, 7, 6, 7, 7, 5, 8, 7, 9, 7, 6, 8, 7, 10, 9, 10]
A_1 3 A 2 [2, 6, 0, 4, 2, 5, 2, 1, 3, 1, 1, 2, 4, 3, 5, 2, 3, 2, 6, 3, 6, 2, 6, 5, 2, 5, 6, 1, 1, 2, 4, 6, 1, 1, 4, 3, 3, 5, 3, 5] [7, 9, 0, 8, 7, 8, 5, 4, 6, 6, 6, 6, 8, 7, 8, 6, 7, 6, 10, 7, 9, 7, 11, 10, 6, 8, 10, 6, 5, 7, 8, 11, 6, 5, 9, 8, 8, 8, 7, 10]
A_2 5 A 3 [6, 6, 4, 0, 1, 3, 4, 5, 1, 2, 5, 6, 3, 6, 2, 4, 2, 3, 5, 4, 4, 6, 4, 3, 5, 1, 1, 3, 5, 5, 2, 5, 1, 4, 3, 2, 5, 4, 6, 3] [9, 10, 8, 0, 5, 8, 9, 9, 4, 5, 8, 10, 6, 11, 6, 7, 6, 7, 9, 9, 7, 9, 8, 8, 10, 4, 5, 6, 9, 8, 5, 8, 4, 7, 8, 7, 8, 9, 10, 7]
B_1 5 B 4 [3, 4, 2, 1, 0, 3, 4, 5, 3, 6, 5, 2, 4, 6, 5, 1, 6, 3, 2, 3, 6, 3, 1, 3, 4, 2, 5, 1, 2, 3, 2, 4, 6, 4, 5, 4, 5, 2, 4, 4] [8, 8, 7, 5, 0, 8, 9, 9, 6, 11, 8, 6, 9, 9, 9, 6, 11, 8, 6, 6, 10, 6, 4, 7, 8, 5, 10, 4, 5, 8, 7, 8, 9, 9, 10, 8, 8, 6, 7, 8]
A_3 7 A 5 [6, 1, 5, 3, 3, 0, 2, 2, 5, 3, 1, 2, 1, 5, 2, 6, 6, 1, 4, 5, 4, 6, 4, 3, 6, 6, 6, 4, 6, 1, 1, 5, 6, 1, 2, 3, 3, 4, 1, 1] [10, 5, 8, 8, 8, 0, 6, 6, 8, 7, 5, 5, 4, 9, 5, 11, 11, 6, 8, 10, 7, 10, 7, 8, 11, 11, 9, 9, 9, 4, 6, 8, 10, 5, 6, 6, 6, 9, 4, 6]
A_4 8 A 6 [4, 2, 2, 4, 4, 2, 0, 6, 2, 4, 6, 4, 1, 4, 6, 2, 1, 1, 4, 3, 6, 6, 5, 3, 6, 2, 4, 1, 6, 6, 2, 3, 2, 1, 4, 4, 1, 1, 4, 2] [9, 7, 5, 9, 9, 6, 0, 11, 7, 7, 9, 8, 6, 7, 11, 7, 5, 4, 9, 6, 9, 9, 9, 8, 9, 7, 9, 5, 10, 9, 5, 6, 7, 4, 7, 9, 5, 4, 9, 6]
B_2 9 B 7 [4, 5, 1, 5, 5, 2, 6, 0, 1, 4, 2, 5, 4, 1, 5, 1, 5, 1, 6, 3, 6, 6, 5, 4, 4, 4, 2, 1, 3, 5, 4, 5, 3, 5, 6, 2, 5, 2, 3, 4] [9, 9, 4, 9, 9, 6, 11, 0, 5, 9, 6, 9, 8, 4, 10, 5, 8, 4, 10, 6, 10, 9, 9, 9, 7, 8, 6, 4, 6, 9, 9, 10, 6, 8, 11, 7, 8, 7, 7, 8]
A_5 12 A 8 [6, 6, 3, 1, 3, 5, 2, 1, 0, 3, 3, 6, 1, 4, 4, 5, 1, 2, 2, 6, 5, 2, 4, 6, 1, 6, 2, 1, 2, 6, 1, 2, 5, 6, 6, 1, 2, 3, 4, 4] [11, 10, 6, 4, 6, 8, 7, 5, 0, 6, 8, 9, 6, 7, 7, 9, 5, 5, 5, 10, 9, 6, 9, 11, 4, 9, 5, 6, 7, 11, 6, 7, 9, 10, 9, 4, 7, 7, 8, 8]
B_3 12 B 9 [6, 3, 1, 2, 6, 3, 4, 4, 3, 0, 6, 6, 5, 3, 4, 5, 2, 3, 4, 3, 3, 6, 5, 2, 3, 5, 6, 1, 6, 6, 4, 3, 3, 6, 6, 3, 3, 1, 1, 2] [10, 8, 6, 5, 11, 7, 7, 9, 6, 0, 11, 11, 10, 8, 7, 9, 7, 8, 7, 8, 8, 9, 9, 6, 8, 9, 11, 6, 10, 10, 8, 7, 6, 10, 9, 7, 7, 6, 5, 6]
A_6 13 A 10 [5, 5, 1, 5, 5, 1, 6, 2, 3, 6, 0, 6, 3, 3, 5, 3, 5, 1, 1, 2, 6, 5, 3, 2, 2, 3, 5, 6, 4, 5, 2, 2, 3, 5, 6, 5, 5, 3, 6, 1] [8, 10, 6, 8, 8, 5, 9, 6, 8, 11, 0, 10, 6, 6, 10, 7, 9, 5, 5, 7, 11, 10, 6, 7, 7, 8, 9, 9, 9, 9, 5, 7, 7, 10, 9, 10, 8, 6, 11, 5]
A_7 15 A 11 [5, 4, 2, 6, 2, 2, 4, 5, 6, 6, 6, 0, 4, 2, 6, 4, 4, 5, 1, 3, 2, 4, 5, 6, 1, 4, 5, 1, 2, 5, 3, 5, 1, 3, 2, 2, 2, 5, 5, 4] [8, 9, 6, 10, 6, 5, 8, 9, 9, 11, 10, 0, 8, 5, 10, 7, 9, 10, 5, 7, 5, 7, 10, 9, 4, 9, 9, 6, 5, 8, 6, 10, 6, 6, 6, 7, 7, 10, 9, 9]
B_4 16 B 12 [2, 5, 4, 3, 4, 1, 1, 4, 1, 5, 3, 4, 0, 6, 6, 3, 5, 3, 5, 4, 3, 6, 3, 6, 4, 6, 4, 5, 2, 3, 1, 4, 2, 6, 1, 5, 5, 2, 1, 4] [5, 10, 8, 6, 9, 4, 6, 8, 6, 10, 6, 8, 0, 10, 9, 8, 10, 6, 9, 7, 8, 10, 8, 11, 7, 11, 8, 8, 7, 7, 4, 8, 5, 9, 5, 10, 10, 6, 4, 8]
B_5 17 B 13 [3, 4, 3, 6, 6, 5, 4, 1, 4, 3, 3, 2, 6, 0, 6, 6, 5, 1, 5, 4, 6, 2, 5, 4, 3, 1, 6, 4, 4, 5, 4, 1, 4, 6, 2, 4, 6, 2, 2, 3] [7, 8, 7, 11, 9, 9, 7, 4, 7, 8, 6, 5, 10, 0, 11, 10, 10, 4, 9, 7, 10, 7, 9, 9, 6, 4, 9, 9, 7, 8, 8, 5, 8, 10, 6, 9, 9, 5, 6, 8]
B_6 22 B 14 [4, 1, 5, 2, 5, 2, 6, 5, 4, 4, 5, 6, 6, 6, 0, 6, 5, 6, 5, 2, 3, 4, 6, 2, 4, 2, 5, 1, 4, 3, 1, 6, 4, 2, 5, 6, 2, 1, 5, 5] [8, 6, 8, 6, 9, 5, 11, 10, 7, 7, 10, 10, 9, 11, 0, 9, 8, 10, 8, 7, 8, 7, 11, 7, 8, 6, 9, 5, 7, 7, 6, 10, 8, 6, 8, 10, 7, 4, 9, 9]
A_8 23 A 15 [5, 3, 2, 4, 1, 6, 2, 1, 5, 5, 3, 4, 3, 6, 6, 0, 2, 4, 1, 6, 6, 6, 3, 2, 5, 4, 5, 6, 5, 3, 3, 1, 1, 1, 5, 1, 5, 4, 3, 1] [10, 8, 6, 7, 6, 11, 7, 5, 9, 9, 7, 7, 8, 10, 9, 0, 5, 8, 5, 11, 9, 9, 6, 6, 8, 9, 10, 10, 8, 8, 8, 6, 5, 6, 9, 5, 9, 9, 8, 4]
B_7 25 B 16 [3, 2, 3, 2, 6, 6, 1, 5, 1, 2, 5, 4, 5, 5, 5, 2, 0, 3, 5, 1, 6, 2, 3, 6, 5, 5, 6, 3, 1, 3, 5, 1, 1, 6, 6, 1, 4, 2, 2, 1] [6, 6, 7, 6, 11, 11, 5, 8, 5, 7, 9, 9, 10, 10, 8, 5, 0, 7, 9, 4, 9, 7, 6, 10, 9, 8, 9, 7, 4, 8, 10, 5, 4, 10, 9, 4, 8, 5, 5, 4]
A_9 30 A 17 [4, 3, 2, 3, 3, 1, 1, 1, 2, 3, 1, 5, 3, 1, 6, 4, 3, 0, 2, 6, 4, 6, 5, 5, 1, 4, 2, 1, 3, 6, 5, 6, 2, 5, 3, 5, 1, 4, 1, 4] [8, 6, 6, 7, 8, 6, 4, 4, 5, 8, 5, 10, 6, 4, 10, 8, 7, 0, 5, 10, 8, 10, 8, 9, 6, 8, 6, 5, 7, 10, 8, 9, 7, 10, 6, 10, 6, 8, 6, 9]
B_8 31 B 18 [5, 4, 6, 5, 2, 4, 4, 6, 2, 4, 1, 1, 5, 5, 5, 1, 5, 2, 0, 5, 6, 3, 4, 1, 5, 5, 6, 3, 4, 1, 1, 5, 5, 3, 3, 6, 5, 4, 1, 4] [8, 9, 10, 9, 6, 8, 9, 10, 5, 7, 5, 5, 9, 9, 8, 5, 9, 5, 0, 8, 10, 8, 8, 6, 10, 10, 9, 7, 7, 4, 4, 9, 8, 6, 8, 10, 10, 7, 5, 9]
A_10 32 A 19 [6, 4, 3, 4, 3, 5, 3, 3, 6, 3, 2, 3, 4, 4, 2, 6, 1, 6, 5, 0, 5, 6, 6, 6, 3, 3, 4, 6, 1, 1, 3, 1, 1, 2, 2, 1, 4, 3, 5, 3] [10, 9, 7, 9, 6, 10, 6, 6, 10, 8, 7, 7, 7, 7, 7, 11, 4, 10, 8, 0, 10, 10, 11, 11, 7, 6, 8, 10, 5, 6, 6, 5, 4, 5, 6, 5, 9, 8, 8, 7]
A_11 34 A 20 [6, 1, 6, 4, 6, 4, 6, 6, 5, 3, 6, 2, 3, 6, 3, 6, 6, 4, 6, 5, 0, 1, 3, 2, 3, 5, 3, 1, 5, 4, 3, 5, 5, 4, 4, 4, 3, 5, 2, 6] [9, 5, 9, 7, 10, 7, 9, 10, 9, 8, 11, 5, 8, 10, 8, 9, 9, 8, 10, 10, 0, 5, 7, 6, 8, 9, 6, 4, 10, 7, 8, 9, 8, 8, 7, 9, 6, 8, 7, 9]
B_9 34 B 21 [4, 3, 2, 6, 3, 6, 6, 6, 2, 6, 5, 4, 6, 2, 4, 6, 2, 6, 3, 6, 1, 0, 4, 3, 5, 5, 6, 5, 3, 2, 3, 4, 6, 1, 3, 6, 1, 5, 2, 3] [9, 6, 7, 9, 6, 10, 9, 9, 6, 9, 10, 7, 10, 7, 7, 9, 7, 10, 8, 10, 5, 0, 8, 6, 10, 8, 11, 10, 7, 5, 7, 8, 9, 6, 6, 9, 5, 9, 6, 7]
B_10 35 B 22 [5, 2, 6, 4, 1, 4, 5, 5, 4, 5, 3, 5, 3, 5, 6, 3, 3, 5, 4, 6, 3, 4, 0, 2, 2, 1, 6, 3, 1, 4, 3, 2, 5, 4, 3, 1, 1, 1, 2, 1] [8, 5, 11, 8, 4, 7, 9, 9, 9, 9, 6, 10, 8, 9, 11, 6, 6, 8, 8, 11, 7, 8, 0, 5, 5, 4, 10, 8, 4, 8, 6, 7, 9, 7, 8, 5, 5, 6, 5, 6]
A_12 37 A 23 [5, 6, 5, 3, 3, 3, 3, 4, 6, 2, 2, 6, 6, 4, 2, 2, 6, 5, 1, 6, 2, 3, 2, 0, 6, 5, 1, 3, 1, 5, 6, 4, 6, 5, 4, 5, 2, 6, 1, 2] [8, 10, 10, 8, 7, 8, 8, 9, 11, 6, 7, 9, 11, 9, 7, 6, 10, 9, 6, 11, 6, 6, 5, 0, 11, 8, 6, 6, 4, 8, 10, 7, 10, 8, 7, 8, 6, 10, 6, 5]
B_11 37 B 24 [2, 2, 2, 5, 4, 6, 6, 4, 1, 3, 2, 1, 4, 3, 4, 5, 5, 1, 5, 3, 3, 5, 2, 6, 0, 6, 4, 6, 6, 3, 5, 4, 4, 6, 2, 2, 3, 6, 4, 4] [5, 7, 6, 10, 8, 11, 9, 7, 4, 8, 7, 4, 7, 6, 8, 8, 9, 6, 10, 7, 8, 10, 5, 11, 0, 9, 7, 9, 11, 6, 10, 9, 9, 10, 6, 6, 8, 11, 9, 8]
B_12 38 B 25 [2, 2, 5, 1, 2, 6, 2, 4, 6, 5, 3, 4, 6, 1, 2, 4, 5, 4, 5, 3, 5, 5, 1, 5, 6, 0, 3, 1, 5, 4, 3, 1, 6, 5, 2, 6, 4, 1, 1, 6] [6, 7, 8, 4, 5, 11, 7, 8, 9, 9, 8, 9, 11, 4, 6, 9, 8, 8, 10, 6, 9, 8, 4, 8, 9, 0, 7, 4, 9, 7, 7, 6, 10, 8, 5, 10, 8, 4, 4, 11]
A_13 39 A 26 [2, 3, 6, 1, 5, 6, 4, 2, 2, 6, 5, 5, 4, 6, 5, 5, 6, 2, 6, 4, 3, 6, 6, 1, 4, 3, 0, 6, 2, 5, 3, 2, 5, 2, 5, 1, 6, 5, 4, 4] [7, 6, 10, 5, 10, 9, 9, 6, 5, 11, 9, 9, 8, 9, 9, 10, 9, 6, 9, 8, 6, 11, 10, 6, 7, 7, 0, 10, 5, 9, 6, 5, 9, 7, 9, 4, 9, 10, 7, 7]
B_13 39 B 27 [2, 4, 1, 3, 1, 4, 1, 1, 1, 1, 6, 1, 5, 4, 1, 6, 3, 1, 3, 6, 1, 5, 3, 3, 6, 1, 6, 0, 5, 3, 3, 4, 2, 2, 2, 4, 1, 1, 5, 6] [5, 7, 6, 6, 4, 9, 5, 4, 6, 6, 9, 6, 8, 9, 5, 10, 7, 5, 7, 10, 4, 10, 8, 6, 9, 4, 10, 0, 9, 8, 8, 8, 6, 6, 5, 8, 6, 5, 8, 9]
B_14 40 B 28 [1, 4, 1, 5, 2, 6, 6, 3, 2, 6, 4, 2, 2, 4, 4, 5, 1, 3, 4, 1, 5, 3, 1, 1, 6, 5, 2, 5, 0, 3, 1, 1, 2, 4, 3, 2, 1, 5, 3, 1] [6, 7, 5, 9, 5, 9, 10, 6, 7, 10, 9, 5, 7, 7, 7, 8, 4, 7, 7, 5, 10, 7, 4, 4, 11, 9, 5, 9, 0, 8, 5, 4, 7, 7, 8, 6, 4, 8, 6, 4]
B_15 42 B 29 [6, 2, 2, 5, 3, 1, 6, 5, 6, 6, 5, 5, 3, 5, 3, 3, 3, 6, 1, 1, 4, 2, 4, 5, 3, 4, 5, 3, 3, 0, 4, 5, 1, 3, 2, 2, 1, 1, 1, 4] [11, 5, 7, 8, 8, 4, 9, 9, 11, 10, 9, 8, 7, 8, 7, 8, 8, 10, 4, 6, 7, 5, 8, 8, 6, 7, 9, 8, 8, 0, 8, 9, 5, 7, 5, 6, 4, 5, 4, 9]
B_16 43 B 30 [3, 5, 4, 2, 2, 1, 2, 4, 1, 4, 2, 3, 1, 4, 1, 3, 5, 5, 1, 3, 3, 3, 3, 6, 5, 3, 3, 3, 1, 4, 0, 5, 5, 2, 5, 3, 6, 6, 4, 2] [8, 8, 8, 5, 7, 6, 5, 9, 6, 8, 5, 6, 4, 8, 6, 8, 10, 8, 4, 6, 8, 7, 6, 10, 10, 7, 6, 8, 5, 8, 0, 8, 10, 5, 9, 8, 11, 11, 7, 5]
B_17 48 B 31 [5, 3, 6, 5, 4, 5, 3, 5, 2, 3, 2, 5, 4, 1, 6, 1, 1, 6, 5, 1, 5, 4, 2, 4, 4, 1, 2, 4, 1, 5, 5, 0, 6, 5, 5, 6, 3, 2, 6, 5] [8, 7, 11, 8, 8, 8, 6, 10, 7, 7, 7, 10, 8, 5, 10, 6, 5, 9, 9, 5, 9, 8, 7, 7, 9, 6, 5, 8, 4, 9, 8, 0, 9, 9, 10, 11, 6, 5, 9, 8]
B_18 49 B 32 [1, 5, 1, 1, 6, 6, 2, 3, 5, 3, 3, 1, 2, 4, 4, 1, 1, 2, 5, 1, 5, 6, 5, 6, 4, 6, 5, 2, 2, 1, 5, 6, 0, 6, 3, 2, 2, 5, 5, 5] [4, 9, 6, 4, 9, 10, 7, 6, 9, 6, 7, 6, 5, 8, 8, 5, 4, 7, 8, 4, 8, 9, 9, 10, 9, 10, 9, 6, 7, 5, 10, 9, 0, 9, 7, 6, 6, 10, 10, 10]
A_14 53 A 33 [6, 3, 1, 4, 4, 1, 1, 5, 6, 6, 5, 3, 6, 6, 2, 1, 6, 5, 3, 2, 4, 1, 4, 5, 6, 5, 2, 2, 4, 3, 2, 5, 6, 0, 5, 6, 5, 5, 2, 3] [9, 7, 5, 7, 9, 5, 4, 8, 10, 10, 10, 6, 9, 10, 6, 6, 10, 10, 6, 5, 8, 6, 7, 8, 10, 8, 7, 6, 7, 7, 5, 9, 9, 0, 8, 11, 8, 8, 6, 8]
A_15 54 A 34 [4, 1, 4, 3, 5, 2, 4, 6, 6, 6, 6, 2, 1, 2, 5, 5, 6, 3, 3, 2, 4, 3, 3, 4, 2, 2, 5, 2, 3, 2, 5, 5, 3, 5, 0, 3, 3, 3, 4, 1] [8, 6, 9, 8, 10, 6, 7, 11, 9, 9, 9, 6, 5, 6, 8, 9, 9, 6, 8, 6, 7, 6, 8, 7, 6, 5, 9, 5, 8, 5, 9, 10, 7, 8, 0, 8, 8, 8, 9, 5]
B_19 54 B 35 [2, 4, 3, 2, 4, 3, 4, 2, 1, 3, 5, 2, 5, 4, 6, 1, 1, 5, 6, 1, 4, 6, 1, 5, 2, 6, 1, 4, 2, 2, 3, 6, 2, 6, 3, 0, 2, 6, 3, 3] [6, 8, 8, 7, 8, 6, 9, 7, 4, 7, 10, 7, 10, 9, 10, 5, 4, 10, 10, 5, 9, 9, 5, 8, 6, 10, 4, 8, 6, 6, 8, 11, 6, 11, 8, 0, 7, 10, 6, 6]
A_16 55 A 36 [6, 4, 3, 5, 5, 3, 1, 5, 2, 3, 5, 2, 5, 6, 2, 5, 4, 1, 5, 4, 3, 1, 1, 2, 3, 4, 6, 1, 1, 1, 6, 3, 2, 5, 3, 2, 0, 4, 1, 1] [9, 7, 8, 8, 8, 6, 5, 8, 7, 7, 8, 7, 10, 9, 7, 9, 8, 6, 10, 9, 6, 5, 5, 6, 8, 8, 9, 6, 4, 4, 11, 6, 6, 8, 8, 7, 0, 8, 6, 6]
A_17 56 A 37 [3, 6, 5, 4, 2, 4, 1, 2, 3, 1, 3, 5, 2, 2, 1, 4, 2, 4, 4, 3, 5, 5, 1, 6, 6, 1, 5, 1, 5, 1, 6, 2, 5, 5, 3, 6, 4, 0, 1, 1] [6, 10, 8, 9, 6, 9, 4, 7, 7, 6, 6, 10, 6, 5, 4, 9, 5, 8, 7, 8, 8, 9, 6, 10, 11, 4, 10, 5, 8, 5, 11, 5, 10, 8, 8, 10, 8, 0, 4, 4]
A_18 57 A 38 [1, 5, 3, 6, 4, 1, 4, 3, 4, 1, 6, 5, 1, 2, 5, 3, 2, 1, 1, 5, 2, 2, 2, 1, 4, 1, 4, 5, 3, 1, 4, 6, 5, 2, 4, 3, 1, 1, 0, 2] [5, 9, 7, 10, 7, 4, 9, 7, 8, 5, 11, 9, 4, 6, 9, 8, 5, 6, 5, 8, 7, 6, 5, 6, 9, 4, 7, 8, 6, 4, 7, 9, 10, 6, 9, 6, 6, 4, 0, 6]
A_19 64 A 39 [1, 5, 5, 3, 4, 1, 2, 4, 4, 2, 1, 4, 4, 3, 5, 1, 1, 4, 4, 3, 6, 3, 1, 2, 4, 6, 4, 6, 1, 4, 2, 5, 5, 3, 1, 3, 1, 1, 2, 0] [4, 10, 10, 7, 8, 6, 6, 8, 8, 6, 5, 9, 8, 8, 9, 4, 4, 9, 9, 7, 9, 7, 6, 5, 8, 11, 7, 9, 4, 9, 5, 8, 10, 8, 5, 6, 6, 4, 6, 0]
