A_0 2.83 A 0 [4, 3, 4, 2, 1, 4, 2, 3, 6, 2, 3, 2, 1, 1, 1, 4, 1, 4, 3, 4, 1, 2, 3, 2, 1, 2, 1, 1, 1, 2, 3, 5, 3, 3, 6, 2, 1, 3, 3, 3] [6, 6, 6, 4, 5, 7, 6, 7, 8, 4, 6, 5, 4, 4, 5, 8, 3, 7, 7, 8, 3, 6, 7, 5, 5, 4, 4, 4, 4, 6, 6, 7, 5, 5, 10, 5, 5, 5, 6, 6]
A_1 3.83 A 1 [3, 3, 4, 6, 1, 5, 1, 6, 1, 3, 2, 3, 2, 3, 3, 4, 3, 4, 6, 6, 5, 4, 3, 1, 6, 2, 5, 3, 6, 2, 5, 3, 4, 6, 5, 1, 2, 6, 5, 3] [6, 5, 6, 10, 5, 7, 5, 9, 3, 5, 4, 5, 5, 5, 6, 6, 5, 8, 10, 9, 9, 7, 7, 3, 8, 6, 7, 7, 10, 4, 7, 5, 6, 10, 9, 5, 5, 10, 7, 5]
A_2 6.08 A 2 [4, 4, 3, 6, 1, 2, 2, 4, 6, 4, 1, 5, 4, 6, 5, 5, 4, 2, 1, 5, 6, 2, 5, 1, 2, 1, 4, 3, 2, 6, 1, 4, 3, 4, 3, 5, 2, 6, 2, 5] [6, 6, 5, 9, 4, 5, 4, 8, 8, 8, 5, 8, 7, 10, 7, 8, 6, 4, 3, 9, 10, 5, 9, 4, 5, 3, 6, 6, 6, 8, 4, 6, 5, 7, 7, 9, 5, 8, 4, 7]
A_3 7.08 A 3 [2, 6, 6, 2, 3, 2, 4, 4, 4, 4, 3, 5, 6, 6, 5, 5, 5, 4, 4, 3, 5, 6, 1, 1, 3, 4, 1, 2, 4, 1, 1, 1, 3, 2, 1, 5, 4, 3, 2, 5] [4, 10, 9, 4, 6, 6, 6, 7, 8, 8, 5, 7, 10, 9, 7, 9, 9, 8, 6, 6, 9, 8, 3, 3, 7, 8, 3, 4, 8, 4, 5, 3, 5, 4, 5, 8, 6, 6, 6, 7]
A_4 8.52 A 4 [1, 1, 1, 3, 3, 3, 4, 2, 1, 5, 5, 5, 1, 3, 4, 2, 2, 5, 5, 4, 1, 1, 2, 4, 5, 6, 4, 3, 1, 4, 4, 3, 5, 4, 3, 6, 5, 5, 3, 1] [5, 5, 4, 6, 7, 5, 6, 5, 4, 7, 8, 9, 5, 5, 6, 6, 6, 8, 7, 8, 3, 4, 6, 8, 7, 9, 7, 5, 3, 6, 8, 7, 8, 8, 7, 8, 8, 8, 5, 5]
A_5 9.52 A 5 [4, 5, 2, 2, 3, 2, 4, 6, 4, 1, 4, 4, 1, 2, 6, 5, 2, 3, 1, 6, 3, 4, 1, 5, 6, 1, 1, 3, 5, 1, 1, 5, 2, 6, 2, 1, 5, 3, 1, 3] [7, 7, 5, 6, 5, 5, 8, 10, 6, 5, 7, 7, 3, 4, 8, 9, 4, 6, 4, 8, 5, 7, 5, 8, 9, 3, 4, 5, 8, 5, 3, 9, 4, 8, 5, 3, 9, 5, 5, 5]
A_6 10.52 A 6 [2, 1, 2, 4, 4, 4, 1, 5, 1, 1, 1, 5, 5, 6, 1, 4, 6, 4, 4, 2, 4, 6, 1, 6, 2, 4, 2, 4, 2, 4, 1, 5, 6, 5, 6, 3, 6, 5, 5, 5] [6, 5, 4, 6, 6, 8, 5, 7, 3, 3, 5, 8, 7, 8, 3, 6, 10, 6, 6, 6, 8, 8, 5, 10, 4, 8, 6, 6, 5, 6, 3, 7, 10, 9, 9, 7, 8, 9, 8, 9]
A_7 24.11 A 7 [3, 6, 4, 4, 2, 6, 5, 6, 4, 4, 3, 5, 2, 2, 6, 6, 4, 6, 1, 4, 3, 2, 3, 6, 6, 2, 5, 4, 6, 6, 1, 5, 5, 1, 1, 4, 2, 3, 3, 6] [7, 9, 8, 7, 5, 10, 7, 9, 8, 7, 7, 8, 4, 4, 8, 8, 6, 8, 5, 7, 7, 4, 7, 8, 10, 5, 7, 8, 9, 8, 3, 9, 7, 3, 3, 8, 4, 7, 5, 9]
A_8 25.11 A 8 [6, 1, 6, 4, 1, 4, 1, 4, 1, 4, 2, 5, 5, 1, 6, 1, 6, 6, 6, 5, 1, 2, 1, 6, 3, 4, 5, 2, 3, 4, 6, 1, 3, 3, 2, 6, 2, 2, 4, 4] [8, 3, 8, 8, 4, 6, 3, 8, 5, 8, 5, 8, 8, 3, 9, 4, 10, 8, 8, 8, 4, 6, 5, 10, 6, 8, 9, 6, 7, 7, 10, 3, 5, 7, 6, 8, 4, 6, 8, 6]
A_9 26.11 A 9 [2, 3, 4, 4, 5, 1, 1, 4, 4, 1, 4, 3, 3, 1, 1, 4, 3, 4, 5, 1, 6, 3, 2, 4, 3, 2, 1, 4, 1, 4, 5, 4, 2, 3, 3, 6, 6, 6, 6, 6] [4, 5, 8, 8, 7, 5, 3, 7, 8, 5, 6, 7, 6, 3, 3, 6, 7, 6, 8, 3, 10, 5, 6, 8, 5, 5, 5, 7, 4, 8, 7, 8, 5, 6, 7, 8, 8, 9, 9, 9]
A_10 34.75 A 10 [3, 2, 1, 3, 5, 4, 1, 3, 2, 4, 2, 1, 5, 6, 3, 2, 1, 1, 6, 3, 2, 5, 2, 1, 5, 6, 1, 5, 1, 3, 4, 5, 5, 3, 2, 3, 5, 2, 3, 4] [6, 4, 5, 5, 8, 7, 5, 7, 5, 6, 6, 4, 7, 8, 7, 4, 5, 4, 9, 6, 5, 9, 5, 4, 8, 9, 4, 8, 3, 5, 7, 7, 8, 5, 4, 6, 7, 4, 6, 8]
A_11 35.75 A 11 [2, 3, 5, 5, 5, 4, 5, 5, 5, 3, 1, 1, 2, 5, 5, 4, 2, 6, 4, 2, 5, 6, 2, 5, 4, 5, 3, 5, 4, 5, 5, 5, 2, 1, 6, 1, 2, 3, 5, 1] [5, 5, 8, 7, 9, 7, 8, 8, 8, 7, 4, 3, 6, 7, 9, 7, 6, 8, 8, 5, 8, 10, 6, 8, 8, 9, 7, 7, 7, 9, 7, 7, 5, 4, 10, 3, 5, 6, 7, 4]
A_12 36.75 A 12 [1, 2, 4, 6, 1, 1, 5, 2, 5, 3, 5, 2, 4, 5, 1, 2, 4, 2, 5, 6, 2, 4, 3, 3, 5, 2, 6, 3, 1, 5, 2, 5, 4, 1, 5, 1, 5, 3, 6, 2] [4, 5, 7, 10, 5, 3, 7, 4, 8, 6, 7, 6, 7, 9, 5, 6, 8, 5, 9, 9, 6, 7, 5, 6, 9, 4, 10, 7, 5, 8, 4, 9, 7, 4, 7, 5, 7, 5, 9, 4]
A_13 39.3 A 13 [1, 3, 6, 6, 3, 2, 6, 2, 1, 1, 6, 5, 5, 2, 2, 5, 5, 5, 2, 3, 1, 2, 2, 3, 1, 6, 1, 1, 2, 5, 1, 5, 2, 6, 6, 4, 1, 4, 6, 1] [4, 5, 10, 9, 5, 4, 8, 4, 3, 3, 8, 7, 9, 4, 6, 8, 7, 9, 4, 6, 3, 5, 6, 7, 3, 9, 3, 3, 5, 7, 3, 9, 5, 8, 8, 7, 4, 8, 9, 4]
A_14 40.3 A 14 [1, 3, 5, 5, 4, 6, 1, 6, 6, 1, 3, 5, 1, 2, 3, 1, 2, 4, 4, 1, 1, 5, 4, 4, 4, 2, 4, 5, 1, 2, 1, 3, 1, 5, 4, 3, 3, 6, 5, 6] [5, 6, 7, 7, 6, 8, 3, 8, 9, 3, 7, 9, 5, 6, 7, 3, 4, 8, 7, 3, 5, 8, 8, 6, 6, 5, 8, 8, 4, 4, 4, 6, 3, 8, 8, 6, 5, 8, 8, 10]
A_15 41.3 A 15 [4, 4, 5, 5, 2, 5, 4, 6, 1, 4, 2, 4, 2, 5, 1, 4, 4, 4, 6, 6, 4, 4, 5, 3, 3, 3, 1, 6, 4, 5, 1, 6, 4, 1, 6, 4, 6, 1, 1, 5] [8, 6, 8, 9, 6, 9, 6, 8, 4, 6, 4, 7, 6, 8, 3, 6, 6, 8, 8, 9, 6, 7, 7, 5, 7, 5, 3, 10, 7, 9, 5, 9, 8, 5, 8, 7, 8, 3, 3, 9]
A_16 42.3 A 16 [1, 3, 4, 5, 2, 2, 6, 4, 6, 3, 1, 2, 4, 5, 2, 4, 5, 6, 1, 4, 4, 5, 3, 1, 5, 4, 5, 6, 4, 1, 5, 4, 5, 4, 5, 3, 2, 1, 2, 3] [3, 5, 6, 9, 6, 4, 10, 6, 10, 7, 5, 6, 8, 7, 4, 6, 9, 9, 3, 6, 7, 8, 6, 3, 9, 6, 8, 10, 8, 3, 9, 7, 7, 7, 8, 5, 5, 5, 5, 7]
A_17 46.029999999999994 A 17 [4, 4, 2, 4, 5, 3, 4, 6, 6, 4, 1, 6, 2, 5, 4, 4, 6, 3, 1, 3, 5, 6, 4, 2, 6, 3, 4, 6, 4, 4, 5, 2, 1, 5, 2, 4, 5, 5, 5, 3] [7, 8, 4, 8, 8, 6, 6, 8, 8, 6, 4, 8, 5, 9, 8, 8, 9, 5, 3, 5, 9, 10, 6, 4, 9, 5, 7, 9, 7, 6, 8, 4, 3, 7, 4, 8, 9, 7, 8, 7]
A_18 47.39999999999999 A 18 [3, 6, 1, 4, 5, 1, 4, 1, 6, 5, 6, 4, 5, 2, 4, 6, 1, 1, 1, 5, 6, 2, 2, 5, 6, 2, 4, 2, 3, 4, 6, 1, 6, 3, 1, 1, 6, 4, 3, 3] [7, 10, 3, 6, 7, 4, 6, 5, 8, 8, 9, 8, 9, 4, 7, 8, 3, 3, 4, 7, 8, 6, 5, 8, 10, 5, 6, 4, 6, 6, 8, 3, 9, 5, 3, 3, 8, 6, 7, 6]
A_19 49.459999999999994 A 19 [4, 6, 5, 3, 4, 6, 2, 4, 5, 1, 3, 2, 6, 3, 1, 6, 4, 3, 5, 2, 4, 5, 6, 1, 4, 6, 4, 5, 2, 4, 4, 5, 3, 2, 1, 3, 5, 5, 5, 4] [8, 9, 9, 6, 8, 8, 6, 7, 8, 3, 6, 5, 9, 6, 3, 9, 6, 5, 7, 6, 6, 7, 10, 5, 6, 9, 7, 9, 5, 8, 7, 8, 5, 4, 4, 6, 9, 8, 7, 8]
B_0 1.22 B 20 [1, 5, 6, 5, 1, 3, 4, 3, 1, 6, 2, 5, 2, 1, 1, 4, 4, 5, 6, 4, 3, 2, 2, 4, 6, 2, 6, 5, 2, 6, 2, 2, 2, 1, 6, 1, 2, 2, 2, 2] [3, 9, 10, 9, 3, 5, 8, 7, 4, 10, 5, 8, 6, 3, 5, 6, 7, 9, 8, 6, 7, 6, 4, 6, 10, 4, 8, 7, 6, 9, 4, 6, 4, 5, 9, 3, 6, 5, 4, 6]
B_1 3.0999999999999996 B 21 [2, 4, 2, 6, 1, 4, 6, 2, 2, 3, 5, 6, 4, 2, 5, 4, 5, 6, 2, 5, 2, 6, 6, 3, 2, 3, 5, 6, 5, 1, 2, 4, 6, 6, 5, 6, 3, 5, 1, 2] [6, 7, 5, 8, 4, 7, 8, 4, 6, 5, 9, 10, 7, 5, 8, 7, 8, 10, 6, 7, 6, 8, 9, 7, 4, 6, 7, 8, 8, 4, 4, 7, 8, 9, 7, 9, 7, 8, 3, 4]
B_2 5.5 B 22 [3, 3, 5, 1, 2, 1, 1, 3, 1, 2, 2, 2, 3, 2, 4, 5, 3, 4, 2, 6, 2, 6, 4, 4, 1, 4, 3, 6, 2, 1, 6, 3, 4, 2, 1, 4, 3, 4, 6, 1] [7, 7, 9, 3, 6, 5, 5, 7, 5, 6, 5, 6, 5, 6, 8, 7, 6, 6, 5, 10, 4, 9, 8, 7, 3, 7, 6, 8, 4, 4, 10, 5, 7, 4, 5, 6, 5, 8, 10, 5]
B_3 6.5 B 23 [2, 1, 1, 1, 4, 5, 6, 6, 6, 4, 1, 5, 3, 3, 4, 3, 1, 2, 5, 1, 4, 3, 4, 2, 1, 4, 5, 3, 4, 5, 6, 6, 6, 3, 6, 5, 4, 6, 2, 6] [5, 3, 4, 3, 8, 8, 10, 8, 10, 8, 4, 8, 6, 7, 6, 5, 3, 4, 8, 5, 6, 7, 7, 5, 4, 7, 7, 5, 8, 8, 10, 8, 10, 7, 9, 9, 7, 10, 4, 9]
B_4 7.5 B 24 [1, 6, 2, 3, 5, 6, 2, 6, 3, 3, 5, 4, 5, 1, 4, 3, 5, 6, 6, 4, 6, 2, 1, 1, 2, 5, 1, 4, 1, 6, 4, 1, 5, 2, 2, 3, 3, 1, 1, 4] [5, 8, 5, 7, 7, 9, 4, 10, 6, 5, 8, 8, 9, 3, 6, 7, 9, 9, 10, 6, 10, 4, 3, 4, 4, 8, 4, 7, 3, 8, 8, 4, 8, 4, 4, 6, 7, 3, 4, 7]
B_5 11.76 B 25 [2, 2, 1, 4, 6, 1, 4, 2, 4, 2, 6, 5, 2, 6, 2, 3, 4, 3, 2, 6, 2, 3, 4, 4, 5, 6, 3, 4, 2, 3, 1, 3, 3, 1, 5, 6, 4, 4, 6, 2] [4, 6, 3, 8, 9, 3, 8, 5, 8, 5, 9, 9, 4, 9, 5, 5, 6, 5, 5, 9, 4, 6, 7, 7, 8, 9, 5, 8, 5, 5, 5, 5, 6, 4, 7, 9, 8, 8, 10, 6]
B_6 15.969999999999999 B 26 [1, 5, 4, 1, 4, 1, 2, 5, 5, 1, 1, 3, 6, 1, 4, 1, 5, 4, 4, 4, 6, 5, 3, 5, 1, 3, 5, 1, 4, 2, 6, 6, 5, 3, 4, 5, 6, 2, 4, 4] [4, 7, 6, 3, 7, 4, 6, 7, 9, 5, 4, 7, 10, 3, 8, 3, 8, 7, 6, 7, 8, 7, 6, 7, 4, 5, 9, 5, 8, 6, 8, 9, 9, 6, 8, 8, 9, 4, 6, 6]
B_7 17.82 B 27 [1, 3, 3, 2, 3, 3, 4, 4, 2, 4, 5, 5, 3, 1, 5, 6, 6, 6, 2, 5, 5, 6, 6, 3, 4, 4, 1, 5, 5, 1, 1, 5, 5, 5, 3, 2, 6, 5, 3, 6] [4, 7, 6, 4, 5, 5, 6, 8, 6, 7, 8, 7, 7, 3, 8, 10, 10, 9, 4, 9, 7, 8, 8, 5, 7, 8, 5, 7, 9, 5, 5, 8, 8, 7, 5, 5, 8, 9, 5, 10]
B_8 21.33 B 28 [1, 6, 2, 4, 1, 5, 2, 6, 3, 1, 1, 4, 1, 2, 1, 4, 4, 4, 3, 2, 2, 5, 2, 4, 1, 2, 4, 5, 5, 4, 4, 6, 5, 6, 2, 4, 5, 4, 1, 5] [4, 10, 6, 8, 3, 8, 5, 9, 7, 4, 3, 7, 5, 5, 4, 7, 8, 7, 6, 5, 6, 8, 4, 8, 3, 5, 8, 9, 9, 7, 6, 9, 9, 10, 5, 7, 9, 7, 4, 7]
B_9 22.97 B 29 [2, 2, 6, 1, 4, 1, 4, 6, 4, 4, 3, 5, 5, 5, 2, 5, 1, 4, 4, 4, 6, 1, 1, 5, 6, 3, 2, 1, 4, 1, 2, 3, 3, 6, 2, 5, 5, 3, 4, 5] [6, 4, 8, 4, 6, 5, 6, 8, 7, 8, 5, 9, 8, 7, 4, 9, 3, 6, 6, 8, 9, 4, 4, 8, 8, 5, 6, 5, 7, 5, 4, 5, 7, 9, 5, 7, 9, 6, 8, 7]
B_10 24.189999999999998 B 30 [3, 5, 1, 1, 4, 1, 1, 1, 6, 5, 4, 5, 2, 1, 1, 1, 5, 5, 6, 4, 2, 2, 6, 6, 4, 1, 6, 1, 4, 2, 1, 3, 3, 6, 1, 3, 3, 2, 5, 1] [6, 7, 4, 5, 8, 3, 3, 3, 10, 7, 7, 7, 4, 3, 4, 5, 9, 8, 8, 7, 4, 4, 10, 10, 8, 5, 8, 5, 6, 4, 5, 6, 5, 10, 5, 7, 5, 6, 8, 3]
B_11 25.189999999999998 B 31 [5, 3, 4, 1, 3, 5, 5, 5, 1, 4, 5, 5, 5, 5, 3, 6, 4, 2, 1, 5, 2, 4, 3, 6, 1, 3, 6, 5, 6, 3, 3, 6, 3, 3, 2, 3, 1, 1, 3, 2] [7, 5, 6, 3, 7, 9, 7, 9, 3, 8, 7, 7, 9, 9, 6, 9, 7, 4, 3, 8, 6, 7, 5, 8, 4, 5, 9, 8, 9, 5, 6, 10, 5, 6, 4, 5, 4, 5, 6, 4]
B_12 32.379999999999995 B 32 [3, 4, 3, 3, 5, 2, 6, 5, 3, 2, 5, 2, 4, 2, 1, 4, 5, 1, 6, 3, 2, 6, 4, 6, 5, 3, 5, 5, 5, 3, 3, 3, 4, 4, 4, 3, 2, 4, 4, 1] [5, 6, 5, 5, 8, 4, 10, 7, 5, 5, 8, 5, 7, 5, 3, 8, 7, 3, 9, 5, 4, 8, 7, 10, 8, 6, 9, 8, 9, 7, 5, 5, 7, 6, 7, 7, 6, 6, 7, 5]
B_13 35.05 B 33 [3, 6, 4, 2, 4, 6, 5, 1, 3, 3, 3, 1, 1, 6, 5, 1, 4, 5, 3, 2, 1, 6, 2, 3, 2, 1, 3, 5, 6, 6, 6, 3, 4, 4, 2, 2, 2, 1, 4, 4] [5, 10, 7, 4, 8, 8, 9, 3, 7, 6, 5, 4, 4, 8, 8, 5, 7, 7, 5, 4, 5, 9, 4, 7, 4, 4, 6, 7, 10, 9, 10, 6, 6, 7, 6, 4, 4, 5, 6, 8]
B_14 36.05 B 34 [6, 5, 3, 1, 3, 2, 6, 1, 2, 3, 2, 6, 5, 6, 4, 6, 5, 2, 1, 1, 6, 5, 1, 6, 2, 5, 4, 3, 2, 2, 1, 2, 4, 2, 3, 5, 6, 2, 2, 5] [10, 9, 7, 5, 7, 5, 9, 3, 6, 7, 4, 10, 7, 8, 8, 8, 8, 4, 3, 4, 9, 7, 5, 9, 4, 7, 8, 5, 5, 5, 5, 4, 7, 6, 5, 8, 9, 5, 6, 7]
B_15 37.879999999999995 B 35 [2, 1, 5, 5, 6, 1, 3, 4, 6, 6, 3, 1, 1, 4, 3, 4, 3, 4, 1, 3, 1, 6, 4, 5, 3, 6, 5, 2, 4, 5, 3, 3, 3, 2, 5, 4, 4, 1, 3, 1] [5, 5, 9, 8, 8, 3, 7, 8, 8, 8, 6, 3, 5, 7, 6, 7, 5, 8, 3, 6, 3, 9, 6, 9, 6, 9, 8, 5, 7, 7, 7, 5, 7, 4, 8, 8, 6, 5, 6, 4]
B_16 46.12 B 36 [1, 2, 2, 4, 5, 5, 6, 2, 2, 6, 5, 2, 5, 1, 3, 6, 2, 5, 6, 5, 2, 3, 3, 4, 3, 4, 6, 6, 5, 5, 3, 1, 2, 2, 6, 4, 5, 3, 6, 4] [5, 5, 5, 6, 8, 9, 8, 4, 4, 8, 7, 5, 7, 4, 5, 8, 5, 9, 8, 9, 6, 7, 5, 7, 7, 8, 9, 8, 9, 9, 5, 4, 6, 4, 9, 6, 9, 6, 10, 8]
B_17 47.87 B 37 [3, 6, 6, 3, 5, 3, 5, 3, 2, 6, 2, 3, 3, 4, 6, 1, 1, 5, 4, 5, 2, 5, 4, 6, 1, 4, 2, 5, 4, 3, 2, 1, 4, 1, 2, 1, 3, 4, 1, 3] [5, 10, 8, 6, 8, 5, 9, 7, 6, 9, 4, 6, 5, 8, 8, 3, 5, 7, 6, 8, 5, 8, 8, 10, 3, 8, 4, 9, 7, 6, 6, 5, 6, 5, 5, 5, 6, 6, 5, 5]
B_18 50.3 B 38 [3, 5, 2, 2, 3, 1, 5, 3, 4, 6, 3, 5, 6, 6, 5, 1, 2, 5, 3, 5, 2, 1, 6, 2, 1, 6, 4, 3, 1, 4, 5, 3, 4, 4, 2, 3, 6, 1, 6, 3] [6, 7, 4, 6, 5, 5, 8, 5, 8, 9, 6, 7, 9, 9, 8, 3, 5, 8, 7, 7, 4, 3, 10, 4, 4, 10, 6, 5, 4, 8, 8, 6, 7, 6, 6, 6, 10, 5, 8, 5]
B_19 51.72 B 39 [3, 3, 5, 5, 1, 3, 5, 6, 4, 6, 4, 1, 2, 1, 6, 5, 3, 3, 3, 4, 2, 2, 1, 6, 4, 2, 4, 6, 5, 5, 1, 2, 1, 4, 5, 1, 4, 3, 3, 5] [6, 5, 7, 7, 5, 5, 9, 9, 6, 9, 8, 4, 4, 4, 10, 9, 7, 7, 6, 8, 6, 4, 5, 9, 7, 6, 6, 10, 7, 7, 3, 4, 5, 8, 7, 4, 8, 5, 5, 9]
