A_0 2.23 A 0 [6, 2, 5, 3, 4, 6, 5, 5, 6, 6, 4, 3, 3, 1, 1, 4, 3, 2, 4, 4, 1, 5, 5, 5, 4, 3, 2, 6, 4, 2, 4, 2, 2, 3, 2, 3, 1, 2, 1, 3] [7, 3, 6, 3, 5, 6, 7, 5, 8, 8, 4, 5, 5, 3, 2, 4, 3, 4, 4, 6, 3, 6, 6, 6, 5, 5, 2, 7, 6, 2, 6, 2, 2, 4, 4, 3, 2, 2, 2, 5]
A_1 3.4299999999999997 A 1 [2, 4, 2, 4, 1, 3, 5, 2, 4, 4, 4, 2, 2, 1, 6, 5, 6, 5, 5, 5, 6, 4, 1, 4, 4, 5, 1, 6, 4, 5, 3, 6, 3, 6, 4, 2, 5, 3, 2, 2] [3, 4, 2, 6, 3, 4, 7, 2, 4, 6, 4, 2, 4, 1, 6, 5, 6, 7, 5, 6, 6, 4, 3, 4, 6, 6, 3, 7, 6, 5, 4, 7, 5, 8, 5, 3, 5, 4, 4, 3]
A_2 10.969999999999999 A 2 [5, 2, 3, 2, 5, 1, 1, 1, 4, 6, 1, 2, 5, 6, 6, 3, 4, 4, 1, 2, 4, 1, 6, 4, 2, 5, 5, 2, 5, 1, 3, 5, 5, 2, 2, 2, 1, 4, 6, 6] [6, 2, 4, 4, 7, 1, 1, 2, 5, 7, 3, 2, 7, 7, 8, 3, 4, 6, 1, 2, 5, 2, 7, 5, 3, 6, 6, 4, 5, 1, 5, 7, 5, 3, 2, 2, 2, 5, 8, 8]
A_3 17.07 A 3 [3, 4, 2, 5, 1, 2, 4, 1, 1, 1, 5, 2, 3, 5, 3, 5, 5, 2, 3, 1, 5, 5, 1, 3, 5, 1, 2, 1, 3, 2, 6, 5, 1, 4, 1, 3, 3, 3, 1, 2] [3, 6, 4, 7, 2, 3, 5, 3, 1, 3, 5, 3, 4, 6, 4, 5, 6, 3, 4, 3, 6, 7, 3, 3, 7, 1, 3, 2, 5, 2, 6, 5, 3, 5, 3, 3, 5, 4, 1, 2]
A_4 18.07 A 4 [4, 1, 5, 1, 1, 1, 3, 1, 5, 4, 3, 4, 6, 3, 5, 3, 5, 5, 3, 1, 4, 2, 3, 5, 2, 6, 2, 3, 4, 3, 6, 1, 1, 2, 2, 5, 6, 2, 2, 1] [5, 3, 7, 2, 1, 3, 4, 3, 5, 4, 5, 6, 7, 3, 7, 5, 5, 7, 3, 2, 4, 3, 4, 5, 3, 8, 4, 5, 4, 4, 8, 1, 2, 2, 2, 7, 6, 2, 4, 3]
A_5 21.34 A 5 [6, 3, 1, 2, 1, 2, 5, 6, 5, 2, 4, 5, 2, 6, 4, 5, 1, 5, 2, 6, 2, 3, 2, 5, 5, 5, 1, 6, 2, 2, 1, 6, 5, 3, 1, 1, 3, 4, 2, 6] [6, 4, 1, 3, 3, 3, 5, 7, 5, 4, 6, 7, 2, 7, 5, 5, 3, 7, 4, 7, 3, 3, 2, 5, 7, 6, 2, 8, 2, 2, 1, 6, 7, 5, 2, 1, 4, 4, 2, 6]
A_6 22.34 A 6 [5, 5, 1, 4, 3, 5, 5, 6, 3, 2, 3, 5, 4, 1, 1, 5, 5, 1, 2, 1, 1, 4, 5, 4, 4, 2, 6, 3, 2, 1, 2, 3, 2, 4, 4, 1, 1, 3, 3, 2] [7, 7, 1, 5, 4, 5, 5, 7, 5, 3, 3, 6, 5, 2, 2, 7, 5, 2, 4, 1, 3, 5, 6, 4, 5, 4, 8, 3, 4, 3, 4, 5, 4, 6, 6, 3, 2, 4, 4, 2]
A_7 23.34 A 7 [5, 2, 1, 1, 1, 6, 6, 2, 5, 3, 2, 1, 5, 2, 3, 2, 3, 2, 6, 3, 6, 6, 3, 5, 4, 4, 2, 2, 5, 1, 6, 4, 4, 3, 2, 6, 3, 4, 3, 3] [5, 2, 2, 3, 3, 7, 7, 3, 7, 4, 3, 1, 6, 3, 5, 4, 4, 3, 8, 3, 8, 8, 4, 7, 4, 4, 3, 3, 7, 1, 8, 4, 5, 3, 4, 8, 3, 5, 3, 4]
A_8 27.07 A 8 [6, 4, 4, 1, 5, 5, 3, 5, 1, 6, 6, 2, 2, 4, 3, 3, 6, 1, 1, 5, 1, 4, 6, 1, 4, 6, 6, 6, 4, 4, 4, 5, 3, 4, 6, 3, 2, 6, 4, 4] [8, 4, 5, 1, 5, 5, 5, 7, 2, 7, 6, 3, 4, 4, 4, 4, 8, 3, 1, 7, 3, 5, 8, 2, 4, 6, 7, 8, 5, 4, 6, 5, 5, 4, 6, 5, 4, 6, 5, 4]
A_9 28.07 A 9 [6, 4, 6, 1, 4, 2, 2, 3, 6, 3, 2, 4, 4, 4, 2, 3, 3, 4, 1, 3, 5, 3, 5, 5, 1, 5, 2, 6, 4, 6, 3, 3, 6, 4, 6, 5, 4, 2, 2, 6] [8, 6, 7, 3, 4, 4, 3, 4, 7, 4, 2, 4, 4, 6, 4, 5, 5, 6, 3, 3, 6, 3, 7, 6, 1, 7, 3, 8, 6, 7, 5, 5, 8, 6, 8, 7, 6, 2, 2, 6]
A_10 29.080000000000002 A 10 [4, 4, 1, 5, 3, 4, 3, 2, 6, 2, 2, 3, 3, 2, 2, 6, 1, 1, 6, 3, 3, 5, 4, 6, 3, 3, 2, 3, 3, 6, 4, 3, 5, 6, 6, 2, 6, 1, 2, 5] [4, 4, 3, 5, 5, 6, 3, 3, 6, 2, 2, 3, 5, 3, 4, 8, 1, 2, 7, 5, 4, 5, 4, 7, 4, 4, 2, 5, 3, 6, 4, 3, 6, 6, 7, 2, 6, 3, 2, 7]
A_11 30.080000000000002 A 11 [3, 2, 2, 2, 4, 5, 5, 1, 2, 4, 3, 4, 6, 5, 1, 2, 2, 1, 6, 4, 3, 4, 5, 1, 6, 4, 5, 4, 3, 2, 4, 1, 5, 3, 1, 2, 4, 4, 4, 4] [5, 2, 2, 3, 6, 7, 6, 1, 3, 4, 3, 4, 7, 5, 3, 3, 4, 1, 8, 6, 4, 5, 6, 2, 8, 6, 5, 6, 4, 2, 6, 1, 7, 5, 1, 2, 4, 5, 5, 4]
A_12 31.17 A 12 [3, 2, 5, 3, 6, 2, 4, 5, 2, 4, 3, 6, 1, 5, 1, 4, 1, 1, 5, 2, 2, 2, 3, 3, 2, 6, 2, 1, 4, 5, 1, 4, 4, 6, 3, 4, 4, 1, 5, 5] [5, 4, 7, 4, 7, 2, 5, 6, 4, 4, 5, 7, 2, 7, 3, 5, 3, 1, 6, 4, 4, 2, 5, 3, 4, 7, 3, 2, 5, 5, 3, 4, 4, 7, 4, 5, 4, 2, 5, 5]
A_13 32.59 A 13 [1, 1, 6, 5, 3, 6, 1, 2, 4, 4, 2, 5, 5, 5, 4, 5, 3, 2, 5, 1, 4, 4, 3, 6, 2, 3, 4, 5, 5, 6, 2, 4, 1, 2, 1, 6, 1, 5, 5, 1] [3, 1, 7, 6, 3, 7, 2, 3, 4, 6, 3, 5, 7, 5, 4, 7, 5, 4, 6, 1, 6, 4, 4, 6, 2, 4, 4, 7, 7, 8, 3, 6, 1, 3, 3, 8, 3, 6, 5, 2]
A_14 35.36000000000001 A 14 [1, 6, 6, 3, 5, 4, 1, 3, 3, 2, 2, 1, 1, 4, 2, 1, 4, 6, 4, 2, 3, 1, 5, 3, 4, 3, 2, 1, 5, 4, 3, 5, 6, 1, 5, 4, 2, 3, 1, 6] [2, 6, 8, 4, 7, 5, 2, 5, 4, 4, 4, 3, 3, 4, 3, 1, 4, 7, 4, 4, 3, 3, 6, 4, 4, 3, 2, 1, 6, 5, 4, 6, 8, 2, 5, 4, 3, 3, 3, 7]
A_15 37.56000000000001 A 15 [4, 5, 3, 5, 3, 5, 5, 2, 3, 3, 6, 2, 4, 5, 1, 6, 1, 5, 4, 4, 3, 4, 6, 1, 4, 3, 5, 1, 3, 6, 1, 2, 4, 5, 3, 5, 3, 6, 2, 4] [4, 5, 3, 5, 5, 5, 7, 4, 4, 5, 8, 3, 5, 7, 1, 7, 2, 6, 5, 5, 4, 5, 8, 3, 5, 5, 7, 1, 3, 8, 1, 3, 5, 7, 5, 6, 5, 8, 2, 5]
A_16 39.650000000000006 A 16 [3, 6, 4, 5, 5, 1, 5, 3, 6, 3, 1, 2, 1, 3, 4, 1, 1, 1, 4, 3, 4, 3, 2, 4, 4, 4, 4, 6, 2, 3, 4, 6, 6, 3, 3, 1, 6, 6, 2, 5] [3, 6, 4, 6, 5, 3, 5, 4, 8, 5, 1, 4, 3, 5, 4, 2, 2, 1, 4, 5, 5, 5, 4, 6, 6, 5, 5, 6, 4, 3, 4, 8, 6, 5, 5, 1, 6, 6, 2, 6]
A_17 40.760000000000005 A 17 [2, 5, 4, 2, 5, 5, 1, 2, 1, 4, 1, 1, 1, 2, 6, 5, 1, 4, 6, 3, 4, 3, 6, 3, 5, 4, 3, 4, 3, 6, 1, 6, 3, 4, 2, 6, 6, 1, 6, 3] [4, 7, 6, 3, 7, 7, 2, 3, 3, 6, 2, 1, 1, 4, 7, 6, 1, 6, 8, 5, 4, 5, 8, 5, 7, 4, 3, 4, 3, 6, 3, 6, 5, 5, 3, 8, 7, 1, 6, 5]
A_18 52.06 A 18 [4, 5, 1, 3, 3, 2, 2, 6, 1, 1, 6, 6, 5, 5, 4, 4, 4, 6, 3, 6, 5, 6, 1, 2, 4, 1, 5, 6, 4, 1, 5, 6, 5, 4, 6, 2, 5, 3, 3, 6] [4, 5, 1, 4, 3, 4, 4, 8, 1, 3, 7, 8, 6, 6, 4, 5, 4, 8, 4, 6, 5, 8, 2, 4, 6, 2, 6, 6, 4, 2, 6, 7, 5, 4, 8, 2, 6, 3, 5, 7]
A_19 54.1 A 19 [4, 5, 2, 1, 1, 6, 1, 3, 5, 3, 3, 4, 2, 1, 2, 4, 3, 3, 6, 6, 4, 3, 3, 3, 2, 3, 4, 3, 2, 4, 6, 5, 1, 5, 1, 2, 5, 6, 1, 1] [6, 6, 2, 3, 2, 7, 1, 3, 7, 3, 5, 6, 4, 1, 4, 5, 5, 5, 6, 6, 4, 4, 5, 4, 4, 3, 4, 4, 4, 4, 8, 5, 1, 6, 1, 4, 7, 8, 2, 2]
B_0 1 B 20 [1, 6, 4, 5, 4, 2, 1, 6, 1, 5, 3, 3, 2, 4, 3, 3, 4, 4, 5, 4, 5, 5, 4, 4, 2, 4, 1, 3, 6, 1, 5, 4, 2, 2, 6, 1, 2, 3, 6, 3] [3, 6, 5, 6, 4, 3, 3, 8, 3, 6, 4, 4, 4, 6, 3, 4, 5, 4, 5, 4, 6, 6, 6, 4, 2, 4, 1, 5, 8, 1, 6, 5, 3, 2, 8, 3, 3, 5, 6, 3]
B_1 2.08 B 21 [5, 4, 1, 5, 2, 3, 4, 6, 4, 3, 5, 4, 2, 4, 1, 4, 3, 3, 6, 3, 5, 1, 3, 2, 6, 3, 5, 1, 3, 2, 2, 4, 3, 3, 6, 6, 2, 6, 1, 3] [6, 4, 2, 7, 3, 3, 5, 8, 5, 3, 5, 5, 2, 4, 3, 5, 5, 5, 8, 4, 6, 1, 3, 3, 6, 4, 7, 2, 5, 3, 4, 5, 4, 3, 7, 6, 2, 8, 1, 3]
B_2 3.08 B 22 [5, 1, 6, 1, 3, 2, 5, 3, 6, 5, 4, 5, 3, 3, 5, 6, 2, 6, 1, 3, 4, 3, 6, 5, 3, 6, 6, 4, 5, 1, 2, 4, 4, 3, 3, 1, 5, 4, 3, 2] [6, 3, 7, 3, 4, 2, 6, 4, 8, 7, 4, 6, 5, 4, 6, 8, 4, 8, 2, 5, 6, 3, 6, 7, 5, 7, 8, 5, 7, 2, 3, 4, 5, 3, 5, 3, 7, 6, 4, 3]
B_3 6.300000000000001 B 23 [5, 4, 4, 3, 5, 5, 4, 5, 1, 5, 6, 1, 3, 6, 3, 1, 4, 3, 2, 3, 4, 2, 5, 4, 4, 6, 5, 3, 5, 6, 1, 6, 3, 1, 1, 4, 3, 5, 4, 2] [6, 4, 5, 3, 5, 5, 4, 7, 2, 6, 7, 2, 3, 6, 4, 3, 6, 5, 4, 4, 4, 3, 7, 4, 4, 6, 7, 3, 5, 8, 3, 6, 5, 2, 2, 6, 5, 6, 4, 4]
B_4 9.170000000000002 B 24 [4, 4, 2, 5, 2, 5, 4, 4, 4, 1, 3, 6, 2, 2, 4, 4, 4, 5, 4, 2, 2, 6, 3, 4, 6, 4, 2, 3, 1, 5, 5, 2, 5, 4, 2, 4, 5, 3, 2, 4] [5, 6, 3, 7, 3, 7, 5, 4, 4, 1, 4, 8, 4, 2, 4, 5, 6, 7, 6, 4, 2, 6, 5, 4, 7, 6, 2, 5, 2, 7, 6, 4, 6, 4, 4, 6, 5, 5, 2, 4]
B_5 10.170000000000002 B 25 [3, 5, 5, 1, 6, 5, 2, 4, 6, 5, 3, 4, 6, 3, 3, 3, 4, 4, 1, 3, 4, 3, 6, 6, 4, 3, 1, 5, 4, 3, 5, 3, 4, 6, 4, 3, 5, 2, 5, 1] [5, 6, 6, 1, 8, 6, 4, 4, 6, 7, 4, 6, 7, 4, 3, 5, 5, 4, 2, 3, 4, 4, 7, 6, 6, 5, 1, 7, 6, 5, 7, 4, 6, 8, 5, 3, 6, 3, 7, 1]
B_6 14.470000000000002 B 26 [2, 1, 5, 2, 2, 1, 6, 2, 6, 2, 2, 5, 2, 4, 2, 5, 4, 3, 5, 4, 1, 5, 6, 5, 2, 1, 6, 2, 3, 4, 1, 1, 3, 5, 2, 5, 2, 4, 3, 5] [2, 3, 6, 3, 4, 2, 8, 3, 7, 3, 2, 5, 3, 4, 2, 7, 5, 3, 6, 4, 1, 7, 8, 7, 2, 1, 7, 2, 5, 4, 1, 1, 5, 5, 3, 5, 3, 5, 3, 6]
B_7 18.430000000000003 B 27 [6, 6, 2, 1, 3, 6, 3, 2, 6, 6, 3, 4, 1, 5, 1, 1, 6, 4, 6, 3, 3, 1, 4, 3, 3, 5, 2, 1, 4, 6, 6, 6, 3, 4, 3, 1, 1, 1, 2, 2] [7, 7, 4, 2, 5, 8, 3, 3, 8, 8, 5, 6, 2, 7, 1, 1, 6, 4, 6, 4, 5, 2, 5, 3, 5, 7, 2, 1, 5, 7, 6, 8, 5, 6, 4, 3, 3, 2, 2, 4]
B_8 23.080000000000005 B 28 [4, 4, 5, 3, 4, 2, 2, 5, 4, 4, 3, 3, 4, 5, 5, 3, 2, 3, 4, 2, 6, 3, 5, 5, 1, 4, 3, 4, 4, 4, 1, 1, 4, 5, 5, 1, 6, 3, 5, 1] [6, 6, 5, 5, 4, 2, 4, 7, 5, 6, 3, 4, 5, 7, 6, 3, 4, 3, 4, 4, 8, 5, 7, 5, 2, 6, 5, 5, 4, 6, 3, 1, 4, 5, 6, 2, 8, 4, 7, 3]
B_9 24.080000000000005 B 29 [2, 5, 1, 2, 3, 2, 1, 1, 4, 6, 6, 2, 5, 6, 4, 6, 3, 6, 1, 4, 1, 2, 1, 6, 5, 3, 4, 6, 4, 6, 4, 4, 6, 5, 2, 2, 4, 3, 1, 3] [2, 5, 1, 2, 4, 2, 3, 1, 4, 7, 6, 2, 5, 8, 5, 8, 3, 6, 2, 4, 1, 3, 2, 8, 7, 5, 4, 7, 6, 6, 5, 6, 8, 7, 2, 3, 6, 3, 3, 5]
B_10 29.140000000000004 B 30 [4, 3, 3, 6, 6, 1, 2, 6, 4, 3, 4, 4, 1, 2, 3, 1, 4, 1, 5, 6, 5, 2, 2, 1, 5, 5, 1, 6, 1, 4, 2, 1, 5, 4, 2, 5, 6, 5, 4, 6] [6, 4, 5, 6, 8, 1, 4, 8, 6, 5, 4, 6, 3, 3, 4, 1, 4, 3, 6, 8, 6, 4, 3, 3, 6, 7, 1, 6, 3, 5, 2, 1, 5, 4, 3, 6, 8, 7, 5, 6]
B_11 31.910000000000004 B 31 [2, 6, 5, 5, 1, 6, 3, 4, 5, 3, 3, 1, 4, 4, 5, 2, 6, 6, 6, 5, 4, 4, 4, 6, 2, 3, 1, 6, 1, 4, 1, 3, 4, 1, 2, 5, 2, 2, 3, 4] [2, 7, 7, 5, 1, 6, 5, 4, 5, 5, 3, 1, 4, 6, 6, 3, 8, 6, 7, 5, 5, 5, 4, 6, 4, 4, 1, 8, 1, 6, 1, 5, 5, 1, 3, 7, 4, 3, 3, 5]
B_12 32.910000000000004 B 32 [2, 3, 5, 1, 1, 5, 2, 4, 3, 6, 5, 5, 4, 1, 6, 4, 6, 3, 5, 1, 2, 3, 4, 3, 5, 4, 3, 3, 4, 6, 5, 4, 4, 5, 4, 4, 3, 2, 6, 3] [2, 5, 5, 3, 2, 7, 4, 5, 5, 8, 6, 7, 4, 1, 8, 5, 6, 5, 5, 1, 3, 4, 5, 5, 6, 6, 5, 5, 4, 8, 5, 5, 5, 7, 4, 4, 5, 4, 8, 5]
B_13 34.2 B 33 [3, 6, 2, 4, 2, 3, 4, 3, 4, 4, 6, 3, 6, 2, 1, 5, 3, 4, 4, 5, 2, 3, 3, 1, 4, 6, 5, 4, 5, 5, 4, 1, 5, 1, 3, 1, 1, 5, 2, 5] [4, 8, 3, 5, 2, 5, 6, 3, 4, 6, 6, 5, 7, 3, 2, 7, 5, 5, 4, 6, 2, 3, 3, 2, 4, 8, 5, 6, 5, 7, 4, 1, 7, 1, 4, 2, 1, 5, 3, 6]
B_14 36.89 B 34 [2, 4, 2, 1, 2, 1, 4, 2, 6, 6, 6, 1, 3, 1, 5, 3, 3, 2, 6, 1, 6, 6, 3, 1, 2, 4, 2, 3, 5, 2, 2, 2, 4, 3, 4, 2, 4, 1, 3, 6] [4, 5, 2, 3, 2, 2, 6, 4, 6, 8, 7, 1, 4, 3, 5, 5, 5, 3, 8, 1, 8, 7, 5, 2, 4, 5, 3, 4, 6, 2, 3, 3, 4, 4, 5, 3, 6, 1, 4, 8]
B_15 39.56 B 35 [3, 2, 2, 3, 5, 1, 1, 6, 3, 5, 2, 2, 4, 6, 4, 5, 1, 6, 2, 2, 1, 6, 1, 4, 4, 3, 5, 1, 1, 2, 5, 5, 4, 1, 2, 1, 5, 5, 6, 6] [3, 3, 2, 3, 7, 1, 3, 8, 5, 7, 2, 2, 5, 8, 4, 6, 1, 8, 2, 4, 3, 6, 3, 6, 6, 3, 5, 3, 2, 3, 6, 7, 4, 2, 3, 1, 5, 5, 7, 6]
B_16 40.56 B 36 [1, 5, 1, 3, 6, 3, 1, 3, 2, 4, 6, 4, 4, 1, 2, 3, 6, 6, 5, 5, 2, 2, 5, 3, 5, 5, 2, 1, 6, 4, 6, 2, 3, 1, 4, 5, 2, 2, 6, 4] [2, 5, 2, 5, 6, 4, 2, 3, 4, 6, 6, 4, 4, 3, 3, 5, 6, 7, 6, 7, 3, 2, 7, 5, 5, 6, 3, 3, 8, 6, 8, 4, 5, 1, 6, 5, 4, 4, 6, 6]
B_17 44.71 B 37 [2, 3, 4, 3, 2, 4, 3, 4, 6, 2, 1, 4, 1, 5, 3, 6, 6, 1, 3, 6, 3, 6, 4, 5, 3, 2, 4, 1, 3, 3, 5, 2, 2, 5, 1, 5, 2, 2, 4, 1] [2, 4, 5, 4, 2, 4, 4, 5, 6, 2, 3, 5, 2, 6, 3, 8, 6, 1, 3, 8, 5, 8, 6, 6, 5, 3, 5, 2, 4, 3, 7, 3, 4, 5, 1, 5, 4, 2, 6, 3]
B_18 50.85 B 38 [1, 2, 6, 1, 2, 2, 3, 3, 4, 2, 2, 4, 5, 5, 1, 2, 2, 6, 3, 1, 6, 1, 3, 4, 2, 5, 3, 2, 5, 1, 4, 3, 6, 2, 3, 6, 6, 4, 4, 2] [2, 4, 8, 1, 4, 2, 4, 3, 5, 2, 2, 5, 5, 5, 3, 2, 2, 6, 5, 2, 6, 1, 4, 4, 2, 7, 3, 2, 7, 3, 5, 3, 8, 3, 4, 7, 6, 6, 5, 3]
B_19 52.93 B 39 [3, 2, 6, 2, 1, 6, 2, 3, 4, 6, 5, 4, 5, 1, 6, 4, 5, 3, 6, 1, 3, 3, 2, 2, 4, 1, 5, 2, 1, 3, 6, 4, 3, 5, 6, 6, 4, 1, 2, 1] [5, 3, 8, 2, 3, 6, 2, 4, 4, 6, 7, 4, 5, 2, 7, 5, 6, 5, 7, 2, 3, 3, 3, 4, 4, 1, 6, 4, 3, 5, 6, 5, 5, 6, 8, 6, 6, 3, 3, 2]
