A_0 1.99 A 0 [5, 3, 2, 5, 3, 6, 6, 1, 6, 1, 1, 1, 5, 2, 5, 3, 1, 6, 6, 4, 2, 5, 6, 1, 5, 2, 3, 5, 3, 5, 3, 4, 4, 2, 2, 6, 5, 6, 4, 2] [9, 5, 5, 8, 6, 10, 8, 3, 8, 5, 3, 4, 9, 4, 8, 5, 3, 10, 8, 7, 6, 8, 8, 5, 8, 5, 6, 8, 6, 8, 5, 6, 6, 6, 4, 10, 8, 8, 7, 6]
A_1 3.23 A 1 [3, 6, 6, 4, 6, 2, 1, 2, 3, 2, 3, 4, 3, 5, 2, 6, 1, 5, 4, 3, 3, 6, 3, 4, 2, 4, 5, 2, 2, 1, 6, 5, 1, 5, 3, 3, 3, 2, 5, 5] [5, 9, 8, 6, 9, 4, 3, 5, 7, 5, 6, 6, 5, 7, 4, 10, 5, 9, 7, 7, 6, 10, 7, 7, 4, 8, 7, 6, 5, 3, 8, 8, 5, 7, 6, 7, 7, 5, 7, 9]
A_2 5.279999999999999 A 2 [2, 6, 3, 3, 6, 1, 5, 1, 6, 1, 4, 6, 4, 2, 4, 2, 6, 5, 2, 6, 5, 5, 4, 2, 5, 3, 1, 1, 3, 6, 4, 3, 6, 1, 1, 6, 2, 1, 2, 6] [5, 8, 5, 6, 9, 4, 7, 5, 8, 3, 8, 9, 7, 5, 6, 6, 9, 9, 4, 9, 7, 8, 6, 5, 8, 7, 4, 3, 6, 9, 7, 6, 8, 3, 5, 10, 5, 4, 5, 10]
A_3 7.739999999999999 A 3 [5, 4, 3, 5, 5, 5, 5, 5, 3, 1, 5, 1, 3, 4, 4, 4, 3, 3, 4, 6, 5, 4, 4, 1, 6, 4, 3, 2, 4, 5, 6, 5, 3, 4, 3, 2, 6, 6, 6, 4] [8, 6, 6, 8, 8, 7, 7, 7, 5, 4, 7, 3, 6, 8, 8, 8, 6, 5, 8, 10, 9, 7, 8, 4, 9, 7, 7, 4, 7, 8, 8, 9, 5, 6, 6, 4, 9, 9, 8, 7]
A_4 10.719999999999999 A 4 [3, 6, 6, 5, 3, 1, 3, 2, 6, 1, 6, 5, 3, 6, 4, 5, 4, 4, 5, 2, 3, 4, 2, 6, 2, 6, 1, 2, 4, 2, 1, 4, 3, 1, 5, 6, 6, 5, 6, 2] [6, 9, 9, 8, 6, 3, 7, 4, 9, 4, 9, 9, 5, 9, 6, 7, 6, 8, 8, 4, 6, 7, 4, 8, 4, 10, 5, 5, 6, 4, 3, 6, 5, 4, 7, 8, 10, 7, 10, 6]
A_5 14.579999999999998 A 5 [6, 2, 1, 5, 1, 1, 1, 6, 6, 6, 1, 6, 3, 5, 2, 5, 6, 6, 5, 3, 2, 1, 5, 6, 5, 1, 2, 6, 5, 3, 4, 3, 6, 3, 1, 5, 4, 3, 6, 4] [10, 4, 4, 7, 3, 5, 3, 10, 8, 10, 5, 10, 7, 9, 6, 7, 8, 9, 7, 6, 5, 4, 9, 9, 8, 5, 5, 10, 8, 6, 8, 6, 9, 5, 5, 8, 8, 7, 9, 7]
A_6 19.24 A 6 [6, 1, 5, 5, 3, 1, 3, 1, 1, 6, 5, 4, 6, 4, 4, 3, 4, 3, 6, 6, 1, 1, 2, 6, 6, 2, 6, 3, 3, 6, 2, 1, 2, 2, 4, 1, 6, 2, 3, 6] [8, 3, 7, 7, 7, 3, 5, 4, 3, 8, 9, 6, 9, 6, 8, 7, 7, 6, 10, 8, 3, 4, 6, 9, 8, 6, 10, 6, 6, 10, 4, 4, 5, 5, 8, 4, 9, 5, 6, 9]
A_7 20.24 A 7 [1, 2, 1, 5, 2, 6, 1, 6, 5, 4, 6, 6, 6, 5, 6, 3, 4, 5, 5, 5, 2, 4, 1, 1, 1, 5, 1, 1, 3, 2, 3, 4, 6, 5, 1, 5, 4, 6, 2, 3] [3, 5, 5, 7, 4, 10, 4, 9, 9, 8, 8, 9, 9, 7, 10, 7, 8, 9, 7, 7, 5, 7, 4, 3, 5, 8, 3, 4, 5, 4, 5, 6, 10, 9, 5, 7, 8, 8, 4, 6]
A_8 22.659999999999997 A 8 [6, 3, 6, 3, 6, 6, 1, 5, 5, 3, 2, 6, 3, 1, 1, 1, 5, 4, 6, 1, 5, 2, 4, 5, 3, 3, 4, 2, 5, 4, 1, 3, 2, 2, 6, 3, 3, 2, 3, 2] [8, 7, 8, 5, 9, 8, 3, 9, 9, 7, 4, 10, 7, 5, 3, 3, 9, 7, 8, 4, 9, 5, 7, 8, 6, 5, 6, 4, 8, 8, 3, 7, 5, 5, 10, 7, 6, 6, 6, 5]
A_9 23.659999999999997 A 9 [1, 2, 1, 1, 1, 6, 6, 4, 3, 2, 3, 2, 3, 5, 4, 4, 5, 4, 6, 5, 4, 4, 4, 3, 5, 2, 6, 2, 1, 1, 2, 5, 3, 4, 4, 5, 5, 5, 1, 6] [5, 5, 3, 4, 4, 10, 8, 8, 7, 4, 6, 6, 5, 9, 7, 7, 8, 7, 8, 7, 6, 7, 6, 6, 9, 5, 8, 5, 4, 3, 6, 7, 6, 7, 8, 7, 7, 7, 4, 10]
A_10 24.659999999999997 A 10 [1, 3, 4, 5, 6, 1, 5, 6, 2, 3, 5, 5, 3, 1, 3, 6, 1, 4, 3, 6, 4, 4, 4, 2, 6, 2, 5, 4, 4, 6, 2, 6, 6, 3, 3, 3, 5, 5, 4, 3] [3, 6, 8, 7, 9, 5, 9, 8, 4, 6, 9, 9, 6, 4, 6, 8, 5, 7, 6, 9, 6, 8, 7, 5, 8, 4, 7, 8, 6, 9, 4, 8, 8, 5, 6, 5, 8, 7, 7, 5]
A_11 29.919999999999995 A 11 [1, 4, 6, 1, 5, 6, 4, 6, 6, 2, 5, 6, 2, 4, 6, 4, 4, 3, 3, 5, 6, 1, 4, 5, 5, 1, 5, 1, 2, 2, 6, 2, 6, 1, 3, 5, 6, 1, 5, 2] [4, 6, 9, 3, 9, 10, 6, 9, 10, 6, 9, 10, 6, 6, 9, 6, 6, 7, 5, 9, 8, 3, 7, 7, 8, 5, 9, 5, 4, 5, 9, 6, 8, 4, 7, 9, 10, 3, 7, 6]
A_12 35.419999999999995 A 12 [5, 3, 4, 3, 3, 3, 6, 6, 3, 3, 3, 2, 5, 2, 5, 6, 1, 1, 5, 2, 3, 5, 4, 4, 2, 4, 2, 2, 4, 2, 6, 4, 3, 4, 2, 5, 6, 3, 1, 2] [9, 5, 7, 6, 5, 7, 9, 9, 7, 5, 6, 6, 8, 4, 7, 8, 4, 4, 7, 4, 6, 8, 7, 8, 4, 8, 5, 6, 8, 6, 9, 7, 7, 6, 4, 9, 10, 7, 3, 6]
A_13 39.63999999999999 A 13 [2, 5, 2, 4, 6, 5, 4, 5, 1, 5, 1, 4, 2, 1, 2, 4, 2, 2, 5, 2, 2, 2, 6, 2, 2, 2, 2, 2, 2, 3, 1, 2, 6, 5, 2, 5, 3, 4, 5, 1] [4, 7, 5, 8, 9, 9, 6, 7, 5, 9, 4, 6, 4, 4, 5, 6, 4, 5, 7, 5, 4, 6, 9, 4, 6, 4, 5, 6, 4, 7, 4, 4, 9, 8, 5, 9, 6, 6, 8, 5]
A_14 42.559999999999995 A 14 [5, 2, 4, 4, 4, 2, 4, 6, 1, 4, 3, 6, 5, 2, 5, 2, 3, 4, 3, 5, 6, 1, 5, 2, 5, 5, 6, 2, 5, 1, 3, 2, 5, 2, 2, 2, 5, 2, 2, 1] [8, 4, 6, 8, 6, 6, 8, 10, 3, 7, 6, 9, 7, 5, 7, 4, 6, 6, 7, 7, 9, 3, 7, 5, 7, 9, 8, 5, 9, 3, 7, 6, 7, 6, 5, 5, 9, 5, 6, 4]
A_15 50.56999999999999 A 15 [3, 6, 2, 4, 5, 5, 3, 3, 1, 4, 6, 4, 6, 4, 2, 3, 4, 1, 6, 3, 1, 3, 6, 6, 5, 1, 4, 5, 3, 2, 3, 1, 3, 4, 4, 1, 3, 6, 6, 3] [5, 10, 6, 8, 7, 7, 7, 7, 3, 7, 8, 6, 8, 6, 4, 7, 8, 4, 10, 7, 4, 6, 9, 10, 8, 5, 7, 9, 5, 6, 7, 5, 6, 7, 8, 5, 5, 10, 8, 7]
A_16 54.529999999999994 A 16 [1, 1, 6, 3, 4, 6, 4, 4, 5, 5, 1, 4, 1, 2, 3, 4, 5, 5, 2, 4, 2, 3, 6, 5, 1, 3, 2, 2, 1, 6, 2, 3, 3, 2, 2, 2, 2, 2, 4, 5] [3, 5, 9, 6, 6, 8, 7, 8, 9, 8, 5, 6, 4, 4, 6, 8, 9, 9, 4, 7, 4, 7, 10, 8, 3, 7, 6, 5, 4, 10, 6, 6, 5, 4, 5, 4, 6, 4, 8, 7]
A_17 55.64999999999999 A 17 [6, 5, 5, 3, 4, 6, 3, 5, 4, 4, 4, 3, 1, 2, 4, 1, 5, 6, 5, 1, 2, 6, 4, 3, 2, 1, 3, 6, 4, 4, 2, 2, 3, 6, 4, 1, 2, 5, 3, 3] [10, 9, 9, 5, 8, 9, 6, 9, 7, 7, 7, 7, 4, 5, 6, 4, 9, 8, 8, 3, 4, 10, 8, 5, 4, 4, 6, 10, 6, 8, 6, 5, 5, 9, 8, 5, 5, 9, 6, 7]
A_18 56.64999999999999 A 18 [6, 4, 2, 4, 5, 5, 6, 5, 6, 6, 3, 3, 5, 5, 3, 6, 2, 5, 3, 1, 6, 4, 5, 6, 2, 1, 5, 3, 6, 5, 1, 3, 4, 5, 4, 2, 4, 1, 6, 2] [8, 7, 4, 8, 8, 7, 10, 7, 8, 8, 6, 5, 7, 7, 7, 10, 4, 8, 7, 5, 9, 6, 8, 9, 5, 3, 9, 6, 8, 8, 3, 5, 8, 8, 6, 5, 8, 4, 9, 5]
A_19 57.64999999999999 A 19 [4, 3, 6, 6, 2, 3, 6, 5, 1, 5, 6, 5, 2, 2, 5, 3, 4, 1, 1, 2, 1, 3, 2, 1, 4, 5, 3, 6, 4, 4, 6, 6, 4, 2, 3, 6, 5, 4, 3, 1] [7, 7, 9, 10, 4, 6, 8, 7, 4, 7, 9, 9, 4, 5, 7, 7, 7, 3, 5, 5, 3, 7, 5, 4, 6, 8, 5, 9, 6, 8, 8, 10, 7, 4, 7, 9, 9, 8, 6, 4]
B_0 1.26 B 20 [2, 3, 5, 5, 3, 2, 1, 2, 5, 4, 4, 6, 3, 2, 6, 1, 2, 2, 6, 1, 4, 5, 3, 3, 1, 6, 2, 4, 5, 6, 6, 5, 4, 2, 5, 2, 6, 3, 3, 2] [6, 6, 7, 9, 6, 5, 3, 5, 9, 6, 6, 8, 6, 4, 9, 4, 4, 4, 9, 3, 6, 7, 5, 6, 5, 10, 4, 8, 9, 10, 9, 7, 7, 4, 7, 6, 9, 5, 6, 4]
B_1 2.33 B 21 [5, 6, 5, 4, 4, 1, 1, 4, 2, 4, 4, 1, 5, 2, 1, 3, 3, 6, 4, 3, 5, 6, 2, 2, 4, 1, 2, 1, 4, 6, 1, 5, 3, 3, 2, 3, 5, 6, 1, 6] [8, 10, 8, 7, 7, 4, 4, 7, 5, 7, 8, 3, 8, 6, 3, 6, 7, 10, 6, 7, 7, 9, 4, 6, 6, 3, 5, 4, 7, 10, 3, 8, 7, 7, 4, 6, 8, 10, 3, 10]
B_2 8.08 B 22 [6, 3, 4, 4, 2, 5, 2, 1, 4, 4, 4, 4, 4, 6, 5, 6, 6, 4, 5, 2, 3, 2, 2, 5, 5, 3, 4, 2, 1, 4, 3, 2, 3, 4, 3, 1, 2, 6, 2, 1] [8, 7, 6, 8, 4, 9, 6, 4, 7, 6, 7, 7, 7, 9, 7, 9, 10, 8, 8, 5, 5, 4, 5, 9, 8, 7, 6, 6, 4, 7, 7, 4, 6, 6, 6, 5, 6, 9, 5, 3]
B_3 11.22 B 23 [1, 4, 2, 1, 6, 6, 6, 1, 5, 3, 2, 5, 4, 2, 2, 6, 5, 3, 6, 1, 3, 2, 5, 4, 1, 1, 2, 2, 2, 6, 5, 1, 4, 4, 1, 6, 3, 5, 3, 1] [5, 7, 5, 4, 8, 9, 9, 3, 8, 6, 5, 7, 8, 4, 5, 10, 8, 5, 9, 4, 6, 6, 9, 8, 3, 4, 6, 6, 6, 8, 9, 5, 7, 6, 3, 9, 5, 8, 5, 4]
B_4 12.25 B 24 [5, 2, 5, 6, 2, 5, 6, 1, 3, 5, 6, 5, 2, 2, 5, 5, 1, 2, 2, 4, 1, 4, 5, 1, 5, 6, 5, 5, 1, 1, 4, 1, 1, 6, 6, 3, 4, 5, 2, 1] [8, 4, 8, 9, 4, 8, 8, 5, 6, 9, 8, 8, 4, 6, 7, 8, 3, 4, 5, 6, 5, 6, 8, 3, 8, 9, 9, 9, 4, 5, 6, 5, 3, 8, 10, 6, 8, 7, 6, 4]
B_5 15.16 B 25 [2, 4, 3, 4, 6, 1, 2, 5, 3, 2, 2, 1, 4, 2, 5, 1, 3, 1, 1, 5, 6, 1, 3, 1, 6, 1, 5, 6, 6, 5, 1, 6, 3, 4, 3, 4, 2, 1, 4, 3] [5, 8, 7, 7, 10, 5, 6, 8, 5, 5, 4, 5, 8, 4, 9, 5, 7, 4, 3, 8, 10, 3, 7, 4, 9, 4, 7, 9, 10, 9, 5, 8, 6, 7, 5, 6, 5, 5, 8, 7]
B_6 18.07 B 26 [3, 5, 1, 3, 1, 2, 6, 1, 4, 6, 5, 5, 2, 2, 6, 4, 2, 3, 5, 3, 2, 2, 4, 2, 5, 5, 1, 6, 3, 4, 1, 3, 4, 2, 6, 6, 6, 2, 3, 5] [6, 7, 4, 7, 5, 5, 10, 3, 6, 8, 7, 9, 5, 5, 8, 7, 6, 6, 9, 5, 4, 5, 6, 6, 9, 7, 4, 8, 6, 6, 4, 5, 7, 4, 9, 9, 10, 5, 7, 8]
B_7 20.4 B 27 [5, 2, 1, 2, 2, 6, 3, 1, 2, 2, 4, 1, 2, 2, 2, 5, 2, 6, 3, 6, 4, 1, 2, 2, 5, 6, 6, 1, 4, 4, 6, 4, 4, 4, 5, 6, 5, 3, 6, 2] [8, 6, 3, 4, 5, 10, 6, 4, 4, 5, 8, 5, 6, 6, 5, 9, 5, 10, 6, 9, 8, 4, 6, 6, 9, 9, 8, 5, 6, 8, 10, 6, 7, 6, 8, 8, 9, 5, 8, 6]
B_8 21.889999999999997 B 28 [3, 2, 3, 4, 4, 5, 3, 3, 5, 1, 4, 2, 4, 2, 5, 3, 1, 4, 6, 4, 5, 4, 1, 2, 1, 6, 3, 4, 1, 3, 1, 5, 6, 5, 1, 4, 6, 3, 4, 2] [6, 5, 6, 7, 6, 8, 6, 5, 8, 4, 6, 4, 8, 4, 9, 5, 4, 6, 8, 6, 9, 7, 4, 6, 4, 10, 6, 6, 5, 7, 5, 7, 10, 9, 5, 6, 10, 7, 8, 4]
B_9 22.889999999999997 B 29 [5, 1, 6, 5, 2, 3, 6, 2, 4, 1, 6, 2, 2, 3, 1, 2, 6, 4, 5, 4, 6, 6, 4, 6, 1, 5, 4, 4, 3, 3, 5, 4, 6, 4, 6, 4, 4, 6, 5, 3] [8, 3, 9, 8, 4, 6, 10, 4, 8, 3, 9, 5, 6, 7, 3, 6, 10, 8, 8, 8, 10, 10, 7, 8, 5, 9, 6, 8, 7, 6, 9, 8, 9, 8, 9, 8, 7, 8, 9, 6]
B_10 24.369999999999997 B 30 [3, 6, 4, 6, 1, 4, 2, 3, 1, 2, 2, 6, 6, 1, 3, 3, 2, 2, 1, 6, 6, 1, 3, 5, 4, 1, 1, 6, 1, 5, 2, 2, 2, 3, 1, 4, 4, 1, 6, 1] [5, 8, 7, 8, 3, 8, 4, 5, 3, 6, 4, 9, 9, 4, 7, 7, 6, 6, 3, 8, 9, 3, 7, 9, 6, 5, 4, 10, 5, 9, 6, 6, 4, 6, 3, 7, 7, 5, 9, 5]
B_11 25.369999999999997 B 31 [4, 5, 3, 5, 4, 3, 1, 4, 3, 5, 6, 2, 4, 2, 2, 1, 3, 2, 3, 6, 5, 5, 2, 1, 1, 6, 3, 4, 5, 4, 2, 3, 6, 2, 4, 1, 3, 4, 2, 1] [6, 8, 6, 9, 6, 6, 4, 6, 7, 7, 8, 6, 7, 4, 6, 5, 6, 5, 5, 10, 7, 8, 4, 5, 5, 8, 5, 6, 7, 8, 6, 7, 10, 5, 7, 3, 7, 7, 6, 5]
B_12 26.369999999999997 B 32 [4, 1, 6, 3, 3, 6, 2, 6, 2, 3, 6, 6, 3, 6, 5, 3, 3, 3, 4, 4, 4, 3, 3, 4, 1, 3, 4, 4, 6, 6, 2, 6, 5, 4, 5, 5, 5, 1, 6, 1] [6, 5, 8, 5, 5, 9, 5, 10, 5, 6, 8, 8, 7, 9, 7, 6, 5, 5, 8, 7, 7, 7, 6, 7, 3, 6, 7, 7, 10, 9, 4, 10, 7, 6, 9, 9, 9, 3, 8, 3]
B_13 28.659999999999997 B 33 [2, 5, 1, 4, 1, 3, 2, 5, 2, 4, 3, 1, 4, 5, 2, 4, 2, 6, 5, 2, 2, 3, 4, 4, 6, 4, 2, 4, 5, 4, 3, 2, 4, 5, 2, 6, 2, 6, 4, 3] [6, 7, 3, 6, 4, 5, 5, 9, 5, 7, 5, 4, 6, 8, 6, 7, 4, 9, 8, 4, 4, 7, 6, 6, 8, 7, 4, 6, 9, 8, 6, 5, 6, 7, 6, 8, 6, 9, 6, 7]
B_14 29.659999999999997 B 34 [2, 3, 1, 3, 5, 1, 4, 1, 6, 4, 3, 3, 2, 2, 2, 4, 2, 4, 4, 3, 5, 2, 3, 1, 6, 3, 6, 5, 1, 6, 1, 4, 5, 2, 2, 6, 2, 1, 1, 1] [4, 6, 5, 6, 7, 5, 8, 5, 10, 8, 6, 7, 4, 5, 5, 8, 5, 8, 6, 7, 7, 4, 6, 3, 10, 5, 9, 8, 5, 9, 3, 7, 9, 6, 5, 10, 5, 3, 4, 5]
B_15 30.659999999999997 B 35 [6, 3, 6, 2, 6, 5, 1, 5, 3, 5, 3, 5, 5, 5, 2, 1, 2, 1, 2, 6, 2, 3, 1, 6, 3, 4, 6, 6, 4, 4, 4, 1, 5, 6, 6, 1, 4, 1, 2, 3] [10, 7, 10, 4, 8, 8, 4, 7, 7, 7, 5, 9, 9, 9, 5, 5, 4, 5, 5, 9, 6, 6, 5, 9, 6, 6, 9, 8, 6, 8, 7, 3, 9, 8, 10, 3, 7, 5, 6, 7]
B_16 33.44 B 36 [5, 3, 2, 6, 6, 4, 6, 4, 3, 5, 5, 6, 6, 3, 5, 3, 2, 2, 4, 5, 6, 5, 2, 3, 4, 2, 6, 5, 6, 4, 4, 3, 5, 2, 2, 4, 3, 6, 1, 2] [8, 7, 5, 9, 10, 8, 9, 8, 6, 7, 8, 10, 10, 6, 9, 5, 6, 5, 8, 9, 9, 8, 6, 5, 8, 5, 10, 9, 10, 7, 7, 7, 9, 6, 5, 7, 6, 8, 3, 4]
B_17 34.44 B 37 [6, 2, 1, 6, 5, 3, 2, 6, 2, 5, 5, 1, 3, 4, 2, 6, 2, 5, 1, 4, 3, 6, 6, 5, 5, 1, 2, 3, 3, 6, 1, 4, 1, 6, 1, 1, 6, 1, 4, 3] [8, 5, 4, 9, 7, 7, 5, 8, 6, 7, 7, 3, 7, 6, 5, 10, 4, 9, 4, 8, 5, 10, 9, 8, 7, 5, 5, 5, 7, 8, 5, 7, 3, 9, 3, 5, 8, 3, 7, 6]
B_18 45.709999999999994 B 38 [4, 5, 2, 6, 6, 6, 3, 2, 3, 1, 4, 5, 1, 5, 2, 6, 4, 3, 6, 3, 3, 1, 2, 3, 2, 4, 3, 6, 4, 5, 6, 2, 6, 4, 1, 2, 1, 4, 5, 1] [7, 7, 5, 8, 10, 9, 6, 4, 6, 4, 7, 7, 3, 8, 6, 8, 8, 6, 9, 6, 6, 3, 5, 5, 6, 8, 7, 8, 8, 9, 9, 6, 8, 6, 4, 6, 3, 7, 8, 4]
B_19 47.55 B 39 [2, 5, 6, 4, 2, 4, 6, 3, 2, 6, 3, 2, 2, 1, 1, 3, 5, 3, 2, 1, 2, 6, 1, 1, 1, 3, 5, 2, 2, 3, 1, 1, 1, 3, 1, 3, 2, 3, 1, 2] [6, 9, 10, 7, 6, 7, 9, 6, 5, 10, 5, 6, 6, 5, 4, 7, 7, 7, 5, 4, 4, 10, 3, 4, 4, 7, 8, 6, 4, 6, 5, 5, 3, 7, 5, 7, 4, 6, 4, 6]
