0
0 B_0 81 0 0
1 B_1 82 0 1
5 A_0 87 0 2
9 B_2 96 0 3
3 B_3 99 0 4
4 A_1 103 0 5
9 B_4 112 0 6
5 B_5 117 0 7
8 A_2 125 0 8
1 A_3 126 0 9
7 B_6 133 0 10
7 A_4 140 0 11
6 B_7 146 0 12
4 A_5 150 0 13
4 A_6 154 0 14
2 A_7 156 0 15
5 B_8 161 0 16
9 A_8 170 0 17
5 A_9 175 0 18
4 A_10 179 0 19
5 B_9 184 0 20
8 A_11 192 0 21
8 B_10 200 0 22
8 A_12 208 0 23
9 B_11 217 0 24
8 A_13 225 0 25
8 B_12 233 0 26
8 A_14 241 0 27
8 B_13 249 0 28
9 A_15 258 0 29
5 B_14 263 0 30
2 B_15 265 0 31
9 A_16 274 0 32
4 A_17 278 0 33
5 B_16 283 0 34
3 B_17 286 0 35
6 A_18 292 0 36
4 A_19 296 0 37
2 A_20 298 0 38
6 B_18 304 0 39
7 A_21 311 0 40
3 B_19 314 0 41
8 A_22 322 0 42
3 A_23 325 0 43
1 A_24 326 0 44
1 A_25 327 0 45
6 A_26 333 0 46
4 B_20 337 0 47
7 A_27 344 0 48
6 B_21 350 0 49
8 A_28 358 0 50
9 B_22 367 0 51
4 B_23 371 0 52
3 B_24 374 0 53
1 B_25 375 0 54
6 A_29 381 0 55
3 B_26 384 0 56
8 A_30 392 0 57
1 A_31 393 0 58
10 B_27 403 0 59
4 A_32 407 0 60
5 B_28 412 0 61
5 B_29 417 0 62
2 B_30 419 0 63
5 A_33 424 0 64
7 B_31 431 0 65
7 A_34 438 0 66
6 B_32 444 0 67
6 A_35 450 0 68
8 B_33 458 0 69
7 A_36 465 0 70
5 B_34 470 0 71
5 A_37 475 0 72
9 B_35 484 0 73
9 A_38 493 0 74
6 A_39 499 0 75
8 B_36 507 0 76
3 B_37 510 0 77
5 B_38 515 0 78
3 B_39 518 0 79
No lane change: 518
---------------------
in formation_2
pass
---------------------
in formation_3
pass
---------------------
in formation_4
pass
---------------------
in formation_5
pass
---------------------
in formation_6
pass
---------------------
in formation_7
pass
error in formulation  []
