1
0 B_0 81 0 0
1 B_1 82 0 1
3 A_0 86 1 2
6 B_2 92 0 3
3 B_3 95 0 4
2 A_1 97 1 5
5 B_4 102 0 6
5 B_5 107 0 7
5 A_2 112 1 8
1 A_3 113 1 9
3 B_6 116 0 10
4 A_4 120 1 11
2 B_7 122 0 12
2 A_5 124 1 13
4 A_6 128 1 14
2 A_7 132 1 15
2 B_8 136 0 16
5 A_8 141 1 17
5 A_9 146 1 18
4 A_10 150 1 19
2 B_9 152 0 20
4 A_11 156 1 21
5 B_10 161 0 22
4 A_12 165 1 23
6 B_11 171 0 24
6 A_13 177 1 25
4 B_12 181 0 26
4 A_14 185 1 27
6 B_13 191 0 28
5 A_15 196 1 29
3 B_14 199 0 30
2 B_15 201 0 31
6 A_16 207 1 32
4 A_17 211 1 33
3 B_16 214 0 34
3 B_17 217 0 35
3 A_18 220 1 36
4 A_19 224 1 37
2 A_20 226 1 38
4 B_18 230 0 39
4 A_21 234 1 40
3 B_19 237 1 41
5 A_22 242 0 42
3 A_23 245 0 43
1 A_24 246 0 44
1 A_25 247 0 45
6 A_26 253 0 46
1 B_20 254 1 47
3 A_27 257 0 48
4 B_21 261 1 49
4 A_28 265 0 50
6 B_22 271 1 51
4 B_23 275 1 52
3 B_24 278 1 53
1 B_25 279 1 54
3 A_29 282 0 55
3 B_26 285 0 56
6 A_30 291 1 57
1 A_31 292 1 58
6 B_27 298 0 59
1 A_32 299 1 60
2 B_28 301 0 61
5 B_29 306 0 62
2 B_30 308 0 63
3 A_33 311 1 64
3 B_31 314 0 65
5 A_34 319 1 66
2 B_32 321 0 67
4 A_35 325 1 68
5 B_33 330 0 69
4 A_36 334 1 70
2 B_34 336 0 71
2 A_37 338 1 72
6 B_35 344 0 73
6 A_38 350 1 74
6 A_39 356 1 75
4 B_36 360 0 76
3 B_37 363 0 77
5 B_38 368 0 78
3 B_39 371 0 79
greedy: 371
---------------------
in formation_2
pass
---------------------
in formation_3
pass
---------------------
in formation_4
pass
---------------------
in formation_5
pass
---------------------
in formation_6
pass
---------------------
in formation_7
pass
error in formulation  []
