2
[0, 0, 0, 0, 2, 2, 2, 2, 2, 2, 2, 2, 2, 2, 2, 2, 2, 2, 2, 2, 2, 2, 2, 2, 2, 2, 2, 2, 0, 0, 0, 0, 0, 0, 0, 0, 0, 0, 0, 0, 0, 0, 0, 0, 0, 0, 0, 0, 2, 2, 2, 2, 2, 0, 0, 0, 0, 2, 2, 2, 0, 0, 0, 0, 0, 2, 2, 2, 2, 2, 2, 2, 2, 0, 0, 0, 0, 0, 0, 0]
0 A_0 81 0 0
4 A_1 85 0 1
3 A_2 88 0 2
3 A_3 91 0 3
3 B_0 94 0 4
1 B_1 95 0 5
1 B_2 96 0 6
4 B_3 100 0 7
1 B_4 101 0 8
1 B_5 102 0 9
2 B_6 104 0 10
3 B_7 107 0 11
1 B_8 108 0 12
4 B_9 112 0 13
2 B_10 114 0 14
2 B_11 116 0 15
3 B_12 119 0 16
1 B_13 120 0 17
3 B_14 123 0 18
2 B_15 125 0 19
1 B_16 126 0 20
3 B_17 129 0 21
1 B_18 130 0 22
1 B_19 131 0 23
2 B_20 133 0 24
2 B_21 135 0 25
1 B_22 136 0 26
1 B_23 137 0 27
3 A_4 140 0 28
3 A_5 143 0 29
3 A_6 146 0 30
3 A_7 149 0 31
2 A_8 151 0 32
2 A_9 153 0 33
2 A_10 155 0 34
3 A_11 158 0 35
3 A_12 161 0 36
2 A_13 163 0 37
2 A_14 165 0 38
4 A_15 169 0 39
4 A_16 173 0 40
3 A_17 176 0 41
4 A_18 180 0 42
4 A_19 184 0 43
1 A_20 185 0 44
1 A_21 186 0 45
3 A_22 189 0 46
2 A_23 191 0 47
5 B_24 196 0 48
2 B_25 198 0 49
1 B_26 199 0 50
2 B_27 201 0 51
2 B_28 203 0 52
3 A_24 206 0 53
3 A_25 209 0 54
1 A_26 210 0 55
2 A_27 212 0 56
5 B_29 217 0 57
3 B_30 220 0 58
1 B_31 221 0 59
3 A_28 224 0 60
4 A_29 228 0 61
3 A_30 231 0 62
3 A_31 234 0 63
1 A_32 235 0 64
3 B_32 238 0 65
1 B_33 239 0 66
3 B_34 242 0 67
2 B_35 244 0 68
2 B_36 246 0 69
1 B_37 247 0 70
2 B_38 249 0 71
1 B_39 250 0 72
3 A_33 253 0 73
4 A_34 257 0 74
2 A_35 259 0 75
2 A_36 261 0 76
1 A_37 262 0 77
2 A_38 264 0 78
4 A_39 268 0 79
dp: 268 142.97412500000004 0.06442022323608398
---------------------
in formation_2
pass
---------------------
in formation_3
pass
---------------------
in formation_4
pass
---------------------
in formation_5
pass
---------------------
in formation_6
pass
---------------------
in formation_7
pass
error in formulation  []
