3
0 A_0 81 0 0
4 A_1 85 0 1
3 A_2 88 0 2
3 A_3 91 0 3
3 B_0 94 0 4
1 B_1 95 0 5
1 B_2 96 0 6
4 B_3 100 0 7
1 B_4 101 0 8
1 B_5 102 0 9
2 B_6 104 0 10
3 B_7 107 0 11
1 B_8 108 0 12
4 A_4 112 0 13
3 A_5 115 0 14
3 A_6 118 0 15
3 A_7 121 0 16
2 A_8 123 0 17
2 A_9 125 0 18
2 A_10 127 0 19
3 A_11 130 0 20
3 A_12 133 0 21
2 A_13 135 0 22
2 A_14 137 0 23
4 A_15 141 0 24
4 A_16 145 0 25
3 A_17 148 0 26
4 A_18 152 0 27
4 A_19 156 0 28
1 A_20 157 0 29
1 A_21 158 0 30
3 A_22 161 0 31
2 A_23 163 0 32
3 B_9 166 0 33
2 B_10 168 0 34
2 B_11 170 0 35
3 B_12 173 0 36
1 B_13 174 0 37
3 A_24 177 0 38
3 A_25 180 0 39
1 A_26 181 0 40
2 A_27 183 0 41
4 A_28 187 0 42
3 B_14 190 0 43
2 B_15 192 0 44
1 B_16 193 0 45
3 B_17 196 0 46
1 B_18 197 0 47
1 B_19 198 0 48
2 B_20 200 0 49
2 B_21 202 0 50
1 B_22 203 0 51
1 B_23 204 0 52
4 B_24 208 0 53
2 B_25 210 0 54
1 B_26 211 0 55
2 B_27 213 0 56
2 B_28 215 0 57
3 A_29 218 0 58
3 A_30 221 0 59
3 A_31 224 0 60
1 A_32 225 0 61
3 B_29 228 0 62
3 B_30 231 0 63
1 B_31 232 0 64
3 B_32 235 0 65
1 B_33 236 0 66
3 B_34 239 0 67
2 B_35 241 0 68
2 B_36 243 0 69
1 B_37 244 0 70
2 B_38 246 0 71
1 B_39 247 0 72
3 A_33 250 0 73
4 A_34 254 0 74
2 A_35 256 0 75
2 A_36 258 0 76
1 A_37 259 0 77
2 A_38 261 0 78
4 A_39 265 0 79
nldp: 265 145.91162500000002 0.016236066818237305
---------------------
in formation_2
pass
---------------------
in formation_3
pass
---------------------
in formation_4
pass
---------------------
in formation_5
pass
---------------------
in formation_6
pass
---------------------
in formation_7
pass
error in formulation  []
