0
0 A_0 83 0 0
4 B_0 87 0 1
1 B_1 88 0 2
4 A_1 92 0 3
5 B_2 97 0 4
5 A_2 102 0 5
1 A_3 103 0 6
3 A_4 106 0 7
1 A_5 107 0 8
6 B_3 113 0 9
3 A_6 116 0 10
6 B_4 122 0 11
7 A_7 129 0 12
7 B_5 136 0 13
4 B_6 140 0 14
1 B_7 141 0 15
4 B_8 145 0 16
7 A_8 152 0 17
3 B_9 155 0 18
4 B_10 159 0 19
4 A_9 163 0 20
7 B_11 170 0 21
4 A_10 174 0 22
7 B_12 181 0 23
1 B_13 182 0 24
5 A_11 187 0 25
6 B_14 193 0 26
2 B_15 195 0 27
5 A_12 200 0 28
1 A_13 201 0 29
3 A_14 204 0 30
5 B_16 209 0 31
4 A_15 213 0 32
6 B_17 219 0 33
3 B_18 222 0 34
4 A_16 226 0 35
2 A_17 228 0 36
5 B_19 233 0 37
4 B_20 237 0 38
7 A_18 244 0 39
5 B_21 249 0 40
6 A_19 255 0 41
3 A_20 258 0 42
7 B_22 265 0 43
1 B_23 266 0 44
3 A_21 269 0 45
3 A_22 272 0 46
4 A_23 276 0 47
3 A_24 279 0 48
4 B_24 283 0 49
3 B_25 286 0 50
3 A_25 289 0 51
4 A_26 293 0 52
3 A_27 296 0 53
1 A_28 297 0 54
1 A_29 298 0 55
1 A_30 299 0 56
6 B_26 305 0 57
7 A_31 312 0 58
6 B_27 318 0 59
6 A_32 324 0 60
5 B_28 329 0 61
4 B_29 333 0 62
4 A_33 337 0 63
7 B_30 344 0 64
3 A_34 347 0 65
3 A_35 350 0 66
3 B_31 353 0 67
3 B_32 356 0 68
3 B_33 359 0 69
1 B_34 360 0 70
6 A_36 366 0 71
3 A_37 369 0 72
3 A_38 372 0 73
6 B_35 378 0 74
6 A_39 384 0 75
5 B_36 389 0 76
4 B_37 393 0 77
1 B_38 394 0 78
2 B_39 396 0 79
No lane change: 396 189.27600000000007 0.0001068115234375
---------------------
in formation_2
pass
---------------------
in formation_3
pass
---------------------
in formation_4
pass
---------------------
in formation_5
pass
---------------------
in formation_6
pass
---------------------
in formation_7
pass
error in formulation  []
