1
0 B_0 81 0 0
2 A_0 85 1 1
5 B_1 90 0 2
6 A_1 96 1 3
5 A_2 101 1 4
3 B_2 104 0 5
4 B_3 108 0 6
1 B_4 109 0 7
3 A_3 112 1 8
1 A_4 113 1 9
6 A_5 119 1 10
4 A_6 123 1 11
2 B_5 125 0 12
3 A_7 128 1 13
1 A_8 131 1 14
6 B_6 137 0 15
5 B_7 142 0 16
5 B_8 147 0 17
5 A_9 152 1 18
3 B_9 155 1 19
2 A_10 157 0 20
4 B_10 161 1 21
2 A_11 163 0 22
5 B_11 168 1 23
3 A_12 171 0 24
4 B_12 175 1 25
5 B_13 180 1 26
3 B_14 183 1 27
1 B_15 184 1 28
1 B_16 185 1 29
3 A_13 189 0 30
3 A_14 192 0 31
6 A_15 198 0 32
2 A_16 200 0 33
5 B_17 205 1 34
6 A_17 211 0 35
4 B_18 215 1 36
6 B_19 221 1 37
6 B_20 227 1 38
6 B_21 233 1 39
1 A_18 234 0 40
4 B_22 238 1 41
4 B_23 242 1 42
5 B_24 247 1 43
5 A_19 252 0 44
4 B_25 256 1 45
6 B_26 262 1 46
6 B_27 268 1 47
5 B_28 273 1 48
3 A_20 276 0 49
2 B_29 278 1 50
6 B_30 284 1 51
3 A_21 287 1 52
4 B_31 291 0 53
4 A_22 295 1 54
4 A_23 299 1 55
1 A_24 300 1 56
4 A_25 304 1 57
5 B_32 309 0 58
4 B_33 313 0 59
6 B_34 319 0 60
5 A_26 324 1 61
2 A_27 326 1 62
5 B_35 331 0 63
5 B_36 336 0 64
6 A_28 342 1 65
5 A_29 347 1 66
3 B_37 350 0 67
6 B_38 356 0 68
6 A_30 362 1 69
2 A_31 364 1 70
4 A_32 368 1 71
5 A_33 373 1 72
3 B_39 376 0 73
6 A_34 382 1 74
1 A_35 383 1 75
3 A_36 386 1 76
4 A_37 390 1 77
2 A_38 392 1 78
5 A_39 397 1 79
greedy: 397
---------------------
in formation_2
pass
---------------------
in formation_3
pass
---------------------
in formation_4
pass
---------------------
in formation_5
pass
---------------------
in formation_6
pass
---------------------
in formation_7
pass
error in formulation  []
