2
[2, 1, 2, 2, 2, 2, 2, 2, 2, 2, 2, 2, 1, 2, 2, 1, 2, 2, 2, 2, 2, 1, 2, 0, 3, 0, 3, 0, 0, 0, 3, 3, 0, 0, 3, 0, 0, 0, 0, 3, 0, 0, 0, 0, 3, 0, 0, 0, 3, 1, 2, 0, 0, 3, 3, 0, 0, 0, 2, 2, 2, 2, 1, 2, 0, 0, 0, 3, 0, 3, 0, 0, 0, 0, 0, 0, 3, 1, 2, 2]
0 B_0 81 0 0
2 A_0 85 1 1
5 B_1 90 0 2
4 B_2 94 0 3
4 B_3 98 0 4
1 B_4 99 0 5
4 B_5 103 0 6
5 B_6 108 0 7
5 B_7 113 0 8
5 B_8 118 0 9
1 B_9 119 0 10
5 B_10 124 0 11
1 A_1 125 1 12
1 B_11 126 0 13
1 B_12 127 0 14
2 A_2 129 1 15
4 B_13 133 0 16
3 B_14 136 0 17
1 B_15 137 0 18
1 B_16 138 0 19
1 B_17 139 0 20
2 A_3 141 1 21
4 B_18 145 0 22
3 A_4 148 0 23
2 B_19 150 1 24
1 A_5 152 0 25
1 B_20 156 1 26
1 A_6 160 0 27
3 A_7 163 0 28
1 A_8 164 0 29
3 B_21 167 1 30
2 B_22 170 1 31
3 A_9 174 0 32
2 A_10 176 0 33
1 B_23 179 1 34
3 A_11 183 0 35
1 A_12 184 0 36
2 A_13 186 0 37
3 A_14 189 0 38
1 B_24 190 1 39
6 A_15 196 0 40
2 A_16 198 0 41
4 A_17 202 0 42
4 A_18 206 0 43
1 B_25 207 1 44
4 A_19 211 0 45
2 A_20 213 0 46
3 A_21 216 0 47
3 B_26 219 1 48
4 A_22 223 1 49
2 B_27 225 0 50
4 A_23 229 0 51
1 A_24 230 0 52
4 B_28 234 1 53
3 B_29 237 1 54
2 A_25 239 0 55
3 A_26 242 0 56
2 A_27 244 0 57
7 B_30 251 0 58
3 B_31 254 0 59
1 B_32 255 0 60
4 B_33 259 0 61
1 A_28 260 1 62
3 B_34 263 0 63
3 A_29 266 0 64
3 A_30 269 0 65
2 A_31 271 0 66
1 B_35 272 1 67
2 A_32 274 0 68
2 B_36 276 1 69
4 A_33 280 0 70
3 A_34 283 0 71
1 A_35 284 0 72
3 A_36 287 0 73
4 A_37 291 0 74
2 A_38 293 0 75
1 B_37 294 1 76
4 A_39 298 1 77
4 B_38 302 0 78
2 B_39 304 0 79
dp: 304
---------------------
in formation_2
pass
---------------------
in formation_3
pass
---------------------
in formation_4
pass
---------------------
in formation_5
pass
---------------------
in formation_6
pass
---------------------
in formation_7
pass
error in formulation  []
