3
0 A_0 82 0 0
6 A_1 89 0 1
5 B_0 94 0 2
5 B_1 99 0 3
4 B_2 103 0 4
4 B_3 107 0 5
1 B_4 108 0 6
4 B_5 112 0 7
3 A_2 115 0 8
4 B_6 119 0 9
5 B_7 124 0 10
5 B_8 129 0 11
1 B_9 130 0 12
5 B_10 135 0 13
5 B_11 140 0 14
1 B_12 141 0 15
5 B_13 146 0 16
3 B_14 149 0 17
1 B_15 150 0 18
1 B_16 151 0 19
1 B_17 152 0 20
6 A_3 158 0 21
1 A_4 159 0 22
3 B_18 162 0 23
4 A_5 166 0 24
4 B_19 170 0 25
6 B_20 176 0 26
3 A_6 179 0 27
3 A_7 182 0 28
1 A_8 183 0 29
4 A_9 187 0 30
2 A_10 189 0 31
3 B_21 192 0 32
5 A_11 197 0 33
1 A_12 198 0 34
2 A_13 200 0 35
3 A_14 203 0 36
6 A_15 209 0 37
2 A_16 211 0 38
4 B_22 215 0 39
3 A_17 218 0 40
4 A_18 222 0 41
4 B_23 226 0 42
4 A_19 230 0 43
2 A_20 232 0 44
3 A_21 235 0 45
4 B_24 239 0 46
3 B_25 242 0 47
6 B_26 248 0 48
4 A_22 252 0 49
4 B_27 256 0 50
5 B_28 261 0 51
3 B_29 264 0 52
6 A_23 270 0 53
1 A_24 271 0 54
4 A_25 275 0 55
3 A_26 278 0 56
2 A_27 280 0 57
3 A_28 283 0 58
3 B_30 286 0 59
3 B_31 289 0 60
1 B_32 290 0 61
4 B_33 294 0 62
6 B_34 300 0 63
3 A_29 303 0 64
3 A_30 306 0 65
2 A_31 308 0 66
3 B_35 311 0 67
5 A_32 316 0 68
4 B_36 320 0 69
1 B_37 321 0 70
5 A_33 326 0 71
3 A_34 329 0 72
3 B_38 332 0 73
2 B_39 334 0 74
3 A_35 337 0 75
3 A_36 340 0 76
4 A_37 344 0 77
2 A_38 346 0 78
5 A_39 351 0 79
nldp: 351
---------------------
in formation_2
pass
---------------------
in formation_3
pass
---------------------
in formation_4
pass
---------------------
in formation_5
pass
---------------------
in formation_6
pass
---------------------
in formation_7
pass
error in formulation  []
