0
0 B_0 81 0 0
6 A_0 87 0 1
6 B_1 93 0 2
3 A_1 96 0 3
6 B_2 102 0 4
6 A_2 108 0 5
4 B_3 112 0 6
4 A_3 116 0 7
4 B_4 120 0 8
4 A_4 124 0 9
6 B_5 130 0 10
6 A_5 136 0 11
7 B_6 143 0 12
2 B_7 145 0 13
3 B_8 148 0 14
5 A_6 153 0 15
6 B_9 159 0 16
6 A_7 165 0 17
4 A_8 169 0 18
4 B_10 173 0 19
4 B_11 177 0 20
3 A_9 180 0 21
6 B_12 186 0 22
4 A_10 190 0 23
1 A_11 191 0 24
2 A_12 193 0 25
1 A_13 194 0 26
5 B_13 199 0 27
5 A_14 204 0 28
6 B_14 210 0 29
1 B_15 211 0 30
4 A_15 215 0 31
7 B_16 222 0 32
7 A_16 229 0 33
6 B_17 235 0 34
7 A_17 242 0 35
3 A_18 245 0 36
4 A_19 249 0 37
7 B_18 256 0 38
2 B_19 258 0 39
No lane change: 258 150.37774999999996 7.081031799316406e-05
---------------------
in formation_2
pass
---------------------
in formation_3
pass
---------------------
in formation_4
pass
---------------------
in formation_5
pass
---------------------
in formation_6
pass
---------------------
in formation_7
pass
error in formulation  []
