1
0 A_0 81 0 0
4 A_1 85 0 1
4 A_2 89 0 2
3 B_0 92 1 3
1 A_3 93 0 4
2 B_1 97 1 5
6 A_4 103 0 6
5 B_2 108 1 7
3 A_5 111 0 8
6 B_3 117 1 9
5 A_6 122 0 10
2 A_7 124 0 11
6 B_4 130 1 12
1 A_8 131 0 13
5 A_9 136 0 14
4 A_10 140 0 15
3 B_5 143 0 16
4 A_11 147 1 17
3 A_12 150 1 18
6 B_6 156 0 19
5 A_13 161 1 20
2 A_14 163 1 21
5 A_15 168 1 22
3 B_7 171 0 23
1 B_8 172 0 24
1 A_16 173 1 25
6 B_9 179 0 26
3 B_10 182 0 27
6 B_11 188 0 28
1 A_17 189 1 29
1 B_12 190 0 30
1 B_13 191 0 31
4 B_14 195 0 32
4 B_15 199 0 33
1 B_16 200 0 34
4 A_18 204 1 35
6 B_17 210 0 36
6 B_18 216 0 37
3 B_19 219 0 38
3 A_19 222 1 39
greedy: 222
---------------------
in formation_2
pass
---------------------
in formation_3
pass
---------------------
in formation_4
pass
---------------------
in formation_5
pass
---------------------
in formation_6
pass
---------------------
in formation_7
pass
error in formulation  []
