2
[2, 2, 2, 2, 2, 2, 2, 2, 2, 2, 0, 2, 2, 2, 2, 2, 2, 2, 2, 2, 2, 0, 0, 0, 0, 0, 0, 0, 0, 0, 0, 0, 0, 0, 0, 0, 0, 0, 0, 0]
0 B_0 81 0 0
2 B_1 83 0 1
3 B_2 86 0 2
3 B_3 89 0 3
4 B_4 93 0 4
4 B_5 97 0 5
3 B_6 100 0 6
2 B_7 102 0 7
3 B_8 105 0 8
1 B_9 106 0 9
3 A_0 109 0 10
7 B_10 116 0 11
4 B_11 120 0 12
3 B_12 123 0 13
3 B_13 126 0 14
3 B_14 129 0 15
1 B_15 130 0 16
4 B_16 134 0 17
3 B_17 137 0 18
4 B_18 141 0 19
2 B_19 143 0 20
3 A_1 146 0 21
3 A_2 149 0 22
3 A_3 152 0 23
1 A_4 153 0 24
3 A_5 156 0 25
4 A_6 160 0 26
1 A_7 161 0 27
4 A_8 165 0 28
4 A_9 169 0 29
4 A_10 173 0 30
1 A_11 174 0 31
2 A_12 176 0 32
1 A_13 177 0 33
4 A_14 181 0 34
4 A_15 185 0 35
4 A_16 189 0 36
4 A_17 193 0 37
3 A_18 196 0 38
4 A_19 200 0 39
dp: 200 119.35274999999994 0.020787954330444336
---------------------
in formation_2
pass
---------------------
in formation_3
pass
---------------------
in formation_4
pass
---------------------
in formation_5
pass
---------------------
in formation_6
pass
---------------------
in formation_7
pass
error in formulation  []
