3
0 A_0 81 0 0
4 A_1 85 0 1
4 A_2 89 0 2
7 B_0 96 0 3
4 A_3 100 0 4
1 A_4 101 0 5
4 A_5 105 0 6
3 A_6 108 0 7
2 A_7 110 0 8
3 A_8 113 0 9
5 A_9 118 0 10
3 B_1 121 0 11
1 B_2 122 0 12
2 B_3 124 0 13
2 B_4 126 0 14
2 B_5 128 0 15
5 B_6 133 0 16
4 B_7 137 0 17
1 B_8 138 0 18
4 B_9 142 0 19
3 B_10 145 0 20
3 A_10 148 0 21
4 A_11 152 0 22
3 A_12 155 0 23
4 A_13 159 0 24
2 A_14 161 0 25
5 A_15 166 0 26
5 A_16 171 0 27
3 A_17 174 0 28
1 A_18 175 0 29
4 B_11 179 0 30
4 B_12 183 0 31
1 B_13 184 0 32
3 A_19 187 0 33
3 B_14 190 0 34
4 B_15 194 0 35
1 B_16 195 0 36
3 B_17 198 0 37
6 B_18 204 0 38
3 B_19 207 0 39
nldp: 207
---------------------
in formation_2
pass
---------------------
in formation_3
pass
---------------------
in formation_4
pass
---------------------
in formation_5
pass
---------------------
in formation_6
pass
---------------------
in formation_7
pass
error in formulation  []
