0
0 B_0 83 0 0
6 A_0 89 0 1
5 B_1 94 0 2
4 A_1 98 0 3
5 B_2 103 0 4
6 A_2 109 0 5
4 B_3 113 0 6
4 A_3 117 0 7
3 A_4 120 0 8
7 B_4 127 0 9
5 A_5 132 0 10
6 B_5 138 0 11
5 A_6 143 0 12
4 B_6 147 0 13
4 A_7 151 0 14
4 B_7 155 0 15
1 B_8 156 0 16
4 B_9 160 0 17
4 B_10 164 0 18
4 A_8 168 0 19
4 B_11 172 0 20
3 A_9 175 0 21
5 B_12 180 0 22
3 B_13 183 0 23
2 B_14 185 0 24
4 B_15 189 0 25
4 B_16 193 0 26
6 A_10 199 0 27
4 A_11 203 0 28
4 B_17 207 0 29
5 A_12 212 0 30
2 A_13 214 0 31
4 B_18 218 0 32
4 B_19 222 0 33
5 A_14 227 0 34
4 A_15 231 0 35
3 B_20 234 0 36
4 A_16 238 0 37
5 B_21 243 0 38
7 A_17 250 0 39
5 B_22 255 0 40
1 B_23 256 0 41
5 A_18 261 0 42
4 A_19 265 0 43
5 B_24 270 0 44
3 B_25 273 0 45
6 A_20 279 0 46
3 B_26 282 0 47
4 B_27 286 0 48
4 A_21 290 0 49
5 B_28 295 0 50
7 A_22 302 0 51
6 B_29 308 0 52
3 A_23 311 0 53
5 B_30 316 0 54
4 A_24 320 0 55
3 A_25 323 0 56
6 B_31 329 0 57
5 A_26 334 0 58
3 A_27 337 0 59
5 B_32 342 0 60
6 A_28 348 0 61
2 A_29 350 0 62
4 A_30 354 0 63
1 A_31 355 0 64
7 B_33 362 0 65
3 B_34 365 0 66
1 B_35 366 0 67
3 A_32 369 0 68
1 A_33 370 0 69
5 B_36 375 0 70
4 A_34 379 0 71
1 A_35 380 0 72
4 B_37 384 0 73
3 B_38 387 0 74
5 A_36 392 0 75
7 B_39 399 0 76
7 A_37 406 0 77
3 B_40 409 0 78
6 A_38 415 0 79
5 B_41 420 0 80
2 B_42 422 0 81
3 A_39 425 0 82
4 B_43 429 0 83
3 B_44 432 0 84
6 A_40 438 0 85
6 B_45 444 0 86
1 B_46 445 0 87
6 A_41 451 0 88
4 B_47 455 0 89
6 A_42 461 0 90
3 B_48 464 0 91
3 B_49 467 0 92
2 B_50 469 0 93
6 A_43 475 0 94
3 B_51 478 0 95
2 B_52 480 0 96
4 A_44 484 0 97
1 A_45 485 0 98
4 B_53 489 0 99
5 A_46 494 0 100
4 B_54 498 0 101
2 B_55 500 0 102
5 A_47 505 0 103
5 B_56 510 0 104
3 A_48 513 0 105
2 A_49 515 0 106
3 B_57 518 0 107
5 A_50 523 0 108
5 B_58 528 0 109
6 A_51 534 0 110
4 B_59 538 0 111
6 A_52 544 0 112
2 A_53 546 0 113
4 A_54 550 0 114
1 A_55 551 0 115
4 A_56 555 0 116
2 A_57 557 0 117
2 A_58 559 0 118
3 A_59 562 0 119
No lane change: 562 271.12483333333324 0.00026702880859375
---------------------
in formation_2
pass
---------------------
in formation_3
pass
---------------------
in formation_4
pass
---------------------
in formation_5
pass
---------------------
in formation_6
pass
---------------------
in formation_7
pass
error in formulation  []
