1
0 B_0 83 0 0
4 A_0 87 1 1
2 B_1 89 0 2
1 A_1 90 1 3
2 B_2 92 0 4
3 A_2 95 1 5
1 B_3 96 0 6
1 A_3 97 1 7
3 A_4 100 1 8
4 B_4 104 0 9
3 A_5 107 1 10
3 B_5 110 0 11
2 A_6 112 1 12
2 B_6 114 0 13
1 A_7 115 1 14
2 B_7 117 0 15
1 B_8 118 0 16
4 B_9 122 0 17
4 B_10 126 0 18
1 A_8 127 1 19
2 B_11 129 0 20
3 A_9 132 0 21
3 B_12 135 1 22
3 B_13 138 1 23
2 B_14 140 1 24
4 B_15 144 1 25
4 B_16 148 1 26
3 A_10 151 0 27
4 A_11 155 0 28
2 B_17 157 1 29
2 A_12 159 0 30
2 A_13 161 0 31
2 B_18 163 1 32
4 B_19 167 1 33
2 A_14 169 0 34
4 A_15 173 0 35
3 B_20 176 0 36
2 A_16 178 1 37
3 B_21 181 0 38
4 A_17 185 1 39
2 B_22 187 0 40
1 B_23 188 0 41
2 A_18 190 1 42
4 A_19 194 1 43
2 B_24 196 0 44
3 B_25 199 0 45
3 A_20 202 1 46
3 B_26 205 1 47
4 B_27 209 1 48
1 A_21 210 0 49
2 B_28 212 1 50
4 A_22 216 0 51
3 B_29 219 1 52
3 A_23 222 1 53
3 B_30 225 0 54
2 A_24 227 1 55
3 A_25 230 1 56
4 B_31 234 0 57
3 A_26 237 1 58
3 A_27 240 1 59
2 B_32 242 0 60
3 A_28 245 1 61
2 A_29 247 1 62
4 A_30 251 1 63
1 A_31 252 1 64
4 B_33 256 0 65
3 B_34 259 0 66
1 B_35 260 0 67
3 A_32 263 0 68
1 A_33 264 0 69
3 B_36 267 1 70
2 A_34 269 0 71
1 A_35 270 0 72
2 B_37 272 1 73
3 B_38 275 1 74
3 A_36 278 0 75
4 B_39 282 1 76
4 A_37 286 0 77
3 B_40 289 0 78
4 A_38 293 1 79
3 B_41 296 0 80
2 B_42 298 0 81
3 A_39 301 0 82
2 B_43 303 1 83
3 B_44 306 1 84
4 A_40 310 0 85
3 B_45 313 1 86
1 B_46 314 1 87
3 A_41 317 0 88
1 B_47 318 1 89
4 A_42 322 0 90
3 B_48 325 0 91
3 B_49 328 0 92
2 B_50 330 0 93
3 A_43 333 1 94
3 B_51 336 1 95
2 B_52 338 1 96
2 A_44 340 0 97
1 A_45 341 0 98
1 B_53 342 1 99
2 A_46 344 0 100
1 B_54 345 1 101
2 B_55 347 1 102
3 A_47 350 0 103
3 B_56 353 1 104
3 A_48 356 1 105
2 A_49 358 1 106
3 B_57 361 1 107
3 A_50 364 0 108
3 B_58 367 1 109
4 A_51 371 0 110
2 B_59 373 1 111
4 A_52 377 0 112
2 A_53 379 0 113
4 A_54 383 0 114
1 A_55 384 0 115
4 A_56 388 0 116
2 A_57 390 0 117
2 A_58 392 0 118
3 A_59 395 0 119
greedy: 395 177.27483333333336 0.0006091594696044922
---------------------
in formation_2
pass
---------------------
in formation_3
pass
---------------------
in formation_4
pass
---------------------
in formation_5
pass
---------------------
in formation_6
pass
---------------------
in formation_7
pass
error in formulation  []
