2
[2, 2, 2, 2, 0, 0, 0, 0, 0, 0, 0, 0, 0, 0, 2, 2, 2, 2, 1, 2, 0, 0, 0, 0, 3, 0, 0, 0, 0, 0, 0, 0, 0, 0, 0, 0, 0, 3, 0, 0, 3, 1, 2, 2, 2, 2, 2, 2, 2, 1, 2, 2, 2, 2, 2, 2, 2, 2, 2, 2, 1, 2, 2, 2, 2, 1, 2, 2, 1, 2, 2, 2, 1, 2, 2, 0, 0, 2, 1, 3, 3, 3, 3, 3, 3, 0, 0, 0, 0, 0, 0, 0, 2, 1, 2, 2, 2, 2, 0, 0, 0, 0, 0, 0, 0, 3, 0, 3, 0, 0, 0, 0, 3, 1, 2, 2, 2, 2, 1, 2]
0 B_0 82 0 0
3 B_1 85 0 1
4 B_2 89 0 2
3 B_3 92 0 3
3 A_0 95 0 4
2 A_1 97 0 5
4 A_2 101 0 6
2 A_3 103 0 7
1 A_4 104 0 8
1 A_5 105 0 9
4 A_6 109 0 10
3 A_7 112 0 11
4 A_8 116 0 12
1 A_9 117 0 13
7 B_4 124 0 14
5 B_5 129 0 15
2 B_6 131 0 16
1 B_7 132 0 17
3 A_10 135 1 18
2 B_8 137 0 19
3 A_11 140 0 20
1 A_12 141 0 21
4 A_13 145 0 22
3 A_14 148 0 23
5 B_9 153 1 24
1 A_15 154 0 25
3 A_16 157 0 26
3 A_17 160 0 27
2 A_18 162 0 28
2 A_19 164 0 29
2 A_20 166 0 30
4 A_21 170 0 31
4 A_22 174 0 32
1 A_23 175 0 33
3 A_24 178 0 34
4 A_25 182 0 35
2 A_26 184 0 36
2 B_10 186 1 37
2 A_27 188 0 38
1 A_28 189 0 39
3 B_11 192 1 40
4 A_29 196 1 41
3 B_12 199 0 42
2 B_13 201 0 43
3 B_14 204 0 44
4 B_15 208 0 45
2 B_16 210 0 46
3 B_17 213 0 47
3 B_18 216 0 48
2 A_30 218 1 49
4 B_19 222 0 50
3 B_20 225 0 51
2 B_21 227 0 52
3 B_22 230 0 53
1 B_23 231 0 54
1 B_24 232 0 55
2 B_25 234 0 56
4 B_26 238 0 57
4 B_27 242 0 58
3 B_28 245 0 59
3 A_31 248 1 60
3 B_29 251 0 61
2 B_30 253 0 62
5 B_31 258 0 63
4 B_32 262 0 64
4 A_32 266 1 65
5 B_33 271 0 66
1 B_34 272 0 67
2 A_33 274 1 68
1 B_35 275 0 69
5 B_36 280 0 70
1 B_37 281 0 71
1 A_34 282 1 72
1 B_38 283 0 73
3 B_39 286 0 74
4 A_35 290 0 75
3 A_36 293 0 76
10 B_40 303 0 77
4 A_37 307 1 78
4 B_41 311 1 79
4 B_42 315 1 80
4 B_43 319 1 81
6 B_44 325 1 82
3 B_45 328 1 83
5 B_46 333 1 84
4 A_38 337 0 85
1 A_39 338 0 86
1 A_40 339 0 87
2 A_41 341 0 88
2 A_42 343 0 89
1 A_43 344 0 90
2 A_44 346 0 91
8 B_47 354 0 92
4 A_45 358 1 93
2 B_48 360 0 94
3 B_49 363 0 95
3 B_50 366 0 96
2 B_51 368 0 97
5 A_46 373 0 98
4 A_47 377 0 99
3 A_48 380 0 100
3 A_49 383 0 101
3 A_50 386 0 102
2 A_51 388 0 103
4 A_52 392 0 104
3 B_52 395 1 105
2 A_53 397 0 106
2 B_53 399 1 107
5 A_54 404 0 108
2 A_55 406 0 109
2 A_56 408 0 110
1 A_57 409 0 111
2 B_54 411 1 112
4 A_58 415 1 113
4 B_55 419 0 114
1 B_56 420 0 115
3 B_57 423 0 116
4 B_58 427 0 117
3 A_59 430 1 118
3 B_59 433 0 119
dp: 433
---------------------
in formation_2
pass
---------------------
in formation_3
pass
---------------------
in formation_4
pass
---------------------
in formation_5
pass
---------------------
in formation_6
pass
---------------------
in formation_7
pass
error in formulation  []
