3
0 B_0 82 0 0
3 B_1 85 0 1
4 B_2 89 0 2
3 B_3 92 0 3
5 B_4 97 0 4
5 B_5 102 0 5
2 B_6 104 0 6
1 B_7 105 0 7
3 A_0 108 0 8
2 A_1 110 0 9
4 A_2 114 0 10
2 A_3 116 0 11
1 A_4 117 0 12
1 A_5 118 0 13
4 A_6 122 0 14
3 A_7 125 0 15
4 A_8 129 0 16
1 A_9 130 0 17
3 B_8 133 0 18
6 B_9 139 0 19
5 B_10 144 0 20
4 A_10 148 0 21
4 A_11 152 0 22
1 A_12 153 0 23
3 B_11 156 0 24
5 B_12 161 0 25
2 B_13 163 0 26
3 B_14 166 0 27
3 A_13 169 0 28
3 A_14 172 0 29
4 A_15 176 0 30
3 A_16 179 0 31
3 A_17 182 0 32
2 A_18 184 0 33
2 A_19 186 0 34
2 A_20 188 0 35
3 B_15 191 0 36
2 B_16 193 0 37
3 B_17 196 0 38
3 B_18 199 0 39
5 B_19 204 0 40
3 B_20 207 0 41
2 B_21 209 0 42
3 B_22 212 0 43
1 B_23 213 0 44
1 B_24 214 0 45
2 B_25 216 0 46
4 A_21 220 0 47
3 B_26 223 0 48
4 B_27 227 0 49
3 B_28 230 0 50
5 B_29 235 0 51
2 B_30 237 0 52
5 B_31 242 0 53
4 B_32 246 0 54
6 A_22 252 0 55
3 B_33 255 0 56
1 B_34 256 0 57
3 A_23 259 0 58
3 A_24 262 0 59
4 A_25 266 0 60
2 A_26 268 0 61
4 B_35 272 0 62
5 B_36 277 0 63
1 B_37 278 0 64
5 B_38 283 0 65
3 B_39 286 0 66
4 A_27 290 0 67
1 A_28 291 0 68
4 B_40 295 0 69
5 A_29 300 0 70
5 B_41 305 0 71
4 B_42 309 0 72
4 B_43 313 0 73
6 B_44 319 0 74
3 B_45 322 0 75
5 B_46 327 0 76
4 A_30 331 0 77
5 A_31 336 0 78
4 B_47 340 0 79
5 A_32 345 0 80
5 B_48 350 0 81
3 B_49 353 0 82
3 B_50 356 0 83
2 B_51 358 0 84
6 B_52 364 0 85
3 A_33 367 0 86
5 B_53 372 0 87
4 A_34 376 0 88
4 A_35 380 0 89
3 A_36 383 0 90
6 A_37 389 0 91
5 A_38 394 0 92
1 A_39 395 0 93
1 A_40 396 0 94
2 A_41 398 0 95
2 A_42 400 0 96
1 A_43 401 0 97
2 A_44 403 0 98
4 B_54 407 0 99
5 A_45 412 0 100
5 A_46 417 0 101
4 A_47 421 0 102
3 A_48 424 0 103
3 A_49 427 0 104
3 A_50 430 0 105
2 A_51 432 0 106
4 A_52 436 0 107
5 A_53 441 0 108
3 B_55 444 0 109
1 B_56 445 0 110
3 B_57 448 0 111
4 B_58 452 0 112
6 B_59 458 0 113
4 A_54 462 0 114
2 A_55 464 0 115
2 A_56 466 0 116
1 A_57 467 0 117
5 A_58 472 0 118
4 A_59 476 0 119
nldp: 476
---------------------
in formation_2
pass
---------------------
in formation_3
pass
---------------------
in formation_4
pass
---------------------
in formation_5
pass
---------------------
in formation_6
pass
---------------------
in formation_7
pass
error in formulation  []
