0
0 A_0 83 0 0
4 B_0 87 0 1
2 B_1 89 0 2
4 A_1 93 0 3
3 A_2 96 0 4
1 A_3 97 0 5
3 B_2 100 0 6
2 B_3 102 0 7
2 B_4 104 0 8
2 B_5 106 0 9
5 A_4 111 0 10
1 A_5 112 0 11
1 A_6 113 0 12
4 A_7 117 0 13
6 B_6 123 0 14
4 A_8 127 0 15
4 B_7 131 0 16
1 B_8 132 0 17
3 A_9 135 0 18
4 A_10 139 0 19
3 B_9 142 0 20
3 A_11 145 0 21
4 B_10 149 0 22
4 B_11 153 0 23
6 A_12 159 0 24
4 B_12 163 0 25
4 B_13 167 0 26
1 B_14 168 0 27
3 B_15 171 0 28
6 A_13 177 0 29
6 B_16 183 0 30
5 A_14 188 0 31
4 A_15 192 0 32
5 B_17 197 0 33
6 A_16 203 0 34
4 B_18 207 0 35
3 B_19 210 0 36
4 B_20 214 0 37
1 B_21 215 0 38
3 A_17 218 0 39
4 B_22 222 0 40
3 A_18 225 0 41
2 A_19 227 0 42
6 B_23 233 0 43
4 A_20 237 0 44
6 B_24 243 0 45
6 A_21 249 0 46
1 A_22 250 0 47
2 A_23 252 0 48
4 A_24 256 0 49
3 B_25 259 0 50
4 A_25 263 0 51
3 A_26 266 0 52
6 B_26 272 0 53
3 A_27 275 0 54
1 A_28 276 0 55
5 B_27 281 0 56
2 B_28 283 0 57
4 A_29 287 0 58
5 B_29 292 0 59
3 B_30 295 0 60
6 A_30 301 0 61
1 A_31 302 0 62
6 B_31 308 0 63
4 A_32 312 0 64
6 B_32 318 0 65
7 A_33 325 0 66
6 B_33 331 0 67
4 A_34 335 0 68
2 A_35 337 0 69
3 B_34 340 0 70
4 A_36 344 0 71
6 B_35 350 0 72
5 A_37 355 0 73
1 A_38 356 0 74
2 A_39 358 0 75
5 B_36 363 0 76
4 B_37 367 0 77
2 B_38 369 0 78
2 B_39 371 0 79
No lane change: 371 174.3023750000001 0.00010609626770019531
---------------------
in formation_2
pass
---------------------
in formation_3
pass
---------------------
in formation_4
pass
---------------------
in formation_5
pass
---------------------
in formation_6
pass
---------------------
in formation_7
pass
error in formulation  []
