1
0 A_0 83 0 0
1 B_0 85 1 1
2 B_1 87 1 2
2 A_1 89 0 3
3 A_2 92 0 4
1 A_3 93 0 5
3 B_2 96 0 6
2 B_3 98 0 7
2 B_4 100 0 8
2 B_5 102 0 9
3 A_4 105 1 10
1 A_5 106 1 11
1 A_6 107 1 12
4 A_7 111 1 13
3 B_6 114 0 14
2 A_8 116 1 15
1 B_7 117 0 16
1 B_8 118 0 17
3 A_9 121 0 18
4 A_10 125 0 19
3 B_9 128 0 20
3 A_11 131 0 21
1 B_10 132 1 22
4 B_11 136 1 23
4 A_12 140 0 24
1 B_12 141 1 25
4 B_13 145 1 26
1 B_14 146 1 27
3 B_15 149 1 28
3 A_13 152 0 29
3 B_16 155 1 30
2 A_14 157 0 31
4 A_15 161 0 32
3 B_17 164 1 33
4 A_16 168 0 34
1 B_18 169 1 35
3 B_19 172 1 36
4 B_20 176 1 37
1 B_21 177 1 38
3 A_17 180 1 39
2 B_22 182 0 40
3 A_18 185 0 41
2 A_19 187 0 42
4 B_23 191 1 43
2 A_20 193 0 44
3 B_24 196 1 45
4 A_21 200 0 46
1 A_22 201 0 47
2 A_23 203 0 48
4 A_24 207 0 49
3 B_25 210 0 50
2 A_25 212 1 51
3 A_26 215 1 52
4 B_26 219 0 53
3 A_27 222 0 54
1 A_28 223 0 55
3 B_27 226 1 56
2 B_28 228 1 57
2 A_29 230 0 58
2 B_29 232 1 59
3 B_30 235 1 60
4 A_30 239 0 61
1 A_31 240 0 62
4 B_31 244 1 63
2 A_32 246 0 64
4 B_32 250 1 65
4 A_33 254 0 66
3 B_33 257 1 67
2 A_34 259 0 68
2 A_35 261 0 69
3 B_34 264 0 70
1 A_36 265 1 71
4 B_35 269 0 72
2 A_37 271 1 73
1 A_38 272 1 74
2 A_39 274 1 75
3 B_36 277 0 76
4 B_37 281 0 77
2 B_38 283 0 78
2 B_39 285 0 79
greedy: 285 134.66487500000008 0.0007679462432861328
---------------------
in formation_2
pass
---------------------
in formation_3
pass
---------------------
in formation_4
pass
---------------------
in formation_5
pass
---------------------
in formation_6
pass
---------------------
in formation_7
pass
error in formulation  []
