2
[0, 2, 2, 0, 0, 0, 0, 0, 0, 2, 2, 2, 2, 2, 2, 2, 2, 2, 2, 0, 0, 0, 2, 2, 2, 2, 2, 0, 0, 2, 2, 2, 0, 0, 0, 0, 0, 2, 2, 2, 2, 2, 0, 0, 0, 0, 0, 0, 0, 0, 0, 0, 0, 0, 2, 2, 2, 2, 2, 2, 2, 2, 2, 2, 2, 2, 2, 2, 2, 0, 0, 0, 0, 0, 0, 0, 0, 0, 0, 0]
0 A_0 83 0 0
4 B_0 87 0 1
2 B_1 89 0 2
4 A_1 93 0 3
3 A_2 96 0 4
1 A_3 97 0 5
3 A_4 100 0 6
1 A_5 101 0 7
1 A_6 102 0 8
6 B_2 108 0 9
2 B_3 110 0 10
2 B_4 112 0 11
2 B_5 114 0 12
4 B_6 118 0 13
1 B_7 119 0 14
1 B_8 120 0 15
2 B_9 122 0 16
1 B_10 123 0 17
4 B_11 127 0 18
3 A_7 130 0 19
3 A_8 133 0 20
3 A_9 136 0 21
6 B_12 142 0 22
4 B_13 146 0 23
1 B_14 147 0 24
3 B_15 150 0 25
4 B_16 154 0 26
3 A_10 157 0 27
4 A_11 161 0 28
6 B_17 167 0 29
2 B_18 169 0 30
3 B_19 172 0 31
3 A_12 175 0 32
2 A_13 177 0 33
3 A_14 180 0 34
4 A_15 184 0 35
2 A_16 186 0 36
5 B_20 191 0 37
1 B_21 192 0 38
1 B_22 193 0 39
2 B_23 195 0 40
2 B_24 197 0 41
3 A_17 200 0 42
2 A_18 202 0 43
2 A_19 204 0 44
1 A_20 205 0 45
3 A_21 208 0 46
1 A_22 209 0 47
2 A_23 211 0 48
4 A_24 215 0 49
3 A_25 218 0 50
3 A_26 221 0 51
1 A_27 222 0 52
1 A_28 223 0 53
4 B_25 227 0 54
4 B_26 231 0 55
1 B_27 232 0 56
2 B_28 234 0 57
1 B_29 235 0 58
3 B_30 238 0 59
3 B_31 241 0 60
2 B_32 243 0 61
3 B_33 246 0 62
1 B_34 247 0 63
2 B_35 249 0 64
2 B_36 251 0 65
4 B_37 255 0 66
2 B_38 257 0 67
2 B_39 259 0 68
3 A_29 262 0 69
1 A_30 263 0 70
1 A_31 264 0 71
4 A_32 268 0 72
2 A_33 270 0 73
2 A_34 272 0 74
2 A_35 274 0 75
2 A_36 276 0 76
1 A_37 277 0 77
1 A_38 278 0 78
2 A_39 280 0 79
dp: 280 140.78987500000008 0.04833102226257324
---------------------
in formation_2
pass
---------------------
in formation_3
pass
---------------------
in formation_4
pass
---------------------
in formation_5
pass
---------------------
in formation_6
pass
---------------------
in formation_7
pass
error in formulation  []
