3
0 A_0 83 0 0
4 B_0 87 0 1
2 B_1 89 0 2
4 A_1 93 0 3
3 A_2 96 0 4
1 A_3 97 0 5
3 B_2 100 0 6
2 B_3 102 0 7
2 B_4 104 0 8
2 B_5 106 0 9
4 B_6 110 0 10
1 B_7 111 0 11
1 B_8 112 0 12
2 B_9 114 0 13
1 B_10 115 0 14
4 A_4 119 0 15
1 A_5 120 0 16
1 A_6 121 0 17
4 B_11 125 0 18
3 A_7 128 0 19
3 A_8 131 0 20
3 B_12 134 0 21
4 B_13 138 0 22
1 B_14 139 0 23
3 B_15 142 0 24
3 A_9 145 0 25
4 B_16 149 0 26
3 A_10 152 0 27
4 A_11 156 0 28
4 A_12 160 0 29
2 A_13 162 0 30
3 A_14 165 0 31
4 A_15 169 0 32
2 A_16 171 0 33
4 A_17 175 0 34
2 A_18 177 0 35
2 A_19 179 0 36
1 A_20 180 0 37
3 A_21 183 0 38
1 A_22 184 0 39
2 A_23 186 0 40
4 B_17 190 0 41
2 B_18 192 0 42
3 B_19 195 0 43
4 B_20 199 0 44
1 B_21 200 0 45
1 B_22 201 0 46
2 B_23 203 0 47
2 B_24 205 0 48
3 B_25 208 0 49
3 A_24 211 0 50
3 B_26 214 0 51
1 B_27 215 0 52
2 B_28 217 0 53
1 B_29 218 0 54
3 B_30 221 0 55
3 B_31 224 0 56
2 B_32 226 0 57
3 B_33 229 0 58
1 B_34 230 0 59
2 B_35 232 0 60
2 B_36 234 0 61
3 A_25 237 0 62
3 A_26 240 0 63
1 A_27 241 0 64
1 A_28 242 0 65
6 B_37 248 0 66
2 B_38 250 0 67
2 B_39 252 0 68
3 A_29 255 0 69
1 A_30 256 0 70
1 A_31 257 0 71
4 A_32 261 0 72
2 A_33 263 0 73
2 A_34 265 0 74
2 A_35 267 0 75
2 A_36 269 0 76
1 A_37 270 0 77
1 A_38 271 0 78
2 A_39 273 0 79
nldp: 273 135.3898750000001 0.008185148239135742
---------------------
in formation_2
pass
---------------------
in formation_3
pass
---------------------
in formation_4
pass
---------------------
in formation_5
pass
---------------------
in formation_6
pass
---------------------
in formation_7
pass
error in formulation  []
