0
0 A_0 81 0 0
8 B_0 89 0 1
5 A_1 94 0 2
2 A_2 96 0 3
8 B_1 104 0 4
2 B_2 106 0 5
2 B_3 108 0 6
3 B_4 111 0 7
7 A_3 118 0 8
3 A_4 121 0 9
9 B_5 130 0 10
5 A_5 135 0 11
5 B_6 140 0 12
2 B_7 142 0 13
5 A_6 147 0 14
3 B_8 150 0 15
3 A_7 153 0 16
7 B_9 160 0 17
7 A_8 167 0 18
3 B_10 170 0 19
7 A_9 177 0 20
3 B_11 180 0 21
2 B_12 182 0 22
10 A_10 192 0 23
1 A_11 193 0 24
3 B_13 196 0 25
3 B_14 199 0 26
3 B_15 202 0 27
9 A_12 211 0 28
2 A_13 213 0 29
7 B_16 220 0 30
8 A_14 228 0 31
9 B_17 237 0 32
4 A_15 241 0 33
3 A_16 244 0 34
7 B_18 251 0 35
4 A_17 255 0 36
8 B_19 263 0 37
6 A_18 269 0 38
10 B_20 279 0 39
5 B_21 284 0 40
5 B_22 289 0 41
6 B_23 295 0 42
4 B_24 299 0 43
8 A_19 307 0 44
7 B_25 314 0 45
7 A_20 321 0 46
6 B_26 327 0 47
10 A_21 337 0 48
9 B_27 346 0 49
6 A_22 352 0 50
9 B_28 361 0 51
9 A_23 370 0 52
3 A_24 373 0 53
4 B_29 377 0 54
4 A_25 381 0 55
5 B_30 386 0 56
6 A_26 392 0 57
2 A_27 394 0 58
1 A_28 395 0 59
7 B_31 402 0 60
6 B_32 408 0 61
8 A_29 416 0 62
1 A_30 417 0 63
3 A_31 420 0 64
10 B_33 430 0 65
10 A_32 440 0 66
9 B_34 449 0 67
5 B_35 454 0 68
3 A_33 457 0 69
4 A_34 461 0 70
3 B_36 464 0 71
4 A_35 468 0 72
6 B_37 474 0 73
7 A_36 481 0 74
6 B_38 487 0 75
6 A_37 493 0 76
5 B_39 498 0 77
10 A_38 508 0 78
4 A_39 512 0 79
No lane change: 512
---------------------
in formation_2
pass
---------------------
in formation_3
pass
---------------------
in formation_4
pass
---------------------
in formation_5
pass
---------------------
in formation_6
pass
---------------------
in formation_7
pass
error in formulation  []
