1
0 A_0 81 0 0
4 B_0 85 1 1
2 A_1 87 0 2
1 B_1 88 1 3
4 A_2 92 0 4
1 B_2 93 1 5
2 A_3 95 0 6
2 A_4 97 0 7
3 A_5 100 0 8
2 A_6 102 0 9
3 B_3 105 1 10
1 B_4 106 1 11
3 A_7 109 0 12
4 A_8 113 0 13
3 B_5 116 1 14
3 A_9 119 0 15
2 A_10 121 0 16
3 B_6 124 1 17
4 A_11 128 0 18
3 B_7 131 0 19
1 B_8 132 0 20
2 A_12 134 1 21
3 A_13 137 1 22
3 A_14 140 1 23
1 A_15 141 1 24
3 B_9 144 0 25
4 B_10 148 0 26
4 B_11 152 0 27
3 A_16 155 1 28
3 B_12 158 0 29
2 B_13 160 0 30
3 A_17 163 1 31
3 B_14 166 0 32
2 A_18 168 1 33
4 B_15 172 0 34
3 A_19 175 0 35
3 B_16 178 0 36
3 B_17 181 0 37
2 A_20 183 1 38
4 B_18 187 0 39
2 A_21 189 1 40
4 B_19 193 0 41
4 B_20 197 0 42
1 B_21 198 0 43
3 A_22 201 1 44
4 A_23 205 1 45
1 A_24 206 1 46
4 B_22 210 0 47
3 B_23 213 0 48
3 B_24 216 0 49
4 A_25 220 1 50
1 A_26 221 1 51
3 B_25 224 0 52
3 B_26 227 0 53
2 B_27 229 0 54
1 B_28 230 0 55
3 A_27 233 1 56
2 B_29 235 0 57
4 A_28 239 1 58
3 A_29 242 1 59
3 B_30 245 0 60
1 B_31 246 0 61
2 B_32 248 0 62
1 A_30 249 1 63
3 B_33 252 0 64
3 A_31 255 1 65
4 B_34 259 0 66
1 B_35 260 0 67
3 A_32 263 1 68
4 B_36 267 0 69
4 A_33 271 1 70
1 B_37 272 0 71
4 B_38 276 0 72
1 A_34 277 1 73
3 A_35 280 1 74
1 A_36 281 1 75
3 B_39 284 1 76
3 A_37 287 1 77
4 A_38 291 1 78
4 A_39 295 1 79
greedy: 295 145.21812499999993 0.0006859302520751953
---------------------
in formation_2
pass
---------------------
in formation_3
pass
---------------------
in formation_4
pass
---------------------
in formation_5
pass
---------------------
in formation_6
pass
---------------------
in formation_7
pass
error in formulation  []
