2
[2, 2, 2, 2, 2, 2, 2, 2, 2, 2, 2, 2, 2, 2, 2, 2, 1, 2, 1, 2, 2, 2, 2, 0, 0, 0, 0, 0, 0, 0, 3, 0, 0, 0, 0, 0, 3, 0, 3, 1, 2, 2, 1, 2, 2, 1, 3, 3, 0, 0, 2, 0, 3, 0, 0, 3, 3, 0, 0, 0, 0, 0, 0, 0, 0, 0, 3, 0, 3, 1, 1, 2, 2, 1, 1, 2, 2, 1, 1, 1]
0 B_0 82 0 0
1 B_1 84 0 1
2 B_2 86 0 2
2 B_3 88 0 3
3 B_4 91 0 4
1 B_5 92 0 5
5 B_6 97 0 6
2 B_7 99 0 7
4 B_8 103 0 8
1 B_9 104 0 9
5 B_10 109 0 10
3 B_11 112 0 11
2 B_12 114 0 12
4 B_13 118 0 13
3 B_14 121 0 14
3 B_15 124 0 15
2 A_0 126 1 16
4 B_16 130 0 17
4 A_1 134 1 18
3 B_17 137 0 19
1 B_18 138 0 20
4 B_19 142 0 21
3 B_20 145 0 22
4 A_2 149 0 23
1 A_3 150 0 24
3 A_4 153 0 25
1 A_5 154 0 26
2 A_6 156 0 27
3 A_7 159 0 28
2 A_8 161 0 29
3 B_21 164 1 30
4 A_9 168 0 31
3 A_10 171 0 32
1 A_11 172 0 33
2 A_12 174 0 34
2 A_13 176 0 35
3 B_22 179 1 36
3 A_14 182 0 37
5 B_23 187 1 38
3 A_15 190 1 39
3 B_24 193 0 40
1 B_25 194 0 41
3 A_16 197 1 42
3 B_26 200 0 43
2 B_27 202 0 44
3 A_17 205 1 45
3 B_28 208 1 46
5 B_29 213 1 47
4 A_18 217 0 48
3 A_19 220 0 49
8 B_30 228 0 50
5 A_20 233 0 51
5 B_31 238 1 52
4 A_21 242 0 53
4 A_22 246 0 54
3 B_32 249 1 55
4 B_33 253 1 56
4 A_23 257 0 57
3 A_24 260 0 58
3 A_25 263 0 59
3 A_26 266 0 60
2 A_27 268 0 61
1 A_28 269 0 62
3 A_29 272 0 63
1 A_30 273 0 64
3 A_31 276 0 65
4 B_34 280 1 66
5 A_32 285 0 67
3 B_35 288 1 68
3 A_33 291 1 69
4 A_34 295 1 70
1 B_36 296 0 71
2 B_37 298 0 72
2 A_35 300 1 73
5 A_36 305 1 74
4 B_38 309 0 75
1 B_39 310 0 76
2 A_37 312 1 77
5 A_38 317 1 78
4 A_39 321 1 79
dp: 321
---------------------
in formation_2
pass
---------------------
in formation_3
pass
---------------------
in formation_4
pass
---------------------
in formation_5
pass
---------------------
in formation_6
pass
---------------------
in formation_7
pass
error in formulation  []
