3
0 A_0 81 0 0
5 A_1 86 0 1
2 A_2 88 0 2
1 A_3 90 0 3
3 A_4 93 0 4
1 A_5 94 0 5
2 A_6 96 0 6
3 B_0 99 0 7
1 B_1 100 0 8
2 B_2 102 0 9
2 B_3 104 0 10
3 B_4 107 0 11
1 B_5 108 0 12
3 A_7 111 0 13
2 A_8 113 0 14
6 A_9 119 0 15
3 A_10 122 0 16
1 A_11 123 0 17
2 A_12 125 0 18
2 A_13 127 0 19
3 B_6 130 0 20
2 B_7 132 0 21
3 A_14 135 0 22
4 B_8 139 0 23
1 B_9 140 0 24
5 B_10 145 0 25
3 B_11 148 0 26
2 B_12 150 0 27
4 B_13 154 0 28
3 A_15 157 0 29
3 A_16 160 0 30
4 B_14 164 0 31
3 B_15 167 0 32
5 B_16 172 0 33
4 A_17 176 0 34
4 A_18 180 0 35
3 A_19 183 0 36
5 A_20 188 0 37
6 A_21 194 0 38
4 A_22 198 0 39
6 A_23 204 0 40
3 A_24 207 0 41
3 A_25 210 0 42
3 A_26 213 0 43
2 A_27 215 0 44
1 A_28 216 0 45
3 A_29 219 0 46
1 A_30 220 0 47
3 A_31 223 0 48
4 B_17 227 0 49
1 B_18 228 0 50
4 B_19 232 0 51
3 B_20 235 0 52
4 A_32 239 0 53
4 B_21 243 0 54
5 B_22 248 0 55
7 A_33 255 0 56
4 A_34 259 0 57
4 B_23 263 0 58
4 B_24 267 0 59
1 B_25 268 0 60
4 A_35 272 0 61
3 B_26 275 0 62
2 B_27 277 0 63
6 B_28 283 0 64
5 B_29 288 0 65
4 B_30 292 0 66
4 A_36 296 0 67
4 B_31 300 0 68
6 B_32 306 0 69
4 B_33 310 0 70
5 B_34 315 0 71
5 B_35 320 0 72
3 A_37 323 0 73
5 A_38 328 0 74
4 A_39 332 0 75
5 B_36 337 0 76
2 B_37 339 0 77
5 B_38 344 0 78
1 B_39 345 0 79
nldp: 345
---------------------
in formation_2
pass
---------------------
in formation_3
pass
---------------------
in formation_4
pass
---------------------
in formation_5
pass
---------------------
in formation_6
pass
---------------------
in formation_7
pass
error in formulation  []
