A_0 1 A 0 [3, 2, 4, 5, 5, 2, 1, 2, 3, 3, 2, 4, 2, 3, 6, 4, 6, 5, 5, 4, 2, 1, 5, 4, 1, 5, 1, 2, 6, 6, 6, 2, 3, 6, 5, 6, 1, 2, 2, 4] [3, 4, 6, 5, 6, 3, 3, 2, 3, 5, 4, 4, 3, 3, 8, 4, 7, 6, 6, 5, 3, 1, 5, 6, 1, 5, 2, 2, 6, 8, 8, 2, 3, 6, 5, 8, 1, 3, 2, 5]
A_1 7.65 A 1 [2, 4, 3, 3, 5, 6, 3, 5, 3, 5, 2, 5, 5, 4, 5, 3, 4, 6, 1, 4, 2, 2, 4, 6, 2, 6, 4, 6, 3, 4, 3, 4, 1, 1, 6, 2, 3, 5, 1, 5] [4, 6, 4, 4, 7, 6, 5, 6, 4, 6, 2, 6, 5, 5, 7, 3, 6, 7, 3, 4, 3, 3, 6, 6, 3, 8, 6, 7, 5, 5, 5, 5, 3, 3, 8, 2, 5, 7, 1, 5]
A_2 9.98 A 2 [4, 3, 5, 3, 1, 1, 3, 2, 6, 6, 4, 4, 4, 3, 2, 2, 4, 6, 3, 4, 5, 6, 2, 5, 6, 1, 1, 1, 1, 2, 3, 4, 6, 1, 6, 2, 4, 1, 1, 2] [6, 4, 7, 4, 2, 3, 5, 3, 6, 7, 4, 4, 4, 5, 3, 2, 4, 7, 3, 6, 6, 6, 3, 6, 8, 1, 2, 3, 2, 2, 5, 5, 7, 1, 8, 2, 6, 1, 2, 3]
A_3 11.56 A 3 [5, 3, 3, 6, 1, 2, 3, 6, 4, 5, 5, 3, 1, 2, 1, 6, 2, 4, 2, 5, 1, 3, 5, 6, 4, 4, 5, 2, 4, 4, 5, 3, 6, 3, 4, 5, 4, 2, 3, 3] [5, 4, 4, 8, 3, 4, 4, 6, 6, 5, 7, 5, 3, 2, 1, 6, 4, 6, 4, 5, 3, 3, 7, 8, 4, 5, 7, 3, 5, 6, 6, 5, 6, 4, 6, 5, 4, 3, 5, 5]
A_4 12.56 A 4 [5, 5, 1, 1, 4, 6, 2, 2, 5, 6, 2, 1, 4, 4, 5, 1, 2, 6, 4, 5, 2, 3, 3, 4, 1, 1, 3, 6, 3, 3, 2, 2, 2, 1, 6, 1, 3, 6, 6, 6] [6, 7, 2, 3, 6, 7, 2, 3, 7, 7, 2, 1, 6, 4, 5, 1, 2, 6, 5, 6, 4, 4, 4, 5, 2, 2, 5, 8, 3, 3, 3, 4, 4, 2, 8, 1, 4, 7, 7, 8]
A_5 13.67 A 5 [2, 6, 1, 2, 6, 3, 3, 2, 1, 3, 3, 4, 3, 2, 2, 3, 5, 1, 5, 1, 1, 4, 3, 1, 6, 2, 3, 4, 2, 6, 2, 6, 6, 4, 1, 2, 6, 6, 2, 2] [3, 6, 3, 4, 7, 3, 4, 3, 3, 5, 5, 6, 3, 3, 3, 4, 7, 1, 7, 1, 3, 4, 4, 2, 8, 3, 3, 4, 4, 8, 4, 6, 8, 5, 2, 3, 8, 6, 3, 3]
A_6 14.7 A 6 [1, 3, 3, 3, 2, 3, 1, 5, 6, 6, 4, 3, 4, 1, 2, 2, 1, 3, 3, 1, 2, 2, 5, 6, 5, 6, 1, 2, 1, 5, 5, 2, 4, 1, 2, 6, 2, 6, 1, 1] [3, 5, 5, 4, 2, 4, 3, 5, 8, 8, 6, 5, 6, 3, 2, 4, 1, 4, 4, 2, 4, 4, 5, 6, 7, 6, 2, 4, 1, 7, 5, 2, 6, 3, 2, 7, 4, 6, 1, 2]
A_7 15.979999999999999 A 7 [2, 5, 2, 6, 2, 2, 5, 3, 4, 4, 5, 4, 5, 6, 6, 2, 4, 2, 4, 4, 6, 5, 2, 3, 2, 6, 4, 2, 2, 1, 5, 2, 4, 6, 3, 4, 4, 3, 4, 3] [2, 6, 3, 6, 3, 3, 5, 3, 6, 5, 5, 5, 6, 7, 8, 2, 4, 3, 4, 5, 6, 5, 4, 5, 2, 8, 5, 4, 4, 2, 7, 4, 4, 7, 3, 6, 6, 3, 5, 5]
A_8 18.439999999999998 A 8 [3, 3, 6, 4, 5, 1, 6, 4, 2, 2, 6, 3, 5, 3, 6, 5, 3, 3, 3, 2, 5, 5, 6, 3, 1, 3, 1, 5, 3, 1, 4, 2, 5, 2, 2, 2, 1, 4, 4, 4] [3, 4, 6, 6, 7, 3, 8, 6, 4, 2, 7, 5, 5, 4, 7, 5, 4, 4, 3, 2, 6, 5, 6, 3, 1, 5, 2, 6, 5, 2, 4, 4, 5, 4, 3, 2, 3, 6, 4, 4]
A_9 22.369999999999997 A 9 [3, 5, 6, 5, 6, 3, 6, 4, 2, 5, 3, 1, 5, 4, 6, 3, 6, 3, 1, 6, 1, 3, 4, 4, 6, 1, 4, 3, 6, 2, 2, 6, 3, 3, 3, 2, 6, 4, 3, 3] [5, 6, 7, 5, 7, 5, 8, 5, 2, 6, 5, 2, 5, 4, 6, 5, 8, 3, 3, 7, 1, 4, 4, 4, 7, 2, 4, 4, 6, 2, 3, 6, 5, 4, 4, 3, 6, 5, 4, 5]
A_10 24.659999999999997 A 10 [2, 2, 4, 5, 2, 3, 4, 5, 6, 3, 1, 4, 3, 6, 5, 1, 4, 3, 4, 4, 2, 6, 1, 4, 5, 2, 3, 2, 2, 1, 5, 4, 1, 5, 5, 3, 6, 6, 3, 2] [4, 2, 4, 7, 2, 5, 6, 5, 7, 5, 1, 6, 5, 7, 6, 2, 4, 4, 4, 5, 4, 7, 3, 4, 5, 2, 5, 2, 3, 1, 7, 6, 2, 7, 5, 5, 8, 7, 5, 4]
A_11 25.659999999999997 A 11 [4, 5, 4, 3, 1, 4, 3, 4, 3, 1, 4, 4, 5, 3, 2, 4, 1, 5, 4, 5, 5, 6, 6, 1, 4, 1, 2, 3, 4, 2, 6, 5, 4, 3, 4, 3, 2, 5, 4, 4] [4, 6, 4, 5, 1, 6, 5, 5, 5, 2, 6, 6, 6, 5, 3, 6, 3, 6, 5, 7, 6, 8, 6, 3, 6, 3, 3, 5, 6, 2, 7, 6, 5, 4, 6, 4, 4, 7, 4, 4]
A_12 27.109999999999996 A 12 [2, 5, 4, 1, 4, 3, 4, 5, 5, 5, 3, 5, 6, 4, 3, 5, 4, 4, 2, 5, 6, 1, 3, 2, 3, 1, 2, 3, 5, 1, 6, 5, 2, 5, 4, 5, 4, 3, 2, 2] [3, 5, 4, 3, 6, 3, 6, 6, 5, 5, 5, 6, 8, 5, 3, 6, 6, 5, 3, 6, 6, 2, 3, 2, 3, 1, 4, 4, 6, 3, 7, 5, 3, 7, 4, 7, 4, 5, 2, 4]
A_13 30.099999999999994 A 13 [3, 4, 3, 2, 4, 2, 1, 6, 3, 4, 6, 3, 4, 4, 2, 1, 2, 3, 4, 4, 4, 1, 6, 1, 3, 5, 2, 3, 2, 6, 6, 1, 3, 2, 1, 4, 5, 3, 6, 5] [3, 5, 5, 2, 4, 3, 3, 7, 4, 4, 7, 5, 5, 5, 4, 1, 2, 4, 4, 5, 6, 3, 6, 1, 3, 5, 3, 4, 4, 6, 8, 3, 4, 4, 3, 5, 6, 4, 6, 6]
A_14 31.099999999999994 A 14 [6, 5, 2, 1, 5, 2, 2, 6, 6, 6, 5, 2, 3, 2, 1, 2, 6, 6, 2, 2, 4, 1, 1, 2, 5, 4, 5, 2, 1, 2, 1, 6, 1, 6, 6, 5, 2, 2, 4, 3] [8, 7, 3, 1, 5, 3, 2, 8, 7, 6, 6, 3, 3, 4, 1, 3, 7, 7, 2, 4, 6, 3, 1, 4, 7, 4, 7, 4, 1, 2, 3, 8, 3, 7, 8, 6, 4, 4, 6, 3]
A_15 32.099999999999994 A 15 [4, 3, 2, 6, 1, 3, 2, 2, 5, 3, 1, 4, 5, 1, 2, 6, 4, 5, 1, 3, 1, 6, 6, 5, 5, 2, 6, 3, 1, 6, 4, 5, 6, 4, 5, 3, 3, 2, 6, 2] [4, 3, 2, 6, 1, 4, 4, 2, 5, 5, 2, 6, 6, 1, 3, 6, 4, 7, 3, 3, 1, 8, 8, 7, 7, 4, 7, 5, 2, 6, 4, 5, 7, 4, 7, 5, 5, 4, 6, 4]
A_16 36.50999999999999 A 16 [6, 4, 4, 2, 2, 5, 1, 4, 3, 6, 4, 1, 4, 2, 6, 4, 4, 1, 1, 4, 6, 3, 6, 4, 2, 3, 3, 3, 5, 6, 5, 2, 3, 1, 1, 6, 1, 2, 4, 2] [7, 6, 4, 4, 2, 7, 1, 4, 4, 8, 4, 3, 6, 2, 7, 4, 5, 2, 2, 5, 6, 3, 7, 6, 2, 5, 5, 4, 5, 7, 7, 4, 4, 3, 1, 8, 1, 3, 6, 3]
A_17 40.93999999999999 A 17 [5, 6, 6, 4, 6, 1, 3, 2, 3, 3, 3, 5, 4, 3, 6, 5, 1, 1, 3, 3, 3, 3, 3, 5, 3, 3, 6, 1, 5, 4, 3, 6, 6, 4, 4, 4, 2, 2, 6, 1] [6, 7, 7, 6, 6, 1, 4, 3, 4, 3, 4, 6, 5, 4, 7, 7, 2, 1, 4, 3, 3, 4, 4, 6, 5, 4, 7, 1, 7, 4, 3, 6, 6, 5, 6, 6, 4, 4, 7, 1]
A_18 41.93999999999999 A 18 [5, 1, 3, 2, 4, 5, 3, 4, 3, 1, 4, 4, 2, 4, 2, 1, 1, 3, 5, 6, 3, 3, 4, 3, 4, 6, 3, 5, 2, 3, 4, 5, 3, 5, 3, 5, 6, 6, 1, 5] [6, 3, 3, 4, 5, 7, 4, 4, 3, 3, 4, 5, 3, 4, 2, 3, 2, 4, 5, 7, 5, 4, 4, 3, 4, 8, 3, 6, 2, 3, 5, 7, 4, 7, 4, 5, 8, 8, 1, 7]
A_19 43.36999999999999 A 19 [4, 4, 4, 5, 5, 1, 1, 4, 2, 6, 4, 5, 5, 4, 2, 3, 4, 3, 6, 6, 2, 1, 2, 2, 5, 3, 5, 3, 1, 1, 1, 2, 3, 1, 1, 6, 2, 2, 6, 2] [5, 4, 6, 5, 6, 1, 2, 5, 2, 7, 5, 7, 6, 5, 4, 3, 5, 3, 7, 6, 4, 3, 4, 2, 5, 5, 7, 3, 2, 3, 2, 2, 3, 1, 2, 6, 4, 2, 6, 4]
B_0 1.6 B 20 [2, 2, 5, 1, 2, 1, 2, 6, 5, 1, 2, 5, 6, 4, 4, 1, 6, 3, 3, 2, 2, 4, 2, 1, 1, 2, 5, 3, 6, 1, 6, 1, 4, 3, 2, 1, 2, 1, 2, 3] [3, 3, 6, 3, 4, 3, 4, 6, 6, 1, 4, 6, 6, 6, 6, 1, 6, 3, 5, 4, 4, 6, 4, 3, 2, 4, 6, 3, 6, 1, 8, 3, 4, 3, 4, 1, 3, 3, 2, 3]
B_1 2.72 B 21 [1, 2, 6, 3, 3, 4, 2, 5, 5, 3, 6, 6, 1, 1, 1, 6, 3, 3, 3, 1, 4, 6, 6, 2, 5, 3, 4, 1, 6, 2, 2, 6, 6, 3, 6, 5, 5, 1, 3, 6] [1, 3, 6, 3, 4, 4, 4, 5, 5, 4, 7, 8, 2, 3, 3, 8, 3, 4, 4, 3, 6, 8, 6, 3, 6, 5, 6, 3, 6, 4, 2, 7, 7, 5, 7, 6, 6, 1, 4, 8]
B_2 4.03 B 22 [5, 4, 2, 5, 3, 3, 5, 2, 6, 4, 1, 6, 3, 6, 1, 6, 6, 3, 4, 2, 2, 6, 2, 2, 6, 1, 2, 6, 6, 3, 2, 5, 2, 5, 3, 6, 3, 1, 1, 5] [5, 6, 3, 7, 4, 4, 5, 4, 6, 4, 3, 6, 3, 6, 1, 8, 7, 4, 4, 4, 4, 6, 4, 3, 6, 3, 4, 6, 8, 4, 4, 6, 4, 6, 3, 7, 5, 1, 1, 7]
B_3 6.17 B 23 [4, 6, 5, 6, 4, 1, 6, 3, 3, 4, 4, 1, 2, 1, 2, 5, 4, 5, 3, 2, 1, 2, 2, 1, 4, 2, 1, 5, 4, 4, 3, 4, 4, 5, 4, 6, 2, 3, 5, 3] [6, 6, 6, 8, 5, 2, 6, 5, 3, 4, 4, 3, 2, 1, 4, 7, 6, 6, 3, 2, 3, 3, 3, 3, 5, 3, 2, 6, 6, 5, 4, 6, 5, 6, 5, 8, 2, 4, 6, 5]
B_4 7.58 B 24 [1, 2, 6, 4, 1, 6, 5, 2, 1, 6, 5, 4, 3, 3, 5, 5, 2, 3, 4, 5, 1, 5, 6, 4, 4, 6, 6, 1, 6, 3, 4, 5, 4, 2, 2, 4, 4, 4, 4, 3] [1, 3, 8, 4, 2, 8, 7, 2, 1, 7, 5, 6, 3, 3, 7, 7, 2, 5, 4, 5, 2, 6, 6, 5, 5, 6, 8, 2, 8, 3, 4, 6, 5, 4, 3, 6, 6, 5, 5, 4]
B_5 12.86 B 25 [5, 6, 1, 4, 1, 2, 6, 6, 3, 1, 2, 1, 1, 5, 4, 2, 3, 3, 6, 3, 2, 3, 1, 2, 6, 5, 4, 6, 6, 6, 2, 2, 3, 4, 3, 3, 6, 6, 6, 2] [5, 8, 1, 5, 2, 3, 6, 8, 5, 2, 2, 3, 1, 5, 4, 4, 5, 4, 8, 5, 4, 5, 3, 3, 6, 7, 4, 6, 8, 8, 3, 4, 5, 6, 3, 3, 8, 6, 8, 4]
B_6 19.45 B 26 [1, 4, 1, 5, 3, 3, 1, 4, 1, 4, 3, 2, 2, 2, 5, 6, 3, 6, 3, 5, 5, 4, 2, 1, 6, 4, 4, 2, 5, 2, 6, 5, 3, 6, 6, 1, 1, 4, 4, 1] [2, 6, 2, 7, 5, 3, 2, 5, 2, 4, 5, 3, 4, 3, 7, 7, 5, 7, 3, 7, 6, 6, 4, 2, 8, 4, 5, 3, 6, 3, 7, 7, 3, 6, 7, 2, 2, 4, 6, 1]
B_7 21.2 B 27 [2, 6, 1, 2, 6, 4, 2, 2, 5, 3, 2, 3, 3, 3, 2, 3, 3, 1, 5, 3, 3, 1, 6, 5, 1, 6, 2, 2, 3, 5, 2, 6, 5, 4, 3, 4, 5, 4, 5, 1] [2, 7, 3, 3, 8, 4, 4, 4, 6, 4, 2, 5, 4, 4, 4, 5, 4, 1, 6, 3, 3, 3, 6, 6, 2, 6, 3, 2, 5, 5, 3, 6, 6, 4, 3, 6, 6, 4, 6, 1]
B_8 23.27 B 28 [6, 3, 1, 4, 3, 2, 1, 2, 3, 6, 2, 4, 5, 2, 1, 1, 5, 5, 2, 1, 6, 6, 6, 4, 6, 6, 5, 3, 3, 3, 2, 6, 5, 2, 6, 4, 4, 2, 5, 4] [6, 5, 2, 5, 3, 4, 1, 4, 5, 6, 3, 6, 6, 4, 1, 2, 5, 7, 2, 2, 6, 6, 8, 6, 8, 8, 6, 5, 5, 4, 4, 8, 7, 3, 8, 5, 4, 4, 5, 4]
B_9 25.4 B 29 [6, 4, 2, 4, 3, 6, 5, 1, 1, 2, 1, 2, 1, 6, 2, 6, 6, 4, 3, 1, 1, 2, 3, 4, 3, 6, 2, 5, 3, 2, 6, 3, 6, 4, 4, 3, 4, 3, 1, 6] [8, 5, 2, 6, 3, 8, 7, 2, 2, 2, 1, 2, 3, 6, 2, 6, 7, 4, 3, 3, 1, 4, 4, 5, 3, 8, 3, 5, 4, 2, 7, 3, 6, 4, 6, 4, 4, 4, 3, 6]
B_10 28.99 B 30 [6, 3, 3, 5, 2, 2, 5, 5, 4, 2, 5, 6, 6, 6, 1, 4, 5, 3, 4, 1, 6, 2, 2, 3, 4, 2, 6, 2, 2, 6, 5, 2, 1, 4, 3, 6, 5, 4, 4, 6] [8, 5, 5, 6, 3, 4, 5, 7, 4, 3, 7, 7, 7, 8, 3, 4, 7, 3, 5, 2, 8, 2, 4, 4, 4, 3, 7, 3, 4, 7, 5, 3, 2, 4, 5, 7, 5, 6, 5, 8]
B_11 29.99 B 31 [2, 4, 4, 3, 2, 6, 2, 2, 2, 6, 4, 5, 5, 1, 6, 5, 2, 6, 5, 2, 1, 6, 5, 4, 5, 2, 5, 6, 6, 3, 2, 6, 3, 6, 4, 2, 2, 2, 3, 2] [2, 5, 5, 5, 4, 6, 2, 4, 4, 6, 6, 6, 5, 3, 8, 5, 4, 6, 7, 2, 3, 7, 6, 6, 6, 4, 7, 6, 8, 3, 3, 8, 3, 7, 6, 2, 4, 4, 4, 4]
B_12 30.99 B 32 [3, 1, 6, 6, 2, 6, 4, 4, 5, 3, 1, 4, 2, 3, 1, 6, 3, 6, 3, 3, 4, 6, 2, 4, 4, 3, 3, 5, 5, 6, 1, 3, 6, 5, 3, 3, 5, 4, 2, 5] [3, 3, 7, 6, 4, 8, 6, 4, 5, 5, 2, 5, 3, 4, 3, 7, 4, 6, 4, 3, 4, 7, 4, 5, 5, 5, 3, 6, 7, 6, 2, 3, 7, 7, 4, 3, 5, 4, 3, 7]
B_13 33.61 B 33 [6, 1, 1, 3, 1, 4, 1, 6, 2, 3, 5, 3, 5, 2, 6, 4, 1, 4, 5, 1, 3, 3, 5, 5, 2, 4, 6, 4, 2, 4, 4, 6, 5, 5, 6, 2, 4, 2, 6, 5] [6, 3, 1, 4, 2, 5, 3, 7, 4, 4, 7, 4, 7, 4, 7, 4, 3, 5, 7, 1, 3, 5, 6, 6, 4, 6, 6, 4, 3, 4, 4, 7, 7, 5, 6, 3, 6, 4, 6, 7]
B_14 35.35 B 34 [5, 6, 6, 4, 6, 1, 2, 3, 2, 3, 5, 4, 4, 1, 6, 5, 1, 4, 3, 1, 2, 6, 3, 4, 2, 3, 6, 3, 6, 4, 3, 4, 3, 6, 4, 1, 5, 6, 1, 4] [5, 8, 8, 6, 8, 2, 2, 3, 3, 4, 5, 6, 4, 3, 8, 7, 1, 6, 4, 2, 4, 7, 3, 5, 3, 3, 7, 3, 8, 6, 5, 6, 4, 6, 4, 1, 6, 6, 3, 5]
B_15 36.99 B 35 [6, 2, 2, 5, 1, 2, 6, 4, 2, 2, 3, 3, 5, 4, 5, 3, 6, 4, 5, 6, 1, 5, 6, 6, 4, 3, 1, 4, 4, 3, 6, 2, 3, 2, 1, 4, 2, 4, 4, 2] [8, 2, 2, 5, 1, 3, 7, 6, 2, 3, 5, 4, 7, 5, 6, 5, 8, 6, 5, 6, 1, 6, 7, 8, 6, 3, 2, 6, 5, 4, 7, 2, 3, 3, 1, 6, 2, 5, 4, 2]
B_16 39.38 B 36 [1, 3, 4, 4, 3, 6, 2, 4, 1, 6, 6, 2, 4, 5, 2, 3, 1, 2, 6, 2, 2, 5, 3, 2, 4, 6, 1, 5, 4, 4, 5, 2, 5, 4, 5, 2, 6, 3, 3, 5] [1, 5, 6, 4, 4, 8, 4, 6, 3, 6, 8, 4, 4, 6, 4, 5, 1, 4, 8, 4, 3, 6, 5, 2, 6, 8, 2, 6, 4, 4, 5, 4, 5, 6, 6, 2, 8, 4, 5, 6]
B_17 40.38 B 37 [2, 5, 1, 2, 6, 6, 6, 3, 4, 4, 6, 5, 3, 3, 2, 2, 2, 2, 6, 2, 1, 1, 1, 3, 4, 6, 4, 4, 2, 3, 4, 2, 4, 2, 6, 4, 3, 5, 2, 6] [3, 7, 1, 3, 7, 6, 6, 3, 6, 5, 7, 7, 5, 4, 4, 4, 3, 4, 8, 2, 3, 1, 1, 4, 5, 6, 4, 4, 4, 4, 6, 4, 4, 4, 6, 5, 4, 5, 4, 8]
B_18 43.72 B 38 [2, 1, 1, 3, 6, 2, 1, 4, 4, 3, 3, 4, 2, 6, 4, 6, 4, 6, 1, 6, 2, 3, 1, 5, 4, 6, 4, 5, 5, 1, 4, 3, 2, 6, 1, 4, 3, 2, 6, 2] [2, 1, 2, 5, 7, 3, 1, 5, 4, 4, 5, 4, 2, 6, 6, 6, 6, 7, 1, 6, 2, 4, 1, 6, 5, 8, 6, 6, 5, 3, 5, 4, 3, 6, 3, 4, 5, 4, 7, 4]
B_19 44.72 B 39 [4, 5, 2, 3, 6, 2, 1, 3, 4, 3, 2, 4, 2, 5, 3, 2, 2, 1, 5, 2, 3, 6, 5, 3, 3, 2, 1, 1, 4, 6, 6, 2, 5, 5, 4, 2, 5, 6, 2, 3] [5, 5, 3, 5, 8, 3, 2, 5, 4, 5, 4, 4, 4, 6, 3, 4, 3, 1, 7, 4, 3, 8, 7, 5, 4, 4, 1, 1, 4, 6, 8, 4, 7, 7, 5, 2, 6, 8, 4, 4]
