A_0 1 A 0 [2, 2, 4, 3, 5, 3, 6, 3, 2, 2, 6, 4, 2, 3, 2, 3, 3, 3, 3, 5, 6, 4, 6, 3, 5, 2, 6, 6, 6, 4, 5, 2, 2, 4, 3, 1, 6, 3, 5, 4] [3, 2, 5, 4, 6, 4, 6, 4, 3, 4, 6, 6, 4, 5, 4, 4, 4, 4, 5, 5, 6, 4, 6, 4, 5, 3, 8, 6, 6, 5, 6, 2, 2, 4, 3, 1, 8, 5, 5, 5]
A_1 2 A 1 [2, 6, 5, 2, 6, 1, 4, 3, 5, 2, 5, 4, 4, 3, 2, 5, 3, 1, 6, 6, 4, 6, 6, 6, 5, 6, 3, 2, 5, 4, 6, 6, 3, 4, 3, 6, 5, 6, 5, 4] [2, 8, 5, 4, 6, 3, 5, 5, 7, 2, 7, 4, 6, 3, 3, 7, 3, 3, 6, 6, 6, 7, 6, 6, 5, 6, 3, 2, 7, 6, 7, 8, 3, 5, 5, 6, 7, 6, 5, 6]
A_2 4.76 A 2 [4, 5, 5, 6, 3, 6, 1, 4, 3, 4, 5, 4, 6, 5, 5, 5, 3, 5, 5, 3, 6, 5, 2, 6, 3, 4, 4, 2, 4, 3, 1, 1, 1, 5, 5, 2, 1, 1, 6, 1] [5, 5, 5, 7, 4, 8, 1, 6, 4, 5, 6, 5, 6, 5, 5, 6, 5, 5, 5, 5, 6, 6, 2, 7, 3, 6, 4, 3, 5, 5, 1, 1, 2, 6, 6, 4, 2, 3, 8, 2]
A_3 5.76 A 3 [3, 2, 6, 1, 4, 2, 4, 6, 4, 6, 6, 4, 3, 5, 2, 6, 4, 6, 2, 5, 5, 1, 1, 5, 5, 5, 3, 1, 6, 4, 3, 5, 1, 5, 6, 6, 3, 6, 6, 1] [4, 4, 7, 3, 4, 2, 5, 7, 4, 6, 6, 6, 5, 6, 3, 6, 6, 7, 3, 7, 7, 2, 2, 7, 5, 5, 4, 3, 8, 4, 5, 5, 3, 7, 7, 8, 3, 8, 6, 3]
A_4 6.76 A 4 [5, 6, 3, 4, 1, 4, 5, 2, 2, 4, 2, 4, 5, 4, 6, 4, 4, 3, 4, 6, 5, 3, 4, 3, 2, 4, 1, 5, 2, 5, 1, 4, 2, 5, 4, 5, 1, 5, 6, 4] [6, 6, 4, 4, 1, 4, 5, 2, 3, 6, 2, 5, 6, 5, 8, 4, 5, 5, 4, 6, 6, 5, 6, 3, 2, 4, 1, 7, 2, 7, 2, 4, 3, 6, 4, 6, 3, 5, 6, 5]
A_5 7.8999999999999995 A 5 [3, 1, 6, 2, 4, 3, 4, 6, 6, 1, 5, 2, 3, 3, 1, 2, 6, 3, 2, 2, 4, 5, 4, 6, 1, 3, 5, 5, 6, 6, 2, 3, 5, 5, 3, 6, 3, 2, 5, 1] [4, 3, 8, 2, 4, 5, 5, 7, 7, 1, 7, 4, 4, 3, 2, 3, 7, 3, 3, 3, 5, 6, 5, 6, 3, 4, 5, 6, 8, 6, 4, 3, 5, 7, 3, 6, 4, 3, 6, 1]
A_6 8.899999999999999 A 6 [6, 4, 1, 4, 5, 4, 1, 6, 3, 3, 5, 3, 6, 6, 2, 6, 4, 3, 4, 6, 1, 6, 1, 4, 6, 3, 5, 1, 1, 4, 4, 5, 2, 6, 2, 6, 3, 4, 5, 6] [6, 5, 1, 5, 5, 5, 1, 7, 4, 4, 6, 5, 6, 6, 4, 8, 5, 4, 6, 8, 2, 8, 2, 5, 8, 3, 6, 2, 3, 6, 4, 5, 3, 6, 2, 8, 3, 5, 6, 6]
A_7 11.049999999999999 A 7 [3, 3, 4, 6, 2, 6, 6, 4, 2, 6, 5, 3, 1, 2, 4, 3, 6, 2, 5, 6, 5, 6, 5, 1, 3, 1, 1, 6, 1, 1, 5, 6, 2, 3, 2, 2, 4, 6, 6, 4] [4, 5, 6, 7, 2, 7, 7, 6, 3, 7, 7, 4, 1, 3, 4, 3, 7, 2, 6, 6, 7, 6, 6, 2, 4, 2, 3, 8, 3, 1, 7, 7, 4, 4, 2, 3, 4, 6, 6, 4]
A_8 15.419999999999998 A 8 [2, 5, 3, 4, 2, 6, 3, 2, 2, 6, 3, 2, 3, 5, 6, 5, 3, 3, 3, 5, 1, 5, 3, 4, 2, 3, 6, 3, 2, 6, 1, 1, 4, 3, 3, 1, 4, 5, 1, 2] [3, 7, 4, 4, 3, 7, 4, 3, 2, 8, 4, 3, 5, 7, 6, 6, 4, 3, 5, 6, 1, 6, 5, 4, 4, 3, 8, 5, 4, 7, 3, 3, 4, 4, 3, 2, 4, 5, 1, 2]
A_9 16.47 A 9 [2, 2, 4, 6, 4, 1, 3, 6, 6, 4, 3, 6, 4, 1, 4, 1, 4, 5, 2, 5, 1, 6, 1, 2, 3, 5, 4, 5, 3, 5, 4, 5, 2, 4, 2, 4, 3, 6, 1, 3] [4, 2, 5, 6, 6, 1, 4, 7, 8, 6, 4, 7, 5, 3, 5, 2, 4, 6, 2, 7, 2, 7, 3, 3, 3, 6, 5, 5, 4, 7, 6, 6, 2, 4, 4, 4, 4, 7, 2, 5]
A_10 17.47 A 10 [6, 5, 5, 6, 2, 5, 5, 5, 3, 3, 3, 5, 6, 4, 3, 5, 1, 4, 5, 3, 1, 4, 5, 1, 4, 6, 6, 4, 4, 4, 1, 3, 4, 1, 1, 2, 6, 1, 6, 2] [6, 7, 6, 6, 2, 7, 6, 7, 4, 4, 4, 6, 7, 4, 5, 6, 2, 4, 5, 3, 2, 5, 6, 3, 4, 8, 7, 6, 5, 6, 1, 4, 4, 1, 3, 2, 8, 3, 8, 3]
A_11 18.84 A 11 [4, 4, 4, 4, 4, 2, 3, 3, 2, 6, 5, 2, 2, 2, 3, 4, 4, 3, 2, 5, 3, 6, 5, 1, 5, 6, 1, 5, 3, 5, 3, 1, 1, 4, 5, 6, 3, 4, 1, 6] [6, 4, 5, 6, 5, 4, 5, 4, 3, 7, 6, 4, 4, 2, 5, 4, 4, 3, 2, 5, 3, 6, 7, 2, 7, 8, 1, 5, 5, 5, 5, 1, 1, 6, 7, 7, 3, 6, 3, 7]
A_12 23.4 A 12 [2, 4, 6, 3, 5, 3, 6, 1, 3, 4, 6, 2, 5, 3, 4, 6, 5, 5, 2, 2, 3, 2, 6, 2, 1, 3, 3, 1, 3, 4, 2, 3, 6, 4, 5, 3, 5, 6, 6, 3] [4, 6, 6, 5, 6, 4, 6, 1, 5, 5, 7, 4, 5, 3, 5, 7, 7, 7, 3, 4, 4, 2, 8, 3, 3, 4, 4, 2, 4, 5, 2, 5, 7, 4, 6, 4, 7, 6, 6, 4]
A_13 24.4 A 13 [3, 3, 5, 5, 4, 3, 6, 2, 5, 1, 4, 2, 3, 3, 6, 4, 6, 4, 2, 1, 2, 1, 6, 5, 3, 6, 3, 6, 3, 6, 3, 6, 2, 3, 6, 1, 4, 1, 4, 2] [5, 3, 5, 6, 5, 3, 6, 3, 7, 3, 4, 2, 3, 4, 7, 5, 6, 6, 4, 1, 3, 1, 7, 6, 5, 7, 3, 7, 4, 6, 5, 6, 2, 4, 8, 3, 4, 2, 4, 4]
A_14 27.95 A 14 [2, 2, 5, 2, 6, 1, 2, 4, 6, 4, 3, 3, 4, 6, 4, 3, 2, 3, 5, 1, 5, 5, 1, 3, 5, 5, 4, 4, 4, 5, 2, 1, 2, 2, 6, 5, 3, 1, 5, 3] [4, 3, 5, 3, 8, 2, 4, 4, 6, 5, 5, 5, 5, 7, 5, 4, 3, 3, 6, 2, 5, 5, 2, 5, 5, 7, 5, 4, 6, 6, 2, 3, 4, 4, 6, 6, 3, 3, 6, 3]
A_15 29.91 A 15 [3, 5, 5, 6, 4, 2, 6, 3, 5, 1, 5, 4, 6, 4, 3, 3, 2, 5, 4, 5, 4, 5, 1, 1, 6, 6, 4, 2, 3, 3, 4, 5, 4, 4, 5, 3, 4, 6, 2, 2] [4, 7, 6, 6, 4, 3, 8, 3, 6, 2, 6, 4, 7, 5, 4, 3, 3, 6, 4, 7, 6, 7, 3, 2, 8, 8, 4, 2, 3, 5, 6, 5, 4, 5, 6, 3, 4, 7, 4, 4]
A_16 30.91 A 16 [3, 3, 3, 4, 4, 6, 4, 6, 3, 4, 1, 4, 5, 6, 2, 2, 1, 1, 4, 2, 3, 3, 4, 6, 6, 1, 3, 1, 5, 4, 1, 3, 6, 5, 3, 2, 5, 2, 4, 4] [4, 3, 5, 6, 5, 7, 5, 7, 4, 4, 2, 4, 7, 6, 3, 3, 1, 2, 4, 2, 5, 3, 5, 7, 7, 2, 3, 1, 6, 6, 3, 4, 8, 6, 3, 4, 6, 2, 5, 5]
A_17 31.91 A 17 [3, 1, 5, 6, 3, 3, 3, 2, 3, 5, 4, 3, 5, 4, 3, 5, 1, 5, 3, 3, 2, 1, 5, 4, 2, 3, 5, 5, 6, 1, 1, 3, 6, 4, 6, 6, 3, 6, 5, 6] [4, 3, 5, 7, 5, 3, 4, 2, 3, 6, 4, 3, 7, 6, 3, 6, 2, 7, 3, 4, 4, 1, 5, 4, 4, 4, 6, 6, 8, 1, 3, 4, 6, 4, 6, 6, 5, 8, 5, 7]
A_18 35.0 A 18 [3, 6, 5, 2, 4, 2, 4, 5, 3, 2, 5, 2, 2, 2, 5, 4, 4, 3, 3, 2, 1, 1, 5, 4, 1, 3, 6, 1, 2, 6, 2, 5, 6, 6, 3, 1, 4, 6, 4, 2] [5, 6, 5, 3, 4, 3, 6, 6, 5, 2, 5, 2, 3, 4, 6, 4, 4, 3, 4, 2, 3, 3, 6, 6, 3, 4, 6, 3, 4, 8, 3, 6, 7, 7, 4, 1, 6, 7, 4, 3]
A_19 36.0 A 19 [5, 6, 3, 5, 6, 2, 6, 6, 5, 5, 3, 5, 2, 1, 1, 5, 2, 3, 2, 4, 5, 3, 5, 6, 2, 5, 6, 1, 3, 1, 3, 5, 2, 2, 1, 5, 6, 6, 3, 1] [5, 6, 5, 7, 6, 3, 8, 6, 6, 7, 3, 5, 4, 1, 2, 7, 2, 4, 2, 4, 6, 5, 5, 7, 2, 6, 7, 3, 3, 2, 5, 5, 2, 2, 2, 5, 7, 6, 5, 3]
B_0 2.23 B 20 [6, 4, 6, 5, 5, 4, 1, 5, 1, 1, 1, 3, 3, 2, 5, 4, 3, 2, 1, 5, 3, 5, 6, 6, 6, 1, 3, 4, 1, 3, 6, 1, 3, 3, 5, 2, 4, 2, 5, 4] [6, 6, 6, 7, 6, 5, 2, 7, 1, 2, 2, 3, 4, 3, 5, 6, 5, 4, 3, 6, 4, 6, 6, 8, 7, 2, 3, 5, 2, 4, 8, 1, 3, 4, 7, 4, 4, 2, 7, 4]
B_1 3.23 B 21 [4, 6, 5, 1, 3, 5, 6, 6, 5, 6, 4, 6, 2, 1, 5, 5, 3, 1, 1, 3, 5, 6, 5, 5, 6, 1, 5, 4, 1, 4, 1, 5, 4, 6, 2, 4, 4, 2, 3, 6] [4, 7, 6, 2, 5, 6, 8, 6, 6, 7, 5, 6, 2, 1, 5, 7, 3, 1, 3, 5, 6, 7, 7, 7, 8, 1, 6, 4, 2, 6, 2, 5, 4, 7, 3, 6, 6, 4, 5, 6]
B_2 4.23 B 22 [6, 6, 2, 1, 4, 4, 1, 5, 3, 1, 5, 5, 6, 6, 1, 1, 4, 5, 5, 5, 6, 5, 3, 6, 4, 1, 5, 2, 1, 3, 2, 5, 6, 5, 2, 6, 2, 1, 6, 6] [6, 6, 2, 2, 6, 5, 2, 6, 5, 3, 6, 7, 8, 7, 2, 3, 5, 5, 6, 5, 6, 7, 3, 8, 6, 2, 5, 4, 2, 3, 2, 6, 8, 6, 4, 7, 4, 1, 6, 7]
B_3 13.76 B 23 [3, 6, 6, 5, 3, 6, 4, 1, 4, 2, 1, 1, 2, 5, 3, 1, 6, 4, 4, 6, 6, 5, 6, 3, 4, 4, 3, 6, 6, 1, 1, 4, 3, 6, 6, 3, 4, 1, 1, 3] [4, 6, 7, 7, 3, 6, 5, 2, 4, 3, 3, 2, 3, 6, 5, 2, 7, 4, 6, 7, 8, 7, 8, 5, 6, 4, 4, 7, 6, 1, 2, 6, 5, 6, 6, 3, 6, 1, 3, 4]
B_4 15.03 B 24 [5, 5, 3, 5, 2, 1, 6, 3, 2, 3, 4, 5, 1, 3, 5, 6, 6, 2, 1, 2, 6, 6, 4, 4, 3, 3, 1, 1, 1, 5, 4, 3, 6, 4, 1, 4, 4, 5, 3, 5] [5, 5, 3, 5, 2, 3, 8, 4, 4, 3, 4, 7, 3, 5, 5, 8, 7, 4, 3, 2, 7, 8, 6, 6, 3, 4, 1, 1, 2, 7, 5, 4, 6, 5, 2, 6, 4, 7, 5, 6]
B_5 16.03 B 25 [2, 6, 4, 5, 4, 3, 3, 1, 3, 5, 6, 6, 3, 6, 5, 6, 1, 3, 3, 5, 1, 1, 1, 4, 3, 5, 6, 2, 5, 4, 6, 2, 5, 3, 3, 2, 6, 2, 6, 5] [3, 6, 6, 5, 4, 4, 3, 2, 3, 6, 8, 8, 4, 7, 7, 8, 2, 4, 4, 6, 2, 1, 2, 4, 4, 7, 6, 2, 6, 4, 6, 2, 7, 4, 5, 4, 8, 4, 7, 5]
B_6 17.66 B 26 [6, 3, 4, 3, 1, 5, 5, 1, 6, 4, 6, 1, 3, 3, 4, 4, 3, 5, 6, 6, 3, 5, 5, 3, 1, 6, 3, 4, 4, 2, 2, 4, 3, 2, 4, 5, 3, 6, 5, 5] [8, 3, 4, 4, 1, 5, 6, 3, 8, 5, 7, 1, 4, 3, 5, 4, 3, 6, 6, 7, 3, 6, 5, 4, 1, 6, 5, 5, 4, 4, 4, 6, 3, 4, 5, 6, 4, 6, 5, 6]
B_7 18.66 B 27 [6, 2, 2, 1, 5, 5, 1, 6, 3, 5, 4, 5, 1, 6, 4, 2, 1, 5, 1, 1, 4, 4, 2, 6, 1, 2, 4, 4, 1, 6, 2, 2, 3, 6, 1, 6, 5, 1, 1, 3] [6, 2, 3, 3, 7, 6, 2, 8, 5, 5, 6, 5, 2, 7, 4, 2, 1, 6, 3, 3, 5, 4, 4, 7, 1, 2, 5, 6, 1, 7, 2, 4, 5, 8, 3, 6, 7, 1, 1, 5]
B_8 20.75 B 28 [6, 5, 4, 6, 2, 6, 1, 1, 2, 3, 4, 3, 3, 3, 4, 3, 5, 6, 2, 3, 1, 1, 1, 6, 1, 5, 4, 1, 5, 4, 3, 1, 3, 2, 2, 4, 1, 3, 6, 6] [6, 7, 5, 8, 2, 8, 3, 3, 4, 4, 5, 5, 4, 4, 6, 3, 6, 8, 4, 3, 2, 2, 2, 6, 2, 6, 4, 1, 6, 5, 4, 1, 4, 3, 2, 4, 3, 4, 8, 6]
B_9 26.08 B 29 [4, 4, 3, 4, 5, 6, 4, 1, 6, 5, 4, 5, 4, 6, 5, 3, 4, 1, 6, 1, 3, 4, 3, 1, 5, 4, 2, 6, 4, 5, 4, 4, 1, 5, 6, 3, 3, 4, 3, 2] [5, 6, 5, 4, 7, 6, 6, 1, 7, 7, 6, 5, 5, 6, 6, 5, 6, 1, 8, 2, 4, 6, 3, 1, 7, 4, 4, 7, 5, 5, 4, 5, 1, 5, 8, 4, 3, 6, 5, 3]
B_10 30.169999999999998 B 30 [5, 6, 1, 3, 1, 2, 4, 5, 1, 4, 1, 3, 2, 3, 2, 4, 1, 1, 2, 3, 6, 1, 2, 1, 4, 6, 2, 2, 3, 4, 1, 4, 4, 6, 1, 1, 6, 4, 1, 4] [6, 7, 1, 5, 2, 4, 4, 7, 3, 6, 1, 5, 2, 5, 2, 6, 3, 3, 3, 5, 8, 2, 2, 2, 5, 6, 4, 2, 4, 4, 3, 6, 6, 6, 2, 2, 7, 5, 2, 4]
B_11 31.169999999999998 B 31 [2, 6, 1, 5, 4, 3, 5, 6, 1, 5, 3, 1, 3, 6, 1, 5, 3, 3, 5, 5, 1, 5, 5, 4, 3, 2, 4, 2, 1, 4, 4, 4, 1, 5, 1, 3, 6, 2, 6, 1] [2, 8, 1, 5, 4, 3, 5, 7, 3, 6, 4, 1, 5, 6, 3, 5, 4, 4, 6, 5, 1, 5, 6, 6, 4, 2, 6, 4, 1, 5, 6, 4, 2, 5, 3, 4, 8, 2, 6, 2]
B_12 34.92 B 32 [2, 3, 1, 1, 2, 5, 2, 2, 4, 2, 4, 1, 6, 2, 2, 4, 6, 6, 6, 2, 3, 4, 6, 3, 6, 5, 3, 3, 3, 1, 4, 1, 3, 3, 5, 1, 3, 6, 4, 6] [2, 3, 2, 3, 3, 5, 3, 4, 4, 2, 4, 1, 7, 2, 4, 4, 8, 6, 7, 2, 3, 4, 8, 5, 6, 7, 3, 5, 4, 1, 6, 2, 3, 3, 6, 1, 4, 8, 6, 6]
B_13 35.92 B 33 [4, 4, 5, 5, 5, 5, 6, 3, 3, 4, 1, 4, 4, 3, 2, 4, 5, 4, 6, 2, 3, 6, 5, 6, 4, 3, 2, 6, 2, 5, 6, 5, 3, 2, 4, 4, 6, 4, 4, 6] [4, 5, 6, 7, 6, 7, 6, 4, 4, 4, 1, 6, 4, 4, 4, 5, 6, 4, 7, 2, 4, 7, 6, 6, 5, 4, 4, 8, 3, 5, 6, 5, 3, 3, 4, 5, 6, 5, 5, 8]
B_14 36.92 B 34 [3, 3, 5, 6, 4, 3, 2, 2, 3, 2, 1, 5, 5, 6, 6, 5, 3, 6, 3, 1, 5, 2, 2, 6, 1, 3, 4, 1, 2, 6, 1, 1, 5, 4, 3, 4, 3, 6, 5, 1] [3, 5, 6, 7, 4, 3, 2, 2, 3, 4, 3, 7, 6, 8, 6, 6, 3, 6, 4, 2, 7, 3, 4, 6, 2, 5, 5, 3, 2, 8, 2, 3, 6, 4, 4, 6, 5, 6, 5, 2]
B_15 37.92 B 35 [1, 6, 2, 6, 5, 6, 6, 2, 1, 4, 2, 6, 3, 1, 5, 3, 2, 6, 1, 5, 2, 4, 6, 3, 4, 2, 5, 6, 4, 3, 1, 3, 1, 4, 4, 6, 6, 5, 4, 4] [1, 6, 4, 8, 6, 6, 8, 3, 2, 4, 2, 7, 4, 3, 6, 3, 4, 6, 1, 5, 4, 6, 7, 3, 6, 4, 6, 6, 4, 4, 2, 4, 1, 5, 6, 7, 7, 7, 4, 5]
B_16 39.33 B 36 [6, 5, 1, 3, 1, 3, 3, 4, 4, 3, 6, 3, 5, 4, 3, 4, 5, 3, 4, 6, 4, 4, 2, 4, 4, 6, 3, 5, 1, 3, 6, 6, 3, 6, 3, 6, 3, 3, 2, 1] [8, 7, 2, 3, 3, 4, 3, 4, 4, 4, 8, 3, 7, 4, 3, 4, 6, 5, 6, 7, 4, 6, 4, 6, 4, 8, 4, 7, 3, 3, 7, 8, 4, 6, 5, 7, 3, 3, 3, 1]
B_17 41.94 B 37 [3, 6, 1, 6, 5, 2, 4, 6, 5, 6, 1, 4, 6, 1, 1, 6, 2, 6, 6, 6, 2, 2, 1, 1, 5, 2, 6, 1, 3, 4, 4, 2, 6, 4, 6, 5, 3, 1, 6, 4] [5, 6, 3, 8, 5, 3, 5, 6, 5, 7, 3, 6, 6, 2, 3, 7, 2, 8, 7, 6, 2, 4, 1, 1, 7, 4, 6, 1, 4, 6, 5, 2, 8, 5, 6, 7, 3, 2, 6, 6]
B_18 42.94 B 38 [5, 5, 6, 6, 6, 5, 5, 6, 1, 1, 6, 1, 6, 4, 5, 2, 4, 5, 4, 3, 5, 3, 6, 1, 3, 6, 5, 1, 6, 3, 1, 6, 4, 4, 5, 4, 2, 6, 4, 6] [5, 5, 8, 6, 6, 6, 6, 6, 1, 2, 8, 3, 6, 4, 6, 4, 5, 5, 4, 5, 7, 5, 6, 3, 5, 7, 5, 1, 8, 5, 2, 6, 6, 5, 5, 4, 3, 6, 5, 6]
B_19 45.43 B 39 [4, 4, 1, 1, 4, 1, 6, 4, 2, 3, 2, 6, 3, 2, 3, 2, 4, 6, 2, 1, 4, 6, 6, 3, 5, 5, 5, 3, 6, 2, 4, 1, 6, 6, 1, 4, 1, 4, 6, 1] [5, 6, 2, 3, 5, 1, 6, 4, 2, 5, 3, 7, 4, 4, 3, 4, 5, 7, 3, 3, 4, 6, 7, 4, 6, 5, 6, 5, 6, 3, 4, 2, 6, 8, 2, 5, 1, 6, 6, 3]
