A_0 1.87 A 0 [2, 3, 6, 3, 4, 6, 3, 5, 6, 3, 6, 4, 6, 4, 1, 6, 2, 4, 6, 6, 1, 6, 6, 6, 2, 1, 2, 6, 6, 5, 2, 6, 1, 6, 5, 4, 1, 5, 2, 4] [2, 4, 8, 4, 5, 6, 4, 5, 6, 4, 8, 5, 7, 6, 1, 8, 2, 4, 7, 7, 1, 8, 8, 7, 2, 1, 4, 6, 6, 7, 4, 6, 2, 7, 5, 6, 2, 7, 3, 4]
A_1 2.87 A 1 [3, 3, 2, 3, 2, 1, 3, 1, 6, 5, 2, 3, 6, 6, 3, 4, 4, 5, 2, 5, 6, 5, 4, 5, 5, 1, 4, 4, 2, 4, 2, 4, 1, 5, 6, 6, 2, 2, 6, 3] [4, 3, 3, 5, 4, 2, 5, 3, 6, 5, 3, 4, 7, 7, 4, 4, 6, 5, 2, 6, 6, 5, 6, 6, 6, 3, 4, 4, 4, 5, 4, 6, 3, 7, 7, 8, 2, 2, 6, 4]
A_2 3.87 A 2 [6, 2, 1, 4, 5, 1, 6, 4, 5, 4, 4, 5, 5, 1, 6, 3, 3, 2, 3, 5, 5, 2, 1, 1, 6, 1, 4, 5, 6, 1, 1, 1, 5, 3, 6, 6, 4, 2, 4, 3] [8, 3, 3, 4, 7, 2, 8, 4, 5, 6, 5, 5, 7, 3, 6, 3, 5, 2, 3, 6, 6, 4, 3, 1, 8, 1, 5, 7, 6, 3, 2, 3, 5, 3, 7, 7, 5, 4, 4, 3]
A_3 5.220000000000001 A 3 [3, 3, 4, 5, 1, 5, 5, 4, 2, 4, 6, 6, 5, 5, 4, 3, 1, 2, 3, 4, 2, 1, 1, 2, 4, 5, 5, 2, 5, 4, 4, 3, 1, 2, 3, 4, 1, 6, 2, 1] [4, 5, 4, 5, 2, 5, 6, 5, 4, 5, 8, 7, 7, 7, 5, 3, 1, 4, 5, 6, 3, 3, 1, 3, 4, 6, 6, 2, 5, 4, 4, 3, 3, 3, 3, 4, 1, 8, 3, 3]
A_4 6.220000000000001 A 4 [4, 2, 5, 1, 5, 2, 6, 1, 1, 4, 5, 5, 5, 2, 5, 6, 5, 6, 3, 3, 3, 4, 1, 2, 1, 4, 1, 3, 4, 3, 5, 1, 3, 5, 1, 5, 2, 5, 5, 6] [5, 4, 7, 2, 5, 2, 8, 3, 2, 6, 7, 6, 7, 4, 7, 7, 6, 6, 5, 5, 3, 4, 1, 3, 3, 5, 2, 5, 6, 5, 5, 3, 5, 6, 2, 5, 3, 6, 7, 6]
A_5 7.220000000000001 A 5 [6, 1, 1, 5, 2, 6, 4, 6, 6, 4, 1, 6, 3, 3, 4, 3, 1, 2, 4, 4, 3, 5, 5, 4, 6, 3, 3, 6, 5, 2, 4, 1, 3, 2, 1, 1, 6, 6, 5, 3] [6, 2, 2, 5, 2, 8, 4, 8, 6, 5, 2, 6, 4, 4, 4, 3, 2, 3, 6, 6, 5, 5, 7, 4, 8, 3, 4, 7, 7, 2, 4, 3, 4, 2, 3, 3, 7, 8, 7, 3]
A_6 9.350000000000001 A 6 [3, 3, 6, 5, 6, 4, 2, 4, 4, 6, 5, 4, 6, 2, 2, 1, 2, 2, 6, 2, 4, 5, 3, 3, 4, 6, 3, 4, 2, 1, 3, 3, 4, 6, 3, 2, 2, 5, 6, 3] [4, 5, 8, 6, 8, 4, 3, 6, 4, 8, 6, 6, 8, 4, 3, 2, 3, 3, 8, 2, 5, 5, 3, 3, 4, 8, 5, 6, 3, 2, 3, 5, 4, 7, 5, 4, 2, 5, 8, 3]
A_7 10.350000000000001 A 7 [5, 1, 4, 4, 1, 6, 4, 3, 4, 3, 6, 3, 4, 4, 6, 5, 3, 5, 5, 1, 2, 2, 3, 1, 3, 6, 6, 1, 5, 5, 6, 4, 2, 1, 1, 6, 4, 4, 1, 6] [5, 3, 4, 5, 3, 8, 6, 4, 6, 3, 7, 4, 4, 5, 8, 7, 4, 5, 5, 2, 4, 2, 5, 1, 3, 8, 7, 1, 7, 7, 6, 5, 2, 2, 2, 8, 5, 4, 2, 6]
A_8 12.020000000000001 A 8 [6, 6, 5, 2, 1, 6, 4, 4, 3, 3, 3, 2, 6, 2, 3, 3, 3, 6, 4, 2, 2, 3, 1, 1, 2, 6, 4, 3, 2, 6, 1, 6, 3, 5, 2, 5, 1, 2, 2, 6] [6, 6, 5, 4, 2, 6, 4, 6, 5, 3, 4, 3, 7, 4, 5, 4, 4, 8, 5, 3, 4, 4, 3, 2, 2, 8, 4, 5, 4, 6, 2, 8, 4, 7, 2, 5, 2, 4, 4, 7]
A_9 13.600000000000001 A 9 [3, 5, 4, 4, 4, 4, 6, 3, 3, 6, 1, 3, 5, 4, 5, 6, 1, 3, 2, 6, 2, 4, 5, 6, 2, 5, 3, 5, 5, 3, 5, 5, 1, 4, 1, 3, 5, 1, 2, 4] [4, 5, 6, 5, 6, 5, 8, 3, 3, 6, 3, 5, 7, 6, 5, 7, 1, 5, 4, 6, 4, 5, 7, 7, 4, 7, 3, 6, 7, 5, 7, 7, 2, 6, 3, 4, 7, 3, 4, 4]
A_10 14.600000000000001 A 10 [6, 2, 4, 6, 5, 1, 5, 6, 3, 1, 2, 5, 3, 1, 1, 3, 3, 1, 2, 5, 1, 1, 3, 6, 5, 6, 3, 1, 3, 6, 4, 5, 4, 3, 4, 4, 1, 4, 6, 2] [8, 3, 5, 8, 7, 2, 6, 7, 4, 3, 3, 5, 4, 1, 3, 4, 3, 1, 3, 7, 1, 3, 5, 6, 6, 6, 3, 2, 3, 6, 6, 6, 4, 3, 5, 5, 2, 5, 7, 4]
A_11 15.600000000000001 A 11 [4, 3, 5, 6, 5, 6, 4, 3, 2, 3, 5, 2, 5, 3, 4, 5, 5, 3, 1, 4, 4, 6, 4, 3, 4, 4, 6, 2, 5, 6, 4, 4, 3, 5, 4, 3, 1, 6, 3, 3] [5, 4, 5, 7, 6, 6, 6, 4, 3, 5, 5, 3, 5, 5, 6, 7, 6, 4, 1, 4, 5, 7, 6, 3, 4, 4, 7, 2, 5, 7, 5, 4, 3, 6, 5, 3, 1, 7, 5, 3]
A_12 17.330000000000002 A 12 [6, 6, 5, 5, 5, 3, 6, 4, 6, 5, 3, 5, 3, 1, 3, 6, 2, 2, 6, 5, 1, 3, 5, 3, 6, 6, 6, 1, 2, 4, 1, 2, 3, 2, 1, 3, 1, 5, 1, 6] [7, 7, 7, 7, 7, 4, 8, 4, 7, 7, 4, 5, 3, 3, 5, 6, 4, 3, 6, 7, 3, 3, 6, 3, 8, 8, 8, 3, 3, 5, 1, 4, 5, 3, 3, 3, 2, 6, 1, 8]
A_13 18.330000000000002 A 13 [4, 6, 1, 5, 2, 3, 2, 4, 2, 4, 1, 3, 1, 4, 4, 5, 2, 1, 6, 4, 6, 1, 5, 5, 4, 1, 5, 1, 1, 1, 2, 1, 5, 2, 2, 2, 6, 6, 4, 6] [6, 7, 3, 7, 4, 4, 4, 5, 4, 6, 1, 5, 3, 5, 4, 5, 3, 1, 6, 4, 8, 1, 6, 6, 4, 2, 5, 2, 3, 2, 4, 1, 6, 2, 3, 2, 8, 8, 4, 7]
A_14 20.82 A 14 [1, 3, 6, 4, 5, 4, 2, 6, 3, 5, 1, 4, 3, 4, 5, 6, 1, 2, 5, 3, 4, 6, 1, 3, 5, 1, 6, 6, 5, 1, 2, 5, 2, 5, 5, 4, 3, 6, 1, 6] [1, 4, 6, 5, 7, 4, 3, 8, 5, 5, 3, 6, 5, 4, 5, 6, 1, 4, 7, 3, 6, 8, 2, 3, 6, 1, 6, 8, 5, 2, 3, 6, 4, 5, 6, 6, 3, 8, 1, 7]
A_15 24.94 A 15 [6, 4, 3, 3, 6, 3, 1, 5, 3, 6, 3, 5, 6, 5, 6, 3, 4, 5, 5, 5, 4, 2, 4, 1, 5, 5, 2, 1, 6, 4, 4, 5, 2, 5, 4, 1, 5, 1, 4, 3] [8, 4, 3, 3, 7, 3, 2, 7, 4, 7, 4, 7, 6, 5, 6, 5, 6, 7, 7, 6, 4, 2, 5, 1, 6, 7, 4, 2, 7, 5, 4, 7, 2, 5, 4, 3, 5, 2, 5, 4]
A_16 25.94 A 16 [2, 4, 3, 1, 5, 1, 2, 3, 3, 1, 3, 5, 2, 2, 1, 4, 3, 3, 2, 1, 2, 1, 6, 2, 2, 4, 5, 1, 3, 6, 5, 4, 4, 3, 2, 3, 3, 2, 3, 6] [2, 6, 5, 1, 6, 2, 3, 4, 4, 1, 3, 6, 4, 3, 1, 6, 5, 3, 4, 1, 3, 1, 7, 3, 2, 5, 5, 3, 4, 7, 7, 6, 4, 5, 4, 5, 4, 4, 3, 6]
A_17 27.810000000000002 A 17 [4, 5, 2, 2, 6, 2, 2, 5, 6, 3, 1, 3, 2, 1, 2, 5, 3, 6, 6, 4, 6, 3, 3, 2, 2, 3, 2, 2, 6, 2, 4, 2, 2, 2, 2, 2, 3, 6, 1, 6] [4, 5, 2, 4, 6, 3, 3, 5, 8, 5, 1, 4, 3, 1, 4, 7, 3, 8, 8, 5, 7, 3, 3, 4, 4, 5, 4, 4, 6, 2, 4, 2, 4, 4, 4, 2, 3, 6, 2, 8]
A_18 33.21 A 18 [6, 2, 3, 3, 3, 4, 6, 5, 4, 2, 2, 1, 6, 6, 5, 5, 2, 6, 2, 3, 5, 3, 1, 2, 4, 2, 1, 3, 4, 6, 1, 2, 3, 5, 5, 6, 2, 4, 3, 6] [7, 2, 3, 5, 5, 6, 8, 5, 5, 4, 3, 1, 6, 6, 7, 7, 4, 8, 4, 3, 6, 3, 3, 4, 4, 4, 3, 5, 4, 8, 3, 2, 3, 5, 7, 7, 4, 5, 4, 8]
A_19 37.44 A 19 [6, 5, 5, 4, 3, 4, 2, 1, 2, 6, 5, 4, 5, 4, 3, 5, 1, 4, 3, 6, 3, 1, 1, 1, 4, 3, 1, 3, 5, 6, 4, 5, 5, 4, 6, 1, 6, 2, 4, 4] [7, 6, 6, 6, 5, 6, 2, 2, 3, 6, 7, 4, 7, 4, 3, 6, 1, 5, 3, 7, 5, 3, 1, 1, 4, 3, 3, 4, 5, 8, 6, 7, 5, 5, 6, 3, 6, 4, 4, 6]
B_0 1 B 20 [1, 6, 5, 2, 3, 3, 4, 2, 2, 2, 1, 4, 1, 6, 4, 4, 2, 6, 5, 3, 5, 4, 2, 3, 2, 6, 5, 3, 6, 3, 3, 6, 2, 4, 6, 2, 3, 6, 4, 3] [1, 6, 6, 3, 3, 5, 5, 4, 4, 4, 1, 5, 3, 8, 6, 4, 3, 7, 6, 5, 6, 5, 4, 5, 3, 7, 5, 5, 6, 4, 3, 8, 3, 5, 8, 4, 5, 6, 4, 4]
B_1 2 B 21 [6, 5, 2, 1, 4, 5, 5, 2, 3, 4, 1, 6, 3, 1, 6, 2, 1, 3, 3, 1, 4, 3, 5, 5, 4, 6, 2, 1, 5, 1, 3, 2, 5, 6, 4, 2, 1, 3, 3, 1] [8, 5, 4, 3, 4, 5, 5, 2, 4, 5, 3, 7, 3, 1, 8, 2, 1, 3, 3, 3, 5, 4, 6, 7, 5, 8, 2, 3, 5, 3, 4, 2, 7, 6, 6, 3, 2, 3, 4, 3]
B_2 4.51 B 22 [6, 4, 1, 1, 1, 5, 3, 3, 1, 5, 3, 4, 5, 5, 1, 4, 6, 3, 1, 1, 2, 5, 4, 6, 6, 4, 3, 5, 1, 4, 2, 4, 4, 6, 4, 6, 6, 4, 3, 1] [8, 6, 3, 1, 1, 7, 3, 5, 3, 7, 5, 6, 6, 6, 2, 5, 7, 3, 3, 1, 4, 6, 6, 8, 6, 6, 3, 7, 1, 6, 3, 6, 5, 7, 6, 7, 8, 5, 3, 1]
B_3 5.51 B 23 [6, 5, 1, 2, 2, 4, 3, 1, 1, 6, 6, 3, 3, 5, 3, 1, 2, 2, 2, 1, 3, 5, 6, 1, 2, 4, 3, 3, 4, 1, 1, 6, 4, 5, 6, 3, 2, 6, 5, 1] [7, 6, 1, 3, 3, 4, 3, 1, 2, 7, 6, 3, 3, 6, 3, 1, 3, 4, 4, 1, 5, 7, 8, 2, 4, 6, 3, 5, 6, 3, 2, 8, 6, 5, 7, 4, 4, 7, 5, 1]
B_4 6.51 B 24 [2, 5, 6, 4, 1, 6, 4, 3, 2, 2, 5, 4, 6, 4, 5, 5, 2, 2, 4, 4, 2, 4, 6, 2, 6, 2, 4, 6, 6, 3, 1, 1, 5, 2, 4, 6, 3, 2, 2, 5] [2, 6, 8, 4, 3, 8, 4, 3, 2, 4, 6, 4, 8, 4, 6, 6, 2, 4, 4, 4, 3, 5, 6, 4, 7, 2, 5, 6, 6, 4, 1, 3, 6, 3, 5, 6, 4, 2, 3, 5]
B_5 10.39 B 25 [1, 1, 1, 5, 4, 3, 6, 6, 6, 5, 6, 4, 6, 1, 1, 5, 4, 3, 2, 3, 6, 6, 4, 4, 2, 4, 4, 6, 2, 4, 4, 6, 2, 3, 2, 1, 5, 6, 3, 2] [1, 3, 1, 6, 5, 3, 8, 8, 8, 7, 6, 4, 8, 2, 1, 7, 5, 5, 4, 3, 7, 8, 6, 6, 2, 6, 5, 7, 3, 6, 5, 6, 3, 4, 3, 3, 7, 8, 3, 3]
B_6 11.39 B 26 [2, 4, 4, 5, 1, 3, 3, 6, 4, 3, 3, 6, 6, 5, 6, 2, 5, 2, 1, 1, 5, 2, 3, 3, 4, 4, 4, 4, 2, 5, 5, 5, 2, 2, 6, 3, 5, 2, 1, 6] [4, 4, 5, 6, 2, 4, 5, 7, 4, 3, 3, 7, 8, 5, 6, 4, 5, 4, 3, 3, 5, 2, 3, 3, 5, 5, 4, 6, 3, 6, 6, 6, 2, 4, 7, 5, 6, 2, 3, 6]
B_7 12.39 B 27 [6, 4, 5, 2, 3, 6, 4, 1, 3, 5, 1, 2, 1, 1, 6, 1, 1, 2, 3, 3, 3, 1, 5, 3, 6, 6, 4, 5, 3, 3, 6, 2, 3, 2, 1, 6, 5, 5, 4, 6] [6, 4, 7, 2, 5, 7, 6, 1, 5, 6, 2, 2, 3, 2, 8, 2, 3, 4, 5, 4, 5, 3, 7, 5, 6, 7, 6, 6, 4, 5, 6, 3, 4, 4, 3, 8, 7, 7, 6, 8]
B_8 13.39 B 28 [6, 2, 6, 5, 4, 5, 2, 5, 2, 5, 3, 5, 2, 1, 5, 6, 3, 6, 4, 5, 6, 5, 1, 4, 6, 2, 2, 3, 2, 4, 2, 2, 3, 1, 2, 6, 6, 3, 5, 4] [6, 4, 6, 5, 6, 7, 3, 7, 4, 7, 3, 5, 3, 3, 5, 7, 4, 6, 4, 5, 6, 5, 1, 6, 6, 3, 3, 4, 4, 5, 2, 3, 4, 2, 2, 7, 6, 5, 5, 5]
B_9 14.39 B 29 [5, 4, 1, 4, 3, 2, 1, 5, 6, 3, 6, 6, 4, 1, 1, 4, 6, 2, 6, 6, 3, 1, 4, 1, 3, 4, 5, 3, 4, 6, 2, 2, 3, 2, 4, 5, 1, 6, 2, 3] [7, 5, 3, 4, 5, 2, 2, 7, 6, 5, 6, 7, 5, 2, 2, 5, 7, 2, 8, 8, 4, 3, 6, 3, 4, 6, 6, 5, 5, 8, 3, 2, 5, 4, 4, 6, 2, 7, 4, 3]
B_10 18.490000000000002 B 30 [2, 2, 1, 4, 5, 4, 3, 6, 1, 5, 4, 4, 1, 2, 2, 4, 5, 4, 1, 4, 3, 3, 2, 1, 1, 4, 5, 6, 2, 2, 6, 5, 5, 5, 6, 2, 6, 2, 3, 3] [4, 4, 2, 4, 5, 4, 3, 6, 2, 7, 6, 5, 1, 4, 3, 4, 7, 4, 3, 6, 3, 4, 3, 2, 1, 5, 6, 6, 2, 3, 6, 7, 5, 5, 7, 4, 7, 3, 5, 3]
B_11 20.1 B 31 [6, 4, 1, 3, 1, 1, 3, 4, 6, 5, 5, 4, 2, 1, 5, 5, 4, 2, 2, 5, 6, 2, 4, 6, 1, 6, 5, 2, 2, 2, 5, 4, 4, 6, 4, 3, 2, 5, 4, 5] [6, 6, 3, 3, 3, 3, 5, 5, 8, 7, 6, 4, 4, 1, 6, 7, 6, 2, 2, 7, 8, 2, 6, 8, 3, 6, 6, 3, 3, 2, 7, 6, 4, 8, 4, 3, 2, 5, 4, 6]
B_12 23.590000000000003 B 32 [1, 1, 5, 1, 3, 3, 4, 2, 3, 1, 4, 3, 3, 5, 2, 2, 4, 2, 3, 5, 2, 5, 4, 4, 5, 2, 2, 3, 3, 3, 5, 4, 5, 6, 6, 2, 6, 3, 6, 6] [2, 3, 5, 3, 5, 4, 4, 2, 4, 2, 4, 3, 5, 6, 4, 2, 4, 4, 3, 5, 3, 7, 5, 6, 6, 3, 2, 4, 4, 5, 5, 4, 5, 8, 6, 3, 7, 3, 6, 7]
B_13 26.140000000000004 B 33 [6, 5, 3, 2, 5, 2, 6, 1, 5, 4, 3, 5, 2, 2, 5, 5, 3, 2, 5, 4, 4, 6, 6, 5, 2, 3, 2, 2, 1, 2, 5, 6, 6, 6, 6, 1, 1, 6, 4, 4] [7, 7, 3, 3, 6, 2, 7, 2, 7, 6, 3, 6, 3, 2, 5, 5, 5, 4, 5, 5, 5, 6, 7, 5, 3, 4, 4, 4, 2, 4, 5, 8, 8, 8, 6, 3, 3, 7, 6, 6]
B_14 27.140000000000004 B 34 [5, 6, 6, 3, 1, 1, 3, 1, 2, 1, 4, 4, 1, 2, 5, 4, 2, 2, 5, 6, 6, 4, 4, 6, 4, 2, 6, 1, 2, 4, 6, 4, 6, 6, 6, 5, 5, 2, 6, 3] [5, 7, 7, 3, 2, 3, 5, 2, 2, 3, 5, 5, 3, 3, 6, 4, 4, 4, 7, 6, 8, 6, 6, 7, 5, 3, 7, 3, 2, 4, 7, 4, 6, 6, 8, 6, 7, 2, 7, 3]
B_15 28.140000000000004 B 35 [4, 6, 6, 4, 5, 1, 2, 6, 5, 3, 4, 3, 3, 2, 4, 1, 3, 2, 6, 1, 2, 2, 6, 3, 6, 1, 3, 6, 6, 5, 2, 3, 2, 1, 5, 4, 3, 5, 3, 6] [6, 8, 7, 4, 5, 3, 4, 8, 5, 4, 5, 3, 3, 2, 6, 3, 5, 2, 7, 3, 4, 3, 7, 4, 6, 3, 5, 8, 7, 6, 4, 3, 3, 3, 6, 6, 5, 7, 5, 7]
B_16 29.140000000000004 B 36 [1, 2, 4, 1, 2, 6, 2, 4, 1, 5, 1, 1, 1, 6, 3, 5, 3, 3, 2, 6, 3, 1, 6, 2, 3, 5, 5, 5, 6, 1, 6, 2, 6, 1, 5, 3, 4, 6, 6, 1] [2, 2, 5, 1, 3, 7, 2, 5, 2, 7, 2, 1, 2, 8, 3, 5, 4, 3, 4, 6, 5, 2, 8, 4, 4, 7, 6, 7, 6, 2, 7, 2, 7, 3, 7, 5, 4, 8, 6, 2]
B_17 30.240000000000006 B 37 [5, 2, 2, 6, 5, 6, 5, 4, 2, 1, 4, 6, 5, 6, 6, 1, 2, 6, 4, 2, 6, 3, 4, 6, 2, 6, 2, 5, 3, 6, 2, 5, 3, 6, 2, 5, 6, 1, 2, 5] [7, 2, 4, 8, 6, 8, 5, 4, 4, 3, 5, 7, 6, 8, 8, 2, 4, 6, 5, 4, 6, 3, 5, 7, 2, 8, 2, 7, 5, 7, 3, 5, 3, 7, 2, 7, 8, 3, 4, 6]
B_18 31.240000000000006 B 38 [2, 6, 4, 2, 5, 5, 6, 1, 2, 2, 6, 3, 1, 4, 1, 4, 3, 1, 3, 4, 4, 3, 3, 5, 2, 3, 1, 4, 5, 2, 3, 4, 6, 4, 6, 3, 6, 2, 1, 6] [3, 6, 4, 3, 7, 7, 8, 2, 4, 4, 7, 5, 1, 4, 1, 5, 3, 2, 4, 4, 4, 4, 3, 5, 3, 3, 3, 6, 5, 4, 5, 4, 6, 6, 7, 5, 6, 4, 3, 6]
B_19 33.150000000000006 B 39 [4, 3, 3, 1, 6, 3, 3, 6, 6, 4, 2, 3, 6, 6, 6, 3, 6, 6, 6, 4, 3, 1, 1, 1, 5, 2, 6, 6, 4, 3, 3, 5, 6, 4, 3, 6, 1, 5, 6, 2] [4, 4, 3, 3, 6, 3, 3, 6, 7, 4, 4, 3, 8, 7, 7, 4, 6, 8, 8, 6, 4, 3, 1, 1, 5, 3, 6, 8, 5, 3, 3, 6, 7, 6, 3, 7, 2, 6, 6, 3]
