A_0 1 A 0 [2, 1, 5, 2, 5, 6, 6, 5, 1, 6, 1, 3, 1, 3, 5, 4, 6, 6, 5, 5, 5, 5, 6, 5, 3, 3, 3, 4, 2, 6, 1, 4, 3, 2, 5, 6, 4, 6, 3, 4] [4, 2, 5, 3, 7, 6, 8, 5, 2, 7, 2, 4, 1, 3, 7, 4, 6, 8, 7, 7, 7, 7, 7, 7, 5, 3, 3, 5, 2, 7, 3, 5, 4, 4, 6, 7, 5, 8, 3, 6]
A_1 2 A 1 [1, 1, 1, 2, 3, 3, 2, 3, 2, 6, 1, 1, 4, 5, 2, 4, 5, 5, 3, 5, 4, 3, 1, 5, 6, 2, 4, 6, 3, 5, 6, 6, 3, 5, 2, 2, 4, 4, 3, 5] [2, 3, 1, 2, 5, 3, 3, 3, 2, 8, 1, 2, 4, 6, 2, 4, 7, 6, 4, 6, 5, 5, 1, 5, 6, 3, 5, 7, 4, 5, 8, 7, 4, 5, 4, 3, 5, 6, 5, 5]
A_2 3 A 2 [5, 1, 4, 6, 4, 4, 1, 1, 1, 1, 1, 2, 5, 1, 5, 4, 5, 5, 5, 2, 1, 5, 2, 6, 1, 6, 4, 6, 1, 6, 3, 2, 4, 3, 5, 1, 2, 5, 4, 1] [5, 1, 6, 7, 5, 5, 2, 1, 1, 1, 3, 3, 6, 3, 6, 4, 6, 5, 7, 2, 3, 6, 4, 8, 3, 6, 4, 7, 3, 8, 4, 2, 4, 4, 5, 3, 4, 6, 4, 1]
A_3 4 A 3 [2, 2, 6, 3, 3, 6, 6, 4, 4, 3, 5, 6, 4, 5, 5, 5, 4, 3, 2, 3, 2, 4, 6, 6, 6, 1, 5, 5, 5, 4, 6, 2, 2, 1, 3, 1, 5, 2, 3, 6] [3, 2, 7, 4, 5, 7, 8, 6, 6, 3, 6, 8, 4, 5, 7, 6, 4, 5, 2, 5, 2, 4, 8, 7, 7, 2, 5, 6, 6, 4, 7, 4, 4, 3, 5, 2, 6, 4, 5, 8]
A_4 6.25 A 4 [5, 3, 4, 3, 4, 3, 5, 4, 4, 4, 4, 3, 3, 3, 6, 2, 5, 5, 4, 5, 2, 6, 5, 2, 5, 3, 1, 6, 4, 1, 4, 5, 2, 5, 6, 1, 2, 1, 2, 5] [7, 5, 5, 5, 6, 5, 6, 6, 4, 5, 5, 5, 4, 4, 8, 4, 7, 7, 5, 6, 3, 7, 6, 2, 6, 3, 1, 8, 6, 1, 5, 5, 2, 7, 7, 1, 2, 2, 3, 5]
A_5 7.25 A 5 [6, 3, 4, 6, 3, 2, 6, 1, 4, 1, 2, 2, 6, 3, 1, 3, 3, 2, 4, 1, 4, 4, 4, 4, 2, 3, 6, 2, 6, 6, 2, 4, 5, 4, 4, 2, 6, 6, 6, 1] [6, 3, 5, 7, 5, 4, 6, 1, 4, 1, 4, 4, 8, 4, 3, 5, 4, 3, 5, 2, 4, 5, 6, 4, 2, 4, 6, 4, 8, 6, 3, 6, 7, 5, 5, 3, 8, 6, 8, 1]
A_6 8.31 A 6 [6, 2, 1, 6, 5, 6, 3, 2, 2, 6, 2, 3, 1, 2, 4, 6, 2, 3, 2, 3, 6, 2, 5, 4, 4, 2, 6, 4, 5, 6, 1, 2, 5, 1, 1, 2, 5, 4, 1, 5] [8, 3, 2, 8, 6, 6, 5, 2, 3, 6, 2, 5, 2, 2, 4, 6, 3, 5, 3, 3, 7, 4, 6, 5, 5, 2, 7, 6, 6, 6, 3, 4, 5, 2, 3, 3, 7, 6, 2, 7]
A_7 10.21 A 7 [5, 3, 1, 4, 4, 1, 2, 2, 3, 5, 4, 1, 4, 4, 5, 6, 5, 1, 6, 4, 2, 6, 3, 3, 1, 3, 6, 3, 3, 2, 2, 4, 1, 5, 4, 4, 6, 1, 3, 2] [5, 3, 1, 6, 6, 1, 2, 2, 3, 5, 6, 2, 4, 5, 7, 7, 7, 3, 8, 4, 2, 6, 5, 4, 3, 4, 6, 4, 3, 4, 3, 4, 3, 6, 5, 6, 6, 2, 5, 3]
A_8 11.21 A 8 [1, 2, 1, 4, 4, 4, 2, 3, 4, 1, 6, 1, 1, 1, 3, 3, 6, 5, 4, 3, 1, 2, 6, 4, 1, 6, 6, 2, 2, 6, 1, 4, 3, 5, 1, 4, 4, 1, 2, 3] [2, 2, 1, 6, 4, 4, 3, 3, 5, 3, 8, 2, 3, 3, 4, 5, 6, 7, 4, 4, 3, 4, 7, 6, 3, 8, 8, 3, 4, 6, 3, 6, 4, 6, 3, 4, 5, 2, 4, 5]
A_9 12.21 A 9 [6, 6, 1, 3, 4, 1, 6, 5, 1, 2, 3, 1, 4, 4, 6, 1, 5, 6, 6, 3, 2, 4, 6, 5, 1, 2, 6, 4, 1, 6, 1, 6, 2, 2, 3, 5, 2, 1, 4, 2] [7, 8, 1, 3, 5, 1, 6, 5, 3, 3, 3, 1, 5, 4, 7, 2, 7, 8, 7, 4, 3, 5, 7, 6, 3, 4, 7, 4, 2, 6, 1, 8, 4, 4, 5, 7, 3, 1, 5, 4]
A_10 14.200000000000001 A 10 [1, 1, 1, 5, 4, 2, 2, 4, 6, 3, 3, 1, 2, 6, 3, 2, 1, 6, 5, 6, 1, 4, 4, 5, 6, 3, 6, 6, 6, 2, 6, 5, 6, 1, 6, 6, 1, 4, 5, 3] [2, 1, 3, 6, 5, 4, 2, 6, 8, 3, 5, 1, 4, 7, 4, 4, 1, 6, 6, 8, 1, 6, 4, 6, 6, 5, 8, 6, 6, 3, 6, 5, 6, 3, 7, 7, 3, 6, 7, 4]
A_11 15.920000000000002 A 11 [3, 1, 2, 6, 3, 2, 3, 1, 1, 1, 1, 1, 5, 4, 5, 3, 6, 4, 1, 2, 2, 1, 2, 6, 1, 6, 1, 4, 5, 2, 3, 6, 4, 2, 6, 3, 1, 3, 4, 4] [4, 2, 3, 8, 5, 4, 5, 2, 2, 1, 1, 1, 7, 4, 7, 4, 7, 5, 1, 3, 2, 1, 3, 7, 2, 7, 1, 5, 5, 4, 4, 8, 5, 2, 8, 5, 1, 3, 4, 6]
A_12 21.220000000000002 A 12 [1, 4, 5, 4, 3, 6, 1, 4, 1, 4, 2, 5, 3, 2, 4, 2, 6, 3, 3, 4, 2, 6, 3, 5, 1, 3, 4, 1, 6, 4, 2, 4, 6, 6, 4, 2, 4, 1, 5, 6] [1, 4, 6, 4, 4, 8, 2, 4, 3, 5, 4, 7, 4, 2, 5, 2, 8, 4, 5, 4, 3, 6, 3, 6, 2, 5, 5, 2, 7, 6, 4, 6, 6, 7, 4, 3, 6, 2, 5, 8]
A_13 25.970000000000002 A 13 [3, 5, 1, 5, 3, 3, 2, 4, 1, 4, 6, 4, 2, 4, 2, 1, 5, 2, 6, 4, 4, 6, 2, 6, 3, 6, 6, 5, 3, 6, 5, 4, 3, 5, 2, 1, 3, 5, 1, 1] [3, 6, 3, 5, 4, 4, 2, 5, 3, 4, 7, 4, 2, 4, 2, 2, 5, 2, 8, 4, 6, 8, 2, 8, 4, 8, 6, 7, 3, 8, 6, 5, 5, 6, 3, 2, 4, 7, 3, 1]
A_14 26.970000000000002 A 14 [5, 2, 5, 5, 6, 1, 4, 5, 3, 6, 3, 5, 4, 2, 5, 1, 2, 5, 5, 2, 2, 6, 4, 3, 4, 2, 4, 3, 1, 6, 4, 5, 5, 2, 4, 3, 4, 2, 2, 5] [7, 2, 6, 7, 8, 3, 4, 7, 4, 7, 4, 7, 5, 2, 5, 2, 3, 6, 6, 2, 2, 6, 6, 5, 4, 2, 4, 3, 1, 6, 5, 5, 6, 3, 5, 5, 4, 4, 4, 5]
A_15 27.970000000000002 A 15 [4, 4, 4, 5, 2, 3, 6, 6, 3, 1, 2, 3, 2, 1, 1, 5, 3, 6, 3, 4, 2, 3, 5, 2, 5, 4, 3, 3, 2, 5, 2, 1, 2, 6, 1, 2, 3, 6, 3, 4] [4, 4, 4, 6, 4, 5, 6, 7, 5, 2, 4, 4, 2, 2, 2, 5, 4, 6, 3, 6, 2, 5, 5, 4, 7, 4, 4, 3, 3, 7, 4, 3, 4, 8, 3, 2, 4, 8, 3, 5]
A_16 34.510000000000005 A 16 [6, 5, 5, 4, 5, 3, 2, 5, 6, 5, 1, 6, 6, 5, 2, 3, 5, 6, 4, 4, 4, 6, 2, 6, 1, 2, 3, 2, 4, 2, 4, 5, 3, 3, 2, 4, 4, 4, 1, 5] [6, 7, 6, 4, 7, 4, 3, 7, 6, 7, 1, 7, 8, 5, 3, 4, 7, 6, 6, 4, 5, 6, 4, 7, 2, 3, 3, 3, 5, 2, 6, 5, 5, 5, 4, 6, 6, 5, 1, 5]
A_17 35.510000000000005 A 17 [6, 5, 5, 3, 5, 2, 3, 1, 5, 6, 6, 4, 3, 2, 5, 6, 6, 2, 1, 1, 3, 1, 5, 4, 2, 2, 1, 5, 4, 1, 5, 2, 4, 2, 4, 4, 6, 6, 5, 4] [8, 6, 5, 5, 7, 3, 5, 3, 7, 8, 6, 5, 4, 2, 6, 6, 6, 4, 2, 2, 5, 1, 7, 6, 3, 4, 2, 5, 4, 2, 6, 2, 6, 3, 4, 4, 7, 8, 5, 5]
A_18 36.510000000000005 A 18 [5, 3, 5, 2, 4, 4, 2, 6, 4, 6, 5, 1, 3, 6, 5, 3, 4, 1, 2, 4, 2, 4, 6, 5, 5, 5, 5, 2, 3, 4, 4, 3, 6, 5, 3, 5, 5, 3, 3, 6] [7, 4, 7, 2, 5, 5, 3, 8, 4, 7, 6, 1, 5, 8, 6, 3, 6, 2, 3, 5, 2, 4, 8, 5, 7, 7, 5, 4, 5, 6, 4, 5, 8, 5, 3, 6, 5, 3, 4, 6]
A_19 37.510000000000005 A 19 [5, 5, 2, 3, 5, 1, 3, 4, 3, 3, 6, 2, 4, 4, 2, 4, 4, 1, 4, 5, 2, 1, 4, 4, 4, 3, 2, 1, 4, 3, 6, 5, 2, 3, 3, 1, 4, 2, 3, 2] [7, 6, 2, 5, 6, 2, 3, 4, 4, 4, 8, 3, 4, 4, 2, 6, 4, 2, 5, 5, 4, 1, 5, 4, 6, 3, 3, 2, 5, 4, 6, 6, 3, 5, 4, 1, 6, 4, 5, 3]
B_0 1.78 B 20 [5, 4, 1, 2, 2, 4, 6, 2, 1, 2, 1, 2, 2, 4, 2, 2, 4, 3, 2, 2, 1, 2, 6, 6, 6, 5, 5, 4, 2, 1, 6, 2, 6, 1, 6, 1, 4, 5, 2, 1] [7, 5, 3, 2, 3, 4, 7, 2, 3, 3, 1, 2, 3, 6, 2, 2, 5, 5, 2, 4, 3, 4, 8, 8, 6, 5, 7, 5, 3, 1, 7, 2, 8, 2, 8, 1, 5, 5, 3, 1]
B_1 4.94 B 21 [5, 3, 5, 4, 6, 4, 2, 6, 2, 4, 4, 1, 6, 6, 6, 3, 6, 1, 4, 1, 2, 3, 4, 4, 4, 5, 3, 5, 6, 5, 2, 4, 1, 6, 5, 4, 1, 6, 4, 5] [7, 5, 6, 4, 7, 5, 4, 6, 4, 5, 6, 1, 6, 8, 6, 5, 6, 1, 4, 1, 4, 5, 4, 6, 6, 6, 4, 6, 6, 5, 3, 5, 3, 7, 6, 6, 2, 8, 5, 6]
B_2 6.32 B 22 [6, 1, 2, 6, 5, 4, 5, 3, 6, 6, 4, 2, 3, 2, 4, 5, 2, 5, 6, 4, 6, 4, 4, 4, 2, 4, 1, 5, 1, 5, 1, 6, 4, 1, 1, 3, 5, 6, 3, 4] [7, 1, 4, 8, 6, 6, 6, 5, 7, 7, 4, 3, 3, 2, 6, 5, 4, 7, 8, 5, 8, 4, 4, 4, 2, 4, 3, 6, 2, 7, 3, 6, 5, 1, 2, 5, 7, 6, 5, 6]
B_3 10.370000000000001 B 23 [5, 5, 6, 6, 2, 4, 4, 3, 4, 5, 5, 6, 5, 6, 3, 2, 6, 4, 5, 4, 6, 4, 4, 4, 4, 6, 3, 1, 6, 4, 2, 4, 1, 6, 2, 4, 5, 3, 1, 3] [7, 5, 8, 7, 2, 4, 5, 4, 6, 6, 6, 7, 6, 8, 5, 4, 7, 6, 5, 4, 8, 6, 4, 6, 5, 8, 3, 2, 7, 6, 3, 6, 2, 6, 4, 4, 5, 3, 1, 5]
B_4 11.370000000000001 B 24 [3, 6, 1, 6, 5, 2, 4, 1, 1, 1, 6, 1, 1, 3, 4, 5, 1, 2, 5, 4, 6, 4, 2, 4, 6, 2, 1, 4, 3, 1, 1, 2, 4, 4, 4, 2, 5, 4, 1, 4] [5, 6, 3, 7, 6, 2, 5, 3, 3, 3, 6, 2, 2, 4, 4, 7, 2, 3, 7, 6, 6, 6, 2, 5, 7, 4, 1, 4, 4, 3, 3, 4, 6, 5, 6, 2, 6, 4, 1, 4]
B_5 14.360000000000001 B 25 [3, 2, 6, 1, 3, 3, 2, 3, 6, 2, 3, 6, 3, 6, 2, 4, 2, 2, 5, 3, 5, 5, 4, 6, 2, 3, 5, 4, 3, 5, 4, 5, 1, 6, 4, 2, 6, 2, 2, 5] [3, 3, 6, 2, 3, 4, 2, 4, 8, 4, 5, 7, 5, 8, 2, 4, 3, 4, 7, 3, 5, 6, 4, 8, 4, 3, 7, 4, 3, 5, 4, 5, 3, 8, 6, 2, 7, 3, 2, 6]
B_6 16.18 B 26 [3, 4, 4, 5, 1, 6, 6, 6, 6, 6, 6, 1, 4, 6, 4, 3, 3, 1, 5, 2, 5, 3, 1, 3, 1, 5, 6, 4, 4, 6, 3, 5, 2, 6, 5, 4, 4, 6, 6, 1] [3, 5, 4, 5, 1, 6, 7, 6, 8, 7, 8, 1, 5, 6, 4, 4, 3, 2, 5, 3, 7, 4, 3, 3, 1, 7, 6, 6, 6, 6, 5, 6, 4, 8, 7, 6, 6, 6, 8, 2]
B_7 18.84 B 27 [4, 6, 6, 5, 6, 2, 4, 3, 2, 4, 6, 4, 1, 5, 3, 3, 2, 5, 2, 1, 4, 5, 5, 1, 4, 4, 4, 5, 4, 4, 4, 3, 5, 4, 1, 1, 6, 5, 2, 2] [5, 7, 7, 6, 8, 4, 6, 4, 3, 4, 6, 5, 2, 7, 3, 3, 3, 5, 4, 2, 5, 6, 6, 2, 4, 4, 6, 5, 6, 6, 5, 5, 7, 5, 3, 3, 6, 7, 3, 4]
B_8 19.84 B 28 [2, 3, 1, 5, 4, 6, 5, 3, 2, 1, 6, 5, 6, 3, 1, 2, 4, 4, 3, 4, 2, 6, 1, 6, 3, 3, 4, 4, 2, 1, 4, 6, 1, 6, 6, 5, 2, 2, 5, 6] [2, 4, 3, 6, 6, 8, 6, 3, 4, 2, 6, 5, 7, 3, 1, 3, 5, 4, 5, 5, 3, 6, 2, 7, 4, 3, 6, 6, 2, 1, 4, 6, 1, 6, 7, 5, 3, 3, 6, 6]
B_9 22.05 B 29 [6, 5, 6, 4, 1, 6, 6, 2, 6, 6, 2, 2, 4, 6, 6, 5, 2, 1, 4, 3, 1, 5, 5, 4, 1, 5, 6, 4, 1, 4, 3, 5, 3, 3, 5, 1, 6, 2, 1, 1] [7, 5, 8, 4, 1, 6, 6, 4, 6, 6, 3, 4, 6, 8, 6, 7, 2, 2, 6, 4, 1, 5, 7, 6, 3, 5, 6, 6, 1, 6, 5, 6, 3, 5, 6, 1, 7, 2, 1, 2]
B_10 23.05 B 30 [1, 6, 3, 6, 4, 2, 1, 2, 1, 1, 6, 3, 2, 5, 4, 2, 4, 5, 4, 6, 6, 2, 1, 2, 1, 4, 3, 4, 4, 3, 6, 3, 4, 5, 2, 3, 6, 6, 2, 4] [3, 8, 4, 7, 5, 3, 3, 3, 3, 1, 6, 4, 4, 6, 5, 4, 6, 6, 4, 6, 7, 3, 3, 3, 3, 4, 5, 5, 4, 5, 6, 5, 4, 6, 4, 5, 8, 6, 3, 4]
B_11 24.05 B 31 [4, 6, 2, 2, 5, 4, 2, 4, 4, 6, 5, 6, 4, 4, 5, 1, 5, 2, 3, 5, 2, 4, 6, 4, 2, 5, 5, 3, 6, 5, 3, 2, 6, 3, 6, 6, 6, 1, 3, 1] [5, 7, 2, 4, 5, 6, 4, 4, 6, 8, 5, 8, 6, 5, 5, 3, 5, 2, 5, 6, 2, 5, 6, 6, 4, 5, 6, 5, 6, 6, 5, 2, 7, 5, 7, 8, 8, 2, 3, 3]
B_12 26.72 B 32 [3, 3, 4, 2, 2, 5, 5, 1, 3, 2, 6, 4, 6, 3, 5, 2, 3, 4, 6, 2, 6, 1, 4, 1, 4, 1, 2, 5, 1, 3, 4, 6, 2, 6, 1, 4, 4, 1, 3, 4] [4, 4, 4, 4, 2, 7, 5, 3, 4, 4, 6, 5, 6, 5, 6, 4, 5, 6, 8, 3, 8, 3, 5, 2, 6, 3, 4, 7, 1, 3, 4, 7, 2, 7, 3, 6, 5, 2, 3, 5]
B_13 27.72 B 33 [2, 5, 3, 1, 5, 4, 1, 5, 5, 2, 1, 2, 6, 5, 2, 6, 3, 2, 5, 3, 1, 6, 1, 6, 4, 6, 6, 4, 6, 3, 5, 3, 6, 6, 6, 3, 1, 6, 1, 2] [4, 5, 4, 3, 7, 5, 2, 6, 6, 4, 3, 2, 7, 6, 3, 8, 5, 3, 5, 5, 2, 7, 1, 6, 5, 8, 8, 5, 6, 5, 6, 5, 7, 7, 6, 5, 2, 7, 3, 3]
B_14 28.98 B 34 [5, 2, 5, 3, 6, 4, 1, 4, 1, 3, 6, 6, 4, 2, 4, 1, 2, 4, 3, 3, 6, 5, 1, 2, 4, 4, 5, 1, 6, 5, 2, 6, 1, 6, 4, 2, 5, 6, 1, 5] [6, 4, 5, 5, 7, 5, 3, 5, 3, 5, 7, 8, 4, 3, 5, 3, 4, 4, 3, 4, 8, 6, 2, 4, 6, 6, 7, 3, 7, 6, 4, 7, 3, 6, 4, 2, 6, 6, 3, 5]
B_15 29.98 B 35 [6, 2, 1, 1, 1, 2, 2, 4, 4, 5, 6, 3, 2, 1, 3, 2, 4, 4, 5, 1, 1, 4, 3, 4, 2, 2, 4, 1, 5, 1, 3, 6, 4, 3, 2, 5, 3, 2, 6, 3] [7, 3, 3, 2, 1, 3, 3, 6, 4, 7, 7, 5, 3, 2, 5, 2, 6, 4, 6, 1, 1, 6, 5, 4, 2, 2, 6, 3, 5, 1, 5, 8, 6, 5, 2, 7, 5, 2, 7, 4]
B_16 31.69 B 36 [4, 4, 2, 5, 2, 6, 5, 6, 4, 2, 1, 1, 4, 3, 4, 3, 4, 6, 5, 4, 4, 1, 5, 5, 5, 6, 4, 6, 2, 6, 6, 6, 4, 1, 5, 3, 2, 4, 2, 5] [5, 5, 4, 6, 2, 8, 7, 6, 5, 3, 3, 1, 6, 4, 4, 4, 6, 7, 5, 6, 5, 2, 7, 5, 6, 7, 6, 6, 3, 7, 8, 8, 5, 2, 6, 5, 4, 4, 2, 5]
B_17 33.050000000000004 B 37 [6, 4, 5, 2, 1, 6, 4, 1, 1, 1, 4, 3, 1, 5, 2, 6, 4, 6, 3, 2, 5, 6, 6, 3, 4, 2, 6, 5, 2, 2, 6, 1, 1, 6, 6, 2, 4, 3, 4, 6] [8, 6, 6, 4, 2, 6, 6, 2, 2, 1, 6, 3, 2, 7, 4, 8, 5, 8, 3, 4, 5, 8, 6, 3, 4, 3, 6, 7, 3, 2, 6, 2, 2, 7, 6, 2, 4, 4, 5, 7]
B_18 35.010000000000005 B 38 [3, 3, 4, 3, 2, 6, 1, 3, 2, 4, 5, 4, 5, 1, 2, 3, 1, 5, 3, 3, 2, 4, 3, 1, 1, 2, 6, 2, 5, 1, 2, 3, 3, 1, 1, 6, 2, 4, 2, 4] [3, 5, 4, 5, 3, 8, 2, 5, 4, 5, 7, 4, 5, 3, 4, 3, 1, 5, 4, 5, 3, 5, 5, 1, 1, 2, 8, 3, 6, 1, 3, 3, 3, 3, 3, 7, 2, 5, 4, 4]
B_19 36.540000000000006 B 39 [4, 5, 1, 6, 5, 1, 5, 2, 3, 2, 3, 4, 6, 1, 5, 4, 5, 4, 6, 2, 1, 5, 4, 3, 4, 5, 1, 2, 6, 1, 4, 1, 4, 2, 5, 3, 5, 6, 4, 5] [6, 5, 1, 8, 5, 1, 7, 3, 5, 4, 4, 6, 8, 1, 5, 5, 5, 5, 6, 3, 1, 6, 6, 5, 4, 6, 2, 4, 6, 2, 4, 3, 5, 3, 5, 4, 5, 7, 4, 6]
