A_0 1 A 0 [5, 6, 2, 2, 6, 5, 3, 3, 1, 4, 5, 3, 2, 5, 2, 1, 6, 2, 1, 1, 6, 6, 5, 4, 2, 5, 3, 5, 3, 6, 1, 5, 4, 4, 1, 2, 6, 3, 2, 6] [5, 8, 4, 3, 7, 5, 5, 5, 3, 6, 5, 5, 2, 6, 3, 3, 6, 3, 2, 1, 6, 7, 7, 6, 4, 7, 4, 6, 5, 8, 1, 7, 6, 5, 1, 4, 7, 3, 3, 6]
A_1 2.99 A 1 [6, 2, 2, 5, 4, 4, 2, 2, 5, 2, 1, 2, 6, 4, 1, 6, 2, 1, 5, 6, 2, 6, 6, 1, 6, 1, 4, 5, 6, 5, 5, 2, 2, 4, 6, 4, 5, 2, 5, 4] [8, 2, 3, 7, 6, 5, 3, 2, 6, 3, 2, 3, 7, 5, 2, 6, 2, 2, 7, 8, 3, 7, 6, 3, 8, 2, 5, 7, 8, 7, 7, 3, 2, 4, 8, 4, 7, 3, 5, 6]
A_2 5.210000000000001 A 2 [2, 2, 5, 2, 5, 1, 4, 4, 3, 2, 6, 4, 5, 1, 3, 5, 4, 3, 4, 5, 6, 2, 6, 6, 5, 1, 2, 5, 2, 2, 3, 4, 1, 2, 1, 1, 2, 3, 2, 1] [4, 3, 5, 4, 6, 1, 6, 4, 4, 3, 6, 4, 5, 3, 4, 5, 4, 5, 5, 6, 7, 2, 7, 6, 6, 1, 4, 6, 4, 2, 3, 4, 1, 3, 3, 3, 3, 5, 2, 3]
A_3 8.680000000000001 A 3 [2, 5, 2, 2, 2, 3, 6, 4, 2, 5, 5, 1, 4, 3, 3, 6, 5, 4, 4, 5, 5, 4, 2, 2, 6, 6, 3, 6, 6, 5, 2, 4, 5, 1, 1, 6, 4, 3, 4, 2] [3, 7, 4, 3, 3, 5, 8, 4, 3, 7, 5, 3, 6, 3, 5, 7, 5, 4, 4, 7, 7, 4, 3, 3, 7, 6, 3, 6, 6, 7, 2, 6, 5, 3, 2, 7, 4, 4, 6, 3]
A_4 9.680000000000001 A 4 [6, 4, 5, 2, 2, 1, 1, 2, 6, 2, 1, 5, 6, 4, 5, 2, 2, 6, 3, 6, 4, 1, 1, 6, 1, 1, 3, 4, 6, 2, 6, 6, 4, 6, 1, 3, 4, 3, 1, 4] [7, 6, 6, 3, 4, 1, 3, 2, 8, 4, 2, 6, 7, 4, 6, 4, 3, 7, 3, 8, 5, 3, 1, 7, 2, 1, 3, 5, 7, 2, 7, 8, 4, 7, 1, 3, 6, 5, 3, 6]
A_5 10.860000000000001 A 5 [5, 4, 1, 3, 1, 2, 1, 1, 1, 6, 4, 1, 2, 2, 2, 1, 4, 5, 3, 5, 5, 5, 5, 4, 4, 6, 2, 3, 1, 6, 5, 6, 4, 2, 3, 3, 2, 2, 4, 2] [5, 5, 1, 5, 1, 4, 1, 2, 2, 6, 6, 1, 3, 3, 4, 3, 5, 6, 5, 5, 7, 5, 7, 6, 4, 8, 2, 3, 2, 8, 6, 7, 4, 3, 3, 5, 3, 2, 5, 4]
A_6 11.860000000000001 A 6 [3, 2, 4, 6, 1, 1, 4, 2, 1, 6, 5, 2, 6, 3, 3, 3, 4, 3, 6, 3, 6, 2, 1, 5, 6, 5, 3, 4, 4, 4, 5, 4, 6, 6, 6, 3, 2, 1, 4, 5] [5, 3, 6, 8, 3, 1, 4, 2, 1, 7, 6, 2, 6, 4, 3, 3, 5, 4, 8, 5, 6, 4, 2, 6, 7, 7, 5, 6, 5, 6, 7, 6, 8, 8, 6, 3, 2, 3, 4, 7]
A_7 14.020000000000001 A 7 [3, 2, 4, 4, 2, 1, 2, 1, 1, 6, 2, 2, 6, 4, 6, 6, 4, 4, 3, 5, 2, 1, 1, 6, 2, 6, 4, 4, 2, 6, 2, 5, 1, 6, 6, 4, 1, 5, 3, 5] [5, 2, 4, 4, 2, 2, 2, 3, 1, 8, 3, 2, 7, 5, 6, 6, 6, 6, 3, 7, 4, 3, 1, 6, 2, 8, 5, 4, 2, 7, 3, 7, 1, 6, 8, 6, 2, 6, 4, 7]
A_8 15.830000000000002 A 8 [1, 5, 3, 2, 6, 1, 1, 1, 6, 1, 5, 3, 6, 1, 1, 6, 3, 1, 3, 3, 2, 6, 1, 2, 4, 3, 2, 5, 4, 2, 1, 4, 2, 6, 6, 3, 2, 2, 3, 4] [3, 6, 4, 3, 8, 2, 1, 1, 6, 3, 6, 4, 6, 2, 1, 8, 3, 3, 3, 4, 2, 6, 3, 2, 6, 4, 3, 5, 4, 4, 2, 4, 2, 6, 7, 4, 2, 3, 5, 5]
A_9 22.03 A 9 [4, 2, 2, 5, 2, 6, 6, 6, 1, 5, 3, 1, 4, 5, 3, 4, 3, 2, 3, 1, 2, 3, 2, 2, 3, 3, 1, 2, 1, 3, 1, 4, 2, 1, 4, 4, 5, 5, 2, 1] [6, 3, 3, 7, 4, 6, 7, 8, 3, 7, 5, 1, 4, 5, 5, 4, 3, 2, 4, 2, 4, 4, 4, 3, 3, 4, 3, 2, 3, 4, 1, 5, 2, 2, 5, 4, 6, 7, 2, 1]
A_10 23.48 A 10 [5, 1, 6, 5, 1, 4, 5, 2, 5, 3, 4, 6, 1, 1, 6, 5, 4, 5, 1, 6, 3, 3, 2, 1, 1, 1, 2, 1, 6, 2, 2, 2, 2, 3, 5, 5, 4, 6, 1, 3] [5, 2, 6, 5, 2, 6, 6, 3, 6, 5, 4, 7, 3, 3, 8, 5, 5, 6, 2, 7, 3, 3, 4, 3, 1, 3, 4, 3, 6, 2, 4, 2, 2, 5, 5, 5, 5, 6, 2, 4]
A_11 28.42 A 11 [3, 2, 4, 1, 5, 1, 2, 2, 3, 1, 6, 2, 1, 6, 1, 2, 1, 3, 6, 1, 2, 2, 6, 1, 2, 3, 6, 1, 1, 3, 5, 2, 2, 5, 6, 2, 4, 6, 5, 5] [5, 3, 4, 3, 6, 1, 2, 2, 4, 1, 7, 3, 1, 6, 1, 2, 2, 3, 6, 1, 3, 3, 6, 2, 4, 5, 7, 2, 3, 4, 6, 2, 3, 5, 7, 4, 4, 8, 6, 7]
A_12 29.42 A 12 [2, 6, 5, 4, 6, 2, 6, 6, 6, 4, 1, 1, 4, 4, 6, 1, 6, 6, 3, 6, 5, 4, 1, 5, 1, 5, 3, 2, 4, 6, 3, 5, 1, 5, 5, 6, 5, 2, 4, 1] [2, 7, 5, 6, 7, 3, 6, 7, 6, 4, 3, 1, 4, 5, 7, 2, 7, 7, 5, 8, 6, 4, 3, 7, 3, 5, 5, 2, 5, 6, 3, 6, 1, 7, 6, 6, 6, 3, 5, 2]
A_13 32.5 A 13 [5, 4, 1, 3, 4, 2, 3, 4, 1, 5, 1, 6, 4, 6, 5, 3, 6, 3, 1, 3, 5, 3, 1, 4, 1, 6, 4, 6, 3, 5, 5, 2, 2, 6, 5, 5, 3, 5, 4, 5] [6, 5, 3, 3, 4, 3, 4, 5, 2, 5, 3, 6, 5, 7, 5, 4, 8, 3, 2, 5, 7, 4, 1, 6, 1, 8, 4, 8, 5, 6, 6, 2, 4, 7, 5, 5, 4, 6, 6, 6]
A_14 38.24 A 14 [2, 1, 3, 3, 5, 2, 3, 6, 1, 3, 6, 1, 6, 5, 4, 1, 5, 5, 6, 5, 1, 3, 3, 1, 6, 4, 6, 1, 3, 4, 5, 4, 4, 3, 3, 6, 3, 4, 6, 6] [3, 2, 4, 5, 6, 4, 3, 6, 1, 5, 8, 1, 7, 5, 6, 1, 5, 7, 6, 7, 3, 3, 4, 1, 7, 6, 8, 2, 4, 5, 7, 4, 6, 3, 5, 8, 5, 4, 8, 8]
A_15 39.24 A 15 [1, 6, 5, 6, 2, 1, 3, 6, 6, 4, 5, 2, 1, 3, 1, 4, 3, 6, 6, 3, 3, 2, 1, 1, 5, 3, 3, 1, 5, 3, 3, 2, 3, 1, 6, 1, 3, 3, 5, 6] [3, 6, 5, 7, 4, 3, 3, 6, 8, 4, 5, 2, 2, 4, 1, 5, 4, 6, 6, 3, 5, 3, 2, 2, 6, 4, 4, 1, 6, 5, 3, 3, 4, 3, 6, 1, 3, 3, 5, 7]
A_16 42.120000000000005 A 16 [6, 2, 4, 5, 2, 4, 4, 4, 3, 3, 4, 1, 6, 6, 5, 3, 4, 3, 1, 3, 3, 6, 1, 4, 1, 5, 6, 5, 2, 5, 3, 4, 6, 6, 6, 6, 6, 1, 3, 3] [6, 2, 4, 5, 3, 5, 5, 6, 3, 3, 5, 2, 7, 8, 5, 4, 6, 3, 3, 3, 4, 8, 1, 4, 2, 5, 8, 5, 4, 7, 4, 4, 8, 8, 6, 8, 6, 3, 3, 5]
A_17 44.160000000000004 A 17 [2, 1, 3, 4, 6, 5, 3, 4, 1, 2, 5, 3, 6, 3, 5, 6, 3, 2, 5, 2, 1, 4, 2, 5, 2, 2, 6, 2, 4, 6, 1, 2, 5, 5, 5, 6, 1, 3, 1, 4] [3, 2, 5, 4, 7, 6, 4, 6, 3, 2, 6, 3, 7, 3, 7, 6, 3, 4, 6, 4, 2, 5, 3, 7, 4, 3, 8, 4, 5, 7, 3, 2, 5, 6, 6, 7, 3, 3, 3, 5]
A_18 45.160000000000004 A 18 [1, 5, 4, 4, 3, 3, 6, 3, 3, 3, 1, 6, 3, 1, 6, 6, 1, 5, 2, 4, 2, 1, 1, 2, 1, 4, 3, 1, 3, 4, 5, 5, 6, 3, 3, 2, 3, 4, 3, 6] [2, 7, 5, 4, 3, 5, 8, 3, 3, 4, 2, 6, 5, 2, 6, 6, 3, 6, 3, 6, 3, 2, 3, 3, 1, 4, 3, 3, 4, 4, 6, 7, 7, 5, 4, 3, 5, 4, 4, 7]
A_19 46.160000000000004 A 19 [1, 6, 5, 5, 6, 5, 3, 5, 3, 1, 6, 1, 6, 3, 5, 3, 3, 2, 4, 3, 4, 2, 5, 4, 2, 2, 2, 6, 6, 1, 3, 6, 3, 5, 2, 1, 2, 2, 3, 6] [1, 8, 6, 7, 8, 5, 5, 7, 4, 2, 7, 1, 8, 5, 7, 3, 3, 4, 6, 5, 5, 4, 5, 4, 2, 4, 2, 8, 8, 1, 3, 8, 3, 7, 2, 2, 3, 4, 4, 7]
B_0 1 B 20 [6, 2, 6, 5, 4, 5, 6, 2, 2, 2, 3, 2, 5, 5, 1, 3, 3, 1, 2, 4, 4, 4, 1, 1, 2, 2, 5, 2, 6, 3, 1, 1, 6, 6, 3, 1, 5, 3, 5, 5] [6, 3, 7, 7, 5, 7, 6, 4, 2, 4, 3, 3, 6, 7, 3, 5, 4, 2, 3, 5, 6, 5, 2, 3, 4, 4, 5, 3, 8, 4, 3, 3, 7, 8, 5, 1, 6, 4, 5, 7]
B_1 2.5700000000000003 B 21 [6, 6, 2, 4, 1, 5, 2, 1, 6, 3, 3, 2, 4, 3, 3, 2, 6, 4, 1, 2, 4, 6, 4, 4, 3, 5, 1, 6, 4, 4, 4, 6, 2, 6, 4, 5, 2, 5, 6, 5] [7, 7, 2, 4, 3, 5, 4, 3, 6, 4, 3, 3, 4, 4, 3, 3, 8, 5, 2, 4, 5, 6, 4, 6, 4, 7, 3, 8, 5, 6, 5, 6, 4, 7, 4, 6, 4, 5, 8, 7]
B_2 7.180000000000001 B 22 [5, 6, 6, 2, 1, 5, 1, 1, 1, 2, 2, 6, 1, 1, 3, 1, 1, 2, 1, 5, 1, 4, 1, 1, 3, 5, 5, 1, 1, 4, 2, 6, 5, 2, 5, 4, 2, 4, 5, 2] [7, 6, 7, 3, 1, 7, 2, 1, 3, 4, 4, 6, 3, 1, 4, 2, 1, 3, 3, 5, 2, 4, 1, 3, 3, 7, 6, 2, 2, 5, 3, 7, 7, 2, 5, 4, 3, 6, 6, 3]
B_3 8.18 B 23 [4, 1, 6, 2, 6, 4, 5, 6, 2, 2, 1, 1, 5, 4, 1, 1, 4, 5, 2, 4, 1, 4, 1, 1, 2, 1, 2, 6, 6, 2, 5, 6, 2, 2, 3, 2, 3, 6, 3, 3] [6, 3, 6, 3, 7, 6, 6, 6, 2, 3, 3, 2, 7, 6, 1, 2, 4, 7, 3, 4, 3, 6, 3, 1, 3, 3, 3, 7, 8, 2, 6, 7, 2, 2, 5, 2, 5, 7, 4, 5]
B_4 9.18 B 24 [2, 6, 5, 6, 1, 4, 6, 2, 4, 3, 1, 2, 1, 1, 6, 5, 1, 2, 1, 2, 2, 3, 3, 2, 3, 2, 6, 1, 1, 5, 6, 4, 1, 2, 4, 5, 5, 2, 4, 4] [4, 8, 6, 7, 2, 4, 7, 2, 6, 3, 1, 4, 3, 1, 7, 6, 2, 4, 1, 2, 4, 4, 3, 3, 4, 4, 7, 3, 3, 6, 8, 6, 1, 3, 5, 5, 5, 4, 6, 5]
B_5 11.0 B 25 [5, 1, 1, 6, 1, 6, 5, 6, 3, 3, 1, 3, 5, 6, 4, 3, 5, 2, 4, 2, 2, 5, 5, 1, 2, 3, 3, 1, 1, 4, 3, 1, 3, 2, 6, 2, 5, 3, 3, 1] [7, 2, 1, 6, 1, 8, 7, 8, 4, 4, 3, 5, 5, 8, 6, 4, 5, 3, 4, 4, 4, 7, 7, 3, 4, 3, 4, 1, 2, 5, 3, 2, 4, 3, 7, 3, 6, 3, 3, 3]
B_6 12.0 B 26 [3, 4, 2, 3, 3, 2, 3, 4, 2, 1, 2, 6, 3, 4, 6, 3, 6, 6, 3, 2, 5, 1, 5, 2, 6, 3, 3, 2, 3, 5, 6, 5, 4, 4, 3, 2, 1, 5, 3, 4] [4, 5, 4, 3, 3, 2, 5, 5, 3, 3, 4, 7, 5, 4, 8, 4, 8, 8, 3, 2, 5, 3, 6, 3, 7, 4, 5, 3, 3, 6, 6, 7, 5, 5, 5, 2, 3, 7, 5, 6]
B_7 17.68 B 27 [5, 5, 5, 6, 4, 3, 4, 4, 5, 2, 1, 1, 2, 6, 1, 1, 5, 2, 1, 6, 2, 6, 1, 6, 1, 1, 2, 5, 1, 4, 5, 5, 2, 3, 2, 6, 5, 6, 3, 4] [6, 7, 6, 6, 5, 3, 6, 4, 5, 2, 3, 2, 2, 8, 2, 1, 5, 4, 3, 8, 3, 8, 2, 7, 3, 1, 3, 6, 3, 4, 6, 7, 2, 3, 3, 7, 6, 8, 3, 5]
B_8 23.03 B 28 [3, 6, 2, 6, 6, 1, 4, 2, 4, 1, 6, 1, 4, 3, 3, 5, 2, 4, 3, 6, 6, 4, 1, 6, 1, 1, 3, 1, 3, 2, 2, 3, 6, 2, 5, 5, 1, 1, 2, 2] [5, 8, 4, 6, 7, 2, 5, 2, 4, 3, 6, 3, 5, 5, 4, 6, 4, 5, 4, 8, 8, 5, 2, 8, 3, 2, 3, 3, 5, 4, 3, 3, 8, 4, 5, 6, 3, 2, 3, 3]
B_9 24.41 B 29 [6, 5, 2, 5, 2, 6, 4, 6, 2, 3, 2, 3, 6, 5, 4, 3, 5, 6, 4, 1, 3, 4, 4, 2, 5, 4, 5, 4, 2, 1, 6, 5, 5, 5, 3, 5, 5, 4, 4, 1] [8, 7, 2, 7, 2, 8, 6, 7, 4, 4, 2, 4, 6, 6, 5, 5, 7, 7, 4, 1, 4, 6, 5, 2, 6, 5, 6, 4, 4, 3, 8, 6, 6, 7, 4, 6, 6, 5, 6, 2]
B_10 27.76 B 30 [1, 5, 3, 2, 6, 5, 5, 2, 1, 1, 2, 5, 3, 5, 5, 3, 3, 1, 5, 3, 1, 4, 2, 5, 6, 3, 6, 5, 2, 6, 5, 4, 4, 6, 4, 4, 3, 5, 5, 2] [1, 7, 3, 2, 7, 6, 7, 3, 2, 1, 4, 6, 3, 6, 7, 3, 4, 3, 6, 3, 3, 5, 3, 6, 8, 3, 6, 6, 3, 8, 6, 5, 5, 8, 6, 6, 4, 5, 7, 4]
B_11 28.76 B 31 [5, 2, 4, 4, 6, 6, 4, 5, 4, 4, 2, 2, 5, 2, 4, 2, 4, 2, 5, 6, 1, 6, 6, 6, 4, 1, 5, 5, 3, 5, 4, 3, 5, 4, 4, 6, 6, 5, 1, 6] [7, 3, 4, 6, 8, 7, 6, 7, 4, 5, 2, 2, 6, 2, 4, 3, 4, 2, 7, 8, 3, 6, 7, 7, 6, 2, 7, 7, 3, 6, 5, 3, 6, 4, 4, 8, 8, 5, 2, 7]
B_12 30.91 B 32 [4, 2, 1, 5, 4, 4, 6, 1, 2, 2, 2, 2, 1, 2, 4, 3, 6, 5, 6, 3, 6, 2, 5, 2, 1, 3, 4, 2, 6, 5, 4, 5, 5, 5, 5, 3, 6, 2, 4, 1] [6, 2, 1, 5, 4, 4, 8, 1, 2, 2, 2, 3, 1, 4, 6, 4, 8, 5, 7, 3, 7, 4, 7, 2, 1, 4, 5, 2, 8, 6, 5, 6, 6, 7, 7, 4, 6, 3, 5, 1]
B_13 31.91 B 33 [4, 4, 2, 1, 6, 2, 6, 6, 6, 1, 3, 5, 5, 6, 3, 1, 6, 5, 3, 5, 6, 6, 2, 2, 2, 2, 4, 3, 2, 5, 6, 4, 5, 3, 5, 4, 3, 5, 5, 4] [5, 4, 3, 3, 7, 3, 8, 6, 6, 2, 5, 5, 7, 7, 3, 3, 8, 6, 5, 7, 8, 7, 2, 2, 3, 3, 5, 3, 4, 7, 8, 4, 7, 5, 7, 6, 5, 5, 5, 6]
B_14 33.33 B 34 [1, 6, 1, 1, 1, 3, 6, 6, 6, 4, 5, 6, 5, 5, 3, 6, 6, 5, 3, 2, 3, 4, 5, 3, 4, 6, 3, 2, 5, 3, 4, 4, 5, 5, 4, 1, 1, 1, 2, 2] [1, 8, 3, 2, 1, 3, 6, 8, 7, 5, 5, 7, 6, 5, 5, 6, 6, 6, 4, 2, 5, 4, 5, 5, 5, 7, 5, 3, 5, 4, 6, 4, 7, 7, 4, 2, 1, 2, 4, 4]
B_15 34.41 B 35 [2, 4, 1, 6, 3, 3, 3, 4, 3, 4, 5, 2, 6, 5, 6, 1, 6, 6, 2, 1, 1, 5, 4, 2, 5, 2, 2, 6, 5, 5, 4, 6, 3, 4, 1, 6, 6, 2, 2, 4] [4, 4, 3, 7, 3, 5, 3, 6, 4, 4, 5, 4, 6, 5, 8, 1, 8, 7, 3, 2, 1, 6, 4, 2, 5, 3, 2, 7, 6, 6, 6, 8, 4, 6, 2, 7, 6, 2, 4, 6]
B_16 37.55 B 36 [6, 5, 2, 4, 4, 2, 2, 1, 2, 5, 4, 4, 5, 3, 3, 3, 6, 1, 3, 2, 5, 2, 2, 3, 5, 5, 1, 5, 1, 5, 3, 6, 6, 3, 1, 6, 1, 2, 4, 6] [7, 7, 3, 4, 6, 3, 2, 2, 2, 6, 5, 4, 6, 4, 5, 3, 6, 3, 5, 3, 6, 4, 3, 5, 5, 6, 3, 6, 3, 6, 4, 8, 6, 5, 1, 6, 3, 4, 4, 6]
B_17 38.55 B 37 [3, 2, 3, 3, 3, 2, 1, 5, 2, 5, 6, 6, 2, 5, 4, 3, 1, 3, 4, 2, 3, 5, 4, 6, 2, 3, 5, 6, 1, 4, 5, 5, 2, 5, 1, 2, 2, 3, 4, 6] [3, 3, 5, 4, 5, 2, 3, 6, 3, 7, 6, 8, 3, 6, 4, 3, 3, 3, 4, 4, 4, 5, 6, 7, 4, 3, 7, 8, 2, 5, 5, 5, 3, 5, 2, 2, 4, 5, 5, 6]
B_18 39.55 B 38 [2, 5, 2, 4, 1, 4, 4, 3, 3, 2, 1, 5, 4, 4, 6, 5, 3, 1, 3, 3, 5, 6, 5, 3, 4, 3, 3, 3, 2, 4, 5, 1, 4, 5, 2, 2, 4, 4, 3, 1] [3, 5, 2, 6, 3, 5, 4, 4, 5, 2, 2, 6, 5, 6, 8, 5, 3, 3, 4, 4, 5, 8, 6, 4, 6, 3, 5, 3, 3, 6, 7, 2, 5, 5, 4, 4, 4, 5, 4, 2]
B_19 40.55 B 39 [6, 4, 1, 2, 4, 2, 5, 5, 4, 1, 3, 5, 1, 5, 6, 6, 3, 4, 6, 6, 5, 5, 2, 3, 4, 1, 4, 4, 2, 1, 2, 6, 1, 4, 2, 4, 6, 6, 1, 1] [6, 6, 3, 3, 6, 4, 7, 7, 5, 1, 4, 7, 2, 6, 8, 7, 5, 5, 7, 7, 7, 7, 3, 5, 5, 3, 6, 5, 3, 2, 4, 7, 1, 6, 4, 6, 6, 6, 2, 3]
