A_0 5.25 A 0 [4, 1, 2, 2, 1, 3, 2, 4, 4, 2, 3, 3, 1, 3, 4, 4, 1, 2, 5, 6, 5, 5, 2, 3, 3, 2, 5, 2, 4, 1, 5, 6, 2, 3, 1, 2, 1, 2, 5, 1] [6, 2, 3, 4, 3, 5, 3, 6, 6, 4, 5, 4, 3, 5, 6, 6, 2, 2, 6, 8, 7, 5, 4, 3, 3, 3, 7, 4, 5, 3, 6, 6, 4, 3, 3, 2, 2, 4, 7, 3]
A_1 6.25 A 1 [1, 6, 4, 4, 6, 1, 6, 1, 3, 4, 3, 6, 3, 2, 4, 1, 3, 1, 2, 5, 6, 1, 1, 5, 6, 6, 5, 3, 3, 1, 5, 5, 1, 6, 4, 4, 5, 4, 3, 5] [2, 6, 6, 5, 8, 1, 6, 2, 4, 5, 5, 6, 3, 4, 5, 1, 5, 1, 3, 5, 7, 1, 3, 5, 8, 6, 5, 5, 3, 3, 6, 7, 1, 6, 5, 5, 6, 6, 5, 6]
A_2 9.72 A 2 [2, 4, 5, 4, 2, 2, 3, 1, 5, 6, 2, 2, 3, 2, 4, 6, 2, 6, 1, 4, 1, 2, 2, 3, 6, 1, 4, 1, 1, 1, 1, 5, 1, 2, 5, 6, 1, 6, 1, 6] [3, 6, 7, 5, 2, 4, 3, 3, 5, 6, 4, 2, 5, 3, 5, 6, 2, 8, 3, 6, 3, 4, 4, 4, 7, 1, 5, 3, 3, 3, 3, 6, 1, 2, 6, 7, 1, 6, 1, 7]
A_3 13.89 A 3 [2, 4, 4, 6, 4, 2, 2, 5, 6, 6, 6, 1, 2, 1, 3, 6, 2, 6, 6, 5, 5, 6, 2, 2, 4, 5, 4, 2, 3, 3, 5, 3, 1, 3, 5, 6, 5, 6, 3, 5] [4, 5, 5, 8, 4, 4, 4, 6, 8, 8, 8, 1, 2, 2, 4, 8, 2, 6, 6, 6, 6, 8, 3, 2, 5, 5, 5, 4, 4, 5, 5, 4, 3, 4, 7, 8, 5, 8, 3, 6]
A_4 14.89 A 4 [1, 6, 2, 4, 3, 6, 5, 5, 1, 6, 3, 1, 3, 4, 2, 4, 4, 2, 1, 4, 2, 3, 1, 1, 3, 5, 4, 1, 5, 5, 6, 4, 3, 5, 4, 6, 3, 6, 4, 5] [3, 8, 2, 4, 5, 6, 6, 6, 3, 6, 5, 1, 3, 4, 4, 6, 6, 4, 2, 6, 2, 4, 2, 3, 4, 6, 5, 3, 6, 6, 6, 4, 4, 6, 4, 8, 3, 7, 4, 6]
A_5 15.89 A 5 [3, 1, 2, 2, 6, 6, 4, 4, 2, 1, 6, 3, 4, 5, 6, 3, 3, 2, 1, 4, 5, 2, 6, 1, 2, 2, 1, 5, 4, 4, 3, 5, 1, 6, 4, 4, 3, 1, 5, 2] [5, 1, 4, 4, 6, 7, 6, 6, 2, 3, 6, 5, 4, 7, 6, 4, 5, 2, 3, 6, 6, 2, 6, 1, 4, 2, 3, 7, 6, 6, 3, 5, 3, 7, 5, 5, 4, 3, 6, 3]
A_6 16.89 A 6 [2, 6, 3, 2, 5, 4, 6, 4, 4, 1, 6, 6, 1, 3, 6, 2, 6, 1, 1, 2, 1, 2, 6, 6, 5, 4, 4, 4, 2, 6, 6, 5, 5, 4, 4, 2, 4, 3, 5, 6] [3, 6, 3, 4, 6, 6, 7, 5, 6, 2, 8, 8, 1, 3, 8, 4, 8, 3, 3, 2, 3, 4, 7, 8, 7, 6, 5, 4, 4, 7, 6, 5, 7, 5, 5, 3, 5, 5, 6, 8]
A_7 17.89 A 7 [4, 1, 1, 5, 5, 4, 4, 6, 6, 4, 1, 1, 2, 4, 2, 3, 1, 4, 3, 6, 3, 6, 1, 3, 5, 6, 5, 6, 5, 4, 2, 6, 5, 2, 5, 1, 4, 4, 5, 4] [6, 2, 3, 6, 6, 6, 5, 8, 8, 5, 3, 1, 4, 6, 2, 3, 3, 6, 5, 6, 5, 6, 3, 4, 7, 8, 5, 7, 6, 4, 2, 7, 5, 3, 7, 3, 5, 5, 6, 4]
A_8 23.09 A 8 [4, 3, 5, 6, 1, 2, 4, 6, 2, 2, 4, 2, 6, 4, 6, 2, 3, 5, 1, 3, 1, 1, 3, 1, 5, 5, 4, 4, 6, 6, 3, 5, 3, 4, 5, 4, 6, 2, 2, 5] [6, 4, 5, 8, 3, 2, 6, 8, 3, 3, 5, 3, 8, 4, 8, 2, 3, 6, 3, 3, 2, 3, 4, 1, 7, 7, 4, 4, 7, 7, 3, 5, 5, 5, 5, 4, 7, 2, 3, 7]
A_9 24.14 A 9 [2, 4, 6, 6, 6, 1, 1, 4, 2, 5, 6, 4, 6, 3, 3, 1, 3, 4, 4, 5, 3, 3, 1, 1, 1, 4, 2, 4, 4, 2, 5, 2, 1, 1, 5, 5, 2, 5, 3, 3] [4, 5, 6, 8, 6, 3, 2, 5, 3, 5, 6, 4, 6, 3, 5, 3, 4, 6, 4, 5, 3, 5, 1, 1, 1, 5, 3, 6, 5, 4, 6, 4, 3, 3, 6, 7, 3, 5, 5, 3]
A_10 25.14 A 10 [3, 3, 2, 6, 3, 6, 6, 1, 4, 6, 2, 5, 4, 5, 3, 2, 4, 2, 1, 3, 6, 3, 5, 1, 2, 3, 3, 2, 1, 3, 1, 3, 5, 4, 2, 3, 3, 6, 4, 4] [5, 5, 4, 8, 5, 6, 8, 3, 5, 6, 3, 7, 6, 7, 4, 4, 5, 2, 1, 5, 6, 4, 5, 3, 4, 3, 4, 4, 1, 3, 2, 4, 5, 6, 3, 3, 4, 8, 6, 6]
A_11 28.330000000000002 A 11 [3, 6, 2, 1, 1, 3, 6, 1, 2, 4, 5, 4, 2, 1, 2, 6, 4, 4, 3, 5, 3, 1, 4, 1, 2, 3, 2, 3, 1, 5, 5, 4, 2, 4, 2, 2, 3, 1, 2, 5] [4, 6, 2, 1, 1, 5, 8, 1, 3, 4, 7, 5, 2, 3, 2, 8, 4, 6, 3, 6, 3, 3, 5, 2, 3, 5, 4, 3, 2, 7, 6, 4, 4, 6, 3, 2, 4, 2, 2, 7]
A_12 29.330000000000002 A 12 [1, 3, 3, 2, 3, 4, 1, 2, 6, 6, 4, 2, 3, 6, 6, 2, 4, 4, 5, 6, 5, 2, 4, 1, 2, 2, 6, 4, 6, 4, 5, 1, 6, 6, 2, 5, 2, 4, 3, 6] [3, 3, 5, 2, 3, 4, 1, 4, 8, 6, 6, 2, 3, 6, 6, 4, 4, 4, 7, 7, 6, 2, 5, 2, 3, 4, 6, 5, 8, 6, 7, 3, 8, 6, 2, 6, 2, 5, 4, 8]
A_13 36.08 A 13 [3, 2, 2, 1, 4, 5, 3, 4, 4, 3, 5, 1, 6, 6, 3, 4, 6, 2, 5, 4, 3, 1, 1, 5, 4, 2, 3, 4, 3, 3, 4, 4, 5, 3, 6, 4, 2, 3, 2, 5] [5, 4, 3, 2, 4, 7, 3, 6, 4, 3, 7, 3, 6, 7, 3, 5, 7, 2, 7, 6, 3, 1, 2, 6, 5, 4, 4, 5, 4, 3, 6, 5, 6, 4, 8, 5, 2, 5, 4, 6]
A_14 41.589999999999996 A 14 [4, 4, 4, 3, 2, 6, 6, 2, 6, 3, 3, 2, 6, 3, 1, 5, 1, 5, 6, 1, 6, 1, 4, 1, 4, 2, 3, 4, 2, 2, 6, 5, 5, 2, 3, 1, 4, 6, 3, 2] [6, 5, 5, 4, 4, 6, 8, 2, 8, 5, 4, 2, 6, 3, 2, 6, 3, 5, 8, 2, 8, 3, 6, 1, 4, 2, 3, 4, 4, 4, 8, 6, 6, 4, 5, 3, 5, 7, 4, 2]
A_15 42.589999999999996 A 15 [4, 1, 6, 6, 4, 3, 2, 3, 2, 1, 2, 6, 2, 4, 5, 4, 6, 3, 1, 5, 5, 2, 6, 6, 2, 2, 1, 3, 2, 5, 5, 2, 6, 6, 3, 4, 6, 4, 4, 3] [6, 1, 6, 8, 6, 4, 4, 3, 2, 3, 4, 8, 4, 5, 6, 5, 8, 5, 1, 5, 6, 3, 6, 6, 4, 2, 1, 3, 2, 6, 6, 4, 7, 6, 3, 6, 6, 5, 4, 4]
A_16 47.3 A 16 [1, 3, 2, 2, 4, 3, 6, 1, 3, 3, 4, 4, 4, 6, 1, 6, 2, 4, 2, 2, 4, 1, 5, 1, 5, 5, 4, 2, 6, 1, 2, 3, 2, 3, 2, 2, 2, 3, 3, 3] [2, 5, 2, 2, 6, 5, 8, 3, 3, 4, 5, 4, 4, 7, 3, 8, 4, 5, 3, 3, 4, 1, 5, 2, 6, 7, 4, 3, 6, 3, 3, 5, 2, 3, 3, 4, 3, 4, 4, 5]
A_17 48.669999999999995 A 17 [2, 1, 6, 6, 2, 2, 1, 4, 5, 4, 2, 4, 4, 2, 5, 3, 4, 3, 5, 6, 3, 3, 4, 3, 1, 2, 2, 5, 6, 2, 1, 5, 3, 6, 5, 1, 2, 4, 4, 1] [2, 1, 8, 6, 4, 2, 3, 6, 6, 6, 2, 6, 4, 2, 5, 5, 5, 5, 6, 6, 4, 3, 6, 5, 3, 4, 2, 7, 7, 3, 1, 7, 5, 6, 7, 3, 2, 4, 4, 3]
A_18 51.78999999999999 A 18 [5, 2, 1, 6, 1, 1, 1, 3, 1, 4, 1, 3, 5, 5, 6, 1, 2, 5, 3, 6, 3, 6, 5, 6, 5, 1, 6, 1, 6, 6, 5, 6, 3, 1, 6, 4, 2, 1, 3, 5] [6, 3, 3, 6, 2, 3, 3, 5, 3, 4, 1, 3, 7, 7, 8, 1, 3, 6, 4, 8, 4, 6, 7, 7, 6, 1, 6, 2, 7, 7, 7, 8, 3, 1, 6, 6, 3, 1, 5, 7]
A_19 53.15999999999999 A 19 [6, 5, 4, 5, 4, 4, 2, 6, 3, 5, 3, 5, 6, 4, 1, 5, 2, 6, 6, 4, 1, 3, 3, 4, 1, 1, 5, 3, 6, 2, 6, 1, 1, 4, 1, 3, 5, 2, 3, 2] [8, 5, 6, 6, 6, 6, 2, 6, 3, 5, 5, 6, 7, 6, 2, 5, 3, 6, 8, 6, 1, 3, 3, 6, 1, 3, 6, 3, 8, 4, 6, 1, 2, 6, 3, 5, 5, 2, 4, 3]
B_0 2.6 B 20 [5, 6, 1, 5, 2, 5, 1, 3, 1, 3, 6, 3, 5, 3, 6, 5, 4, 3, 3, 1, 2, 3, 2, 5, 2, 1, 5, 3, 2, 3, 2, 1, 3, 5, 2, 6, 6, 4, 4, 6] [7, 7, 3, 6, 2, 6, 3, 5, 2, 3, 6, 3, 6, 3, 8, 6, 4, 4, 4, 1, 4, 4, 3, 6, 3, 3, 7, 4, 4, 3, 4, 3, 4, 7, 2, 8, 7, 4, 6, 8]
B_1 8.41 B 21 [5, 1, 2, 6, 3, 2, 2, 6, 1, 3, 3, 1, 2, 1, 1, 2, 1, 3, 6, 3, 3, 5, 3, 5, 4, 2, 1, 3, 3, 4, 2, 6, 5, 5, 1, 6, 2, 4, 2, 6] [5, 1, 4, 8, 4, 2, 4, 6, 3, 5, 4, 3, 2, 1, 3, 3, 1, 3, 6, 3, 4, 5, 4, 5, 4, 4, 2, 3, 4, 5, 3, 6, 6, 6, 3, 6, 4, 5, 3, 6]
B_2 9.41 B 22 [2, 1, 2, 2, 1, 6, 6, 1, 3, 1, 5, 4, 4, 1, 4, 6, 5, 4, 5, 3, 2, 3, 5, 2, 5, 4, 5, 5, 3, 2, 6, 6, 5, 6, 2, 1, 1, 4, 5, 1] [4, 3, 4, 3, 2, 6, 7, 3, 4, 1, 5, 5, 5, 2, 6, 6, 5, 6, 7, 3, 3, 4, 6, 2, 7, 6, 7, 6, 5, 3, 6, 8, 7, 6, 3, 1, 3, 5, 6, 1]
B_3 10.41 B 23 [3, 5, 3, 2, 1, 1, 6, 3, 1, 1, 1, 1, 1, 5, 1, 6, 1, 3, 6, 4, 5, 5, 2, 1, 1, 4, 5, 2, 6, 1, 4, 4, 3, 5, 4, 5, 3, 5, 1, 5] [3, 5, 4, 2, 3, 1, 8, 4, 1, 1, 3, 2, 2, 6, 1, 6, 2, 5, 7, 6, 6, 5, 2, 2, 3, 6, 7, 3, 6, 1, 4, 6, 4, 6, 6, 5, 4, 5, 2, 5]
B_4 15.82 B 24 [3, 6, 6, 4, 3, 2, 5, 5, 5, 1, 2, 2, 2, 4, 4, 2, 5, 1, 5, 1, 2, 4, 5, 1, 1, 3, 6, 5, 6, 5, 3, 3, 1, 5, 6, 1, 4, 2, 4, 5] [3, 8, 7, 5, 4, 4, 7, 7, 7, 1, 4, 3, 3, 5, 4, 4, 6, 3, 6, 1, 3, 4, 7, 3, 2, 5, 6, 7, 8, 7, 5, 3, 3, 7, 8, 3, 4, 2, 5, 5]
B_5 16.82 B 25 [2, 6, 1, 5, 5, 2, 4, 6, 5, 4, 3, 3, 2, 2, 2, 2, 5, 2, 1, 1, 1, 2, 4, 4, 3, 2, 3, 3, 5, 3, 1, 3, 3, 2, 2, 4, 6, 2, 4, 6] [3, 6, 1, 5, 6, 2, 6, 8, 7, 5, 3, 5, 4, 4, 2, 2, 7, 4, 1, 3, 3, 4, 6, 6, 5, 4, 4, 5, 6, 5, 2, 4, 5, 3, 4, 4, 6, 2, 4, 6]
B_6 17.82 B 26 [5, 5, 4, 4, 4, 1, 4, 5, 4, 2, 3, 2, 6, 3, 3, 1, 4, 2, 6, 5, 5, 1, 5, 5, 6, 3, 6, 2, 4, 6, 2, 5, 6, 3, 3, 5, 3, 1, 6, 2] [7, 5, 5, 5, 5, 3, 5, 5, 4, 3, 4, 4, 6, 4, 3, 1, 4, 2, 6, 6, 7, 2, 7, 7, 6, 4, 6, 2, 5, 8, 3, 6, 8, 3, 4, 7, 4, 1, 8, 2]
B_7 20.0 B 27 [2, 3, 1, 2, 1, 5, 4, 6, 4, 4, 2, 3, 4, 4, 4, 3, 2, 5, 1, 3, 3, 3, 5, 2, 5, 3, 2, 3, 5, 2, 4, 6, 2, 4, 5, 5, 5, 1, 6, 6] [4, 5, 3, 4, 3, 7, 4, 7, 4, 6, 4, 3, 5, 5, 4, 3, 3, 7, 2, 3, 4, 3, 6, 3, 7, 5, 2, 3, 6, 4, 5, 8, 3, 4, 5, 6, 7, 3, 8, 6]
B_8 23.81 B 28 [4, 3, 1, 3, 5, 4, 2, 5, 6, 4, 1, 1, 6, 3, 2, 2, 6, 6, 6, 6, 2, 3, 3, 6, 6, 5, 4, 5, 4, 4, 2, 4, 4, 6, 3, 5, 6, 2, 2, 4] [5, 3, 3, 4, 6, 6, 4, 6, 7, 5, 1, 2, 8, 4, 4, 2, 6, 7, 7, 8, 4, 4, 5, 6, 8, 6, 5, 6, 5, 4, 2, 6, 5, 8, 3, 6, 6, 4, 2, 6]
B_9 27.119999999999997 B 29 [1, 1, 1, 3, 5, 4, 6, 4, 6, 2, 3, 5, 4, 3, 2, 5, 1, 2, 6, 2, 3, 4, 2, 1, 5, 3, 6, 2, 4, 2, 4, 5, 3, 4, 3, 5, 1, 5, 2, 3] [3, 3, 3, 5, 6, 6, 7, 4, 7, 4, 3, 7, 6, 3, 4, 6, 3, 3, 7, 4, 3, 5, 3, 1, 7, 5, 8, 4, 4, 3, 6, 6, 4, 4, 3, 6, 3, 7, 3, 3]
B_10 28.839999999999996 B 30 [5, 5, 1, 5, 6, 3, 6, 2, 3, 5, 1, 5, 5, 4, 6, 5, 2, 1, 5, 6, 2, 2, 6, 4, 3, 1, 2, 4, 2, 4, 2, 2, 3, 3, 3, 4, 2, 3, 5, 3] [6, 6, 3, 5, 6, 3, 6, 2, 3, 6, 2, 6, 7, 6, 8, 6, 3, 1, 7, 6, 4, 3, 6, 4, 5, 2, 3, 5, 2, 6, 4, 3, 3, 5, 4, 5, 2, 3, 6, 4]
B_11 29.839999999999996 B 31 [6, 5, 5, 3, 4, 5, 5, 6, 5, 2, 3, 4, 1, 4, 5, 2, 3, 5, 6, 1, 1, 6, 6, 4, 3, 3, 5, 6, 4, 5, 2, 6, 5, 6, 3, 3, 3, 3, 2, 2] [6, 7, 6, 4, 4, 5, 5, 7, 5, 4, 4, 4, 3, 5, 6, 4, 5, 7, 8, 1, 3, 6, 8, 6, 3, 4, 6, 8, 6, 6, 3, 7, 7, 6, 4, 3, 5, 3, 3, 4]
B_12 30.839999999999996 B 32 [2, 1, 1, 1, 3, 1, 5, 5, 3, 1, 5, 2, 6, 5, 5, 6, 2, 3, 3, 1, 3, 5, 5, 3, 1, 3, 6, 2, 4, 3, 3, 5, 4, 1, 3, 3, 5, 6, 4, 5] [4, 1, 1, 3, 4, 3, 7, 5, 5, 3, 5, 4, 8, 6, 6, 7, 2, 5, 3, 2, 4, 6, 7, 4, 3, 5, 8, 3, 5, 4, 3, 7, 4, 1, 5, 3, 5, 7, 4, 5]
B_13 31.839999999999996 B 33 [3, 6, 2, 3, 5, 6, 4, 2, 4, 1, 4, 4, 6, 3, 2, 6, 3, 6, 1, 4, 5, 5, 6, 5, 5, 2, 3, 4, 6, 4, 3, 6, 1, 1, 6, 6, 6, 6, 4, 1] [3, 6, 2, 4, 6, 7, 5, 3, 5, 3, 6, 6, 6, 4, 4, 6, 3, 6, 1, 6, 7, 6, 6, 6, 7, 3, 3, 4, 8, 4, 5, 6, 1, 2, 7, 7, 6, 8, 6, 3]
B_14 32.839999999999996 B 34 [1, 4, 5, 5, 4, 4, 4, 5, 5, 5, 2, 2, 2, 6, 3, 3, 2, 5, 6, 1, 2, 1, 2, 4, 6, 2, 3, 5, 3, 3, 3, 3, 3, 6, 5, 6, 6, 1, 4, 5] [3, 5, 6, 7, 4, 5, 5, 7, 5, 6, 3, 3, 2, 8, 5, 3, 3, 7, 6, 3, 2, 3, 3, 6, 8, 4, 4, 5, 3, 3, 4, 4, 5, 7, 6, 6, 6, 2, 6, 7]
B_15 33.839999999999996 B 35 [2, 4, 6, 6, 6, 4, 2, 1, 4, 5, 3, 2, 5, 4, 1, 4, 2, 1, 4, 3, 6, 6, 1, 5, 1, 4, 5, 5, 5, 5, 4, 3, 3, 6, 6, 3, 6, 1, 5, 1] [2, 5, 7, 8, 8, 5, 3, 3, 4, 7, 3, 2, 6, 5, 3, 6, 4, 3, 6, 5, 8, 6, 1, 5, 3, 4, 7, 6, 6, 6, 5, 3, 3, 7, 6, 5, 6, 2, 7, 2]
B_16 35.91 B 36 [1, 5, 1, 5, 3, 3, 4, 4, 6, 2, 3, 3, 2, 2, 4, 6, 2, 2, 2, 5, 6, 2, 1, 3, 4, 6, 3, 5, 6, 1, 2, 3, 5, 6, 6, 6, 6, 4, 1, 4] [2, 6, 1, 5, 3, 4, 5, 5, 7, 3, 4, 4, 2, 2, 5, 6, 3, 2, 3, 5, 7, 4, 3, 4, 4, 6, 4, 7, 6, 3, 2, 5, 5, 6, 6, 6, 8, 5, 1, 6]
B_17 37.76 B 37 [2, 4, 6, 6, 6, 1, 3, 4, 2, 5, 6, 1, 4, 3, 6, 4, 3, 4, 1, 2, 4, 4, 4, 5, 2, 2, 1, 1, 2, 5, 3, 3, 6, 6, 1, 1, 4, 6, 1, 6] [4, 6, 6, 8, 7, 3, 5, 5, 2, 5, 8, 2, 5, 5, 7, 5, 4, 4, 1, 2, 4, 5, 5, 5, 2, 2, 1, 3, 4, 7, 3, 3, 7, 8, 2, 2, 5, 6, 1, 6]
B_18 39.089999999999996 B 38 [5, 3, 1, 3, 4, 5, 5, 5, 2, 3, 4, 2, 3, 2, 3, 4, 3, 4, 3, 3, 4, 2, 5, 1, 4, 4, 6, 6, 2, 2, 5, 2, 4, 4, 4, 5, 1, 1, 4, 6] [7, 5, 1, 3, 4, 6, 6, 6, 3, 5, 6, 2, 4, 4, 4, 4, 4, 4, 5, 4, 6, 3, 6, 2, 5, 4, 8, 8, 2, 3, 6, 3, 4, 6, 6, 7, 1, 1, 4, 6]
B_19 40.089999999999996 B 39 [1, 5, 6, 5, 5, 2, 6, 4, 5, 3, 4, 5, 6, 5, 2, 3, 3, 1, 5, 2, 6, 6, 1, 5, 5, 6, 2, 6, 4, 3, 3, 2, 5, 1, 5, 1, 4, 6, 6, 4] [3, 6, 7, 6, 6, 3, 8, 4, 7, 3, 6, 7, 8, 6, 2, 4, 5, 3, 7, 3, 8, 6, 1, 5, 5, 6, 2, 6, 6, 3, 4, 4, 5, 3, 7, 2, 6, 6, 6, 5]
