A_0 1.58 A 0 [4, 5, 2, 5, 2, 1, 3, 2, 5, 4, 4, 4, 6, 4, 1, 4, 2, 5, 4, 1, 5, 1, 1, 3, 6, 6, 3, 3, 4, 2, 4, 3, 5, 4, 4, 5, 3, 2, 5, 1] [6, 5, 2, 7, 3, 2, 3, 4, 5, 5, 5, 5, 8, 5, 3, 4, 4, 7, 4, 3, 5, 1, 2, 4, 7, 8, 3, 4, 6, 2, 6, 5, 6, 6, 5, 6, 4, 4, 7, 1]
A_1 2.58 A 1 [5, 2, 2, 3, 3, 1, 2, 6, 6, 2, 5, 5, 4, 4, 6, 3, 4, 5, 3, 5, 6, 3, 1, 1, 1, 4, 1, 1, 3, 2, 3, 3, 5, 4, 3, 6, 5, 2, 2, 1] [5, 4, 2, 3, 3, 1, 2, 7, 7, 4, 7, 5, 4, 6, 7, 5, 6, 5, 4, 6, 7, 5, 1, 1, 3, 4, 3, 1, 3, 2, 5, 4, 7, 6, 4, 8, 5, 3, 3, 3]
A_2 5.48 A 2 [2, 2, 5, 3, 3, 6, 3, 2, 5, 6, 5, 4, 6, 5, 1, 2, 2, 5, 4, 2, 4, 5, 5, 6, 6, 2, 2, 6, 1, 2, 5, 2, 2, 2, 6, 1, 3, 2, 1, 2] [2, 2, 6, 5, 3, 8, 5, 2, 5, 7, 5, 6, 6, 7, 3, 3, 4, 7, 4, 2, 4, 7, 5, 6, 8, 2, 3, 7, 2, 3, 6, 4, 2, 2, 7, 3, 5, 3, 1, 4]
A_3 6.48 A 3 [5, 3, 3, 5, 5, 5, 5, 6, 3, 2, 1, 3, 6, 3, 1, 5, 3, 5, 3, 2, 1, 6, 2, 2, 6, 5, 4, 3, 6, 5, 6, 2, 3, 5, 2, 6, 3, 1, 1, 5] [7, 3, 5, 6, 7, 5, 5, 6, 3, 3, 3, 5, 7, 3, 3, 7, 3, 6, 4, 2, 3, 6, 3, 2, 6, 5, 4, 5, 8, 7, 8, 2, 3, 6, 2, 6, 3, 1, 2, 6]
A_4 8.700000000000001 A 4 [2, 3, 3, 5, 2, 3, 4, 1, 4, 5, 1, 5, 3, 3, 6, 1, 2, 3, 5, 4, 1, 3, 6, 1, 5, 3, 1, 2, 6, 5, 5, 6, 6, 1, 1, 1, 3, 2, 6, 1] [3, 3, 3, 7, 4, 5, 5, 2, 4, 6, 2, 6, 3, 5, 8, 3, 3, 4, 5, 4, 1, 4, 8, 1, 6, 4, 3, 3, 6, 5, 7, 7, 6, 2, 3, 3, 3, 3, 6, 2]
A_5 9.700000000000001 A 5 [1, 1, 6, 5, 3, 4, 4, 6, 2, 2, 1, 3, 5, 3, 6, 3, 4, 4, 2, 2, 3, 1, 3, 5, 6, 2, 4, 4, 3, 2, 4, 4, 6, 4, 4, 4, 4, 4, 1, 2] [2, 1, 8, 5, 5, 6, 6, 6, 4, 4, 3, 5, 7, 3, 7, 3, 5, 5, 2, 2, 5, 1, 4, 5, 6, 2, 4, 6, 4, 2, 4, 6, 6, 4, 4, 6, 6, 4, 3, 3]
A_6 11.75 A 6 [3, 2, 3, 5, 4, 4, 3, 2, 5, 1, 5, 2, 1, 4, 5, 1, 2, 3, 3, 1, 3, 2, 2, 4, 3, 4, 2, 5, 5, 3, 4, 3, 1, 1, 5, 3, 5, 1, 2, 4] [3, 2, 5, 5, 5, 6, 3, 2, 6, 3, 6, 2, 1, 5, 7, 2, 2, 4, 4, 1, 3, 2, 3, 5, 3, 5, 3, 7, 7, 4, 5, 3, 3, 2, 5, 3, 6, 3, 3, 5]
A_7 13.16 A 7 [2, 6, 2, 6, 1, 6, 2, 6, 1, 6, 1, 4, 5, 6, 5, 4, 6, 4, 4, 5, 6, 3, 1, 1, 4, 4, 6, 4, 2, 6, 2, 6, 1, 6, 4, 6, 6, 4, 3, 3] [4, 7, 2, 6, 2, 6, 2, 6, 2, 6, 1, 5, 7, 8, 5, 4, 6, 4, 6, 5, 6, 5, 2, 3, 5, 6, 7, 5, 4, 8, 3, 8, 3, 6, 4, 7, 6, 5, 5, 5]
A_8 14.16 A 8 [5, 6, 5, 3, 4, 2, 5, 1, 6, 3, 3, 3, 4, 2, 6, 4, 3, 3, 4, 2, 4, 4, 4, 5, 2, 3, 2, 3, 4, 5, 6, 3, 3, 3, 1, 4, 3, 6, 5, 1] [5, 7, 5, 3, 4, 4, 6, 2, 7, 4, 3, 4, 6, 2, 6, 6, 4, 3, 4, 3, 5, 4, 5, 6, 4, 4, 2, 5, 5, 5, 6, 4, 3, 4, 1, 6, 3, 8, 6, 2]
A_9 15.16 A 9 [4, 2, 6, 2, 5, 2, 1, 6, 3, 2, 1, 3, 5, 2, 4, 2, 1, 3, 3, 1, 4, 4, 1, 1, 3, 4, 4, 4, 3, 3, 4, 1, 2, 4, 6, 3, 6, 1, 6, 3] [5, 4, 7, 3, 6, 4, 3, 6, 4, 2, 1, 3, 7, 2, 4, 2, 3, 5, 3, 3, 6, 4, 3, 1, 4, 5, 6, 4, 4, 3, 6, 3, 3, 6, 7, 3, 6, 1, 8, 3]
A_10 16.16 A 10 [4, 5, 5, 1, 1, 1, 5, 1, 3, 1, 2, 5, 2, 5, 1, 2, 6, 1, 3, 2, 5, 1, 5, 4, 6, 4, 2, 3, 6, 2, 3, 3, 6, 2, 3, 2, 1, 3, 6, 3] [5, 7, 5, 3, 2, 3, 6, 1, 3, 1, 3, 6, 2, 5, 3, 3, 7, 3, 3, 2, 5, 2, 5, 5, 7, 4, 3, 5, 7, 2, 3, 4, 7, 2, 5, 3, 2, 4, 6, 3]
A_11 17.16 A 11 [4, 5, 4, 3, 5, 3, 2, 4, 3, 3, 5, 3, 2, 5, 3, 6, 5, 4, 5, 3, 3, 1, 1, 4, 3, 6, 1, 4, 5, 3, 1, 3, 5, 6, 2, 6, 4, 6, 6, 2] [5, 5, 6, 5, 6, 5, 2, 5, 4, 3, 6, 5, 4, 6, 4, 7, 7, 6, 7, 5, 3, 2, 1, 4, 3, 8, 2, 4, 7, 5, 3, 4, 5, 6, 4, 6, 5, 7, 7, 3]
A_12 18.84 A 12 [6, 4, 6, 6, 3, 5, 1, 5, 4, 5, 2, 2, 1, 4, 4, 4, 3, 2, 5, 1, 1, 2, 5, 5, 6, 6, 4, 3, 2, 6, 2, 1, 4, 2, 6, 6, 1, 5, 5, 2] [8, 4, 6, 7, 3, 7, 1, 7, 6, 7, 2, 4, 3, 6, 5, 4, 3, 2, 7, 1, 3, 2, 6, 7, 7, 7, 6, 3, 4, 8, 2, 2, 5, 3, 7, 7, 1, 5, 5, 3]
A_13 19.84 A 13 [4, 4, 5, 3, 3, 3, 4, 6, 2, 2, 5, 5, 4, 2, 1, 5, 4, 1, 6, 2, 6, 3, 2, 6, 6, 2, 5, 4, 5, 5, 6, 3, 4, 2, 3, 1, 6, 4, 5, 3] [5, 6, 7, 3, 5, 3, 5, 8, 2, 2, 5, 6, 6, 2, 1, 7, 4, 2, 8, 3, 8, 4, 4, 7, 8, 2, 5, 6, 6, 6, 8, 4, 6, 4, 3, 2, 7, 4, 7, 4]
A_14 22.92 A 14 [1, 6, 1, 1, 6, 6, 5, 5, 6, 4, 1, 3, 4, 1, 3, 4, 5, 2, 1, 4, 6, 3, 4, 3, 4, 1, 4, 1, 2, 5, 2, 3, 3, 4, 4, 3, 5, 1, 3, 5] [3, 7, 3, 3, 8, 7, 7, 5, 6, 4, 3, 4, 5, 1, 5, 4, 6, 2, 1, 6, 8, 5, 6, 4, 5, 1, 4, 2, 4, 5, 4, 3, 4, 6, 6, 5, 5, 1, 3, 6]
A_15 23.92 A 15 [4, 3, 2, 5, 1, 3, 1, 4, 4, 2, 2, 6, 4, 5, 4, 4, 3, 5, 2, 1, 1, 4, 1, 6, 6, 4, 6, 6, 2, 2, 2, 1, 3, 2, 4, 4, 5, 1, 6, 2] [4, 5, 3, 7, 3, 3, 2, 4, 6, 2, 3, 7, 4, 7, 4, 5, 4, 5, 4, 1, 3, 4, 3, 8, 6, 5, 8, 7, 2, 3, 4, 1, 5, 4, 4, 4, 6, 3, 6, 4]
A_16 33.5 A 16 [2, 4, 2, 3, 2, 4, 2, 6, 3, 1, 6, 5, 3, 4, 5, 3, 5, 5, 2, 2, 6, 1, 5, 1, 1, 4, 6, 5, 1, 3, 4, 1, 3, 6, 6, 2, 6, 1, 2, 1] [4, 6, 4, 3, 3, 5, 2, 6, 4, 3, 7, 7, 3, 4, 6, 4, 5, 5, 3, 2, 6, 3, 6, 3, 1, 4, 6, 6, 3, 4, 4, 2, 3, 8, 6, 3, 8, 2, 4, 2]
A_17 34.5 A 17 [5, 5, 5, 5, 3, 4, 3, 4, 3, 3, 1, 4, 2, 1, 2, 5, 5, 1, 2, 4, 3, 1, 6, 1, 5, 6, 4, 4, 5, 1, 2, 6, 5, 4, 2, 1, 1, 2, 5, 5] [7, 5, 7, 6, 4, 5, 4, 4, 3, 5, 3, 6, 2, 2, 2, 5, 5, 2, 4, 4, 3, 2, 6, 3, 6, 7, 6, 4, 7, 2, 3, 6, 6, 6, 3, 1, 2, 2, 6, 6]
A_18 35.66 A 18 [4, 3, 4, 3, 5, 2, 3, 4, 4, 3, 3, 5, 5, 6, 1, 2, 2, 2, 4, 2, 2, 1, 2, 1, 3, 5, 6, 4, 5, 6, 6, 3, 3, 2, 3, 2, 2, 4, 5, 1] [4, 4, 4, 4, 5, 2, 4, 6, 4, 3, 3, 7, 7, 8, 1, 4, 3, 4, 4, 3, 3, 2, 3, 3, 3, 5, 8, 6, 6, 6, 8, 5, 4, 2, 5, 2, 3, 4, 5, 1]
A_19 36.959999999999994 A 19 [1, 5, 2, 2, 4, 2, 1, 5, 2, 1, 2, 3, 1, 2, 4, 1, 2, 4, 2, 4, 3, 4, 2, 2, 3, 2, 1, 3, 3, 6, 3, 1, 3, 4, 3, 5, 5, 5, 2, 1] [3, 6, 2, 2, 4, 2, 1, 5, 3, 3, 2, 5, 1, 3, 6, 1, 2, 4, 3, 5, 3, 6, 2, 3, 4, 3, 1, 4, 3, 8, 5, 3, 5, 4, 4, 7, 5, 6, 2, 3]
B_0 1.7 B 20 [5, 6, 4, 1, 1, 3, 3, 6, 4, 4, 5, 3, 1, 6, 6, 1, 6, 3, 2, 3, 5, 5, 2, 6, 6, 4, 5, 6, 1, 3, 1, 1, 6, 6, 3, 2, 2, 1, 2, 1] [5, 7, 4, 3, 1, 5, 3, 6, 5, 6, 5, 3, 3, 8, 8, 3, 6, 3, 3, 3, 5, 7, 4, 6, 6, 5, 5, 6, 3, 4, 2, 2, 8, 6, 3, 3, 3, 3, 3, 3]
B_1 2.7 B 21 [1, 3, 5, 6, 3, 1, 2, 3, 4, 4, 1, 1, 2, 3, 3, 4, 1, 1, 1, 4, 5, 2, 1, 5, 2, 2, 6, 1, 6, 1, 2, 5, 1, 6, 6, 3, 2, 4, 4, 4] [1, 5, 7, 6, 4, 1, 2, 5, 4, 4, 2, 2, 2, 4, 5, 4, 3, 2, 2, 6, 7, 3, 2, 7, 4, 2, 7, 3, 8, 1, 2, 5, 1, 6, 8, 4, 2, 4, 6, 6]
B_2 3.7 B 22 [1, 1, 5, 2, 6, 3, 2, 1, 4, 1, 5, 1, 5, 2, 4, 1, 5, 6, 2, 2, 2, 1, 2, 3, 5, 6, 6, 2, 6, 2, 2, 4, 5, 6, 3, 6, 2, 1, 3, 2] [2, 1, 5, 3, 8, 4, 3, 2, 5, 3, 5, 1, 6, 4, 6, 3, 6, 6, 3, 2, 4, 2, 4, 5, 6, 8, 6, 3, 7, 3, 4, 4, 6, 8, 5, 8, 3, 1, 4, 3]
B_3 9.67 B 23 [3, 1, 6, 2, 1, 5, 4, 1, 5, 1, 4, 4, 5, 6, 3, 6, 1, 1, 1, 2, 6, 5, 3, 2, 6, 1, 1, 1, 4, 3, 1, 1, 6, 6, 6, 2, 1, 2, 1, 2] [4, 1, 6, 2, 1, 5, 5, 3, 6, 1, 5, 4, 7, 7, 4, 8, 3, 3, 3, 3, 6, 7, 5, 2, 6, 2, 2, 1, 4, 3, 2, 1, 7, 8, 8, 3, 3, 3, 3, 3]
B_4 13.18 B 24 [6, 1, 6, 6, 5, 6, 3, 4, 2, 3, 6, 3, 6, 6, 4, 6, 1, 5, 3, 3, 6, 2, 5, 6, 1, 1, 6, 6, 4, 3, 3, 2, 6, 1, 6, 2, 4, 5, 1, 4] [7, 3, 8, 6, 6, 6, 3, 5, 4, 4, 7, 3, 7, 8, 5, 6, 1, 6, 3, 4, 6, 4, 6, 6, 1, 2, 8, 6, 5, 3, 5, 4, 6, 2, 7, 3, 5, 5, 3, 5]
B_5 14.18 B 25 [6, 4, 2, 5, 3, 2, 4, 4, 3, 4, 4, 6, 6, 2, 1, 4, 4, 6, 5, 2, 4, 2, 6, 1, 1, 3, 1, 5, 5, 3, 5, 5, 3, 4, 6, 4, 6, 4, 3, 4] [8, 4, 2, 5, 4, 2, 5, 6, 4, 5, 4, 8, 7, 2, 1, 5, 4, 7, 5, 3, 5, 2, 8, 2, 2, 3, 2, 6, 5, 5, 7, 5, 5, 6, 7, 5, 6, 4, 5, 6]
B_6 16.97 B 26 [3, 1, 2, 4, 1, 4, 2, 6, 2, 4, 2, 1, 4, 5, 4, 6, 6, 4, 6, 1, 5, 6, 6, 1, 6, 1, 4, 5, 3, 4, 2, 4, 6, 4, 4, 3, 2, 4, 4, 4] [3, 3, 3, 4, 3, 4, 3, 7, 2, 6, 3, 2, 6, 5, 4, 8, 6, 6, 8, 1, 5, 7, 6, 2, 8, 2, 6, 6, 5, 5, 3, 5, 6, 5, 5, 4, 2, 4, 4, 5]
B_7 18.18 B 27 [3, 1, 6, 3, 2, 4, 5, 4, 3, 4, 3, 4, 3, 4, 1, 6, 5, 4, 4, 3, 6, 1, 2, 1, 6, 5, 5, 1, 4, 2, 2, 1, 3, 1, 6, 5, 2, 3, 1, 3] [4, 1, 7, 5, 3, 6, 7, 5, 5, 4, 5, 4, 3, 6, 2, 7, 6, 4, 6, 4, 6, 3, 3, 1, 6, 6, 6, 1, 6, 3, 3, 3, 4, 3, 7, 7, 3, 5, 1, 5]
B_8 20.83 B 28 [4, 3, 1, 6, 6, 3, 5, 2, 4, 3, 6, 5, 2, 5, 2, 2, 1, 5, 5, 3, 1, 6, 6, 4, 4, 5, 3, 4, 1, 4, 2, 4, 3, 4, 4, 6, 3, 4, 2, 1] [6, 3, 2, 8, 6, 4, 7, 4, 5, 4, 7, 7, 4, 6, 4, 2, 3, 7, 6, 3, 3, 8, 7, 4, 5, 5, 5, 6, 1, 5, 3, 4, 3, 4, 4, 8, 3, 6, 4, 2]
B_9 22.65 B 29 [2, 2, 2, 5, 5, 2, 3, 6, 5, 3, 2, 3, 6, 5, 5, 2, 3, 1, 6, 6, 3, 1, 2, 3, 3, 3, 4, 2, 4, 1, 3, 2, 1, 4, 3, 4, 4, 6, 4, 6] [2, 2, 3, 7, 5, 2, 4, 8, 5, 3, 2, 5, 8, 6, 5, 3, 4, 2, 6, 8, 4, 1, 3, 3, 3, 5, 5, 3, 5, 2, 5, 4, 3, 6, 5, 4, 5, 6, 5, 8]
B_10 23.65 B 30 [4, 3, 5, 6, 5, 4, 4, 2, 6, 4, 3, 1, 2, 6, 2, 2, 4, 2, 6, 3, 1, 2, 2, 1, 3, 5, 2, 2, 2, 3, 2, 2, 6, 2, 4, 6, 2, 1, 6, 6] [6, 5, 6, 8, 7, 4, 5, 3, 6, 6, 3, 3, 2, 8, 4, 4, 4, 3, 8, 5, 2, 2, 4, 2, 5, 7, 3, 3, 3, 5, 3, 4, 6, 3, 5, 8, 3, 1, 6, 8]
B_11 25.16 B 31 [3, 3, 2, 2, 6, 4, 3, 6, 3, 1, 3, 3, 1, 3, 3, 1, 1, 6, 3, 1, 1, 5, 4, 1, 2, 5, 4, 1, 4, 2, 2, 4, 4, 1, 2, 5, 1, 1, 2, 5] [5, 4, 4, 2, 7, 6, 3, 8, 4, 3, 4, 4, 2, 4, 3, 1, 2, 6, 5, 3, 2, 5, 4, 1, 4, 5, 5, 3, 4, 4, 4, 5, 5, 1, 2, 7, 3, 1, 4, 5]
B_12 26.16 B 32 [5, 5, 2, 3, 6, 6, 1, 1, 3, 2, 6, 5, 4, 4, 3, 3, 3, 5, 3, 3, 6, 1, 5, 6, 6, 3, 6, 3, 3, 1, 6, 4, 2, 6, 4, 1, 3, 6, 2, 3] [6, 7, 2, 3, 6, 6, 3, 3, 3, 3, 7, 5, 5, 6, 4, 5, 3, 6, 4, 5, 8, 1, 6, 7, 6, 5, 6, 4, 3, 3, 6, 5, 4, 8, 5, 1, 3, 7, 2, 3]
B_13 28.6 B 33 [4, 4, 2, 5, 1, 4, 1, 6, 3, 4, 2, 6, 2, 2, 4, 2, 6, 4, 2, 4, 6, 6, 6, 6, 1, 4, 4, 1, 4, 4, 2, 1, 6, 5, 5, 1, 5, 1, 5, 2] [6, 6, 2, 6, 2, 4, 2, 6, 4, 6, 2, 6, 3, 4, 6, 4, 8, 6, 2, 4, 6, 6, 8, 8, 2, 6, 5, 3, 4, 6, 3, 1, 8, 7, 7, 1, 6, 2, 5, 4]
B_14 31.26 B 34 [4, 3, 6, 2, 1, 4, 5, 4, 1, 6, 3, 2, 6, 3, 4, 4, 6, 2, 3, 3, 3, 6, 3, 6, 6, 6, 4, 6, 4, 3, 4, 2, 4, 5, 3, 5, 2, 5, 2, 4] [5, 4, 7, 2, 3, 4, 5, 4, 1, 7, 5, 4, 7, 3, 6, 4, 6, 3, 5, 4, 3, 8, 5, 8, 7, 7, 5, 7, 4, 5, 5, 2, 5, 7, 5, 5, 2, 5, 3, 5]
B_15 32.260000000000005 B 35 [5, 6, 1, 6, 1, 4, 3, 6, 4, 3, 2, 6, 6, 1, 3, 4, 2, 1, 2, 5, 2, 3, 6, 2, 2, 4, 3, 5, 6, 4, 6, 5, 1, 1, 5, 6, 5, 2, 3, 4] [6, 8, 3, 6, 3, 6, 3, 7, 6, 3, 3, 6, 7, 2, 5, 4, 3, 1, 2, 7, 3, 4, 8, 3, 3, 5, 4, 7, 8, 4, 8, 7, 1, 1, 5, 7, 7, 2, 3, 4]
B_16 33.260000000000005 B 36 [3, 5, 3, 3, 3, 4, 5, 6, 3, 6, 1, 4, 1, 6, 5, 5, 6, 1, 2, 5, 2, 2, 2, 1, 4, 6, 2, 2, 3, 4, 2, 1, 3, 5, 2, 5, 1, 5, 3, 4] [4, 5, 5, 3, 3, 6, 6, 6, 3, 6, 2, 5, 1, 7, 5, 6, 8, 2, 3, 5, 3, 2, 3, 3, 5, 6, 2, 3, 3, 5, 3, 3, 3, 6, 2, 7, 3, 5, 4, 6]
B_17 34.260000000000005 B 37 [2, 2, 2, 1, 2, 4, 1, 4, 6, 1, 3, 6, 5, 4, 1, 1, 1, 2, 4, 5, 1, 4, 1, 2, 5, 4, 4, 3, 4, 6, 1, 1, 6, 1, 5, 2, 5, 5, 1, 4] [4, 3, 3, 1, 3, 4, 3, 5, 8, 1, 4, 7, 5, 4, 1, 3, 2, 2, 4, 6, 3, 4, 1, 3, 5, 4, 4, 5, 6, 6, 1, 1, 7, 2, 5, 2, 5, 7, 3, 6]
B_18 35.260000000000005 B 38 [5, 2, 1, 1, 6, 1, 2, 3, 5, 6, 6, 6, 5, 5, 3, 6, 2, 5, 5, 2, 2, 4, 3, 1, 1, 3, 4, 1, 2, 4, 6, 2, 2, 5, 2, 3, 3, 1, 6, 2] [7, 3, 1, 2, 6, 3, 3, 5, 6, 8, 6, 7, 5, 7, 3, 6, 4, 6, 5, 2, 3, 6, 4, 3, 3, 5, 4, 1, 4, 5, 6, 4, 2, 5, 3, 3, 4, 3, 6, 3]
B_19 36.71000000000001 B 39 [1, 1, 2, 5, 1, 2, 4, 3, 1, 3, 3, 2, 2, 3, 5, 2, 1, 5, 1, 1, 1, 4, 2, 2, 4, 4, 4, 3, 1, 6, 6, 5, 3, 2, 4, 4, 4, 4, 2, 3] [1, 3, 4, 6, 2, 3, 5, 5, 2, 3, 3, 3, 3, 4, 6, 4, 2, 6, 1, 3, 3, 6, 3, 3, 5, 6, 5, 5, 2, 8, 8, 5, 3, 4, 5, 4, 6, 6, 3, 3]
