A_0 1 A 0 [2, 4, 2, 1, 1, 1, 1, 4, 1, 3, 5, 3, 1, 6, 3, 2, 4, 4, 2, 3, 3, 6, 4, 2, 1, 6, 2, 4, 4, 2, 5, 5, 6, 4, 4, 3, 5, 3, 6, 1] [4, 8, 5, 3, 5, 3, 5, 6, 3, 7, 8, 6, 5, 10, 5, 5, 8, 7, 4, 6, 7, 10, 7, 4, 5, 9, 6, 7, 8, 6, 9, 8, 9, 6, 8, 5, 7, 6, 10, 5]
A_1 2 A 1 [4, 4, 3, 4, 6, 1, 4, 3, 1, 4, 1, 1, 6, 6, 2, 3, 5, 5, 6, 3, 6, 1, 5, 1, 5, 1, 3, 5, 3, 6, 5, 4, 5, 1, 5, 4, 1, 6, 1, 3] [8, 8, 5, 7, 8, 4, 8, 7, 5, 8, 3, 4, 8, 9, 5, 7, 8, 7, 8, 5, 10, 5, 7, 3, 9, 4, 6, 9, 5, 8, 7, 8, 7, 3, 7, 7, 3, 10, 4, 6]
A_2 3 A 2 [2, 3, 6, 6, 2, 1, 5, 3, 6, 1, 6, 5, 4, 1, 6, 6, 3, 1, 6, 2, 3, 4, 4, 3, 4, 4, 6, 3, 5, 4, 2, 6, 2, 1, 3, 4, 3, 1, 5, 5] [5, 5, 9, 10, 5, 5, 9, 7, 9, 5, 8, 8, 6, 4, 10, 10, 7, 3, 9, 5, 6, 8, 7, 5, 6, 7, 10, 7, 9, 6, 5, 8, 5, 3, 7, 7, 7, 3, 8, 9]
A_3 4.88 A 3 [1, 4, 6, 1, 5, 3, 1, 2, 6, 3, 6, 3, 3, 5, 2, 3, 4, 3, 2, 3, 6, 5, 5, 2, 5, 1, 3, 6, 1, 2, 3, 2, 3, 3, 6, 3, 5, 5, 4, 6] [3, 7, 10, 4, 8, 5, 3, 4, 8, 6, 10, 6, 7, 8, 5, 5, 8, 7, 4, 7, 9, 7, 7, 4, 9, 3, 5, 9, 3, 6, 5, 4, 7, 5, 10, 6, 8, 9, 6, 9]
A_4 8.08 A 4 [1, 6, 2, 5, 6, 1, 3, 6, 3, 3, 1, 6, 4, 6, 4, 2, 6, 3, 4, 3, 5, 1, 5, 6, 3, 4, 5, 2, 1, 2, 6, 6, 3, 1, 6, 1, 2, 3, 6, 1] [5, 8, 5, 8, 8, 3, 7, 9, 5, 6, 4, 9, 6, 8, 6, 5, 8, 6, 7, 5, 8, 4, 8, 8, 6, 7, 9, 6, 5, 6, 8, 8, 6, 3, 8, 3, 5, 7, 10, 5]
A_5 10.379999999999999 A 5 [1, 1, 1, 3, 1, 3, 5, 1, 1, 4, 1, 5, 5, 2, 1, 3, 5, 3, 1, 1, 1, 3, 6, 6, 1, 2, 4, 5, 3, 1, 4, 5, 6, 2, 2, 6, 6, 1, 1, 2] [3, 4, 5, 5, 3, 7, 7, 3, 5, 6, 4, 8, 7, 4, 3, 6, 9, 7, 4, 4, 3, 5, 8, 10, 3, 6, 7, 8, 5, 3, 7, 9, 10, 6, 5, 10, 8, 3, 4, 6]
A_6 11.959999999999999 A 6 [1, 4, 5, 1, 3, 5, 6, 2, 3, 6, 3, 4, 5, 2, 1, 3, 6, 1, 1, 3, 6, 5, 1, 3, 3, 6, 2, 2, 2, 1, 5, 4, 6, 3, 6, 5, 5, 6, 3, 3] [5, 8, 9, 3, 7, 7, 8, 5, 7, 9, 7, 6, 8, 4, 4, 5, 10, 3, 3, 7, 9, 7, 5, 5, 5, 8, 5, 5, 5, 3, 7, 6, 8, 7, 10, 8, 7, 9, 6, 7]
A_7 16.34 A 7 [4, 3, 3, 2, 6, 1, 2, 4, 6, 2, 4, 5, 2, 2, 1, 3, 3, 3, 1, 4, 4, 3, 5, 1, 3, 1, 1, 2, 1, 2, 6, 4, 1, 3, 3, 6, 5, 5, 6, 5] [6, 7, 7, 4, 9, 3, 5, 6, 9, 4, 6, 9, 6, 6, 4, 6, 5, 5, 4, 6, 7, 7, 9, 5, 6, 5, 4, 5, 4, 6, 10, 8, 5, 7, 5, 8, 8, 8, 9, 9]
A_8 17.34 A 8 [1, 1, 6, 6, 3, 1, 3, 6, 3, 3, 3, 5, 1, 1, 5, 1, 5, 6, 6, 1, 2, 5, 2, 4, 2, 6, 2, 6, 4, 4, 6, 3, 3, 5, 4, 3, 1, 1, 3, 3] [3, 5, 9, 8, 5, 5, 7, 9, 6, 5, 7, 9, 4, 5, 8, 4, 7, 8, 10, 3, 4, 8, 5, 7, 6, 9, 5, 9, 8, 6, 9, 6, 5, 9, 8, 7, 3, 5, 5, 6]
A_9 18.34 A 9 [3, 4, 1, 3, 3, 4, 6, 2, 3, 6, 4, 4, 1, 2, 3, 1, 2, 3, 4, 4, 6, 2, 1, 4, 2, 6, 3, 6, 2, 4, 6, 5, 5, 3, 5, 1, 6, 5, 4, 5] [7, 8, 5, 6, 6, 6, 9, 4, 5, 8, 6, 8, 3, 5, 7, 5, 6, 6, 7, 8, 8, 5, 3, 8, 6, 9, 6, 9, 4, 7, 8, 8, 9, 7, 7, 4, 10, 9, 7, 9]
A_10 20.13 A 10 [5, 1, 6, 6, 1, 1, 3, 4, 3, 4, 5, 1, 6, 4, 4, 5, 6, 5, 4, 1, 6, 6, 2, 1, 1, 4, 2, 4, 3, 5, 6, 5, 1, 4, 4, 1, 4, 4, 2, 3] [8, 3, 8, 10, 4, 4, 7, 6, 7, 6, 9, 3, 8, 7, 7, 8, 9, 8, 7, 5, 10, 10, 4, 4, 4, 6, 5, 8, 6, 7, 9, 8, 3, 7, 6, 5, 7, 6, 6, 6]
A_11 21.72 A 11 [3, 1, 5, 3, 6, 5, 4, 5, 5, 4, 1, 6, 4, 4, 1, 5, 1, 1, 3, 3, 5, 5, 1, 4, 4, 4, 1, 6, 5, 3, 4, 6, 1, 3, 6, 1, 1, 1, 3, 1] [6, 4, 8, 6, 9, 8, 6, 9, 9, 8, 3, 10, 8, 6, 5, 7, 3, 4, 6, 5, 8, 8, 3, 7, 6, 7, 3, 10, 7, 5, 7, 10, 3, 6, 10, 4, 5, 3, 7, 3]
A_12 23.66 A 12 [1, 6, 4, 3, 4, 5, 5, 2, 1, 1, 6, 4, 4, 6, 3, 2, 4, 4, 4, 2, 1, 1, 2, 4, 1, 1, 3, 6, 1, 4, 4, 2, 6, 6, 3, 2, 6, 2, 5, 2] [5, 8, 6, 7, 6, 7, 8, 6, 4, 3, 8, 8, 7, 9, 6, 6, 8, 6, 7, 5, 5, 5, 6, 8, 3, 5, 6, 9, 4, 8, 8, 4, 8, 9, 5, 6, 9, 6, 9, 6]
A_13 24.66 A 13 [6, 6, 1, 5, 6, 2, 2, 2, 1, 2, 4, 4, 6, 6, 1, 4, 6, 2, 6, 4, 2, 1, 1, 3, 4, 5, 1, 6, 3, 1, 6, 5, 1, 2, 5, 4, 2, 2, 5, 3] [10, 9, 4, 8, 8, 4, 4, 6, 5, 5, 7, 6, 9, 9, 3, 7, 10, 5, 9, 7, 5, 5, 3, 6, 7, 9, 3, 8, 5, 3, 8, 8, 3, 6, 8, 6, 4, 4, 7, 7]
A_14 26.68 A 14 [3, 2, 6, 2, 4, 1, 1, 1, 5, 3, 4, 1, 3, 1, 3, 1, 6, 6, 6, 1, 5, 6, 6, 6, 2, 1, 6, 2, 2, 5, 1, 1, 1, 1, 4, 5, 5, 6, 4, 3] [5, 5, 10, 5, 6, 3, 4, 4, 8, 7, 7, 5, 6, 3, 5, 4, 9, 9, 8, 4, 9, 8, 10, 8, 4, 5, 9, 6, 5, 7, 3, 3, 5, 4, 8, 8, 9, 10, 8, 6]
A_15 27.68 A 15 [2, 3, 6, 3, 2, 3, 3, 3, 1, 1, 5, 5, 2, 4, 1, 5, 1, 4, 2, 4, 5, 4, 5, 3, 2, 2, 3, 5, 5, 4, 1, 6, 1, 3, 2, 1, 3, 6, 5, 3] [5, 7, 10, 5, 5, 6, 5, 6, 4, 5, 8, 7, 6, 7, 4, 8, 4, 6, 4, 8, 7, 7, 9, 6, 6, 5, 7, 8, 9, 7, 4, 10, 4, 6, 4, 3, 6, 8, 9, 6]
A_16 28.68 A 16 [4, 5, 3, 4, 6, 5, 6, 3, 5, 2, 6, 1, 4, 6, 6, 1, 3, 3, 6, 3, 4, 2, 5, 4, 2, 5, 1, 2, 5, 4, 4, 5, 2, 6, 2, 5, 5, 4, 5, 1] [8, 8, 7, 8, 8, 9, 10, 5, 7, 6, 9, 3, 8, 10, 9, 4, 5, 6, 9, 5, 8, 6, 7, 8, 5, 8, 4, 6, 8, 7, 7, 8, 5, 10, 6, 8, 8, 8, 9, 4]
A_17 29.85 A 17 [4, 5, 1, 3, 3, 3, 1, 3, 6, 3, 5, 1, 4, 2, 6, 4, 3, 5, 1, 4, 2, 4, 1, 2, 4, 4, 5, 2, 2, 2, 2, 6, 5, 5, 6, 4, 2, 1, 2, 5] [7, 7, 3, 7, 6, 7, 3, 5, 8, 6, 8, 4, 6, 5, 9, 6, 6, 7, 3, 7, 4, 6, 5, 4, 6, 6, 8, 5, 4, 4, 5, 10, 8, 9, 8, 6, 4, 4, 5, 8]
A_18 30.85 A 18 [2, 6, 6, 2, 4, 1, 1, 1, 6, 4, 4, 3, 4, 6, 6, 2, 6, 1, 4, 4, 3, 5, 2, 5, 6, 3, 3, 6, 6, 4, 3, 3, 2, 4, 5, 5, 6, 5, 2, 6] [4, 8, 9, 4, 7, 4, 3, 4, 10, 7, 7, 6, 7, 9, 8, 4, 9, 3, 8, 7, 6, 7, 5, 7, 10, 6, 7, 8, 9, 6, 6, 5, 6, 7, 8, 7, 9, 7, 6, 9]
A_19 31.85 A 19 [3, 3, 2, 3, 3, 1, 3, 4, 1, 4, 1, 3, 2, 4, 1, 4, 3, 4, 4, 4, 6, 2, 2, 6, 2, 2, 3, 2, 3, 1, 6, 3, 4, 3, 5, 6, 6, 1, 2, 1] [6, 5, 5, 7, 5, 4, 7, 6, 3, 8, 5, 5, 5, 7, 4, 8, 5, 7, 7, 6, 9, 4, 4, 9, 6, 5, 7, 5, 5, 5, 9, 5, 8, 6, 7, 10, 10, 4, 5, 4]
B_0 3.37 B 20 [3, 6, 3, 6, 5, 1, 6, 4, 2, 6, 6, 5, 1, 2, 5, 5, 4, 2, 3, 6, 4, 2, 1, 4, 4, 6, 4, 6, 1, 6, 2, 3, 1, 6, 1, 1, 2, 4, 2, 4] [7, 10, 6, 9, 8, 3, 9, 7, 4, 8, 10, 8, 5, 5, 9, 7, 8, 4, 6, 9, 8, 6, 3, 8, 7, 9, 7, 9, 3, 9, 4, 5, 5, 8, 5, 4, 6, 7, 6, 8]
B_1 4.37 B 21 [6, 1, 4, 5, 1, 3, 5, 3, 5, 2, 6, 5, 1, 1, 6, 4, 2, 4, 5, 2, 2, 2, 5, 1, 3, 2, 5, 4, 6, 1, 1, 3, 6, 2, 6, 4, 4, 6, 3, 1] [10, 5, 8, 7, 4, 5, 7, 7, 8, 5, 10, 8, 5, 5, 8, 7, 6, 6, 7, 4, 6, 6, 8, 4, 7, 6, 9, 7, 8, 4, 4, 7, 10, 5, 10, 7, 7, 9, 6, 4]
B_2 6.29 B 22 [4, 5, 4, 5, 5, 6, 1, 5, 2, 1, 2, 1, 2, 1, 6, 5, 5, 1, 2, 2, 1, 5, 6, 6, 1, 3, 6, 3, 2, 6, 6, 4, 4, 4, 3, 4, 1, 5, 6, 1] [7, 7, 7, 7, 8, 8, 5, 9, 5, 3, 4, 3, 6, 3, 10, 9, 7, 5, 5, 4, 3, 8, 9, 10, 5, 7, 8, 6, 4, 8, 8, 6, 8, 8, 6, 8, 3, 7, 9, 4]
B_3 7.46 B 23 [2, 1, 3, 2, 6, 6, 3, 1, 4, 4, 1, 4, 4, 3, 6, 3, 4, 2, 5, 6, 4, 1, 6, 5, 6, 3, 1, 5, 6, 4, 6, 5, 4, 6, 4, 3, 1, 2, 1, 2] [4, 3, 5, 4, 8, 10, 5, 5, 7, 8, 4, 7, 8, 6, 8, 6, 8, 4, 7, 9, 8, 4, 10, 7, 9, 7, 5, 7, 8, 8, 10, 9, 7, 8, 7, 5, 3, 5, 5, 5]
B_4 8.46 B 24 [1, 5, 4, 5, 3, 1, 3, 3, 2, 2, 1, 4, 1, 4, 2, 2, 2, 4, 6, 2, 4, 3, 1, 6, 2, 6, 5, 1, 2, 4, 4, 3, 5, 6, 3, 3, 2, 1, 2, 5] [5, 9, 6, 9, 6, 3, 5, 6, 6, 6, 4, 6, 3, 7, 4, 6, 5, 6, 10, 6, 7, 7, 5, 9, 5, 10, 7, 3, 6, 8, 8, 6, 7, 9, 6, 7, 4, 3, 4, 9]
B_5 11.780000000000001 B 25 [6, 1, 4, 1, 4, 2, 6, 1, 6, 6, 4, 4, 1, 5, 1, 2, 5, 4, 3, 2, 6, 2, 3, 3, 6, 1, 1, 3, 6, 1, 1, 6, 5, 5, 5, 5, 5, 3, 5, 5] [9, 4, 7, 3, 7, 6, 8, 5, 9, 9, 6, 7, 5, 9, 5, 5, 8, 6, 6, 5, 9, 6, 7, 7, 10, 3, 3, 6, 10, 4, 3, 9, 9, 8, 8, 9, 7, 7, 7, 9]
B_6 13.920000000000002 B 26 [2, 3, 6, 3, 5, 4, 2, 1, 2, 3, 2, 1, 3, 1, 6, 3, 1, 5, 3, 3, 4, 5, 6, 1, 5, 1, 4, 6, 5, 3, 6, 4, 4, 3, 2, 3, 4, 4, 3, 6] [6, 6, 10, 5, 9, 7, 5, 4, 5, 6, 5, 3, 6, 3, 9, 7, 4, 8, 7, 7, 7, 9, 8, 5, 7, 3, 7, 8, 8, 5, 10, 7, 7, 5, 4, 7, 7, 8, 5, 10]
B_7 14.920000000000002 B 27 [4, 5, 3, 6, 2, 5, 2, 2, 6, 6, 4, 6, 6, 6, 2, 5, 2, 2, 6, 2, 6, 4, 3, 5, 1, 3, 6, 1, 2, 3, 5, 2, 1, 3, 5, 3, 3, 1, 1, 2] [7, 9, 7, 9, 6, 8, 5, 5, 9, 9, 8, 10, 9, 8, 6, 8, 6, 5, 8, 5, 9, 7, 6, 7, 3, 6, 8, 5, 4, 5, 7, 5, 5, 5, 8, 6, 7, 5, 4, 6]
B_8 17.130000000000003 B 28 [4, 3, 5, 1, 1, 3, 2, 1, 4, 2, 3, 5, 1, 3, 2, 5, 5, 2, 6, 3, 1, 6, 2, 6, 2, 6, 5, 2, 5, 5, 6, 4, 5, 5, 3, 6, 1, 6, 4, 1] [8, 5, 9, 3, 5, 5, 5, 4, 8, 4, 6, 7, 4, 5, 5, 9, 8, 4, 9, 5, 3, 8, 4, 8, 6, 10, 8, 4, 7, 8, 9, 7, 8, 7, 5, 10, 3, 9, 6, 4]
B_9 18.130000000000003 B 29 [2, 6, 4, 2, 2, 1, 1, 2, 4, 4, 5, 3, 4, 1, 5, 4, 4, 2, 4, 1, 6, 1, 6, 4, 4, 1, 3, 3, 5, 2, 1, 2, 3, 6, 3, 6, 2, 2, 2, 5] [6, 8, 6, 6, 6, 3, 3, 6, 6, 7, 7, 5, 8, 3, 7, 7, 7, 4, 6, 5, 9, 4, 8, 8, 8, 4, 5, 5, 8, 6, 5, 6, 5, 9, 7, 10, 4, 6, 6, 7]
B_10 22.430000000000003 B 30 [5, 5, 2, 3, 6, 4, 5, 6, 6, 6, 6, 4, 4, 6, 1, 1, 4, 2, 3, 6, 2, 1, 6, 6, 4, 1, 6, 5, 6, 1, 5, 6, 3, 6, 5, 3, 4, 2, 6, 1] [9, 7, 5, 5, 8, 7, 7, 10, 9, 8, 9, 7, 8, 8, 3, 4, 7, 5, 6, 9, 4, 4, 8, 10, 8, 3, 10, 7, 9, 5, 9, 8, 6, 9, 9, 5, 7, 6, 8, 5]
B_11 23.430000000000003 B 31 [5, 4, 6, 2, 6, 5, 4, 4, 3, 5, 5, 6, 2, 5, 1, 6, 5, 6, 3, 3, 3, 3, 4, 5, 3, 6, 4, 2, 4, 2, 6, 3, 4, 6, 3, 3, 2, 1, 5, 3] [8, 8, 8, 4, 8, 9, 6, 8, 6, 8, 8, 10, 4, 8, 3, 10, 8, 10, 5, 5, 5, 7, 6, 9, 6, 9, 7, 5, 7, 6, 8, 6, 6, 8, 7, 5, 4, 5, 9, 5]
B_12 25.820000000000004 B 32 [6, 5, 2, 3, 3, 6, 6, 1, 3, 5, 1, 1, 6, 1, 1, 1, 2, 5, 2, 4, 1, 6, 4, 4, 5, 5, 4, 1, 5, 3, 3, 4, 2, 3, 5, 3, 3, 3, 5, 1] [9, 7, 5, 7, 6, 10, 8, 5, 5, 9, 3, 3, 8, 3, 5, 4, 5, 8, 6, 8, 5, 10, 8, 7, 7, 9, 7, 5, 8, 5, 6, 6, 6, 7, 7, 5, 6, 6, 9, 4]
B_13 26.820000000000004 B 33 [4, 1, 1, 3, 1, 2, 3, 3, 5, 3, 4, 3, 6, 2, 1, 3, 6, 5, 4, 3, 6, 2, 4, 6, 6, 5, 3, 3, 5, 6, 6, 6, 3, 1, 3, 6, 5, 3, 5, 4] [6, 3, 3, 5, 3, 6, 7, 7, 9, 7, 7, 6, 9, 6, 4, 6, 10, 9, 7, 6, 8, 5, 8, 8, 9, 8, 5, 5, 7, 9, 9, 8, 7, 4, 5, 10, 8, 6, 8, 6]
B_14 27.930000000000003 B 34 [4, 5, 3, 6, 6, 2, 6, 3, 4, 5, 4, 6, 3, 5, 4, 2, 2, 6, 5, 5, 1, 6, 3, 4, 3, 5, 2, 5, 3, 3, 5, 3, 5, 3, 3, 1, 1, 2, 3, 4] [8, 7, 7, 10, 8, 5, 10, 5, 8, 7, 6, 10, 5, 8, 8, 4, 6, 8, 8, 7, 5, 10, 6, 7, 6, 8, 4, 8, 5, 7, 9, 7, 7, 5, 7, 5, 4, 4, 7, 8]
B_15 28.930000000000003 B 35 [3, 4, 4, 3, 1, 6, 5, 6, 3, 1, 1, 1, 2, 4, 5, 1, 5, 4, 5, 6, 1, 4, 4, 3, 3, 5, 3, 3, 6, 6, 3, 3, 3, 6, 1, 6, 3, 3, 5, 5] [5, 7, 7, 6, 3, 10, 8, 8, 7, 4, 5, 4, 6, 6, 8, 3, 8, 6, 7, 10, 4, 7, 8, 5, 7, 9, 7, 6, 10, 10, 5, 5, 5, 10, 5, 9, 5, 5, 8, 8]
B_16 38.31 B 36 [5, 1, 3, 5, 2, 6, 5, 5, 1, 6, 4, 1, 6, 2, 5, 3, 5, 2, 6, 6, 2, 4, 1, 1, 2, 5, 4, 3, 1, 2, 4, 2, 3, 5, 1, 3, 4, 5, 1, 5] [7, 3, 7, 8, 5, 8, 7, 8, 3, 10, 7, 5, 9, 4, 9, 6, 8, 4, 9, 10, 6, 7, 3, 3, 4, 7, 7, 7, 3, 4, 7, 4, 6, 8, 4, 5, 8, 9, 3, 8]
B_17 39.31 B 37 [3, 6, 1, 5, 3, 1, 6, 5, 1, 5, 4, 1, 2, 2, 6, 6, 4, 1, 5, 1, 4, 6, 5, 2, 1, 3, 4, 1, 6, 2, 2, 1, 3, 3, 2, 3, 5, 6, 5, 5] [6, 10, 3, 9, 7, 3, 9, 8, 5, 9, 6, 3, 6, 4, 10, 8, 8, 4, 7, 4, 7, 9, 7, 5, 3, 7, 8, 5, 9, 6, 6, 5, 6, 6, 4, 5, 9, 10, 9, 9]
B_18 44.480000000000004 B 38 [6, 1, 5, 4, 6, 1, 3, 6, 3, 4, 2, 3, 5, 5, 4, 5, 5, 2, 2, 2, 2, 3, 6, 1, 2, 5, 3, 1, 4, 2, 6, 5, 5, 5, 3, 5, 1, 5, 6, 1] [10, 4, 8, 6, 10, 4, 6, 9, 5, 7, 6, 7, 9, 7, 8, 9, 9, 5, 6, 5, 6, 6, 9, 5, 4, 7, 5, 4, 6, 6, 8, 9, 9, 8, 7, 8, 3, 9, 8, 4]
B_19 46.120000000000005 B 39 [1, 3, 5, 6, 1, 2, 3, 5, 3, 5, 3, 1, 2, 3, 3, 3, 1, 5, 6, 1, 4, 1, 1, 2, 5, 5, 6, 2, 1, 5, 1, 3, 1, 4, 4, 5, 5, 5, 1, 2] [5, 6, 9, 9, 5, 6, 7, 9, 6, 9, 6, 3, 6, 7, 6, 6, 4, 8, 9, 4, 8, 4, 4, 5, 9, 9, 10, 6, 4, 7, 5, 5, 4, 6, 8, 8, 8, 9, 4, 4]
