A_0 3.91 A 0 [3, 2, 1, 4, 4, 4, 4, 3, 3, 1, 2, 4, 3, 4, 2, 4, 4, 2, 1, 1, 1, 1, 4, 2, 2, 2, 4, 4, 4, 3, 4, 1, 2, 1, 3, 1, 2, 4, 1, 2] [6, 6, 3, 6, 8, 7, 7, 7, 5, 5, 4, 7, 7, 7, 4, 7, 8, 6, 3, 3, 5, 4, 6, 6, 4, 4, 7, 6, 7, 5, 8, 3, 6, 5, 5, 5, 4, 8, 4, 5]
A_1 5.37 A 1 [2, 2, 2, 1, 3, 2, 2, 3, 1, 3, 3, 4, 2, 1, 2, 4, 1, 4, 2, 4, 3, 3, 1, 4, 3, 1, 1, 4, 3, 3, 4, 4, 2, 1, 2, 2, 4, 4, 2, 3] [6, 6, 6, 4, 7, 4, 4, 7, 4, 5, 6, 7, 4, 3, 4, 8, 3, 6, 4, 6, 6, 7, 4, 7, 6, 5, 4, 7, 5, 6, 7, 8, 6, 5, 5, 6, 7, 7, 5, 6]
A_2 6.37 A 2 [1, 2, 2, 3, 1, 2, 3, 4, 3, 4, 1, 3, 2, 1, 3, 3, 3, 3, 2, 2, 1, 1, 1, 4, 4, 2, 2, 2, 2, 4, 1, 1, 4, 3, 3, 4, 3, 4, 4, 2] [3, 6, 6, 5, 3, 4, 7, 6, 6, 6, 4, 6, 6, 5, 7, 7, 5, 7, 6, 5, 3, 4, 3, 6, 6, 4, 4, 5, 4, 6, 4, 4, 6, 7, 6, 7, 6, 7, 8, 4]
A_3 7.93 A 3 [4, 1, 3, 3, 4, 2, 2, 3, 2, 4, 4, 4, 1, 1, 2, 1, 2, 4, 3, 1, 4, 1, 4, 1, 1, 2, 2, 1, 1, 3, 1, 4, 4, 3, 2, 3, 4, 3, 3, 1] [6, 4, 5, 5, 6, 6, 5, 5, 5, 6, 6, 6, 3, 3, 5, 4, 6, 8, 6, 5, 7, 3, 8, 3, 5, 5, 4, 5, 3, 7, 5, 7, 6, 7, 6, 7, 8, 6, 7, 4]
A_4 8.93 A 4 [4, 3, 1, 4, 2, 3, 1, 3, 2, 2, 3, 4, 2, 3, 3, 4, 4, 3, 3, 3, 1, 1, 4, 4, 4, 1, 3, 4, 4, 2, 1, 1, 2, 3, 3, 1, 3, 4, 3, 4] [8, 7, 3, 6, 5, 6, 3, 6, 5, 5, 5, 6, 6, 6, 6, 8, 6, 7, 7, 7, 4, 4, 6, 8, 6, 3, 7, 8, 6, 6, 3, 5, 6, 7, 7, 3, 6, 8, 5, 6]
A_5 9.94 A 5 [4, 2, 2, 2, 3, 4, 3, 3, 1, 2, 1, 1, 3, 1, 3, 4, 4, 2, 1, 1, 4, 3, 1, 3, 4, 4, 4, 3, 1, 1, 2, 4, 1, 1, 4, 4, 2, 4, 2, 3] [7, 4, 4, 6, 6, 8, 7, 7, 4, 5, 5, 4, 5, 5, 5, 6, 7, 4, 3, 3, 6, 7, 4, 6, 6, 6, 7, 7, 5, 3, 5, 7, 4, 3, 6, 7, 4, 6, 6, 6]
A_6 10.94 A 6 [4, 2, 3, 2, 1, 3, 4, 4, 2, 4, 1, 2, 2, 1, 3, 4, 2, 1, 4, 2, 1, 1, 4, 3, 4, 4, 4, 3, 1, 2, 2, 3, 1, 3, 2, 2, 4, 3, 2, 2] [7, 4, 7, 5, 3, 7, 7, 6, 5, 7, 3, 4, 6, 5, 6, 6, 5, 5, 6, 6, 4, 3, 6, 5, 6, 7, 7, 6, 3, 4, 4, 5, 3, 7, 5, 6, 8, 5, 6, 6]
A_7 11.94 A 7 [3, 3, 4, 3, 3, 3, 4, 2, 1, 2, 4, 2, 1, 4, 1, 3, 1, 2, 4, 2, 1, 2, 2, 4, 4, 1, 1, 1, 2, 4, 4, 1, 4, 3, 3, 4, 4, 1, 4, 4] [7, 7, 6, 5, 6, 7, 6, 6, 3, 4, 6, 6, 5, 6, 4, 5, 3, 4, 6, 6, 4, 6, 4, 7, 7, 3, 5, 5, 4, 8, 7, 5, 8, 5, 7, 6, 8, 4, 8, 8]
A_8 12.94 A 8 [3, 1, 3, 2, 2, 1, 2, 1, 1, 1, 3, 1, 4, 2, 4, 1, 2, 3, 2, 1, 3, 2, 1, 4, 4, 3, 2, 1, 3, 3, 2, 3, 1, 1, 4, 1, 4, 1, 2, 1] [5, 4, 6, 5, 5, 4, 5, 3, 5, 5, 6, 5, 7, 6, 6, 5, 5, 5, 6, 3, 6, 6, 3, 7, 7, 7, 6, 4, 6, 7, 6, 7, 5, 3, 8, 3, 7, 5, 6, 4]
A_9 15.32 A 9 [1, 3, 4, 4, 2, 2, 4, 2, 1, 2, 2, 2, 4, 4, 3, 4, 2, 1, 4, 2, 3, 4, 4, 3, 3, 1, 2, 3, 3, 4, 2, 4, 1, 2, 1, 2, 1, 3, 2, 3] [5, 5, 6, 6, 5, 5, 7, 4, 5, 4, 4, 5, 8, 8, 5, 8, 4, 3, 6, 5, 5, 8, 6, 5, 5, 4, 4, 5, 6, 8, 4, 6, 4, 4, 3, 5, 5, 7, 5, 5]
A_10 16.32 A 10 [2, 3, 1, 4, 3, 1, 1, 4, 3, 2, 4, 3, 3, 4, 4, 4, 1, 4, 3, 2, 1, 4, 3, 2, 4, 2, 4, 2, 3, 1, 4, 3, 2, 1, 2, 2, 4, 2, 4, 2] [4, 6, 4, 6, 5, 5, 3, 6, 6, 4, 8, 5, 6, 8, 8, 6, 3, 8, 7, 5, 5, 8, 7, 6, 6, 5, 6, 6, 7, 3, 8, 5, 6, 5, 5, 6, 8, 6, 8, 6]
A_11 17.32 A 11 [4, 4, 3, 4, 4, 1, 2, 2, 1, 2, 3, 1, 4, 1, 3, 4, 3, 2, 4, 4, 3, 3, 1, 2, 4, 1, 1, 4, 4, 2, 3, 3, 2, 4, 4, 1, 2, 2, 4, 1] [7, 7, 6, 6, 6, 4, 4, 6, 5, 5, 5, 4, 8, 5, 7, 8, 7, 5, 7, 8, 6, 7, 4, 4, 7, 3, 5, 8, 7, 5, 7, 7, 6, 6, 8, 3, 5, 5, 8, 3]
A_12 18.32 A 12 [3, 2, 2, 1, 2, 3, 2, 1, 4, 4, 3, 4, 3, 4, 1, 1, 3, 1, 2, 2, 1, 1, 3, 2, 3, 4, 3, 4, 2, 3, 2, 4, 1, 4, 3, 4, 3, 2, 1, 1] [7, 4, 6, 3, 6, 5, 6, 5, 7, 8, 6, 8, 7, 6, 4, 3, 5, 3, 6, 5, 5, 5, 5, 5, 6, 7, 6, 8, 4, 5, 5, 8, 3, 7, 6, 7, 6, 4, 3, 4]
A_13 19.32 A 13 [4, 1, 1, 1, 3, 1, 1, 4, 2, 4, 4, 1, 4, 1, 4, 3, 2, 4, 4, 4, 1, 4, 3, 3, 2, 4, 3, 1, 3, 2, 2, 3, 1, 1, 3, 1, 3, 4, 2, 2] [7, 3, 5, 3, 6, 5, 5, 6, 6, 8, 8, 5, 6, 4, 6, 6, 5, 6, 8, 6, 5, 6, 6, 5, 6, 7, 6, 3, 5, 6, 4, 7, 4, 4, 7, 5, 6, 7, 4, 4]
A_14 20.32 A 14 [2, 2, 3, 2, 3, 3, 3, 1, 4, 3, 4, 3, 1, 4, 1, 4, 3, 2, 2, 2, 4, 3, 2, 2, 1, 3, 3, 4, 4, 4, 3, 3, 1, 4, 4, 2, 4, 1, 4, 4] [4, 4, 7, 5, 6, 5, 6, 4, 6, 5, 8, 7, 4, 6, 3, 8, 5, 6, 6, 5, 8, 6, 6, 5, 4, 7, 6, 8, 6, 8, 7, 5, 4, 8, 6, 6, 8, 5, 8, 8]
A_15 21.96 A 15 [4, 4, 3, 1, 4, 4, 4, 3, 1, 4, 4, 4, 1, 3, 4, 3, 1, 4, 2, 3, 1, 2, 4, 1, 2, 2, 2, 2, 4, 4, 3, 3, 4, 2, 3, 2, 2, 2, 1, 2] [7, 8, 7, 4, 8, 6, 6, 5, 5, 8, 6, 8, 3, 6, 8, 7, 3, 7, 5, 6, 4, 6, 8, 4, 6, 5, 5, 5, 8, 7, 7, 7, 6, 4, 5, 5, 4, 6, 4, 5]
A_16 23.6 A 16 [4, 1, 3, 2, 4, 4, 2, 1, 2, 2, 1, 3, 3, 2, 3, 1, 4, 2, 1, 4, 1, 3, 1, 4, 1, 2, 2, 3, 2, 1, 3, 2, 1, 3, 4, 4, 3, 2, 3, 2] [8, 3, 5, 6, 6, 7, 5, 3, 5, 4, 3, 7, 5, 5, 5, 3, 8, 5, 5, 6, 3, 5, 4, 8, 4, 6, 5, 5, 4, 3, 7, 4, 3, 7, 7, 6, 7, 6, 5, 5]
A_17 24.6 A 17 [2, 4, 3, 4, 3, 2, 1, 2, 3, 1, 4, 2, 1, 4, 2, 4, 2, 4, 4, 1, 4, 3, 2, 4, 3, 1, 4, 3, 1, 1, 4, 2, 1, 2, 3, 2, 2, 3, 3, 3] [6, 6, 7, 8, 7, 4, 5, 4, 5, 3, 8, 5, 3, 6, 6, 7, 5, 8, 8, 5, 7, 7, 5, 8, 7, 3, 7, 7, 5, 4, 6, 6, 3, 6, 5, 4, 6, 5, 5, 7]
A_18 25.6 A 18 [1, 2, 2, 3, 3, 1, 4, 4, 2, 4, 3, 4, 2, 4, 2, 2, 1, 4, 2, 2, 3, 4, 2, 1, 3, 4, 2, 4, 2, 3, 2, 2, 1, 2, 2, 1, 3, 2, 4, 4] [3, 4, 6, 6, 7, 3, 6, 6, 6, 6, 7, 7, 6, 8, 6, 5, 5, 8, 5, 4, 7, 6, 5, 3, 5, 6, 6, 8, 5, 7, 5, 4, 4, 6, 6, 3, 7, 5, 7, 8]
A_19 28.150000000000002 A 19 [1, 4, 2, 1, 3, 1, 2, 2, 1, 2, 2, 4, 2, 4, 2, 3, 4, 1, 2, 3, 1, 1, 4, 1, 2, 4, 4, 3, 4, 2, 4, 1, 1, 2, 2, 4, 4, 1, 3, 2] [3, 6, 5, 5, 7, 3, 6, 6, 3, 5, 5, 8, 5, 6, 5, 6, 6, 5, 4, 6, 4, 4, 6, 5, 4, 7, 7, 7, 7, 5, 6, 5, 4, 6, 4, 7, 7, 5, 5, 4]
B_0 1.88 B 20 [1, 3, 1, 4, 1, 4, 1, 1, 3, 3, 1, 3, 1, 1, 4, 1, 1, 4, 3, 1, 1, 2, 2, 4, 1, 3, 4, 4, 2, 2, 3, 3, 1, 1, 4, 4, 1, 3, 3, 3] [5, 6, 3, 7, 4, 6, 4, 4, 6, 5, 5, 6, 5, 5, 8, 4, 3, 7, 7, 4, 5, 4, 6, 7, 5, 6, 8, 7, 4, 6, 5, 6, 5, 3, 7, 7, 5, 7, 7, 7]
B_1 2.88 B 21 [1, 3, 1, 1, 1, 3, 1, 2, 2, 4, 4, 3, 1, 4, 3, 2, 3, 3, 4, 1, 2, 1, 1, 2, 1, 4, 4, 2, 4, 3, 2, 1, 3, 1, 3, 3, 3, 4, 4, 2] [4, 7, 4, 3, 4, 7, 3, 6, 6, 8, 8, 7, 5, 6, 6, 6, 5, 7, 6, 4, 4, 4, 5, 6, 5, 6, 7, 4, 8, 7, 4, 4, 6, 3, 5, 7, 6, 8, 7, 6]
B_2 3.88 B 22 [4, 1, 1, 4, 4, 1, 4, 2, 1, 4, 3, 1, 3, 3, 2, 4, 1, 2, 2, 4, 2, 1, 3, 3, 3, 4, 2, 4, 1, 4, 1, 3, 3, 4, 2, 4, 2, 2, 3, 3] [6, 4, 3, 8, 6, 4, 6, 4, 3, 6, 7, 4, 5, 6, 6, 8, 4, 5, 5, 6, 6, 5, 5, 7, 5, 6, 4, 8, 3, 6, 3, 5, 5, 6, 5, 7, 5, 5, 5, 5]
B_3 4.88 B 23 [2, 4, 4, 1, 4, 3, 3, 4, 4, 3, 2, 2, 2, 3, 2, 1, 4, 4, 1, 1, 4, 2, 3, 3, 2, 4, 1, 4, 3, 1, 2, 4, 2, 4, 4, 2, 4, 2, 3, 3] [6, 7, 6, 3, 8, 6, 5, 7, 7, 5, 6, 4, 5, 5, 5, 4, 8, 8, 3, 5, 7, 6, 7, 6, 4, 6, 3, 7, 6, 4, 4, 6, 4, 7, 8, 4, 7, 5, 7, 5]
B_4 5.88 B 24 [2, 3, 4, 1, 4, 4, 4, 4, 4, 3, 4, 4, 3, 2, 1, 2, 1, 3, 3, 2, 1, 1, 3, 2, 3, 1, 1, 3, 1, 4, 3, 4, 3, 3, 2, 4, 3, 1, 3, 1] [4, 6, 6, 5, 6, 6, 6, 7, 7, 5, 6, 7, 6, 6, 4, 6, 4, 7, 5, 4, 5, 5, 5, 4, 6, 5, 4, 6, 4, 8, 7, 8, 7, 5, 4, 7, 6, 5, 7, 5]
B_5 6.9 B 25 [2, 1, 2, 2, 1, 4, 4, 1, 3, 1, 2, 1, 4, 4, 3, 2, 2, 1, 4, 4, 3, 4, 4, 4, 1, 2, 3, 4, 4, 3, 4, 4, 3, 4, 3, 1, 4, 4, 4, 2] [4, 5, 4, 5, 3, 6, 7, 3, 7, 4, 5, 3, 7, 7, 7, 5, 6, 3, 6, 7, 6, 6, 6, 6, 5, 5, 5, 8, 7, 6, 7, 7, 6, 8, 6, 5, 7, 6, 6, 6]
B_6 10.39 B 26 [4, 1, 2, 2, 3, 4, 4, 1, 2, 2, 4, 1, 3, 3, 3, 2, 2, 4, 2, 4, 4, 4, 2, 1, 1, 3, 3, 4, 1, 2, 4, 2, 2, 1, 3, 2, 3, 3, 2, 1] [7, 4, 4, 4, 7, 7, 7, 5, 6, 4, 6, 5, 6, 6, 6, 5, 5, 7, 6, 7, 8, 7, 4, 3, 4, 5, 7, 7, 4, 5, 8, 4, 5, 5, 6, 4, 5, 6, 4, 3]
B_7 11.39 B 27 [4, 4, 2, 1, 4, 3, 3, 1, 1, 3, 2, 4, 4, 1, 4, 2, 3, 3, 4, 3, 4, 2, 4, 4, 3, 4, 4, 1, 3, 3, 2, 2, 4, 1, 1, 1, 2, 3, 2, 1] [6, 7, 5, 5, 8, 7, 6, 5, 4, 5, 6, 8, 8, 3, 8, 5, 5, 7, 8, 7, 7, 4, 8, 7, 6, 8, 7, 3, 7, 6, 6, 6, 7, 3, 5, 5, 6, 5, 6, 5]
B_8 12.39 B 28 [4, 3, 2, 1, 4, 1, 1, 2, 3, 3, 3, 4, 2, 3, 4, 4, 2, 1, 2, 4, 2, 4, 1, 3, 1, 4, 1, 3, 1, 1, 1, 1, 4, 4, 1, 2, 3, 3, 1, 1] [7, 5, 4, 3, 6, 5, 3, 4, 6, 6, 7, 7, 4, 5, 6, 8, 4, 5, 5, 7, 4, 8, 3, 6, 4, 7, 4, 7, 5, 4, 4, 5, 6, 7, 3, 5, 6, 5, 4, 3]
B_9 13.39 B 29 [3, 3, 4, 3, 2, 1, 2, 4, 3, 4, 1, 2, 3, 2, 4, 4, 1, 1, 3, 2, 2, 3, 4, 1, 4, 3, 2, 3, 1, 2, 2, 2, 3, 2, 3, 1, 1, 4, 2, 1] [5, 6, 6, 7, 6, 3, 4, 8, 7, 8, 3, 5, 5, 6, 8, 7, 3, 4, 7, 5, 6, 7, 6, 4, 8, 6, 5, 6, 4, 5, 6, 6, 6, 4, 6, 4, 3, 7, 6, 5]
B_10 14.780000000000001 B 30 [4, 4, 1, 1, 1, 2, 2, 4, 2, 2, 4, 3, 2, 2, 3, 3, 3, 4, 2, 4, 3, 2, 1, 2, 3, 4, 4, 2, 1, 2, 2, 2, 1, 1, 1, 2, 2, 3, 3, 2] [8, 7, 4, 5, 3, 5, 4, 7, 6, 4, 8, 7, 5, 4, 7, 7, 7, 6, 5, 6, 5, 4, 3, 4, 7, 7, 8, 6, 4, 6, 5, 5, 5, 4, 4, 6, 4, 7, 6, 4]
B_11 16.52 B 31 [1, 4, 1, 4, 1, 4, 3, 1, 3, 4, 3, 3, 4, 3, 3, 3, 2, 2, 2, 1, 3, 1, 3, 4, 4, 4, 2, 2, 1, 2, 2, 4, 4, 4, 4, 3, 3, 1, 2, 4] [3, 8, 4, 7, 5, 7, 5, 5, 7, 6, 5, 7, 8, 7, 5, 7, 4, 6, 4, 5, 6, 4, 5, 6, 8, 7, 4, 6, 5, 6, 5, 7, 7, 6, 8, 5, 5, 4, 6, 6]
B_12 17.52 B 32 [2, 2, 4, 4, 2, 1, 1, 4, 1, 1, 2, 2, 1, 1, 1, 4, 1, 1, 1, 1, 1, 3, 3, 2, 3, 3, 2, 4, 4, 3, 1, 4, 1, 4, 3, 4, 3, 3, 2, 3] [6, 6, 6, 6, 6, 4, 3, 8, 5, 4, 6, 6, 3, 4, 4, 6, 3, 3, 4, 4, 5, 6, 5, 4, 7, 6, 5, 7, 6, 6, 5, 7, 5, 6, 5, 8, 6, 6, 4, 5]
B_13 23.79 B 33 [1, 1, 3, 3, 3, 1, 3, 3, 1, 2, 1, 4, 4, 1, 4, 2, 3, 2, 2, 2, 1, 1, 4, 4, 3, 4, 1, 1, 4, 2, 1, 4, 4, 1, 3, 2, 1, 3, 1, 2] [5, 5, 7, 7, 7, 3, 7, 5, 3, 4, 5, 6, 7, 4, 8, 4, 7, 6, 6, 6, 3, 3, 6, 7, 5, 8, 5, 3, 7, 4, 4, 6, 6, 4, 5, 6, 3, 7, 5, 5]
B_14 24.79 B 34 [3, 2, 3, 2, 3, 4, 2, 3, 4, 1, 2, 4, 3, 3, 4, 3, 4, 3, 2, 2, 4, 3, 2, 4, 2, 3, 3, 1, 1, 3, 1, 4, 3, 3, 1, 1, 4, 3, 1, 3] [5, 5, 6, 6, 7, 6, 5, 7, 8, 3, 5, 8, 6, 7, 6, 5, 7, 5, 6, 4, 7, 5, 5, 8, 4, 6, 6, 5, 3, 6, 4, 8, 5, 5, 3, 5, 8, 5, 4, 7]
B_15 25.79 B 35 [1, 2, 4, 3, 1, 4, 2, 4, 1, 2, 2, 1, 4, 1, 2, 2, 4, 2, 1, 4, 4, 3, 4, 2, 4, 1, 2, 1, 2, 1, 2, 3, 4, 2, 1, 3, 3, 4, 2, 1] [5, 6, 7, 7, 3, 7, 6, 6, 3, 5, 6, 3, 7, 5, 6, 5, 6, 4, 3, 7, 7, 7, 7, 4, 7, 5, 4, 5, 5, 4, 6, 5, 8, 6, 5, 6, 6, 7, 6, 3]
B_16 33.85 B 36 [2, 4, 3, 4, 3, 2, 4, 4, 4, 1, 4, 2, 3, 3, 4, 2, 3, 2, 3, 4, 1, 3, 2, 4, 3, 4, 3, 2, 3, 1, 2, 3, 3, 1, 4, 3, 1, 4, 3, 1] [4, 7, 6, 8, 6, 4, 8, 8, 7, 5, 8, 5, 6, 6, 8, 4, 7, 6, 7, 7, 5, 6, 5, 7, 6, 7, 5, 6, 6, 3, 4, 5, 6, 3, 8, 6, 3, 7, 7, 3]
B_17 35.47 B 37 [4, 4, 4, 3, 4, 4, 3, 1, 1, 3, 2, 2, 2, 4, 1, 2, 2, 3, 2, 1, 3, 4, 2, 2, 1, 4, 3, 3, 3, 4, 3, 1, 3, 3, 3, 4, 4, 2, 3, 1] [8, 7, 7, 6, 8, 6, 5, 4, 5, 7, 6, 5, 4, 7, 5, 6, 6, 5, 5, 5, 7, 8, 5, 5, 5, 6, 6, 5, 5, 7, 7, 4, 6, 7, 5, 7, 7, 4, 7, 5]
B_18 38.21 B 38 [1, 2, 4, 3, 3, 2, 2, 4, 2, 2, 4, 4, 1, 2, 4, 1, 3, 3, 4, 3, 3, 4, 3, 3, 3, 4, 2, 2, 1, 2, 3, 2, 2, 1, 1, 2, 3, 3, 4, 1] [4, 5, 8, 7, 5, 6, 6, 8, 6, 5, 8, 8, 3, 4, 8, 4, 5, 5, 7, 5, 7, 7, 5, 7, 7, 6, 4, 6, 4, 6, 6, 6, 4, 5, 4, 6, 7, 7, 8, 5]
B_19 39.21 B 39 [2, 3, 2, 1, 4, 3, 2, 4, 1, 3, 2, 1, 1, 2, 4, 2, 2, 3, 4, 2, 3, 2, 3, 3, 1, 2, 1, 1, 1, 1, 2, 4, 3, 2, 3, 1, 1, 1, 1, 3] [5, 6, 4, 4, 6, 6, 6, 8, 4, 5, 6, 3, 4, 4, 8, 5, 5, 7, 8, 4, 7, 6, 5, 5, 5, 6, 3, 5, 3, 5, 4, 6, 5, 5, 7, 3, 3, 5, 5, 6]
