A_0 1.62 A 0 [1, 4, 3, 2, 1, 4, 4, 4, 2, 2, 1, 1, 1, 1, 1, 4, 1, 4, 3, 1, 2, 2, 1, 3, 4, 1, 4, 1, 3, 1, 4, 1, 1, 1, 1, 2, 1, 3, 2, 4] [3, 8, 6, 5, 3, 7, 8, 7, 6, 6, 3, 5, 3, 4, 4, 7, 4, 8, 5, 3, 4, 5, 3, 6, 7, 3, 7, 4, 6, 5, 8, 4, 5, 3, 4, 6, 3, 6, 5, 6]
A_1 3.37 A 1 [4, 2, 4, 2, 4, 4, 2, 2, 2, 1, 1, 3, 2, 4, 1, 1, 2, 3, 2, 1, 4, 1, 4, 3, 4, 1, 4, 2, 1, 3, 3, 1, 1, 1, 3, 1, 4, 2, 3, 2] [8, 6, 6, 4, 8, 6, 6, 6, 6, 5, 3, 6, 6, 8, 5, 5, 4, 6, 5, 4, 7, 4, 6, 7, 8, 4, 7, 6, 3, 6, 7, 5, 4, 4, 6, 3, 7, 5, 6, 4]
A_2 4.37 A 2 [3, 4, 1, 3, 4, 4, 1, 1, 2, 1, 2, 3, 3, 4, 2, 2, 3, 3, 3, 2, 3, 2, 2, 1, 3, 4, 4, 1, 1, 2, 1, 1, 4, 4, 4, 4, 4, 4, 2, 3] [6, 6, 5, 6, 8, 7, 5, 5, 4, 5, 5, 7, 7, 8, 5, 4, 6, 5, 5, 4, 7, 4, 6, 5, 6, 7, 7, 5, 5, 5, 3, 4, 6, 7, 7, 8, 8, 6, 4, 7]
A_3 6.25 A 3 [2, 2, 3, 4, 1, 1, 1, 3, 4, 2, 2, 1, 4, 2, 2, 2, 4, 3, 1, 1, 4, 3, 2, 2, 1, 2, 3, 4, 3, 1, 2, 1, 4, 1, 3, 4, 1, 4, 3, 1] [5, 4, 6, 8, 4, 3, 3, 7, 6, 6, 6, 5, 6, 4, 6, 6, 6, 5, 5, 3, 7, 6, 4, 6, 3, 5, 6, 8, 7, 4, 6, 4, 7, 4, 5, 8, 3, 7, 6, 5]
A_4 7.4399999999999995 A 4 [1, 4, 4, 1, 4, 1, 1, 2, 2, 1, 3, 1, 2, 3, 2, 3, 4, 2, 4, 4, 1, 1, 4, 3, 4, 2, 3, 1, 2, 2, 2, 2, 3, 3, 2, 2, 1, 2, 1, 2] [3, 8, 8, 4, 6, 5, 3, 4, 6, 3, 5, 5, 6, 5, 4, 5, 8, 6, 7, 6, 3, 5, 8, 7, 7, 4, 5, 4, 5, 6, 5, 5, 7, 6, 4, 5, 4, 5, 3, 6]
A_5 8.44 A 5 [4, 4, 4, 1, 1, 2, 4, 3, 2, 3, 4, 3, 4, 4, 2, 3, 3, 2, 4, 4, 1, 3, 1, 1, 4, 2, 4, 2, 3, 3, 1, 4, 4, 2, 2, 4, 4, 3, 4, 4] [7, 6, 7, 3, 5, 4, 6, 5, 5, 6, 8, 6, 8, 8, 5, 5, 6, 6, 6, 6, 4, 7, 3, 4, 7, 6, 8, 6, 5, 6, 3, 8, 8, 6, 6, 6, 6, 7, 8, 7]
A_6 10.51 A 6 [4, 2, 1, 1, 1, 4, 1, 1, 4, 2, 3, 3, 2, 2, 1, 2, 4, 2, 4, 2, 4, 1, 2, 3, 1, 2, 1, 3, 2, 2, 3, 1, 4, 3, 3, 2, 1, 3, 1, 2] [8, 6, 5, 3, 3, 6, 5, 3, 7, 6, 7, 5, 6, 5, 4, 5, 7, 5, 6, 6, 7, 5, 4, 6, 3, 4, 4, 6, 6, 4, 7, 5, 6, 7, 5, 6, 3, 7, 5, 6]
A_7 12.19 A 7 [4, 2, 1, 3, 2, 3, 1, 2, 2, 2, 4, 4, 2, 3, 1, 2, 4, 3, 1, 1, 2, 1, 4, 1, 2, 2, 2, 1, 4, 3, 2, 4, 3, 1, 2, 1, 1, 3, 2, 3] [7, 6, 5, 7, 4, 5, 3, 6, 4, 6, 8, 7, 4, 6, 5, 5, 6, 6, 5, 3, 6, 4, 6, 3, 6, 6, 4, 5, 7, 6, 5, 6, 5, 5, 6, 3, 3, 7, 6, 5]
A_8 13.19 A 8 [2, 2, 2, 4, 2, 2, 4, 2, 2, 2, 2, 2, 1, 1, 1, 3, 1, 1, 2, 4, 2, 3, 2, 2, 4, 1, 3, 4, 2, 4, 3, 2, 2, 1, 3, 1, 1, 3, 4, 3] [6, 6, 4, 6, 6, 5, 7, 4, 5, 6, 5, 4, 5, 4, 5, 6, 4, 4, 4, 7, 5, 6, 5, 4, 8, 5, 6, 8, 5, 7, 6, 6, 4, 3, 7, 3, 5, 7, 8, 5]
A_9 14.19 A 9 [2, 1, 1, 2, 1, 3, 2, 2, 2, 4, 3, 2, 4, 3, 3, 3, 1, 2, 4, 2, 4, 4, 2, 1, 1, 4, 1, 3, 1, 4, 1, 4, 1, 3, 1, 2, 1, 4, 3, 2] [6, 5, 5, 6, 3, 6, 6, 6, 6, 7, 5, 5, 7, 5, 6, 6, 3, 5, 6, 4, 6, 7, 5, 4, 5, 6, 4, 7, 5, 7, 3, 6, 3, 5, 3, 5, 4, 6, 5, 6]
A_10 17.63 A 10 [1, 1, 2, 2, 3, 4, 3, 4, 2, 3, 2, 1, 2, 4, 1, 3, 1, 1, 3, 2, 3, 3, 4, 4, 3, 2, 3, 2, 3, 4, 4, 4, 2, 1, 1, 2, 2, 3, 4, 1] [3, 3, 5, 6, 5, 8, 7, 8, 5, 5, 6, 4, 6, 8, 4, 5, 5, 4, 6, 6, 5, 5, 6, 7, 6, 5, 6, 4, 7, 8, 7, 8, 5, 5, 3, 6, 4, 7, 7, 5]
A_11 18.68 A 11 [1, 3, 3, 1, 1, 3, 3, 4, 2, 2, 1, 3, 2, 2, 2, 1, 4, 4, 3, 1, 2, 1, 1, 3, 4, 4, 1, 3, 1, 3, 3, 2, 1, 1, 2, 1, 1, 4, 3, 2] [5, 6, 7, 5, 5, 6, 5, 7, 4, 5, 4, 7, 6, 6, 4, 5, 6, 7, 7, 5, 6, 3, 4, 6, 7, 8, 4, 6, 3, 6, 6, 6, 5, 4, 6, 4, 4, 7, 5, 4]
A_12 21.53 A 12 [1, 2, 3, 4, 2, 4, 2, 2, 1, 4, 2, 2, 4, 2, 3, 2, 1, 2, 3, 2, 4, 2, 1, 1, 3, 1, 3, 1, 4, 2, 1, 2, 3, 2, 3, 1, 1, 2, 1, 3] [3, 6, 7, 6, 6, 8, 6, 4, 5, 7, 6, 6, 8, 4, 6, 6, 4, 4, 6, 5, 7, 5, 5, 4, 6, 5, 6, 4, 6, 5, 3, 6, 6, 4, 6, 3, 5, 5, 5, 7]
A_13 25.09 A 13 [1, 4, 4, 2, 3, 4, 2, 3, 1, 3, 4, 2, 2, 2, 3, 2, 1, 2, 4, 1, 1, 1, 1, 1, 1, 1, 2, 4, 1, 1, 3, 4, 4, 4, 2, 1, 4, 4, 4, 3] [4, 8, 8, 4, 5, 8, 5, 6, 4, 5, 8, 6, 4, 5, 6, 6, 4, 5, 8, 3, 3, 4, 5, 5, 5, 4, 5, 7, 4, 4, 5, 6, 7, 7, 5, 5, 8, 7, 8, 6]
A_14 26.09 A 14 [1, 1, 2, 2, 2, 2, 1, 1, 1, 3, 1, 2, 3, 3, 4, 4, 3, 1, 3, 1, 1, 1, 1, 2, 2, 2, 3, 3, 4, 1, 3, 2, 3, 3, 4, 2, 2, 3, 2, 1] [4, 5, 5, 6, 4, 5, 4, 5, 5, 6, 4, 4, 6, 6, 8, 6, 6, 3, 6, 5, 3, 3, 4, 4, 4, 6, 7, 7, 8, 3, 5, 5, 5, 7, 6, 4, 6, 7, 4, 4]
A_15 29.03 A 15 [4, 1, 2, 2, 3, 3, 2, 2, 3, 3, 3, 1, 2, 2, 4, 2, 2, 3, 1, 2, 3, 4, 3, 2, 4, 2, 1, 2, 4, 3, 3, 1, 3, 1, 4, 4, 4, 4, 1, 4] [7, 5, 4, 6, 5, 5, 5, 5, 6, 6, 5, 5, 6, 6, 6, 6, 6, 7, 3, 4, 6, 8, 5, 4, 8, 5, 3, 6, 7, 5, 7, 3, 5, 4, 7, 8, 8, 8, 3, 8]
A_16 30.03 A 16 [1, 2, 3, 4, 4, 3, 4, 4, 1, 1, 1, 4, 1, 1, 3, 2, 4, 4, 3, 1, 2, 3, 3, 2, 2, 3, 1, 4, 2, 2, 3, 1, 1, 1, 2, 4, 3, 4, 2, 1] [4, 4, 6, 6, 8, 6, 7, 6, 4, 3, 5, 6, 4, 4, 6, 6, 6, 7, 6, 5, 5, 5, 6, 4, 5, 5, 3, 6, 4, 6, 6, 5, 4, 3, 5, 6, 5, 6, 6, 3]
A_17 31.03 A 17 [4, 3, 3, 3, 2, 2, 2, 3, 1, 2, 1, 4, 2, 2, 1, 3, 4, 2, 3, 1, 1, 3, 2, 1, 3, 1, 4, 1, 2, 2, 4, 4, 4, 1, 1, 1, 4, 4, 3, 3] [8, 6, 5, 5, 6, 6, 5, 6, 4, 5, 4, 7, 4, 5, 3, 7, 7, 5, 7, 5, 5, 7, 5, 5, 6, 4, 8, 5, 5, 6, 7, 7, 7, 3, 3, 5, 6, 6, 7, 7]
A_18 33.33 A 18 [3, 2, 3, 1, 4, 4, 4, 1, 2, 4, 3, 3, 3, 4, 3, 1, 3, 3, 4, 4, 1, 3, 3, 3, 4, 3, 3, 1, 2, 3, 2, 3, 3, 4, 3, 4, 2, 4, 3, 2] [5, 5, 5, 5, 7, 6, 6, 5, 4, 6, 6, 7, 6, 8, 6, 3, 6, 7, 7, 7, 5, 7, 6, 7, 8, 5, 5, 5, 4, 6, 4, 7, 5, 6, 6, 7, 6, 7, 7, 4]
A_19 34.37 A 19 [1, 1, 2, 1, 4, 4, 2, 1, 4, 2, 2, 1, 2, 1, 1, 2, 1, 1, 4, 1, 2, 3, 2, 4, 2, 4, 1, 4, 1, 3, 4, 4, 4, 2, 1, 4, 4, 4, 2, 1] [3, 4, 4, 3, 6, 6, 6, 3, 7, 4, 6, 5, 5, 3, 5, 4, 5, 5, 7, 3, 6, 5, 5, 6, 5, 6, 4, 6, 3, 7, 7, 8, 8, 4, 5, 7, 8, 6, 6, 3]
B_0 2.3 B 20 [2, 4, 3, 4, 1, 1, 4, 2, 2, 4, 3, 2, 4, 1, 1, 3, 2, 1, 1, 2, 3, 2, 3, 3, 4, 2, 2, 1, 3, 3, 4, 2, 1, 2, 3, 1, 2, 2, 1, 2] [4, 7, 7, 7, 3, 4, 7, 6, 5, 6, 5, 6, 7, 3, 3, 6, 5, 5, 5, 6, 7, 4, 7, 6, 7, 6, 4, 5, 6, 7, 7, 5, 5, 4, 5, 4, 6, 6, 3, 4]
B_1 3.3 B 21 [2, 1, 2, 3, 1, 3, 1, 1, 3, 4, 3, 1, 2, 1, 1, 4, 3, 3, 3, 3, 2, 3, 3, 4, 3, 2, 1, 4, 1, 4, 4, 2, 4, 4, 4, 2, 4, 1, 4, 2] [5, 4, 4, 6, 5, 7, 5, 4, 6, 7, 5, 3, 5, 4, 3, 8, 5, 7, 7, 5, 4, 6, 6, 7, 7, 4, 4, 6, 3, 8, 8, 4, 8, 6, 6, 4, 8, 4, 7, 4]
B_2 5.04 B 22 [1, 4, 2, 2, 4, 1, 2, 4, 2, 2, 4, 1, 1, 1, 1, 3, 3, 2, 3, 2, 3, 3, 4, 4, 4, 1, 3, 1, 1, 1, 3, 1, 2, 2, 3, 2, 4, 1, 4, 3] [3, 6, 6, 4, 8, 3, 4, 6, 5, 5, 6, 4, 5, 5, 4, 5, 6, 5, 6, 5, 7, 6, 6, 8, 7, 5, 5, 5, 4, 5, 6, 5, 4, 6, 5, 5, 6, 4, 7, 6]
B_3 6.04 B 23 [3, 3, 1, 2, 3, 1, 3, 1, 2, 1, 4, 3, 1, 1, 2, 2, 2, 1, 3, 4, 3, 4, 4, 4, 2, 2, 2, 3, 2, 2, 3, 2, 3, 1, 3, 2, 3, 3, 3, 1] [6, 7, 5, 6, 7, 4, 6, 3, 4, 4, 7, 6, 4, 5, 4, 4, 4, 5, 7, 6, 6, 7, 8, 6, 5, 6, 6, 5, 6, 6, 6, 4, 6, 4, 7, 4, 7, 5, 5, 5]
B_4 7.04 B 24 [4, 4, 3, 1, 4, 4, 1, 2, 4, 1, 3, 4, 3, 1, 2, 4, 2, 3, 4, 2, 4, 3, 4, 2, 4, 1, 2, 2, 2, 4, 2, 1, 4, 2, 1, 4, 2, 4, 1, 4] [7, 8, 6, 3, 7, 7, 3, 6, 8, 5, 6, 7, 6, 5, 4, 8, 5, 6, 8, 5, 7, 7, 7, 5, 7, 5, 5, 4, 6, 7, 5, 4, 7, 5, 4, 8, 6, 6, 5, 8]
B_5 8.04 B 25 [1, 1, 4, 2, 2, 2, 2, 2, 1, 4, 2, 4, 1, 1, 2, 2, 3, 1, 3, 4, 2, 2, 1, 2, 1, 3, 2, 3, 1, 3, 3, 3, 2, 2, 3, 4, 4, 3, 2, 2] [3, 4, 7, 5, 4, 6, 4, 6, 5, 6, 5, 8, 5, 4, 6, 5, 5, 4, 5, 6, 6, 4, 5, 6, 5, 7, 5, 5, 5, 7, 6, 7, 6, 5, 5, 6, 7, 5, 5, 5]
B_6 14.44 B 26 [4, 4, 4, 3, 3, 4, 1, 2, 3, 1, 3, 1, 3, 2, 3, 1, 1, 4, 3, 1, 2, 1, 3, 2, 2, 2, 1, 1, 2, 2, 3, 3, 1, 1, 1, 1, 3, 3, 1, 3] [7, 7, 7, 6, 5, 8, 4, 4, 6, 4, 6, 4, 6, 5, 7, 3, 3, 8, 5, 4, 4, 4, 5, 6, 5, 5, 5, 3, 4, 4, 6, 6, 3, 4, 5, 5, 5, 7, 5, 5]
B_7 19.03 B 27 [1, 2, 1, 4, 1, 2, 3, 1, 4, 3, 2, 3, 1, 4, 3, 2, 4, 1, 1, 4, 1, 4, 1, 3, 2, 3, 1, 1, 2, 1, 4, 2, 4, 2, 2, 3, 4, 2, 4, 4] [4, 6, 5, 8, 4, 6, 6, 5, 8, 7, 4, 6, 4, 7, 7, 6, 6, 5, 5, 6, 5, 6, 5, 5, 4, 5, 3, 5, 6, 4, 6, 4, 7, 6, 6, 6, 8, 6, 7, 7]
B_8 20.03 B 28 [3, 1, 1, 3, 2, 3, 2, 4, 2, 1, 3, 1, 4, 1, 4, 4, 2, 2, 2, 1, 3, 1, 1, 2, 2, 1, 2, 2, 1, 3, 4, 1, 2, 1, 1, 4, 4, 4, 1, 3] [6, 3, 5, 7, 5, 5, 6, 7, 5, 5, 7, 3, 6, 4, 8, 7, 4, 5, 4, 3, 6, 3, 4, 6, 6, 5, 4, 6, 3, 7, 7, 5, 5, 3, 3, 8, 7, 7, 5, 7]
B_9 21.03 B 29 [1, 3, 2, 1, 2, 3, 2, 3, 4, 4, 4, 3, 2, 1, 1, 3, 2, 2, 3, 3, 3, 4, 1, 2, 4, 3, 2, 1, 3, 1, 1, 1, 2, 4, 2, 1, 3, 1, 2, 3] [5, 6, 5, 4, 6, 6, 4, 6, 7, 7, 8, 6, 5, 4, 3, 5, 6, 6, 6, 7, 7, 8, 5, 6, 7, 7, 4, 4, 7, 5, 5, 3, 4, 8, 5, 3, 6, 5, 6, 5]
B_10 22.62 B 30 [4, 3, 1, 2, 2, 1, 3, 2, 3, 1, 4, 3, 1, 3, 3, 3, 3, 4, 2, 4, 4, 4, 3, 3, 2, 3, 3, 4, 4, 1, 3, 2, 1, 3, 3, 3, 1, 4, 4, 2] [8, 7, 3, 6, 5, 3, 7, 5, 6, 3, 7, 6, 3, 5, 5, 7, 6, 7, 4, 7, 7, 8, 6, 6, 5, 6, 6, 6, 7, 5, 6, 5, 3, 7, 6, 7, 4, 6, 7, 5]
B_11 24.75 B 31 [1, 1, 1, 1, 2, 4, 1, 4, 2, 4, 4, 2, 2, 4, 2, 1, 1, 4, 3, 4, 2, 2, 1, 2, 1, 3, 3, 2, 1, 1, 2, 2, 4, 4, 2, 4, 3, 3, 2, 4] [4, 5, 4, 4, 5, 8, 5, 6, 6, 6, 8, 6, 6, 6, 5, 3, 5, 7, 7, 8, 5, 4, 5, 4, 4, 7, 6, 4, 5, 3, 5, 6, 8, 7, 4, 6, 5, 7, 5, 8]
B_12 30.12 B 32 [1, 1, 4, 4, 3, 4, 4, 3, 2, 1, 2, 1, 3, 4, 3, 3, 1, 4, 3, 4, 1, 4, 2, 3, 4, 2, 1, 4, 2, 2, 1, 4, 3, 1, 4, 3, 2, 1, 3, 3] [5, 4, 6, 7, 7, 8, 6, 5, 4, 3, 5, 5, 6, 7, 5, 5, 4, 7, 5, 8, 5, 8, 4, 6, 7, 6, 3, 7, 5, 4, 3, 8, 6, 4, 6, 5, 6, 4, 7, 5]
B_13 31.12 B 33 [1, 1, 4, 1, 3, 2, 3, 1, 1, 3, 1, 1, 2, 4, 3, 1, 1, 1, 4, 2, 2, 4, 2, 1, 2, 2, 1, 2, 1, 4, 3, 4, 1, 3, 3, 4, 4, 3, 4, 3] [3, 4, 7, 4, 6, 6, 7, 5, 3, 5, 5, 4, 4, 7, 7, 4, 3, 3, 6, 4, 4, 6, 6, 4, 5, 5, 4, 6, 3, 8, 7, 7, 4, 7, 5, 6, 8, 7, 7, 7]
B_14 33.93 B 34 [1, 3, 4, 3, 2, 2, 3, 2, 3, 1, 1, 2, 3, 2, 4, 4, 2, 1, 3, 1, 3, 4, 3, 3, 1, 3, 1, 2, 1, 2, 3, 2, 4, 3, 1, 3, 1, 2, 3, 1] [4, 6, 7, 5, 4, 6, 5, 6, 7, 3, 3, 6, 6, 5, 6, 7, 5, 3, 6, 5, 5, 6, 5, 7, 4, 5, 5, 6, 3, 5, 6, 4, 6, 5, 5, 5, 5, 5, 5, 4]
B_15 36.68 B 35 [2, 1, 4, 4, 2, 4, 2, 1, 1, 2, 2, 1, 1, 1, 2, 4, 4, 1, 4, 4, 1, 2, 2, 2, 4, 4, 1, 3, 4, 1, 3, 4, 3, 4, 3, 2, 4, 2, 3, 4] [6, 3, 8, 8, 5, 6, 6, 3, 3, 5, 6, 4, 3, 5, 4, 8, 6, 5, 7, 7, 4, 4, 5, 4, 8, 6, 5, 6, 8, 3, 7, 6, 5, 6, 5, 4, 7, 4, 6, 7]
B_16 37.68 B 36 [1, 4, 4, 1, 1, 4, 1, 1, 1, 1, 2, 1, 1, 4, 2, 4, 3, 4, 2, 4, 2, 4, 4, 3, 2, 4, 3, 4, 4, 3, 1, 3, 2, 4, 1, 4, 3, 4, 3, 2] [3, 7, 8, 3, 4, 6, 3, 3, 5, 4, 4, 4, 5, 8, 6, 8, 5, 6, 6, 8, 6, 8, 6, 7, 6, 7, 5, 8, 7, 6, 4, 5, 6, 8, 5, 7, 6, 6, 5, 5]
B_17 39.73 B 37 [3, 2, 4, 4, 2, 3, 3, 3, 3, 4, 3, 4, 2, 4, 3, 4, 4, 4, 4, 4, 2, 1, 1, 3, 4, 3, 3, 2, 4, 1, 4, 3, 1, 3, 2, 2, 4, 2, 4, 3] [6, 5, 6, 7, 5, 7, 7, 7, 7, 6, 7, 7, 5, 7, 7, 8, 6, 6, 7, 6, 6, 4, 4, 5, 6, 5, 7, 6, 7, 5, 6, 7, 4, 7, 5, 4, 6, 4, 7, 6]
B_18 41.669999999999995 B 38 [2, 3, 2, 3, 1, 4, 1, 2, 4, 3, 4, 3, 1, 4, 2, 1, 2, 3, 3, 2, 1, 4, 4, 3, 1, 2, 1, 4, 1, 2, 4, 2, 3, 4, 3, 3, 3, 4, 4, 4] [5, 6, 4, 6, 3, 8, 5, 6, 8, 5, 7, 5, 5, 8, 4, 3, 6, 7, 7, 6, 3, 7, 7, 5, 5, 5, 5, 7, 5, 6, 7, 5, 7, 7, 5, 6, 5, 7, 7, 6]
B_19 43.37 B 39 [4, 2, 3, 1, 2, 4, 2, 3, 3, 2, 1, 2, 3, 3, 1, 4, 1, 3, 2, 1, 2, 2, 3, 1, 4, 2, 3, 4, 3, 3, 2, 4, 3, 3, 1, 4, 2, 3, 4, 3] [6, 4, 7, 5, 6, 7, 6, 5, 5, 6, 5, 4, 7, 6, 4, 8, 3, 7, 4, 3, 4, 4, 6, 5, 8, 5, 5, 7, 7, 5, 5, 8, 5, 7, 4, 7, 5, 6, 6, 6]
