A_0 1 A 0 [4, 2, 4, 4, 1, 4, 4, 2, 4, 1, 3, 1, 3, 4, 1, 4, 2, 4, 1, 3, 3, 3, 4, 2, 1, 4, 2, 3, 2, 1, 4, 2, 2, 2, 4, 4, 1, 1, 1, 1, 1, 4, 4, 3, 3, 4, 4, 4, 3, 4, 4, 2, 2, 3, 1, 4, 3, 4, 3, 1, 1, 4, 4, 3, 1, 1, 2, 1, 4, 4, 3, 1, 3, 3, 4, 1, 3, 2, 2, 1] [6, 5, 7, 6, 4, 7, 7, 6, 6, 4, 6, 4, 6, 6, 5, 8, 6, 7, 4, 5, 5, 6, 6, 4, 5, 7, 5, 6, 6, 3, 7, 5, 4, 5, 8, 6, 5, 5, 4, 5, 3, 6, 8, 7, 5, 7, 6, 8, 7, 6, 7, 4, 5, 7, 3, 7, 6, 8, 5, 5, 3, 6, 8, 7, 5, 3, 4, 3, 8, 8, 6, 3, 7, 6, 6, 3, 7, 6, 6, 5]
A_1 2 A 1 [2, 4, 1, 4, 1, 1, 4, 2, 1, 4, 2, 4, 1, 2, 2, 2, 1, 1, 1, 1, 4, 2, 2, 2, 2, 1, 3, 2, 2, 1, 2, 3, 4, 1, 4, 3, 1, 4, 3, 3, 1, 3, 2, 1, 4, 4, 4, 3, 4, 4, 2, 1, 2, 4, 3, 3, 3, 1, 1, 1, 2, 1, 4, 4, 1, 4, 1, 2, 4, 4, 2, 1, 1, 1, 4, 1, 1, 2, 1, 3] [5, 7, 5, 6, 3, 5, 6, 5, 4, 8, 4, 8, 5, 6, 5, 6, 4, 5, 3, 5, 7, 4, 6, 6, 4, 3, 7, 4, 5, 5, 5, 6, 7, 4, 6, 6, 5, 8, 5, 6, 3, 7, 4, 4, 6, 7, 7, 6, 6, 6, 4, 4, 5, 7, 7, 5, 5, 4, 5, 3, 4, 5, 7, 6, 4, 6, 3, 5, 6, 8, 5, 4, 4, 5, 6, 3, 4, 4, 4, 6]
A_2 5.13 A 2 [4, 1, 1, 1, 3, 1, 3, 2, 4, 1, 3, 2, 1, 1, 1, 3, 2, 4, 4, 4, 1, 3, 4, 2, 2, 3, 4, 4, 3, 2, 2, 3, 1, 4, 1, 2, 4, 2, 2, 3, 4, 2, 1, 4, 3, 4, 3, 3, 1, 4, 4, 4, 2, 1, 1, 1, 3, 1, 4, 3, 3, 2, 4, 3, 2, 3, 2, 1, 1, 2, 1, 4, 2, 1, 4, 2, 3, 4, 2, 3] [7, 5, 3, 3, 7, 3, 7, 6, 8, 3, 6, 5, 5, 3, 4, 5, 4, 8, 7, 8, 4, 5, 6, 5, 6, 5, 6, 6, 6, 4, 4, 6, 4, 6, 3, 5, 8, 5, 5, 5, 7, 5, 3, 6, 7, 7, 7, 5, 5, 7, 8, 8, 4, 3, 5, 4, 5, 4, 8, 6, 7, 6, 7, 7, 4, 7, 5, 5, 4, 5, 4, 6, 4, 4, 6, 5, 5, 7, 6, 6]
A_3 6.13 A 3 [4, 4, 1, 1, 3, 4, 3, 1, 1, 3, 4, 3, 3, 3, 1, 4, 1, 1, 4, 2, 3, 2, 4, 4, 4, 4, 1, 2, 3, 4, 4, 4, 4, 1, 2, 3, 2, 2, 4, 4, 4, 1, 1, 1, 4, 1, 4, 3, 3, 2, 3, 3, 3, 4, 1, 4, 1, 3, 4, 1, 1, 2, 4, 1, 2, 3, 3, 4, 2, 4, 1, 1, 3, 3, 1, 1, 1, 1, 1, 3] [6, 6, 3, 3, 5, 7, 6, 4, 5, 6, 8, 5, 5, 7, 4, 6, 5, 5, 7, 5, 6, 4, 7, 8, 6, 6, 3, 4, 7, 7, 8, 8, 6, 4, 5, 6, 4, 4, 7, 7, 8, 5, 4, 3, 6, 3, 6, 5, 6, 4, 5, 7, 7, 8, 5, 7, 4, 6, 6, 5, 3, 5, 8, 5, 4, 7, 7, 6, 4, 7, 3, 5, 7, 5, 5, 4, 5, 5, 5, 6]
A_4 7.13 A 4 [1, 1, 3, 3, 1, 3, 1, 2, 1, 3, 3, 4, 4, 1, 2, 4, 4, 2, 2, 4, 4, 4, 4, 4, 3, 1, 2, 1, 4, 2, 3, 1, 3, 2, 4, 2, 3, 2, 4, 2, 1, 1, 4, 2, 1, 4, 3, 4, 1, 4, 1, 1, 2, 3, 2, 1, 2, 1, 4, 1, 2, 2, 4, 4, 4, 1, 4, 2, 3, 4, 3, 4, 1, 1, 2, 1, 4, 4, 3, 3] [4, 3, 7, 5, 5, 6, 4, 6, 3, 6, 6, 8, 8, 4, 6, 6, 8, 5, 5, 8, 8, 7, 7, 7, 7, 5, 6, 4, 7, 5, 5, 4, 7, 6, 7, 5, 7, 6, 7, 5, 3, 3, 7, 5, 5, 8, 6, 8, 5, 8, 3, 4, 4, 6, 5, 4, 5, 4, 6, 5, 6, 5, 8, 7, 6, 3, 8, 6, 7, 7, 5, 6, 4, 5, 4, 3, 7, 8, 5, 7]
A_5 8.29 A 5 [4, 1, 1, 4, 3, 1, 3, 1, 2, 2, 1, 4, 3, 3, 2, 2, 3, 4, 4, 1, 3, 1, 3, 3, 1, 4, 4, 4, 4, 1, 3, 1, 4, 1, 2, 4, 4, 3, 1, 3, 1, 3, 3, 1, 4, 4, 1, 4, 3, 3, 1, 3, 3, 2, 1, 1, 2, 1, 3, 4, 4, 3, 2, 4, 3, 3, 1, 3, 3, 4, 1, 3, 2, 1, 2, 1, 3, 4, 4, 4] [7, 5, 3, 7, 6, 4, 6, 4, 4, 5, 3, 8, 6, 5, 4, 5, 7, 7, 6, 3, 6, 3, 6, 6, 5, 7, 6, 6, 7, 3, 7, 5, 7, 3, 5, 7, 8, 7, 4, 6, 3, 7, 5, 3, 7, 7, 5, 6, 7, 6, 3, 6, 6, 6, 4, 4, 6, 5, 6, 7, 6, 6, 5, 6, 5, 7, 4, 5, 7, 8, 3, 6, 5, 4, 5, 3, 6, 8, 8, 7]
A_6 9.579999999999998 A 6 [4, 4, 3, 3, 1, 3, 1, 3, 4, 3, 4, 3, 4, 1, 4, 1, 4, 4, 3, 4, 2, 3, 4, 3, 1, 2, 4, 1, 4, 3, 2, 2, 1, 1, 2, 1, 1, 2, 2, 2, 3, 2, 2, 4, 2, 4, 1, 4, 2, 2, 1, 1, 3, 4, 4, 4, 2, 1, 1, 3, 4, 1, 3, 3, 4, 4, 3, 3, 3, 2, 1, 2, 2, 2, 1, 3, 1, 2, 1, 2] [7, 6, 7, 6, 4, 6, 4, 5, 6, 6, 7, 5, 7, 5, 7, 5, 6, 7, 7, 7, 4, 6, 6, 6, 3, 4, 8, 5, 7, 6, 4, 6, 3, 4, 4, 4, 4, 5, 6, 5, 5, 6, 6, 6, 6, 7, 3, 7, 6, 4, 5, 5, 5, 6, 7, 7, 4, 4, 5, 6, 6, 5, 6, 6, 8, 8, 5, 6, 5, 6, 3, 5, 4, 4, 4, 5, 3, 5, 4, 5]
A_7 14.649999999999999 A 7 [2, 2, 2, 1, 2, 1, 3, 1, 2, 1, 2, 4, 2, 3, 2, 3, 3, 3, 1, 2, 3, 4, 3, 1, 3, 4, 3, 3, 2, 3, 4, 3, 1, 4, 2, 3, 3, 2, 4, 2, 1, 4, 3, 3, 3, 2, 4, 4, 3, 2, 4, 2, 1, 1, 4, 3, 4, 2, 2, 1, 2, 1, 3, 2, 4, 1, 4, 4, 3, 4, 1, 1, 2, 1, 1, 1, 2, 3, 1, 4] [6, 5, 6, 4, 6, 4, 5, 5, 6, 5, 6, 6, 5, 6, 6, 5, 7, 5, 4, 5, 6, 8, 5, 4, 6, 8, 5, 6, 5, 6, 8, 5, 4, 6, 6, 6, 7, 5, 7, 6, 5, 7, 5, 7, 7, 5, 8, 7, 5, 6, 8, 4, 3, 5, 8, 7, 8, 4, 6, 4, 6, 3, 5, 6, 7, 5, 7, 6, 6, 7, 3, 4, 5, 4, 5, 5, 6, 7, 4, 7]
A_8 15.649999999999999 A 8 [4, 1, 4, 1, 1, 2, 4, 2, 4, 1, 3, 4, 1, 1, 1, 2, 2, 3, 2, 4, 2, 3, 4, 4, 3, 2, 1, 2, 2, 2, 4, 3, 3, 1, 3, 1, 3, 2, 4, 4, 4, 4, 3, 2, 1, 2, 1, 2, 1, 4, 1, 3, 2, 1, 3, 1, 3, 4, 3, 2, 1, 3, 2, 2, 4, 4, 1, 1, 1, 4, 1, 3, 3, 1, 4, 3, 2, 4, 2, 1] [6, 4, 8, 5, 3, 4, 6, 6, 6, 4, 5, 6, 4, 5, 5, 6, 5, 7, 5, 7, 4, 5, 6, 7, 6, 6, 5, 5, 4, 5, 7, 7, 5, 4, 7, 3, 5, 4, 6, 7, 7, 6, 5, 6, 5, 5, 3, 6, 4, 6, 4, 6, 4, 5, 6, 3, 7, 8, 7, 6, 3, 5, 6, 4, 6, 8, 4, 3, 4, 7, 5, 7, 7, 3, 6, 6, 5, 6, 6, 3]
A_9 16.65 A 9 [1, 4, 1, 3, 3, 2, 3, 1, 1, 4, 3, 1, 3, 1, 2, 2, 2, 4, 3, 1, 1, 4, 2, 2, 3, 4, 4, 3, 1, 3, 4, 4, 4, 4, 2, 1, 3, 1, 1, 3, 2, 4, 1, 4, 2, 4, 1, 2, 2, 4, 4, 2, 3, 2, 2, 4, 4, 3, 2, 1, 4, 4, 3, 1, 3, 1, 1, 4, 4, 1, 2, 3, 2, 2, 3, 1, 3, 2, 1, 4] [4, 8, 3, 6, 6, 5, 6, 5, 4, 6, 7, 5, 5, 4, 6, 4, 4, 8, 5, 3, 3, 6, 6, 6, 6, 8, 8, 5, 3, 7, 6, 6, 6, 6, 5, 4, 6, 5, 5, 7, 6, 7, 3, 7, 6, 7, 4, 5, 5, 8, 7, 4, 5, 4, 5, 8, 6, 6, 6, 5, 6, 7, 7, 5, 5, 3, 5, 6, 6, 5, 4, 7, 4, 4, 6, 3, 7, 4, 5, 8]
A_10 23.83 A 10 [3, 2, 3, 4, 3, 1, 4, 2, 3, 3, 4, 4, 4, 3, 2, 4, 2, 3, 2, 1, 2, 3, 1, 4, 3, 2, 1, 2, 2, 4, 1, 1, 3, 1, 1, 1, 2, 2, 2, 2, 2, 2, 4, 1, 1, 2, 1, 3, 4, 1, 4, 1, 4, 2, 4, 3, 4, 1, 1, 1, 4, 4, 2, 2, 1, 2, 2, 4, 4, 2, 4, 4, 3, 4, 4, 2, 1, 3, 4, 3] [6, 4, 6, 8, 6, 3, 7, 6, 5, 7, 8, 6, 8, 5, 6, 6, 4, 7, 5, 5, 4, 6, 5, 6, 6, 5, 5, 6, 4, 8, 3, 5, 7, 5, 5, 3, 4, 5, 5, 5, 6, 6, 7, 5, 3, 4, 4, 6, 8, 5, 7, 3, 6, 5, 8, 7, 7, 3, 3, 4, 8, 6, 5, 6, 4, 6, 5, 6, 7, 4, 7, 7, 7, 7, 6, 4, 3, 6, 6, 5]
A_11 24.83 A 11 [1, 4, 2, 3, 4, 4, 3, 4, 4, 1, 4, 3, 2, 4, 4, 2, 3, 1, 4, 3, 2, 3, 4, 4, 2, 1, 1, 2, 1, 4, 4, 4, 1, 3, 4, 1, 1, 2, 1, 3, 1, 1, 1, 4, 4, 2, 2, 4, 4, 2, 1, 4, 1, 2, 2, 4, 2, 2, 1, 3, 4, 3, 2, 4, 1, 3, 3, 4, 4, 2, 3, 2, 3, 2, 4, 4, 4, 1, 4, 2] [4, 8, 5, 5, 8, 8, 5, 6, 6, 5, 6, 7, 4, 7, 7, 4, 7, 5, 8, 5, 4, 5, 6, 8, 5, 3, 5, 5, 5, 7, 6, 6, 5, 6, 6, 5, 3, 6, 3, 7, 4, 3, 3, 8, 6, 5, 6, 6, 7, 4, 5, 7, 3, 4, 4, 8, 5, 6, 3, 7, 6, 5, 6, 7, 4, 7, 7, 7, 8, 6, 6, 4, 6, 5, 7, 7, 8, 4, 7, 6]
A_12 26.15 A 12 [3, 1, 1, 3, 4, 3, 4, 2, 1, 3, 4, 2, 2, 4, 1, 3, 2, 1, 4, 1, 2, 1, 4, 1, 4, 1, 1, 2, 4, 4, 1, 4, 1, 4, 4, 3, 1, 2, 4, 4, 3, 3, 2, 1, 4, 2, 1, 1, 4, 1, 3, 2, 3, 4, 3, 1, 2, 3, 3, 4, 4, 1, 2, 4, 4, 4, 4, 3, 1, 4, 2, 1, 1, 4, 4, 2, 4, 2, 3, 3] [6, 5, 5, 5, 8, 6, 7, 5, 4, 5, 8, 4, 5, 8, 4, 6, 6, 3, 7, 4, 5, 4, 8, 4, 8, 4, 4, 4, 6, 7, 5, 7, 5, 6, 6, 5, 5, 5, 7, 7, 7, 6, 4, 5, 8, 4, 5, 5, 6, 5, 5, 6, 6, 8, 7, 5, 5, 6, 6, 8, 6, 5, 6, 7, 6, 8, 7, 7, 5, 8, 6, 5, 5, 6, 7, 6, 8, 4, 5, 7]
A_13 29.419999999999998 A 13 [4, 2, 1, 3, 1, 3, 1, 3, 1, 1, 3, 4, 4, 1, 3, 1, 4, 3, 4, 4, 4, 3, 4, 4, 1, 1, 4, 3, 2, 2, 4, 1, 4, 2, 1, 3, 2, 4, 2, 4, 3, 4, 3, 2, 1, 3, 1, 3, 2, 3, 4, 2, 3, 2, 4, 4, 2, 3, 3, 2, 1, 4, 3, 3, 1, 2, 4, 4, 3, 4, 1, 4, 1, 2, 1, 1, 1, 1, 3, 3] [6, 6, 3, 7, 4, 5, 5, 6, 5, 4, 5, 7, 8, 5, 6, 3, 8, 6, 7, 6, 6, 7, 7, 7, 3, 3, 8, 6, 4, 4, 6, 3, 8, 5, 3, 7, 6, 6, 4, 6, 7, 7, 7, 4, 3, 6, 4, 6, 5, 6, 7, 4, 6, 5, 6, 8, 6, 7, 5, 4, 3, 8, 7, 5, 4, 6, 7, 7, 6, 7, 4, 6, 4, 5, 5, 5, 3, 5, 5, 7]
A_14 33.64 A 14 [1, 2, 1, 1, 2, 2, 4, 2, 1, 2, 2, 4, 1, 3, 4, 1, 3, 3, 4, 2, 2, 4, 4, 4, 3, 3, 3, 2, 2, 3, 3, 1, 2, 3, 1, 2, 4, 4, 3, 4, 3, 3, 4, 3, 4, 4, 4, 2, 2, 2, 3, 1, 4, 1, 3, 4, 4, 4, 3, 1, 2, 4, 2, 2, 1, 4, 1, 3, 4, 3, 4, 4, 4, 3, 4, 4, 4, 3, 3, 2] [5, 5, 4, 4, 6, 4, 7, 6, 5, 6, 6, 7, 4, 6, 7, 4, 7, 7, 7, 4, 6, 8, 8, 6, 5, 5, 5, 4, 4, 5, 5, 3, 6, 7, 3, 4, 7, 6, 7, 6, 5, 6, 7, 6, 6, 8, 7, 6, 4, 5, 7, 3, 7, 5, 7, 7, 7, 7, 6, 5, 6, 8, 4, 5, 5, 8, 5, 5, 8, 7, 7, 8, 7, 5, 8, 6, 8, 6, 7, 5]
A_15 34.85 A 15 [4, 2, 3, 4, 4, 2, 1, 3, 2, 2, 4, 2, 3, 1, 1, 3, 2, 2, 3, 4, 1, 1, 3, 2, 4, 3, 4, 4, 2, 3, 1, 4, 4, 4, 2, 2, 2, 3, 1, 2, 4, 3, 3, 3, 1, 3, 1, 3, 3, 1, 3, 4, 3, 4, 1, 4, 3, 2, 4, 3, 2, 1, 1, 2, 3, 1, 1, 1, 4, 2, 2, 1, 1, 2, 1, 4, 1, 3, 1, 2] [8, 6, 5, 6, 6, 5, 5, 5, 6, 4, 6, 4, 6, 3, 4, 7, 5, 4, 5, 8, 4, 3, 7, 5, 6, 7, 8, 7, 6, 7, 4, 8, 7, 8, 5, 4, 4, 5, 3, 6, 6, 5, 6, 5, 3, 5, 5, 7, 5, 4, 6, 7, 6, 7, 4, 8, 7, 4, 8, 7, 5, 3, 3, 6, 7, 3, 5, 4, 7, 6, 5, 5, 4, 4, 4, 8, 5, 6, 3, 5]
A_16 36.77 A 16 [2, 1, 2, 1, 4, 3, 4, 3, 2, 2, 2, 3, 2, 4, 3, 2, 1, 4, 2, 3, 2, 2, 3, 3, 1, 1, 1, 1, 1, 3, 1, 3, 4, 1, 3, 2, 3, 2, 1, 4, 4, 2, 1, 1, 1, 3, 3, 2, 4, 2, 1, 3, 2, 2, 1, 4, 4, 4, 1, 4, 2, 2, 2, 1, 2, 4, 3, 3, 2, 4, 4, 2, 2, 2, 3, 2, 4, 2, 1, 3] [6, 4, 4, 5, 8, 7, 6, 7, 5, 4, 4, 7, 6, 8, 7, 5, 4, 7, 6, 7, 6, 4, 5, 6, 3, 3, 3, 4, 4, 5, 3, 7, 8, 3, 6, 6, 7, 5, 4, 8, 6, 6, 3, 3, 4, 7, 6, 5, 6, 5, 4, 7, 4, 6, 4, 7, 8, 8, 5, 7, 4, 5, 6, 5, 6, 6, 6, 6, 5, 7, 8, 5, 4, 6, 5, 6, 8, 6, 4, 7]
A_17 40.150000000000006 A 17 [4, 1, 4, 1, 2, 4, 4, 3, 3, 4, 3, 1, 1, 3, 3, 2, 4, 1, 4, 4, 4, 4, 3, 4, 3, 3, 1, 1, 1, 2, 1, 4, 3, 4, 2, 3, 2, 1, 2, 4, 1, 3, 3, 4, 2, 2, 3, 4, 2, 2, 1, 1, 3, 1, 2, 4, 3, 2, 4, 2, 4, 2, 4, 4, 1, 1, 1, 2, 2, 1, 1, 4, 3, 1, 3, 1, 3, 4, 4, 4] [7, 5, 8, 5, 5, 7, 7, 5, 7, 8, 7, 5, 3, 6, 7, 4, 7, 5, 7, 6, 7, 6, 7, 6, 6, 6, 4, 5, 3, 6, 5, 7, 7, 8, 5, 7, 4, 4, 5, 6, 3, 6, 6, 7, 6, 6, 6, 8, 6, 4, 3, 4, 5, 3, 6, 7, 5, 4, 6, 6, 6, 4, 8, 6, 4, 5, 4, 4, 5, 4, 5, 6, 7, 3, 5, 3, 6, 8, 6, 6]
A_18 41.86000000000001 A 18 [1, 1, 4, 4, 2, 4, 3, 1, 2, 3, 2, 4, 4, 4, 4, 3, 2, 4, 4, 3, 2, 2, 2, 1, 1, 1, 1, 1, 2, 3, 3, 4, 4, 1, 2, 4, 1, 3, 3, 2, 3, 4, 1, 1, 4, 1, 2, 1, 4, 4, 2, 1, 4, 3, 3, 3, 1, 4, 2, 2, 4, 1, 4, 1, 1, 2, 4, 3, 3, 3, 3, 3, 2, 4, 3, 2, 2, 1, 4, 3] [4, 3, 7, 7, 5, 6, 7, 4, 5, 5, 5, 8, 7, 7, 7, 5, 6, 7, 7, 7, 6, 5, 6, 5, 3, 3, 5, 3, 6, 7, 7, 8, 6, 3, 4, 6, 5, 7, 6, 5, 7, 8, 5, 5, 6, 5, 5, 5, 7, 6, 4, 3, 6, 5, 7, 7, 4, 8, 5, 5, 7, 3, 8, 3, 3, 4, 6, 6, 7, 5, 5, 6, 5, 8, 6, 6, 4, 4, 7, 5]
A_19 42.86000000000001 A 19 [3, 1, 4, 2, 4, 1, 4, 2, 4, 1, 1, 3, 1, 4, 2, 4, 3, 4, 3, 2, 2, 4, 4, 1, 2, 4, 2, 3, 3, 2, 4, 4, 3, 4, 3, 4, 1, 1, 2, 1, 2, 2, 1, 4, 2, 1, 4, 4, 4, 2, 3, 2, 1, 4, 4, 1, 1, 2, 1, 4, 4, 3, 1, 4, 4, 3, 1, 3, 3, 3, 2, 3, 4, 2, 4, 3, 4, 3, 2, 3] [5, 5, 8, 5, 8, 3, 7, 5, 7, 3, 5, 5, 4, 6, 4, 8, 7, 6, 7, 6, 6, 6, 8, 5, 5, 8, 6, 7, 5, 6, 7, 8, 7, 7, 5, 7, 4, 5, 5, 5, 4, 4, 4, 6, 4, 3, 7, 8, 8, 4, 5, 4, 3, 7, 8, 5, 5, 5, 5, 8, 7, 7, 4, 8, 6, 7, 3, 6, 5, 7, 5, 5, 8, 5, 6, 7, 7, 7, 6, 7]
A_20 43.86000000000001 A 20 [3, 4, 1, 3, 4, 3, 2, 3, 2, 1, 2, 2, 2, 4, 2, 1, 2, 4, 2, 2, 1, 2, 2, 2, 1, 4, 4, 2, 4, 2, 1, 1, 3, 2, 4, 4, 3, 3, 1, 4, 3, 3, 2, 3, 3, 1, 1, 4, 2, 3, 1, 4, 3, 2, 2, 3, 1, 2, 3, 2, 4, 2, 4, 4, 4, 2, 4, 4, 4, 2, 2, 3, 4, 3, 3, 3, 1, 4, 4, 1] [5, 7, 4, 6, 8, 6, 4, 6, 4, 3, 4, 4, 5, 6, 6, 4, 6, 7, 6, 6, 3, 5, 5, 6, 3, 6, 8, 6, 6, 6, 4, 3, 7, 5, 6, 7, 7, 5, 4, 7, 5, 5, 5, 5, 7, 5, 4, 7, 4, 6, 5, 7, 6, 6, 4, 6, 4, 4, 7, 5, 7, 5, 7, 7, 7, 6, 8, 8, 8, 4, 5, 7, 6, 5, 6, 6, 4, 6, 6, 4]
A_21 44.86000000000001 A 21 [3, 2, 3, 2, 4, 1, 3, 4, 3, 4, 3, 3, 1, 3, 4, 1, 2, 4, 2, 4, 2, 1, 4, 2, 3, 1, 1, 3, 3, 3, 2, 4, 2, 1, 4, 3, 4, 3, 4, 1, 1, 1, 1, 3, 3, 1, 4, 3, 1, 4, 2, 3, 4, 3, 3, 4, 2, 3, 2, 3, 4, 2, 1, 1, 3, 2, 2, 2, 4, 4, 4, 3, 4, 1, 4, 1, 1, 1, 1, 3] [6, 4, 5, 4, 7, 3, 6, 8, 5, 6, 6, 5, 4, 7, 8, 3, 4, 6, 5, 6, 5, 5, 6, 5, 5, 4, 4, 5, 7, 5, 5, 7, 5, 4, 7, 6, 6, 5, 7, 5, 4, 3, 5, 7, 6, 3, 6, 6, 5, 6, 4, 6, 8, 7, 6, 7, 6, 5, 6, 7, 8, 6, 4, 3, 5, 5, 5, 5, 7, 6, 8, 6, 7, 3, 6, 4, 4, 5, 4, 6]
A_22 50.25000000000001 A 22 [4, 2, 4, 4, 4, 3, 4, 3, 4, 2, 1, 4, 4, 4, 4, 3, 3, 3, 2, 4, 2, 4, 4, 1, 3, 4, 4, 3, 4, 2, 1, 1, 3, 1, 4, 2, 1, 1, 3, 2, 4, 3, 3, 3, 3, 2, 4, 1, 4, 3, 2, 1, 3, 3, 4, 3, 4, 2, 3, 2, 3, 3, 4, 1, 2, 2, 4, 1, 2, 3, 2, 2, 3, 3, 3, 4, 4, 3, 3, 2] [6, 6, 6, 7, 7, 6, 6, 5, 6, 6, 5, 6, 8, 7, 8, 7, 5, 7, 6, 8, 5, 6, 7, 5, 5, 6, 7, 6, 8, 4, 4, 5, 7, 4, 8, 6, 3, 5, 5, 6, 7, 5, 6, 6, 5, 6, 6, 5, 6, 7, 5, 4, 7, 6, 6, 5, 7, 6, 7, 5, 6, 6, 6, 4, 6, 4, 8, 5, 6, 5, 6, 5, 7, 7, 5, 7, 7, 5, 7, 5]
A_23 51.32000000000001 A 23 [2, 2, 2, 4, 4, 3, 3, 1, 4, 2, 4, 4, 1, 4, 4, 2, 3, 4, 1, 1, 2, 2, 1, 4, 3, 1, 2, 1, 1, 2, 2, 1, 1, 1, 4, 1, 2, 2, 3, 3, 1, 1, 1, 4, 1, 4, 3, 4, 1, 1, 4, 1, 2, 1, 4, 2, 1, 3, 1, 2, 2, 2, 2, 1, 3, 4, 3, 4, 4, 2, 4, 2, 4, 2, 1, 2, 4, 1, 2, 1] [4, 6, 5, 8, 7, 6, 6, 4, 7, 6, 6, 8, 4, 7, 6, 5, 6, 6, 5, 5, 6, 5, 5, 8, 6, 4, 4, 5, 5, 5, 6, 4, 5, 4, 7, 4, 6, 4, 7, 6, 5, 3, 3, 7, 3, 7, 6, 6, 3, 4, 7, 5, 6, 4, 6, 6, 5, 6, 3, 6, 6, 5, 6, 3, 5, 7, 6, 6, 6, 6, 6, 6, 8, 5, 3, 4, 7, 5, 5, 3]
A_24 52.32000000000001 A 24 [1, 2, 2, 4, 3, 1, 1, 3, 3, 3, 3, 2, 4, 1, 3, 4, 1, 3, 1, 2, 1, 3, 3, 3, 2, 1, 1, 3, 4, 1, 3, 1, 3, 3, 2, 3, 4, 3, 4, 2, 3, 4, 3, 3, 1, 1, 3, 3, 1, 1, 2, 2, 3, 4, 3, 2, 1, 3, 3, 2, 3, 4, 2, 3, 1, 1, 1, 2, 4, 2, 2, 1, 4, 1, 2, 4, 3, 3, 1, 3] [5, 4, 6, 6, 7, 5, 3, 6, 6, 6, 6, 5, 8, 3, 5, 6, 3, 6, 3, 5, 3, 5, 5, 6, 5, 4, 5, 5, 8, 4, 6, 3, 6, 6, 6, 6, 7, 7, 8, 4, 7, 6, 6, 7, 5, 3, 6, 5, 5, 4, 5, 5, 7, 8, 6, 4, 5, 6, 7, 4, 7, 8, 6, 7, 5, 5, 4, 4, 6, 6, 5, 3, 8, 3, 6, 6, 5, 6, 5, 5]
A_25 54.620000000000005 A 25 [4, 1, 3, 4, 1, 4, 2, 4, 2, 4, 2, 1, 1, 1, 3, 3, 1, 3, 1, 4, 4, 1, 4, 1, 1, 4, 1, 3, 3, 2, 2, 1, 2, 2, 2, 2, 2, 3, 3, 2, 1, 2, 2, 2, 2, 4, 1, 1, 1, 3, 3, 1, 3, 4, 2, 2, 3, 4, 2, 4, 4, 3, 2, 3, 1, 4, 2, 3, 1, 4, 2, 3, 3, 1, 2, 1, 2, 4, 1, 2] [7, 3, 5, 6, 5, 7, 4, 8, 6, 8, 5, 3, 4, 3, 5, 7, 3, 6, 3, 8, 6, 4, 6, 4, 4, 8, 4, 6, 5, 4, 6, 5, 5, 5, 6, 6, 4, 5, 7, 5, 4, 5, 6, 4, 4, 7, 3, 5, 4, 6, 5, 3, 5, 6, 6, 4, 6, 8, 5, 8, 7, 5, 5, 7, 3, 7, 5, 6, 5, 6, 4, 6, 6, 5, 5, 3, 4, 6, 3, 4]
A_26 55.620000000000005 A 26 [2, 3, 4, 1, 2, 4, 4, 3, 1, 4, 1, 1, 1, 4, 3, 4, 1, 1, 1, 2, 4, 1, 4, 2, 1, 1, 3, 1, 1, 3, 3, 1, 2, 4, 2, 2, 2, 3, 2, 3, 3, 3, 3, 1, 4, 4, 2, 2, 3, 2, 3, 4, 2, 4, 1, 3, 3, 4, 3, 3, 2, 2, 1, 2, 1, 1, 3, 4, 1, 3, 3, 3, 1, 3, 2, 4, 4, 2, 1, 2] [5, 7, 6, 3, 6, 6, 8, 5, 5, 8, 5, 5, 4, 8, 5, 8, 3, 4, 5, 6, 8, 4, 7, 4, 5, 4, 5, 4, 5, 5, 5, 4, 6, 8, 4, 5, 5, 5, 6, 6, 6, 5, 5, 4, 8, 6, 5, 6, 5, 5, 7, 6, 5, 7, 3, 7, 7, 6, 7, 7, 4, 5, 4, 4, 5, 3, 7, 6, 4, 6, 6, 7, 3, 6, 5, 6, 6, 4, 3, 6]
A_27 56.86000000000001 A 27 [3, 2, 4, 2, 1, 4, 1, 3, 2, 3, 2, 2, 2, 3, 2, 4, 1, 1, 1, 3, 2, 3, 3, 1, 3, 3, 1, 2, 1, 1, 2, 3, 4, 2, 4, 1, 1, 2, 1, 1, 2, 2, 3, 2, 4, 1, 3, 1, 3, 1, 1, 4, 3, 4, 4, 4, 2, 2, 3, 2, 2, 1, 4, 1, 4, 4, 1, 2, 2, 4, 3, 1, 3, 3, 1, 2, 3, 3, 1, 3] [6, 4, 6, 4, 4, 6, 5, 6, 5, 5, 6, 5, 4, 6, 4, 7, 4, 5, 3, 7, 6, 5, 6, 5, 5, 6, 4, 4, 3, 3, 4, 5, 8, 5, 7, 3, 4, 6, 3, 4, 4, 5, 5, 4, 8, 5, 5, 5, 7, 5, 4, 8, 5, 8, 6, 7, 4, 6, 7, 6, 5, 4, 7, 3, 8, 8, 3, 5, 4, 7, 5, 3, 5, 6, 3, 6, 7, 6, 4, 6]
A_28 62.800000000000004 A 28 [2, 2, 3, 3, 4, 4, 4, 2, 2, 1, 2, 1, 4, 2, 2, 2, 1, 1, 2, 3, 4, 3, 4, 1, 4, 3, 1, 1, 1, 4, 1, 2, 1, 2, 4, 4, 3, 1, 2, 1, 3, 4, 4, 1, 3, 1, 3, 1, 1, 2, 3, 3, 4, 4, 1, 1, 3, 4, 2, 4, 2, 1, 1, 4, 1, 3, 1, 2, 2, 4, 1, 4, 2, 2, 4, 1, 1, 3, 4, 3] [6, 5, 6, 7, 7, 7, 7, 5, 4, 3, 4, 5, 6, 4, 4, 6, 4, 3, 6, 5, 6, 7, 8, 5, 8, 5, 5, 3, 5, 6, 5, 5, 5, 4, 6, 6, 5, 4, 6, 5, 5, 7, 8, 5, 5, 4, 6, 4, 4, 6, 5, 6, 8, 7, 5, 3, 6, 6, 5, 7, 5, 3, 4, 6, 4, 6, 5, 5, 4, 6, 5, 6, 5, 5, 6, 5, 4, 7, 6, 5]
A_29 67.65 A 29 [1, 1, 2, 4, 2, 1, 3, 3, 2, 3, 4, 4, 4, 2, 3, 3, 3, 2, 3, 2, 2, 3, 2, 2, 1, 2, 3, 1, 4, 1, 2, 4, 2, 3, 4, 4, 1, 1, 4, 2, 2, 4, 4, 2, 2, 1, 1, 2, 3, 4, 4, 4, 3, 2, 4, 4, 1, 3, 4, 1, 3, 2, 1, 2, 1, 3, 3, 4, 1, 1, 4, 1, 3, 2, 3, 1, 2, 2, 1, 4] [3, 5, 4, 7, 5, 3, 6, 6, 5, 7, 8, 7, 7, 4, 5, 7, 5, 6, 7, 6, 6, 5, 4, 5, 4, 4, 5, 3, 6, 4, 5, 6, 6, 7, 8, 7, 3, 4, 6, 6, 4, 7, 8, 5, 5, 3, 5, 4, 7, 8, 7, 8, 5, 4, 6, 8, 4, 6, 7, 5, 6, 4, 4, 6, 3, 7, 5, 7, 4, 4, 6, 4, 6, 4, 6, 4, 4, 5, 3, 6]
A_30 68.65 A 30 [4, 2, 2, 4, 3, 3, 2, 4, 4, 4, 1, 4, 1, 4, 3, 1, 1, 1, 3, 4, 1, 2, 1, 2, 3, 2, 3, 2, 1, 2, 1, 4, 3, 2, 4, 2, 4, 1, 4, 3, 1, 2, 1, 2, 3, 3, 1, 1, 4, 3, 3, 3, 1, 2, 4, 4, 1, 4, 4, 4, 1, 2, 3, 1, 3, 4, 4, 1, 1, 4, 4, 1, 2, 1, 4, 4, 4, 4, 1, 4] [7, 5, 4, 8, 5, 7, 4, 8, 7, 6, 3, 6, 5, 6, 5, 4, 3, 5, 7, 7, 4, 5, 4, 6, 6, 6, 5, 4, 5, 5, 3, 6, 7, 4, 7, 5, 7, 3, 7, 6, 5, 6, 3, 4, 5, 5, 4, 5, 8, 5, 7, 6, 3, 4, 6, 6, 4, 6, 8, 8, 4, 5, 7, 3, 7, 6, 7, 5, 5, 8, 6, 3, 4, 5, 6, 8, 8, 7, 3, 8]
A_31 70.21000000000001 A 31 [2, 3, 3, 4, 1, 1, 2, 3, 3, 4, 1, 4, 4, 1, 1, 4, 3, 4, 4, 4, 1, 4, 1, 1, 1, 1, 1, 3, 2, 4, 4, 1, 2, 1, 1, 1, 1, 3, 4, 4, 1, 3, 3, 1, 1, 3, 1, 4, 2, 4, 1, 3, 1, 4, 3, 1, 2, 1, 3, 1, 1, 2, 3, 1, 3, 1, 1, 1, 2, 3, 1, 4, 2, 4, 3, 4, 4, 3, 2, 1] [5, 6, 6, 8, 4, 5, 6, 5, 7, 6, 5, 6, 7, 3, 3, 8, 7, 7, 8, 8, 3, 7, 5, 4, 3, 5, 4, 5, 5, 6, 6, 5, 6, 3, 3, 5, 4, 7, 6, 6, 4, 7, 6, 5, 3, 7, 5, 6, 6, 8, 4, 5, 4, 8, 5, 3, 5, 3, 7, 5, 3, 6, 6, 3, 6, 3, 4, 4, 5, 5, 5, 8, 4, 7, 6, 6, 8, 5, 4, 3]
A_32 81.33000000000001 A 32 [2, 4, 1, 4, 3, 4, 1, 1, 3, 4, 3, 1, 1, 4, 2, 4, 4, 3, 4, 3, 3, 2, 3, 1, 3, 2, 2, 4, 1, 2, 3, 2, 4, 4, 2, 4, 2, 1, 4, 4, 1, 3, 4, 3, 2, 3, 2, 1, 4, 3, 4, 1, 2, 4, 3, 4, 2, 1, 4, 1, 1, 2, 3, 3, 3, 3, 2, 2, 1, 3, 3, 2, 4, 2, 4, 2, 3, 1, 4, 3] [4, 7, 4, 6, 7, 7, 3, 4, 5, 6, 7, 5, 5, 8, 6, 7, 8, 7, 6, 7, 7, 5, 7, 5, 6, 5, 6, 8, 5, 6, 7, 6, 7, 6, 4, 6, 6, 3, 8, 8, 4, 5, 7, 6, 4, 6, 5, 4, 7, 5, 6, 4, 4, 6, 5, 7, 6, 5, 7, 4, 5, 5, 7, 5, 6, 7, 6, 4, 4, 5, 6, 6, 7, 4, 8, 4, 5, 5, 6, 6]
A_33 83.98000000000002 A 33 [2, 1, 4, 1, 2, 1, 1, 4, 1, 4, 1, 3, 4, 2, 3, 4, 1, 4, 1, 4, 2, 1, 1, 1, 3, 2, 4, 2, 2, 3, 2, 1, 4, 2, 4, 4, 1, 1, 2, 4, 1, 2, 4, 2, 2, 2, 1, 1, 2, 1, 1, 3, 2, 1, 3, 4, 2, 4, 4, 4, 1, 2, 2, 1, 3, 4, 3, 4, 3, 1, 3, 1, 4, 2, 2, 3, 3, 1, 4, 2] [5, 4, 6, 4, 6, 3, 4, 6, 4, 6, 5, 6, 6, 5, 7, 8, 3, 8, 3, 7, 5, 4, 4, 4, 6, 5, 8, 5, 4, 7, 4, 3, 6, 4, 8, 7, 4, 5, 6, 8, 3, 5, 6, 6, 6, 4, 5, 3, 5, 4, 3, 7, 4, 4, 7, 6, 4, 7, 6, 7, 4, 6, 5, 4, 5, 6, 6, 6, 6, 3, 5, 3, 7, 4, 6, 6, 7, 4, 8, 4]
A_34 92.20000000000002 A 34 [4, 4, 1, 2, 4, 2, 2, 2, 3, 2, 1, 4, 4, 1, 1, 2, 3, 2, 2, 3, 4, 4, 4, 4, 2, 2, 2, 4, 4, 4, 4, 1, 2, 4, 3, 2, 1, 2, 4, 4, 2, 1, 1, 1, 1, 1, 2, 1, 3, 3, 1, 4, 2, 3, 4, 1, 3, 4, 3, 4, 1, 1, 4, 1, 2, 3, 2, 2, 2, 4, 4, 1, 2, 4, 1, 2, 3, 1, 1, 2] [8, 6, 3, 5, 7, 5, 4, 6, 7, 5, 5, 6, 6, 3, 3, 5, 6, 5, 4, 5, 6, 7, 8, 7, 6, 6, 4, 7, 6, 8, 7, 3, 4, 8, 7, 5, 5, 5, 8, 8, 4, 3, 5, 3, 5, 4, 4, 4, 6, 5, 4, 7, 6, 6, 7, 5, 5, 7, 7, 7, 4, 4, 8, 3, 5, 6, 6, 4, 4, 6, 7, 4, 5, 6, 3, 4, 7, 5, 5, 6]
A_35 93.20000000000002 A 35 [4, 3, 2, 3, 2, 4, 1, 3, 1, 1, 1, 1, 3, 3, 2, 2, 2, 3, 4, 4, 4, 3, 2, 1, 3, 2, 2, 1, 4, 4, 2, 1, 4, 4, 2, 1, 3, 3, 4, 3, 4, 4, 2, 2, 3, 1, 3, 2, 3, 1, 3, 1, 2, 1, 4, 3, 2, 2, 2, 2, 4, 3, 2, 1, 1, 4, 1, 4, 2, 4, 4, 3, 2, 1, 4, 1, 2, 1, 4, 3] [6, 6, 5, 6, 5, 7, 4, 6, 3, 4, 3, 5, 5, 7, 4, 4, 6, 7, 6, 7, 7, 6, 6, 4, 6, 6, 5, 3, 6, 7, 5, 5, 6, 7, 5, 4, 6, 5, 7, 5, 8, 8, 5, 6, 5, 5, 6, 6, 6, 5, 5, 5, 6, 4, 8, 6, 6, 6, 5, 6, 7, 7, 5, 3, 3, 7, 4, 7, 5, 6, 7, 6, 5, 5, 7, 4, 6, 5, 7, 7]
A_36 94.20000000000002 A 36 [1, 1, 4, 2, 3, 4, 1, 3, 3, 3, 2, 1, 1, 2, 4, 2, 3, 2, 1, 1, 3, 4, 1, 2, 4, 2, 2, 1, 3, 1, 4, 1, 2, 1, 1, 3, 4, 3, 1, 2, 2, 3, 4, 4, 1, 1, 3, 3, 2, 3, 1, 4, 1, 2, 3, 3, 4, 1, 1, 2, 4, 4, 1, 1, 2, 4, 3, 3, 2, 1, 2, 3, 4, 1, 3, 4, 1, 2, 3, 4] [5, 5, 8, 4, 7, 8, 4, 7, 5, 6, 4, 3, 5, 6, 7, 4, 7, 4, 5, 4, 7, 6, 3, 6, 7, 4, 5, 4, 5, 3, 7, 4, 6, 4, 5, 6, 8, 5, 4, 5, 5, 5, 6, 8, 4, 5, 6, 6, 4, 6, 5, 7, 4, 6, 6, 5, 7, 5, 4, 5, 7, 7, 3, 5, 5, 7, 6, 5, 6, 3, 6, 5, 7, 3, 7, 8, 5, 4, 5, 7]
A_37 98.29000000000002 A 37 [1, 4, 2, 2, 2, 3, 2, 2, 2, 1, 2, 2, 2, 4, 4, 3, 2, 1, 3, 1, 3, 3, 1, 2, 3, 3, 3, 2, 1, 1, 1, 3, 1, 1, 2, 3, 3, 4, 1, 3, 2, 2, 1, 3, 1, 3, 1, 3, 4, 4, 3, 3, 4, 4, 3, 3, 3, 4, 4, 1, 1, 1, 2, 2, 3, 1, 2, 2, 4, 3, 1, 4, 1, 1, 1, 4, 3, 2, 4, 4] [5, 8, 5, 4, 6, 7, 5, 5, 4, 5, 5, 6, 5, 6, 6, 5, 5, 4, 7, 5, 5, 5, 5, 4, 7, 5, 5, 6, 4, 4, 3, 7, 3, 5, 5, 5, 5, 7, 4, 5, 5, 6, 5, 5, 4, 7, 3, 6, 8, 6, 5, 5, 8, 7, 7, 7, 7, 6, 6, 5, 4, 5, 4, 4, 5, 5, 5, 4, 8, 6, 4, 6, 4, 4, 3, 8, 6, 5, 6, 8]
A_38 105.81000000000002 A 38 [1, 3, 2, 4, 4, 1, 2, 4, 4, 1, 2, 1, 4, 2, 3, 1, 1, 2, 3, 2, 1, 4, 3, 3, 4, 3, 2, 1, 2, 4, 4, 4, 4, 2, 4, 4, 1, 1, 4, 1, 1, 1, 4, 1, 4, 2, 3, 3, 4, 4, 4, 1, 2, 2, 2, 4, 3, 3, 3, 3, 2, 3, 4, 3, 4, 4, 1, 1, 4, 4, 4, 4, 1, 4, 3, 3, 4, 3, 3, 2] [4, 5, 5, 7, 7, 4, 6, 7, 6, 5, 5, 3, 7, 4, 7, 3, 4, 5, 6, 5, 4, 7, 5, 7, 8, 7, 6, 3, 6, 6, 7, 6, 8, 6, 8, 7, 4, 4, 8, 3, 5, 4, 6, 3, 8, 5, 6, 5, 6, 8, 7, 3, 5, 6, 4, 8, 7, 6, 5, 6, 4, 7, 6, 5, 8, 6, 4, 5, 7, 7, 7, 6, 5, 8, 7, 6, 7, 5, 7, 5]
A_39 106.95000000000002 A 39 [1, 3, 3, 4, 2, 3, 2, 2, 4, 3, 2, 3, 4, 4, 4, 2, 4, 4, 2, 1, 4, 1, 2, 3, 2, 2, 3, 1, 1, 2, 3, 4, 4, 4, 4, 3, 2, 3, 1, 3, 1, 1, 2, 1, 3, 3, 4, 4, 2, 4, 1, 2, 2, 1, 2, 1, 1, 3, 3, 3, 3, 2, 1, 4, 1, 3, 4, 2, 1, 3, 3, 3, 3, 4, 1, 2, 2, 3, 2, 3] [5, 6, 5, 7, 5, 6, 5, 6, 7, 7, 5, 7, 7, 6, 6, 6, 8, 6, 5, 5, 7, 5, 6, 6, 4, 5, 6, 4, 5, 6, 6, 6, 8, 8, 8, 5, 5, 5, 3, 5, 3, 4, 5, 4, 7, 6, 6, 8, 6, 6, 3, 4, 4, 5, 4, 5, 5, 6, 7, 7, 7, 6, 4, 8, 4, 6, 6, 6, 4, 7, 6, 5, 7, 7, 4, 4, 4, 5, 5, 6]
B_0 1 B 40 [1, 1, 4, 4, 1, 1, 3, 1, 4, 2, 2, 1, 3, 3, 3, 4, 4, 1, 3, 2, 3, 1, 4, 1, 3, 1, 3, 2, 3, 2, 1, 1, 1, 1, 2, 4, 2, 2, 1, 1, 1, 2, 4, 3, 1, 3, 2, 2, 4, 1, 4, 3, 1, 2, 3, 4, 2, 3, 2, 3, 4, 4, 4, 1, 4, 4, 4, 2, 4, 2, 1, 4, 1, 4, 2, 2, 1, 2, 4, 3] [3, 3, 7, 8, 3, 3, 5, 5, 7, 6, 6, 4, 7, 7, 5, 6, 6, 3, 7, 4, 5, 4, 7, 5, 7, 4, 6, 4, 5, 4, 5, 4, 4, 3, 4, 8, 5, 5, 5, 3, 3, 4, 8, 6, 3, 5, 4, 6, 6, 4, 7, 6, 3, 4, 5, 7, 4, 7, 4, 5, 8, 6, 6, 4, 7, 7, 8, 6, 7, 6, 4, 8, 3, 7, 5, 6, 3, 5, 6, 6]
B_1 5.14 B 41 [4, 3, 2, 1, 1, 3, 2, 4, 4, 4, 2, 1, 3, 4, 3, 3, 2, 3, 4, 2, 3, 1, 3, 1, 4, 2, 3, 2, 4, 4, 2, 3, 3, 2, 1, 4, 3, 2, 1, 1, 2, 2, 3, 4, 4, 3, 2, 4, 1, 1, 3, 3, 4, 4, 3, 3, 1, 3, 4, 2, 3, 3, 3, 2, 4, 2, 4, 3, 2, 4, 1, 2, 1, 2, 1, 3, 2, 3, 4, 2] [6, 7, 5, 5, 3, 7, 6, 7, 6, 7, 6, 3, 6, 7, 6, 5, 6, 6, 8, 4, 5, 3, 5, 3, 6, 5, 5, 5, 7, 7, 6, 7, 5, 5, 3, 8, 5, 6, 4, 4, 4, 5, 6, 8, 6, 5, 5, 6, 4, 5, 6, 5, 8, 7, 7, 7, 4, 5, 8, 4, 5, 7, 6, 5, 6, 5, 8, 5, 5, 6, 4, 6, 4, 4, 4, 5, 5, 6, 6, 4]
B_2 6.9399999999999995 B 42 [4, 2, 1, 1, 4, 3, 2, 3, 3, 1, 4, 1, 2, 3, 4, 3, 1, 3, 1, 1, 2, 1, 3, 1, 3, 2, 3, 3, 4, 4, 1, 3, 4, 4, 1, 2, 4, 1, 4, 2, 4, 3, 2, 3, 2, 1, 4, 3, 3, 3, 1, 2, 1, 3, 4, 4, 3, 3, 4, 1, 1, 2, 3, 2, 3, 3, 3, 3, 2, 4, 1, 4, 2, 3, 4, 2, 2, 3, 4, 3] [8, 4, 3, 4, 7, 5, 6, 5, 5, 3, 7, 3, 4, 7, 7, 6, 3, 6, 5, 4, 5, 5, 6, 3, 6, 6, 5, 5, 8, 8, 3, 6, 7, 6, 5, 5, 6, 5, 6, 5, 8, 6, 5, 7, 6, 3, 7, 5, 6, 7, 3, 5, 5, 6, 7, 7, 7, 5, 8, 5, 5, 6, 6, 6, 6, 7, 7, 6, 5, 6, 5, 7, 5, 7, 6, 6, 4, 5, 6, 7]
B_3 12.61 B 43 [3, 1, 4, 1, 2, 1, 4, 3, 2, 4, 1, 4, 1, 2, 3, 3, 1, 4, 1, 4, 3, 3, 3, 4, 3, 2, 1, 2, 1, 2, 2, 1, 3, 2, 1, 2, 4, 3, 1, 1, 3, 4, 3, 2, 2, 2, 4, 4, 2, 1, 2, 4, 2, 4, 1, 4, 2, 1, 1, 3, 3, 2, 4, 2, 3, 2, 4, 1, 2, 1, 1, 3, 4, 2, 1, 2, 1, 1, 3, 1] [7, 4, 6, 3, 5, 3, 6, 7, 6, 7, 5, 8, 5, 4, 6, 5, 3, 7, 5, 6, 5, 7, 6, 7, 7, 4, 4, 4, 5, 5, 4, 5, 6, 6, 3, 6, 8, 5, 3, 4, 6, 8, 7, 6, 5, 6, 8, 8, 5, 4, 6, 6, 6, 7, 5, 8, 6, 4, 4, 6, 6, 5, 7, 4, 6, 5, 8, 5, 6, 3, 5, 7, 8, 6, 4, 5, 3, 5, 6, 4]
B_4 13.61 B 44 [3, 4, 3, 4, 1, 4, 2, 3, 1, 2, 1, 4, 4, 1, 4, 1, 1, 2, 4, 2, 3, 3, 3, 1, 1, 2, 4, 4, 3, 2, 3, 1, 2, 2, 1, 3, 1, 1, 4, 3, 1, 4, 2, 2, 2, 3, 2, 4, 2, 2, 4, 4, 2, 4, 2, 3, 2, 3, 4, 2, 2, 1, 2, 1, 3, 1, 2, 4, 3, 4, 2, 3, 4, 1, 2, 3, 4, 2, 4, 4] [5, 6, 7, 6, 5, 7, 6, 7, 5, 6, 3, 6, 8, 3, 6, 3, 4, 6, 6, 4, 7, 6, 5, 3, 5, 4, 8, 8, 5, 5, 5, 3, 4, 6, 5, 5, 4, 4, 8, 7, 3, 6, 6, 5, 5, 5, 5, 8, 4, 4, 6, 7, 6, 7, 5, 7, 4, 7, 7, 6, 6, 4, 5, 5, 5, 5, 5, 7, 6, 6, 6, 5, 6, 3, 4, 6, 6, 4, 8, 7]
B_5 17.72 B 45 [4, 4, 4, 1, 4, 4, 4, 2, 2, 4, 2, 2, 2, 3, 4, 3, 3, 2, 1, 1, 1, 1, 2, 4, 1, 4, 4, 1, 1, 1, 3, 3, 3, 2, 1, 1, 1, 3, 2, 3, 3, 3, 1, 2, 3, 3, 2, 2, 3, 1, 2, 1, 4, 2, 2, 4, 3, 3, 1, 2, 3, 3, 2, 1, 1, 4, 2, 2, 4, 1, 2, 2, 1, 3, 1, 2, 3, 4, 4, 2] [7, 7, 7, 3, 8, 7, 7, 5, 5, 7, 4, 5, 4, 6, 8, 5, 7, 6, 5, 3, 5, 3, 6, 7, 3, 7, 6, 5, 4, 3, 5, 7, 6, 4, 4, 5, 5, 7, 5, 6, 5, 5, 3, 6, 5, 6, 4, 6, 6, 4, 5, 5, 7, 6, 4, 7, 7, 6, 4, 4, 6, 5, 4, 5, 3, 6, 4, 4, 8, 5, 5, 4, 5, 5, 4, 4, 6, 8, 6, 6]
B_6 18.72 B 46 [4, 4, 3, 4, 3, 1, 1, 4, 1, 1, 1, 2, 1, 1, 4, 1, 3, 3, 2, 4, 1, 4, 4, 3, 3, 1, 2, 3, 3, 1, 1, 1, 2, 1, 2, 3, 3, 1, 3, 4, 2, 2, 4, 4, 2, 2, 1, 4, 2, 2, 2, 1, 2, 2, 3, 2, 1, 1, 4, 3, 1, 1, 4, 1, 4, 2, 3, 4, 3, 3, 1, 1, 1, 1, 1, 3, 3, 3, 2, 4] [6, 7, 7, 6, 6, 5, 3, 8, 3, 4, 4, 6, 5, 4, 7, 5, 6, 6, 5, 7, 4, 6, 6, 6, 6, 3, 5, 5, 6, 5, 4, 5, 5, 5, 4, 6, 6, 3, 6, 6, 4, 5, 7, 8, 5, 4, 5, 6, 5, 6, 5, 5, 6, 6, 6, 5, 4, 5, 8, 6, 4, 4, 7, 3, 7, 5, 6, 6, 5, 7, 3, 5, 3, 5, 3, 6, 6, 5, 4, 6]
B_7 25.669999999999998 B 47 [4, 3, 3, 3, 4, 4, 4, 4, 2, 2, 3, 4, 1, 3, 2, 3, 2, 4, 1, 4, 4, 3, 1, 4, 3, 1, 2, 1, 1, 2, 1, 4, 1, 1, 1, 2, 3, 3, 3, 4, 2, 4, 3, 4, 4, 2, 4, 1, 3, 3, 4, 4, 3, 2, 1, 2, 1, 1, 1, 3, 4, 2, 1, 1, 3, 2, 2, 1, 3, 2, 2, 2, 2, 3, 3, 3, 1, 1, 1, 3] [8, 6, 5, 5, 8, 6, 7, 7, 6, 5, 6, 6, 5, 6, 6, 7, 5, 8, 5, 8, 7, 6, 5, 6, 5, 5, 6, 5, 4, 4, 5, 6, 4, 3, 4, 6, 6, 6, 5, 8, 6, 6, 5, 8, 8, 6, 6, 3, 6, 5, 7, 7, 5, 6, 3, 5, 3, 5, 5, 5, 7, 5, 4, 3, 7, 6, 4, 3, 6, 5, 5, 6, 4, 7, 6, 6, 4, 4, 4, 7]
B_8 26.669999999999998 B 48 [3, 4, 1, 3, 1, 3, 2, 3, 1, 2, 4, 4, 4, 2, 2, 3, 4, 2, 4, 4, 2, 1, 4, 1, 1, 1, 3, 3, 1, 3, 4, 2, 4, 2, 3, 3, 2, 4, 4, 2, 4, 1, 3, 2, 2, 3, 2, 3, 1, 2, 4, 1, 1, 4, 1, 1, 4, 2, 1, 4, 1, 3, 3, 2, 4, 3, 2, 3, 2, 3, 4, 3, 1, 3, 2, 3, 4, 1, 1, 4] [7, 6, 5, 6, 5, 7, 6, 5, 4, 5, 8, 7, 6, 5, 4, 5, 6, 6, 7, 8, 4, 5, 6, 3, 5, 4, 5, 7, 4, 7, 8, 6, 7, 5, 6, 6, 4, 8, 6, 6, 6, 4, 6, 5, 4, 6, 5, 6, 4, 4, 7, 4, 3, 6, 5, 3, 8, 6, 4, 8, 4, 7, 7, 5, 6, 5, 6, 7, 5, 6, 7, 6, 4, 7, 4, 6, 6, 3, 4, 7]
B_9 32.39 B 49 [4, 4, 4, 2, 4, 3, 2, 2, 4, 4, 1, 2, 1, 3, 2, 1, 2, 2, 4, 2, 3, 4, 3, 1, 1, 3, 2, 1, 2, 4, 3, 4, 3, 1, 3, 1, 3, 4, 4, 4, 1, 1, 3, 1, 2, 1, 2, 3, 2, 1, 2, 3, 4, 4, 2, 1, 2, 4, 4, 1, 3, 2, 2, 3, 4, 4, 2, 3, 4, 1, 2, 3, 3, 1, 1, 2, 1, 2, 2, 4] [6, 6, 7, 4, 8, 6, 4, 6, 6, 8, 5, 4, 5, 6, 5, 4, 5, 4, 6, 4, 6, 6, 7, 4, 4, 6, 5, 5, 6, 8, 5, 8, 5, 4, 5, 5, 6, 6, 8, 6, 4, 5, 7, 4, 4, 4, 6, 5, 4, 5, 5, 7, 6, 7, 5, 3, 5, 8, 8, 4, 5, 6, 4, 6, 7, 7, 4, 6, 7, 4, 4, 5, 5, 4, 4, 6, 5, 5, 5, 7]
B_10 34.6 B 50 [4, 2, 4, 3, 1, 1, 1, 4, 1, 4, 4, 1, 3, 4, 3, 3, 1, 1, 2, 3, 1, 2, 2, 4, 2, 3, 3, 1, 3, 4, 3, 1, 4, 1, 1, 3, 1, 3, 4, 1, 4, 3, 1, 2, 4, 2, 2, 4, 4, 2, 4, 1, 1, 4, 4, 4, 2, 2, 4, 4, 2, 4, 4, 2, 4, 4, 4, 4, 1, 1, 3, 4, 3, 4, 4, 3, 1, 3, 4, 2] [7, 4, 8, 5, 3, 3, 5, 8, 4, 7, 7, 5, 5, 7, 7, 6, 4, 3, 4, 5, 5, 4, 5, 7, 5, 5, 7, 4, 5, 7, 7, 4, 6, 3, 4, 5, 5, 5, 7, 3, 7, 6, 3, 6, 6, 5, 5, 7, 7, 5, 8, 5, 4, 7, 8, 7, 5, 4, 8, 8, 4, 8, 6, 6, 8, 8, 8, 8, 4, 3, 5, 7, 6, 7, 7, 7, 4, 6, 6, 4]
B_11 35.6 B 51 [2, 1, 4, 3, 1, 3, 1, 2, 3, 2, 1, 4, 2, 2, 1, 4, 3, 1, 1, 2, 4, 3, 1, 1, 2, 1, 4, 4, 3, 4, 3, 3, 1, 3, 4, 1, 4, 3, 1, 2, 3, 3, 2, 4, 4, 1, 1, 4, 1, 3, 1, 3, 2, 1, 2, 3, 3, 3, 4, 3, 3, 4, 3, 4, 3, 2, 3, 3, 2, 2, 1, 4, 4, 4, 3, 4, 4, 2, 1, 1] [4, 4, 8, 7, 4, 6, 5, 4, 6, 4, 3, 7, 6, 4, 3, 7, 7, 4, 3, 4, 7, 6, 4, 5, 5, 3, 6, 8, 6, 8, 6, 5, 4, 7, 7, 5, 7, 5, 3, 4, 6, 5, 5, 6, 7, 5, 5, 7, 4, 7, 5, 6, 4, 3, 4, 5, 6, 7, 7, 6, 7, 8, 6, 6, 7, 6, 5, 7, 5, 5, 3, 8, 6, 8, 7, 6, 6, 5, 3, 3]
B_12 36.6 B 52 [2, 2, 2, 3, 2, 3, 3, 1, 2, 3, 4, 1, 3, 3, 4, 3, 2, 3, 4, 1, 3, 4, 3, 2, 3, 3, 2, 3, 4, 3, 1, 1, 2, 2, 2, 2, 1, 4, 2, 2, 1, 4, 1, 2, 2, 4, 2, 3, 1, 4, 1, 2, 2, 4, 1, 4, 3, 3, 1, 3, 1, 3, 3, 2, 2, 4, 4, 4, 3, 4, 1, 1, 2, 2, 2, 4, 4, 3, 4, 1] [5, 5, 4, 7, 4, 6, 5, 3, 4, 5, 6, 3, 6, 6, 7, 6, 4, 5, 6, 3, 6, 8, 7, 6, 7, 5, 5, 5, 8, 5, 3, 4, 4, 4, 6, 6, 4, 8, 5, 4, 3, 8, 5, 6, 6, 7, 6, 5, 3, 6, 4, 4, 4, 6, 4, 8, 5, 7, 5, 7, 4, 5, 6, 4, 4, 8, 6, 8, 6, 7, 3, 4, 4, 5, 4, 6, 7, 7, 6, 5]
B_13 37.6 B 53 [3, 4, 1, 4, 3, 2, 4, 1, 1, 2, 2, 2, 4, 2, 1, 4, 2, 1, 3, 4, 2, 3, 3, 1, 4, 4, 4, 4, 4, 2, 2, 4, 4, 1, 3, 1, 2, 4, 2, 1, 2, 4, 3, 4, 4, 2, 2, 2, 4, 4, 4, 1, 4, 2, 1, 4, 4, 1, 1, 3, 2, 4, 4, 1, 2, 4, 4, 4, 1, 2, 4, 4, 4, 4, 1, 4, 4, 3, 3, 4] [7, 7, 3, 8, 6, 6, 6, 5, 5, 4, 5, 4, 8, 5, 5, 7, 6, 3, 5, 7, 6, 7, 6, 4, 8, 6, 7, 8, 7, 4, 4, 8, 6, 4, 6, 4, 6, 7, 6, 5, 4, 7, 6, 7, 7, 6, 6, 6, 6, 7, 7, 3, 6, 6, 3, 6, 7, 4, 4, 7, 5, 6, 7, 5, 4, 8, 6, 7, 4, 6, 6, 7, 8, 7, 3, 7, 6, 5, 6, 6]
B_14 38.84 B 54 [1, 3, 1, 1, 2, 1, 4, 4, 3, 2, 4, 2, 3, 4, 3, 1, 1, 2, 3, 4, 2, 3, 4, 4, 3, 2, 1, 4, 1, 4, 4, 3, 3, 3, 4, 4, 3, 3, 2, 2, 3, 3, 4, 1, 2, 2, 3, 1, 1, 2, 4, 2, 1, 1, 1, 3, 3, 4, 2, 4, 4, 4, 3, 4, 4, 1, 2, 3, 2, 2, 2, 3, 4, 3, 3, 1, 3, 3, 3, 2] [3, 7, 5, 5, 5, 4, 7, 8, 6, 5, 8, 4, 7, 6, 7, 4, 4, 6, 7, 8, 4, 6, 6, 6, 6, 6, 3, 6, 5, 6, 6, 5, 5, 7, 7, 8, 6, 7, 4, 4, 5, 7, 7, 5, 5, 4, 6, 3, 5, 5, 8, 4, 4, 3, 3, 5, 5, 8, 6, 8, 7, 6, 6, 6, 8, 3, 4, 6, 4, 4, 6, 5, 8, 6, 6, 4, 7, 7, 6, 6]
B_15 39.84 B 55 [4, 3, 1, 4, 1, 1, 4, 3, 1, 4, 3, 4, 1, 4, 4, 4, 4, 4, 3, 1, 3, 4, 3, 2, 2, 2, 3, 4, 1, 4, 4, 1, 4, 4, 1, 3, 3, 3, 4, 1, 4, 3, 4, 4, 3, 4, 2, 2, 1, 1, 4, 3, 4, 4, 3, 4, 4, 3, 2, 1, 4, 2, 2, 2, 4, 1, 1, 4, 1, 3, 4, 2, 1, 4, 2, 3, 3, 3, 4, 2] [7, 5, 4, 7, 4, 4, 7, 7, 3, 8, 7, 8, 5, 8, 7, 8, 7, 7, 7, 5, 6, 7, 5, 6, 4, 4, 7, 7, 3, 8, 6, 3, 7, 6, 5, 6, 5, 7, 8, 5, 7, 7, 7, 8, 7, 7, 5, 5, 3, 3, 7, 5, 8, 6, 5, 7, 7, 7, 6, 4, 6, 4, 5, 4, 7, 3, 5, 6, 4, 5, 6, 4, 5, 6, 4, 7, 5, 6, 7, 6]
B_16 40.84 B 56 [3, 3, 3, 1, 2, 2, 2, 4, 3, 4, 4, 2, 2, 2, 4, 3, 4, 3, 1, 1, 1, 2, 4, 1, 1, 3, 3, 2, 3, 1, 1, 2, 2, 2, 3, 2, 4, 3, 3, 1, 2, 1, 3, 2, 2, 3, 1, 1, 4, 2, 2, 3, 3, 4, 3, 4, 4, 3, 2, 4, 2, 4, 4, 3, 1, 1, 3, 4, 2, 3, 3, 3, 1, 4, 2, 1, 2, 2, 3, 4] [6, 5, 5, 4, 5, 6, 4, 8, 7, 6, 7, 5, 5, 6, 7, 7, 8, 5, 4, 5, 4, 6, 7, 5, 5, 6, 7, 4, 6, 4, 4, 5, 6, 4, 5, 6, 7, 7, 7, 5, 4, 4, 7, 6, 4, 7, 4, 3, 8, 5, 5, 6, 5, 7, 5, 7, 6, 5, 5, 6, 4, 8, 8, 7, 3, 3, 7, 8, 4, 7, 6, 6, 4, 8, 6, 4, 4, 5, 7, 7]
B_17 41.84 B 57 [4, 1, 1, 3, 1, 1, 1, 2, 4, 3, 1, 2, 3, 3, 4, 2, 4, 2, 4, 2, 2, 3, 2, 3, 3, 4, 4, 2, 4, 3, 4, 1, 1, 4, 4, 2, 1, 4, 3, 3, 3, 3, 3, 1, 3, 3, 1, 1, 2, 4, 2, 3, 3, 1, 4, 3, 3, 4, 4, 1, 1, 2, 3, 2, 4, 2, 1, 4, 4, 3, 2, 4, 4, 1, 2, 3, 1, 2, 4, 4] [8, 4, 4, 6, 4, 5, 4, 4, 8, 6, 3, 6, 6, 7, 7, 4, 8, 4, 8, 5, 4, 5, 6, 6, 6, 8, 6, 6, 6, 6, 6, 3, 5, 7, 7, 6, 5, 6, 6, 6, 7, 5, 5, 4, 7, 6, 5, 5, 6, 8, 4, 7, 7, 4, 8, 7, 5, 7, 6, 5, 4, 5, 7, 4, 7, 5, 5, 8, 7, 5, 6, 8, 6, 5, 4, 5, 3, 6, 8, 8]
B_18 42.84 B 58 [3, 1, 4, 4, 4, 3, 1, 2, 3, 2, 1, 1, 3, 3, 3, 4, 1, 4, 2, 1, 3, 2, 3, 1, 3, 2, 3, 3, 2, 4, 4, 3, 4, 4, 3, 2, 1, 4, 3, 3, 2, 4, 4, 1, 4, 1, 4, 1, 1, 4, 4, 4, 1, 1, 2, 2, 2, 4, 4, 2, 3, 4, 2, 3, 2, 4, 2, 1, 4, 1, 3, 3, 1, 4, 3, 1, 1, 3, 4, 3] [5, 5, 8, 6, 6, 6, 5, 6, 7, 6, 3, 3, 6, 5, 6, 8, 5, 6, 5, 5, 7, 6, 7, 3, 7, 5, 7, 7, 5, 7, 8, 7, 7, 6, 7, 5, 4, 6, 5, 7, 4, 8, 8, 4, 7, 4, 8, 5, 4, 8, 8, 7, 5, 4, 6, 6, 5, 6, 6, 6, 6, 6, 5, 7, 5, 6, 4, 4, 6, 3, 5, 6, 4, 6, 7, 3, 3, 6, 6, 6]
B_19 44.1 B 59 [1, 1, 3, 1, 1, 4, 3, 1, 2, 1, 1, 3, 4, 2, 1, 3, 4, 2, 2, 4, 2, 3, 2, 2, 2, 4, 3, 2, 4, 1, 4, 1, 1, 4, 4, 2, 2, 1, 3, 3, 3, 2, 1, 3, 2, 2, 3, 3, 4, 1, 4, 3, 3, 3, 4, 1, 4, 1, 2, 4, 3, 3, 3, 3, 4, 3, 3, 1, 1, 1, 4, 3, 2, 4, 1, 1, 1, 3, 1, 4] [5, 3, 6, 5, 5, 7, 6, 4, 6, 5, 4, 7, 8, 4, 5, 7, 7, 6, 5, 8, 5, 7, 5, 6, 4, 8, 7, 6, 7, 5, 8, 5, 4, 7, 7, 6, 5, 5, 6, 7, 5, 4, 5, 6, 6, 4, 6, 5, 8, 4, 8, 6, 7, 7, 8, 4, 6, 5, 6, 7, 5, 5, 7, 5, 8, 5, 5, 5, 5, 3, 7, 7, 4, 7, 5, 3, 4, 5, 5, 7]
B_20 45.1 B 60 [1, 2, 3, 1, 2, 4, 4, 2, 1, 4, 4, 4, 4, 1, 2, 2, 2, 4, 4, 4, 4, 4, 3, 2, 3, 4, 2, 2, 2, 3, 1, 1, 1, 1, 1, 4, 4, 1, 2, 3, 4, 3, 1, 3, 2, 3, 1, 4, 1, 3, 2, 3, 1, 2, 4, 4, 2, 1, 3, 3, 2, 2, 3, 3, 2, 1, 4, 3, 4, 4, 2, 3, 3, 2, 3, 3, 4, 4, 4, 1] [3, 4, 7, 3, 6, 6, 6, 6, 3, 6, 8, 6, 6, 3, 6, 5, 4, 6, 7, 7, 7, 8, 6, 6, 7, 7, 4, 5, 5, 6, 4, 3, 5, 4, 4, 7, 7, 4, 4, 7, 8, 5, 5, 6, 6, 6, 4, 7, 4, 5, 4, 7, 4, 5, 7, 6, 4, 4, 6, 5, 6, 6, 6, 6, 4, 4, 6, 7, 8, 8, 6, 6, 7, 5, 6, 6, 6, 7, 8, 3]
B_21 47.39 B 61 [4, 1, 2, 2, 2, 3, 1, 1, 3, 4, 4, 3, 1, 4, 4, 1, 2, 2, 1, 3, 2, 2, 3, 2, 4, 3, 2, 1, 1, 2, 2, 2, 2, 2, 1, 3, 4, 1, 3, 2, 4, 3, 2, 2, 1, 3, 1, 2, 3, 2, 4, 4, 3, 4, 4, 2, 4, 2, 4, 3, 2, 4, 2, 1, 3, 2, 2, 3, 2, 2, 4, 4, 3, 4, 1, 1, 4, 1, 2, 1] [6, 5, 6, 5, 5, 6, 5, 3, 5, 7, 6, 5, 5, 8, 8, 3, 5, 4, 3, 7, 5, 6, 6, 5, 8, 5, 5, 4, 3, 4, 5, 6, 5, 6, 4, 7, 7, 5, 7, 6, 6, 7, 6, 5, 4, 5, 4, 5, 7, 6, 8, 8, 5, 6, 6, 4, 8, 5, 6, 5, 6, 6, 6, 4, 6, 6, 5, 5, 4, 5, 8, 6, 7, 8, 5, 4, 7, 4, 6, 3]
B_22 48.39 B 62 [4, 4, 4, 4, 4, 2, 3, 3, 2, 3, 2, 2, 2, 3, 2, 1, 2, 4, 4, 1, 4, 1, 4, 2, 2, 2, 1, 4, 1, 1, 3, 3, 3, 2, 4, 2, 1, 2, 4, 1, 4, 3, 3, 4, 2, 2, 4, 1, 3, 2, 4, 3, 3, 4, 3, 2, 4, 3, 2, 3, 3, 2, 2, 1, 2, 2, 2, 3, 3, 2, 1, 4, 3, 1, 1, 1, 4, 2, 2, 1] [8, 7, 7, 8, 8, 5, 6, 5, 6, 7, 5, 6, 6, 7, 4, 3, 6, 8, 8, 4, 7, 4, 6, 6, 6, 5, 4, 7, 4, 4, 7, 6, 7, 5, 8, 5, 3, 4, 6, 4, 6, 6, 6, 7, 5, 4, 7, 4, 7, 4, 6, 6, 6, 7, 6, 5, 8, 7, 5, 7, 6, 6, 4, 4, 4, 5, 4, 5, 5, 4, 5, 7, 7, 5, 4, 5, 6, 6, 4, 3]
B_23 49.57 B 63 [3, 4, 3, 1, 4, 4, 3, 2, 2, 1, 2, 4, 4, 3, 2, 2, 1, 4, 1, 4, 4, 1, 1, 1, 3, 3, 2, 1, 4, 2, 1, 1, 3, 1, 1, 1, 1, 2, 3, 4, 1, 2, 2, 2, 1, 1, 1, 1, 2, 3, 2, 4, 2, 1, 4, 2, 3, 2, 3, 3, 3, 1, 1, 2, 2, 3, 3, 3, 2, 4, 4, 3, 4, 4, 1, 1, 1, 3, 2, 4] [7, 6, 7, 5, 7, 6, 6, 6, 4, 5, 6, 7, 7, 5, 5, 6, 5, 6, 3, 8, 7, 3, 4, 3, 7, 7, 4, 3, 6, 6, 3, 3, 5, 4, 3, 3, 5, 4, 5, 8, 4, 5, 6, 4, 5, 5, 3, 3, 5, 6, 6, 6, 4, 5, 6, 4, 7, 4, 7, 5, 6, 4, 4, 4, 4, 7, 7, 5, 5, 6, 8, 5, 6, 7, 3, 4, 5, 5, 6, 8]
B_24 50.57 B 64 [1, 1, 2, 2, 4, 3, 4, 4, 4, 3, 1, 1, 4, 1, 1, 3, 2, 1, 1, 4, 4, 3, 2, 3, 1, 1, 1, 4, 1, 1, 3, 3, 3, 3, 2, 1, 2, 3, 4, 1, 4, 4, 3, 3, 3, 1, 4, 3, 4, 4, 4, 3, 2, 2, 4, 4, 1, 4, 2, 4, 2, 3, 2, 2, 1, 4, 2, 2, 3, 2, 2, 1, 2, 2, 2, 3, 2, 3, 4, 3] [5, 4, 4, 4, 6, 5, 8, 7, 6, 5, 4, 4, 6, 4, 5, 7, 6, 4, 3, 6, 7, 5, 6, 5, 5, 3, 5, 8, 4, 3, 7, 6, 6, 5, 5, 3, 5, 5, 8, 4, 7, 6, 6, 6, 5, 3, 7, 7, 6, 7, 8, 7, 4, 4, 8, 7, 3, 7, 5, 8, 4, 6, 4, 4, 5, 6, 5, 5, 5, 6, 5, 5, 6, 6, 4, 6, 6, 6, 8, 6]
B_25 52.160000000000004 B 65 [1, 4, 3, 3, 1, 3, 4, 1, 4, 1, 2, 3, 4, 2, 4, 1, 4, 1, 2, 3, 2, 2, 2, 4, 1, 4, 1, 4, 3, 3, 4, 1, 3, 4, 3, 4, 4, 1, 4, 3, 4, 2, 3, 2, 1, 4, 2, 2, 3, 4, 4, 2, 4, 4, 1, 1, 1, 2, 4, 3, 1, 2, 2, 3, 4, 2, 1, 1, 2, 4, 2, 2, 4, 4, 3, 2, 4, 2, 3, 4] [3, 6, 7, 7, 3, 7, 8, 5, 8, 3, 6, 7, 8, 6, 8, 3, 6, 5, 4, 7, 6, 5, 4, 7, 5, 7, 3, 8, 6, 7, 6, 3, 7, 6, 6, 7, 7, 5, 6, 6, 7, 5, 7, 5, 5, 6, 5, 6, 5, 7, 8, 6, 8, 8, 3, 3, 3, 5, 6, 5, 4, 6, 5, 7, 6, 4, 4, 3, 5, 6, 6, 6, 8, 7, 7, 5, 6, 4, 6, 6]
B_26 55.370000000000005 B 66 [2, 1, 2, 3, 4, 1, 3, 4, 1, 1, 2, 3, 4, 4, 1, 1, 3, 1, 4, 1, 4, 2, 4, 3, 1, 2, 3, 1, 1, 3, 4, 1, 2, 3, 2, 1, 3, 2, 1, 4, 4, 4, 3, 4, 2, 2, 3, 2, 2, 2, 4, 3, 4, 4, 2, 1, 3, 1, 2, 3, 4, 2, 2, 3, 2, 1, 1, 2, 4, 1, 1, 3, 1, 2, 3, 3, 4, 1, 1, 2] [4, 3, 5, 7, 8, 4, 5, 7, 4, 5, 5, 7, 7, 7, 5, 5, 6, 4, 6, 3, 8, 5, 8, 6, 4, 5, 7, 3, 5, 5, 7, 4, 6, 6, 6, 4, 6, 5, 4, 6, 8, 8, 7, 8, 5, 4, 6, 4, 6, 4, 8, 5, 6, 6, 4, 5, 7, 5, 4, 5, 6, 5, 4, 7, 5, 4, 3, 6, 7, 4, 3, 6, 3, 6, 5, 6, 7, 4, 4, 4]
B_27 56.77 B 67 [1, 2, 1, 4, 2, 3, 3, 4, 1, 4, 4, 4, 3, 4, 3, 1, 3, 2, 3, 3, 4, 2, 1, 4, 2, 3, 4, 2, 2, 4, 1, 1, 2, 4, 2, 4, 3, 2, 1, 2, 2, 3, 3, 1, 4, 2, 4, 1, 3, 3, 4, 3, 4, 4, 3, 4, 4, 4, 1, 1, 3, 3, 3, 3, 2, 1, 2, 2, 2, 3, 4, 4, 3, 2, 2, 1, 3, 2, 4, 1] [3, 5, 5, 6, 6, 5, 6, 6, 3, 6, 6, 7, 7, 7, 5, 4, 6, 4, 6, 6, 8, 5, 5, 6, 4, 6, 6, 5, 5, 7, 5, 4, 4, 6, 4, 7, 5, 4, 5, 6, 6, 5, 6, 5, 7, 4, 6, 3, 7, 6, 8, 7, 8, 7, 6, 6, 8, 8, 4, 5, 7, 5, 5, 5, 5, 3, 6, 6, 5, 5, 6, 7, 5, 4, 5, 4, 5, 4, 6, 3]
B_28 58.78 B 68 [4, 4, 1, 2, 3, 3, 3, 3, 1, 4, 4, 4, 1, 3, 4, 4, 2, 2, 3, 3, 4, 4, 2, 4, 4, 1, 1, 2, 2, 1, 1, 2, 1, 3, 2, 2, 2, 4, 4, 1, 4, 2, 2, 2, 3, 4, 3, 3, 2, 4, 1, 2, 3, 1, 2, 1, 2, 4, 4, 1, 4, 2, 3, 2, 3, 2, 4, 2, 1, 2, 3, 1, 3, 2, 4, 1, 1, 4, 1, 1] [8, 6, 4, 4, 7, 7, 5, 6, 4, 6, 7, 8, 5, 6, 8, 7, 5, 5, 7, 5, 8, 7, 6, 6, 6, 5, 4, 4, 4, 4, 5, 5, 4, 6, 4, 5, 6, 8, 7, 4, 7, 5, 5, 6, 6, 8, 5, 6, 5, 7, 4, 5, 6, 4, 4, 4, 4, 7, 6, 5, 8, 4, 5, 5, 5, 5, 7, 5, 4, 4, 7, 4, 7, 5, 7, 3, 4, 6, 3, 5]
B_29 60.050000000000004 B 69 [4, 4, 2, 4, 4, 4, 2, 4, 4, 1, 2, 2, 4, 4, 3, 2, 4, 1, 3, 3, 2, 4, 3, 2, 2, 4, 3, 4, 4, 1, 4, 3, 3, 1, 4, 4, 1, 3, 4, 3, 2, 4, 4, 1, 4, 1, 3, 2, 3, 1, 1, 2, 4, 2, 2, 3, 3, 3, 1, 1, 4, 2, 2, 4, 2, 4, 1, 3, 2, 1, 4, 3, 2, 2, 2, 1, 1, 4, 2, 2] [8, 8, 5, 7, 7, 8, 6, 7, 7, 5, 4, 6, 8, 7, 7, 6, 7, 4, 5, 7, 4, 6, 5, 6, 6, 6, 6, 7, 6, 4, 8, 5, 5, 3, 6, 6, 3, 6, 7, 7, 6, 6, 6, 3, 6, 5, 7, 5, 6, 4, 3, 5, 7, 6, 4, 5, 7, 5, 3, 3, 8, 5, 4, 6, 6, 6, 4, 5, 4, 4, 7, 7, 4, 6, 4, 4, 3, 8, 6, 6]
B_30 61.17 B 70 [3, 2, 1, 1, 3, 1, 1, 1, 1, 2, 4, 3, 2, 1, 4, 2, 4, 1, 3, 2, 2, 4, 2, 4, 2, 2, 3, 3, 1, 4, 4, 1, 3, 3, 4, 4, 2, 1, 4, 3, 1, 1, 1, 1, 2, 2, 1, 2, 4, 2, 3, 1, 1, 4, 2, 4, 3, 2, 3, 4, 2, 4, 1, 4, 2, 2, 1, 4, 3, 4, 1, 3, 4, 1, 2, 1, 4, 1, 1, 1] [6, 5, 4, 3, 5, 3, 3, 3, 5, 4, 7, 6, 6, 4, 7, 5, 8, 5, 5, 5, 5, 8, 6, 6, 5, 4, 6, 5, 5, 6, 6, 5, 6, 5, 7, 7, 6, 4, 7, 6, 4, 4, 5, 5, 6, 5, 3, 5, 7, 4, 5, 3, 3, 6, 6, 6, 6, 6, 5, 7, 6, 8, 5, 8, 5, 6, 3, 6, 7, 7, 3, 6, 6, 3, 4, 4, 6, 3, 3, 5]
B_31 62.870000000000005 B 71 [1, 1, 4, 1, 4, 3, 2, 1, 3, 3, 4, 2, 1, 4, 4, 1, 2, 4, 3, 3, 3, 3, 2, 2, 1, 3, 3, 1, 4, 1, 1, 4, 2, 1, 1, 3, 3, 4, 4, 3, 4, 2, 4, 3, 3, 2, 1, 2, 3, 3, 4, 4, 1, 4, 3, 2, 3, 4, 3, 3, 3, 4, 4, 3, 1, 2, 3, 4, 1, 3, 3, 4, 1, 2, 1, 1, 4, 3, 2, 1] [3, 4, 6, 5, 6, 6, 5, 4, 7, 7, 7, 4, 5, 6, 8, 5, 5, 6, 6, 5, 7, 6, 5, 6, 3, 6, 7, 3, 6, 4, 3, 8, 6, 3, 4, 6, 5, 6, 6, 5, 8, 6, 7, 7, 5, 4, 5, 6, 6, 5, 7, 8, 4, 7, 5, 4, 6, 8, 6, 7, 6, 6, 7, 5, 5, 6, 6, 7, 4, 7, 6, 8, 5, 5, 5, 5, 8, 6, 4, 4]
B_32 65.19 B 72 [3, 1, 2, 3, 1, 2, 2, 2, 3, 2, 3, 3, 1, 1, 4, 1, 2, 3, 2, 4, 4, 4, 3, 4, 4, 3, 1, 3, 2, 3, 2, 2, 4, 4, 2, 2, 4, 1, 1, 3, 1, 1, 2, 4, 4, 1, 1, 2, 1, 3, 3, 4, 2, 4, 4, 1, 1, 4, 1, 2, 3, 3, 3, 4, 2, 4, 1, 3, 3, 2, 4, 1, 2, 2, 1, 4, 3, 1, 3, 3] [7, 4, 4, 7, 4, 5, 4, 5, 7, 4, 7, 6, 5, 4, 7, 4, 4, 7, 5, 8, 6, 7, 7, 8, 8, 6, 3, 5, 5, 6, 4, 4, 7, 7, 5, 5, 7, 4, 5, 7, 3, 4, 5, 8, 6, 5, 3, 4, 4, 5, 6, 6, 4, 8, 8, 5, 4, 6, 4, 4, 7, 7, 7, 6, 6, 8, 3, 5, 7, 4, 6, 5, 5, 5, 4, 7, 7, 3, 7, 6]
B_33 67.39 B 73 [3, 1, 1, 3, 1, 1, 2, 1, 1, 2, 4, 2, 4, 2, 3, 2, 2, 1, 4, 2, 3, 1, 3, 2, 1, 1, 3, 3, 2, 2, 1, 4, 2, 2, 4, 1, 1, 1, 4, 4, 4, 2, 3, 2, 1, 3, 1, 3, 3, 1, 4, 4, 2, 4, 3, 4, 4, 1, 4, 4, 2, 4, 1, 4, 2, 4, 2, 2, 2, 2, 1, 2, 2, 1, 1, 3, 2, 1, 1, 2] [6, 5, 4, 5, 5, 4, 4, 4, 3, 4, 7, 5, 6, 5, 5, 4, 6, 3, 8, 5, 5, 3, 7, 5, 3, 5, 6, 6, 5, 4, 5, 7, 4, 4, 6, 5, 3, 4, 8, 7, 7, 4, 7, 6, 3, 5, 5, 7, 7, 4, 7, 8, 5, 7, 6, 6, 8, 5, 6, 7, 5, 8, 5, 7, 6, 7, 6, 4, 5, 6, 3, 5, 5, 5, 3, 7, 5, 3, 4, 6]
B_34 68.39 B 74 [4, 4, 4, 1, 2, 2, 1, 1, 4, 3, 4, 4, 4, 1, 4, 1, 3, 3, 3, 4, 3, 4, 3, 1, 2, 2, 2, 1, 4, 3, 4, 3, 4, 2, 1, 4, 3, 1, 3, 1, 2, 1, 4, 1, 2, 1, 1, 3, 2, 1, 4, 3, 2, 1, 3, 2, 2, 2, 3, 1, 3, 1, 1, 1, 2, 3, 3, 2, 4, 2, 2, 1, 1, 1, 1, 3, 3, 1, 4, 3] [6, 6, 6, 5, 4, 5, 4, 5, 6, 6, 6, 7, 7, 5, 8, 4, 5, 5, 6, 6, 6, 6, 5, 3, 6, 5, 5, 3, 6, 6, 6, 6, 8, 6, 3, 7, 7, 3, 7, 4, 5, 4, 6, 4, 4, 4, 3, 6, 4, 4, 7, 7, 4, 3, 6, 4, 6, 4, 7, 5, 6, 5, 4, 3, 4, 7, 5, 5, 7, 4, 4, 5, 4, 3, 5, 6, 6, 5, 7, 6]
B_35 69.4 B 75 [1, 1, 2, 1, 1, 1, 3, 1, 3, 1, 2, 4, 2, 1, 4, 4, 2, 1, 2, 3, 3, 1, 4, 2, 4, 1, 4, 2, 1, 1, 4, 4, 2, 3, 2, 1, 4, 4, 3, 2, 2, 3, 2, 2, 3, 2, 3, 3, 3, 2, 3, 4, 4, 4, 1, 3, 1, 3, 1, 1, 3, 1, 1, 1, 3, 2, 3, 1, 1, 1, 1, 1, 4, 3, 3, 3, 3, 2, 1, 3] [3, 3, 5, 4, 3, 3, 5, 5, 6, 3, 4, 7, 6, 5, 6, 8, 6, 3, 6, 7, 6, 4, 7, 4, 6, 3, 6, 6, 5, 4, 8, 6, 4, 6, 4, 4, 8, 8, 6, 4, 6, 5, 6, 5, 6, 4, 6, 6, 6, 6, 7, 6, 6, 7, 4, 7, 4, 5, 3, 3, 6, 4, 5, 4, 6, 5, 6, 4, 3, 4, 4, 5, 7, 7, 6, 5, 7, 6, 4, 7]
B_36 73.69000000000001 B 76 [3, 1, 3, 1, 4, 3, 1, 2, 2, 3, 1, 4, 4, 1, 4, 1, 4, 3, 2, 4, 1, 1, 4, 4, 3, 2, 4, 3, 1, 2, 4, 4, 3, 3, 3, 2, 1, 3, 4, 2, 1, 2, 2, 1, 4, 3, 3, 1, 4, 1, 1, 4, 4, 4, 3, 3, 2, 1, 1, 1, 4, 4, 4, 1, 2, 4, 4, 3, 1, 1, 4, 4, 3, 2, 3, 3, 2, 4, 1, 3] [7, 4, 5, 5, 7, 6, 3, 6, 5, 7, 3, 8, 8, 3, 8, 5, 8, 6, 4, 7, 4, 4, 7, 7, 5, 4, 6, 7, 4, 4, 8, 8, 5, 7, 7, 6, 5, 6, 7, 4, 3, 5, 4, 3, 6, 6, 6, 4, 6, 5, 4, 6, 7, 6, 7, 5, 4, 3, 3, 4, 6, 7, 6, 5, 6, 6, 7, 5, 4, 3, 6, 8, 7, 5, 6, 7, 4, 8, 3, 6]
B_37 75.35000000000001 B 77 [2, 2, 4, 1, 4, 4, 2, 3, 4, 2, 3, 1, 2, 1, 3, 3, 2, 4, 1, 3, 4, 1, 3, 1, 3, 4, 2, 3, 3, 2, 4, 3, 1, 1, 1, 1, 2, 2, 3, 3, 2, 3, 3, 1, 2, 4, 3, 1, 1, 2, 3, 2, 3, 3, 3, 3, 2, 2, 3, 3, 4, 1, 2, 3, 3, 2, 1, 2, 4, 4, 1, 3, 1, 1, 1, 2, 4, 4, 4, 3] [6, 4, 7, 5, 8, 8, 5, 7, 6, 4, 6, 4, 4, 5, 6, 6, 6, 8, 4, 7, 6, 5, 5, 5, 6, 6, 4, 6, 7, 5, 7, 5, 5, 4, 5, 5, 4, 5, 5, 5, 5, 6, 5, 5, 4, 8, 5, 4, 3, 5, 6, 5, 7, 5, 7, 6, 5, 6, 6, 5, 7, 4, 6, 5, 6, 4, 4, 4, 6, 8, 3, 6, 3, 3, 5, 6, 8, 6, 6, 7]
B_38 85.81 B 78 [2, 1, 2, 1, 3, 4, 1, 1, 2, 1, 4, 4, 3, 3, 3, 1, 1, 4, 4, 2, 4, 1, 3, 2, 1, 1, 1, 1, 4, 1, 1, 2, 4, 4, 1, 4, 3, 4, 3, 2, 4, 4, 4, 3, 4, 4, 2, 1, 1, 2, 4, 1, 4, 3, 3, 4, 3, 4, 4, 1, 4, 2, 2, 2, 4, 3, 1, 4, 1, 2, 1, 2, 3, 1, 4, 1, 1, 4, 2, 2] [6, 4, 6, 5, 5, 8, 4, 4, 6, 5, 6, 7, 5, 5, 7, 3, 4, 6, 7, 6, 6, 4, 7, 5, 5, 3, 3, 4, 6, 3, 3, 4, 6, 8, 5, 7, 5, 6, 7, 5, 6, 6, 6, 6, 8, 6, 4, 4, 4, 5, 6, 3, 6, 6, 6, 7, 7, 8, 6, 5, 8, 6, 4, 6, 8, 6, 4, 6, 3, 6, 3, 4, 7, 4, 7, 4, 3, 6, 6, 6]
B_39 88.38 B 79 [1, 3, 3, 3, 3, 4, 2, 4, 1, 4, 3, 2, 3, 3, 2, 2, 3, 4, 3, 3, 1, 3, 2, 1, 3, 2, 2, 3, 3, 4, 4, 1, 3, 2, 2, 3, 4, 4, 2, 3, 3, 2, 3, 1, 4, 2, 4, 3, 4, 4, 2, 1, 1, 4, 2, 2, 4, 4, 3, 4, 1, 1, 1, 4, 3, 4, 2, 1, 1, 2, 1, 1, 3, 2, 3, 3, 3, 3, 2, 2] [5, 6, 6, 6, 7, 7, 5, 7, 3, 8, 5, 6, 7, 7, 5, 5, 7, 6, 5, 7, 4, 6, 5, 3, 5, 4, 6, 6, 5, 6, 8, 3, 6, 4, 6, 7, 7, 8, 5, 6, 6, 4, 7, 4, 7, 6, 6, 7, 7, 7, 4, 3, 5, 6, 6, 6, 7, 8, 6, 7, 3, 3, 3, 8, 6, 6, 4, 3, 5, 6, 5, 4, 6, 6, 6, 7, 6, 7, 6, 5]
