A_0 1 A 0 [4, 3, 4, 4, 4, 4, 2, 4, 3, 3, 2, 3, 2, 3, 3, 4, 3, 1, 3, 4, 3, 3, 4, 3, 3, 3, 4, 2, 3, 3, 2, 3, 2, 3, 4, 3, 2, 1, 3, 3, 1, 3, 2, 3, 1, 3, 3, 3, 4, 1, 4, 4, 3, 3, 1, 2, 2, 1, 1, 3, 3, 2, 2, 3, 4, 3, 3, 2, 2, 3, 4, 2, 4, 1, 2, 2, 2, 1, 3, 4] [7, 7, 8, 7, 6, 8, 6, 8, 6, 5, 6, 5, 6, 7, 7, 6, 6, 5, 7, 8, 5, 5, 6, 7, 7, 5, 7, 6, 7, 5, 4, 7, 4, 5, 7, 5, 4, 4, 7, 7, 3, 7, 5, 7, 4, 6, 5, 7, 7, 3, 6, 7, 5, 7, 5, 4, 5, 4, 5, 6, 5, 5, 4, 5, 6, 7, 7, 4, 4, 5, 7, 6, 6, 3, 6, 4, 5, 4, 6, 6]
A_1 2 A 1 [3, 1, 3, 1, 2, 2, 2, 1, 3, 3, 3, 2, 3, 3, 3, 3, 3, 4, 1, 2, 1, 4, 2, 2, 3, 3, 2, 2, 4, 1, 4, 3, 2, 2, 1, 2, 1, 3, 2, 1, 2, 1, 2, 3, 4, 4, 3, 3, 1, 1, 4, 1, 1, 1, 2, 4, 1, 2, 4, 1, 4, 4, 2, 4, 2, 3, 4, 1, 4, 2, 4, 3, 1, 2, 1, 1, 2, 4, 3, 4] [7, 5, 6, 5, 4, 6, 5, 5, 5, 7, 7, 4, 5, 5, 7, 6, 5, 7, 3, 4, 5, 6, 6, 6, 7, 5, 6, 6, 8, 3, 8, 6, 6, 4, 5, 6, 4, 7, 5, 3, 6, 5, 6, 6, 7, 8, 6, 7, 4, 4, 8, 3, 5, 4, 4, 8, 5, 5, 8, 4, 8, 7, 5, 6, 4, 7, 7, 3, 8, 6, 6, 5, 4, 4, 4, 4, 6, 8, 6, 7]
A_2 4.17 A 2 [4, 3, 4, 4, 3, 2, 2, 4, 2, 2, 1, 1, 2, 4, 4, 2, 1, 2, 1, 2, 1, 3, 2, 1, 4, 2, 1, 1, 1, 2, 1, 3, 4, 1, 3, 2, 3, 1, 1, 2, 4, 1, 4, 3, 2, 4, 3, 3, 1, 1, 4, 4, 2, 3, 4, 3, 4, 2, 1, 4, 1, 3, 2, 4, 3, 4, 3, 3, 2, 3, 4, 1, 3, 4, 2, 4, 2, 2, 4, 3] [8, 6, 7, 7, 5, 6, 6, 8, 4, 5, 5, 4, 4, 7, 8, 5, 4, 5, 5, 4, 4, 7, 5, 4, 7, 6, 4, 4, 3, 4, 5, 6, 7, 5, 5, 6, 5, 3, 3, 6, 6, 4, 6, 7, 4, 6, 5, 5, 5, 3, 6, 6, 6, 5, 6, 6, 8, 5, 3, 8, 5, 5, 6, 7, 6, 8, 6, 5, 6, 6, 8, 4, 5, 8, 6, 7, 5, 6, 7, 7]
A_3 5.42 A 3 [4, 1, 4, 4, 2, 4, 1, 1, 2, 4, 2, 2, 1, 2, 2, 2, 1, 4, 1, 1, 3, 3, 1, 1, 2, 2, 4, 3, 1, 3, 3, 3, 4, 1, 1, 1, 1, 4, 1, 4, 3, 3, 2, 1, 2, 4, 1, 2, 2, 2, 4, 4, 1, 1, 4, 1, 1, 2, 3, 1, 2, 1, 2, 2, 3, 3, 4, 1, 1, 3, 4, 1, 2, 1, 4, 2, 3, 4, 1, 4] [7, 5, 7, 8, 4, 8, 5, 5, 5, 8, 4, 4, 3, 4, 6, 5, 4, 8, 4, 3, 7, 5, 5, 5, 4, 6, 7, 5, 4, 5, 7, 5, 8, 4, 5, 5, 5, 7, 3, 6, 5, 6, 5, 5, 6, 6, 5, 4, 6, 4, 6, 7, 4, 5, 8, 3, 4, 5, 6, 4, 4, 3, 5, 4, 6, 5, 8, 5, 5, 5, 8, 5, 4, 5, 8, 5, 5, 7, 3, 8]
A_4 6.68 A 4 [4, 2, 3, 2, 1, 3, 3, 2, 2, 4, 4, 3, 4, 3, 3, 2, 1, 4, 4, 1, 3, 1, 1, 1, 4, 1, 3, 3, 4, 2, 3, 4, 2, 4, 2, 4, 1, 2, 1, 4, 2, 4, 4, 3, 1, 4, 2, 1, 2, 3, 4, 3, 2, 3, 1, 2, 3, 1, 4, 1, 2, 1, 2, 2, 4, 4, 4, 2, 4, 2, 3, 2, 4, 2, 4, 3, 1, 3, 4, 3] [6, 4, 5, 4, 3, 5, 5, 6, 6, 8, 7, 7, 7, 7, 7, 6, 5, 8, 6, 5, 5, 5, 3, 3, 8, 3, 5, 7, 7, 4, 5, 8, 6, 8, 4, 7, 4, 6, 4, 6, 6, 6, 8, 6, 5, 6, 5, 5, 6, 6, 8, 5, 4, 7, 4, 5, 7, 5, 6, 3, 5, 4, 4, 4, 8, 8, 7, 5, 8, 5, 6, 6, 8, 6, 6, 5, 3, 6, 6, 5]
A_5 8.51 A 5 [4, 2, 2, 4, 3, 1, 4, 4, 3, 3, 1, 1, 1, 4, 2, 2, 4, 2, 3, 3, 3, 1, 3, 4, 3, 4, 1, 3, 1, 3, 2, 1, 2, 4, 3, 2, 4, 2, 1, 3, 2, 2, 2, 3, 3, 3, 2, 4, 3, 3, 2, 3, 1, 1, 2, 1, 4, 1, 4, 3, 1, 1, 3, 1, 4, 4, 4, 2, 1, 2, 4, 1, 2, 2, 3, 4, 2, 1, 1, 3] [8, 6, 6, 8, 5, 5, 7, 6, 7, 5, 3, 4, 5, 7, 4, 4, 6, 5, 7, 7, 5, 5, 5, 8, 5, 8, 4, 6, 5, 6, 6, 3, 6, 6, 6, 4, 7, 4, 5, 5, 5, 6, 5, 5, 5, 5, 5, 8, 7, 7, 6, 5, 3, 3, 6, 4, 6, 3, 7, 7, 3, 5, 7, 5, 7, 8, 8, 6, 3, 4, 7, 5, 6, 4, 7, 6, 4, 4, 4, 6]
A_6 11.29 A 6 [2, 2, 2, 1, 3, 4, 2, 4, 3, 1, 2, 4, 3, 1, 1, 4, 4, 2, 2, 1, 1, 1, 2, 3, 4, 4, 4, 2, 2, 4, 3, 1, 3, 3, 4, 2, 4, 3, 4, 4, 4, 1, 4, 4, 1, 4, 3, 4, 1, 3, 4, 4, 4, 1, 4, 3, 2, 1, 3, 3, 3, 3, 4, 1, 1, 4, 1, 4, 1, 1, 4, 2, 1, 3, 2, 1, 3, 2, 2, 4] [6, 5, 6, 5, 5, 7, 6, 7, 6, 3, 5, 7, 7, 5, 3, 7, 8, 6, 4, 4, 4, 3, 5, 5, 6, 8, 7, 4, 4, 7, 7, 3, 6, 5, 7, 6, 7, 7, 6, 8, 7, 4, 6, 6, 5, 8, 6, 6, 4, 7, 6, 7, 7, 5, 7, 7, 4, 5, 5, 6, 7, 5, 6, 3, 4, 6, 3, 6, 3, 3, 7, 6, 5, 5, 5, 4, 7, 5, 5, 6]
A_7 12.29 A 7 [4, 1, 4, 1, 2, 4, 4, 1, 3, 2, 2, 3, 1, 1, 1, 2, 1, 2, 2, 4, 3, 1, 3, 4, 2, 2, 4, 1, 3, 2, 2, 3, 3, 4, 2, 3, 1, 4, 4, 1, 1, 4, 2, 2, 4, 3, 2, 1, 1, 3, 2, 4, 3, 3, 3, 3, 2, 3, 1, 1, 4, 4, 1, 2, 1, 4, 3, 3, 2, 1, 3, 1, 3, 2, 3, 1, 1, 4, 2, 4] [8, 5, 8, 5, 6, 6, 7, 5, 7, 4, 5, 6, 3, 5, 3, 5, 3, 4, 5, 8, 6, 4, 6, 7, 4, 5, 7, 5, 5, 6, 4, 7, 5, 6, 6, 6, 3, 8, 8, 4, 5, 6, 4, 5, 6, 6, 4, 3, 3, 5, 6, 6, 5, 5, 7, 6, 4, 7, 4, 5, 8, 7, 3, 6, 3, 6, 5, 5, 5, 5, 6, 4, 7, 4, 6, 5, 4, 7, 6, 7]
A_8 15.899999999999999 A 8 [3, 3, 2, 2, 2, 3, 3, 3, 1, 4, 4, 4, 3, 1, 4, 1, 2, 3, 4, 4, 3, 1, 2, 1, 2, 3, 4, 3, 4, 3, 1, 4, 4, 2, 3, 2, 1, 3, 1, 4, 3, 1, 3, 4, 4, 3, 1, 1, 2, 4, 3, 4, 2, 3, 4, 2, 4, 1, 2, 3, 1, 4, 3, 2, 3, 2, 2, 1, 4, 3, 4, 3, 4, 4, 3, 4, 1, 3, 2, 1] [6, 5, 4, 5, 6, 7, 6, 7, 5, 8, 6, 7, 5, 3, 8, 5, 4, 5, 6, 7, 5, 4, 5, 3, 5, 6, 8, 5, 7, 6, 4, 8, 8, 4, 7, 4, 4, 6, 4, 6, 5, 5, 6, 6, 6, 5, 3, 4, 4, 6, 7, 6, 6, 5, 7, 4, 7, 4, 5, 7, 5, 7, 7, 5, 7, 4, 4, 5, 7, 5, 7, 7, 6, 8, 5, 6, 5, 7, 6, 3]
A_9 21.52 A 9 [3, 3, 2, 4, 4, 3, 1, 2, 4, 4, 1, 4, 3, 3, 2, 4, 1, 2, 4, 4, 2, 4, 2, 1, 4, 1, 1, 3, 4, 1, 2, 3, 2, 4, 1, 1, 1, 1, 1, 2, 4, 2, 2, 2, 4, 1, 1, 1, 2, 4, 1, 3, 1, 3, 4, 1, 1, 4, 1, 2, 3, 3, 3, 3, 3, 4, 4, 3, 4, 3, 4, 4, 1, 3, 1, 4, 3, 3, 1, 1] [5, 7, 5, 8, 8, 5, 3, 4, 8, 8, 4, 7, 7, 6, 4, 8, 4, 6, 8, 8, 4, 6, 6, 3, 8, 5, 5, 7, 7, 4, 5, 6, 5, 8, 4, 3, 3, 5, 5, 4, 6, 5, 5, 6, 6, 4, 5, 4, 5, 8, 4, 7, 3, 5, 8, 5, 4, 7, 4, 5, 5, 7, 5, 7, 5, 8, 6, 7, 7, 5, 6, 7, 5, 6, 3, 7, 5, 7, 3, 5]
A_10 24.08 A 10 [2, 3, 1, 2, 4, 1, 2, 2, 4, 1, 3, 3, 2, 1, 4, 4, 1, 3, 1, 3, 3, 2, 4, 1, 1, 4, 4, 2, 2, 4, 3, 3, 3, 3, 3, 3, 4, 3, 2, 4, 4, 3, 4, 3, 2, 2, 1, 4, 4, 1, 4, 4, 2, 1, 4, 3, 3, 3, 3, 3, 3, 1, 4, 2, 4, 2, 1, 2, 3, 2, 4, 2, 4, 4, 2, 4, 1, 3, 4, 1] [6, 7, 5, 4, 7, 3, 5, 5, 6, 4, 6, 6, 4, 4, 7, 6, 3, 5, 5, 6, 6, 6, 8, 4, 3, 8, 6, 6, 5, 6, 6, 5, 6, 7, 5, 6, 8, 6, 5, 7, 8, 5, 7, 6, 4, 6, 4, 8, 6, 3, 7, 7, 4, 5, 6, 5, 6, 7, 5, 6, 7, 3, 6, 5, 7, 5, 5, 4, 7, 6, 8, 5, 7, 7, 5, 6, 4, 5, 7, 5]
A_11 25.529999999999998 A 11 [3, 2, 1, 2, 3, 1, 4, 3, 4, 4, 3, 4, 2, 3, 2, 2, 3, 4, 1, 2, 3, 2, 3, 4, 3, 4, 4, 4, 1, 1, 2, 4, 1, 2, 3, 2, 4, 3, 2, 4, 2, 4, 1, 2, 3, 4, 2, 2, 4, 1, 1, 2, 2, 2, 4, 2, 1, 3, 4, 1, 2, 3, 1, 4, 3, 1, 1, 3, 1, 2, 1, 3, 2, 3, 2, 1, 4, 1, 4, 4] [5, 4, 4, 4, 7, 4, 7, 6, 7, 7, 6, 6, 4, 5, 6, 4, 6, 6, 3, 4, 6, 4, 5, 6, 7, 6, 6, 6, 5, 3, 6, 7, 5, 6, 5, 5, 6, 5, 6, 7, 5, 8, 5, 4, 7, 6, 5, 4, 7, 4, 4, 6, 5, 4, 7, 6, 3, 5, 8, 3, 6, 7, 5, 7, 6, 5, 5, 5, 4, 5, 4, 7, 5, 6, 5, 3, 7, 4, 8, 7]
A_12 26.529999999999998 A 12 [2, 3, 2, 1, 4, 1, 3, 1, 3, 3, 2, 2, 4, 4, 4, 3, 2, 4, 2, 1, 3, 4, 3, 2, 1, 3, 2, 4, 2, 1, 3, 4, 3, 3, 3, 1, 2, 3, 4, 3, 1, 3, 2, 1, 1, 3, 2, 2, 3, 4, 1, 3, 1, 4, 4, 3, 4, 4, 1, 4, 4, 4, 2, 1, 3, 2, 1, 2, 3, 2, 2, 4, 2, 4, 3, 4, 3, 4, 2, 1] [6, 5, 4, 3, 7, 5, 7, 3, 5, 7, 4, 4, 8, 8, 7, 5, 5, 8, 6, 5, 5, 8, 5, 6, 3, 5, 5, 6, 4, 5, 7, 8, 7, 7, 7, 5, 4, 7, 6, 5, 4, 5, 4, 4, 5, 5, 4, 5, 6, 6, 5, 5, 3, 6, 7, 5, 7, 6, 4, 6, 7, 7, 5, 4, 7, 5, 3, 4, 7, 5, 4, 7, 6, 8, 7, 8, 7, 8, 5, 5]
A_13 27.929999999999996 A 13 [3, 3, 4, 2, 3, 4, 1, 1, 1, 3, 1, 3, 4, 4, 1, 1, 3, 3, 4, 2, 4, 2, 3, 2, 2, 1, 1, 2, 4, 2, 4, 3, 4, 2, 1, 3, 1, 3, 4, 4, 3, 2, 4, 2, 3, 1, 4, 3, 4, 3, 1, 1, 2, 1, 4, 3, 4, 2, 4, 4, 3, 1, 3, 2, 2, 1, 3, 3, 3, 4, 1, 2, 3, 2, 2, 4, 1, 4, 3, 3] [7, 5, 7, 4, 7, 7, 5, 5, 3, 6, 4, 5, 8, 7, 5, 5, 6, 5, 8, 6, 7, 4, 5, 6, 6, 4, 5, 6, 7, 6, 8, 6, 7, 4, 4, 6, 3, 5, 6, 6, 5, 6, 8, 6, 6, 3, 7, 7, 8, 7, 3, 3, 4, 5, 7, 7, 8, 6, 8, 8, 6, 5, 7, 5, 4, 4, 5, 7, 5, 8, 5, 6, 6, 4, 4, 7, 3, 6, 5, 7]
A_14 29.649999999999995 A 14 [3, 3, 4, 2, 3, 2, 1, 1, 4, 2, 4, 2, 4, 1, 3, 4, 4, 4, 3, 3, 3, 3, 3, 3, 3, 3, 3, 1, 1, 2, 4, 3, 1, 3, 3, 3, 2, 2, 2, 1, 3, 2, 4, 2, 2, 4, 4, 4, 1, 2, 3, 1, 3, 2, 2, 3, 2, 2, 4, 3, 4, 3, 3, 3, 4, 1, 2, 4, 2, 2, 1, 2, 3, 2, 1, 4, 4, 4, 3, 1] [7, 7, 8, 6, 7, 4, 3, 3, 8, 4, 7, 6, 7, 5, 7, 7, 6, 6, 5, 6, 5, 7, 5, 7, 7, 5, 5, 5, 4, 4, 6, 6, 4, 5, 6, 6, 5, 4, 5, 3, 6, 6, 6, 5, 6, 8, 8, 8, 4, 4, 7, 4, 5, 5, 5, 7, 5, 6, 6, 6, 6, 5, 5, 6, 7, 3, 6, 8, 6, 6, 3, 6, 6, 5, 4, 8, 8, 8, 6, 3]
A_15 30.649999999999995 A 15 [4, 3, 2, 2, 2, 2, 4, 2, 1, 4, 4, 2, 3, 1, 4, 2, 2, 1, 1, 2, 2, 2, 4, 3, 1, 4, 4, 2, 4, 1, 4, 1, 2, 3, 1, 1, 4, 4, 4, 1, 1, 4, 2, 1, 1, 4, 4, 2, 1, 1, 1, 2, 2, 4, 4, 3, 4, 1, 2, 2, 1, 2, 4, 4, 3, 3, 2, 3, 4, 4, 3, 1, 3, 2, 4, 4, 4, 1, 4, 3] [6, 6, 5, 5, 6, 4, 7, 5, 5, 8, 6, 4, 5, 5, 7, 4, 4, 3, 5, 6, 4, 4, 6, 6, 4, 8, 7, 4, 7, 4, 7, 5, 4, 6, 5, 3, 6, 6, 6, 4, 5, 7, 4, 4, 4, 6, 8, 5, 5, 5, 3, 5, 6, 8, 7, 6, 6, 3, 4, 4, 5, 6, 6, 8, 6, 7, 6, 5, 8, 8, 6, 5, 7, 4, 8, 7, 6, 5, 8, 6]
A_16 32.53999999999999 A 16 [3, 3, 1, 1, 1, 4, 4, 1, 2, 1, 1, 3, 2, 3, 4, 2, 1, 3, 1, 2, 3, 1, 3, 4, 4, 4, 4, 1, 2, 1, 2, 1, 2, 2, 3, 3, 4, 1, 4, 3, 2, 1, 3, 2, 4, 1, 3, 4, 4, 3, 1, 2, 1, 4, 1, 4, 1, 3, 1, 4, 1, 1, 1, 4, 4, 2, 3, 1, 1, 4, 3, 1, 2, 4, 2, 4, 2, 2, 2, 3] [6, 5, 4, 4, 5, 6, 8, 3, 4, 4, 3, 6, 5, 6, 6, 4, 3, 7, 4, 5, 7, 5, 6, 7, 8, 6, 8, 3, 5, 4, 5, 5, 6, 5, 5, 7, 8, 5, 6, 7, 4, 3, 7, 6, 8, 5, 7, 6, 6, 6, 3, 5, 4, 7, 4, 6, 5, 5, 4, 7, 5, 5, 5, 7, 7, 6, 6, 5, 4, 7, 7, 5, 6, 7, 6, 7, 6, 4, 5, 6]
A_17 33.53999999999999 A 17 [1, 4, 2, 4, 4, 2, 2, 2, 3, 2, 3, 4, 4, 3, 4, 1, 3, 3, 2, 2, 2, 3, 4, 4, 3, 2, 1, 4, 2, 3, 3, 4, 1, 4, 3, 1, 1, 1, 4, 1, 3, 4, 2, 1, 4, 2, 3, 3, 3, 4, 4, 1, 3, 4, 1, 1, 2, 3, 1, 2, 2, 3, 1, 3, 2, 1, 3, 1, 4, 4, 4, 2, 3, 2, 3, 2, 1, 1, 1, 1] [5, 7, 5, 8, 8, 5, 6, 4, 5, 6, 5, 6, 8, 5, 6, 3, 7, 7, 6, 5, 6, 6, 7, 7, 5, 5, 3, 6, 4, 6, 6, 7, 5, 7, 6, 5, 4, 3, 6, 5, 7, 8, 5, 3, 7, 5, 5, 5, 7, 8, 8, 3, 6, 6, 3, 4, 4, 6, 4, 5, 5, 6, 4, 7, 4, 5, 6, 4, 6, 7, 7, 6, 7, 5, 5, 4, 5, 3, 3, 5]
A_18 35.29999999999999 A 18 [3, 1, 1, 1, 4, 3, 2, 2, 4, 4, 1, 1, 2, 4, 3, 1, 1, 2, 2, 4, 1, 1, 3, 2, 3, 4, 3, 4, 1, 4, 1, 2, 2, 2, 1, 1, 2, 1, 1, 3, 1, 3, 1, 4, 1, 3, 1, 2, 4, 4, 4, 1, 2, 1, 1, 3, 3, 4, 3, 1, 4, 4, 4, 4, 3, 2, 1, 1, 2, 4, 4, 2, 2, 4, 3, 3, 3, 1, 1, 1] [7, 3, 5, 4, 6, 7, 4, 5, 6, 8, 5, 3, 6, 8, 5, 5, 4, 6, 5, 8, 5, 4, 6, 5, 6, 8, 7, 8, 4, 8, 3, 4, 6, 4, 5, 4, 5, 4, 5, 7, 3, 6, 4, 6, 4, 5, 5, 5, 6, 6, 8, 5, 4, 5, 3, 5, 6, 6, 5, 3, 6, 8, 8, 7, 5, 5, 4, 3, 4, 6, 6, 4, 6, 6, 6, 7, 5, 5, 3, 5]
A_19 36.62999999999999 A 19 [4, 2, 2, 1, 1, 3, 1, 4, 4, 4, 3, 2, 1, 2, 3, 2, 2, 2, 4, 3, 4, 2, 1, 2, 3, 3, 2, 1, 4, 4, 4, 2, 2, 4, 3, 1, 1, 4, 4, 1, 4, 1, 1, 1, 4, 1, 2, 2, 1, 3, 2, 3, 2, 4, 1, 4, 4, 4, 2, 3, 2, 4, 3, 2, 4, 4, 2, 3, 1, 1, 2, 1, 4, 4, 1, 4, 4, 1, 1, 2] [8, 4, 4, 3, 5, 7, 4, 8, 7, 8, 6, 4, 5, 6, 6, 6, 5, 5, 8, 7, 8, 4, 3, 5, 6, 6, 5, 4, 8, 7, 7, 4, 5, 8, 7, 3, 5, 6, 6, 4, 7, 3, 3, 3, 8, 4, 6, 5, 3, 5, 6, 6, 5, 6, 5, 6, 6, 6, 5, 6, 5, 6, 6, 4, 8, 7, 5, 5, 5, 4, 4, 5, 7, 8, 3, 6, 6, 5, 4, 4]
A_20 37.62999999999999 A 20 [3, 1, 1, 3, 3, 3, 1, 3, 3, 2, 3, 3, 3, 4, 3, 2, 3, 2, 1, 4, 3, 1, 2, 1, 2, 1, 4, 2, 4, 1, 4, 1, 3, 1, 4, 3, 4, 2, 4, 1, 3, 1, 4, 1, 3, 1, 1, 1, 1, 4, 4, 2, 4, 2, 2, 1, 3, 1, 3, 4, 2, 1, 1, 4, 2, 2, 3, 4, 1, 3, 2, 2, 3, 3, 4, 4, 4, 1, 4, 4] [5, 5, 4, 7, 5, 5, 4, 6, 5, 4, 6, 6, 5, 7, 5, 4, 7, 6, 5, 8, 6, 4, 6, 3, 4, 3, 6, 6, 7, 3, 7, 3, 7, 4, 8, 5, 8, 5, 7, 3, 7, 3, 7, 4, 5, 3, 3, 3, 5, 8, 6, 5, 7, 6, 6, 3, 7, 3, 5, 6, 5, 3, 3, 8, 4, 5, 6, 7, 3, 5, 6, 6, 5, 5, 7, 8, 7, 4, 7, 7]
A_21 39.61999999999999 A 21 [3, 4, 3, 3, 1, 1, 1, 1, 1, 4, 2, 2, 4, 2, 3, 2, 1, 3, 1, 2, 1, 3, 4, 4, 2, 2, 3, 4, 2, 4, 3, 2, 1, 3, 4, 1, 3, 1, 3, 2, 4, 4, 1, 1, 3, 2, 2, 1, 4, 3, 3, 1, 4, 4, 1, 3, 2, 1, 3, 3, 1, 1, 3, 2, 1, 1, 3, 2, 2, 3, 4, 3, 4, 2, 4, 1, 4, 1, 1, 1] [5, 6, 7, 5, 5, 5, 3, 4, 4, 6, 6, 4, 8, 4, 7, 4, 5, 6, 4, 4, 4, 6, 7, 6, 4, 6, 7, 6, 6, 8, 6, 4, 5, 6, 6, 5, 7, 3, 6, 6, 6, 7, 4, 3, 6, 4, 4, 5, 8, 6, 7, 3, 6, 8, 4, 5, 5, 4, 7, 6, 3, 4, 7, 6, 3, 3, 6, 6, 6, 7, 7, 7, 7, 5, 7, 3, 6, 3, 3, 3]
A_22 41.59999999999999 A 22 [4, 2, 2, 1, 1, 3, 2, 3, 2, 2, 4, 3, 3, 3, 3, 4, 3, 4, 3, 1, 2, 4, 3, 1, 3, 1, 1, 1, 1, 3, 3, 4, 3, 2, 2, 4, 4, 1, 2, 2, 4, 2, 4, 4, 4, 2, 2, 4, 3, 4, 1, 2, 2, 1, 1, 3, 1, 4, 3, 1, 1, 3, 1, 3, 1, 4, 1, 3, 3, 3, 2, 1, 4, 1, 1, 2, 3, 2, 4, 4] [6, 6, 5, 5, 3, 5, 5, 6, 5, 6, 8, 5, 5, 5, 5, 6, 6, 7, 6, 3, 6, 7, 5, 3, 5, 5, 4, 5, 5, 7, 6, 6, 6, 4, 5, 7, 6, 4, 5, 6, 6, 6, 8, 8, 6, 5, 5, 6, 7, 6, 5, 6, 6, 4, 4, 7, 3, 7, 6, 5, 4, 5, 3, 6, 3, 7, 5, 7, 5, 6, 4, 5, 6, 5, 4, 6, 5, 4, 6, 8]
A_23 43.93999999999998 A 23 [3, 2, 1, 1, 1, 4, 3, 4, 1, 1, 1, 4, 2, 2, 3, 3, 4, 4, 2, 2, 1, 4, 1, 4, 3, 4, 4, 3, 2, 4, 2, 2, 1, 4, 3, 4, 4, 4, 1, 3, 4, 3, 2, 3, 3, 4, 3, 3, 4, 3, 2, 4, 4, 4, 2, 2, 2, 3, 3, 3, 4, 3, 3, 2, 2, 4, 2, 2, 3, 1, 1, 1, 3, 4, 2, 3, 3, 2, 4, 2] [7, 6, 4, 5, 3, 8, 5, 7, 3, 3, 4, 6, 6, 6, 7, 6, 7, 7, 5, 5, 3, 6, 3, 6, 6, 8, 6, 7, 4, 8, 6, 6, 4, 7, 7, 8, 7, 8, 3, 7, 8, 7, 4, 5, 5, 7, 6, 5, 7, 6, 4, 8, 6, 7, 6, 6, 4, 7, 7, 6, 8, 7, 7, 5, 6, 6, 5, 6, 6, 4, 3, 3, 5, 7, 6, 7, 6, 6, 6, 6]
A_24 45.19999999999998 A 24 [3, 3, 4, 2, 4, 3, 4, 2, 2, 4, 1, 3, 1, 2, 3, 1, 4, 3, 3, 3, 2, 2, 3, 3, 3, 3, 1, 1, 1, 4, 2, 3, 3, 3, 3, 1, 1, 3, 1, 1, 3, 1, 1, 4, 1, 4, 1, 4, 3, 3, 4, 1, 2, 3, 3, 2, 3, 1, 2, 1, 1, 4, 3, 1, 4, 1, 2, 4, 4, 3, 2, 3, 3, 2, 1, 3, 3, 3, 4, 1] [7, 7, 7, 4, 8, 5, 6, 4, 5, 8, 3, 7, 3, 6, 7, 4, 8, 5, 6, 6, 4, 4, 5, 6, 6, 5, 3, 4, 4, 8, 4, 5, 5, 7, 5, 3, 3, 6, 4, 5, 7, 4, 3, 8, 3, 8, 4, 8, 5, 6, 8, 4, 4, 6, 5, 4, 5, 4, 6, 3, 3, 6, 6, 5, 8, 3, 4, 7, 8, 5, 4, 6, 6, 4, 4, 5, 7, 6, 8, 4]
A_25 46.19999999999998 A 25 [3, 3, 2, 2, 1, 4, 4, 2, 3, 1, 4, 4, 3, 1, 3, 4, 4, 2, 4, 3, 1, 2, 1, 4, 3, 3, 4, 1, 3, 1, 3, 1, 1, 4, 2, 3, 1, 3, 1, 2, 2, 2, 2, 1, 3, 3, 1, 3, 2, 2, 3, 4, 4, 1, 4, 3, 3, 1, 4, 3, 4, 4, 4, 2, 4, 1, 3, 2, 1, 2, 3, 3, 4, 3, 1, 2, 3, 1, 2, 3] [5, 5, 6, 6, 3, 8, 8, 5, 6, 5, 8, 6, 5, 4, 5, 8, 6, 5, 8, 6, 3, 6, 5, 8, 5, 6, 6, 5, 5, 4, 6, 3, 4, 7, 5, 5, 3, 6, 3, 6, 4, 4, 4, 5, 7, 7, 3, 7, 5, 5, 5, 7, 8, 5, 8, 6, 6, 4, 8, 7, 8, 7, 8, 4, 8, 5, 5, 6, 5, 5, 6, 6, 6, 5, 3, 6, 7, 4, 6, 6]
A_26 50.48999999999998 A 26 [4, 2, 1, 4, 3, 1, 4, 4, 4, 1, 4, 4, 2, 1, 3, 4, 4, 1, 3, 2, 4, 3, 1, 4, 1, 4, 3, 2, 4, 4, 4, 2, 1, 3, 2, 2, 2, 2, 3, 3, 1, 1, 4, 2, 2, 2, 1, 1, 2, 1, 3, 3, 1, 3, 3, 1, 3, 2, 1, 2, 2, 2, 2, 3, 1, 3, 2, 4, 1, 1, 1, 4, 4, 4, 2, 1, 1, 2, 4, 1] [7, 6, 4, 7, 5, 4, 7, 7, 8, 5, 6, 6, 5, 5, 5, 7, 8, 3, 7, 5, 6, 7, 4, 6, 3, 6, 6, 6, 6, 6, 8, 5, 5, 6, 6, 6, 6, 5, 7, 6, 4, 3, 7, 4, 5, 4, 5, 3, 5, 5, 7, 7, 4, 5, 7, 3, 7, 4, 4, 6, 6, 5, 5, 7, 4, 7, 5, 8, 5, 4, 4, 8, 6, 7, 6, 4, 4, 4, 6, 5]
A_27 53.37999999999998 A 27 [2, 2, 1, 3, 3, 3, 2, 1, 3, 3, 2, 4, 4, 2, 1, 2, 1, 4, 4, 1, 2, 4, 1, 3, 1, 1, 2, 2, 1, 2, 3, 4, 4, 1, 2, 4, 4, 2, 2, 4, 1, 4, 1, 4, 4, 1, 4, 2, 1, 3, 4, 3, 2, 2, 1, 2, 4, 3, 2, 2, 2, 2, 2, 4, 3, 1, 3, 4, 2, 1, 3, 2, 4, 3, 2, 3, 2, 4, 3, 4] [6, 6, 4, 5, 7, 6, 4, 5, 5, 7, 6, 6, 6, 6, 5, 4, 3, 6, 8, 4, 6, 6, 5, 7, 4, 5, 6, 6, 4, 4, 6, 6, 8, 3, 5, 7, 8, 6, 5, 8, 5, 8, 5, 7, 8, 5, 7, 6, 5, 5, 6, 5, 4, 6, 3, 5, 8, 5, 4, 5, 6, 5, 4, 7, 5, 3, 6, 7, 6, 4, 6, 5, 6, 6, 4, 7, 6, 8, 7, 7]
A_28 55.55999999999998 A 28 [3, 4, 1, 1, 4, 1, 2, 3, 4, 4, 2, 1, 2, 4, 1, 4, 2, 2, 1, 4, 4, 2, 1, 2, 1, 3, 4, 1, 4, 3, 1, 2, 1, 4, 2, 1, 1, 3, 2, 3, 3, 4, 4, 2, 3, 2, 2, 4, 2, 1, 3, 1, 2, 3, 2, 2, 1, 2, 4, 4, 1, 2, 3, 3, 4, 3, 1, 1, 2, 2, 3, 1, 4, 3, 3, 2, 3, 4, 2, 1] [7, 8, 3, 4, 7, 5, 4, 5, 7, 7, 5, 5, 4, 7, 4, 7, 5, 4, 4, 8, 7, 6, 5, 4, 4, 5, 6, 4, 6, 6, 4, 4, 5, 6, 6, 5, 4, 7, 4, 5, 5, 7, 8, 6, 7, 4, 6, 8, 4, 5, 7, 4, 4, 7, 6, 5, 5, 4, 6, 6, 4, 5, 5, 7, 8, 7, 4, 5, 4, 6, 6, 5, 8, 6, 5, 6, 6, 6, 6, 4]
A_29 56.79999999999998 A 29 [3, 1, 2, 3, 2, 3, 4, 2, 3, 1, 4, 1, 1, 2, 2, 1, 1, 3, 4, 4, 1, 4, 3, 4, 4, 1, 4, 2, 3, 3, 1, 3, 3, 3, 1, 2, 2, 2, 4, 3, 4, 3, 4, 3, 1, 4, 1, 4, 4, 1, 3, 4, 1, 3, 3, 4, 2, 2, 1, 3, 2, 4, 3, 3, 1, 4, 2, 2, 1, 1, 3, 3, 3, 4, 3, 3, 3, 4, 1, 3] [5, 3, 4, 5, 4, 6, 7, 6, 6, 4, 6, 3, 5, 6, 4, 4, 4, 6, 8, 7, 3, 8, 7, 8, 8, 4, 6, 4, 6, 7, 5, 7, 7, 6, 5, 4, 4, 5, 6, 6, 8, 5, 7, 7, 3, 6, 4, 7, 7, 4, 5, 6, 4, 7, 6, 7, 6, 6, 5, 6, 6, 6, 6, 5, 4, 7, 6, 5, 3, 3, 5, 5, 7, 8, 5, 6, 5, 8, 5, 6]
A_30 57.95999999999998 A 30 [2, 4, 1, 3, 3, 2, 3, 2, 1, 2, 3, 2, 3, 4, 4, 4, 2, 3, 1, 4, 4, 3, 3, 2, 2, 3, 4, 3, 1, 1, 4, 3, 2, 3, 4, 3, 4, 4, 3, 4, 1, 1, 2, 1, 3, 2, 1, 4, 3, 2, 2, 3, 1, 2, 1, 1, 2, 1, 3, 2, 3, 1, 1, 1, 4, 2, 2, 1, 1, 1, 1, 1, 4, 1, 1, 1, 3, 2, 2, 1] [4, 8, 5, 7, 5, 6, 7, 4, 4, 5, 6, 6, 7, 8, 6, 7, 5, 6, 3, 7, 7, 6, 6, 6, 4, 6, 8, 6, 4, 5, 7, 6, 6, 5, 8, 6, 8, 8, 7, 6, 5, 3, 4, 5, 7, 4, 5, 6, 5, 6, 4, 6, 4, 5, 5, 4, 4, 3, 6, 5, 6, 3, 3, 3, 8, 6, 5, 5, 3, 4, 4, 5, 7, 4, 5, 4, 5, 4, 5, 3]
A_31 59.03999999999998 A 31 [3, 3, 3, 3, 4, 1, 1, 3, 4, 3, 3, 4, 4, 3, 3, 1, 1, 4, 2, 2, 1, 2, 4, 2, 3, 1, 2, 4, 2, 3, 3, 4, 3, 2, 3, 2, 2, 3, 2, 2, 2, 4, 3, 1, 1, 3, 1, 4, 3, 1, 3, 1, 1, 3, 3, 1, 1, 4, 2, 4, 4, 2, 3, 3, 3, 2, 3, 2, 4, 3, 2, 2, 2, 3, 3, 2, 4, 1, 1, 1] [7, 6, 6, 5, 8, 3, 3, 7, 8, 6, 5, 7, 8, 6, 6, 5, 5, 7, 4, 4, 3, 4, 6, 6, 5, 3, 5, 6, 4, 7, 6, 6, 7, 6, 7, 4, 6, 6, 6, 6, 6, 7, 6, 3, 4, 6, 4, 7, 5, 3, 5, 4, 3, 7, 5, 5, 3, 7, 4, 8, 8, 4, 7, 6, 5, 6, 5, 5, 8, 7, 5, 4, 4, 5, 7, 5, 8, 3, 4, 3]
A_32 60.03999999999998 A 32 [2, 2, 4, 4, 2, 2, 3, 3, 4, 2, 3, 1, 3, 4, 1, 2, 2, 1, 2, 2, 3, 1, 3, 1, 3, 1, 1, 4, 1, 3, 2, 3, 4, 4, 3, 2, 1, 3, 1, 2, 1, 2, 1, 4, 1, 3, 2, 1, 4, 3, 1, 4, 2, 2, 3, 4, 2, 4, 2, 2, 3, 2, 4, 2, 4, 3, 4, 4, 1, 4, 2, 1, 2, 3, 4, 1, 4, 2, 4, 2] [4, 6, 7, 8, 6, 6, 6, 5, 8, 5, 6, 5, 7, 7, 4, 4, 6, 5, 6, 5, 7, 5, 6, 4, 5, 4, 5, 8, 5, 7, 6, 7, 6, 8, 7, 6, 5, 7, 4, 6, 5, 6, 3, 8, 4, 5, 6, 5, 7, 5, 4, 8, 5, 6, 7, 8, 4, 8, 5, 4, 5, 6, 6, 4, 6, 5, 6, 6, 4, 6, 5, 5, 5, 5, 8, 5, 8, 4, 7, 4]
A_33 61.03999999999998 A 33 [3, 2, 1, 1, 4, 4, 3, 4, 2, 4, 3, 2, 3, 2, 3, 3, 2, 4, 2, 4, 1, 3, 2, 4, 3, 4, 3, 1, 4, 3, 3, 2, 4, 4, 1, 2, 4, 4, 2, 1, 1, 2, 2, 4, 2, 3, 3, 2, 2, 4, 4, 2, 3, 4, 3, 3, 4, 3, 3, 4, 4, 1, 2, 4, 2, 2, 2, 3, 3, 2, 3, 4, 4, 3, 3, 2, 2, 2, 3, 4] [5, 4, 5, 4, 8, 6, 5, 6, 4, 8, 7, 6, 7, 4, 5, 6, 5, 7, 4, 8, 4, 6, 4, 7, 7, 7, 6, 3, 6, 6, 5, 6, 8, 6, 5, 5, 7, 7, 4, 5, 5, 5, 6, 7, 5, 7, 6, 6, 5, 7, 6, 5, 6, 8, 7, 7, 6, 6, 6, 7, 8, 5, 4, 8, 5, 4, 5, 7, 7, 4, 6, 7, 8, 5, 7, 6, 4, 6, 7, 7]
A_34 62.03999999999998 A 34 [4, 1, 3, 1, 2, 3, 4, 2, 3, 1, 3, 3, 3, 1, 3, 1, 3, 3, 1, 3, 4, 4, 2, 3, 3, 2, 2, 2, 2, 1, 4, 3, 3, 1, 4, 3, 1, 3, 3, 3, 4, 2, 4, 4, 3, 4, 4, 3, 1, 3, 4, 4, 4, 1, 2, 2, 4, 1, 2, 2, 3, 2, 1, 2, 1, 4, 1, 2, 4, 4, 3, 1, 2, 1, 3, 1, 3, 2, 2, 1] [7, 5, 5, 5, 4, 6, 7, 6, 7, 4, 5, 5, 7, 4, 6, 5, 5, 6, 5, 7, 8, 6, 5, 7, 5, 5, 6, 5, 6, 5, 8, 7, 7, 5, 7, 6, 5, 7, 6, 6, 8, 4, 7, 6, 5, 6, 7, 5, 4, 7, 6, 8, 7, 3, 4, 5, 7, 5, 5, 4, 7, 5, 4, 6, 5, 8, 4, 6, 6, 7, 7, 5, 5, 5, 6, 5, 6, 4, 6, 5]
A_35 63.03999999999998 A 35 [3, 2, 2, 1, 4, 2, 2, 3, 2, 1, 3, 2, 1, 3, 3, 1, 3, 1, 1, 1, 3, 1, 4, 4, 1, 3, 2, 4, 1, 2, 3, 2, 2, 2, 3, 1, 1, 1, 2, 2, 2, 3, 4, 4, 4, 3, 4, 3, 1, 2, 1, 4, 3, 1, 1, 1, 3, 1, 3, 3, 3, 3, 4, 2, 4, 4, 1, 4, 4, 1, 3, 3, 2, 3, 1, 3, 2, 4, 1, 2] [5, 6, 6, 5, 7, 4, 6, 6, 4, 3, 6, 5, 5, 6, 6, 3, 7, 5, 4, 3, 5, 5, 7, 8, 3, 5, 6, 7, 5, 4, 6, 4, 6, 5, 6, 4, 4, 3, 5, 6, 6, 5, 8, 8, 8, 6, 6, 5, 4, 5, 3, 7, 7, 5, 3, 5, 7, 5, 5, 7, 6, 6, 6, 6, 6, 6, 4, 8, 6, 5, 5, 5, 4, 7, 3, 7, 4, 6, 5, 4]
A_36 72.16999999999997 A 36 [2, 1, 3, 1, 1, 4, 4, 1, 1, 1, 4, 4, 2, 1, 2, 4, 4, 1, 2, 1, 4, 3, 4, 4, 1, 1, 2, 4, 1, 2, 4, 2, 1, 4, 1, 1, 4, 3, 3, 4, 1, 2, 4, 3, 1, 4, 1, 4, 3, 4, 4, 1, 2, 2, 1, 2, 2, 3, 2, 2, 1, 1, 2, 4, 4, 4, 1, 1, 1, 1, 2, 1, 4, 2, 4, 4, 1, 3, 4, 2] [4, 4, 5, 5, 4, 7, 7, 3, 4, 3, 8, 6, 4, 3, 5, 6, 8, 4, 5, 5, 8, 7, 6, 7, 3, 3, 6, 8, 4, 4, 8, 6, 5, 7, 5, 4, 6, 6, 5, 7, 4, 5, 8, 6, 5, 6, 3, 8, 5, 6, 8, 3, 4, 4, 5, 5, 4, 6, 4, 6, 3, 4, 4, 6, 6, 7, 5, 4, 5, 4, 5, 3, 7, 5, 6, 7, 3, 5, 8, 4]
A_37 74.60999999999997 A 37 [1, 3, 1, 4, 2, 2, 3, 4, 3, 1, 3, 3, 3, 3, 2, 4, 1, 1, 1, 4, 2, 1, 1, 4, 3, 3, 2, 2, 3, 2, 4, 3, 3, 4, 3, 1, 3, 2, 4, 4, 1, 2, 2, 2, 1, 3, 3, 4, 2, 4, 4, 3, 1, 4, 3, 3, 2, 3, 1, 4, 1, 3, 3, 1, 4, 3, 1, 2, 4, 1, 2, 2, 3, 2, 1, 1, 1, 4, 1, 3] [4, 7, 3, 7, 6, 4, 7, 8, 6, 5, 6, 5, 7, 5, 4, 6, 5, 3, 4, 6, 5, 3, 4, 8, 6, 6, 5, 6, 7, 5, 8, 6, 7, 7, 7, 3, 6, 4, 6, 6, 3, 5, 6, 6, 5, 6, 7, 7, 5, 8, 8, 7, 5, 7, 5, 5, 4, 6, 5, 8, 5, 6, 6, 4, 8, 7, 4, 6, 6, 4, 4, 4, 7, 5, 4, 4, 5, 6, 5, 5]
A_38 76.09999999999997 A 38 [3, 2, 1, 1, 1, 1, 4, 4, 1, 1, 2, 2, 4, 4, 2, 4, 4, 4, 1, 4, 4, 3, 2, 1, 1, 1, 3, 2, 2, 4, 3, 2, 1, 2, 3, 2, 3, 4, 1, 3, 3, 4, 3, 4, 4, 3, 1, 3, 2, 2, 4, 2, 3, 1, 4, 1, 1, 2, 3, 3, 2, 3, 1, 4, 1, 4, 3, 2, 4, 4, 4, 1, 3, 2, 4, 4, 3, 4, 1, 3] [7, 5, 3, 3, 4, 5, 6, 8, 4, 5, 5, 6, 6, 6, 5, 6, 6, 6, 5, 6, 7, 6, 5, 3, 4, 3, 7, 5, 4, 6, 7, 6, 4, 4, 6, 5, 5, 6, 4, 7, 7, 7, 6, 8, 6, 6, 5, 7, 4, 5, 6, 5, 5, 4, 6, 5, 4, 4, 6, 7, 5, 5, 4, 7, 3, 7, 7, 5, 7, 7, 8, 5, 7, 4, 6, 7, 6, 7, 3, 7]
A_39 83.77999999999997 A 39 [3, 1, 2, 4, 4, 3, 4, 1, 4, 2, 4, 4, 3, 4, 1, 1, 3, 1, 3, 1, 1, 2, 2, 3, 1, 2, 3, 4, 3, 3, 4, 2, 2, 1, 3, 2, 4, 4, 3, 3, 2, 2, 3, 4, 4, 2, 2, 4, 1, 1, 4, 1, 2, 4, 3, 1, 1, 3, 3, 2, 2, 2, 2, 3, 2, 1, 2, 3, 2, 2, 4, 1, 1, 3, 4, 4, 2, 4, 4, 3] [7, 3, 6, 6, 6, 5, 8, 4, 6, 4, 7, 7, 5, 6, 3, 4, 7, 5, 7, 4, 3, 6, 6, 7, 5, 6, 6, 8, 5, 6, 6, 6, 6, 5, 6, 6, 7, 6, 7, 6, 4, 4, 5, 6, 7, 4, 5, 7, 4, 4, 8, 4, 4, 8, 7, 3, 5, 7, 5, 4, 5, 6, 5, 6, 6, 3, 5, 5, 6, 6, 6, 5, 3, 5, 7, 7, 4, 8, 8, 6]
B_0 1.55 B 40 [1, 2, 4, 3, 2, 2, 4, 1, 3, 4, 4, 2, 1, 3, 3, 1, 2, 3, 1, 4, 3, 4, 4, 4, 3, 2, 1, 1, 3, 4, 1, 2, 1, 1, 4, 2, 1, 1, 3, 2, 2, 3, 3, 3, 1, 3, 1, 4, 3, 4, 1, 1, 4, 3, 1, 3, 1, 3, 2, 1, 1, 3, 2, 1, 2, 1, 3, 3, 1, 1, 2, 1, 3, 2, 4, 2, 3, 2, 3, 4] [3, 6, 6, 5, 6, 5, 7, 5, 5, 6, 8, 5, 4, 5, 6, 5, 4, 7, 3, 7, 7, 6, 6, 8, 7, 4, 4, 5, 5, 8, 5, 6, 5, 5, 8, 6, 4, 3, 7, 4, 4, 6, 5, 5, 4, 5, 5, 6, 5, 7, 5, 4, 7, 6, 3, 6, 5, 6, 4, 4, 3, 7, 6, 3, 6, 3, 6, 6, 3, 5, 6, 4, 7, 6, 7, 6, 6, 6, 7, 8]
B_1 2.99 B 41 [3, 1, 1, 3, 4, 2, 1, 4, 1, 2, 3, 4, 3, 2, 2, 4, 1, 4, 3, 1, 1, 4, 2, 3, 1, 2, 1, 4, 4, 3, 1, 4, 2, 2, 2, 3, 2, 2, 4, 2, 3, 4, 2, 4, 2, 1, 1, 1, 1, 2, 3, 1, 2, 1, 4, 1, 3, 2, 3, 3, 1, 1, 4, 3, 3, 3, 1, 1, 1, 3, 2, 4, 1, 3, 3, 1, 2, 4, 2, 2] [7, 5, 4, 6, 6, 6, 4, 6, 5, 5, 5, 8, 5, 6, 6, 7, 3, 8, 6, 3, 3, 7, 6, 7, 4, 4, 3, 8, 7, 5, 3, 7, 6, 5, 4, 5, 5, 5, 7, 4, 6, 7, 6, 8, 5, 5, 5, 4, 4, 4, 5, 3, 4, 4, 8, 3, 5, 5, 7, 7, 4, 5, 7, 5, 6, 6, 5, 5, 3, 7, 4, 6, 4, 7, 5, 3, 4, 8, 6, 6]
B_2 7.44 B 42 [2, 2, 4, 2, 4, 2, 4, 2, 3, 2, 4, 1, 2, 4, 4, 2, 3, 2, 1, 1, 4, 1, 4, 2, 1, 2, 4, 1, 4, 4, 2, 3, 1, 2, 4, 4, 4, 2, 3, 3, 3, 2, 4, 1, 3, 3, 4, 2, 4, 3, 3, 1, 3, 3, 3, 3, 3, 2, 2, 3, 1, 3, 1, 1, 4, 3, 1, 3, 4, 1, 3, 2, 4, 1, 4, 1, 3, 4, 4, 4] [5, 6, 6, 5, 8, 5, 6, 4, 6, 5, 7, 5, 4, 8, 6, 4, 7, 5, 4, 3, 7, 4, 8, 4, 3, 4, 7, 5, 8, 7, 4, 6, 3, 6, 7, 8, 8, 6, 6, 5, 5, 6, 6, 5, 6, 5, 8, 5, 6, 7, 7, 3, 7, 7, 5, 6, 6, 5, 5, 7, 4, 5, 3, 4, 7, 5, 4, 6, 8, 4, 6, 6, 8, 4, 7, 4, 6, 6, 7, 7]
B_3 12.59 B 43 [3, 3, 3, 1, 3, 3, 4, 2, 4, 2, 3, 2, 1, 2, 2, 1, 2, 1, 4, 1, 1, 1, 4, 3, 4, 1, 2, 4, 2, 3, 1, 1, 4, 4, 4, 4, 3, 2, 4, 4, 3, 4, 1, 2, 2, 2, 2, 1, 2, 2, 4, 4, 3, 4, 4, 4, 4, 1, 2, 2, 3, 3, 1, 4, 2, 2, 1, 3, 4, 3, 1, 3, 1, 1, 1, 3, 4, 4, 3, 4] [7, 6, 7, 5, 6, 5, 6, 5, 6, 6, 6, 4, 4, 6, 5, 4, 6, 3, 6, 3, 4, 3, 8, 5, 8, 5, 4, 7, 6, 7, 5, 3, 8, 7, 6, 8, 6, 6, 8, 6, 5, 8, 5, 6, 4, 4, 6, 4, 5, 4, 8, 7, 7, 7, 6, 7, 8, 5, 4, 6, 7, 5, 5, 6, 6, 5, 3, 6, 7, 6, 3, 6, 4, 4, 4, 5, 6, 8, 6, 6]
B_4 16.45 B 44 [1, 4, 2, 2, 1, 3, 1, 4, 4, 4, 2, 3, 1, 3, 2, 1, 4, 4, 1, 4, 3, 3, 4, 3, 1, 3, 2, 4, 3, 1, 3, 1, 1, 2, 3, 4, 1, 1, 4, 4, 1, 2, 3, 2, 1, 3, 4, 3, 4, 3, 1, 4, 2, 1, 4, 1, 2, 4, 2, 1, 1, 3, 3, 1, 3, 4, 4, 4, 2, 4, 3, 1, 4, 2, 3, 4, 4, 4, 2, 3] [4, 7, 4, 6, 5, 5, 5, 6, 6, 6, 4, 7, 5, 6, 6, 4, 8, 7, 4, 8, 5, 6, 6, 5, 3, 7, 5, 8, 7, 3, 7, 4, 4, 5, 5, 8, 5, 5, 6, 7, 4, 5, 6, 4, 4, 5, 7, 7, 6, 7, 4, 6, 6, 4, 8, 5, 6, 6, 4, 4, 5, 6, 5, 3, 7, 8, 8, 6, 4, 8, 5, 4, 7, 6, 6, 6, 6, 8, 6, 6]
B_5 22.15 B 45 [3, 4, 4, 4, 4, 3, 4, 3, 3, 1, 2, 4, 3, 1, 4, 4, 1, 2, 3, 1, 1, 2, 2, 4, 4, 3, 2, 1, 2, 4, 2, 3, 3, 3, 4, 3, 4, 3, 3, 2, 3, 1, 3, 2, 3, 4, 1, 4, 3, 2, 2, 3, 3, 2, 1, 1, 2, 2, 1, 3, 3, 3, 4, 4, 4, 1, 2, 4, 2, 1, 3, 4, 1, 2, 2, 3, 4, 2, 2, 3] [6, 8, 6, 6, 6, 5, 8, 6, 5, 4, 6, 6, 5, 3, 8, 6, 5, 5, 5, 4, 3, 4, 5, 7, 8, 7, 4, 5, 4, 6, 4, 6, 5, 7, 6, 6, 6, 6, 6, 4, 5, 5, 5, 4, 5, 8, 4, 7, 6, 6, 5, 5, 5, 5, 4, 4, 6, 6, 4, 6, 5, 6, 6, 8, 6, 5, 6, 7, 4, 5, 5, 6, 3, 6, 5, 7, 7, 4, 4, 7]
B_6 23.15 B 46 [3, 3, 3, 1, 2, 2, 3, 2, 1, 1, 1, 2, 2, 4, 4, 4, 3, 3, 1, 2, 1, 2, 2, 3, 1, 1, 1, 4, 2, 1, 1, 1, 2, 3, 4, 4, 1, 3, 1, 2, 1, 1, 4, 2, 4, 1, 2, 1, 2, 2, 3, 1, 2, 3, 2, 2, 2, 2, 3, 2, 2, 3, 3, 1, 4, 3, 1, 2, 1, 1, 4, 2, 1, 3, 1, 1, 1, 3, 3, 4] [5, 6, 5, 5, 5, 5, 6, 4, 3, 5, 4, 5, 4, 7, 8, 8, 7, 5, 5, 6, 3, 4, 5, 6, 4, 3, 5, 7, 6, 4, 5, 4, 6, 6, 7, 6, 3, 7, 5, 5, 5, 5, 8, 6, 7, 4, 4, 4, 4, 4, 7, 4, 5, 5, 6, 6, 5, 6, 5, 5, 6, 5, 6, 5, 8, 6, 3, 6, 3, 3, 8, 5, 3, 5, 3, 5, 3, 5, 5, 7]
B_7 26.2 B 47 [3, 3, 3, 2, 1, 4, 4, 1, 1, 1, 4, 2, 2, 3, 4, 2, 4, 3, 2, 2, 1, 1, 4, 3, 4, 3, 1, 2, 4, 4, 4, 4, 1, 2, 3, 3, 4, 4, 3, 4, 4, 1, 2, 1, 3, 4, 1, 3, 4, 2, 4, 2, 3, 1, 3, 3, 4, 4, 4, 2, 2, 1, 3, 4, 3, 3, 2, 1, 4, 4, 2, 2, 4, 4, 2, 1, 2, 2, 4, 2] [7, 7, 5, 4, 5, 8, 6, 3, 4, 4, 8, 4, 5, 7, 8, 5, 6, 5, 5, 5, 3, 5, 6, 5, 8, 7, 3, 6, 8, 7, 6, 7, 5, 6, 5, 5, 8, 7, 7, 7, 6, 4, 5, 4, 7, 7, 4, 7, 6, 4, 8, 5, 6, 4, 7, 5, 7, 7, 7, 4, 6, 5, 6, 8, 6, 7, 5, 5, 6, 6, 5, 6, 8, 8, 5, 5, 6, 6, 8, 6]
B_8 35.46 B 48 [4, 1, 1, 2, 2, 3, 1, 1, 2, 2, 4, 4, 3, 4, 1, 1, 4, 3, 4, 1, 1, 4, 3, 4, 3, 2, 2, 1, 2, 4, 3, 3, 4, 2, 1, 1, 3, 2, 2, 1, 3, 1, 4, 2, 4, 3, 2, 4, 2, 2, 1, 1, 1, 3, 2, 1, 1, 2, 3, 3, 2, 4, 4, 4, 3, 4, 4, 2, 2, 3, 1, 3, 3, 3, 2, 1, 1, 1, 2, 3] [7, 4, 5, 6, 6, 7, 4, 3, 4, 5, 6, 7, 6, 8, 4, 5, 6, 7, 6, 3, 5, 8, 7, 7, 5, 5, 5, 5, 4, 7, 5, 5, 7, 5, 4, 4, 5, 5, 4, 4, 5, 4, 6, 5, 6, 6, 4, 6, 5, 4, 5, 5, 3, 5, 5, 4, 5, 4, 7, 7, 6, 7, 6, 7, 6, 6, 6, 5, 6, 7, 3, 6, 5, 6, 4, 3, 3, 4, 4, 6]
B_9 40.77 B 49 [1, 1, 1, 2, 3, 3, 3, 3, 4, 4, 1, 1, 4, 3, 2, 1, 3, 4, 4, 3, 4, 3, 4, 3, 3, 2, 1, 3, 1, 1, 2, 1, 3, 4, 3, 2, 4, 4, 2, 1, 4, 2, 3, 2, 3, 2, 2, 2, 2, 1, 4, 3, 2, 4, 2, 4, 2, 1, 4, 1, 1, 3, 1, 1, 4, 4, 1, 1, 2, 3, 4, 2, 1, 4, 1, 4, 1, 1, 4, 3] [3, 4, 3, 4, 6, 7, 7, 5, 6, 8, 3, 4, 6, 7, 4, 5, 6, 8, 6, 5, 8, 6, 6, 6, 6, 5, 5, 5, 5, 4, 6, 3, 5, 7, 7, 5, 6, 8, 5, 4, 7, 4, 7, 4, 7, 6, 4, 4, 4, 3, 8, 6, 5, 6, 6, 7, 4, 3, 6, 5, 5, 6, 3, 4, 7, 8, 5, 4, 5, 6, 6, 6, 5, 6, 4, 8, 5, 3, 6, 5]
B_10 44.910000000000004 B 50 [4, 4, 4, 4, 4, 2, 4, 2, 3, 1, 4, 1, 1, 1, 3, 1, 1, 4, 4, 2, 4, 3, 1, 2, 4, 3, 3, 4, 3, 3, 2, 3, 1, 4, 4, 1, 4, 4, 4, 4, 1, 3, 3, 4, 1, 2, 3, 4, 1, 4, 2, 2, 3, 3, 1, 1, 1, 2, 3, 2, 1, 3, 3, 3, 4, 3, 4, 2, 3, 1, 4, 2, 2, 1, 2, 1, 1, 2, 1, 3] [6, 8, 6, 6, 8, 6, 6, 6, 7, 4, 7, 4, 5, 3, 7, 3, 3, 8, 8, 6, 6, 7, 5, 4, 8, 5, 7, 6, 7, 5, 4, 5, 4, 6, 6, 3, 8, 8, 6, 8, 5, 5, 7, 8, 4, 5, 7, 8, 5, 8, 4, 5, 6, 6, 5, 4, 4, 6, 6, 4, 3, 6, 5, 5, 8, 5, 7, 4, 6, 3, 6, 4, 6, 3, 6, 5, 5, 6, 3, 7]
B_11 46.89 B 51 [4, 1, 4, 4, 3, 3, 4, 4, 4, 3, 4, 2, 3, 1, 1, 2, 2, 1, 1, 3, 2, 1, 2, 4, 1, 4, 3, 3, 1, 4, 3, 1, 4, 2, 4, 4, 1, 3, 2, 1, 1, 1, 1, 4, 4, 3, 1, 2, 1, 3, 2, 3, 1, 2, 2, 3, 2, 4, 2, 1, 1, 3, 4, 2, 1, 1, 4, 4, 2, 1, 1, 2, 3, 1, 4, 2, 1, 3, 2, 2] [7, 3, 6, 7, 5, 5, 7, 6, 6, 7, 7, 6, 5, 3, 4, 5, 5, 3, 5, 6, 5, 3, 6, 8, 4, 7, 7, 5, 4, 6, 6, 4, 8, 5, 8, 7, 3, 7, 5, 4, 4, 3, 3, 7, 6, 5, 4, 5, 5, 6, 5, 7, 5, 6, 4, 6, 5, 8, 5, 4, 5, 6, 6, 5, 3, 5, 7, 8, 6, 5, 3, 4, 7, 4, 7, 6, 3, 7, 5, 4]
B_12 48.87 B 52 [3, 1, 2, 1, 2, 1, 4, 3, 2, 1, 2, 2, 1, 2, 3, 2, 1, 3, 2, 2, 4, 4, 2, 4, 2, 4, 1, 2, 2, 1, 1, 1, 2, 3, 4, 3, 2, 1, 3, 2, 4, 2, 3, 3, 2, 3, 2, 3, 1, 2, 3, 1, 1, 3, 3, 2, 3, 1, 4, 1, 1, 4, 4, 3, 3, 1, 3, 3, 3, 1, 3, 2, 1, 2, 1, 3, 4, 4, 1, 4] [5, 5, 6, 4, 4, 3, 7, 5, 6, 3, 4, 5, 3, 4, 5, 6, 4, 6, 4, 5, 7, 6, 6, 6, 4, 8, 4, 4, 4, 4, 4, 3, 5, 6, 7, 7, 4, 5, 5, 4, 7, 4, 7, 7, 6, 5, 5, 6, 3, 5, 6, 5, 5, 7, 7, 4, 5, 5, 6, 4, 4, 6, 6, 7, 6, 5, 5, 6, 6, 3, 7, 4, 4, 4, 5, 5, 6, 6, 3, 8]
B_13 50.29 B 53 [3, 1, 3, 1, 3, 1, 1, 3, 3, 3, 1, 2, 4, 1, 2, 4, 4, 4, 1, 4, 2, 4, 1, 4, 3, 1, 3, 2, 3, 3, 2, 3, 2, 4, 1, 1, 2, 4, 1, 4, 3, 1, 3, 4, 1, 2, 3, 1, 3, 4, 3, 2, 3, 2, 3, 1, 3, 3, 4, 1, 2, 4, 2, 2, 1, 1, 1, 1, 1, 3, 1, 2, 4, 1, 3, 4, 2, 2, 1, 1] [7, 4, 5, 5, 7, 3, 5, 5, 5, 5, 5, 4, 6, 5, 5, 8, 7, 6, 5, 6, 6, 8, 4, 7, 6, 5, 5, 6, 7, 7, 5, 7, 6, 8, 3, 5, 4, 7, 4, 8, 6, 4, 7, 7, 4, 5, 5, 4, 5, 6, 6, 6, 7, 5, 7, 4, 6, 7, 7, 5, 4, 8, 5, 5, 4, 5, 4, 4, 5, 7, 3, 4, 8, 5, 7, 6, 4, 4, 5, 5]
B_14 51.29 B 54 [1, 2, 4, 4, 1, 2, 4, 3, 4, 4, 4, 4, 4, 4, 2, 4, 1, 1, 1, 1, 2, 1, 1, 2, 3, 4, 3, 1, 2, 3, 1, 3, 3, 3, 2, 1, 1, 3, 4, 3, 1, 4, 3, 4, 4, 1, 2, 3, 2, 2, 1, 2, 3, 3, 4, 3, 2, 1, 3, 4, 1, 1, 3, 3, 4, 2, 4, 3, 4, 4, 2, 2, 1, 1, 2, 2, 2, 1, 4, 1] [5, 4, 6, 8, 4, 6, 7, 7, 7, 8, 6, 7, 7, 7, 5, 7, 4, 3, 3, 5, 6, 4, 4, 6, 5, 8, 7, 3, 6, 6, 5, 5, 7, 7, 4, 3, 5, 5, 6, 7, 3, 8, 5, 6, 8, 4, 6, 7, 5, 6, 5, 4, 7, 7, 6, 5, 6, 4, 5, 6, 3, 5, 7, 7, 8, 6, 6, 7, 7, 8, 5, 6, 5, 3, 6, 4, 6, 4, 8, 5]
B_15 53.21 B 55 [2, 4, 3, 1, 2, 1, 3, 3, 2, 1, 3, 2, 3, 3, 3, 3, 4, 1, 3, 4, 1, 3, 3, 2, 2, 3, 1, 2, 2, 4, 1, 1, 4, 3, 2, 1, 2, 3, 1, 1, 3, 1, 3, 4, 1, 1, 2, 3, 1, 4, 1, 3, 2, 1, 3, 3, 3, 1, 4, 1, 1, 2, 1, 2, 3, 2, 1, 4, 2, 4, 2, 1, 3, 1, 1, 3, 4, 3, 1, 2] [4, 8, 6, 3, 5, 4, 7, 6, 4, 5, 5, 6, 5, 7, 7, 6, 6, 4, 5, 6, 3, 5, 7, 6, 4, 6, 3, 5, 5, 7, 4, 5, 8, 7, 5, 5, 5, 5, 5, 3, 6, 3, 6, 7, 5, 4, 6, 5, 4, 7, 4, 6, 4, 4, 5, 6, 7, 4, 6, 5, 4, 6, 5, 5, 6, 4, 4, 6, 4, 6, 4, 3, 6, 3, 3, 6, 6, 6, 5, 4]
B_16 54.32 B 56 [2, 1, 4, 1, 3, 4, 2, 2, 4, 1, 3, 1, 4, 4, 2, 4, 1, 2, 3, 4, 3, 2, 1, 2, 3, 3, 3, 4, 1, 2, 2, 1, 2, 4, 4, 3, 2, 2, 1, 1, 1, 3, 3, 4, 2, 2, 2, 4, 1, 2, 1, 2, 3, 3, 2, 3, 1, 4, 2, 3, 1, 4, 4, 3, 2, 2, 1, 2, 2, 3, 3, 4, 1, 2, 2, 1, 1, 3, 2, 3] [5, 5, 8, 4, 7, 6, 4, 4, 7, 4, 6, 3, 7, 8, 5, 6, 5, 4, 6, 6, 7, 5, 3, 4, 5, 6, 7, 8, 5, 6, 4, 3, 4, 6, 7, 7, 4, 4, 4, 5, 5, 5, 6, 8, 6, 6, 5, 7, 5, 4, 4, 5, 5, 6, 6, 7, 4, 7, 4, 7, 4, 8, 7, 6, 4, 4, 5, 5, 6, 5, 5, 8, 3, 4, 6, 3, 3, 7, 6, 7]
B_17 55.32 B 57 [1, 2, 2, 2, 1, 1, 1, 3, 1, 4, 3, 3, 4, 2, 2, 1, 3, 3, 4, 4, 1, 1, 4, 3, 1, 1, 2, 3, 2, 2, 1, 4, 4, 3, 1, 1, 3, 3, 2, 3, 3, 2, 2, 1, 4, 2, 2, 4, 2, 1, 2, 4, 1, 3, 1, 1, 4, 4, 3, 4, 1, 2, 1, 4, 2, 1, 2, 1, 1, 3, 2, 4, 1, 2, 1, 1, 2, 4, 2, 3] [4, 5, 5, 5, 5, 3, 5, 7, 4, 7, 7, 5, 6, 6, 6, 3, 5, 6, 6, 6, 3, 4, 7, 7, 4, 4, 4, 5, 4, 6, 3, 7, 8, 6, 5, 5, 6, 6, 4, 7, 6, 5, 5, 5, 6, 6, 6, 7, 4, 3, 6, 8, 5, 7, 4, 4, 7, 6, 7, 7, 5, 6, 4, 7, 5, 5, 6, 4, 3, 5, 6, 6, 4, 6, 4, 5, 5, 8, 4, 5]
B_18 56.32 B 58 [1, 4, 1, 3, 4, 4, 3, 1, 2, 1, 3, 4, 1, 4, 4, 2, 1, 1, 3, 2, 3, 3, 3, 3, 2, 4, 1, 2, 4, 1, 3, 2, 2, 3, 2, 3, 2, 1, 3, 3, 2, 3, 2, 2, 2, 1, 3, 4, 3, 4, 3, 2, 4, 4, 3, 4, 2, 3, 1, 1, 4, 2, 1, 3, 2, 2, 1, 3, 3, 1, 1, 2, 3, 4, 4, 4, 4, 1, 2, 2] [5, 8, 3, 6, 6, 7, 5, 4, 5, 4, 5, 8, 4, 8, 6, 4, 4, 4, 5, 5, 5, 7, 6, 7, 6, 8, 4, 4, 6, 5, 6, 4, 5, 6, 5, 5, 4, 5, 6, 5, 4, 7, 5, 4, 4, 4, 5, 7, 7, 6, 6, 5, 6, 7, 5, 6, 4, 7, 3, 3, 8, 4, 3, 7, 4, 5, 3, 5, 6, 5, 5, 5, 5, 6, 8, 7, 8, 5, 5, 6]
B_19 64.48 B 59 [3, 1, 4, 1, 1, 3, 3, 1, 3, 2, 3, 1, 4, 4, 3, 2, 4, 2, 1, 3, 4, 3, 1, 3, 1, 3, 2, 2, 4, 3, 2, 4, 2, 4, 2, 3, 2, 4, 3, 2, 1, 3, 3, 2, 1, 3, 2, 2, 3, 1, 2, 1, 1, 1, 4, 1, 3, 4, 1, 3, 1, 3, 2, 1, 2, 4, 1, 4, 2, 1, 2, 2, 4, 1, 2, 3, 4, 1, 4, 3] [6, 4, 8, 4, 3, 7, 6, 5, 7, 5, 6, 3, 6, 8, 6, 4, 7, 5, 3, 6, 6, 6, 5, 6, 3, 7, 6, 5, 6, 6, 5, 8, 4, 7, 4, 7, 6, 8, 7, 4, 4, 7, 7, 6, 4, 6, 5, 4, 7, 5, 4, 4, 4, 5, 6, 5, 7, 7, 3, 6, 5, 5, 6, 4, 5, 8, 4, 6, 5, 4, 6, 6, 7, 5, 6, 6, 8, 4, 7, 6]
B_20 65.68 B 60 [3, 4, 1, 2, 2, 1, 3, 4, 1, 3, 3, 2, 4, 3, 4, 1, 1, 2, 4, 2, 2, 1, 1, 4, 1, 4, 2, 2, 1, 2, 3, 4, 3, 4, 3, 3, 1, 1, 2, 2, 1, 1, 1, 3, 1, 3, 2, 2, 2, 1, 1, 1, 1, 2, 1, 1, 1, 1, 4, 1, 3, 4, 2, 2, 2, 1, 1, 2, 2, 2, 3, 4, 1, 2, 1, 3, 3, 2, 1, 2] [5, 8, 5, 4, 5, 3, 7, 8, 5, 5, 7, 6, 7, 6, 6, 5, 5, 5, 6, 5, 5, 3, 4, 8, 3, 8, 6, 6, 4, 6, 6, 8, 5, 8, 7, 6, 3, 5, 5, 5, 3, 4, 4, 7, 5, 5, 6, 6, 6, 5, 3, 5, 4, 4, 3, 4, 4, 5, 8, 5, 5, 8, 6, 6, 5, 5, 3, 5, 5, 4, 5, 8, 5, 4, 4, 6, 7, 5, 3, 4]
B_21 70.89 B 61 [2, 4, 3, 1, 1, 1, 3, 4, 4, 3, 1, 3, 4, 1, 3, 2, 1, 3, 4, 4, 1, 1, 3, 3, 4, 4, 2, 2, 2, 4, 1, 2, 2, 1, 2, 3, 1, 3, 3, 2, 3, 1, 3, 3, 3, 3, 3, 1, 4, 3, 3, 3, 4, 4, 1, 2, 4, 2, 2, 3, 4, 1, 4, 3, 1, 2, 1, 2, 2, 4, 2, 2, 1, 1, 1, 4, 4, 3, 1, 4] [5, 7, 5, 3, 4, 5, 5, 7, 7, 7, 3, 7, 7, 5, 5, 6, 5, 6, 8, 6, 3, 4, 5, 7, 6, 7, 5, 5, 5, 6, 3, 4, 6, 5, 5, 6, 4, 6, 5, 6, 7, 5, 5, 5, 6, 6, 5, 5, 7, 6, 6, 6, 6, 8, 5, 6, 8, 6, 4, 5, 8, 5, 8, 7, 3, 4, 5, 4, 6, 8, 6, 4, 4, 3, 4, 8, 7, 5, 5, 7]
B_22 71.89 B 62 [2, 2, 2, 2, 2, 3, 4, 1, 3, 3, 4, 1, 2, 3, 3, 4, 1, 1, 4, 3, 1, 3, 1, 3, 3, 4, 2, 2, 3, 3, 1, 3, 4, 2, 1, 4, 2, 3, 1, 2, 2, 4, 1, 1, 3, 4, 3, 3, 4, 1, 3, 4, 4, 2, 3, 1, 4, 1, 1, 2, 2, 4, 1, 2, 1, 3, 3, 1, 3, 4, 2, 1, 4, 1, 2, 2, 4, 4, 2, 2] [4, 5, 6, 5, 4, 7, 6, 3, 7, 5, 6, 5, 5, 7, 5, 6, 5, 4, 8, 6, 3, 7, 3, 7, 6, 8, 5, 4, 5, 6, 3, 7, 6, 4, 4, 6, 4, 6, 4, 5, 6, 7, 3, 5, 5, 6, 6, 6, 6, 3, 5, 6, 6, 5, 7, 5, 7, 4, 3, 6, 6, 8, 3, 5, 4, 7, 6, 4, 6, 8, 6, 4, 7, 5, 4, 6, 8, 8, 6, 4]
B_23 73.64 B 63 [3, 4, 4, 2, 2, 1, 1, 2, 2, 3, 2, 4, 1, 2, 3, 4, 4, 3, 4, 2, 4, 2, 3, 2, 1, 2, 3, 4, 3, 3, 1, 3, 2, 4, 2, 2, 4, 1, 4, 3, 1, 3, 1, 4, 1, 4, 1, 4, 4, 1, 3, 2, 3, 2, 3, 2, 3, 4, 3, 1, 2, 3, 2, 1, 3, 1, 2, 3, 1, 4, 1, 4, 2, 2, 3, 4, 1, 2, 2, 1] [5, 6, 7, 4, 4, 5, 3, 6, 5, 7, 5, 7, 4, 5, 6, 8, 7, 7, 7, 4, 8, 6, 6, 5, 5, 4, 7, 7, 7, 5, 3, 6, 4, 8, 6, 6, 6, 4, 7, 6, 3, 5, 4, 6, 3, 8, 5, 8, 7, 4, 5, 5, 7, 5, 7, 5, 6, 7, 7, 4, 6, 7, 5, 5, 5, 3, 4, 6, 5, 7, 5, 6, 5, 6, 7, 8, 3, 5, 4, 5]
B_24 74.64 B 64 [4, 2, 3, 3, 4, 4, 1, 1, 3, 3, 4, 3, 3, 2, 4, 3, 4, 2, 3, 4, 2, 1, 1, 2, 4, 4, 1, 3, 4, 1, 4, 3, 4, 2, 1, 4, 4, 4, 1, 2, 2, 3, 4, 2, 3, 4, 4, 3, 3, 4, 4, 1, 3, 1, 4, 3, 2, 2, 2, 2, 2, 1, 1, 3, 3, 1, 3, 4, 1, 1, 2, 2, 4, 2, 1, 2, 2, 3, 1, 4] [6, 4, 6, 6, 8, 7, 4, 3, 7, 5, 7, 6, 7, 4, 7, 6, 7, 4, 5, 8, 4, 3, 3, 6, 8, 8, 4, 5, 8, 4, 8, 5, 6, 5, 5, 6, 6, 8, 3, 6, 6, 6, 7, 6, 7, 6, 8, 6, 6, 7, 8, 3, 6, 4, 8, 6, 4, 5, 4, 5, 5, 3, 4, 5, 5, 3, 7, 8, 4, 5, 6, 6, 8, 6, 5, 4, 4, 5, 4, 7]
B_25 75.69 B 65 [3, 3, 4, 3, 4, 4, 4, 4, 2, 4, 2, 1, 2, 1, 1, 3, 2, 1, 2, 4, 2, 1, 4, 4, 1, 1, 3, 1, 3, 4, 2, 2, 3, 2, 4, 4, 4, 3, 4, 1, 1, 3, 3, 2, 4, 1, 3, 3, 4, 4, 3, 1, 1, 1, 2, 2, 2, 1, 2, 4, 1, 2, 3, 1, 1, 3, 1, 3, 3, 1, 3, 1, 2, 1, 3, 4, 2, 4, 1, 2] [7, 7, 8, 5, 8, 8, 6, 6, 4, 8, 5, 5, 5, 4, 3, 7, 6, 5, 5, 7, 5, 3, 7, 6, 3, 5, 7, 3, 7, 7, 6, 6, 5, 4, 8, 6, 7, 7, 7, 3, 3, 6, 5, 5, 8, 5, 6, 7, 6, 8, 5, 5, 5, 5, 6, 4, 4, 5, 5, 8, 5, 4, 7, 3, 3, 6, 3, 6, 6, 5, 7, 4, 4, 5, 7, 6, 4, 6, 4, 5]
B_26 76.69 B 66 [3, 4, 3, 4, 4, 4, 1, 3, 2, 4, 1, 1, 1, 3, 2, 2, 3, 3, 1, 2, 3, 3, 1, 2, 2, 3, 2, 3, 1, 2, 2, 3, 4, 2, 1, 1, 1, 1, 3, 2, 3, 1, 1, 1, 4, 2, 1, 2, 4, 1, 4, 4, 3, 1, 4, 1, 1, 2, 1, 1, 1, 1, 3, 2, 3, 1, 2, 4, 1, 3, 4, 2, 3, 1, 3, 1, 4, 1, 3, 4] [7, 7, 6, 8, 7, 8, 3, 5, 4, 6, 5, 5, 3, 5, 6, 6, 6, 6, 4, 5, 6, 6, 5, 5, 4, 5, 5, 6, 4, 6, 5, 5, 6, 5, 4, 4, 5, 4, 7, 5, 6, 5, 4, 3, 8, 6, 3, 5, 6, 5, 7, 7, 5, 4, 6, 4, 5, 6, 3, 4, 3, 5, 6, 4, 7, 3, 4, 6, 3, 6, 7, 4, 7, 3, 6, 3, 8, 5, 7, 7]
B_27 78.38 B 67 [2, 1, 3, 1, 2, 2, 4, 3, 1, 3, 2, 3, 2, 3, 4, 3, 1, 1, 1, 3, 4, 2, 3, 2, 4, 2, 4, 4, 1, 2, 1, 2, 4, 3, 2, 4, 1, 2, 2, 3, 3, 1, 3, 3, 4, 4, 2, 1, 2, 1, 2, 4, 3, 1, 3, 4, 2, 1, 3, 4, 2, 2, 1, 3, 4, 3, 4, 3, 2, 4, 4, 4, 2, 3, 1, 2, 2, 1, 1, 1] [4, 3, 5, 5, 5, 6, 6, 5, 5, 7, 4, 5, 4, 7, 8, 5, 5, 4, 3, 5, 7, 6, 7, 6, 7, 6, 8, 7, 5, 5, 5, 5, 6, 7, 6, 8, 4, 6, 5, 5, 6, 5, 6, 6, 6, 7, 6, 5, 5, 4, 4, 8, 6, 4, 7, 6, 5, 4, 5, 6, 5, 4, 4, 6, 8, 6, 6, 7, 5, 8, 8, 6, 4, 5, 4, 6, 5, 5, 5, 5]
B_28 79.38 B 68 [2, 4, 2, 1, 4, 1, 1, 2, 4, 4, 3, 1, 3, 3, 2, 4, 1, 4, 2, 1, 1, 2, 3, 3, 4, 1, 1, 2, 2, 1, 1, 4, 1, 3, 4, 4, 1, 4, 4, 2, 1, 1, 4, 4, 2, 2, 1, 4, 2, 2, 3, 2, 3, 1, 4, 2, 2, 1, 3, 2, 2, 2, 3, 1, 1, 3, 1, 2, 2, 2, 3, 1, 3, 2, 1, 3, 2, 3, 2, 3] [4, 8, 6, 5, 8, 3, 3, 5, 7, 7, 7, 4, 7, 5, 6, 8, 4, 6, 4, 5, 3, 6, 5, 6, 8, 5, 5, 6, 4, 3, 3, 8, 4, 7, 6, 6, 5, 6, 7, 6, 3, 3, 8, 7, 4, 4, 3, 6, 6, 5, 6, 6, 6, 5, 7, 4, 6, 3, 6, 5, 5, 6, 6, 5, 4, 6, 3, 5, 4, 6, 5, 5, 6, 5, 3, 5, 4, 6, 5, 5]
B_29 80.38 B 69 [3, 2, 3, 3, 2, 2, 1, 1, 3, 3, 2, 2, 2, 4, 2, 4, 4, 4, 4, 1, 3, 3, 3, 1, 3, 2, 1, 1, 2, 1, 1, 3, 4, 2, 4, 1, 1, 1, 4, 2, 1, 3, 1, 3, 4, 1, 1, 4, 3, 3, 1, 1, 1, 3, 4, 4, 3, 3, 1, 1, 2, 4, 4, 4, 1, 1, 3, 4, 2, 1, 4, 3, 4, 2, 2, 2, 4, 3, 1, 1] [5, 6, 6, 5, 5, 4, 3, 5, 5, 5, 6, 5, 5, 8, 6, 8, 7, 7, 6, 4, 5, 7, 6, 4, 5, 5, 4, 4, 6, 3, 4, 7, 6, 4, 7, 5, 4, 4, 7, 6, 5, 7, 4, 6, 8, 5, 3, 6, 7, 6, 3, 5, 3, 7, 8, 6, 5, 5, 5, 4, 4, 8, 8, 7, 5, 5, 6, 8, 6, 4, 6, 7, 7, 6, 6, 4, 8, 6, 4, 3]
B_30 82.47999999999999 B 70 [4, 4, 4, 4, 3, 4, 4, 3, 4, 4, 4, 1, 2, 1, 1, 3, 3, 4, 4, 2, 2, 4, 2, 1, 2, 3, 1, 3, 3, 3, 1, 2, 2, 3, 3, 3, 2, 2, 4, 4, 2, 2, 3, 1, 3, 3, 4, 2, 1, 4, 4, 1, 3, 1, 2, 2, 3, 2, 1, 2, 3, 2, 2, 1, 2, 3, 4, 4, 3, 4, 3, 3, 2, 3, 4, 1, 1, 2, 3, 4] [7, 6, 8, 8, 6, 7, 7, 6, 7, 6, 8, 4, 4, 5, 3, 6, 7, 7, 6, 4, 6, 7, 4, 3, 4, 6, 4, 6, 6, 5, 4, 5, 5, 6, 7, 5, 5, 4, 8, 6, 6, 4, 6, 3, 5, 5, 8, 5, 3, 6, 6, 3, 7, 3, 5, 4, 5, 6, 5, 6, 5, 6, 6, 5, 6, 7, 7, 8, 5, 6, 6, 5, 6, 5, 8, 4, 5, 4, 7, 7]
B_31 83.47999999999999 B 71 [2, 3, 1, 1, 2, 1, 2, 1, 3, 4, 2, 3, 4, 2, 2, 1, 1, 2, 2, 1, 2, 3, 1, 1, 3, 3, 4, 2, 1, 3, 1, 2, 1, 4, 1, 3, 1, 2, 1, 1, 1, 4, 2, 3, 1, 4, 2, 2, 3, 2, 2, 2, 2, 2, 2, 1, 4, 4, 2, 2, 4, 2, 1, 4, 2, 1, 2, 4, 1, 3, 3, 3, 4, 2, 3, 1, 2, 1, 3, 4] [6, 5, 4, 5, 6, 5, 6, 4, 7, 7, 5, 7, 7, 6, 6, 5, 5, 6, 4, 5, 6, 7, 5, 3, 6, 6, 8, 5, 5, 5, 5, 4, 5, 7, 5, 5, 3, 4, 5, 5, 4, 6, 6, 6, 4, 6, 5, 6, 6, 6, 4, 4, 4, 4, 6, 3, 8, 6, 5, 6, 8, 4, 4, 6, 6, 4, 4, 6, 5, 7, 5, 7, 6, 5, 7, 3, 6, 4, 5, 8]
B_32 85.66 B 72 [4, 1, 3, 2, 4, 2, 1, 3, 4, 1, 4, 2, 2, 3, 3, 3, 2, 3, 2, 4, 3, 4, 4, 3, 3, 4, 4, 4, 4, 3, 4, 2, 2, 4, 2, 2, 4, 3, 3, 1, 3, 1, 4, 1, 4, 1, 1, 4, 3, 1, 2, 3, 1, 4, 1, 3, 1, 1, 3, 4, 1, 1, 4, 2, 4, 2, 3, 2, 3, 4, 2, 4, 1, 4, 2, 4, 3, 4, 1, 4] [6, 4, 5, 4, 8, 6, 5, 7, 6, 5, 7, 5, 6, 6, 6, 7, 6, 7, 6, 7, 5, 7, 6, 5, 6, 6, 6, 6, 8, 7, 7, 4, 5, 8, 5, 4, 7, 7, 7, 3, 7, 4, 8, 4, 7, 3, 3, 8, 5, 5, 6, 7, 4, 8, 5, 6, 3, 4, 5, 7, 5, 4, 7, 5, 8, 4, 7, 4, 6, 7, 6, 6, 5, 7, 4, 7, 7, 8, 3, 7]
B_33 86.67 B 73 [1, 2, 4, 1, 2, 2, 3, 2, 4, 3, 4, 3, 4, 2, 2, 2, 4, 2, 4, 4, 3, 2, 1, 4, 2, 3, 4, 3, 3, 4, 1, 3, 3, 3, 1, 3, 2, 2, 2, 3, 2, 3, 1, 1, 2, 2, 3, 4, 3, 4, 1, 1, 2, 1, 1, 1, 2, 2, 4, 1, 2, 1, 1, 2, 2, 1, 1, 3, 2, 2, 3, 2, 4, 4, 1, 2, 3, 1, 3, 1] [3, 4, 8, 5, 6, 4, 5, 4, 8, 6, 7, 6, 8, 4, 5, 4, 7, 5, 6, 8, 5, 5, 5, 7, 4, 5, 7, 6, 6, 8, 4, 5, 5, 5, 5, 7, 5, 5, 4, 5, 6, 7, 4, 4, 6, 6, 5, 8, 6, 6, 3, 4, 4, 5, 3, 3, 4, 6, 6, 5, 4, 3, 5, 6, 6, 5, 3, 5, 5, 6, 5, 5, 7, 7, 3, 4, 7, 3, 6, 5]
B_34 89.49 B 74 [2, 1, 2, 4, 4, 3, 2, 3, 3, 1, 2, 2, 3, 2, 1, 4, 2, 3, 3, 1, 4, 4, 1, 2, 1, 1, 2, 2, 3, 3, 1, 3, 4, 3, 3, 1, 4, 1, 4, 4, 4, 3, 4, 1, 3, 2, 1, 2, 2, 1, 2, 4, 1, 3, 2, 1, 2, 1, 4, 2, 1, 1, 2, 3, 1, 3, 3, 1, 1, 2, 4, 3, 2, 1, 1, 4, 2, 2, 1, 4] [6, 4, 6, 8, 6, 7, 5, 6, 5, 3, 5, 5, 7, 4, 4, 8, 6, 5, 6, 3, 7, 7, 4, 6, 4, 3, 6, 4, 5, 5, 5, 7, 8, 7, 6, 3, 6, 4, 6, 7, 7, 5, 7, 4, 6, 5, 3, 5, 4, 4, 6, 7, 5, 7, 6, 3, 6, 4, 8, 6, 4, 4, 4, 7, 5, 7, 6, 4, 3, 6, 8, 7, 4, 3, 4, 7, 6, 6, 4, 6]
B_35 95.88 B 75 [2, 1, 4, 2, 3, 4, 1, 1, 4, 4, 4, 1, 4, 4, 4, 4, 4, 2, 3, 4, 4, 1, 2, 3, 3, 2, 1, 3, 2, 3, 1, 2, 1, 2, 1, 3, 4, 1, 4, 4, 2, 1, 1, 3, 4, 3, 1, 1, 1, 4, 1, 2, 3, 4, 2, 3, 1, 1, 4, 3, 3, 4, 2, 4, 2, 4, 1, 2, 3, 2, 1, 1, 4, 2, 4, 4, 2, 1, 2, 4] [4, 4, 7, 5, 5, 6, 4, 5, 6, 7, 6, 3, 8, 7, 8, 7, 7, 4, 7, 6, 8, 3, 6, 7, 5, 6, 4, 7, 6, 6, 4, 5, 5, 6, 5, 7, 7, 4, 7, 7, 6, 3, 4, 5, 6, 7, 5, 5, 3, 8, 5, 6, 5, 6, 4, 6, 3, 5, 7, 6, 6, 8, 6, 8, 4, 6, 3, 6, 5, 4, 4, 3, 7, 4, 7, 6, 6, 5, 6, 8]
B_36 97.66 B 76 [2, 2, 2, 3, 1, 2, 3, 1, 1, 3, 1, 4, 3, 1, 4, 4, 2, 1, 3, 4, 4, 4, 3, 3, 3, 3, 1, 2, 3, 3, 3, 4, 4, 2, 3, 2, 1, 1, 3, 2, 3, 2, 3, 4, 4, 4, 1, 2, 1, 1, 1, 1, 4, 2, 2, 4, 1, 2, 4, 4, 3, 4, 4, 1, 2, 2, 4, 2, 2, 4, 1, 2, 3, 3, 2, 2, 1, 3, 2, 4] [5, 6, 5, 5, 3, 4, 7, 4, 5, 5, 4, 7, 7, 3, 8, 6, 6, 5, 5, 6, 7, 6, 5, 6, 7, 7, 4, 6, 6, 5, 5, 8, 8, 4, 6, 4, 3, 5, 6, 4, 6, 4, 6, 6, 6, 7, 3, 6, 3, 5, 5, 3, 6, 4, 6, 6, 3, 5, 8, 8, 7, 7, 8, 3, 4, 4, 8, 5, 4, 8, 5, 6, 7, 7, 6, 6, 3, 5, 4, 8]
B_37 100.86 B 77 [1, 4, 2, 4, 3, 1, 2, 4, 3, 3, 3, 1, 4, 4, 4, 1, 2, 1, 1, 1, 1, 1, 2, 2, 3, 1, 2, 4, 4, 4, 2, 1, 2, 2, 2, 4, 3, 4, 4, 4, 2, 4, 4, 4, 4, 2, 3, 2, 1, 1, 2, 3, 4, 2, 1, 3, 3, 4, 1, 1, 2, 3, 4, 2, 3, 4, 1, 1, 3, 3, 2, 1, 4, 1, 2, 1, 3, 1, 3, 3] [4, 8, 6, 7, 6, 4, 5, 7, 7, 7, 5, 4, 8, 6, 8, 5, 4, 3, 5, 5, 4, 3, 4, 6, 6, 4, 4, 8, 6, 8, 4, 3, 4, 6, 4, 6, 5, 6, 7, 8, 6, 8, 6, 8, 8, 4, 5, 6, 4, 3, 6, 7, 6, 4, 4, 6, 7, 8, 5, 4, 5, 5, 8, 5, 5, 6, 5, 5, 6, 6, 4, 4, 8, 3, 6, 5, 5, 5, 6, 5]
B_38 103.92999999999999 B 78 [3, 3, 4, 1, 4, 1, 2, 2, 2, 1, 4, 4, 2, 3, 3, 4, 2, 1, 1, 1, 4, 1, 4, 4, 4, 2, 4, 3, 2, 1, 2, 1, 4, 3, 2, 1, 4, 1, 1, 4, 3, 2, 4, 3, 2, 2, 3, 4, 2, 4, 1, 2, 1, 1, 4, 1, 2, 2, 2, 4, 1, 1, 2, 2, 1, 1, 3, 1, 2, 1, 3, 3, 1, 3, 1, 2, 2, 3, 2, 3] [6, 6, 7, 3, 6, 4, 5, 6, 6, 3, 7, 8, 5, 5, 6, 8, 5, 3, 3, 4, 7, 3, 6, 6, 8, 6, 6, 7, 6, 5, 5, 4, 7, 7, 6, 5, 8, 5, 3, 8, 7, 6, 7, 6, 6, 4, 5, 8, 4, 6, 3, 5, 3, 5, 8, 5, 6, 4, 5, 7, 3, 5, 6, 4, 4, 4, 7, 5, 5, 4, 7, 5, 3, 6, 4, 6, 4, 6, 5, 5]
B_39 105.99999999999999 B 79 [4, 4, 3, 4, 3, 3, 4, 4, 1, 1, 1, 4, 1, 3, 1, 3, 3, 1, 1, 2, 4, 1, 4, 2, 1, 3, 1, 4, 1, 3, 1, 1, 2, 4, 1, 2, 2, 3, 3, 3, 4, 2, 4, 4, 3, 3, 4, 2, 3, 3, 3, 2, 4, 1, 1, 2, 3, 3, 2, 3, 2, 4, 2, 1, 4, 2, 4, 1, 3, 1, 4, 4, 4, 1, 4, 4, 4, 3, 3, 4] [6, 7, 7, 8, 5, 6, 6, 7, 3, 5, 5, 7, 5, 7, 3, 6, 6, 5, 5, 4, 7, 3, 8, 6, 4, 6, 5, 7, 4, 6, 3, 3, 4, 7, 5, 4, 4, 5, 7, 6, 8, 6, 7, 6, 6, 7, 7, 6, 6, 5, 7, 4, 8, 5, 5, 4, 7, 5, 6, 6, 4, 7, 4, 5, 7, 5, 7, 5, 5, 3, 7, 8, 7, 5, 6, 8, 8, 5, 5, 6]
