A_0 6.87 A 0 [3, 3, 4, 4, 1, 4, 2, 3, 1, 1, 3, 1, 3, 4, 3, 1, 4, 4, 4, 3, 3, 3, 4, 2, 3, 1, 1, 1, 3, 4, 4, 3, 3, 4, 1, 2, 1, 3, 1, 2, 4, 3, 3, 2, 2, 1, 4, 4, 2, 3, 2, 2, 2, 4, 3, 4, 4, 4, 4, 4, 1, 4, 2, 4, 3, 2, 1, 1, 2, 4, 2, 4, 1, 2, 4, 2, 1, 1, 3, 4] [6, 6, 8, 7, 4, 7, 6, 6, 4, 5, 5, 3, 6, 6, 5, 5, 7, 6, 7, 5, 5, 5, 6, 5, 6, 4, 3, 3, 6, 7, 7, 5, 5, 6, 4, 4, 3, 5, 5, 6, 8, 7, 5, 5, 4, 4, 8, 6, 6, 6, 6, 4, 5, 8, 6, 7, 6, 8, 8, 6, 4, 7, 4, 8, 5, 4, 3, 3, 6, 6, 5, 6, 3, 4, 6, 5, 3, 3, 7, 6]
A_1 9.25 A 1 [3, 2, 4, 1, 3, 1, 3, 3, 1, 4, 2, 4, 2, 3, 2, 2, 3, 1, 3, 2, 1, 1, 4, 1, 1, 4, 2, 3, 4, 1, 4, 4, 4, 1, 3, 2, 1, 1, 1, 2, 4, 3, 1, 1, 4, 4, 2, 2, 2, 3, 1, 2, 3, 4, 3, 2, 1, 1, 2, 1, 1, 1, 4, 3, 3, 1, 4, 2, 2, 1, 2, 4, 1, 4, 4, 2, 3, 4, 2, 4] [6, 5, 7, 4, 7, 3, 5, 6, 4, 6, 4, 6, 6, 5, 6, 6, 6, 4, 6, 4, 4, 5, 7, 5, 4, 7, 4, 6, 6, 3, 7, 7, 6, 4, 5, 6, 3, 5, 4, 5, 8, 5, 3, 3, 8, 6, 6, 4, 4, 6, 4, 6, 7, 7, 7, 4, 5, 4, 5, 5, 3, 4, 7, 6, 6, 4, 6, 4, 5, 4, 4, 8, 3, 6, 8, 5, 6, 6, 5, 6]
A_2 10.44 A 2 [4, 4, 3, 2, 4, 2, 1, 2, 2, 1, 1, 2, 2, 3, 2, 1, 4, 4, 2, 4, 3, 1, 3, 4, 3, 1, 3, 1, 4, 1, 4, 2, 1, 2, 3, 3, 2, 1, 2, 2, 3, 3, 2, 2, 4, 4, 1, 3, 3, 3, 1, 4, 3, 1, 3, 2, 1, 4, 2, 4, 4, 1, 4, 4, 2, 3, 1, 4, 1, 1, 2, 3, 2, 3, 2, 2, 3, 4, 2, 2] [8, 7, 7, 4, 7, 4, 4, 5, 6, 3, 3, 6, 5, 7, 4, 5, 6, 6, 6, 7, 5, 5, 7, 7, 6, 5, 6, 4, 8, 4, 6, 4, 3, 6, 5, 6, 6, 3, 4, 5, 6, 6, 5, 4, 6, 6, 3, 5, 5, 6, 5, 6, 6, 5, 6, 5, 3, 8, 4, 8, 6, 5, 8, 6, 4, 7, 5, 7, 5, 5, 4, 5, 6, 5, 5, 4, 7, 8, 5, 5]
A_3 11.44 A 3 [4, 1, 2, 3, 2, 3, 4, 2, 2, 3, 1, 2, 3, 2, 4, 4, 1, 3, 3, 1, 1, 1, 4, 3, 1, 3, 1, 1, 2, 3, 2, 3, 4, 2, 1, 4, 2, 2, 2, 3, 3, 4, 2, 3, 1, 1, 3, 4, 2, 1, 2, 3, 1, 3, 1, 1, 4, 2, 3, 1, 1, 1, 3, 2, 2, 3, 4, 4, 1, 2, 4, 2, 3, 4, 3, 4, 3, 3, 2, 3] [7, 4, 4, 5, 5, 5, 6, 6, 6, 7, 5, 5, 5, 6, 6, 6, 3, 5, 7, 4, 5, 5, 8, 7, 3, 5, 3, 3, 5, 5, 6, 7, 7, 4, 4, 8, 5, 5, 6, 5, 5, 6, 6, 7, 3, 5, 6, 7, 6, 4, 6, 7, 4, 5, 4, 3, 6, 4, 5, 4, 3, 3, 5, 5, 4, 7, 8, 7, 3, 4, 8, 4, 5, 7, 5, 6, 5, 5, 6, 6]
A_4 13.18 A 4 [1, 3, 4, 2, 3, 4, 4, 1, 1, 3, 1, 3, 3, 2, 3, 3, 1, 2, 2, 4, 3, 1, 1, 2, 4, 1, 2, 4, 3, 2, 2, 4, 2, 3, 3, 4, 1, 3, 4, 3, 3, 1, 2, 3, 3, 4, 3, 1, 4, 3, 4, 4, 4, 2, 1, 1, 2, 1, 2, 1, 1, 2, 4, 2, 4, 2, 4, 4, 3, 3, 3, 1, 1, 4, 1, 3, 3, 4, 2, 1] [4, 7, 7, 5, 5, 6, 6, 3, 3, 5, 3, 7, 7, 6, 5, 6, 4, 4, 6, 7, 5, 3, 3, 6, 7, 3, 4, 8, 7, 4, 6, 6, 6, 5, 6, 7, 4, 7, 8, 6, 6, 5, 6, 5, 5, 6, 7, 3, 8, 6, 6, 7, 6, 6, 5, 5, 5, 3, 6, 4, 3, 6, 8, 4, 6, 4, 8, 7, 6, 6, 7, 3, 5, 8, 5, 5, 7, 6, 4, 3]
A_5 18.32 A 5 [4, 1, 2, 3, 4, 4, 4, 3, 3, 3, 2, 3, 4, 3, 1, 4, 4, 4, 4, 3, 2, 1, 4, 3, 4, 4, 3, 1, 2, 3, 1, 1, 4, 3, 2, 3, 1, 1, 2, 3, 2, 2, 1, 1, 1, 3, 4, 3, 4, 2, 3, 2, 2, 4, 2, 4, 2, 2, 4, 4, 3, 3, 1, 2, 2, 2, 4, 4, 1, 2, 2, 3, 1, 3, 1, 2, 2, 1, 4, 1] [7, 3, 4, 5, 6, 8, 6, 7, 7, 5, 5, 7, 8, 5, 5, 6, 6, 8, 6, 5, 6, 3, 7, 7, 7, 8, 5, 5, 6, 7, 3, 3, 7, 5, 6, 5, 4, 5, 5, 5, 5, 6, 5, 3, 5, 5, 8, 5, 7, 4, 6, 5, 4, 7, 5, 8, 4, 6, 7, 8, 5, 6, 4, 6, 5, 4, 7, 7, 5, 6, 5, 5, 3, 5, 5, 6, 4, 5, 6, 5]
A_6 20.44 A 6 [2, 3, 1, 4, 4, 4, 4, 4, 4, 4, 1, 1, 3, 4, 4, 4, 3, 1, 4, 4, 2, 1, 1, 2, 3, 3, 2, 3, 3, 1, 4, 4, 4, 2, 3, 2, 2, 2, 3, 2, 3, 2, 1, 2, 3, 4, 3, 3, 4, 4, 2, 1, 3, 3, 4, 2, 3, 3, 1, 1, 2, 4, 4, 2, 4, 4, 3, 3, 3, 3, 1, 3, 2, 4, 3, 4, 4, 4, 1, 3] [6, 5, 4, 6, 6, 6, 7, 6, 6, 7, 3, 5, 5, 6, 8, 8, 7, 3, 6, 6, 5, 4, 3, 5, 5, 5, 4, 7, 7, 5, 7, 8, 7, 6, 7, 6, 5, 4, 6, 6, 6, 5, 5, 4, 5, 6, 7, 5, 6, 7, 6, 5, 5, 7, 6, 6, 6, 7, 5, 4, 6, 8, 6, 5, 8, 7, 7, 5, 6, 5, 5, 7, 6, 7, 7, 7, 8, 8, 5, 6]
A_7 23.59 A 7 [3, 3, 2, 2, 1, 3, 4, 3, 4, 1, 2, 3, 2, 2, 3, 3, 1, 4, 1, 2, 2, 3, 4, 2, 4, 1, 3, 2, 1, 3, 1, 1, 1, 1, 4, 1, 4, 3, 1, 2, 1, 1, 1, 2, 1, 3, 2, 4, 1, 1, 1, 1, 4, 2, 1, 2, 3, 4, 1, 3, 1, 1, 2, 2, 1, 2, 2, 1, 2, 1, 4, 2, 4, 4, 2, 3, 2, 3, 2, 3] [6, 6, 5, 6, 3, 7, 6, 6, 7, 5, 4, 5, 4, 5, 5, 5, 4, 8, 5, 6, 4, 6, 6, 5, 7, 5, 6, 4, 3, 5, 4, 3, 3, 3, 8, 3, 6, 6, 4, 5, 3, 4, 4, 4, 4, 7, 5, 7, 3, 5, 4, 5, 7, 6, 5, 5, 7, 6, 4, 6, 4, 3, 6, 5, 4, 4, 5, 3, 6, 4, 6, 6, 8, 6, 5, 5, 4, 5, 5, 7]
A_8 24.59 A 8 [1, 1, 2, 2, 1, 3, 4, 4, 1, 2, 3, 2, 2, 3, 3, 3, 2, 3, 1, 2, 1, 1, 4, 3, 1, 4, 3, 4, 2, 3, 4, 4, 3, 1, 3, 2, 2, 2, 1, 3, 2, 4, 2, 3, 3, 2, 3, 3, 4, 4, 2, 4, 3, 1, 1, 1, 4, 4, 4, 4, 4, 2, 3, 1, 4, 4, 3, 1, 4, 1, 4, 1, 3, 2, 3, 1, 4, 2, 1, 2] [4, 4, 6, 6, 3, 7, 6, 7, 5, 4, 5, 6, 6, 7, 5, 6, 5, 7, 4, 5, 5, 4, 7, 7, 5, 6, 6, 8, 6, 5, 6, 7, 5, 3, 7, 4, 6, 5, 5, 7, 5, 7, 6, 6, 5, 4, 7, 5, 6, 6, 6, 8, 7, 5, 5, 5, 8, 7, 6, 6, 8, 6, 7, 5, 8, 8, 6, 4, 6, 5, 8, 4, 6, 6, 6, 5, 7, 4, 4, 6]
A_9 31.85 A 9 [1, 4, 1, 3, 3, 3, 4, 1, 2, 2, 2, 4, 4, 4, 3, 2, 2, 2, 2, 4, 3, 3, 4, 2, 4, 1, 2, 1, 3, 2, 1, 1, 2, 1, 3, 3, 3, 3, 3, 3, 3, 3, 4, 1, 1, 1, 2, 3, 1, 3, 2, 4, 2, 3, 4, 3, 2, 2, 4, 2, 4, 2, 1, 1, 3, 2, 3, 4, 1, 3, 3, 3, 4, 4, 4, 4, 2, 4, 3, 2] [5, 6, 3, 7, 5, 5, 7, 5, 4, 5, 5, 7, 7, 6, 5, 6, 5, 4, 4, 7, 5, 6, 8, 4, 8, 4, 4, 3, 5, 5, 5, 5, 5, 5, 7, 7, 5, 6, 5, 6, 7, 7, 8, 5, 4, 3, 4, 6, 5, 5, 5, 8, 6, 7, 7, 5, 5, 6, 7, 6, 8, 4, 3, 5, 7, 6, 5, 8, 3, 6, 7, 7, 8, 7, 8, 6, 5, 8, 7, 6]
A_10 32.85 A 10 [3, 2, 1, 1, 1, 2, 1, 2, 3, 2, 1, 1, 1, 1, 1, 2, 3, 2, 2, 3, 4, 2, 2, 1, 2, 4, 1, 1, 2, 3, 2, 3, 3, 2, 1, 4, 2, 4, 2, 3, 1, 1, 4, 2, 1, 4, 1, 4, 4, 4, 2, 4, 3, 1, 1, 2, 3, 4, 2, 4, 4, 4, 2, 3, 1, 2, 3, 4, 2, 2, 3, 1, 4, 4, 4, 3, 3, 4, 3, 1] [5, 4, 3, 5, 3, 5, 3, 4, 5, 5, 3, 4, 4, 5, 5, 4, 5, 5, 4, 7, 6, 6, 6, 5, 6, 8, 3, 5, 4, 6, 5, 7, 5, 4, 4, 7, 4, 7, 5, 6, 4, 5, 8, 4, 5, 7, 4, 6, 6, 8, 6, 7, 7, 4, 5, 4, 5, 8, 6, 8, 6, 7, 4, 5, 5, 5, 6, 8, 6, 6, 6, 3, 6, 6, 6, 7, 6, 6, 7, 5]
A_11 33.85 A 11 [1, 4, 2, 2, 3, 3, 1, 3, 2, 4, 1, 3, 3, 1, 4, 3, 4, 2, 3, 1, 4, 1, 3, 1, 2, 1, 2, 1, 3, 2, 3, 4, 3, 3, 2, 3, 3, 1, 1, 2, 2, 4, 2, 4, 2, 4, 1, 4, 1, 1, 4, 1, 2, 1, 1, 1, 1, 2, 3, 2, 4, 4, 1, 3, 4, 2, 2, 2, 2, 3, 2, 2, 1, 2, 2, 4, 1, 3, 4, 3] [3, 6, 6, 5, 7, 7, 5, 5, 6, 7, 4, 6, 7, 3, 7, 7, 6, 6, 6, 5, 6, 3, 7, 5, 5, 3, 6, 4, 6, 4, 5, 8, 7, 6, 6, 7, 7, 4, 5, 6, 5, 8, 4, 8, 4, 8, 3, 6, 3, 3, 8, 4, 4, 4, 4, 4, 3, 4, 5, 6, 7, 7, 3, 7, 8, 5, 6, 6, 5, 5, 5, 6, 4, 5, 5, 6, 3, 5, 8, 7]
A_12 34.85 A 12 [3, 2, 2, 3, 3, 4, 3, 2, 2, 4, 1, 3, 3, 4, 1, 4, 1, 1, 2, 4, 1, 1, 4, 4, 4, 1, 3, 1, 2, 2, 4, 2, 1, 3, 4, 1, 2, 4, 4, 1, 4, 4, 3, 2, 2, 4, 1, 2, 4, 3, 3, 2, 3, 2, 1, 1, 3, 2, 1, 2, 3, 4, 4, 1, 2, 1, 2, 2, 3, 2, 4, 2, 3, 2, 4, 4, 3, 4, 3, 4] [6, 6, 5, 5, 7, 8, 5, 4, 6, 7, 4, 7, 7, 6, 3, 7, 4, 4, 4, 7, 4, 5, 7, 7, 7, 4, 6, 4, 4, 4, 6, 5, 4, 5, 6, 4, 5, 7, 8, 5, 7, 6, 5, 6, 4, 6, 3, 5, 6, 5, 7, 5, 6, 4, 3, 3, 7, 4, 3, 5, 7, 7, 7, 4, 4, 4, 6, 6, 6, 4, 8, 5, 7, 4, 6, 6, 5, 6, 6, 7]
A_13 38.24 A 13 [4, 3, 3, 2, 2, 3, 4, 2, 3, 4, 1, 1, 4, 2, 2, 1, 2, 3, 1, 4, 2, 2, 2, 2, 4, 4, 2, 3, 4, 2, 3, 2, 1, 3, 1, 1, 1, 2, 2, 3, 1, 2, 3, 2, 1, 1, 4, 3, 1, 3, 4, 3, 2, 4, 4, 4, 3, 2, 4, 4, 3, 4, 1, 3, 3, 4, 1, 1, 2, 2, 4, 2, 3, 3, 4, 1, 2, 3, 1, 1] [6, 5, 7, 6, 6, 5, 6, 5, 7, 6, 5, 3, 6, 5, 4, 4, 5, 6, 3, 7, 6, 6, 6, 4, 8, 6, 5, 7, 6, 6, 7, 4, 3, 5, 3, 3, 5, 4, 6, 6, 5, 4, 7, 4, 3, 5, 8, 7, 4, 7, 8, 7, 6, 6, 7, 7, 7, 4, 7, 6, 5, 7, 5, 6, 6, 8, 4, 5, 5, 4, 8, 4, 7, 5, 8, 5, 6, 7, 4, 5]
A_14 39.24 A 14 [3, 2, 2, 4, 3, 1, 4, 3, 3, 3, 1, 4, 1, 2, 4, 1, 1, 3, 2, 3, 4, 3, 4, 4, 1, 3, 3, 2, 4, 1, 2, 1, 2, 2, 3, 4, 2, 2, 2, 3, 2, 3, 1, 1, 3, 2, 2, 4, 3, 2, 3, 2, 1, 1, 2, 1, 2, 4, 3, 2, 3, 3, 3, 1, 4, 4, 3, 1, 3, 2, 1, 1, 1, 1, 3, 1, 2, 1, 4, 2] [5, 6, 4, 6, 5, 5, 8, 5, 5, 5, 5, 7, 3, 4, 7, 5, 3, 6, 4, 6, 8, 7, 7, 8, 5, 5, 5, 6, 6, 3, 5, 5, 5, 6, 6, 6, 4, 4, 5, 7, 4, 5, 3, 3, 7, 4, 4, 7, 5, 6, 5, 6, 5, 4, 4, 4, 4, 6, 6, 5, 7, 7, 6, 3, 6, 8, 6, 5, 7, 4, 3, 3, 4, 4, 7, 4, 4, 5, 7, 4]
A_15 45.5 A 15 [1, 2, 1, 4, 3, 4, 4, 3, 3, 2, 2, 3, 4, 1, 1, 4, 3, 2, 3, 3, 4, 4, 1, 4, 2, 4, 3, 2, 2, 3, 4, 3, 4, 2, 2, 2, 1, 1, 4, 3, 1, 3, 4, 1, 3, 3, 2, 1, 2, 3, 3, 4, 4, 4, 2, 3, 2, 1, 3, 3, 1, 2, 4, 2, 4, 1, 1, 4, 4, 4, 4, 3, 4, 1, 2, 1, 1, 1, 3, 1] [5, 6, 5, 6, 6, 6, 8, 5, 6, 6, 4, 7, 7, 4, 5, 6, 5, 5, 6, 7, 7, 7, 5, 7, 6, 7, 5, 5, 5, 5, 6, 6, 8, 5, 6, 5, 5, 5, 7, 7, 3, 7, 7, 5, 6, 7, 6, 4, 4, 6, 6, 8, 7, 7, 4, 5, 4, 5, 7, 6, 5, 6, 7, 6, 7, 4, 4, 7, 8, 6, 6, 6, 6, 3, 5, 4, 4, 4, 5, 4]
A_16 46.5 A 16 [4, 3, 4, 1, 1, 4, 3, 1, 2, 2, 3, 4, 1, 2, 1, 3, 2, 2, 1, 4, 4, 2, 2, 2, 2, 4, 4, 1, 3, 2, 3, 1, 1, 2, 3, 3, 1, 3, 3, 4, 4, 2, 3, 3, 1, 4, 3, 3, 1, 3, 4, 2, 1, 4, 3, 1, 4, 2, 2, 4, 2, 4, 3, 2, 3, 2, 2, 4, 4, 4, 4, 4, 1, 2, 3, 2, 4, 4, 1, 2] [7, 6, 6, 3, 4, 6, 7, 4, 5, 5, 5, 6, 4, 5, 3, 5, 4, 6, 5, 6, 8, 5, 4, 4, 4, 8, 6, 3, 6, 5, 7, 4, 4, 5, 6, 5, 3, 5, 7, 8, 7, 4, 6, 7, 4, 8, 6, 5, 3, 5, 8, 6, 5, 6, 6, 3, 7, 6, 6, 8, 6, 7, 5, 6, 6, 5, 6, 6, 8, 8, 7, 7, 4, 4, 7, 6, 7, 8, 3, 4]
A_17 47.5 A 17 [4, 1, 4, 3, 2, 4, 1, 4, 3, 2, 2, 2, 1, 3, 3, 2, 2, 4, 4, 2, 2, 4, 4, 1, 3, 3, 1, 3, 3, 3, 1, 2, 3, 3, 1, 2, 1, 1, 1, 3, 4, 3, 3, 3, 1, 3, 4, 2, 2, 3, 2, 1, 2, 1, 4, 1, 3, 4, 2, 3, 4, 4, 1, 3, 3, 3, 1, 1, 4, 3, 2, 1, 2, 3, 3, 4, 4, 3, 3, 3] [6, 4, 6, 5, 4, 8, 3, 8, 7, 4, 5, 6, 4, 6, 6, 5, 6, 7, 7, 4, 4, 7, 7, 3, 7, 7, 5, 7, 5, 7, 4, 4, 5, 6, 4, 4, 5, 5, 3, 7, 8, 6, 7, 5, 3, 7, 8, 5, 5, 5, 6, 4, 4, 5, 7, 5, 5, 7, 6, 7, 7, 7, 3, 7, 5, 6, 3, 4, 8, 7, 5, 3, 6, 6, 7, 8, 8, 7, 7, 7]
A_18 49.16 A 18 [4, 3, 2, 3, 2, 4, 4, 1, 1, 2, 2, 3, 2, 1, 2, 3, 1, 4, 4, 2, 3, 2, 2, 2, 2, 4, 3, 4, 3, 4, 3, 3, 3, 1, 3, 3, 4, 3, 2, 2, 2, 3, 3, 3, 2, 1, 4, 2, 4, 3, 3, 1, 1, 4, 1, 4, 1, 2, 1, 2, 4, 3, 2, 3, 3, 4, 4, 2, 3, 1, 4, 1, 2, 3, 4, 1, 4, 2, 2, 1] [7, 6, 6, 7, 6, 6, 6, 5, 4, 4, 4, 6, 4, 3, 4, 6, 5, 7, 6, 4, 6, 5, 5, 4, 4, 7, 7, 6, 7, 7, 7, 5, 6, 3, 5, 6, 6, 7, 6, 6, 6, 7, 5, 7, 6, 5, 6, 6, 6, 7, 6, 5, 3, 7, 4, 6, 4, 5, 3, 6, 8, 6, 4, 7, 6, 8, 8, 4, 7, 4, 6, 4, 4, 6, 8, 4, 8, 5, 6, 3]
A_19 50.16 A 19 [3, 2, 4, 1, 4, 3, 4, 2, 2, 4, 3, 1, 4, 4, 3, 3, 4, 2, 2, 1, 1, 1, 4, 1, 4, 1, 1, 2, 2, 1, 2, 2, 1, 3, 3, 2, 4, 2, 1, 4, 2, 2, 2, 1, 2, 1, 3, 1, 1, 1, 2, 2, 3, 4, 2, 4, 2, 1, 3, 4, 2, 2, 4, 2, 3, 4, 1, 1, 3, 2, 2, 3, 3, 1, 2, 1, 3, 4, 4, 1] [5, 4, 7, 4, 7, 5, 6, 6, 5, 7, 7, 5, 7, 7, 6, 7, 6, 4, 4, 4, 5, 5, 7, 4, 8, 5, 3, 6, 4, 5, 5, 5, 5, 7, 5, 6, 7, 5, 5, 7, 5, 4, 5, 4, 6, 5, 5, 3, 3, 3, 5, 4, 6, 8, 6, 7, 5, 3, 6, 7, 4, 6, 8, 4, 6, 8, 4, 3, 7, 4, 4, 7, 6, 5, 4, 4, 5, 6, 8, 5]
A_20 54.76 A 20 [3, 1, 3, 1, 3, 2, 2, 2, 1, 3, 4, 4, 1, 2, 4, 4, 4, 2, 3, 1, 4, 2, 2, 4, 3, 3, 1, 3, 4, 3, 3, 3, 1, 4, 1, 2, 2, 4, 2, 1, 2, 4, 3, 2, 3, 1, 2, 4, 3, 1, 2, 3, 3, 4, 4, 1, 2, 2, 4, 1, 4, 4, 1, 4, 2, 4, 3, 2, 1, 4, 2, 2, 3, 1, 3, 1, 1, 2, 1, 2] [5, 4, 5, 5, 5, 6, 5, 4, 5, 5, 6, 6, 4, 6, 8, 7, 8, 4, 6, 5, 6, 6, 6, 8, 7, 7, 4, 7, 7, 7, 6, 6, 4, 8, 4, 4, 6, 6, 4, 4, 4, 7, 6, 6, 6, 3, 5, 6, 5, 3, 4, 5, 6, 7, 6, 3, 4, 4, 6, 3, 7, 8, 5, 6, 6, 7, 5, 5, 5, 7, 6, 6, 7, 5, 5, 3, 5, 5, 3, 4]
A_21 55.76 A 21 [3, 1, 1, 1, 1, 1, 1, 3, 1, 3, 2, 1, 1, 2, 3, 4, 2, 4, 2, 1, 2, 3, 3, 1, 3, 3, 2, 2, 2, 2, 1, 1, 4, 2, 4, 3, 3, 1, 1, 3, 2, 4, 1, 3, 1, 1, 2, 1, 4, 4, 1, 2, 2, 1, 1, 4, 4, 4, 4, 2, 2, 2, 2, 4, 4, 1, 3, 4, 4, 1, 4, 3, 3, 4, 3, 3, 1, 1, 1, 1] [5, 5, 5, 5, 3, 3, 4, 6, 4, 6, 6, 3, 5, 6, 7, 7, 5, 7, 5, 5, 6, 5, 7, 3, 7, 5, 4, 6, 6, 6, 4, 3, 8, 4, 7, 5, 5, 4, 3, 5, 6, 7, 5, 7, 3, 3, 4, 5, 8, 8, 5, 4, 6, 5, 5, 7, 8, 7, 7, 6, 6, 4, 4, 7, 7, 3, 5, 7, 8, 5, 8, 6, 5, 8, 5, 6, 5, 5, 4, 4]
A_22 58.9 A 22 [4, 4, 3, 4, 1, 4, 1, 4, 4, 4, 2, 3, 4, 2, 4, 1, 2, 4, 2, 4, 2, 3, 3, 1, 4, 1, 2, 1, 3, 3, 2, 4, 4, 1, 4, 1, 1, 2, 1, 4, 2, 2, 1, 2, 1, 3, 1, 2, 2, 4, 1, 2, 4, 4, 3, 4, 2, 3, 2, 2, 4, 4, 1, 4, 4, 3, 1, 4, 4, 1, 3, 1, 4, 3, 4, 3, 3, 3, 1, 2] [6, 7, 7, 8, 3, 7, 3, 6, 7, 8, 6, 7, 7, 6, 7, 5, 4, 7, 5, 7, 6, 7, 6, 4, 6, 3, 6, 4, 5, 5, 4, 8, 6, 4, 7, 3, 4, 6, 3, 7, 5, 6, 5, 4, 5, 6, 5, 5, 6, 7, 3, 6, 7, 6, 7, 6, 6, 5, 4, 6, 8, 7, 4, 6, 6, 6, 4, 6, 7, 5, 7, 4, 8, 6, 6, 7, 5, 7, 4, 4]
A_23 59.9 A 23 [2, 1, 4, 3, 2, 3, 2, 2, 3, 2, 1, 1, 4, 2, 4, 4, 2, 1, 2, 1, 4, 1, 1, 4, 2, 3, 2, 4, 4, 1, 1, 2, 1, 4, 3, 2, 3, 3, 3, 2, 2, 3, 3, 1, 3, 3, 4, 3, 3, 3, 2, 1, 1, 2, 3, 1, 3, 3, 1, 4, 1, 1, 2, 3, 1, 1, 2, 1, 3, 1, 1, 4, 3, 4, 2, 3, 1, 1, 4, 1] [5, 5, 7, 7, 6, 7, 5, 5, 7, 4, 5, 5, 7, 4, 8, 7, 4, 3, 4, 4, 8, 3, 4, 7, 6, 7, 5, 6, 6, 4, 4, 6, 3, 8, 5, 6, 5, 6, 7, 5, 5, 6, 6, 3, 6, 5, 8, 7, 7, 7, 6, 5, 5, 6, 6, 5, 5, 6, 5, 7, 4, 5, 5, 5, 4, 5, 5, 3, 5, 5, 4, 8, 7, 8, 6, 5, 3, 4, 6, 4]
A_24 61.559999999999995 A 24 [3, 1, 3, 1, 4, 4, 3, 4, 1, 4, 2, 2, 4, 4, 1, 2, 2, 3, 2, 4, 3, 3, 4, 2, 2, 2, 1, 4, 1, 3, 1, 4, 4, 3, 1, 3, 3, 2, 1, 3, 4, 1, 4, 3, 2, 3, 2, 1, 1, 1, 1, 3, 3, 3, 2, 4, 1, 2, 4, 2, 1, 1, 1, 2, 2, 1, 1, 2, 3, 1, 1, 2, 1, 1, 4, 3, 1, 2, 3, 1] [6, 4, 6, 3, 7, 7, 5, 7, 5, 8, 6, 5, 7, 8, 5, 6, 4, 7, 4, 8, 7, 7, 6, 6, 6, 5, 5, 6, 4, 7, 3, 8, 8, 5, 5, 5, 5, 6, 3, 6, 8, 5, 6, 5, 6, 7, 4, 4, 4, 4, 3, 6, 7, 7, 6, 8, 3, 5, 8, 6, 4, 3, 3, 5, 6, 3, 5, 6, 5, 5, 5, 5, 5, 3, 7, 6, 3, 4, 7, 5]
A_25 62.559999999999995 A 25 [1, 4, 1, 3, 1, 4, 3, 1, 4, 1, 4, 1, 1, 4, 3, 4, 4, 3, 4, 1, 3, 3, 1, 3, 2, 3, 1, 1, 2, 4, 2, 2, 1, 3, 2, 2, 1, 3, 1, 2, 3, 2, 4, 4, 4, 4, 3, 3, 3, 2, 3, 1, 1, 2, 3, 4, 3, 3, 2, 4, 3, 4, 1, 2, 2, 2, 2, 3, 2, 2, 3, 4, 3, 3, 2, 3, 3, 1, 4, 4] [4, 7, 5, 5, 3, 8, 5, 5, 6, 4, 8, 3, 4, 6, 5, 7, 8, 7, 7, 5, 7, 5, 3, 7, 5, 7, 3, 5, 4, 7, 4, 6, 3, 7, 4, 4, 5, 5, 4, 6, 5, 4, 6, 8, 8, 7, 7, 7, 5, 5, 6, 5, 3, 6, 6, 7, 6, 7, 6, 7, 5, 7, 4, 4, 5, 5, 6, 7, 6, 6, 5, 6, 6, 5, 6, 7, 5, 5, 8, 8]
A_26 66.64 A 26 [1, 2, 3, 1, 2, 3, 2, 3, 3, 2, 1, 2, 3, 2, 3, 3, 4, 1, 3, 1, 1, 2, 2, 2, 1, 1, 3, 2, 3, 3, 1, 1, 2, 2, 4, 2, 3, 2, 4, 4, 4, 1, 4, 1, 4, 4, 2, 1, 2, 1, 4, 3, 3, 4, 2, 1, 3, 2, 1, 1, 1, 1, 4, 4, 2, 1, 1, 4, 2, 2, 1, 1, 2, 3, 4, 4, 4, 2, 3, 3] [3, 4, 6, 3, 4, 5, 4, 6, 6, 4, 3, 6, 6, 5, 5, 5, 6, 5, 7, 3, 4, 4, 6, 5, 5, 3, 6, 6, 5, 6, 5, 4, 5, 5, 7, 6, 7, 4, 8, 6, 8, 3, 6, 4, 8, 8, 6, 4, 4, 4, 7, 5, 6, 7, 5, 4, 6, 6, 5, 3, 4, 5, 7, 6, 4, 4, 5, 6, 6, 6, 4, 4, 4, 6, 7, 8, 8, 5, 6, 7]
A_27 73.0 A 27 [1, 3, 1, 1, 4, 1, 3, 2, 4, 1, 1, 1, 1, 3, 2, 2, 1, 3, 4, 2, 3, 2, 1, 4, 4, 1, 2, 3, 3, 4, 3, 2, 1, 4, 2, 2, 2, 1, 2, 2, 1, 2, 2, 1, 4, 3, 4, 4, 1, 2, 4, 1, 4, 1, 2, 4, 1, 4, 3, 4, 4, 2, 3, 3, 2, 2, 4, 3, 3, 2, 1, 3, 4, 3, 1, 2, 1, 3, 3, 3] [3, 6, 4, 3, 8, 5, 7, 4, 8, 3, 5, 4, 4, 7, 6, 5, 3, 7, 6, 6, 7, 6, 4, 6, 6, 5, 6, 6, 7, 6, 7, 6, 4, 8, 6, 4, 6, 4, 4, 5, 5, 6, 6, 5, 7, 7, 6, 8, 3, 6, 7, 3, 7, 4, 5, 6, 5, 6, 5, 6, 6, 6, 7, 5, 5, 4, 6, 5, 6, 6, 5, 5, 8, 7, 4, 4, 3, 5, 6, 5]
A_28 74.67 A 28 [3, 4, 4, 2, 3, 2, 3, 1, 2, 3, 2, 3, 2, 4, 4, 2, 3, 3, 3, 2, 4, 2, 3, 4, 1, 2, 3, 3, 4, 2, 4, 3, 4, 3, 1, 2, 2, 4, 2, 2, 3, 3, 2, 4, 2, 3, 1, 2, 3, 1, 3, 4, 4, 2, 2, 4, 3, 1, 4, 4, 4, 4, 4, 2, 2, 4, 4, 4, 2, 3, 1, 1, 2, 3, 4, 3, 1, 1, 4, 2] [6, 6, 8, 5, 7, 6, 7, 3, 6, 5, 4, 6, 4, 6, 6, 5, 6, 5, 7, 4, 7, 6, 5, 6, 4, 4, 5, 7, 7, 4, 7, 5, 7, 7, 5, 4, 4, 8, 5, 5, 6, 7, 6, 7, 5, 5, 3, 4, 5, 4, 6, 8, 6, 6, 5, 7, 7, 5, 8, 7, 7, 8, 7, 5, 6, 7, 8, 8, 6, 6, 5, 5, 5, 6, 6, 5, 4, 4, 7, 4]
A_29 75.67 A 29 [4, 1, 1, 3, 2, 3, 1, 3, 3, 2, 3, 2, 2, 2, 1, 3, 2, 3, 4, 1, 3, 2, 3, 1, 3, 4, 3, 4, 2, 2, 4, 1, 2, 4, 1, 2, 2, 1, 2, 1, 1, 2, 2, 2, 4, 2, 2, 3, 2, 1, 1, 3, 3, 4, 4, 4, 4, 1, 2, 2, 4, 2, 4, 2, 4, 4, 3, 4, 2, 3, 4, 4, 2, 1, 1, 2, 1, 4, 4, 2] [7, 3, 4, 5, 4, 7, 5, 5, 5, 5, 6, 4, 4, 6, 3, 5, 5, 7, 7, 5, 7, 6, 5, 4, 7, 7, 6, 6, 4, 5, 8, 5, 5, 7, 5, 4, 4, 5, 5, 5, 3, 5, 5, 6, 6, 5, 5, 5, 5, 4, 3, 7, 6, 6, 6, 8, 6, 5, 6, 4, 7, 4, 7, 6, 6, 8, 5, 7, 6, 6, 6, 7, 4, 4, 3, 4, 5, 8, 7, 4]
A_30 76.67 A 30 [4, 4, 4, 2, 2, 1, 4, 1, 4, 1, 2, 3, 4, 3, 2, 4, 3, 1, 3, 2, 3, 1, 2, 1, 1, 2, 1, 3, 4, 4, 4, 4, 3, 3, 2, 3, 2, 4, 2, 3, 2, 1, 4, 3, 1, 1, 2, 3, 4, 4, 4, 1, 1, 1, 2, 3, 3, 1, 1, 2, 1, 3, 2, 1, 1, 2, 2, 1, 4, 1, 4, 3, 2, 3, 1, 1, 3, 2, 2, 2] [7, 7, 6, 6, 6, 3, 7, 4, 6, 5, 5, 5, 6, 7, 5, 6, 7, 4, 7, 5, 6, 4, 4, 4, 3, 4, 5, 7, 7, 8, 6, 8, 6, 6, 5, 5, 5, 6, 6, 7, 5, 3, 7, 6, 5, 4, 6, 6, 8, 8, 6, 3, 3, 4, 6, 5, 7, 5, 3, 5, 4, 6, 4, 5, 4, 6, 6, 5, 8, 4, 8, 6, 5, 7, 5, 5, 7, 6, 4, 6]
A_31 78.61 A 31 [3, 4, 2, 3, 4, 1, 4, 1, 4, 1, 3, 4, 2, 2, 1, 3, 1, 2, 3, 2, 3, 1, 4, 2, 4, 2, 1, 2, 3, 1, 4, 1, 1, 2, 1, 3, 4, 2, 1, 4, 2, 3, 4, 1, 1, 2, 3, 3, 4, 4, 3, 4, 1, 3, 3, 1, 2, 1, 1, 4, 3, 4, 3, 1, 1, 4, 1, 2, 4, 1, 1, 1, 1, 1, 4, 1, 3, 4, 1, 3] [5, 7, 4, 7, 6, 3, 8, 3, 7, 5, 7, 8, 5, 4, 5, 6, 4, 4, 5, 5, 6, 3, 8, 6, 8, 6, 4, 6, 5, 5, 8, 4, 3, 4, 3, 6, 6, 4, 3, 7, 6, 6, 6, 5, 4, 6, 5, 7, 6, 8, 5, 6, 5, 6, 5, 5, 4, 5, 5, 6, 7, 8, 5, 5, 5, 7, 4, 6, 6, 3, 5, 3, 3, 5, 8, 4, 7, 6, 5, 7]
A_32 92.85 A 32 [3, 4, 1, 4, 2, 4, 4, 1, 3, 2, 3, 3, 1, 1, 2, 4, 1, 3, 3, 1, 1, 4, 4, 1, 4, 1, 2, 1, 4, 2, 3, 1, 3, 2, 2, 2, 4, 2, 4, 2, 3, 4, 2, 2, 3, 3, 3, 4, 3, 2, 2, 2, 2, 4, 1, 4, 3, 1, 4, 4, 3, 3, 1, 1, 4, 1, 1, 1, 3, 4, 2, 1, 2, 3, 3, 1, 4, 1, 2, 4] [5, 6, 3, 7, 6, 7, 7, 3, 5, 5, 5, 7, 4, 3, 5, 8, 4, 5, 6, 5, 4, 8, 6, 3, 8, 3, 5, 4, 7, 5, 6, 3, 5, 4, 6, 6, 6, 6, 7, 5, 6, 6, 5, 6, 7, 7, 6, 6, 5, 6, 5, 4, 5, 7, 5, 8, 6, 3, 6, 8, 7, 5, 4, 4, 8, 4, 5, 4, 5, 6, 4, 5, 6, 7, 5, 5, 7, 4, 6, 6]
A_33 100.13 A 33 [4, 1, 2, 2, 3, 3, 2, 1, 1, 1, 2, 3, 3, 3, 2, 2, 2, 3, 1, 3, 4, 2, 1, 4, 3, 3, 2, 4, 3, 4, 3, 2, 2, 2, 4, 2, 1, 3, 3, 1, 4, 4, 3, 2, 3, 2, 1, 2, 3, 2, 3, 4, 2, 3, 4, 4, 3, 3, 2, 3, 1, 2, 4, 2, 4, 2, 3, 3, 3, 2, 2, 1, 2, 4, 4, 3, 3, 2, 4, 1] [6, 4, 6, 4, 5, 5, 6, 3, 3, 5, 4, 6, 5, 5, 6, 5, 5, 6, 3, 7, 8, 4, 4, 8, 5, 7, 5, 8, 7, 7, 6, 4, 4, 5, 8, 4, 3, 7, 7, 4, 6, 7, 6, 6, 5, 5, 3, 4, 5, 5, 5, 8, 4, 6, 6, 6, 5, 7, 5, 7, 4, 5, 6, 4, 6, 5, 6, 5, 5, 5, 6, 3, 4, 8, 8, 7, 6, 4, 6, 3]
A_34 101.19 A 34 [1, 3, 3, 1, 3, 2, 3, 4, 3, 3, 1, 2, 4, 1, 3, 2, 3, 1, 3, 3, 1, 4, 4, 3, 1, 2, 4, 2, 1, 1, 2, 1, 2, 4, 4, 4, 4, 3, 4, 2, 4, 2, 1, 4, 4, 3, 4, 1, 3, 4, 1, 3, 4, 2, 2, 3, 2, 2, 2, 3, 3, 3, 4, 3, 2, 1, 3, 4, 1, 2, 2, 3, 1, 3, 2, 2, 4, 1, 2, 1] [4, 5, 5, 4, 6, 6, 7, 8, 7, 7, 4, 6, 6, 3, 6, 6, 6, 4, 5, 5, 4, 7, 7, 5, 5, 4, 7, 6, 5, 5, 5, 3, 6, 8, 7, 6, 6, 5, 6, 5, 8, 6, 3, 6, 7, 6, 6, 4, 5, 6, 4, 6, 7, 6, 6, 7, 5, 4, 5, 6, 5, 5, 6, 6, 6, 5, 5, 7, 5, 5, 4, 6, 5, 6, 6, 4, 6, 3, 4, 4]
A_35 103.17 A 35 [2, 2, 3, 4, 4, 3, 2, 1, 2, 3, 4, 3, 1, 1, 4, 2, 3, 2, 3, 2, 2, 3, 1, 2, 3, 2, 2, 2, 2, 2, 3, 3, 2, 2, 4, 2, 3, 2, 4, 1, 4, 1, 1, 3, 2, 3, 4, 3, 4, 4, 1, 2, 2, 1, 4, 4, 2, 1, 3, 3, 3, 2, 1, 4, 2, 4, 3, 2, 4, 3, 3, 3, 4, 2, 3, 1, 4, 1, 2, 3] [4, 6, 6, 8, 7, 5, 6, 3, 4, 7, 7, 7, 4, 3, 6, 5, 5, 4, 6, 6, 4, 5, 3, 6, 5, 4, 6, 4, 4, 4, 5, 6, 6, 4, 6, 6, 5, 6, 6, 3, 8, 5, 3, 5, 5, 7, 6, 7, 6, 6, 4, 6, 5, 4, 6, 7, 6, 4, 5, 5, 5, 4, 5, 7, 5, 6, 5, 6, 8, 5, 5, 7, 7, 4, 6, 4, 6, 3, 6, 7]
A_36 106.68 A 36 [1, 1, 2, 2, 1, 1, 2, 4, 2, 3, 2, 3, 2, 1, 2, 1, 1, 1, 4, 4, 2, 3, 1, 3, 3, 1, 3, 2, 2, 2, 2, 4, 4, 1, 4, 3, 3, 2, 4, 4, 2, 4, 2, 3, 4, 4, 4, 4, 1, 2, 2, 1, 3, 2, 2, 1, 2, 4, 4, 4, 4, 1, 1, 3, 1, 3, 2, 2, 1, 4, 1, 3, 4, 3, 4, 2, 1, 4, 4, 4] [3, 3, 6, 5, 4, 4, 5, 6, 6, 5, 4, 7, 5, 5, 4, 5, 3, 5, 6, 7, 6, 5, 4, 5, 5, 5, 7, 6, 4, 4, 5, 6, 6, 3, 6, 5, 6, 6, 7, 7, 5, 8, 4, 6, 6, 8, 8, 6, 5, 4, 4, 5, 7, 5, 6, 3, 5, 7, 6, 6, 7, 3, 4, 7, 5, 6, 5, 4, 4, 6, 5, 7, 7, 7, 7, 4, 4, 7, 7, 6]
A_37 108.13000000000001 A 37 [3, 1, 1, 2, 3, 1, 2, 3, 2, 3, 4, 1, 4, 2, 2, 1, 3, 1, 3, 2, 4, 1, 2, 3, 2, 3, 2, 1, 4, 1, 4, 2, 2, 3, 3, 2, 2, 1, 2, 2, 3, 1, 1, 1, 2, 1, 4, 2, 4, 1, 2, 4, 2, 3, 1, 4, 3, 4, 2, 2, 4, 4, 3, 3, 3, 4, 2, 2, 2, 2, 1, 3, 1, 1, 3, 1, 2, 3, 4, 4] [5, 5, 3, 5, 7, 5, 4, 6, 5, 6, 7, 4, 7, 4, 4, 5, 5, 5, 7, 5, 6, 4, 6, 6, 6, 5, 4, 4, 8, 5, 6, 4, 6, 7, 5, 6, 6, 4, 4, 6, 5, 5, 3, 4, 6, 5, 6, 6, 7, 3, 4, 8, 4, 7, 5, 6, 7, 6, 5, 6, 8, 7, 7, 7, 7, 8, 6, 5, 5, 6, 5, 6, 5, 4, 5, 5, 4, 5, 7, 7]
A_38 110.85000000000001 A 38 [1, 1, 2, 2, 4, 2, 3, 1, 1, 3, 2, 1, 4, 2, 2, 4, 3, 1, 2, 1, 2, 1, 1, 3, 1, 1, 4, 2, 2, 2, 2, 1, 4, 3, 4, 4, 4, 2, 1, 1, 3, 3, 1, 3, 1, 1, 2, 4, 4, 4, 4, 4, 3, 4, 1, 1, 4, 3, 4, 2, 1, 3, 1, 4, 4, 2, 3, 3, 2, 2, 4, 3, 4, 4, 2, 1, 4, 1, 4, 2] [5, 4, 4, 6, 8, 5, 6, 4, 5, 5, 5, 5, 8, 6, 5, 7, 7, 3, 6, 5, 4, 3, 3, 7, 3, 4, 8, 4, 5, 5, 6, 3, 7, 7, 6, 6, 7, 4, 4, 4, 5, 7, 4, 5, 3, 3, 6, 6, 7, 6, 6, 6, 6, 6, 4, 5, 6, 5, 7, 5, 5, 6, 3, 7, 8, 4, 7, 7, 5, 5, 8, 7, 8, 8, 4, 4, 8, 3, 8, 4]
A_39 111.85000000000001 A 39 [2, 2, 2, 3, 3, 3, 2, 2, 3, 3, 3, 2, 1, 3, 3, 3, 4, 3, 2, 4, 1, 3, 4, 2, 3, 2, 4, 2, 2, 1, 3, 4, 2, 1, 2, 1, 4, 2, 1, 1, 2, 2, 4, 3, 1, 4, 3, 2, 2, 3, 2, 4, 2, 2, 3, 1, 2, 2, 1, 2, 3, 4, 2, 3, 3, 2, 4, 2, 4, 3, 4, 3, 2, 2, 1, 4, 4, 2, 4, 3] [6, 5, 5, 5, 6, 5, 6, 5, 7, 6, 6, 6, 5, 6, 7, 7, 8, 7, 6, 7, 4, 5, 7, 5, 6, 6, 6, 5, 5, 5, 7, 7, 5, 4, 5, 3, 7, 6, 4, 5, 5, 4, 7, 5, 4, 6, 7, 5, 5, 5, 6, 8, 4, 6, 6, 4, 5, 6, 4, 4, 7, 6, 4, 7, 5, 6, 8, 5, 7, 6, 8, 6, 6, 4, 3, 6, 6, 6, 8, 7]
B_0 2.73 B 40 [4, 4, 3, 3, 3, 2, 3, 1, 2, 3, 1, 2, 4, 1, 2, 1, 4, 4, 2, 2, 2, 2, 2, 2, 4, 3, 4, 1, 3, 1, 2, 2, 3, 4, 4, 4, 2, 3, 3, 2, 1, 2, 2, 1, 2, 3, 2, 1, 3, 2, 1, 2, 4, 1, 4, 3, 4, 4, 3, 1, 1, 3, 2, 1, 4, 4, 2, 4, 4, 1, 4, 2, 1, 4, 4, 1, 2, 2, 4, 4] [8, 8, 6, 5, 6, 5, 6, 3, 5, 7, 4, 5, 7, 5, 4, 3, 7, 8, 6, 5, 4, 6, 5, 5, 8, 5, 8, 5, 6, 3, 5, 6, 6, 6, 8, 8, 5, 5, 5, 5, 3, 4, 6, 5, 6, 5, 6, 4, 5, 5, 3, 6, 6, 3, 8, 6, 8, 7, 5, 5, 5, 5, 6, 3, 6, 7, 5, 6, 6, 4, 6, 4, 5, 7, 6, 4, 5, 4, 7, 6]
B_1 12.57 B 41 [3, 3, 3, 4, 1, 2, 2, 1, 4, 3, 1, 4, 4, 2, 3, 3, 2, 3, 3, 2, 4, 4, 2, 3, 1, 2, 1, 2, 3, 2, 1, 3, 4, 4, 2, 1, 4, 1, 3, 2, 2, 3, 3, 1, 2, 4, 3, 2, 4, 3, 3, 2, 1, 3, 3, 1, 4, 2, 1, 4, 3, 2, 2, 4, 1, 2, 4, 4, 4, 4, 2, 3, 3, 1, 2, 3, 3, 4, 2, 1] [7, 5, 6, 6, 5, 6, 5, 4, 7, 7, 5, 8, 6, 4, 5, 7, 4, 6, 7, 4, 7, 7, 6, 6, 5, 4, 3, 6, 7, 5, 3, 6, 6, 7, 6, 5, 8, 5, 7, 4, 4, 7, 7, 5, 4, 8, 6, 6, 6, 5, 5, 5, 5, 7, 6, 5, 7, 6, 4, 6, 7, 4, 6, 7, 5, 6, 8, 8, 7, 6, 4, 7, 7, 5, 5, 7, 7, 6, 6, 4]
B_2 13.57 B 42 [3, 1, 2, 2, 2, 1, 1, 1, 2, 4, 4, 2, 3, 3, 1, 4, 3, 3, 3, 2, 3, 1, 1, 3, 4, 4, 4, 2, 2, 2, 4, 4, 2, 3, 1, 1, 2, 1, 1, 4, 2, 3, 1, 4, 4, 2, 1, 4, 3, 2, 1, 4, 1, 1, 3, 3, 4, 1, 3, 3, 1, 4, 3, 1, 3, 1, 3, 2, 2, 3, 4, 2, 1, 1, 4, 2, 1, 3, 2, 4] [5, 3, 5, 6, 6, 5, 5, 4, 6, 8, 8, 4, 5, 7, 3, 7, 6, 7, 5, 5, 6, 5, 5, 6, 6, 6, 6, 6, 6, 5, 7, 6, 5, 6, 3, 3, 4, 3, 4, 7, 6, 7, 3, 6, 7, 6, 4, 7, 6, 6, 5, 6, 4, 3, 5, 7, 7, 3, 7, 7, 4, 6, 5, 4, 5, 4, 7, 4, 5, 5, 6, 6, 5, 5, 6, 4, 4, 5, 5, 8]
B_3 15.26 B 43 [2, 1, 2, 3, 3, 1, 2, 2, 3, 1, 2, 4, 2, 2, 1, 1, 3, 3, 3, 1, 2, 3, 2, 1, 3, 4, 1, 1, 4, 2, 3, 1, 2, 2, 4, 3, 3, 1, 3, 3, 1, 1, 4, 1, 2, 3, 3, 3, 3, 3, 2, 1, 3, 1, 3, 4, 3, 3, 1, 2, 2, 3, 1, 3, 4, 3, 3, 3, 1, 3, 1, 4, 1, 1, 2, 3, 4, 1, 2, 1] [5, 3, 4, 7, 5, 3, 4, 4, 6, 5, 4, 8, 6, 4, 3, 5, 7, 5, 7, 4, 6, 7, 4, 3, 5, 8, 4, 5, 7, 6, 6, 5, 6, 6, 6, 5, 6, 4, 5, 5, 5, 5, 6, 5, 5, 5, 5, 7, 5, 5, 6, 4, 7, 3, 5, 7, 5, 5, 5, 5, 4, 6, 3, 7, 6, 7, 7, 6, 4, 7, 5, 8, 3, 3, 5, 7, 6, 3, 4, 3]
B_4 16.259999999999998 B 44 [2, 4, 4, 1, 3, 1, 3, 1, 3, 1, 1, 2, 2, 1, 3, 3, 1, 1, 2, 2, 3, 1, 1, 3, 2, 4, 4, 4, 2, 4, 1, 1, 3, 3, 4, 2, 4, 2, 1, 1, 2, 2, 4, 2, 2, 4, 4, 2, 2, 3, 4, 3, 3, 3, 4, 3, 2, 4, 2, 3, 4, 2, 3, 4, 2, 4, 4, 1, 1, 3, 1, 2, 3, 1, 1, 3, 4, 4, 1, 3] [4, 8, 6, 3, 5, 5, 5, 4, 5, 4, 5, 4, 4, 3, 7, 6, 4, 3, 6, 6, 6, 3, 5, 6, 6, 8, 8, 7, 5, 6, 5, 4, 7, 5, 7, 5, 6, 6, 3, 4, 6, 4, 7, 5, 4, 6, 8, 4, 4, 6, 8, 5, 5, 6, 7, 7, 5, 7, 6, 7, 7, 5, 6, 7, 4, 8, 7, 4, 5, 6, 5, 4, 7, 4, 3, 7, 7, 8, 5, 7]
B_5 17.259999999999998 B 45 [1, 4, 4, 1, 4, 3, 4, 3, 2, 1, 4, 4, 4, 1, 2, 3, 4, 3, 1, 1, 1, 1, 3, 3, 3, 4, 4, 3, 3, 2, 1, 2, 3, 2, 3, 3, 4, 1, 1, 4, 3, 4, 2, 3, 4, 3, 2, 3, 2, 4, 1, 4, 3, 1, 4, 3, 1, 2, 2, 1, 3, 1, 3, 3, 4, 4, 2, 4, 1, 2, 1, 4, 3, 1, 3, 1, 1, 4, 2, 1] [4, 6, 6, 5, 6, 5, 6, 7, 4, 3, 7, 8, 6, 5, 4, 7, 8, 7, 5, 5, 3, 3, 6, 5, 7, 7, 8, 7, 5, 5, 4, 6, 7, 5, 6, 7, 8, 5, 3, 6, 5, 8, 6, 5, 6, 7, 4, 6, 4, 7, 4, 6, 5, 5, 8, 5, 5, 4, 4, 5, 5, 5, 6, 7, 6, 8, 5, 6, 3, 6, 3, 7, 7, 3, 5, 5, 5, 6, 5, 3]
B_6 19.689999999999998 B 46 [4, 2, 1, 3, 3, 4, 3, 2, 3, 2, 1, 1, 1, 4, 2, 2, 3, 4, 4, 3, 2, 2, 1, 4, 2, 3, 2, 4, 1, 2, 2, 3, 3, 1, 4, 4, 4, 4, 2, 3, 2, 3, 1, 3, 4, 2, 3, 3, 4, 4, 4, 1, 4, 1, 4, 1, 3, 1, 1, 3, 1, 1, 4, 4, 3, 3, 3, 3, 1, 2, 3, 4, 1, 2, 1, 1, 4, 2, 2, 2] [8, 6, 3, 6, 7, 8, 7, 5, 7, 4, 4, 3, 3, 8, 4, 6, 6, 8, 6, 5, 5, 4, 5, 8, 4, 7, 6, 6, 3, 5, 6, 5, 6, 3, 6, 6, 8, 6, 6, 7, 6, 6, 4, 5, 8, 4, 5, 7, 8, 8, 6, 5, 8, 3, 7, 5, 5, 4, 4, 7, 4, 5, 6, 7, 6, 6, 7, 7, 4, 4, 5, 6, 5, 6, 5, 5, 6, 4, 4, 4]
B_7 25.029999999999998 B 47 [4, 2, 3, 4, 1, 3, 3, 4, 3, 3, 4, 4, 2, 3, 4, 1, 3, 2, 2, 1, 4, 1, 2, 3, 1, 3, 1, 4, 2, 3, 3, 3, 4, 2, 1, 3, 4, 2, 4, 2, 1, 2, 4, 3, 2, 3, 3, 3, 1, 4, 1, 1, 3, 2, 2, 4, 4, 3, 4, 4, 3, 4, 4, 4, 4, 4, 1, 3, 1, 3, 4, 2, 3, 4, 3, 4, 4, 2, 1, 3] [6, 4, 5, 7, 3, 5, 5, 7, 5, 6, 6, 6, 5, 7, 7, 4, 5, 5, 6, 3, 6, 5, 5, 7, 4, 7, 4, 8, 4, 5, 6, 7, 6, 4, 4, 7, 6, 6, 6, 5, 4, 6, 7, 7, 4, 6, 7, 6, 5, 8, 5, 5, 6, 4, 5, 8, 7, 7, 7, 6, 5, 8, 6, 6, 8, 7, 4, 5, 3, 6, 8, 4, 6, 7, 5, 8, 8, 4, 3, 5]
B_8 28.47 B 48 [2, 2, 3, 2, 4, 4, 4, 1, 4, 1, 4, 1, 4, 1, 3, 2, 1, 2, 4, 1, 3, 4, 2, 3, 1, 3, 2, 1, 3, 2, 4, 4, 3, 3, 3, 4, 1, 4, 4, 2, 3, 4, 3, 3, 2, 2, 4, 1, 4, 1, 3, 1, 2, 3, 1, 4, 3, 4, 4, 1, 2, 1, 2, 2, 3, 4, 2, 1, 3, 4, 4, 3, 3, 1, 3, 3, 3, 4, 1, 3] [6, 4, 5, 6, 8, 7, 6, 3, 6, 5, 6, 3, 6, 4, 5, 4, 3, 5, 6, 3, 5, 8, 6, 7, 4, 5, 4, 3, 5, 5, 8, 6, 5, 5, 5, 6, 5, 7, 7, 5, 5, 6, 6, 5, 4, 4, 8, 5, 8, 4, 6, 5, 6, 5, 5, 6, 5, 7, 8, 5, 6, 5, 6, 5, 5, 7, 5, 5, 7, 6, 7, 5, 5, 5, 5, 6, 7, 8, 5, 6]
B_9 29.82 B 49 [3, 3, 3, 1, 3, 2, 4, 1, 4, 3, 4, 1, 3, 3, 2, 3, 3, 3, 3, 1, 1, 4, 4, 3, 1, 2, 1, 2, 1, 1, 4, 4, 2, 2, 4, 4, 2, 1, 4, 3, 2, 3, 2, 3, 3, 4, 4, 4, 1, 1, 3, 1, 2, 4, 1, 4, 4, 4, 2, 4, 1, 1, 1, 3, 2, 4, 4, 2, 4, 4, 2, 1, 3, 3, 1, 2, 4, 3, 3, 4] [6, 6, 6, 4, 6, 4, 7, 5, 6, 5, 8, 3, 5, 7, 6, 6, 5, 5, 7, 3, 3, 8, 7, 7, 4, 5, 4, 6, 4, 4, 8, 8, 6, 5, 6, 6, 4, 3, 6, 5, 5, 5, 6, 5, 6, 7, 8, 8, 4, 4, 7, 5, 5, 8, 4, 7, 6, 7, 4, 7, 4, 5, 4, 5, 4, 7, 8, 4, 8, 6, 6, 3, 7, 6, 5, 4, 7, 5, 7, 6]
B_10 32.45 B 50 [2, 1, 1, 2, 4, 3, 2, 1, 2, 2, 2, 4, 3, 4, 3, 3, 4, 2, 3, 2, 2, 1, 1, 2, 1, 3, 4, 4, 3, 1, 4, 3, 2, 3, 1, 1, 2, 2, 4, 2, 1, 3, 1, 2, 4, 1, 4, 1, 3, 3, 2, 3, 2, 4, 3, 1, 4, 1, 3, 4, 1, 3, 2, 3, 3, 2, 3, 3, 3, 3, 1, 2, 1, 2, 4, 2, 3, 4, 2, 4] [6, 4, 5, 6, 6, 6, 6, 4, 6, 5, 6, 8, 7, 8, 5, 6, 8, 6, 6, 5, 4, 5, 3, 6, 3, 6, 7, 7, 6, 3, 6, 5, 5, 5, 4, 4, 4, 4, 6, 6, 3, 5, 5, 6, 8, 4, 6, 5, 6, 7, 4, 6, 4, 8, 6, 4, 7, 5, 5, 6, 5, 5, 5, 5, 5, 5, 7, 7, 7, 7, 5, 5, 4, 4, 7, 4, 7, 7, 6, 8]
B_11 34.77 B 51 [2, 2, 4, 3, 4, 2, 1, 1, 4, 4, 4, 1, 2, 3, 2, 4, 2, 1, 1, 2, 3, 2, 2, 1, 3, 1, 3, 1, 4, 3, 1, 4, 2, 4, 3, 2, 1, 4, 4, 4, 2, 2, 4, 1, 3, 4, 1, 1, 1, 1, 3, 2, 4, 1, 3, 2, 3, 1, 1, 2, 2, 4, 2, 3, 1, 4, 1, 3, 1, 4, 2, 2, 2, 1, 1, 4, 2, 4, 2, 3] [4, 6, 6, 7, 7, 5, 5, 5, 8, 8, 7, 4, 5, 7, 6, 8, 6, 4, 5, 4, 5, 4, 6, 5, 6, 5, 5, 3, 8, 7, 3, 6, 4, 8, 6, 6, 5, 8, 6, 8, 6, 5, 6, 4, 5, 6, 5, 5, 5, 5, 6, 4, 7, 4, 5, 4, 5, 3, 5, 4, 5, 6, 5, 6, 4, 6, 3, 6, 3, 8, 5, 5, 4, 3, 5, 7, 5, 8, 6, 7]
B_12 37.77 B 52 [2, 3, 3, 1, 4, 2, 3, 4, 3, 2, 3, 2, 3, 2, 1, 4, 1, 2, 1, 3, 3, 2, 4, 1, 3, 1, 3, 4, 4, 3, 1, 1, 2, 2, 4, 2, 3, 2, 3, 2, 4, 1, 1, 3, 3, 3, 4, 3, 2, 2, 2, 4, 4, 4, 3, 1, 2, 4, 2, 3, 4, 3, 3, 3, 4, 4, 1, 4, 2, 3, 3, 4, 4, 3, 3, 1, 4, 1, 2, 1] [5, 7, 6, 4, 6, 4, 5, 7, 7, 6, 7, 4, 6, 6, 5, 7, 5, 4, 3, 6, 6, 6, 7, 5, 7, 3, 6, 7, 6, 6, 3, 5, 5, 4, 7, 5, 7, 4, 6, 4, 6, 5, 4, 7, 5, 5, 8, 6, 6, 5, 4, 7, 6, 6, 5, 4, 4, 7, 5, 5, 6, 7, 5, 7, 7, 6, 4, 6, 5, 5, 5, 6, 6, 7, 5, 3, 6, 3, 5, 4]
B_13 38.81 B 53 [4, 4, 1, 3, 2, 4, 3, 2, 1, 3, 1, 1, 2, 4, 1, 4, 4, 1, 4, 4, 4, 1, 4, 2, 3, 2, 4, 1, 2, 4, 1, 3, 4, 3, 2, 1, 2, 3, 4, 2, 1, 3, 1, 1, 3, 1, 1, 2, 3, 4, 4, 1, 4, 4, 4, 4, 1, 2, 2, 4, 2, 3, 3, 4, 3, 2, 1, 3, 1, 3, 3, 3, 3, 1, 3, 2, 3, 3, 1, 1] [8, 7, 5, 5, 6, 7, 7, 6, 5, 7, 4, 4, 4, 6, 4, 7, 6, 5, 7, 8, 7, 5, 6, 6, 7, 6, 7, 4, 6, 6, 4, 6, 7, 6, 6, 4, 5, 7, 6, 6, 3, 7, 3, 3, 6, 5, 3, 4, 5, 8, 8, 4, 6, 7, 8, 8, 4, 6, 6, 8, 5, 6, 6, 6, 7, 6, 4, 6, 3, 5, 6, 6, 7, 3, 5, 4, 7, 5, 5, 3]
B_14 42.660000000000004 B 54 [3, 3, 3, 1, 1, 2, 4, 1, 1, 4, 1, 1, 1, 4, 2, 2, 3, 4, 1, 2, 4, 1, 3, 3, 2, 3, 2, 2, 2, 4, 2, 3, 1, 4, 2, 4, 2, 1, 1, 3, 4, 3, 3, 3, 4, 4, 4, 2, 1, 1, 3, 3, 3, 4, 3, 4, 2, 3, 4, 4, 1, 4, 1, 4, 3, 3, 4, 1, 4, 2, 2, 2, 3, 4, 2, 2, 1, 4, 1, 3] [6, 7, 6, 4, 5, 5, 6, 5, 5, 7, 5, 4, 3, 7, 4, 4, 6, 7, 4, 6, 6, 5, 7, 6, 6, 6, 5, 5, 5, 6, 6, 5, 5, 6, 6, 6, 6, 5, 4, 6, 8, 6, 5, 5, 7, 8, 7, 5, 5, 4, 6, 5, 5, 8, 5, 7, 5, 7, 7, 7, 3, 6, 4, 6, 6, 7, 8, 5, 6, 6, 4, 5, 7, 6, 4, 5, 4, 8, 4, 5]
B_15 47.32000000000001 B 55 [4, 2, 2, 1, 1, 4, 2, 2, 1, 3, 2, 1, 1, 4, 1, 3, 1, 1, 4, 4, 1, 4, 4, 1, 4, 4, 1, 4, 4, 4, 3, 1, 4, 4, 3, 4, 1, 4, 1, 1, 3, 1, 3, 4, 3, 3, 1, 4, 4, 4, 1, 2, 1, 4, 4, 1, 2, 3, 4, 3, 1, 1, 2, 2, 2, 1, 1, 1, 2, 1, 4, 1, 1, 4, 3, 3, 3, 2, 4, 4] [7, 4, 5, 3, 5, 8, 6, 5, 5, 5, 4, 4, 3, 7, 4, 5, 3, 5, 6, 7, 3, 7, 6, 5, 8, 7, 4, 6, 7, 8, 5, 5, 8, 6, 7, 7, 3, 6, 5, 4, 6, 5, 7, 7, 7, 5, 5, 8, 6, 7, 4, 4, 4, 8, 7, 3, 6, 7, 6, 5, 3, 3, 6, 5, 4, 3, 3, 5, 5, 4, 8, 5, 3, 8, 5, 6, 6, 5, 6, 6]
B_16 49.68000000000001 B 56 [4, 1, 1, 4, 2, 2, 3, 3, 4, 2, 3, 1, 3, 3, 2, 2, 4, 3, 1, 2, 2, 4, 2, 3, 1, 3, 3, 1, 3, 4, 3, 2, 3, 3, 2, 2, 2, 3, 4, 2, 4, 4, 4, 3, 2, 1, 3, 4, 3, 4, 4, 3, 2, 1, 2, 2, 3, 2, 4, 2, 2, 2, 2, 3, 1, 1, 3, 2, 3, 1, 3, 3, 2, 3, 3, 2, 2, 3, 1, 3] [6, 5, 3, 6, 5, 4, 6, 7, 8, 5, 5, 3, 7, 7, 4, 4, 7, 5, 4, 5, 4, 8, 6, 5, 3, 6, 6, 5, 7, 6, 7, 4, 6, 5, 5, 6, 5, 7, 6, 5, 8, 7, 7, 5, 5, 5, 5, 7, 5, 6, 7, 5, 4, 4, 5, 6, 7, 6, 8, 6, 5, 4, 6, 5, 4, 3, 5, 6, 5, 5, 7, 5, 4, 7, 6, 6, 6, 6, 3, 5]
B_17 52.830000000000005 B 57 [4, 1, 4, 2, 1, 2, 3, 4, 4, 2, 4, 2, 2, 2, 4, 1, 2, 4, 2, 1, 2, 4, 3, 3, 2, 3, 2, 4, 1, 1, 1, 1, 1, 3, 2, 1, 4, 4, 3, 2, 4, 2, 1, 3, 4, 2, 1, 3, 4, 4, 1, 1, 4, 2, 3, 3, 2, 1, 1, 2, 2, 3, 2, 3, 2, 2, 2, 1, 3, 1, 1, 1, 3, 3, 2, 1, 3, 4, 2, 3] [8, 4, 8, 4, 3, 6, 7, 6, 7, 6, 8, 4, 4, 4, 6, 5, 6, 7, 5, 3, 4, 7, 5, 6, 5, 7, 6, 6, 5, 5, 5, 5, 3, 7, 4, 4, 7, 6, 5, 6, 7, 6, 3, 5, 7, 4, 4, 7, 7, 7, 5, 3, 7, 6, 7, 7, 6, 3, 4, 5, 5, 6, 6, 7, 6, 6, 5, 3, 7, 3, 4, 4, 5, 6, 6, 3, 6, 7, 4, 7]
B_18 53.95 B 58 [4, 2, 2, 3, 2, 4, 1, 1, 4, 4, 2, 3, 1, 4, 3, 3, 2, 2, 1, 3, 4, 4, 2, 1, 4, 2, 1, 3, 4, 2, 1, 1, 4, 2, 2, 3, 4, 2, 4, 1, 3, 1, 3, 1, 2, 2, 1, 4, 4, 2, 3, 1, 2, 2, 4, 4, 4, 1, 4, 4, 3, 1, 2, 3, 1, 4, 3, 3, 3, 2, 1, 1, 1, 1, 1, 1, 3, 4, 3, 2] [8, 5, 4, 5, 6, 7, 5, 4, 6, 7, 6, 5, 3, 7, 6, 7, 6, 6, 3, 6, 6, 7, 4, 5, 8, 6, 5, 5, 8, 6, 3, 5, 6, 5, 5, 5, 6, 5, 7, 4, 5, 4, 7, 5, 6, 4, 4, 7, 8, 4, 5, 5, 5, 6, 7, 6, 8, 4, 8, 8, 6, 3, 6, 5, 3, 7, 7, 7, 6, 4, 5, 4, 4, 3, 4, 5, 7, 7, 5, 4]
B_19 54.95 B 59 [4, 1, 4, 1, 1, 4, 1, 3, 4, 2, 4, 2, 2, 4, 2, 3, 4, 3, 2, 4, 1, 2, 2, 4, 2, 4, 1, 4, 4, 2, 2, 4, 4, 3, 3, 3, 4, 2, 2, 2, 1, 4, 3, 2, 3, 1, 3, 4, 1, 4, 4, 2, 3, 4, 4, 3, 2, 2, 4, 4, 2, 3, 1, 3, 3, 1, 2, 1, 4, 3, 3, 3, 4, 3, 3, 4, 2, 3, 1, 3] [6, 5, 8, 4, 4, 8, 4, 6, 6, 6, 8, 6, 5, 6, 5, 6, 8, 7, 6, 7, 3, 6, 6, 7, 6, 7, 3, 6, 7, 4, 5, 6, 8, 7, 6, 5, 6, 6, 5, 4, 5, 6, 7, 5, 7, 5, 7, 6, 5, 7, 6, 4, 5, 8, 7, 5, 6, 5, 8, 6, 6, 5, 4, 5, 6, 5, 4, 5, 8, 5, 7, 5, 6, 7, 6, 7, 4, 6, 5, 7]
B_20 56.290000000000006 B 60 [1, 1, 4, 1, 1, 3, 2, 1, 4, 4, 4, 4, 3, 3, 3, 1, 2, 4, 4, 2, 4, 2, 4, 1, 1, 3, 1, 4, 4, 4, 1, 3, 3, 1, 3, 3, 4, 4, 1, 3, 1, 3, 1, 2, 4, 3, 1, 3, 2, 1, 1, 2, 4, 2, 1, 1, 2, 2, 3, 2, 4, 4, 1, 3, 2, 1, 4, 1, 2, 4, 1, 1, 1, 4, 3, 1, 1, 4, 2, 2] [4, 3, 6, 3, 3, 5, 6, 4, 8, 8, 6, 7, 7, 5, 7, 5, 6, 7, 8, 4, 7, 6, 8, 4, 4, 5, 4, 6, 7, 7, 4, 7, 7, 4, 5, 5, 7, 8, 5, 7, 5, 7, 4, 4, 7, 5, 4, 5, 6, 4, 5, 5, 6, 5, 3, 3, 5, 5, 6, 6, 6, 8, 4, 6, 5, 5, 8, 3, 5, 6, 4, 3, 4, 7, 5, 5, 4, 8, 6, 4]
B_21 60.78000000000001 B 61 [4, 1, 1, 1, 2, 3, 4, 1, 2, 2, 4, 4, 4, 4, 3, 2, 4, 4, 3, 2, 4, 2, 4, 1, 1, 4, 1, 2, 4, 2, 3, 4, 3, 2, 3, 2, 1, 4, 3, 4, 3, 2, 4, 3, 2, 1, 1, 4, 1, 1, 3, 4, 3, 3, 4, 1, 2, 3, 1, 3, 4, 1, 4, 2, 2, 3, 4, 2, 4, 2, 4, 2, 2, 1, 2, 2, 4, 4, 1, 2] [7, 4, 5, 3, 6, 6, 8, 3, 6, 4, 7, 7, 7, 7, 7, 6, 7, 7, 6, 6, 8, 4, 7, 5, 3, 7, 5, 6, 8, 4, 6, 8, 5, 5, 5, 4, 3, 7, 6, 6, 5, 4, 6, 6, 5, 5, 5, 8, 5, 5, 5, 6, 7, 6, 6, 3, 4, 6, 3, 5, 8, 4, 8, 5, 5, 6, 8, 5, 7, 6, 8, 5, 6, 5, 6, 6, 8, 7, 4, 4]
B_22 74.84 B 62 [2, 4, 4, 3, 4, 1, 4, 2, 3, 1, 2, 1, 4, 1, 3, 4, 3, 1, 2, 4, 1, 2, 1, 2, 1, 1, 4, 3, 4, 4, 2, 3, 1, 4, 4, 1, 1, 3, 1, 2, 2, 2, 3, 1, 3, 3, 4, 4, 2, 1, 2, 2, 3, 3, 1, 2, 2, 2, 2, 1, 1, 4, 1, 3, 1, 4, 1, 1, 4, 2, 2, 3, 2, 3, 1, 4, 4, 3, 4, 1] [4, 7, 8, 5, 8, 4, 6, 6, 7, 3, 4, 3, 7, 5, 6, 7, 5, 3, 4, 8, 5, 4, 4, 5, 3, 4, 7, 7, 7, 7, 4, 5, 4, 6, 6, 5, 4, 7, 3, 4, 6, 6, 5, 3, 6, 6, 6, 6, 6, 4, 5, 5, 5, 6, 4, 6, 6, 6, 6, 4, 4, 8, 4, 6, 3, 6, 5, 4, 7, 5, 5, 5, 6, 6, 4, 7, 7, 6, 7, 4]
B_23 77.68 B 63 [4, 3, 4, 2, 2, 2, 2, 2, 1, 1, 3, 3, 1, 3, 1, 2, 2, 3, 3, 2, 4, 4, 4, 3, 2, 2, 4, 3, 2, 2, 1, 1, 1, 2, 3, 4, 3, 3, 4, 3, 1, 4, 1, 3, 4, 3, 4, 4, 2, 3, 3, 3, 3, 4, 4, 2, 3, 3, 3, 3, 3, 2, 3, 1, 4, 3, 2, 3, 2, 4, 1, 3, 4, 3, 3, 1, 3, 3, 2, 2] [8, 6, 6, 5, 4, 6, 5, 5, 5, 5, 5, 7, 4, 6, 3, 6, 6, 7, 7, 4, 6, 7, 6, 5, 5, 4, 6, 5, 5, 6, 5, 5, 4, 4, 6, 7, 7, 7, 7, 7, 3, 7, 4, 7, 7, 7, 7, 6, 5, 5, 5, 6, 7, 6, 6, 5, 5, 7, 5, 5, 6, 5, 6, 4, 7, 5, 6, 6, 6, 8, 5, 5, 6, 5, 7, 4, 5, 5, 5, 5]
B_24 80.22000000000001 B 64 [3, 3, 2, 2, 4, 2, 4, 1, 4, 3, 1, 4, 2, 3, 4, 4, 3, 3, 3, 3, 2, 4, 4, 1, 2, 2, 2, 2, 2, 4, 1, 1, 4, 4, 2, 2, 1, 3, 4, 3, 4, 1, 3, 4, 2, 4, 3, 4, 3, 2, 3, 1, 4, 3, 3, 2, 1, 2, 1, 3, 2, 2, 1, 4, 4, 2, 2, 2, 4, 4, 3, 4, 4, 2, 2, 4, 3, 4, 2, 3] [5, 6, 4, 4, 6, 5, 8, 4, 8, 7, 5, 8, 4, 6, 6, 7, 6, 5, 6, 6, 6, 7, 6, 4, 6, 5, 4, 5, 6, 6, 4, 5, 8, 6, 6, 5, 5, 7, 8, 5, 6, 5, 5, 6, 4, 6, 6, 8, 5, 4, 5, 4, 7, 7, 6, 4, 4, 6, 3, 6, 5, 5, 3, 7, 7, 6, 4, 6, 6, 8, 6, 6, 8, 6, 5, 7, 6, 6, 5, 7]
B_25 81.22000000000001 B 65 [2, 1, 3, 3, 2, 2, 4, 2, 4, 2, 2, 2, 1, 4, 4, 1, 2, 3, 4, 4, 4, 1, 3, 1, 1, 2, 1, 2, 4, 4, 2, 4, 1, 2, 1, 4, 3, 4, 2, 2, 4, 2, 1, 3, 4, 4, 3, 4, 4, 4, 2, 4, 4, 2, 3, 1, 1, 2, 4, 1, 1, 3, 4, 3, 2, 1, 4, 1, 3, 2, 2, 4, 1, 4, 1, 2, 1, 4, 3, 2] [4, 4, 7, 7, 4, 4, 7, 4, 8, 6, 5, 5, 4, 8, 8, 4, 5, 6, 8, 8, 7, 3, 6, 5, 3, 5, 4, 4, 7, 8, 6, 7, 4, 5, 5, 6, 6, 8, 4, 6, 7, 6, 4, 7, 8, 8, 6, 7, 7, 7, 5, 6, 6, 6, 7, 3, 3, 6, 7, 5, 5, 6, 6, 5, 6, 5, 8, 5, 5, 4, 4, 6, 3, 7, 4, 4, 3, 6, 6, 6]
B_26 82.22000000000001 B 66 [1, 4, 1, 4, 4, 4, 3, 2, 3, 3, 3, 2, 2, 1, 3, 1, 2, 1, 4, 1, 3, 3, 1, 2, 1, 2, 1, 4, 4, 3, 2, 1, 1, 3, 3, 3, 2, 2, 3, 4, 2, 4, 3, 3, 4, 2, 3, 1, 2, 4, 3, 1, 1, 1, 4, 1, 3, 2, 3, 2, 4, 4, 1, 2, 2, 4, 4, 4, 2, 3, 4, 3, 2, 1, 2, 4, 4, 1, 3, 1] [3, 6, 5, 8, 8, 7, 7, 5, 6, 5, 6, 6, 6, 4, 6, 4, 6, 3, 8, 4, 5, 5, 4, 5, 5, 6, 5, 6, 8, 5, 6, 4, 5, 6, 5, 5, 5, 6, 7, 8, 5, 8, 7, 7, 7, 5, 7, 4, 5, 8, 7, 3, 4, 4, 8, 3, 5, 5, 7, 4, 8, 8, 5, 6, 4, 8, 7, 6, 4, 5, 8, 5, 5, 4, 5, 7, 6, 3, 6, 3]
B_27 89.55000000000001 B 67 [1, 2, 4, 4, 4, 4, 3, 1, 1, 4, 4, 2, 2, 1, 1, 4, 4, 1, 2, 1, 2, 4, 4, 1, 2, 3, 4, 3, 4, 4, 1, 2, 1, 3, 4, 2, 2, 2, 3, 2, 4, 4, 2, 3, 1, 4, 3, 3, 1, 2, 3, 3, 4, 3, 1, 1, 2, 1, 3, 1, 1, 2, 1, 3, 2, 1, 4, 1, 1, 3, 1, 3, 1, 4, 3, 4, 2, 4, 3, 4] [3, 4, 7, 7, 7, 7, 5, 3, 4, 8, 8, 6, 6, 5, 5, 7, 6, 4, 4, 3, 5, 7, 6, 3, 6, 7, 6, 5, 8, 7, 5, 6, 4, 5, 7, 6, 4, 5, 7, 5, 6, 8, 4, 6, 4, 6, 7, 5, 5, 4, 7, 6, 6, 6, 5, 5, 6, 3, 7, 5, 3, 5, 4, 6, 6, 5, 6, 3, 4, 7, 5, 6, 3, 8, 7, 7, 4, 6, 7, 7]
B_28 90.92000000000002 B 68 [2, 2, 1, 1, 3, 1, 3, 2, 4, 1, 2, 2, 3, 2, 3, 4, 4, 4, 3, 3, 1, 4, 4, 3, 3, 2, 2, 3, 2, 2, 4, 4, 3, 3, 1, 4, 1, 2, 2, 4, 4, 4, 2, 1, 1, 1, 1, 1, 3, 4, 3, 1, 2, 1, 4, 2, 3, 3, 3, 4, 2, 4, 4, 2, 4, 3, 2, 1, 2, 2, 4, 3, 3, 3, 2, 2, 4, 2, 4, 4] [6, 5, 5, 3, 6, 5, 6, 6, 6, 3, 6, 5, 6, 5, 7, 8, 8, 8, 7, 7, 5, 8, 7, 5, 5, 6, 6, 6, 6, 6, 8, 6, 5, 5, 5, 8, 4, 5, 5, 7, 6, 7, 5, 4, 5, 3, 4, 3, 7, 8, 7, 3, 5, 3, 6, 5, 5, 7, 6, 8, 5, 7, 7, 6, 6, 5, 4, 4, 6, 4, 7, 6, 7, 5, 6, 5, 7, 5, 7, 6]
B_29 95.61000000000001 B 69 [4, 1, 1, 2, 3, 2, 3, 1, 1, 3, 2, 3, 2, 2, 2, 4, 4, 3, 1, 2, 4, 1, 1, 1, 1, 2, 2, 2, 3, 3, 1, 1, 4, 2, 2, 3, 4, 2, 2, 3, 1, 4, 3, 3, 3, 2, 2, 3, 4, 4, 3, 4, 3, 3, 2, 1, 1, 1, 2, 3, 4, 2, 2, 4, 4, 2, 3, 3, 2, 3, 3, 1, 1, 2, 4, 4, 2, 4, 3, 4] [6, 4, 5, 4, 6, 6, 5, 4, 5, 6, 6, 5, 4, 4, 4, 6, 8, 7, 4, 4, 7, 5, 5, 5, 5, 6, 6, 6, 6, 6, 4, 3, 6, 5, 5, 5, 6, 6, 5, 6, 4, 6, 5, 7, 6, 6, 4, 6, 6, 6, 7, 8, 5, 5, 6, 4, 5, 3, 4, 5, 6, 6, 5, 8, 8, 4, 5, 7, 4, 6, 6, 4, 4, 6, 8, 6, 4, 6, 6, 7]
B_30 96.61000000000001 B 70 [2, 2, 2, 4, 3, 2, 1, 4, 4, 3, 3, 2, 4, 4, 1, 4, 4, 2, 4, 2, 2, 4, 3, 1, 1, 3, 1, 1, 1, 4, 4, 1, 2, 2, 2, 3, 1, 1, 4, 4, 4, 2, 4, 1, 1, 1, 3, 4, 4, 2, 1, 2, 3, 3, 2, 4, 3, 1, 1, 3, 1, 4, 2, 1, 3, 2, 4, 1, 4, 3, 4, 1, 1, 2, 2, 3, 4, 3, 2, 1] [5, 4, 4, 8, 7, 5, 5, 6, 8, 7, 6, 5, 8, 8, 3, 6, 7, 5, 6, 4, 6, 8, 7, 4, 5, 5, 4, 5, 5, 6, 8, 5, 4, 6, 4, 5, 5, 5, 8, 8, 6, 4, 6, 5, 5, 3, 5, 8, 7, 6, 5, 5, 5, 6, 4, 8, 7, 4, 5, 7, 4, 8, 5, 5, 6, 4, 8, 5, 7, 6, 8, 3, 3, 6, 4, 5, 8, 6, 4, 5]
B_31 98.16000000000001 B 71 [4, 4, 3, 2, 1, 3, 3, 2, 1, 3, 1, 2, 2, 2, 1, 3, 4, 1, 1, 3, 2, 3, 1, 4, 2, 4, 1, 3, 1, 4, 3, 1, 1, 1, 3, 3, 3, 3, 3, 3, 2, 3, 2, 4, 2, 4, 4, 2, 3, 1, 2, 2, 4, 3, 2, 1, 3, 1, 1, 3, 1, 2, 3, 3, 4, 4, 3, 3, 3, 1, 1, 1, 2, 4, 3, 3, 4, 1, 1, 3] [6, 8, 5, 4, 3, 5, 7, 6, 4, 7, 3, 6, 5, 4, 3, 6, 7, 3, 4, 7, 6, 6, 4, 8, 5, 6, 4, 5, 5, 7, 6, 3, 5, 3, 6, 7, 7, 6, 7, 6, 4, 7, 6, 8, 4, 7, 6, 4, 5, 3, 5, 5, 6, 6, 5, 5, 5, 4, 4, 5, 3, 5, 5, 5, 6, 6, 5, 6, 6, 4, 3, 4, 5, 7, 7, 6, 7, 5, 5, 5]
B_32 99.16000000000001 B 72 [1, 1, 2, 3, 1, 1, 2, 4, 3, 4, 4, 1, 3, 3, 1, 4, 1, 2, 2, 3, 3, 3, 4, 3, 1, 3, 2, 4, 2, 2, 2, 1, 2, 2, 1, 4, 4, 1, 4, 2, 1, 3, 1, 1, 3, 3, 1, 3, 3, 3, 1, 2, 4, 3, 3, 1, 2, 3, 1, 4, 1, 2, 2, 4, 4, 1, 2, 1, 3, 1, 1, 2, 1, 1, 3, 4, 3, 3, 3, 2] [3, 3, 6, 5, 5, 3, 6, 8, 6, 8, 6, 4, 7, 7, 4, 6, 4, 6, 4, 6, 7, 5, 8, 7, 5, 6, 4, 8, 5, 4, 5, 3, 6, 4, 5, 7, 7, 5, 8, 6, 5, 7, 5, 3, 7, 7, 5, 6, 5, 7, 4, 4, 6, 7, 7, 3, 4, 5, 4, 6, 4, 6, 6, 6, 8, 3, 5, 3, 7, 4, 3, 5, 3, 5, 7, 6, 5, 7, 5, 6]
B_33 101.79 B 73 [2, 4, 3, 4, 4, 3, 4, 4, 2, 4, 4, 2, 2, 3, 1, 1, 2, 3, 3, 1, 1, 4, 3, 4, 1, 3, 3, 3, 3, 1, 3, 1, 3, 4, 3, 2, 3, 1, 4, 2, 4, 1, 1, 1, 1, 1, 2, 4, 1, 3, 2, 1, 3, 1, 4, 4, 3, 3, 1, 3, 4, 1, 3, 3, 2, 4, 1, 4, 3, 2, 2, 4, 1, 3, 2, 4, 2, 4, 3, 3] [4, 6, 5, 7, 8, 5, 7, 6, 6, 7, 6, 5, 4, 5, 4, 3, 4, 6, 6, 5, 5, 8, 6, 8, 3, 5, 6, 7, 6, 4, 7, 5, 7, 8, 6, 4, 7, 4, 8, 4, 7, 5, 5, 3, 4, 3, 6, 7, 5, 6, 4, 3, 7, 3, 6, 8, 7, 6, 3, 7, 7, 5, 6, 5, 6, 7, 4, 8, 5, 6, 6, 7, 5, 6, 6, 8, 6, 8, 6, 6]
B_34 111.60000000000001 B 74 [4, 4, 2, 3, 1, 1, 3, 2, 3, 4, 4, 2, 4, 4, 3, 2, 3, 3, 4, 2, 3, 3, 4, 2, 4, 2, 4, 1, 4, 1, 1, 4, 3, 4, 2, 3, 4, 3, 2, 1, 4, 2, 4, 2, 1, 3, 1, 3, 3, 1, 4, 1, 3, 3, 2, 3, 3, 2, 1, 3, 3, 2, 1, 3, 2, 1, 2, 3, 2, 4, 2, 3, 3, 2, 4, 2, 2, 4, 3, 4] [6, 8, 5, 5, 5, 5, 7, 5, 6, 8, 6, 5, 6, 8, 7, 5, 7, 7, 8, 4, 5, 5, 6, 6, 7, 6, 7, 4, 6, 3, 5, 8, 5, 8, 6, 6, 7, 5, 4, 3, 6, 5, 6, 5, 3, 5, 5, 5, 5, 5, 7, 5, 5, 5, 4, 5, 6, 6, 4, 6, 5, 6, 4, 7, 5, 4, 5, 7, 6, 8, 4, 7, 7, 6, 7, 6, 5, 8, 5, 7]
B_35 113.74000000000001 B 75 [2, 2, 2, 4, 3, 2, 4, 3, 1, 4, 3, 4, 4, 1, 1, 1, 2, 4, 1, 1, 1, 3, 3, 3, 3, 3, 4, 2, 3, 2, 1, 1, 1, 3, 2, 1, 2, 1, 1, 4, 1, 3, 2, 3, 3, 1, 1, 4, 3, 2, 2, 4, 1, 2, 2, 3, 2, 1, 1, 4, 1, 2, 4, 1, 4, 2, 4, 4, 2, 4, 3, 3, 4, 4, 2, 1, 3, 4, 3, 3] [5, 5, 4, 6, 5, 6, 7, 5, 5, 6, 7, 6, 6, 5, 4, 4, 6, 8, 4, 4, 3, 6, 7, 5, 6, 7, 8, 4, 5, 4, 5, 4, 5, 7, 4, 4, 4, 5, 4, 6, 4, 7, 4, 7, 7, 5, 5, 8, 6, 4, 4, 7, 3, 4, 5, 6, 6, 3, 5, 7, 5, 6, 7, 4, 7, 4, 7, 7, 5, 6, 5, 6, 6, 8, 6, 4, 6, 7, 7, 7]
B_36 114.74000000000001 B 76 [1, 3, 3, 3, 3, 2, 4, 2, 4, 2, 3, 1, 3, 2, 2, 1, 4, 4, 4, 3, 1, 1, 3, 1, 1, 3, 4, 1, 1, 1, 3, 3, 4, 3, 4, 4, 1, 2, 4, 4, 2, 3, 1, 4, 4, 1, 4, 4, 3, 4, 3, 2, 4, 3, 1, 3, 2, 3, 3, 2, 1, 4, 4, 3, 3, 1, 4, 2, 4, 2, 4, 4, 3, 2, 2, 3, 4, 2, 4, 4] [3, 6, 7, 5, 7, 4, 8, 4, 7, 5, 6, 3, 5, 6, 4, 4, 7, 8, 8, 5, 5, 5, 5, 3, 3, 5, 8, 3, 4, 5, 7, 7, 7, 6, 6, 6, 4, 4, 8, 6, 5, 7, 4, 6, 7, 5, 6, 8, 7, 7, 7, 5, 6, 7, 4, 6, 6, 6, 7, 4, 4, 8, 7, 5, 6, 3, 6, 4, 7, 4, 8, 7, 5, 6, 5, 6, 6, 6, 7, 6]
B_37 116.75000000000001 B 77 [1, 4, 4, 3, 4, 1, 4, 3, 2, 4, 4, 3, 4, 3, 1, 1, 4, 3, 2, 4, 2, 1, 3, 1, 2, 1, 2, 3, 1, 4, 2, 4, 1, 2, 1, 1, 4, 3, 1, 2, 2, 4, 3, 1, 4, 4, 2, 2, 4, 3, 4, 4, 1, 3, 4, 2, 3, 4, 4, 3, 4, 4, 3, 3, 4, 4, 1, 4, 2, 4, 3, 1, 3, 4, 4, 4, 2, 4, 3, 2] [3, 6, 8, 5, 6, 5, 8, 5, 4, 8, 6, 5, 6, 7, 5, 4, 8, 7, 5, 6, 5, 5, 7, 4, 4, 5, 5, 5, 4, 8, 6, 6, 4, 4, 3, 3, 7, 5, 3, 6, 4, 6, 5, 3, 8, 6, 4, 4, 8, 5, 7, 8, 3, 5, 8, 5, 6, 7, 7, 6, 8, 7, 6, 5, 6, 6, 3, 6, 5, 6, 6, 5, 7, 8, 8, 7, 6, 8, 6, 5]
B_38 117.86000000000001 B 78 [3, 2, 2, 2, 2, 4, 1, 2, 1, 3, 3, 4, 3, 1, 4, 3, 1, 3, 2, 4, 1, 1, 1, 4, 3, 4, 3, 3, 4, 4, 2, 1, 2, 4, 2, 2, 4, 4, 4, 4, 4, 2, 2, 2, 1, 2, 2, 1, 1, 3, 2, 2, 2, 1, 1, 4, 1, 2, 3, 1, 2, 1, 4, 2, 2, 3, 3, 3, 4, 3, 2, 1, 3, 3, 3, 3, 4, 3, 2, 4] [7, 5, 5, 6, 4, 6, 5, 5, 4, 7, 7, 8, 6, 4, 7, 5, 3, 7, 6, 8, 3, 4, 4, 6, 7, 8, 6, 6, 7, 7, 4, 5, 6, 6, 4, 6, 7, 7, 8, 8, 7, 6, 5, 4, 5, 5, 4, 3, 5, 7, 6, 6, 5, 5, 4, 6, 3, 4, 5, 5, 6, 4, 7, 5, 5, 6, 6, 7, 7, 6, 4, 5, 5, 6, 5, 7, 7, 6, 5, 7]
B_39 118.86000000000001 B 79 [4, 4, 2, 3, 1, 1, 3, 3, 2, 2, 1, 3, 4, 1, 2, 1, 2, 3, 1, 1, 2, 1, 2, 1, 1, 4, 3, 3, 2, 2, 2, 3, 4, 1, 1, 3, 4, 4, 2, 3, 4, 1, 4, 1, 3, 1, 2, 3, 3, 4, 4, 3, 1, 1, 3, 4, 3, 3, 2, 3, 2, 2, 1, 2, 3, 2, 1, 4, 4, 4, 1, 3, 2, 3, 4, 3, 4, 2, 4, 1] [6, 6, 5, 6, 3, 5, 6, 7, 6, 6, 5, 7, 7, 5, 4, 4, 4, 7, 3, 5, 4, 4, 4, 4, 5, 8, 7, 5, 4, 4, 6, 7, 6, 3, 4, 7, 6, 7, 4, 7, 6, 4, 8, 3, 7, 3, 4, 5, 6, 6, 8, 7, 4, 3, 5, 6, 5, 7, 4, 7, 4, 4, 4, 5, 7, 6, 3, 7, 6, 7, 5, 5, 6, 6, 7, 7, 6, 5, 7, 3]
