A_0 1 A 0 [2, 4, 4, 1, 1, 3, 2, 4, 3, 3, 2, 1, 1, 3, 3, 4, 1, 4, 4, 2, 2, 1, 4, 4, 4, 3, 2, 2, 2, 1, 1, 1, 3, 1, 3, 4, 1, 2, 3, 1, 1, 3, 3, 4, 3, 3, 2, 4, 2, 1, 1, 4, 1, 2, 2, 1, 1, 2, 4, 1, 1, 2, 1, 3, 2, 1, 3, 3, 2, 4, 4, 4, 2, 4, 3, 1, 4, 3, 4, 2] [4, 8, 7, 3, 4, 6, 5, 8, 7, 5, 5, 5, 3, 5, 5, 8, 4, 8, 7, 6, 6, 5, 7, 7, 6, 5, 6, 5, 6, 5, 4, 4, 6, 4, 6, 6, 5, 5, 5, 5, 4, 5, 7, 8, 5, 7, 4, 7, 4, 4, 5, 8, 5, 5, 4, 3, 4, 4, 8, 4, 4, 4, 5, 6, 6, 3, 5, 6, 6, 8, 8, 7, 4, 7, 5, 3, 6, 5, 6, 6]
A_1 2.37 A 1 [4, 2, 2, 1, 2, 2, 2, 4, 2, 1, 2, 3, 1, 1, 4, 3, 4, 1, 2, 3, 1, 1, 4, 1, 2, 1, 2, 4, 2, 3, 3, 3, 2, 4, 1, 3, 3, 2, 4, 1, 4, 4, 1, 3, 1, 1, 3, 4, 3, 2, 1, 1, 3, 4, 4, 4, 2, 3, 4, 3, 3, 4, 2, 2, 2, 2, 3, 4, 3, 2, 4, 4, 2, 2, 1, 2, 4, 2, 2, 1] [8, 4, 5, 3, 6, 5, 5, 6, 5, 4, 5, 7, 3, 4, 8, 6, 6, 4, 6, 7, 4, 3, 8, 4, 4, 3, 5, 7, 6, 5, 7, 5, 4, 7, 4, 7, 7, 5, 7, 4, 8, 6, 5, 7, 3, 3, 6, 8, 6, 5, 5, 3, 6, 7, 7, 7, 5, 6, 8, 5, 6, 6, 5, 5, 5, 5, 7, 8, 5, 6, 7, 6, 6, 4, 5, 5, 7, 5, 5, 3]
A_2 3.74 A 2 [4, 2, 2, 2, 4, 3, 2, 3, 1, 2, 3, 1, 1, 3, 1, 2, 4, 1, 3, 1, 3, 2, 3, 4, 3, 4, 3, 2, 3, 1, 3, 3, 4, 1, 4, 3, 1, 4, 1, 4, 1, 1, 4, 3, 2, 3, 2, 3, 2, 1, 3, 3, 1, 3, 4, 3, 3, 2, 4, 4, 1, 4, 4, 1, 3, 1, 3, 2, 3, 4, 2, 2, 4, 3, 4, 1, 3, 4, 1, 4] [7, 5, 4, 4, 6, 5, 6, 6, 4, 4, 7, 4, 4, 7, 5, 4, 6, 5, 6, 5, 7, 5, 5, 6, 6, 6, 6, 6, 7, 5, 5, 6, 7, 3, 7, 5, 3, 7, 3, 7, 4, 5, 6, 5, 4, 6, 6, 7, 5, 4, 6, 6, 3, 5, 6, 6, 6, 5, 6, 6, 4, 8, 8, 3, 5, 3, 5, 4, 6, 6, 6, 4, 6, 5, 7, 5, 5, 8, 5, 6]
A_3 9.57 A 3 [1, 1, 2, 2, 2, 2, 3, 3, 3, 3, 1, 4, 3, 1, 4, 2, 4, 1, 1, 2, 3, 4, 4, 4, 4, 1, 2, 3, 4, 3, 2, 2, 2, 1, 2, 1, 4, 4, 1, 4, 3, 3, 2, 1, 2, 1, 1, 2, 1, 1, 4, 4, 4, 3, 3, 4, 3, 2, 1, 2, 2, 4, 4, 2, 3, 2, 1, 2, 3, 4, 2, 3, 3, 4, 3, 2, 1, 2, 2, 2] [3, 3, 4, 6, 5, 5, 5, 7, 6, 6, 4, 7, 7, 5, 7, 6, 8, 5, 3, 4, 7, 7, 6, 7, 6, 3, 6, 5, 8, 6, 4, 6, 6, 3, 6, 4, 8, 8, 3, 8, 6, 5, 4, 5, 6, 5, 5, 4, 5, 5, 6, 7, 6, 6, 7, 6, 5, 6, 3, 6, 6, 7, 8, 5, 7, 6, 3, 5, 7, 7, 6, 5, 6, 8, 6, 5, 4, 6, 6, 6]
A_4 12.690000000000001 A 4 [1, 2, 4, 2, 2, 4, 2, 4, 3, 3, 4, 2, 2, 4, 2, 2, 4, 3, 4, 1, 4, 2, 4, 3, 1, 2, 1, 2, 2, 2, 3, 3, 3, 4, 3, 2, 3, 2, 1, 2, 1, 4, 4, 4, 3, 3, 4, 1, 2, 1, 4, 4, 1, 1, 4, 1, 1, 1, 4, 2, 3, 1, 1, 3, 4, 3, 4, 2, 3, 4, 4, 3, 2, 3, 1, 4, 2, 1, 4, 2] [4, 6, 6, 5, 5, 6, 5, 6, 7, 6, 6, 5, 5, 6, 5, 6, 7, 7, 7, 4, 6, 5, 6, 6, 3, 6, 5, 5, 6, 5, 7, 7, 6, 6, 7, 5, 7, 5, 5, 5, 4, 7, 7, 8, 6, 5, 7, 3, 5, 3, 8, 7, 3, 5, 7, 4, 4, 3, 8, 5, 5, 4, 3, 5, 7, 6, 6, 5, 7, 7, 6, 7, 6, 7, 5, 6, 4, 5, 6, 6]
A_5 16.03 A 5 [3, 2, 3, 2, 4, 4, 2, 4, 4, 1, 3, 3, 1, 2, 2, 1, 3, 2, 4, 1, 4, 1, 3, 2, 4, 1, 2, 4, 1, 1, 4, 3, 4, 1, 1, 2, 4, 4, 1, 1, 3, 4, 4, 1, 3, 2, 3, 3, 4, 2, 2, 1, 4, 4, 2, 4, 4, 2, 4, 3, 1, 2, 4, 1, 3, 4, 3, 1, 1, 1, 1, 1, 2, 4, 2, 3, 1, 2, 1, 4] [6, 5, 5, 5, 6, 6, 4, 6, 8, 5, 6, 5, 3, 5, 4, 4, 7, 6, 7, 3, 8, 3, 6, 5, 7, 3, 5, 7, 3, 3, 7, 6, 8, 3, 3, 6, 7, 7, 5, 5, 5, 8, 6, 4, 5, 4, 7, 6, 8, 5, 5, 5, 6, 8, 4, 6, 6, 5, 6, 5, 3, 5, 7, 4, 6, 6, 6, 5, 3, 4, 3, 3, 4, 6, 4, 5, 4, 6, 3, 8]
A_6 19.5 A 6 [2, 2, 2, 3, 2, 2, 2, 1, 1, 4, 2, 1, 4, 1, 2, 4, 3, 3, 4, 2, 3, 2, 4, 1, 4, 2, 4, 3, 3, 3, 3, 1, 4, 2, 3, 2, 1, 4, 4, 3, 3, 3, 3, 3, 2, 3, 4, 4, 2, 2, 4, 3, 3, 4, 3, 1, 3, 4, 4, 3, 4, 4, 2, 2, 4, 1, 1, 2, 1, 1, 2, 4, 1, 3, 3, 4, 3, 3, 1, 2] [5, 5, 6, 5, 5, 4, 6, 4, 3, 7, 5, 3, 7, 3, 5, 8, 6, 6, 6, 6, 7, 5, 6, 3, 6, 4, 8, 7, 6, 7, 5, 4, 8, 6, 5, 5, 4, 7, 8, 5, 5, 7, 6, 6, 5, 6, 6, 6, 4, 4, 8, 7, 7, 8, 7, 5, 5, 8, 6, 7, 7, 8, 5, 5, 6, 4, 3, 4, 5, 4, 4, 8, 5, 6, 7, 7, 6, 7, 3, 5]
A_7 20.5 A 7 [4, 4, 3, 3, 4, 4, 1, 1, 3, 2, 2, 4, 2, 3, 3, 3, 1, 4, 4, 4, 4, 1, 4, 2, 1, 4, 1, 4, 1, 3, 3, 2, 1, 3, 3, 3, 4, 2, 2, 3, 3, 2, 3, 3, 4, 4, 1, 1, 4, 2, 4, 1, 2, 4, 4, 3, 2, 2, 2, 2, 2, 4, 1, 2, 2, 4, 1, 4, 2, 3, 4, 3, 3, 3, 4, 2, 4, 4, 1, 1] [8, 6, 6, 7, 6, 6, 4, 3, 5, 6, 5, 8, 6, 6, 6, 5, 4, 6, 8, 6, 6, 4, 8, 5, 3, 7, 4, 7, 3, 6, 6, 4, 4, 7, 7, 6, 8, 5, 4, 7, 5, 4, 7, 5, 6, 7, 4, 5, 7, 5, 7, 4, 4, 8, 8, 7, 5, 6, 5, 5, 4, 6, 4, 5, 4, 6, 5, 8, 6, 5, 8, 6, 7, 7, 8, 6, 6, 8, 4, 5]
A_8 21.71 A 8 [3, 2, 1, 3, 3, 4, 1, 3, 2, 4, 3, 3, 4, 4, 4, 1, 2, 3, 2, 2, 2, 4, 3, 4, 3, 2, 4, 4, 3, 3, 4, 3, 4, 3, 2, 2, 3, 1, 3, 2, 3, 2, 4, 1, 4, 2, 2, 2, 2, 3, 2, 3, 3, 4, 1, 2, 2, 1, 4, 3, 1, 1, 2, 4, 2, 4, 2, 2, 3, 2, 3, 2, 4, 3, 3, 4, 3, 4, 1, 2] [7, 5, 4, 6, 7, 8, 3, 5, 5, 7, 7, 5, 6, 6, 8, 4, 6, 5, 5, 5, 4, 7, 6, 7, 5, 6, 6, 8, 7, 5, 6, 7, 8, 5, 5, 6, 7, 4, 7, 6, 5, 4, 6, 5, 7, 5, 4, 6, 6, 7, 4, 5, 6, 7, 3, 6, 6, 3, 7, 5, 5, 4, 4, 8, 5, 6, 6, 6, 6, 5, 6, 6, 8, 5, 5, 8, 6, 7, 5, 6]
A_9 23.82 A 9 [3, 1, 2, 3, 3, 1, 4, 2, 4, 1, 4, 3, 4, 1, 2, 2, 3, 1, 4, 4, 4, 3, 2, 2, 2, 3, 1, 2, 2, 4, 1, 1, 2, 2, 4, 4, 2, 3, 3, 1, 2, 2, 4, 3, 3, 2, 1, 4, 2, 4, 1, 3, 4, 1, 3, 1, 3, 3, 4, 2, 4, 3, 3, 2, 2, 2, 1, 3, 4, 1, 1, 1, 3, 1, 3, 2, 4, 1, 2, 3] [5, 4, 4, 6, 6, 5, 7, 6, 7, 4, 7, 7, 6, 3, 5, 4, 7, 3, 6, 8, 8, 6, 6, 6, 4, 7, 4, 6, 6, 8, 3, 3, 4, 6, 7, 6, 6, 6, 6, 3, 4, 6, 8, 5, 7, 5, 3, 6, 4, 8, 3, 5, 8, 3, 5, 3, 6, 6, 8, 5, 8, 6, 7, 4, 6, 4, 4, 5, 8, 5, 5, 3, 5, 5, 7, 5, 8, 5, 5, 7]
A_10 26.44 A 10 [2, 2, 3, 1, 4, 3, 2, 2, 3, 4, 4, 2, 3, 4, 4, 4, 2, 1, 4, 4, 3, 3, 1, 4, 2, 2, 1, 3, 4, 1, 2, 4, 3, 3, 3, 1, 1, 1, 1, 3, 1, 3, 4, 3, 4, 4, 4, 3, 4, 1, 3, 4, 3, 3, 1, 1, 1, 1, 2, 3, 3, 4, 2, 2, 2, 4, 3, 3, 3, 1, 1, 4, 4, 1, 3, 2, 3, 2, 2, 3] [5, 5, 7, 4, 6, 6, 5, 5, 7, 7, 7, 4, 7, 8, 7, 7, 4, 3, 7, 8, 6, 5, 3, 7, 4, 6, 3, 6, 7, 3, 6, 7, 7, 7, 6, 4, 5, 3, 5, 5, 4, 6, 8, 7, 7, 6, 6, 6, 7, 3, 6, 6, 5, 6, 5, 4, 3, 3, 4, 5, 7, 6, 5, 5, 5, 6, 7, 6, 6, 3, 4, 6, 8, 5, 7, 5, 6, 4, 6, 6]
A_11 27.560000000000002 A 11 [1, 3, 1, 4, 2, 3, 1, 4, 3, 3, 2, 3, 1, 1, 1, 1, 4, 2, 3, 2, 1, 3, 4, 4, 4, 3, 3, 4, 4, 1, 1, 2, 3, 2, 4, 4, 4, 2, 2, 3, 4, 3, 3, 1, 2, 3, 1, 4, 2, 1, 2, 4, 1, 2, 1, 1, 1, 1, 3, 3, 4, 4, 2, 4, 2, 4, 3, 2, 3, 1, 1, 2, 2, 4, 2, 3, 2, 1, 3, 3] [5, 7, 4, 7, 5, 5, 3, 8, 5, 7, 4, 6, 5, 3, 5, 3, 8, 4, 7, 4, 5, 5, 7, 6, 6, 5, 7, 7, 7, 5, 4, 6, 5, 4, 8, 7, 6, 6, 4, 7, 7, 6, 7, 4, 4, 5, 4, 6, 6, 5, 4, 7, 5, 5, 3, 3, 4, 4, 7, 7, 8, 8, 6, 6, 5, 8, 7, 4, 7, 4, 5, 4, 6, 8, 5, 5, 4, 3, 6, 7]
A_12 28.560000000000002 A 12 [1, 1, 1, 3, 2, 1, 4, 2, 4, 4, 3, 1, 1, 1, 2, 1, 2, 3, 3, 4, 2, 3, 4, 4, 2, 3, 1, 3, 3, 2, 4, 2, 1, 3, 3, 3, 1, 1, 3, 4, 2, 2, 1, 2, 1, 4, 1, 2, 3, 4, 3, 4, 3, 1, 4, 1, 4, 2, 2, 2, 2, 2, 1, 2, 3, 2, 2, 3, 2, 3, 1, 3, 2, 2, 4, 4, 2, 4, 3, 2] [3, 3, 4, 7, 5, 3, 7, 6, 6, 6, 7, 5, 3, 3, 5, 3, 4, 6, 6, 8, 5, 5, 8, 7, 6, 6, 4, 5, 5, 4, 7, 6, 5, 5, 5, 6, 3, 4, 7, 6, 6, 4, 4, 4, 3, 6, 3, 5, 6, 8, 5, 6, 6, 5, 7, 3, 8, 5, 6, 4, 6, 5, 5, 4, 5, 6, 5, 5, 4, 7, 4, 7, 6, 5, 8, 6, 5, 6, 7, 6]
A_13 31.800000000000004 A 13 [3, 1, 3, 1, 4, 2, 1, 3, 4, 1, 4, 1, 1, 1, 3, 4, 4, 4, 3, 4, 4, 2, 3, 2, 4, 1, 1, 2, 3, 3, 1, 2, 2, 2, 4, 2, 3, 3, 2, 2, 3, 4, 3, 3, 4, 4, 4, 1, 2, 4, 2, 2, 3, 1, 2, 3, 2, 2, 1, 2, 4, 1, 1, 1, 3, 3, 4, 1, 4, 4, 4, 3, 2, 3, 4, 2, 3, 3, 4, 3] [5, 4, 7, 5, 6, 5, 3, 6, 6, 3, 8, 3, 3, 3, 7, 7, 8, 6, 6, 7, 6, 5, 6, 6, 6, 3, 3, 6, 5, 5, 3, 4, 4, 5, 6, 4, 6, 5, 4, 4, 5, 7, 7, 7, 6, 7, 7, 4, 4, 7, 6, 5, 5, 4, 6, 7, 6, 5, 4, 4, 8, 4, 5, 3, 6, 7, 8, 3, 6, 6, 6, 5, 4, 5, 6, 5, 6, 7, 8, 6]
A_14 32.800000000000004 A 14 [3, 4, 1, 4, 2, 2, 2, 3, 4, 2, 4, 1, 2, 3, 1, 1, 1, 1, 2, 1, 3, 1, 4, 4, 3, 2, 3, 1, 2, 4, 3, 4, 4, 4, 2, 2, 4, 3, 1, 3, 4, 1, 3, 1, 2, 1, 1, 4, 3, 4, 2, 3, 2, 1, 3, 4, 1, 1, 1, 2, 4, 2, 3, 4, 2, 1, 3, 3, 2, 2, 3, 1, 2, 2, 3, 3, 1, 2, 1, 4] [5, 8, 5, 7, 5, 4, 5, 6, 8, 5, 7, 5, 5, 7, 5, 3, 5, 5, 6, 4, 6, 3, 7, 7, 7, 5, 5, 5, 4, 7, 5, 7, 7, 6, 5, 6, 7, 6, 4, 7, 7, 5, 5, 4, 4, 5, 3, 8, 6, 6, 6, 6, 6, 3, 7, 6, 3, 3, 4, 4, 6, 6, 7, 8, 6, 5, 7, 6, 4, 4, 6, 4, 6, 6, 5, 5, 3, 4, 3, 6]
A_15 34.24 A 15 [4, 3, 2, 2, 2, 1, 4, 3, 1, 2, 4, 1, 1, 4, 1, 3, 4, 3, 4, 3, 3, 3, 1, 2, 1, 1, 4, 4, 3, 4, 1, 4, 2, 3, 4, 3, 1, 4, 3, 1, 2, 3, 3, 4, 4, 3, 2, 2, 1, 4, 4, 1, 2, 3, 1, 3, 2, 3, 3, 3, 3, 2, 2, 4, 1, 2, 2, 1, 3, 3, 4, 2, 1, 3, 4, 4, 1, 4, 4, 4] [8, 6, 4, 6, 6, 4, 8, 5, 4, 4, 7, 3, 3, 7, 3, 7, 8, 6, 6, 5, 5, 7, 4, 6, 4, 5, 6, 6, 5, 6, 5, 8, 4, 6, 7, 5, 5, 8, 7, 5, 6, 7, 7, 8, 7, 7, 5, 5, 5, 7, 8, 4, 6, 6, 3, 7, 6, 5, 6, 5, 5, 6, 6, 6, 4, 6, 4, 5, 5, 6, 6, 4, 3, 7, 7, 8, 3, 7, 7, 6]
A_16 36.440000000000005 A 16 [1, 4, 4, 4, 4, 3, 3, 1, 2, 3, 2, 4, 2, 4, 1, 4, 4, 2, 3, 2, 4, 3, 3, 3, 4, 4, 1, 4, 1, 4, 4, 1, 3, 2, 2, 3, 2, 3, 3, 2, 1, 4, 2, 2, 4, 1, 4, 3, 3, 2, 4, 4, 4, 1, 2, 3, 2, 2, 2, 1, 3, 4, 1, 3, 4, 3, 3, 4, 3, 4, 2, 3, 3, 4, 2, 1, 2, 3, 4, 2] [4, 6, 6, 8, 7, 7, 6, 4, 6, 7, 4, 8, 4, 8, 5, 8, 8, 5, 6, 4, 8, 6, 6, 5, 6, 6, 3, 7, 5, 8, 6, 4, 7, 4, 6, 7, 6, 5, 7, 5, 3, 6, 5, 5, 6, 4, 8, 6, 5, 6, 6, 8, 7, 4, 5, 7, 5, 4, 4, 3, 6, 8, 5, 7, 7, 5, 7, 7, 5, 7, 5, 6, 5, 6, 6, 5, 5, 5, 6, 6]
A_17 43.25000000000001 A 17 [4, 1, 1, 1, 3, 2, 3, 4, 3, 1, 1, 2, 3, 4, 1, 3, 2, 1, 4, 2, 3, 1, 3, 1, 2, 3, 2, 1, 2, 2, 1, 2, 2, 1, 1, 1, 2, 3, 4, 1, 4, 3, 1, 2, 4, 3, 2, 2, 1, 2, 1, 2, 4, 4, 3, 4, 4, 3, 4, 3, 1, 4, 1, 4, 4, 4, 1, 1, 4, 4, 3, 4, 1, 2, 4, 4, 1, 2, 3, 1] [8, 4, 5, 5, 7, 6, 6, 6, 5, 3, 3, 4, 6, 6, 5, 6, 5, 5, 8, 4, 7, 5, 5, 3, 4, 6, 6, 4, 5, 6, 5, 6, 5, 3, 5, 3, 6, 7, 8, 3, 7, 7, 3, 4, 7, 6, 6, 4, 4, 6, 5, 6, 8, 7, 7, 8, 8, 7, 6, 5, 5, 8, 4, 7, 8, 8, 5, 4, 8, 7, 7, 8, 4, 5, 6, 7, 3, 6, 7, 4]
A_18 44.25000000000001 A 18 [4, 2, 3, 1, 4, 4, 4, 4, 2, 4, 4, 3, 3, 3, 2, 4, 3, 4, 1, 4, 3, 2, 3, 3, 4, 4, 4, 4, 1, 2, 2, 2, 4, 3, 3, 2, 2, 2, 2, 4, 3, 2, 2, 2, 3, 1, 1, 2, 3, 2, 1, 1, 2, 3, 3, 4, 1, 1, 4, 3, 3, 3, 3, 1, 4, 2, 2, 2, 3, 1, 1, 4, 4, 2, 4, 3, 3, 3, 3, 4] [7, 6, 6, 3, 7, 7, 6, 8, 5, 6, 7, 7, 6, 6, 6, 6, 6, 8, 4, 8, 6, 4, 5, 6, 8, 8, 6, 7, 5, 6, 6, 5, 7, 7, 6, 4, 4, 6, 6, 6, 5, 5, 4, 5, 7, 4, 4, 6, 5, 5, 4, 4, 4, 6, 7, 8, 4, 4, 6, 5, 5, 5, 6, 4, 8, 5, 5, 5, 5, 3, 4, 8, 7, 5, 8, 7, 6, 5, 6, 7]
A_19 45.330000000000005 A 19 [2, 3, 1, 2, 1, 1, 2, 4, 2, 4, 4, 2, 4, 4, 1, 3, 2, 2, 4, 1, 4, 4, 1, 4, 1, 3, 4, 3, 1, 2, 2, 2, 2, 4, 2, 1, 3, 3, 1, 3, 1, 2, 2, 2, 3, 1, 2, 4, 1, 2, 1, 4, 4, 4, 4, 3, 2, 1, 2, 4, 2, 2, 3, 3, 1, 3, 3, 3, 2, 4, 1, 1, 2, 2, 2, 3, 3, 3, 2, 1] [6, 7, 5, 4, 4, 3, 6, 6, 5, 8, 8, 4, 8, 7, 4, 5, 4, 4, 8, 5, 6, 8, 4, 6, 3, 5, 6, 7, 5, 6, 6, 5, 6, 6, 6, 4, 5, 5, 3, 5, 4, 6, 4, 4, 5, 3, 4, 7, 5, 6, 5, 7, 6, 6, 6, 6, 6, 5, 4, 8, 5, 5, 6, 7, 3, 6, 6, 7, 4, 8, 5, 3, 6, 5, 5, 6, 5, 5, 6, 5]
A_20 46.330000000000005 A 20 [2, 1, 3, 3, 4, 4, 3, 4, 2, 4, 3, 1, 2, 4, 3, 3, 4, 3, 3, 4, 2, 1, 2, 4, 3, 3, 4, 1, 2, 2, 1, 3, 2, 3, 2, 4, 3, 4, 4, 3, 2, 1, 2, 1, 4, 3, 3, 4, 2, 4, 2, 3, 1, 1, 3, 3, 1, 3, 2, 1, 3, 4, 2, 4, 3, 1, 2, 4, 1, 4, 1, 4, 1, 1, 4, 1, 3, 2, 4, 1] [6, 4, 7, 7, 6, 8, 7, 6, 4, 8, 6, 5, 5, 6, 6, 5, 8, 7, 6, 6, 4, 3, 5, 6, 6, 6, 8, 5, 6, 4, 3, 6, 6, 6, 4, 7, 6, 8, 8, 7, 5, 5, 5, 5, 8, 6, 7, 7, 4, 7, 6, 7, 3, 3, 5, 6, 5, 5, 6, 3, 7, 7, 5, 8, 5, 5, 4, 7, 5, 8, 3, 8, 3, 4, 8, 5, 7, 4, 8, 3]
A_21 49.790000000000006 A 21 [1, 1, 2, 4, 2, 1, 2, 1, 4, 3, 3, 3, 3, 2, 1, 3, 3, 1, 2, 4, 1, 2, 3, 1, 3, 1, 1, 4, 1, 3, 1, 4, 4, 1, 2, 3, 4, 2, 4, 2, 2, 3, 3, 3, 2, 2, 1, 1, 1, 1, 4, 4, 3, 1, 3, 1, 4, 2, 1, 2, 4, 1, 3, 2, 3, 1, 4, 1, 4, 3, 3, 3, 3, 2, 1, 3, 4, 1, 2, 1] [5, 3, 5, 7, 5, 3, 5, 4, 7, 6, 5, 5, 5, 5, 3, 7, 6, 5, 4, 8, 3, 5, 7, 3, 6, 4, 5, 8, 5, 6, 3, 8, 8, 3, 4, 5, 6, 5, 7, 6, 5, 7, 7, 6, 4, 6, 5, 3, 4, 4, 6, 8, 7, 5, 5, 4, 8, 6, 4, 4, 6, 3, 6, 6, 6, 5, 8, 5, 6, 5, 7, 5, 6, 5, 3, 6, 8, 5, 5, 3]
A_22 54.43000000000001 A 22 [4, 4, 3, 4, 4, 3, 4, 4, 3, 2, 1, 4, 4, 3, 4, 1, 3, 3, 3, 1, 2, 3, 3, 1, 4, 1, 1, 1, 3, 2, 1, 1, 4, 1, 1, 3, 3, 4, 4, 2, 1, 1, 4, 2, 1, 1, 3, 1, 4, 1, 3, 4, 4, 3, 2, 2, 2, 1, 2, 4, 3, 4, 1, 2, 4, 1, 1, 2, 2, 1, 2, 1, 2, 2, 1, 2, 2, 3, 3, 2] [7, 8, 5, 6, 6, 6, 6, 8, 6, 6, 3, 7, 8, 6, 7, 4, 6, 5, 5, 4, 5, 7, 6, 4, 7, 4, 4, 3, 5, 4, 3, 5, 6, 4, 5, 7, 6, 8, 8, 4, 3, 4, 8, 5, 3, 3, 6, 3, 7, 3, 6, 7, 7, 6, 4, 6, 5, 4, 5, 7, 6, 6, 5, 6, 7, 3, 4, 6, 5, 5, 5, 4, 4, 5, 4, 4, 5, 7, 5, 6]
A_23 55.46000000000001 A 23 [4, 1, 4, 4, 3, 2, 1, 2, 4, 2, 4, 4, 4, 2, 4, 2, 3, 1, 3, 4, 4, 1, 1, 1, 3, 3, 4, 4, 2, 4, 4, 1, 3, 3, 1, 3, 4, 3, 2, 1, 4, 3, 3, 4, 2, 1, 4, 2, 3, 3, 3, 4, 2, 4, 4, 2, 1, 1, 3, 3, 4, 3, 2, 1, 1, 1, 2, 2, 2, 2, 3, 4, 4, 1, 1, 1, 4, 4, 4, 1] [7, 4, 6, 7, 6, 5, 3, 5, 7, 6, 7, 6, 7, 6, 7, 6, 5, 3, 6, 6, 6, 3, 4, 4, 5, 5, 7, 7, 5, 6, 7, 4, 5, 7, 4, 7, 7, 6, 6, 5, 8, 5, 6, 7, 6, 5, 7, 5, 6, 5, 6, 6, 6, 8, 8, 6, 4, 4, 5, 7, 6, 5, 5, 5, 4, 4, 4, 5, 4, 6, 7, 6, 6, 5, 3, 3, 6, 6, 7, 4]
A_24 56.46000000000001 A 24 [4, 2, 3, 4, 1, 4, 4, 1, 3, 2, 2, 4, 2, 4, 3, 1, 4, 2, 4, 1, 3, 3, 4, 3, 3, 1, 3, 1, 1, 1, 2, 2, 4, 4, 4, 3, 1, 4, 2, 2, 2, 4, 1, 1, 2, 2, 4, 3, 4, 2, 1, 1, 1, 1, 2, 2, 4, 1, 4, 2, 2, 4, 4, 1, 1, 2, 3, 2, 1, 1, 3, 2, 4, 4, 1, 1, 1, 3, 1, 3] [6, 4, 6, 6, 3, 7, 6, 3, 5, 4, 4, 6, 6, 6, 7, 4, 6, 4, 8, 3, 6, 6, 7, 5, 5, 5, 7, 5, 3, 4, 5, 6, 8, 8, 7, 6, 3, 7, 4, 6, 4, 6, 5, 3, 6, 6, 7, 7, 8, 4, 5, 5, 4, 5, 5, 5, 7, 4, 6, 4, 6, 8, 8, 5, 3, 5, 5, 4, 3, 4, 7, 6, 7, 8, 5, 5, 3, 5, 3, 7]
A_25 60.55000000000001 A 25 [3, 1, 4, 1, 2, 1, 2, 4, 2, 3, 2, 3, 3, 1, 2, 1, 4, 3, 4, 3, 3, 1, 1, 3, 1, 1, 4, 4, 1, 3, 2, 4, 1, 2, 4, 3, 1, 3, 1, 3, 3, 2, 4, 3, 4, 2, 4, 3, 2, 1, 3, 4, 2, 2, 3, 4, 2, 4, 2, 1, 4, 2, 4, 1, 1, 3, 4, 2, 3, 3, 1, 3, 4, 1, 1, 2, 2, 4, 2, 3] [5, 3, 6, 3, 6, 3, 4, 7, 6, 7, 6, 5, 6, 3, 5, 5, 6, 6, 8, 5, 6, 4, 4, 5, 5, 4, 7, 6, 4, 6, 4, 7, 3, 6, 7, 7, 3, 5, 5, 7, 6, 6, 7, 5, 7, 5, 8, 6, 5, 5, 6, 7, 5, 5, 5, 6, 4, 8, 4, 5, 7, 5, 8, 5, 3, 7, 8, 5, 6, 7, 5, 6, 7, 5, 5, 4, 6, 6, 5, 5]
A_26 67.07000000000001 A 26 [2, 2, 3, 2, 1, 2, 4, 1, 4, 1, 1, 3, 1, 1, 3, 4, 1, 2, 4, 4, 4, 1, 1, 4, 3, 4, 1, 1, 2, 3, 1, 4, 1, 1, 3, 4, 1, 3, 3, 2, 1, 3, 1, 2, 3, 3, 1, 1, 3, 3, 4, 2, 1, 2, 1, 4, 4, 2, 3, 3, 3, 3, 4, 4, 1, 1, 2, 3, 3, 1, 4, 3, 4, 2, 2, 4, 1, 2, 2, 1] [6, 5, 6, 6, 5, 5, 8, 4, 6, 4, 3, 7, 4, 3, 5, 6, 3, 6, 6, 6, 8, 5, 4, 7, 7, 7, 4, 4, 5, 6, 3, 8, 3, 5, 7, 7, 5, 7, 5, 5, 3, 5, 3, 5, 5, 6, 3, 5, 5, 6, 7, 5, 5, 6, 3, 6, 7, 6, 6, 7, 7, 5, 7, 6, 4, 3, 6, 6, 7, 5, 6, 5, 6, 6, 5, 8, 3, 4, 4, 3]
A_27 68.10000000000001 A 27 [2, 4, 2, 3, 2, 4, 3, 4, 4, 2, 3, 4, 3, 2, 1, 4, 4, 1, 4, 3, 1, 4, 1, 4, 1, 4, 1, 4, 3, 4, 1, 3, 1, 2, 3, 2, 3, 3, 2, 4, 4, 3, 3, 3, 4, 4, 1, 4, 3, 2, 4, 1, 3, 4, 4, 1, 2, 4, 1, 3, 1, 4, 4, 3, 1, 1, 3, 2, 2, 2, 4, 2, 1, 2, 3, 4, 1, 2, 3, 4] [5, 7, 6, 5, 5, 7, 7, 7, 8, 6, 6, 7, 5, 6, 5, 6, 7, 4, 7, 7, 5, 8, 3, 7, 5, 6, 4, 7, 7, 6, 4, 7, 5, 4, 7, 6, 7, 5, 4, 7, 7, 7, 6, 6, 6, 8, 4, 8, 6, 4, 8, 4, 7, 7, 8, 3, 6, 8, 3, 6, 4, 8, 8, 6, 4, 3, 7, 6, 4, 4, 6, 4, 4, 5, 7, 7, 4, 4, 5, 8]
A_28 69.27000000000001 A 28 [2, 2, 3, 4, 2, 1, 3, 1, 3, 2, 4, 4, 3, 3, 2, 3, 1, 2, 1, 1, 2, 1, 3, 2, 1, 1, 2, 3, 4, 4, 4, 3, 1, 4, 4, 1, 2, 4, 3, 1, 2, 4, 4, 4, 2, 1, 4, 2, 2, 3, 3, 4, 1, 4, 3, 3, 3, 3, 3, 1, 2, 4, 3, 3, 1, 1, 4, 2, 1, 1, 4, 2, 1, 3, 1, 1, 1, 4, 3, 2] [6, 6, 7, 8, 6, 3, 6, 3, 7, 6, 7, 7, 5, 5, 4, 5, 5, 5, 5, 5, 6, 5, 5, 5, 3, 4, 5, 7, 8, 7, 6, 6, 3, 7, 6, 5, 6, 7, 5, 5, 5, 8, 8, 6, 4, 3, 8, 4, 6, 7, 7, 7, 4, 8, 6, 7, 5, 6, 7, 3, 6, 8, 6, 5, 5, 5, 6, 5, 3, 5, 7, 6, 3, 5, 5, 3, 5, 7, 7, 4]
A_29 70.27000000000001 A 29 [1, 3, 1, 3, 2, 1, 3, 3, 3, 4, 1, 1, 2, 3, 4, 4, 4, 2, 2, 2, 2, 3, 2, 4, 1, 3, 3, 4, 4, 2, 3, 4, 4, 1, 3, 1, 1, 2, 1, 1, 1, 4, 1, 4, 4, 3, 1, 3, 1, 2, 3, 1, 1, 1, 4, 1, 1, 1, 3, 3, 3, 1, 1, 2, 2, 1, 4, 3, 4, 3, 1, 2, 2, 2, 3, 4, 3, 2, 2, 1] [5, 5, 5, 6, 5, 3, 7, 6, 5, 8, 3, 5, 4, 5, 7, 6, 8, 6, 6, 6, 4, 6, 4, 6, 4, 6, 6, 6, 7, 6, 6, 8, 8, 5, 7, 3, 3, 4, 5, 5, 4, 8, 3, 6, 6, 6, 4, 6, 4, 4, 6, 3, 4, 5, 8, 4, 4, 4, 5, 7, 5, 3, 5, 6, 5, 4, 8, 5, 8, 7, 4, 6, 5, 6, 6, 7, 6, 5, 6, 3]
A_30 71.27000000000001 A 30 [1, 3, 3, 2, 3, 4, 3, 3, 4, 1, 2, 1, 4, 1, 3, 1, 4, 1, 2, 2, 1, 1, 1, 4, 2, 2, 1, 1, 4, 3, 1, 4, 1, 2, 3, 1, 2, 2, 2, 3, 2, 2, 4, 2, 4, 2, 1, 3, 2, 4, 3, 4, 2, 1, 1, 2, 4, 2, 4, 1, 1, 4, 2, 2, 2, 2, 2, 2, 4, 2, 2, 1, 4, 3, 3, 1, 3, 4, 3, 3] [4, 7, 5, 4, 7, 7, 5, 6, 6, 3, 6, 4, 7, 3, 5, 5, 6, 5, 6, 6, 3, 3, 3, 7, 5, 4, 3, 4, 6, 6, 5, 6, 3, 6, 7, 4, 6, 6, 6, 5, 5, 4, 6, 6, 6, 5, 4, 6, 6, 8, 6, 7, 5, 5, 5, 4, 6, 6, 7, 4, 3, 6, 4, 6, 4, 5, 6, 5, 8, 4, 6, 4, 6, 7, 7, 4, 6, 8, 6, 6]
A_31 72.30000000000001 A 31 [1, 3, 3, 2, 3, 3, 1, 2, 3, 1, 4, 2, 2, 2, 4, 4, 1, 2, 2, 2, 3, 4, 1, 1, 2, 4, 4, 3, 3, 4, 4, 2, 1, 2, 1, 4, 2, 4, 4, 2, 2, 2, 3, 3, 4, 1, 3, 2, 2, 3, 2, 2, 1, 4, 3, 1, 1, 3, 2, 3, 2, 2, 2, 4, 1, 1, 2, 3, 1, 1, 2, 3, 3, 2, 1, 1, 1, 2, 4, 3] [4, 5, 6, 6, 7, 6, 4, 4, 7, 3, 7, 6, 6, 4, 7, 8, 4, 6, 5, 5, 6, 8, 5, 4, 6, 7, 8, 7, 6, 8, 6, 6, 3, 5, 3, 8, 4, 6, 6, 4, 5, 4, 5, 5, 6, 4, 7, 5, 5, 5, 5, 4, 3, 6, 5, 3, 3, 6, 6, 6, 4, 5, 6, 8, 3, 5, 5, 6, 5, 4, 5, 5, 5, 6, 3, 5, 3, 6, 8, 5]
A_32 73.30000000000001 A 32 [3, 2, 4, 2, 3, 4, 4, 1, 4, 2, 3, 3, 1, 2, 4, 2, 3, 2, 4, 2, 2, 4, 4, 3, 4, 1, 1, 1, 1, 4, 1, 1, 3, 4, 3, 1, 4, 2, 1, 1, 3, 1, 2, 1, 4, 3, 3, 1, 4, 1, 3, 4, 3, 3, 3, 1, 1, 1, 3, 3, 3, 1, 4, 3, 2, 3, 1, 2, 2, 2, 4, 2, 3, 4, 2, 3, 3, 3, 2, 4] [6, 4, 7, 6, 6, 8, 8, 4, 8, 4, 7, 5, 5, 4, 7, 4, 7, 5, 7, 6, 6, 8, 6, 5, 8, 3, 3, 5, 3, 8, 3, 3, 7, 8, 5, 3, 8, 5, 5, 4, 5, 3, 4, 4, 8, 7, 5, 3, 8, 5, 6, 8, 6, 6, 7, 5, 5, 4, 5, 6, 5, 4, 6, 5, 5, 5, 4, 5, 5, 4, 8, 6, 5, 8, 4, 7, 7, 5, 4, 8]
A_33 74.30000000000001 A 33 [1, 4, 1, 1, 4, 1, 2, 3, 3, 2, 3, 2, 3, 2, 4, 3, 2, 1, 3, 4, 3, 1, 1, 3, 4, 2, 1, 2, 4, 1, 2, 2, 4, 2, 1, 3, 1, 1, 2, 4, 4, 1, 1, 4, 2, 3, 1, 2, 4, 3, 4, 4, 2, 1, 2, 3, 1, 3, 4, 1, 2, 3, 2, 1, 1, 3, 1, 4, 2, 2, 4, 2, 3, 2, 3, 1, 2, 4, 1, 4] [4, 7, 3, 3, 6, 3, 6, 7, 5, 6, 7, 4, 5, 5, 6, 6, 4, 3, 7, 6, 6, 3, 4, 7, 8, 6, 5, 4, 7, 5, 6, 5, 8, 5, 3, 5, 4, 3, 5, 8, 6, 3, 4, 7, 6, 6, 5, 4, 7, 7, 7, 7, 4, 3, 6, 5, 3, 7, 7, 5, 4, 7, 4, 4, 5, 6, 4, 8, 6, 6, 7, 4, 6, 5, 5, 5, 5, 6, 4, 8]
A_34 77.44000000000001 A 34 [3, 1, 4, 2, 3, 1, 3, 3, 2, 4, 3, 4, 3, 4, 2, 4, 2, 1, 3, 2, 2, 2, 1, 1, 4, 4, 3, 3, 4, 3, 3, 1, 3, 1, 3, 3, 4, 4, 1, 3, 1, 4, 4, 1, 3, 4, 3, 1, 2, 4, 3, 4, 4, 3, 1, 1, 1, 1, 3, 3, 1, 3, 2, 1, 4, 3, 3, 1, 2, 2, 3, 1, 4, 4, 4, 3, 2, 2, 1, 4] [6, 4, 7, 6, 7, 3, 5, 7, 5, 7, 6, 8, 5, 6, 5, 7, 6, 5, 6, 6, 4, 4, 5, 4, 7, 7, 7, 7, 6, 7, 7, 3, 5, 3, 5, 6, 8, 7, 5, 7, 5, 7, 6, 3, 5, 6, 5, 4, 4, 6, 5, 6, 8, 5, 3, 4, 5, 4, 6, 7, 4, 6, 5, 3, 8, 7, 6, 4, 4, 5, 7, 4, 7, 7, 8, 7, 6, 5, 4, 6]
A_35 78.44000000000001 A 35 [4, 3, 3, 1, 2, 2, 2, 3, 2, 4, 1, 4, 3, 2, 2, 3, 3, 1, 2, 1, 4, 3, 3, 3, 3, 3, 4, 2, 1, 1, 1, 4, 1, 3, 3, 3, 3, 4, 2, 2, 4, 3, 1, 2, 3, 2, 2, 1, 2, 2, 2, 4, 3, 2, 2, 4, 1, 3, 4, 3, 3, 2, 4, 4, 3, 4, 4, 3, 4, 2, 4, 2, 3, 3, 3, 1, 4, 3, 4, 2] [6, 7, 5, 4, 5, 6, 5, 6, 6, 6, 4, 7, 6, 4, 6, 5, 7, 3, 4, 4, 7, 5, 7, 7, 6, 7, 7, 6, 5, 3, 4, 8, 3, 5, 6, 6, 6, 7, 5, 5, 7, 6, 4, 4, 6, 5, 6, 5, 4, 5, 4, 7, 7, 5, 5, 6, 3, 5, 7, 5, 6, 6, 7, 7, 5, 7, 8, 7, 8, 4, 7, 6, 7, 5, 5, 4, 8, 6, 7, 6]
A_36 79.46000000000001 A 36 [1, 3, 1, 4, 3, 4, 1, 4, 3, 2, 1, 4, 1, 3, 4, 1, 2, 2, 2, 3, 3, 4, 3, 4, 1, 1, 1, 3, 2, 1, 2, 2, 4, 1, 4, 3, 1, 1, 1, 4, 4, 2, 3, 4, 1, 3, 2, 4, 4, 2, 1, 1, 1, 2, 1, 1, 2, 4, 4, 3, 3, 4, 4, 2, 4, 1, 4, 3, 4, 1, 1, 1, 1, 4, 4, 3, 3, 2, 1, 3] [5, 7, 3, 8, 7, 7, 4, 8, 7, 6, 5, 6, 3, 6, 7, 5, 6, 6, 4, 5, 6, 6, 6, 7, 3, 3, 5, 7, 6, 3, 6, 4, 8, 4, 8, 6, 3, 4, 4, 8, 7, 5, 6, 6, 3, 5, 6, 6, 8, 4, 3, 5, 4, 6, 3, 4, 6, 8, 7, 7, 6, 7, 6, 5, 8, 5, 7, 7, 8, 3, 4, 5, 3, 8, 6, 5, 5, 4, 3, 5]
A_37 80.46000000000001 A 37 [2, 2, 4, 4, 2, 4, 4, 2, 1, 3, 1, 2, 1, 3, 3, 4, 3, 3, 2, 3, 4, 2, 4, 3, 4, 3, 3, 3, 4, 2, 2, 4, 2, 1, 4, 4, 1, 4, 3, 3, 3, 1, 2, 2, 4, 1, 1, 4, 1, 3, 2, 4, 3, 3, 4, 4, 1, 4, 4, 1, 3, 1, 2, 3, 2, 1, 3, 3, 2, 3, 3, 3, 1, 2, 1, 3, 2, 1, 4, 3] [5, 5, 7, 8, 5, 7, 7, 5, 4, 6, 3, 6, 4, 5, 6, 8, 5, 7, 6, 5, 8, 5, 8, 6, 7, 5, 7, 5, 7, 4, 6, 6, 5, 3, 7, 7, 4, 6, 7, 6, 5, 3, 4, 5, 7, 5, 4, 6, 3, 5, 6, 7, 7, 5, 8, 7, 4, 8, 6, 3, 7, 5, 5, 6, 5, 4, 7, 7, 6, 7, 6, 5, 5, 5, 5, 7, 6, 3, 6, 5]
A_38 81.59 A 38 [3, 4, 1, 1, 1, 1, 4, 2, 3, 3, 1, 2, 3, 2, 1, 3, 3, 4, 2, 1, 4, 4, 4, 2, 2, 1, 3, 2, 3, 1, 2, 4, 1, 2, 1, 2, 1, 3, 1, 1, 3, 4, 2, 3, 1, 4, 4, 1, 4, 2, 3, 1, 3, 4, 4, 3, 3, 2, 3, 3, 1, 3, 2, 3, 2, 1, 3, 1, 3, 1, 4, 4, 1, 4, 4, 2, 4, 2, 3, 1] [5, 7, 3, 3, 5, 5, 8, 4, 7, 6, 5, 4, 7, 4, 4, 7, 7, 8, 6, 3, 8, 7, 8, 6, 4, 5, 5, 4, 5, 5, 6, 6, 5, 5, 5, 5, 4, 7, 4, 4, 6, 8, 6, 6, 3, 6, 7, 3, 7, 6, 7, 5, 7, 7, 7, 6, 6, 6, 7, 5, 3, 6, 4, 5, 6, 5, 6, 4, 7, 4, 8, 8, 4, 7, 7, 5, 6, 6, 6, 4]
A_39 83.43 A 39 [1, 1, 4, 4, 2, 1, 3, 3, 2, 1, 3, 3, 4, 2, 3, 1, 2, 1, 4, 3, 3, 2, 2, 1, 2, 3, 2, 4, 1, 1, 3, 2, 1, 4, 3, 2, 4, 3, 1, 2, 3, 4, 1, 2, 4, 2, 4, 2, 3, 1, 1, 2, 4, 2, 4, 2, 3, 3, 4, 1, 1, 3, 1, 2, 4, 2, 3, 1, 3, 4, 4, 4, 2, 4, 2, 4, 2, 1, 2, 2] [5, 4, 7, 8, 5, 5, 5, 7, 6, 3, 5, 7, 6, 4, 7, 5, 5, 3, 6, 5, 7, 6, 4, 5, 6, 7, 5, 7, 5, 5, 5, 4, 4, 8, 7, 5, 8, 6, 4, 6, 6, 8, 5, 5, 7, 5, 8, 4, 7, 5, 5, 6, 7, 4, 7, 4, 5, 6, 8, 4, 4, 6, 3, 5, 8, 5, 6, 3, 5, 7, 8, 8, 5, 8, 4, 7, 6, 3, 6, 6]
B_0 6.58 B 40 [1, 4, 1, 3, 1, 3, 3, 3, 3, 2, 1, 4, 2, 3, 4, 2, 1, 4, 3, 1, 2, 2, 1, 4, 2, 3, 1, 4, 2, 1, 2, 2, 3, 4, 1, 4, 4, 3, 3, 3, 2, 1, 1, 3, 3, 1, 4, 3, 1, 2, 1, 3, 4, 4, 2, 1, 2, 1, 2, 4, 1, 2, 2, 4, 1, 2, 4, 4, 3, 2, 3, 2, 4, 4, 4, 3, 1, 4, 4, 4] [4, 8, 4, 6, 4, 5, 5, 5, 5, 4, 4, 7, 6, 5, 7, 6, 3, 7, 5, 4, 5, 5, 3, 8, 4, 6, 3, 7, 5, 4, 5, 5, 5, 6, 5, 7, 7, 5, 6, 6, 6, 4, 3, 5, 5, 4, 6, 5, 5, 4, 3, 7, 6, 7, 6, 4, 6, 5, 6, 7, 5, 5, 4, 7, 5, 6, 7, 8, 5, 4, 6, 6, 7, 8, 7, 7, 5, 6, 7, 8]
B_1 7.58 B 41 [3, 4, 1, 3, 4, 4, 3, 2, 2, 2, 3, 3, 2, 4, 1, 3, 4, 3, 2, 2, 1, 3, 1, 3, 4, 2, 3, 3, 4, 4, 2, 2, 1, 1, 4, 3, 2, 1, 4, 4, 1, 2, 2, 1, 1, 4, 2, 1, 2, 4, 3, 1, 1, 4, 3, 4, 4, 1, 4, 3, 3, 1, 2, 3, 3, 4, 1, 4, 1, 4, 3, 2, 2, 3, 3, 2, 1, 1, 4, 4] [5, 6, 5, 5, 7, 8, 7, 4, 4, 6, 6, 6, 4, 7, 5, 7, 6, 7, 5, 6, 5, 7, 4, 5, 6, 6, 5, 7, 8, 8, 4, 4, 3, 3, 7, 6, 5, 3, 8, 8, 4, 5, 5, 4, 4, 7, 4, 3, 4, 7, 6, 4, 3, 8, 6, 7, 6, 3, 6, 7, 5, 4, 4, 5, 5, 7, 3, 8, 3, 7, 6, 6, 6, 5, 7, 4, 3, 5, 8, 6]
B_2 8.79 B 42 [3, 1, 4, 2, 4, 4, 3, 3, 4, 4, 4, 3, 1, 3, 3, 3, 2, 1, 2, 2, 2, 3, 4, 3, 1, 4, 1, 3, 4, 1, 4, 3, 2, 1, 4, 1, 3, 2, 2, 1, 1, 2, 4, 4, 2, 1, 2, 1, 4, 1, 2, 3, 1, 1, 2, 3, 4, 3, 3, 4, 1, 1, 3, 3, 2, 3, 2, 1, 3, 2, 1, 1, 3, 1, 1, 4, 4, 3, 1, 1] [7, 5, 6, 4, 7, 6, 6, 7, 6, 8, 8, 7, 4, 7, 5, 7, 5, 3, 4, 4, 5, 7, 8, 6, 5, 7, 3, 6, 8, 3, 6, 5, 4, 4, 6, 4, 6, 4, 6, 5, 3, 5, 8, 8, 5, 5, 4, 3, 8, 3, 6, 6, 3, 5, 5, 5, 7, 7, 5, 8, 4, 5, 7, 5, 5, 6, 4, 4, 7, 6, 4, 5, 5, 3, 5, 7, 6, 5, 4, 3]
B_3 15.349999999999998 B 43 [4, 3, 3, 1, 4, 1, 3, 3, 1, 3, 3, 1, 2, 3, 1, 4, 2, 2, 2, 2, 1, 3, 2, 4, 1, 3, 2, 3, 4, 4, 2, 3, 1, 4, 1, 2, 4, 2, 3, 2, 3, 1, 4, 2, 4, 4, 3, 3, 4, 4, 1, 3, 3, 2, 3, 3, 2, 1, 2, 4, 3, 1, 3, 4, 4, 2, 1, 3, 1, 4, 3, 2, 3, 2, 3, 1, 2, 3, 1, 1] [8, 7, 5, 5, 8, 4, 6, 5, 5, 5, 7, 4, 4, 7, 4, 8, 5, 4, 5, 4, 5, 6, 5, 7, 3, 5, 5, 6, 6, 6, 6, 5, 4, 7, 3, 4, 6, 5, 6, 5, 5, 4, 8, 5, 6, 6, 7, 5, 7, 6, 5, 7, 6, 5, 6, 7, 4, 5, 4, 8, 7, 3, 6, 7, 8, 6, 5, 5, 4, 7, 5, 5, 6, 4, 6, 5, 5, 7, 5, 3]
B_4 16.349999999999998 B 44 [3, 1, 2, 2, 3, 3, 2, 4, 4, 3, 4, 2, 1, 4, 2, 4, 4, 4, 3, 3, 4, 2, 1, 2, 2, 4, 3, 4, 2, 4, 4, 4, 4, 2, 3, 3, 1, 4, 1, 4, 3, 1, 2, 4, 3, 4, 4, 1, 4, 2, 4, 1, 4, 3, 1, 1, 2, 4, 3, 3, 1, 1, 2, 2, 3, 1, 2, 3, 2, 4, 1, 4, 2, 4, 3, 1, 3, 4, 4, 1] [5, 3, 4, 6, 6, 5, 5, 6, 7, 7, 7, 4, 3, 6, 4, 7, 6, 7, 7, 5, 8, 4, 3, 6, 6, 7, 5, 6, 4, 6, 6, 6, 8, 6, 5, 6, 3, 7, 3, 7, 5, 4, 5, 6, 7, 6, 6, 5, 7, 6, 8, 3, 8, 7, 3, 5, 5, 8, 5, 6, 4, 3, 5, 4, 6, 3, 4, 6, 4, 7, 4, 6, 4, 6, 7, 5, 7, 8, 6, 4]
B_5 19.709999999999997 B 45 [3, 1, 3, 1, 3, 2, 3, 4, 2, 2, 4, 3, 4, 4, 1, 3, 1, 3, 1, 1, 3, 2, 1, 1, 2, 2, 3, 4, 1, 3, 2, 1, 3, 3, 4, 2, 3, 1, 4, 2, 1, 4, 1, 4, 4, 2, 3, 4, 1, 1, 3, 3, 1, 2, 2, 2, 2, 4, 4, 1, 3, 4, 2, 4, 3, 4, 3, 2, 1, 3, 2, 1, 1, 2, 4, 2, 3, 4, 2, 3] [7, 3, 6, 5, 5, 4, 6, 7, 5, 5, 6, 5, 6, 7, 5, 7, 4, 6, 4, 3, 6, 6, 3, 5, 6, 5, 6, 8, 3, 6, 5, 4, 7, 6, 6, 5, 5, 5, 6, 5, 4, 7, 5, 6, 6, 5, 6, 7, 4, 4, 6, 7, 5, 4, 6, 4, 6, 6, 6, 4, 7, 6, 4, 6, 7, 8, 6, 5, 4, 7, 4, 5, 4, 5, 7, 6, 7, 8, 6, 7]
B_6 20.709999999999997 B 46 [2, 3, 2, 1, 4, 3, 4, 1, 2, 1, 4, 1, 1, 4, 1, 2, 4, 2, 1, 2, 3, 1, 3, 4, 4, 4, 1, 1, 4, 1, 1, 3, 3, 1, 3, 2, 2, 1, 4, 4, 4, 2, 2, 3, 4, 3, 1, 2, 2, 2, 2, 4, 3, 3, 2, 3, 2, 1, 2, 4, 2, 2, 1, 3, 1, 1, 1, 1, 3, 2, 4, 2, 2, 1, 2, 1, 3, 2, 4, 4] [4, 6, 6, 5, 7, 7, 6, 4, 4, 3, 6, 4, 3, 7, 3, 5, 8, 6, 4, 4, 7, 5, 6, 7, 7, 8, 3, 4, 8, 4, 4, 7, 5, 5, 5, 6, 6, 4, 7, 8, 6, 4, 4, 7, 6, 6, 5, 5, 4, 4, 6, 6, 6, 5, 4, 6, 6, 4, 4, 6, 5, 6, 5, 5, 3, 4, 4, 4, 7, 4, 8, 4, 4, 5, 4, 5, 5, 5, 8, 7]
B_7 24.72 B 47 [4, 4, 3, 2, 1, 3, 4, 1, 2, 4, 3, 4, 2, 1, 4, 2, 3, 2, 2, 4, 4, 1, 1, 2, 3, 3, 1, 4, 2, 3, 3, 2, 1, 2, 1, 1, 4, 4, 1, 2, 3, 1, 1, 3, 1, 4, 2, 4, 4, 3, 1, 2, 2, 4, 3, 1, 1, 4, 4, 1, 4, 4, 3, 3, 4, 1, 4, 2, 3, 4, 4, 4, 3, 2, 1, 4, 3, 1, 1, 4] [7, 8, 7, 4, 3, 6, 6, 5, 6, 6, 6, 6, 5, 4, 8, 5, 6, 4, 6, 7, 7, 3, 3, 5, 7, 6, 5, 8, 4, 6, 6, 5, 3, 4, 4, 5, 6, 6, 3, 4, 5, 3, 3, 5, 5, 7, 5, 6, 7, 5, 5, 5, 4, 8, 7, 3, 5, 7, 7, 5, 6, 7, 7, 6, 7, 3, 8, 4, 6, 7, 6, 7, 7, 5, 3, 7, 6, 5, 4, 6]
B_8 25.72 B 48 [2, 3, 2, 1, 2, 4, 2, 4, 2, 2, 4, 2, 3, 2, 3, 1, 3, 1, 3, 1, 2, 1, 4, 3, 4, 2, 3, 3, 2, 1, 2, 2, 4, 4, 2, 2, 4, 1, 4, 3, 1, 2, 4, 4, 4, 1, 2, 4, 2, 2, 1, 4, 2, 4, 3, 4, 3, 2, 2, 4, 2, 1, 3, 3, 3, 1, 2, 1, 4, 3, 3, 2, 4, 3, 1, 2, 1, 4, 4, 4] [4, 6, 5, 5, 5, 8, 4, 7, 6, 4, 7, 6, 6, 4, 6, 5, 5, 4, 5, 5, 4, 4, 7, 6, 8, 5, 5, 6, 6, 4, 6, 5, 8, 7, 4, 4, 8, 3, 7, 7, 5, 4, 8, 7, 7, 4, 4, 7, 5, 6, 4, 8, 5, 7, 7, 7, 5, 4, 4, 7, 5, 4, 5, 5, 5, 3, 6, 5, 8, 5, 6, 5, 7, 5, 5, 5, 5, 7, 7, 6]
B_9 26.869999999999997 B 49 [1, 2, 1, 1, 1, 2, 2, 2, 3, 4, 1, 1, 4, 4, 4, 4, 2, 2, 2, 2, 4, 1, 1, 3, 2, 1, 3, 2, 3, 2, 4, 3, 1, 3, 4, 2, 2, 3, 2, 1, 2, 4, 1, 4, 2, 1, 2, 3, 2, 3, 2, 3, 3, 2, 2, 3, 4, 4, 1, 2, 2, 1, 2, 3, 4, 2, 1, 2, 1, 2, 4, 3, 2, 3, 3, 3, 1, 3, 4, 2] [4, 5, 4, 5, 3, 5, 4, 5, 7, 8, 3, 5, 8, 7, 6, 7, 6, 6, 5, 6, 7, 4, 3, 5, 4, 5, 6, 4, 7, 4, 8, 5, 5, 7, 6, 5, 4, 5, 6, 5, 4, 7, 3, 6, 6, 4, 4, 5, 6, 6, 5, 7, 6, 4, 5, 6, 8, 7, 3, 4, 6, 3, 6, 7, 7, 5, 3, 6, 3, 6, 7, 6, 4, 5, 6, 7, 4, 7, 7, 6]
B_10 30.459999999999997 B 50 [1, 1, 3, 4, 4, 2, 4, 4, 2, 1, 3, 2, 3, 2, 2, 4, 4, 1, 1, 1, 2, 4, 3, 3, 1, 3, 4, 4, 3, 3, 3, 2, 3, 4, 3, 2, 1, 2, 3, 1, 1, 3, 2, 1, 4, 3, 2, 1, 1, 2, 4, 4, 3, 3, 4, 3, 2, 1, 4, 3, 1, 4, 3, 4, 3, 1, 2, 3, 3, 2, 1, 4, 1, 1, 2, 1, 4, 4, 2, 4] [5, 5, 6, 6, 8, 5, 8, 7, 4, 3, 6, 4, 5, 6, 6, 8, 6, 5, 4, 5, 6, 6, 6, 6, 5, 6, 7, 8, 7, 6, 6, 5, 6, 7, 5, 4, 3, 6, 7, 5, 3, 6, 6, 5, 8, 6, 6, 5, 4, 5, 7, 6, 7, 7, 8, 6, 5, 3, 7, 5, 5, 7, 5, 6, 7, 5, 5, 7, 6, 5, 5, 8, 3, 5, 6, 3, 8, 8, 5, 7]
B_11 38.699999999999996 B 51 [4, 1, 3, 4, 4, 1, 3, 1, 3, 3, 4, 4, 4, 2, 3, 1, 4, 2, 1, 4, 3, 4, 4, 4, 1, 4, 2, 1, 4, 1, 4, 2, 4, 4, 4, 4, 1, 4, 1, 2, 3, 1, 3, 3, 1, 3, 4, 2, 4, 3, 4, 4, 2, 3, 4, 4, 3, 2, 3, 2, 4, 2, 2, 2, 3, 3, 4, 2, 3, 4, 2, 4, 2, 1, 1, 4, 1, 4, 2, 4] [8, 3, 6, 7, 7, 5, 7, 4, 5, 5, 6, 7, 6, 5, 6, 4, 8, 6, 4, 7, 7, 8, 7, 6, 5, 7, 5, 4, 7, 3, 7, 4, 8, 7, 6, 7, 5, 7, 5, 6, 7, 4, 6, 7, 3, 7, 6, 5, 8, 7, 6, 7, 6, 7, 6, 6, 7, 6, 6, 4, 8, 6, 6, 6, 7, 6, 8, 4, 6, 7, 4, 6, 4, 4, 5, 6, 5, 7, 4, 8]
B_12 39.699999999999996 B 52 [1, 3, 1, 4, 1, 4, 3, 2, 3, 4, 3, 1, 3, 3, 2, 2, 4, 4, 2, 4, 1, 3, 4, 2, 1, 2, 1, 3, 1, 1, 2, 1, 3, 2, 4, 3, 1, 3, 3, 4, 4, 1, 1, 3, 4, 1, 3, 2, 2, 3, 3, 2, 1, 4, 1, 2, 1, 2, 2, 1, 2, 2, 2, 2, 3, 3, 2, 1, 2, 3, 3, 4, 2, 2, 2, 4, 1, 2, 2, 3] [5, 6, 3, 6, 3, 6, 7, 4, 6, 8, 5, 5, 6, 5, 6, 6, 7, 8, 4, 6, 3, 7, 7, 6, 4, 5, 5, 7, 4, 4, 5, 3, 6, 4, 8, 7, 4, 7, 7, 7, 6, 3, 3, 6, 8, 5, 6, 4, 5, 6, 7, 6, 4, 8, 3, 5, 3, 4, 4, 3, 6, 6, 4, 5, 6, 6, 5, 5, 6, 6, 6, 6, 4, 6, 5, 7, 5, 6, 4, 5]
B_13 40.699999999999996 B 53 [2, 4, 3, 3, 1, 4, 4, 4, 4, 1, 3, 2, 1, 1, 1, 3, 1, 4, 3, 4, 1, 1, 3, 4, 1, 2, 2, 4, 4, 1, 1, 4, 3, 1, 3, 2, 2, 3, 4, 2, 4, 4, 1, 2, 3, 2, 3, 4, 4, 2, 3, 3, 4, 1, 4, 2, 1, 3, 1, 3, 1, 1, 4, 2, 1, 1, 3, 1, 3, 2, 1, 2, 3, 2, 4, 3, 3, 4, 1, 2] [5, 7, 5, 6, 5, 8, 8, 8, 7, 3, 6, 5, 5, 4, 3, 6, 4, 7, 6, 6, 3, 5, 6, 8, 5, 5, 6, 7, 8, 5, 5, 6, 6, 3, 5, 5, 6, 5, 7, 4, 7, 8, 5, 5, 7, 4, 5, 8, 7, 4, 7, 7, 8, 5, 8, 6, 4, 7, 5, 7, 4, 3, 7, 4, 4, 4, 6, 5, 5, 5, 5, 5, 6, 4, 6, 6, 5, 7, 3, 6]
B_14 41.699999999999996 B 54 [2, 4, 4, 3, 4, 2, 3, 4, 1, 3, 1, 1, 4, 2, 3, 1, 2, 3, 3, 4, 3, 3, 2, 4, 2, 3, 1, 4, 3, 4, 1, 3, 3, 2, 1, 2, 1, 4, 4, 4, 2, 3, 2, 3, 1, 2, 2, 3, 3, 2, 4, 4, 1, 4, 3, 2, 4, 1, 1, 1, 3, 1, 1, 3, 2, 4, 3, 2, 3, 2, 4, 1, 4, 3, 2, 2, 1, 3, 2, 4] [4, 7, 6, 7, 7, 4, 7, 8, 3, 5, 5, 3, 7, 6, 7, 3, 5, 7, 7, 6, 5, 5, 4, 8, 5, 5, 3, 8, 6, 8, 5, 5, 7, 6, 3, 5, 3, 8, 7, 7, 6, 6, 5, 6, 3, 6, 4, 7, 7, 5, 8, 6, 3, 8, 7, 5, 8, 4, 4, 3, 7, 5, 3, 7, 6, 8, 6, 4, 6, 5, 6, 3, 7, 5, 5, 4, 4, 5, 6, 8]
B_15 46.26 B 55 [1, 4, 3, 4, 1, 4, 1, 3, 2, 1, 1, 1, 1, 3, 4, 3, 3, 4, 4, 3, 3, 1, 2, 2, 2, 4, 4, 1, 3, 1, 2, 1, 1, 3, 1, 4, 1, 4, 3, 2, 1, 4, 3, 3, 1, 2, 3, 1, 4, 3, 3, 4, 2, 2, 2, 2, 2, 1, 4, 2, 3, 3, 4, 3, 3, 1, 3, 2, 4, 1, 3, 2, 2, 4, 1, 2, 1, 1, 2, 2] [3, 7, 6, 6, 4, 6, 5, 7, 6, 3, 4, 3, 3, 7, 6, 7, 7, 8, 8, 6, 6, 4, 6, 6, 5, 6, 6, 3, 7, 4, 4, 3, 5, 5, 4, 6, 4, 7, 6, 4, 4, 7, 5, 7, 5, 4, 6, 3, 7, 6, 6, 6, 5, 6, 5, 6, 4, 4, 6, 4, 5, 6, 7, 6, 5, 4, 6, 4, 7, 4, 6, 5, 5, 8, 5, 4, 3, 4, 4, 5]
B_16 47.26 B 56 [1, 2, 3, 3, 1, 4, 3, 2, 2, 3, 1, 1, 4, 2, 1, 2, 2, 4, 1, 2, 1, 4, 2, 1, 4, 2, 4, 2, 3, 1, 4, 1, 1, 1, 1, 1, 2, 1, 3, 3, 2, 4, 4, 2, 2, 2, 2, 1, 3, 4, 2, 3, 1, 1, 4, 2, 4, 4, 3, 4, 4, 3, 2, 1, 4, 4, 1, 1, 3, 2, 1, 2, 4, 1, 1, 1, 1, 4, 2, 4] [4, 5, 6, 5, 4, 6, 5, 5, 6, 6, 3, 4, 8, 6, 3, 6, 5, 8, 4, 6, 5, 8, 5, 4, 7, 4, 7, 6, 5, 4, 6, 3, 5, 3, 5, 3, 6, 4, 6, 5, 6, 6, 7, 4, 5, 6, 6, 5, 5, 8, 5, 7, 3, 4, 8, 4, 6, 8, 7, 6, 7, 5, 4, 4, 6, 7, 4, 5, 5, 5, 4, 6, 7, 5, 4, 3, 5, 8, 6, 8]
B_17 56.44 B 57 [2, 3, 2, 2, 1, 2, 4, 2, 1, 3, 1, 1, 2, 2, 1, 3, 2, 3, 1, 1, 3, 2, 1, 1, 1, 4, 2, 4, 3, 1, 2, 3, 1, 3, 1, 3, 4, 4, 2, 3, 1, 1, 3, 1, 4, 4, 1, 4, 2, 4, 1, 2, 2, 3, 1, 1, 4, 4, 1, 2, 4, 1, 4, 1, 4, 3, 2, 4, 2, 3, 2, 1, 4, 1, 1, 1, 1, 4, 2, 4] [4, 6, 5, 6, 3, 5, 8, 6, 3, 6, 3, 4, 5, 5, 3, 5, 4, 7, 4, 5, 5, 6, 4, 4, 4, 8, 6, 8, 6, 4, 6, 6, 4, 7, 4, 5, 8, 8, 6, 6, 5, 3, 7, 5, 8, 6, 4, 7, 4, 7, 3, 6, 4, 7, 4, 4, 8, 7, 4, 5, 6, 3, 6, 4, 6, 5, 5, 6, 4, 5, 5, 5, 8, 4, 5, 4, 4, 8, 4, 6]
B_18 57.62 B 58 [4, 4, 4, 1, 4, 4, 4, 2, 4, 4, 2, 3, 2, 1, 1, 3, 2, 4, 4, 2, 2, 1, 2, 3, 4, 2, 3, 1, 3, 3, 4, 2, 3, 4, 3, 4, 4, 4, 3, 4, 2, 4, 3, 2, 3, 4, 2, 4, 2, 1, 4, 3, 2, 1, 1, 4, 3, 1, 4, 4, 2, 3, 1, 2, 4, 1, 1, 1, 1, 2, 2, 1, 4, 2, 4, 2, 4, 3, 3, 3] [8, 8, 6, 3, 8, 6, 6, 5, 7, 8, 4, 7, 6, 4, 4, 6, 4, 6, 6, 4, 6, 4, 5, 5, 6, 4, 6, 3, 7, 5, 7, 6, 5, 7, 6, 7, 7, 6, 7, 8, 6, 6, 5, 4, 5, 6, 4, 7, 4, 3, 7, 6, 4, 5, 4, 6, 7, 4, 8, 6, 6, 7, 4, 4, 6, 5, 3, 3, 5, 5, 4, 4, 8, 4, 8, 5, 6, 7, 6, 6]
B_19 58.94 B 59 [1, 3, 4, 2, 2, 3, 3, 2, 3, 2, 3, 3, 2, 2, 2, 3, 1, 3, 3, 4, 1, 2, 4, 3, 2, 1, 3, 3, 1, 3, 1, 3, 3, 1, 3, 3, 3, 1, 3, 1, 4, 3, 4, 4, 3, 1, 4, 1, 4, 2, 3, 2, 1, 3, 1, 2, 4, 2, 4, 3, 3, 3, 4, 2, 4, 3, 3, 1, 3, 2, 4, 1, 3, 1, 4, 3, 4, 3, 3, 4] [4, 5, 6, 6, 5, 5, 7, 5, 5, 5, 5, 7, 4, 4, 4, 5, 3, 5, 5, 8, 3, 4, 7, 7, 4, 5, 7, 6, 3, 7, 4, 6, 6, 5, 7, 5, 7, 3, 5, 4, 7, 7, 8, 8, 6, 4, 6, 5, 7, 4, 5, 4, 3, 7, 3, 4, 6, 5, 6, 7, 5, 5, 8, 6, 8, 6, 5, 4, 5, 4, 8, 4, 7, 4, 8, 6, 6, 5, 7, 7]
B_20 59.94 B 60 [1, 3, 1, 2, 3, 1, 4, 2, 1, 4, 3, 4, 2, 4, 4, 3, 3, 1, 3, 2, 3, 4, 3, 4, 2, 4, 3, 1, 2, 3, 1, 2, 3, 2, 1, 3, 3, 3, 1, 1, 1, 3, 1, 3, 1, 3, 2, 4, 2, 2, 1, 4, 2, 1, 3, 3, 4, 4, 2, 3, 1, 1, 3, 4, 1, 2, 3, 1, 2, 3, 1, 3, 1, 3, 4, 1, 2, 2, 1, 1] [4, 6, 4, 6, 5, 3, 7, 4, 5, 8, 7, 8, 6, 8, 6, 5, 6, 5, 5, 5, 7, 6, 6, 6, 6, 7, 7, 4, 6, 5, 3, 4, 5, 4, 4, 6, 6, 7, 3, 4, 5, 5, 4, 7, 4, 7, 5, 6, 5, 6, 5, 8, 6, 4, 7, 5, 7, 6, 6, 5, 3, 4, 5, 6, 4, 5, 7, 5, 5, 5, 5, 7, 3, 5, 6, 5, 4, 4, 5, 4]
B_21 60.94 B 61 [2, 4, 4, 4, 1, 2, 4, 4, 1, 3, 4, 4, 2, 1, 2, 2, 4, 4, 3, 2, 4, 1, 4, 3, 4, 2, 3, 4, 4, 1, 4, 2, 1, 3, 3, 2, 4, 1, 3, 3, 2, 1, 1, 1, 1, 4, 2, 4, 1, 1, 4, 2, 2, 1, 1, 3, 3, 1, 3, 3, 1, 2, 1, 2, 2, 1, 3, 1, 2, 1, 3, 3, 3, 2, 4, 2, 3, 2, 4, 2] [4, 6, 8, 7, 4, 5, 8, 6, 4, 6, 6, 8, 5, 4, 6, 6, 8, 8, 5, 5, 7, 3, 6, 5, 8, 5, 5, 8, 8, 3, 6, 5, 4, 7, 6, 6, 7, 5, 6, 6, 5, 4, 5, 3, 3, 6, 6, 7, 4, 3, 7, 6, 6, 3, 5, 6, 5, 3, 7, 5, 4, 4, 5, 5, 5, 3, 5, 3, 5, 3, 6, 7, 7, 5, 8, 4, 5, 5, 8, 6]
B_22 62.21 B 62 [1, 2, 4, 4, 1, 4, 2, 1, 2, 3, 2, 2, 1, 1, 3, 2, 1, 1, 3, 3, 2, 3, 1, 2, 4, 4, 4, 4, 3, 1, 2, 2, 4, 2, 2, 4, 4, 2, 2, 1, 2, 2, 3, 3, 2, 2, 1, 3, 3, 2, 3, 2, 2, 4, 1, 4, 2, 4, 1, 4, 3, 1, 3, 3, 2, 1, 2, 2, 3, 3, 4, 3, 2, 3, 3, 1, 4, 2, 1, 3] [5, 5, 8, 8, 3, 7, 5, 4, 4, 7, 5, 6, 5, 5, 7, 6, 5, 4, 6, 6, 5, 6, 5, 5, 8, 8, 7, 8, 6, 5, 4, 6, 6, 4, 5, 7, 6, 5, 4, 3, 4, 4, 7, 6, 5, 4, 5, 7, 5, 6, 5, 6, 4, 7, 3, 7, 4, 6, 4, 8, 5, 5, 7, 7, 6, 4, 6, 5, 7, 5, 8, 5, 4, 6, 6, 3, 7, 6, 4, 5]
B_23 66.85 B 63 [3, 2, 1, 2, 3, 1, 2, 2, 4, 2, 2, 4, 2, 1, 4, 4, 3, 4, 1, 3, 4, 2, 2, 1, 1, 1, 4, 3, 3, 2, 2, 4, 3, 1, 1, 4, 2, 3, 3, 2, 4, 3, 3, 4, 2, 4, 3, 3, 3, 3, 4, 2, 2, 2, 3, 3, 1, 1, 2, 2, 4, 2, 3, 1, 4, 3, 4, 4, 2, 2, 3, 1, 3, 1, 3, 2, 3, 1, 3, 2] [6, 5, 3, 5, 5, 4, 5, 5, 8, 4, 5, 6, 4, 3, 8, 6, 7, 7, 4, 7, 8, 6, 6, 5, 5, 5, 6, 6, 5, 6, 6, 8, 5, 4, 3, 7, 5, 6, 5, 5, 7, 5, 5, 7, 4, 6, 5, 6, 5, 7, 6, 6, 5, 4, 7, 6, 4, 4, 4, 6, 6, 5, 7, 5, 7, 7, 7, 6, 6, 5, 5, 5, 6, 4, 5, 4, 5, 5, 7, 4]
B_24 67.85 B 64 [2, 2, 3, 3, 4, 3, 4, 2, 2, 2, 2, 2, 3, 3, 2, 1, 4, 4, 4, 1, 3, 3, 4, 1, 1, 1, 1, 1, 1, 2, 2, 1, 2, 1, 4, 3, 4, 2, 2, 4, 1, 3, 2, 4, 3, 3, 1, 4, 3, 4, 3, 3, 3, 1, 2, 3, 4, 4, 4, 4, 1, 2, 2, 4, 3, 2, 3, 3, 1, 2, 2, 2, 1, 4, 4, 3, 4, 3, 2, 1] [6, 5, 5, 7, 7, 6, 6, 4, 5, 6, 5, 5, 5, 6, 6, 4, 7, 8, 8, 3, 5, 6, 7, 4, 3, 3, 4, 4, 5, 5, 4, 3, 5, 5, 8, 5, 8, 5, 6, 8, 5, 5, 5, 8, 6, 7, 3, 7, 5, 7, 7, 7, 6, 4, 6, 5, 6, 6, 6, 8, 4, 5, 6, 7, 7, 4, 5, 5, 3, 5, 5, 6, 5, 8, 7, 7, 6, 5, 6, 3]
B_25 68.85 B 65 [1, 2, 1, 2, 3, 4, 1, 4, 4, 2, 4, 4, 2, 3, 1, 2, 3, 4, 2, 3, 1, 1, 1, 1, 2, 3, 1, 1, 1, 1, 2, 1, 3, 3, 3, 4, 1, 1, 1, 2, 2, 4, 3, 2, 1, 4, 1, 1, 1, 2, 1, 3, 3, 1, 4, 1, 4, 3, 1, 3, 2, 1, 1, 3, 2, 1, 2, 3, 2, 2, 4, 3, 2, 3, 3, 4, 1, 2, 4, 1] [3, 5, 3, 6, 6, 6, 4, 6, 6, 4, 6, 8, 6, 7, 5, 6, 5, 8, 5, 6, 5, 5, 3, 4, 5, 7, 3, 3, 5, 4, 5, 5, 5, 6, 7, 7, 5, 4, 5, 5, 6, 7, 6, 6, 3, 8, 4, 3, 3, 5, 5, 6, 6, 4, 8, 4, 7, 5, 5, 6, 5, 3, 4, 7, 4, 3, 4, 6, 6, 5, 8, 7, 4, 5, 7, 6, 5, 5, 7, 3]
B_26 69.85 B 66 [3, 3, 3, 1, 4, 3, 1, 1, 2, 1, 3, 3, 2, 4, 3, 2, 3, 1, 2, 3, 2, 4, 1, 2, 3, 4, 2, 3, 4, 4, 2, 2, 1, 1, 3, 4, 4, 3, 3, 3, 4, 1, 2, 1, 2, 3, 1, 4, 2, 1, 2, 4, 2, 3, 3, 3, 1, 2, 1, 3, 3, 3, 2, 4, 3, 2, 2, 2, 3, 1, 1, 2, 1, 4, 2, 1, 4, 4, 1, 3] [5, 7, 5, 3, 6, 6, 3, 5, 6, 4, 7, 7, 5, 8, 7, 4, 7, 5, 5, 6, 4, 8, 4, 4, 5, 8, 6, 7, 6, 8, 6, 5, 4, 4, 6, 8, 7, 7, 6, 6, 7, 3, 4, 5, 4, 6, 4, 8, 6, 3, 5, 8, 5, 6, 6, 6, 4, 5, 3, 5, 7, 5, 6, 7, 5, 4, 6, 5, 5, 5, 3, 5, 5, 6, 4, 3, 8, 6, 3, 7]
B_27 70.85 B 67 [3, 4, 2, 2, 2, 1, 2, 4, 2, 3, 3, 2, 3, 1, 3, 1, 4, 1, 2, 3, 4, 1, 2, 2, 2, 2, 3, 2, 2, 3, 2, 3, 2, 4, 1, 3, 3, 3, 1, 1, 4, 4, 1, 3, 3, 2, 1, 2, 1, 2, 3, 2, 1, 1, 2, 2, 1, 4, 1, 1, 1, 1, 2, 4, 3, 3, 2, 2, 3, 4, 2, 4, 4, 3, 4, 3, 1, 4, 1, 1] [6, 8, 4, 5, 5, 5, 4, 8, 6, 5, 6, 4, 5, 3, 6, 5, 7, 4, 5, 7, 7, 5, 6, 5, 4, 5, 6, 6, 5, 5, 5, 6, 5, 8, 4, 7, 7, 7, 4, 3, 8, 8, 4, 5, 6, 5, 4, 4, 5, 6, 7, 4, 5, 5, 4, 4, 5, 6, 3, 4, 5, 3, 5, 6, 5, 6, 5, 6, 7, 7, 6, 8, 8, 5, 6, 7, 4, 6, 4, 3]
B_28 78.16 B 68 [2, 3, 3, 3, 3, 1, 1, 2, 3, 4, 3, 3, 2, 4, 2, 3, 3, 4, 3, 2, 1, 4, 2, 2, 1, 3, 3, 2, 1, 4, 4, 1, 2, 2, 2, 4, 4, 2, 3, 3, 3, 1, 3, 1, 2, 1, 3, 3, 4, 1, 3, 3, 2, 3, 3, 4, 3, 2, 1, 3, 2, 2, 3, 2, 1, 2, 3, 3, 4, 3, 4, 1, 4, 4, 2, 3, 2, 1, 2, 1] [6, 5, 6, 7, 7, 3, 5, 6, 6, 8, 6, 7, 4, 6, 4, 5, 5, 8, 5, 4, 5, 6, 5, 4, 3, 6, 7, 4, 3, 8, 8, 5, 5, 6, 4, 8, 8, 6, 7, 5, 5, 3, 7, 4, 4, 4, 7, 6, 8, 3, 6, 6, 6, 5, 6, 7, 5, 4, 5, 5, 5, 5, 7, 6, 3, 6, 5, 7, 7, 6, 6, 5, 7, 7, 6, 6, 6, 3, 6, 5]
B_29 79.16 B 69 [4, 2, 4, 4, 4, 1, 1, 3, 2, 1, 1, 1, 3, 4, 2, 3, 4, 4, 1, 4, 4, 3, 1, 2, 1, 3, 1, 2, 1, 3, 2, 1, 2, 2, 2, 2, 1, 3, 1, 4, 2, 4, 2, 4, 4, 3, 2, 4, 3, 2, 2, 4, 3, 2, 2, 1, 2, 3, 2, 2, 3, 1, 3, 2, 2, 2, 1, 4, 3, 4, 4, 2, 2, 2, 3, 4, 3, 1, 2, 2] [8, 6, 6, 7, 7, 4, 4, 5, 5, 5, 3, 4, 7, 6, 4, 6, 7, 7, 3, 8, 8, 5, 5, 6, 4, 7, 5, 4, 5, 7, 4, 4, 4, 6, 5, 4, 3, 7, 4, 7, 4, 7, 6, 7, 7, 7, 4, 7, 5, 6, 5, 7, 6, 5, 5, 4, 5, 5, 5, 4, 5, 3, 5, 5, 5, 5, 5, 7, 6, 6, 6, 4, 6, 6, 5, 7, 5, 5, 4, 6]
B_30 85.06 B 70 [4, 4, 2, 2, 4, 1, 2, 4, 3, 1, 1, 1, 1, 4, 3, 4, 2, 3, 1, 1, 1, 3, 2, 3, 3, 1, 4, 4, 4, 1, 2, 2, 4, 4, 3, 4, 1, 3, 4, 4, 3, 3, 1, 3, 1, 2, 4, 4, 3, 4, 1, 2, 3, 1, 4, 3, 1, 2, 2, 4, 1, 3, 4, 3, 2, 4, 1, 2, 4, 4, 2, 2, 2, 2, 2, 2, 4, 1, 1, 4] [8, 7, 6, 6, 6, 3, 4, 8, 6, 5, 4, 5, 4, 6, 6, 6, 5, 7, 4, 5, 3, 7, 5, 7, 7, 5, 6, 6, 7, 4, 6, 5, 8, 7, 7, 7, 4, 6, 8, 8, 6, 6, 4, 5, 4, 4, 8, 6, 6, 7, 5, 4, 6, 5, 6, 6, 4, 5, 4, 8, 5, 6, 8, 5, 5, 8, 3, 6, 6, 6, 5, 4, 4, 4, 4, 4, 8, 4, 4, 8]
B_31 86.06 B 71 [4, 4, 2, 3, 3, 1, 4, 3, 2, 1, 4, 2, 3, 3, 1, 2, 3, 4, 4, 1, 4, 3, 1, 4, 2, 3, 3, 2, 2, 2, 1, 3, 2, 2, 1, 2, 1, 3, 4, 4, 2, 2, 1, 2, 4, 1, 2, 4, 2, 3, 4, 4, 4, 2, 1, 2, 2, 1, 1, 1, 3, 3, 3, 1, 2, 3, 2, 4, 1, 2, 2, 3, 4, 2, 4, 4, 4, 1, 4, 4] [7, 6, 4, 5, 7, 3, 8, 6, 6, 3, 6, 4, 7, 5, 4, 4, 6, 8, 8, 3, 8, 5, 4, 6, 6, 6, 5, 4, 6, 6, 4, 5, 6, 4, 4, 6, 5, 5, 8, 8, 6, 6, 5, 5, 6, 5, 4, 7, 5, 6, 8, 6, 6, 5, 3, 5, 6, 5, 4, 4, 7, 7, 5, 5, 6, 7, 5, 8, 5, 4, 4, 6, 7, 4, 7, 7, 6, 3, 7, 7]
B_32 89.43 B 72 [2, 2, 4, 3, 2, 2, 1, 3, 4, 3, 4, 2, 2, 2, 2, 1, 3, 1, 4, 2, 1, 3, 2, 4, 4, 4, 4, 1, 1, 2, 4, 3, 3, 3, 4, 3, 1, 1, 1, 2, 4, 2, 3, 3, 2, 1, 2, 3, 4, 2, 1, 2, 2, 3, 4, 2, 4, 4, 4, 3, 1, 3, 2, 3, 1, 2, 1, 4, 4, 2, 2, 4, 2, 4, 3, 2, 4, 3, 2, 4] [4, 6, 6, 6, 6, 4, 5, 7, 8, 5, 8, 6, 6, 4, 6, 3, 5, 4, 7, 6, 3, 6, 4, 6, 7, 7, 6, 4, 3, 5, 6, 5, 5, 6, 7, 7, 3, 5, 4, 5, 7, 6, 5, 6, 4, 4, 4, 7, 7, 4, 3, 4, 4, 6, 7, 5, 7, 8, 8, 7, 3, 7, 4, 6, 5, 4, 5, 8, 7, 6, 4, 7, 5, 7, 7, 6, 6, 6, 4, 7]
B_33 93.84 B 73 [4, 2, 3, 4, 3, 4, 3, 3, 3, 1, 1, 4, 2, 3, 2, 3, 4, 2, 2, 2, 1, 2, 2, 1, 4, 1, 2, 2, 3, 2, 3, 2, 4, 2, 4, 3, 4, 2, 4, 4, 4, 3, 1, 2, 4, 2, 1, 2, 3, 3, 1, 1, 2, 2, 3, 4, 1, 1, 2, 1, 3, 2, 3, 1, 4, 3, 4, 3, 4, 2, 2, 2, 4, 3, 1, 2, 2, 3, 2, 4] [7, 4, 5, 8, 7, 6, 6, 7, 5, 5, 5, 8, 5, 5, 6, 7, 6, 5, 5, 5, 4, 5, 5, 5, 8, 5, 6, 5, 5, 6, 7, 6, 8, 5, 7, 5, 8, 5, 7, 8, 8, 5, 3, 4, 6, 5, 5, 5, 5, 5, 5, 4, 6, 4, 5, 8, 5, 4, 4, 4, 5, 5, 6, 4, 8, 5, 6, 5, 7, 6, 4, 4, 7, 5, 3, 4, 5, 5, 6, 8]
B_34 97.31 B 74 [3, 1, 4, 3, 1, 2, 3, 4, 3, 3, 3, 2, 4, 4, 3, 4, 2, 4, 4, 2, 4, 1, 1, 1, 1, 1, 2, 3, 1, 3, 3, 1, 2, 3, 4, 3, 4, 1, 4, 2, 4, 3, 1, 3, 3, 4, 2, 1, 1, 3, 2, 1, 2, 4, 2, 1, 1, 1, 4, 4, 4, 4, 3, 3, 4, 3, 2, 4, 2, 3, 2, 4, 3, 1, 3, 4, 3, 3, 2, 1] [5, 5, 7, 6, 5, 4, 7, 8, 5, 7, 7, 5, 8, 6, 5, 7, 6, 6, 8, 5, 8, 3, 4, 3, 5, 5, 5, 7, 5, 6, 7, 3, 4, 5, 8, 5, 6, 5, 7, 4, 7, 7, 5, 6, 7, 7, 4, 3, 5, 6, 6, 5, 5, 6, 5, 5, 4, 5, 8, 8, 6, 8, 6, 5, 7, 7, 4, 6, 6, 5, 4, 7, 7, 3, 7, 7, 6, 5, 4, 3]
B_35 98.31 B 75 [1, 2, 1, 2, 4, 3, 4, 2, 4, 2, 2, 3, 4, 2, 3, 4, 1, 4, 3, 3, 1, 3, 2, 1, 1, 2, 4, 4, 1, 4, 1, 1, 3, 1, 3, 1, 3, 3, 2, 4, 3, 2, 4, 1, 1, 2, 1, 4, 2, 3, 1, 4, 4, 3, 2, 2, 1, 1, 2, 3, 1, 2, 1, 2, 3, 4, 1, 3, 3, 4, 2, 4, 2, 2, 4, 2, 3, 4, 4, 2] [3, 5, 5, 5, 6, 5, 7, 6, 8, 5, 5, 5, 6, 5, 5, 8, 5, 7, 7, 6, 5, 6, 4, 3, 5, 4, 8, 7, 3, 7, 4, 5, 7, 5, 7, 4, 5, 7, 5, 7, 7, 4, 7, 5, 5, 6, 5, 7, 5, 7, 3, 6, 7, 6, 4, 4, 3, 4, 5, 6, 5, 4, 3, 4, 7, 6, 3, 7, 6, 7, 4, 7, 6, 4, 7, 5, 5, 8, 6, 6]
B_36 100.26 B 76 [4, 4, 3, 1, 2, 1, 3, 4, 3, 4, 3, 2, 2, 3, 1, 1, 2, 1, 3, 3, 3, 4, 2, 4, 1, 2, 1, 1, 1, 3, 3, 1, 3, 2, 2, 4, 3, 2, 4, 2, 1, 1, 4, 2, 3, 3, 3, 3, 1, 1, 4, 1, 1, 3, 1, 1, 1, 1, 4, 4, 2, 3, 4, 3, 4, 1, 4, 1, 2, 3, 4, 4, 4, 2, 3, 3, 3, 2, 3, 1] [6, 7, 5, 4, 4, 4, 6, 6, 6, 8, 6, 4, 5, 6, 3, 3, 5, 3, 6, 5, 7, 8, 5, 6, 3, 6, 3, 4, 5, 6, 6, 3, 7, 5, 6, 8, 5, 6, 6, 6, 5, 3, 6, 5, 7, 7, 5, 6, 5, 4, 8, 5, 5, 5, 4, 3, 5, 4, 6, 6, 4, 5, 7, 5, 6, 5, 8, 4, 6, 5, 8, 6, 6, 5, 6, 5, 7, 4, 5, 3]
B_37 102.77000000000001 B 77 [3, 2, 4, 2, 1, 2, 3, 4, 4, 1, 2, 1, 4, 3, 2, 4, 3, 2, 3, 3, 2, 1, 3, 4, 3, 4, 2, 2, 4, 2, 4, 2, 3, 4, 2, 3, 2, 1, 2, 1, 4, 1, 3, 3, 4, 4, 2, 1, 4, 3, 4, 4, 2, 4, 3, 1, 4, 4, 3, 3, 2, 2, 2, 1, 3, 2, 4, 4, 1, 1, 1, 1, 3, 3, 3, 4, 2, 2, 2, 2] [5, 5, 8, 6, 5, 6, 7, 8, 7, 5, 4, 3, 6, 7, 4, 7, 5, 6, 5, 5, 4, 5, 7, 6, 5, 6, 4, 4, 7, 5, 8, 6, 5, 6, 5, 6, 4, 3, 6, 3, 6, 5, 5, 7, 8, 8, 5, 5, 7, 7, 8, 7, 6, 7, 5, 4, 8, 8, 7, 5, 4, 5, 6, 5, 5, 5, 6, 6, 3, 5, 4, 3, 6, 5, 5, 8, 4, 6, 4, 5]
B_38 107.15 B 78 [4, 2, 1, 2, 4, 1, 1, 1, 1, 2, 2, 3, 3, 4, 1, 4, 4, 3, 3, 2, 4, 2, 3, 4, 1, 2, 2, 3, 3, 2, 3, 4, 2, 1, 1, 4, 1, 4, 3, 2, 4, 4, 1, 1, 4, 2, 4, 1, 4, 4, 2, 2, 2, 1, 2, 2, 2, 2, 3, 3, 1, 4, 1, 3, 2, 4, 1, 1, 2, 2, 1, 4, 2, 2, 2, 4, 3, 2, 3, 3] [6, 5, 5, 6, 6, 3, 3, 4, 5, 5, 6, 6, 7, 8, 3, 7, 6, 7, 6, 6, 8, 5, 5, 7, 3, 5, 4, 5, 7, 6, 6, 8, 4, 4, 4, 7, 3, 6, 6, 6, 7, 8, 4, 5, 6, 6, 8, 4, 7, 7, 5, 4, 4, 3, 6, 4, 6, 4, 6, 7, 5, 8, 4, 7, 6, 7, 3, 4, 6, 4, 4, 7, 4, 6, 4, 6, 5, 4, 6, 5]
B_39 109.22 B 79 [2, 1, 4, 2, 2, 4, 2, 1, 2, 3, 3, 3, 2, 3, 4, 4, 2, 1, 4, 1, 1, 1, 2, 1, 3, 3, 1, 4, 2, 1, 3, 3, 4, 4, 4, 2, 3, 3, 1, 2, 4, 4, 1, 1, 1, 3, 4, 4, 4, 2, 4, 4, 3, 2, 4, 2, 4, 4, 3, 4, 1, 2, 3, 2, 1, 1, 3, 1, 1, 2, 4, 4, 4, 4, 1, 2, 1, 2, 3, 3] [6, 3, 6, 6, 6, 8, 5, 5, 6, 7, 6, 7, 6, 6, 6, 6, 6, 4, 7, 5, 3, 3, 6, 4, 7, 5, 3, 8, 4, 3, 6, 5, 8, 8, 6, 6, 5, 5, 4, 6, 8, 6, 3, 3, 4, 7, 7, 6, 6, 6, 7, 8, 5, 6, 8, 5, 8, 6, 6, 7, 4, 6, 5, 4, 3, 3, 7, 3, 5, 6, 8, 7, 7, 8, 3, 6, 3, 5, 5, 6]
