A_0 4.47 A 0 [4, 3, 1, 4, 1, 2, 4, 2, 2, 3, 2, 3, 4, 1, 4, 1, 1, 4, 3, 3, 1, 3, 3, 2, 2, 1, 4, 1, 1, 1, 4, 4, 3, 2, 2, 1, 3, 4, 3, 1, 2, 3, 3, 4, 3, 1, 1, 2, 3, 4, 4, 1, 4, 4, 1, 2, 2, 1, 3, 1, 3, 2, 1, 2, 3, 3, 4, 2, 4, 2, 3, 1, 3, 1, 1, 2, 2, 1, 1, 2] [7, 5, 3, 8, 5, 6, 6, 5, 6, 7, 6, 5, 7, 5, 8, 3, 3, 6, 6, 7, 3, 6, 7, 4, 4, 5, 6, 5, 4, 4, 6, 8, 5, 6, 5, 5, 7, 8, 6, 3, 5, 7, 7, 8, 7, 5, 5, 5, 6, 6, 8, 5, 6, 8, 5, 6, 5, 5, 6, 4, 6, 6, 3, 5, 7, 6, 6, 5, 6, 6, 7, 5, 5, 4, 4, 6, 5, 4, 5, 6]
A_1 5.47 A 1 [3, 2, 1, 4, 4, 4, 4, 2, 4, 2, 3, 4, 1, 3, 2, 3, 4, 2, 3, 1, 2, 3, 2, 3, 2, 4, 1, 4, 4, 2, 1, 1, 4, 2, 2, 4, 1, 1, 3, 3, 4, 4, 1, 3, 3, 3, 2, 3, 4, 4, 1, 3, 3, 1, 3, 3, 4, 4, 3, 1, 2, 4, 2, 1, 4, 4, 3, 4, 4, 2, 3, 4, 3, 1, 2, 4, 1, 1, 1, 4] [5, 5, 5, 6, 7, 6, 6, 4, 7, 6, 6, 8, 5, 5, 6, 7, 7, 6, 5, 3, 6, 6, 6, 5, 6, 7, 4, 6, 6, 4, 3, 3, 6, 4, 6, 7, 3, 4, 5, 7, 6, 6, 4, 6, 5, 6, 6, 5, 6, 8, 5, 7, 5, 5, 5, 7, 7, 7, 7, 3, 6, 7, 6, 3, 6, 6, 5, 6, 8, 6, 5, 7, 6, 3, 4, 7, 4, 3, 5, 7]
A_2 7.0 A 2 [1, 1, 4, 4, 4, 3, 4, 1, 1, 1, 2, 2, 3, 1, 1, 4, 1, 2, 2, 1, 1, 2, 1, 3, 1, 1, 4, 4, 4, 4, 1, 2, 4, 4, 2, 3, 4, 4, 2, 1, 4, 4, 3, 4, 1, 2, 4, 4, 1, 1, 1, 2, 4, 4, 1, 4, 1, 1, 4, 1, 2, 4, 1, 4, 1, 4, 1, 2, 4, 4, 1, 1, 1, 3, 2, 1, 1, 3, 3, 4] [3, 5, 6, 8, 8, 7, 7, 4, 4, 3, 5, 4, 6, 5, 3, 8, 4, 6, 6, 5, 5, 4, 4, 7, 4, 3, 8, 6, 6, 8, 4, 5, 8, 6, 5, 7, 7, 7, 6, 5, 8, 8, 5, 8, 5, 6, 8, 6, 3, 3, 4, 4, 6, 6, 5, 8, 4, 4, 8, 3, 5, 6, 3, 7, 3, 7, 4, 4, 7, 8, 5, 5, 3, 7, 6, 4, 4, 6, 7, 7]
A_3 8.0 A 3 [4, 4, 4, 4, 3, 1, 3, 3, 3, 1, 4, 2, 3, 4, 2, 2, 1, 3, 3, 2, 3, 2, 3, 4, 2, 2, 4, 2, 1, 1, 1, 4, 2, 1, 1, 4, 4, 2, 4, 4, 3, 2, 1, 4, 2, 4, 3, 4, 3, 3, 3, 1, 4, 4, 2, 3, 4, 4, 2, 4, 2, 1, 3, 4, 1, 2, 3, 2, 3, 3, 2, 1, 1, 3, 2, 1, 2, 4, 4, 4] [8, 6, 8, 7, 6, 5, 5, 5, 7, 5, 7, 4, 5, 7, 5, 5, 4, 7, 6, 6, 6, 4, 7, 7, 4, 5, 6, 5, 4, 4, 3, 8, 4, 5, 3, 7, 8, 4, 8, 8, 5, 5, 3, 6, 4, 6, 7, 8, 6, 5, 7, 5, 7, 6, 6, 7, 7, 7, 4, 6, 4, 4, 5, 8, 3, 4, 5, 6, 6, 5, 5, 5, 4, 7, 4, 4, 4, 6, 7, 7]
A_4 16.16 A 4 [1, 4, 4, 3, 3, 1, 3, 2, 4, 2, 3, 2, 4, 4, 3, 3, 3, 4, 1, 4, 4, 1, 3, 4, 2, 3, 3, 3, 3, 2, 3, 1, 3, 3, 1, 2, 3, 3, 1, 4, 4, 1, 4, 3, 2, 3, 1, 3, 2, 3, 1, 1, 1, 1, 3, 1, 3, 2, 2, 4, 3, 4, 3, 3, 2, 1, 4, 3, 4, 1, 1, 2, 4, 2, 2, 1, 3, 2, 2, 2] [5, 7, 8, 6, 6, 3, 5, 4, 6, 5, 6, 6, 8, 6, 6, 6, 6, 6, 3, 7, 6, 5, 7, 6, 4, 7, 7, 7, 7, 4, 6, 3, 6, 7, 5, 6, 5, 7, 5, 6, 6, 5, 8, 7, 6, 6, 5, 7, 5, 7, 4, 4, 3, 3, 5, 4, 7, 4, 6, 7, 7, 8, 7, 7, 6, 5, 6, 5, 7, 4, 4, 4, 7, 6, 4, 5, 5, 4, 6, 4]
A_5 24.36 A 5 [2, 4, 3, 1, 1, 3, 3, 3, 3, 2, 1, 1, 2, 1, 3, 1, 3, 3, 1, 2, 4, 3, 2, 4, 2, 1, 4, 1, 1, 1, 4, 1, 1, 4, 3, 4, 4, 3, 1, 4, 4, 1, 2, 1, 1, 4, 3, 3, 4, 1, 3, 2, 3, 2, 2, 2, 4, 2, 2, 4, 1, 1, 4, 4, 4, 4, 1, 4, 1, 3, 3, 2, 2, 1, 2, 4, 2, 2, 3, 3] [6, 6, 7, 5, 3, 5, 6, 5, 6, 4, 3, 4, 4, 5, 7, 5, 5, 5, 5, 5, 6, 7, 5, 6, 6, 3, 7, 4, 5, 4, 6, 5, 5, 8, 5, 7, 8, 7, 4, 6, 7, 5, 5, 4, 5, 7, 5, 5, 7, 5, 6, 6, 6, 6, 4, 4, 8, 5, 4, 6, 4, 4, 8, 6, 8, 6, 5, 6, 4, 6, 7, 6, 6, 4, 4, 7, 5, 5, 6, 5]
A_6 26.61 A 6 [4, 4, 4, 3, 3, 3, 4, 2, 3, 3, 2, 3, 4, 2, 2, 4, 1, 1, 3, 2, 4, 4, 1, 3, 1, 2, 1, 2, 3, 1, 2, 1, 2, 2, 4, 2, 4, 2, 1, 3, 4, 1, 3, 2, 1, 4, 2, 2, 2, 1, 1, 2, 3, 2, 3, 4, 4, 4, 3, 2, 3, 1, 2, 2, 2, 3, 4, 4, 2, 1, 4, 4, 4, 2, 1, 3, 4, 1, 1, 3] [6, 6, 7, 5, 5, 6, 7, 5, 5, 6, 6, 5, 7, 4, 5, 8, 4, 3, 7, 6, 6, 7, 3, 7, 5, 4, 5, 5, 6, 5, 6, 4, 6, 6, 6, 4, 7, 4, 3, 7, 8, 4, 5, 4, 5, 6, 5, 4, 6, 4, 5, 5, 7, 5, 5, 7, 7, 6, 7, 5, 5, 4, 4, 6, 6, 6, 7, 8, 6, 5, 6, 7, 6, 4, 4, 6, 7, 5, 4, 7]
A_7 27.9 A 7 [2, 2, 1, 3, 2, 3, 2, 4, 3, 3, 1, 2, 1, 1, 3, 4, 4, 3, 2, 2, 1, 1, 2, 2, 1, 4, 1, 1, 2, 3, 1, 4, 4, 4, 2, 4, 1, 4, 4, 4, 2, 1, 1, 1, 3, 3, 4, 2, 3, 4, 4, 1, 1, 3, 1, 3, 2, 1, 2, 2, 4, 4, 3, 1, 2, 3, 4, 2, 4, 3, 4, 1, 2, 3, 2, 2, 4, 1, 1, 1] [5, 4, 4, 5, 4, 5, 5, 7, 5, 7, 5, 5, 3, 5, 6, 8, 8, 5, 6, 5, 3, 5, 5, 5, 4, 6, 4, 4, 6, 6, 3, 8, 6, 8, 6, 6, 5, 7, 8, 8, 4, 3, 4, 4, 6, 5, 6, 4, 7, 7, 8, 3, 4, 7, 3, 5, 4, 3, 4, 4, 7, 6, 5, 4, 4, 6, 8, 4, 7, 6, 7, 5, 6, 6, 4, 5, 8, 3, 5, 4]
A_8 29.66 A 8 [2, 4, 1, 3, 4, 3, 3, 3, 3, 4, 3, 4, 4, 1, 2, 1, 4, 2, 3, 4, 4, 1, 3, 4, 1, 1, 2, 4, 2, 3, 4, 1, 1, 2, 1, 2, 2, 1, 1, 1, 1, 2, 2, 2, 2, 4, 1, 1, 4, 2, 4, 2, 1, 4, 1, 1, 2, 1, 2, 3, 4, 2, 3, 2, 4, 2, 2, 2, 3, 1, 2, 4, 3, 4, 1, 2, 4, 2, 1, 4] [6, 7, 4, 7, 6, 6, 5, 5, 6, 7, 7, 6, 7, 4, 4, 3, 7, 4, 7, 7, 7, 5, 6, 7, 4, 4, 5, 7, 5, 5, 6, 4, 3, 6, 4, 5, 4, 5, 5, 5, 3, 6, 4, 6, 5, 6, 3, 5, 6, 6, 6, 6, 3, 7, 5, 4, 5, 5, 5, 5, 8, 4, 7, 5, 7, 5, 4, 5, 7, 5, 4, 6, 5, 8, 5, 4, 7, 5, 4, 8]
A_9 30.66 A 9 [3, 2, 1, 1, 2, 2, 3, 3, 4, 2, 3, 2, 2, 4, 2, 3, 2, 1, 4, 4, 3, 2, 1, 1, 2, 4, 1, 3, 1, 2, 4, 3, 3, 4, 4, 1, 3, 3, 1, 3, 2, 2, 1, 3, 1, 3, 4, 2, 3, 3, 2, 4, 2, 4, 2, 4, 1, 2, 3, 3, 1, 2, 4, 1, 4, 1, 2, 2, 1, 4, 2, 4, 3, 2, 3, 3, 4, 4, 1, 3] [7, 6, 3, 5, 5, 4, 6, 7, 7, 6, 5, 4, 4, 7, 6, 6, 6, 3, 7, 7, 6, 4, 5, 5, 6, 6, 4, 7, 5, 6, 6, 5, 6, 8, 7, 3, 6, 6, 4, 6, 6, 4, 3, 7, 4, 5, 7, 6, 6, 7, 4, 8, 6, 7, 4, 7, 3, 6, 7, 7, 3, 4, 7, 5, 6, 5, 5, 4, 3, 7, 5, 6, 5, 5, 5, 5, 8, 6, 4, 5]
A_10 38.96 A 10 [2, 3, 2, 4, 3, 1, 2, 1, 3, 3, 2, 1, 1, 1, 3, 3, 3, 1, 2, 4, 1, 2, 1, 1, 2, 3, 2, 3, 3, 2, 2, 4, 4, 1, 2, 2, 3, 1, 3, 1, 2, 4, 2, 4, 3, 2, 2, 3, 3, 2, 1, 2, 3, 1, 2, 1, 3, 4, 4, 4, 4, 3, 2, 2, 3, 3, 2, 1, 1, 2, 4, 3, 4, 2, 3, 2, 3, 2, 3, 1] [6, 6, 5, 7, 6, 3, 6, 5, 7, 5, 6, 5, 5, 5, 5, 5, 6, 5, 4, 7, 4, 5, 4, 5, 6, 6, 6, 6, 6, 4, 5, 6, 8, 3, 5, 4, 6, 5, 5, 3, 6, 6, 4, 6, 6, 5, 6, 5, 6, 6, 4, 5, 6, 4, 5, 4, 6, 7, 6, 8, 8, 5, 5, 6, 6, 6, 6, 5, 5, 6, 6, 6, 7, 4, 7, 4, 6, 4, 7, 5]
A_11 42.21 A 11 [3, 4, 2, 2, 2, 1, 3, 2, 4, 2, 1, 2, 2, 3, 3, 2, 1, 4, 4, 3, 3, 2, 3, 3, 2, 4, 1, 4, 4, 4, 2, 1, 4, 3, 2, 1, 1, 2, 1, 2, 4, 2, 1, 4, 1, 3, 4, 1, 3, 1, 2, 2, 4, 3, 2, 3, 4, 2, 3, 4, 3, 3, 2, 3, 2, 3, 1, 1, 4, 4, 3, 2, 3, 1, 4, 1, 4, 4, 1, 1] [5, 8, 4, 4, 6, 4, 5, 5, 6, 4, 5, 5, 5, 7, 7, 5, 4, 8, 7, 5, 6, 6, 7, 6, 4, 6, 3, 8, 6, 8, 6, 3, 7, 6, 4, 4, 3, 5, 3, 4, 6, 5, 4, 6, 3, 6, 7, 3, 6, 3, 6, 4, 6, 7, 5, 6, 6, 6, 7, 7, 6, 5, 4, 5, 5, 5, 3, 5, 8, 6, 6, 4, 7, 3, 6, 3, 8, 8, 3, 4]
A_12 43.21 A 12 [4, 1, 3, 3, 4, 2, 4, 1, 4, 2, 1, 2, 4, 4, 3, 1, 1, 3, 4, 4, 2, 2, 3, 1, 2, 1, 4, 1, 2, 4, 1, 3, 4, 4, 1, 1, 4, 4, 1, 3, 4, 2, 3, 1, 1, 1, 4, 1, 4, 1, 4, 1, 4, 1, 1, 1, 3, 2, 3, 1, 1, 4, 4, 1, 1, 2, 3, 4, 2, 4, 3, 3, 2, 3, 2, 2, 4, 4, 2, 4] [7, 5, 6, 5, 8, 4, 7, 3, 7, 4, 5, 5, 8, 8, 6, 4, 3, 6, 6, 8, 6, 5, 5, 5, 4, 3, 6, 5, 5, 7, 3, 7, 8, 8, 4, 4, 6, 6, 4, 6, 6, 6, 6, 5, 4, 5, 8, 5, 7, 5, 8, 3, 6, 5, 3, 4, 5, 6, 5, 5, 5, 8, 7, 3, 3, 5, 5, 8, 6, 7, 5, 6, 6, 5, 5, 4, 7, 7, 4, 7]
A_13 44.21 A 13 [1, 3, 1, 4, 4, 1, 2, 1, 1, 4, 1, 3, 4, 3, 4, 2, 2, 3, 3, 1, 1, 4, 2, 3, 2, 2, 1, 3, 1, 4, 2, 2, 4, 1, 4, 4, 3, 2, 2, 4, 2, 2, 1, 2, 2, 4, 3, 1, 1, 4, 4, 1, 2, 1, 3, 3, 2, 1, 4, 2, 2, 3, 1, 4, 2, 3, 3, 3, 1, 1, 2, 2, 1, 3, 3, 2, 2, 2, 2, 2] [5, 5, 5, 7, 6, 5, 4, 5, 4, 7, 5, 7, 8, 5, 8, 4, 6, 5, 7, 3, 4, 8, 4, 6, 6, 6, 3, 7, 4, 8, 4, 6, 7, 3, 6, 8, 5, 4, 5, 7, 5, 4, 5, 5, 5, 6, 6, 4, 5, 8, 7, 3, 5, 4, 7, 7, 4, 4, 6, 6, 4, 5, 4, 6, 6, 6, 5, 6, 3, 4, 4, 4, 5, 5, 7, 4, 4, 5, 6, 6]
A_14 45.21 A 14 [4, 2, 1, 2, 3, 3, 2, 3, 2, 2, 3, 3, 3, 4, 2, 2, 3, 3, 3, 2, 4, 4, 1, 2, 1, 2, 2, 4, 3, 1, 4, 1, 1, 3, 2, 4, 2, 3, 4, 2, 3, 4, 2, 4, 4, 3, 2, 4, 2, 1, 3, 1, 3, 4, 4, 3, 4, 4, 2, 2, 4, 2, 1, 3, 3, 1, 4, 3, 3, 4, 1, 2, 4, 2, 3, 2, 1, 2, 2, 3] [8, 6, 3, 5, 6, 7, 5, 6, 4, 6, 5, 7, 6, 8, 5, 4, 6, 6, 5, 5, 7, 8, 4, 5, 4, 6, 6, 7, 7, 5, 7, 4, 3, 7, 5, 6, 5, 5, 7, 6, 7, 8, 5, 8, 7, 5, 6, 6, 5, 3, 5, 5, 6, 6, 7, 6, 8, 7, 4, 5, 8, 5, 5, 5, 5, 3, 7, 6, 7, 6, 3, 6, 8, 5, 5, 4, 4, 6, 6, 7]
A_15 47.58 A 15 [1, 3, 4, 2, 3, 1, 4, 4, 1, 3, 3, 2, 1, 2, 2, 1, 2, 4, 2, 1, 3, 2, 1, 2, 4, 3, 4, 3, 3, 3, 1, 3, 1, 4, 1, 1, 1, 2, 3, 2, 1, 2, 3, 3, 1, 1, 3, 1, 3, 2, 3, 3, 4, 2, 2, 4, 2, 1, 1, 1, 2, 2, 2, 1, 1, 1, 4, 1, 4, 2, 4, 2, 2, 3, 3, 3, 3, 1, 1, 2] [3, 7, 8, 5, 6, 5, 8, 8, 3, 6, 5, 5, 4, 4, 4, 3, 6, 7, 4, 4, 5, 6, 3, 4, 7, 7, 8, 7, 7, 5, 3, 5, 5, 7, 5, 3, 5, 4, 5, 5, 4, 6, 7, 5, 5, 4, 6, 4, 5, 4, 7, 6, 6, 4, 5, 8, 5, 3, 5, 3, 5, 5, 4, 4, 4, 5, 7, 3, 7, 6, 8, 5, 4, 6, 6, 6, 7, 5, 3, 4]
A_16 48.629999999999995 A 16 [1, 4, 1, 1, 3, 3, 1, 4, 4, 2, 3, 1, 1, 2, 3, 2, 4, 4, 2, 4, 1, 1, 2, 1, 3, 3, 2, 1, 1, 4, 2, 4, 3, 3, 3, 2, 1, 1, 2, 2, 4, 4, 1, 1, 3, 3, 3, 4, 3, 4, 3, 2, 4, 1, 2, 3, 3, 2, 2, 3, 4, 1, 1, 4, 4, 1, 2, 3, 4, 1, 3, 2, 2, 2, 3, 1, 3, 4, 4, 1] [3, 7, 4, 4, 6, 5, 4, 8, 7, 6, 6, 4, 3, 6, 6, 6, 8, 7, 5, 7, 3, 5, 6, 4, 6, 5, 5, 3, 3, 7, 4, 7, 5, 7, 7, 5, 4, 5, 4, 5, 8, 8, 5, 5, 5, 6, 6, 6, 5, 6, 5, 6, 6, 3, 4, 7, 7, 5, 5, 6, 6, 3, 5, 6, 7, 3, 6, 6, 8, 4, 5, 5, 6, 4, 7, 4, 5, 8, 7, 3]
A_17 56.779999999999994 A 17 [4, 2, 2, 3, 4, 3, 1, 3, 2, 1, 1, 4, 3, 3, 3, 4, 4, 4, 1, 4, 2, 2, 3, 2, 1, 2, 1, 1, 3, 1, 1, 3, 2, 1, 2, 2, 1, 3, 2, 3, 2, 4, 2, 1, 2, 3, 4, 4, 3, 4, 4, 4, 1, 1, 4, 1, 4, 3, 4, 1, 3, 2, 2, 1, 3, 4, 1, 2, 1, 2, 2, 1, 1, 2, 2, 2, 1, 1, 4, 3] [6, 6, 6, 7, 6, 5, 3, 5, 4, 3, 5, 8, 6, 5, 6, 7, 7, 8, 4, 7, 5, 4, 6, 4, 5, 5, 5, 3, 5, 5, 5, 6, 5, 3, 5, 4, 4, 5, 5, 7, 5, 7, 6, 3, 6, 7, 8, 8, 6, 7, 7, 7, 5, 3, 7, 3, 6, 7, 8, 5, 5, 6, 5, 3, 6, 6, 5, 4, 5, 4, 5, 4, 5, 6, 6, 4, 3, 4, 6, 6]
A_18 57.849999999999994 A 18 [3, 3, 2, 3, 1, 1, 3, 2, 3, 4, 2, 4, 4, 3, 3, 2, 2, 1, 3, 1, 2, 1, 2, 2, 3, 2, 1, 4, 1, 4, 3, 3, 1, 4, 3, 3, 2, 2, 4, 4, 3, 2, 3, 1, 2, 1, 2, 1, 4, 1, 3, 4, 2, 2, 1, 4, 4, 1, 2, 2, 1, 3, 4, 4, 3, 3, 2, 1, 2, 3, 1, 3, 1, 2, 3, 3, 2, 4, 4, 4] [6, 5, 6, 6, 3, 5, 7, 6, 7, 7, 4, 7, 6, 7, 5, 4, 5, 4, 7, 3, 6, 4, 5, 5, 5, 4, 5, 8, 5, 6, 7, 7, 3, 7, 5, 5, 6, 4, 6, 7, 7, 4, 6, 3, 5, 5, 4, 5, 7, 5, 5, 7, 5, 4, 3, 7, 7, 4, 5, 6, 4, 7, 7, 6, 6, 6, 6, 3, 4, 7, 4, 5, 5, 6, 5, 7, 5, 6, 8, 6]
A_19 59.89999999999999 A 19 [3, 1, 1, 2, 4, 2, 2, 2, 4, 4, 4, 3, 4, 1, 2, 1, 4, 4, 1, 3, 2, 2, 4, 4, 4, 4, 2, 4, 1, 2, 3, 3, 4, 1, 2, 3, 1, 2, 3, 3, 3, 1, 4, 1, 3, 1, 4, 1, 3, 2, 3, 4, 2, 1, 3, 1, 2, 4, 1, 2, 2, 2, 3, 1, 1, 4, 3, 1, 2, 1, 3, 1, 2, 1, 2, 1, 3, 1, 4, 3] [7, 3, 5, 6, 7, 5, 6, 5, 7, 7, 7, 5, 8, 3, 5, 4, 7, 7, 3, 7, 4, 5, 7, 7, 6, 6, 6, 8, 3, 6, 6, 7, 7, 4, 5, 7, 3, 5, 5, 6, 5, 4, 7, 4, 7, 3, 8, 4, 5, 4, 7, 7, 4, 3, 6, 3, 4, 7, 5, 4, 4, 5, 7, 3, 4, 8, 7, 3, 5, 4, 6, 4, 4, 3, 4, 3, 6, 3, 8, 5]
A_20 62.24999999999999 A 20 [1, 2, 1, 3, 4, 4, 4, 1, 4, 3, 1, 3, 2, 1, 4, 3, 1, 2, 2, 2, 4, 4, 1, 3, 1, 1, 1, 3, 4, 3, 2, 3, 2, 2, 3, 4, 3, 4, 2, 4, 2, 3, 4, 3, 3, 2, 1, 3, 2, 4, 1, 3, 4, 4, 4, 2, 3, 1, 2, 1, 2, 2, 3, 2, 3, 2, 1, 2, 2, 2, 1, 4, 1, 1, 4, 1, 1, 4, 2, 3] [3, 6, 5, 6, 6, 6, 6, 3, 7, 6, 4, 6, 6, 4, 7, 5, 3, 5, 6, 4, 8, 8, 4, 6, 4, 5, 5, 5, 8, 5, 4, 6, 6, 6, 5, 6, 7, 6, 5, 7, 4, 5, 6, 6, 5, 5, 5, 6, 4, 7, 3, 6, 7, 8, 6, 5, 6, 3, 6, 3, 6, 6, 5, 6, 7, 6, 4, 5, 5, 4, 3, 7, 5, 5, 8, 4, 5, 7, 4, 7]
A_21 63.24999999999999 A 21 [3, 3, 2, 2, 1, 3, 4, 1, 1, 2, 2, 2, 2, 4, 4, 2, 1, 2, 1, 2, 4, 4, 1, 1, 3, 3, 2, 1, 3, 4, 3, 3, 3, 2, 1, 1, 3, 2, 2, 4, 3, 3, 4, 1, 4, 2, 2, 4, 3, 1, 4, 2, 3, 3, 3, 4, 3, 3, 4, 3, 2, 3, 2, 1, 3, 2, 3, 1, 3, 1, 4, 4, 1, 1, 3, 4, 3, 4, 4, 3] [6, 6, 4, 4, 5, 7, 7, 5, 5, 4, 5, 6, 5, 8, 8, 6, 5, 4, 4, 5, 8, 8, 5, 5, 5, 6, 5, 5, 6, 7, 7, 7, 7, 6, 3, 5, 7, 4, 5, 8, 7, 5, 8, 5, 6, 6, 5, 8, 7, 4, 7, 4, 7, 7, 7, 7, 6, 6, 8, 7, 5, 6, 6, 4, 7, 5, 5, 4, 6, 5, 6, 8, 5, 4, 6, 8, 6, 6, 8, 7]
A_22 66.42999999999999 A 22 [3, 2, 1, 3, 3, 2, 1, 2, 3, 1, 1, 3, 3, 2, 1, 1, 2, 3, 2, 4, 1, 1, 4, 4, 2, 4, 1, 2, 3, 2, 4, 1, 3, 2, 2, 4, 3, 4, 2, 2, 4, 3, 1, 4, 3, 4, 4, 4, 1, 2, 3, 2, 3, 2, 4, 1, 2, 1, 1, 3, 3, 1, 4, 3, 2, 4, 2, 2, 1, 4, 1, 4, 4, 1, 1, 1, 3, 1, 4, 4] [7, 6, 4, 7, 7, 5, 3, 5, 6, 5, 4, 7, 5, 4, 4, 3, 6, 6, 5, 7, 4, 5, 6, 6, 4, 6, 5, 4, 6, 4, 8, 4, 6, 6, 6, 8, 7, 7, 6, 5, 7, 6, 5, 6, 7, 8, 7, 6, 5, 6, 6, 6, 7, 6, 8, 4, 6, 5, 5, 5, 7, 3, 6, 5, 6, 7, 5, 5, 5, 6, 3, 8, 8, 3, 4, 3, 7, 5, 8, 7]
A_23 69.53999999999999 A 23 [2, 3, 3, 4, 4, 4, 3, 2, 4, 1, 1, 3, 1, 3, 2, 2, 1, 2, 2, 4, 3, 1, 4, 1, 2, 2, 2, 2, 4, 1, 1, 1, 3, 3, 4, 2, 3, 4, 3, 2, 3, 1, 1, 2, 2, 2, 3, 4, 3, 1, 3, 4, 3, 2, 1, 3, 3, 2, 4, 4, 1, 1, 1, 4, 4, 1, 3, 4, 2, 3, 3, 4, 3, 3, 3, 3, 4, 2, 3, 4] [4, 5, 7, 7, 6, 6, 7, 5, 7, 5, 5, 6, 5, 6, 5, 4, 4, 4, 5, 7, 6, 5, 6, 4, 5, 4, 6, 6, 7, 3, 4, 4, 6, 5, 8, 5, 7, 7, 6, 4, 7, 4, 3, 5, 4, 4, 5, 8, 6, 4, 5, 8, 5, 4, 4, 5, 5, 4, 8, 8, 5, 4, 4, 8, 8, 4, 5, 6, 6, 6, 7, 7, 6, 5, 6, 6, 6, 4, 5, 6]
A_24 70.53999999999999 A 24 [2, 2, 1, 2, 2, 2, 1, 1, 1, 2, 2, 2, 2, 2, 1, 4, 3, 1, 3, 4, 1, 3, 2, 2, 3, 3, 4, 2, 2, 4, 3, 4, 4, 3, 2, 2, 2, 3, 3, 4, 1, 1, 1, 3, 1, 2, 2, 1, 1, 2, 2, 4, 3, 4, 2, 2, 3, 2, 3, 2, 4, 4, 4, 4, 4, 2, 2, 2, 1, 3, 1, 4, 1, 3, 1, 4, 1, 4, 1, 2] [4, 6, 4, 4, 4, 6, 5, 4, 4, 6, 6, 4, 4, 6, 4, 7, 6, 5, 5, 6, 4, 5, 4, 5, 6, 6, 7, 5, 6, 7, 7, 7, 8, 5, 4, 6, 4, 5, 6, 7, 4, 4, 4, 5, 3, 4, 4, 4, 5, 6, 5, 7, 5, 7, 4, 4, 6, 4, 7, 6, 7, 6, 7, 7, 7, 4, 4, 5, 4, 5, 5, 6, 3, 7, 3, 7, 4, 8, 5, 6]
A_25 73.17999999999999 A 25 [1, 4, 1, 2, 3, 1, 2, 4, 1, 4, 3, 4, 1, 2, 2, 3, 3, 2, 2, 4, 1, 3, 4, 2, 3, 2, 4, 1, 4, 1, 3, 4, 1, 1, 1, 1, 4, 1, 1, 2, 4, 3, 4, 4, 1, 3, 2, 2, 3, 2, 3, 2, 3, 3, 3, 4, 4, 4, 2, 3, 1, 4, 4, 2, 2, 4, 3, 3, 2, 2, 3, 3, 3, 2, 3, 4, 3, 3, 4, 1] [5, 7, 3, 5, 7, 3, 4, 6, 4, 6, 6, 6, 3, 6, 6, 7, 5, 5, 4, 6, 5, 6, 6, 4, 6, 6, 6, 3, 8, 4, 6, 6, 5, 4, 4, 3, 7, 3, 4, 4, 7, 6, 6, 8, 5, 5, 6, 4, 5, 6, 6, 5, 7, 5, 5, 6, 8, 7, 4, 6, 5, 6, 6, 4, 5, 8, 5, 5, 6, 5, 6, 7, 7, 5, 6, 8, 7, 7, 6, 3]
A_26 74.17999999999999 A 26 [4, 1, 4, 4, 3, 4, 1, 1, 2, 1, 2, 1, 4, 1, 2, 4, 2, 1, 1, 2, 1, 2, 1, 2, 4, 4, 4, 1, 2, 3, 2, 4, 4, 1, 3, 4, 2, 1, 2, 1, 3, 3, 3, 2, 4, 1, 2, 1, 3, 4, 1, 4, 4, 3, 3, 4, 1, 3, 2, 4, 4, 4, 1, 4, 2, 3, 3, 2, 3, 1, 4, 3, 3, 1, 4, 3, 3, 3, 4, 1] [6, 4, 8, 6, 7, 7, 5, 4, 5, 4, 6, 3, 6, 3, 6, 8, 5, 5, 5, 6, 5, 5, 5, 6, 7, 6, 7, 5, 4, 5, 4, 7, 6, 3, 5, 8, 4, 4, 6, 5, 5, 7, 6, 4, 8, 3, 4, 5, 6, 7, 4, 7, 7, 7, 7, 7, 3, 6, 5, 8, 6, 7, 3, 8, 4, 6, 6, 5, 6, 4, 8, 6, 6, 5, 6, 6, 7, 5, 7, 5]
A_27 77.86999999999999 A 27 [1, 4, 4, 2, 3, 1, 2, 1, 4, 3, 3, 4, 1, 3, 4, 3, 1, 1, 4, 4, 3, 1, 2, 2, 2, 1, 1, 1, 2, 1, 3, 4, 3, 3, 2, 2, 2, 4, 3, 1, 1, 1, 2, 1, 1, 1, 1, 1, 2, 4, 1, 4, 1, 1, 2, 3, 1, 1, 3, 2, 3, 1, 2, 1, 2, 4, 2, 1, 4, 4, 1, 2, 2, 1, 4, 2, 1, 1, 3, 1] [5, 6, 6, 5, 7, 4, 5, 4, 7, 7, 6, 8, 5, 7, 7, 7, 3, 3, 8, 8, 5, 5, 4, 6, 5, 3, 5, 4, 5, 3, 7, 8, 7, 6, 5, 6, 5, 6, 6, 4, 3, 5, 5, 5, 3, 4, 4, 3, 4, 8, 3, 6, 3, 4, 4, 7, 4, 5, 5, 6, 5, 3, 5, 4, 5, 6, 5, 3, 7, 8, 4, 5, 5, 4, 6, 6, 4, 5, 6, 4]
A_28 91.21999999999998 A 28 [1, 4, 4, 1, 3, 1, 3, 2, 2, 1, 3, 4, 2, 1, 3, 3, 1, 3, 1, 1, 4, 3, 3, 4, 2, 4, 2, 2, 2, 4, 3, 1, 4, 4, 4, 3, 4, 1, 4, 3, 1, 3, 3, 3, 4, 2, 1, 2, 1, 2, 3, 2, 4, 1, 3, 4, 1, 4, 1, 4, 1, 4, 4, 2, 2, 2, 1, 4, 2, 2, 1, 1, 4, 1, 3, 1, 1, 4, 4, 3] [4, 6, 6, 4, 7, 5, 6, 6, 5, 5, 6, 6, 5, 4, 7, 7, 3, 5, 5, 3, 8, 6, 6, 7, 6, 8, 4, 5, 5, 8, 6, 3, 7, 7, 8, 7, 6, 5, 8, 6, 4, 6, 7, 6, 8, 5, 5, 6, 4, 5, 6, 4, 6, 4, 5, 6, 3, 6, 4, 7, 3, 6, 6, 6, 6, 5, 4, 7, 5, 5, 5, 5, 6, 5, 7, 3, 4, 8, 7, 7]
A_29 92.21999999999998 A 29 [1, 2, 4, 1, 2, 1, 1, 3, 3, 2, 2, 4, 4, 4, 1, 3, 4, 1, 4, 2, 3, 4, 2, 1, 4, 1, 3, 1, 4, 1, 4, 4, 2, 1, 4, 3, 3, 4, 4, 4, 2, 3, 3, 2, 2, 3, 3, 2, 1, 1, 1, 3, 2, 2, 1, 3, 1, 2, 1, 2, 2, 2, 1, 1, 3, 1, 4, 2, 4, 3, 1, 1, 2, 2, 4, 1, 4, 4, 4, 4] [4, 4, 8, 4, 4, 4, 5, 6, 5, 6, 4, 8, 7, 8, 5, 5, 7, 5, 6, 6, 5, 7, 4, 3, 7, 4, 5, 3, 8, 4, 8, 6, 6, 4, 7, 5, 5, 6, 7, 7, 6, 7, 7, 5, 4, 6, 6, 6, 4, 3, 4, 5, 4, 4, 3, 6, 3, 5, 3, 5, 6, 4, 3, 5, 5, 5, 6, 5, 6, 5, 3, 3, 6, 5, 6, 3, 6, 6, 7, 8]
A_30 93.21999999999998 A 30 [4, 1, 1, 1, 3, 4, 2, 1, 4, 4, 2, 2, 1, 2, 4, 1, 2, 1, 3, 3, 2, 3, 4, 1, 3, 3, 2, 3, 3, 4, 2, 2, 3, 3, 2, 4, 3, 3, 4, 3, 2, 3, 4, 2, 3, 4, 4, 1, 1, 3, 3, 4, 4, 4, 4, 3, 2, 2, 1, 2, 2, 3, 4, 3, 2, 1, 1, 1, 1, 1, 1, 4, 1, 1, 4, 4, 2, 4, 4, 4] [6, 3, 4, 3, 6, 6, 6, 3, 6, 6, 5, 6, 3, 4, 7, 3, 4, 5, 7, 6, 4, 7, 8, 4, 7, 6, 4, 7, 6, 8, 4, 5, 7, 5, 5, 7, 5, 6, 7, 5, 4, 5, 8, 4, 7, 8, 6, 4, 3, 7, 5, 8, 7, 8, 6, 5, 5, 6, 4, 6, 5, 7, 8, 6, 5, 3, 3, 4, 3, 4, 4, 7, 5, 3, 8, 8, 5, 7, 6, 7]
A_31 94.36999999999999 A 31 [4, 1, 2, 4, 1, 1, 1, 4, 1, 3, 4, 1, 3, 2, 1, 3, 4, 3, 3, 3, 3, 3, 1, 1, 4, 4, 4, 4, 1, 4, 2, 3, 1, 3, 3, 3, 1, 1, 2, 2, 1, 4, 4, 1, 3, 4, 3, 1, 4, 2, 1, 2, 1, 1, 3, 4, 1, 4, 2, 2, 4, 1, 1, 3, 1, 3, 3, 4, 4, 2, 3, 2, 4, 4, 1, 1, 3, 4, 4, 2] [8, 3, 5, 8, 3, 5, 4, 8, 4, 5, 6, 3, 7, 6, 4, 5, 7, 6, 7, 7, 6, 7, 4, 4, 7, 6, 7, 8, 3, 6, 5, 5, 4, 7, 6, 6, 5, 3, 6, 5, 3, 6, 8, 5, 6, 6, 5, 3, 7, 5, 5, 6, 3, 5, 5, 8, 3, 8, 4, 6, 7, 4, 5, 6, 5, 6, 5, 8, 7, 5, 7, 4, 6, 7, 4, 4, 7, 6, 7, 6]
A_32 101.53999999999999 A 32 [3, 4, 4, 2, 3, 1, 2, 4, 1, 3, 4, 4, 4, 4, 1, 1, 3, 2, 1, 4, 2, 3, 3, 3, 4, 1, 4, 3, 4, 2, 3, 1, 3, 4, 1, 4, 2, 3, 4, 2, 1, 4, 3, 1, 3, 1, 2, 3, 1, 1, 4, 4, 2, 3, 3, 2, 1, 3, 2, 4, 4, 1, 4, 1, 2, 1, 1, 1, 4, 4, 1, 1, 2, 1, 3, 3, 3, 1, 2, 3] [5, 6, 8, 4, 6, 5, 6, 6, 3, 6, 8, 7, 8, 7, 3, 5, 5, 5, 3, 7, 6, 7, 6, 6, 8, 5, 6, 7, 7, 6, 7, 4, 6, 8, 4, 6, 5, 5, 8, 4, 5, 8, 7, 4, 7, 5, 4, 6, 4, 3, 8, 7, 4, 6, 5, 5, 4, 7, 4, 8, 6, 3, 7, 4, 6, 4, 3, 3, 8, 8, 4, 4, 6, 4, 5, 7, 6, 4, 4, 5]
A_33 102.53999999999999 A 33 [2, 2, 4, 1, 3, 4, 2, 4, 2, 4, 1, 3, 4, 1, 3, 4, 3, 1, 4, 1, 2, 2, 2, 3, 3, 1, 1, 3, 4, 1, 3, 3, 4, 2, 4, 3, 1, 2, 4, 4, 3, 3, 1, 3, 1, 3, 2, 1, 3, 3, 3, 3, 2, 1, 1, 2, 4, 1, 2, 1, 2, 3, 2, 1, 1, 2, 1, 4, 4, 4, 3, 2, 3, 3, 3, 2, 4, 2, 2, 1] [6, 4, 6, 5, 7, 8, 6, 8, 6, 8, 3, 6, 8, 3, 7, 7, 7, 3, 7, 4, 6, 6, 6, 5, 5, 4, 3, 6, 7, 4, 5, 7, 8, 5, 8, 7, 3, 5, 8, 6, 7, 5, 4, 5, 5, 5, 4, 3, 6, 6, 7, 6, 5, 5, 4, 4, 8, 3, 6, 4, 4, 6, 6, 3, 3, 5, 4, 7, 8, 6, 6, 4, 7, 6, 6, 6, 8, 6, 5, 3]
A_34 103.53999999999999 A 34 [2, 2, 2, 1, 1, 3, 4, 2, 1, 4, 2, 2, 1, 4, 2, 1, 3, 2, 3, 2, 3, 1, 2, 4, 2, 1, 3, 2, 4, 4, 2, 3, 1, 4, 4, 3, 4, 4, 2, 4, 4, 1, 2, 4, 3, 1, 1, 3, 2, 4, 3, 2, 3, 3, 3, 4, 4, 3, 3, 1, 3, 4, 2, 1, 4, 3, 3, 2, 1, 2, 1, 1, 2, 4, 1, 1, 1, 1, 4, 4] [5, 6, 5, 3, 5, 5, 6, 6, 4, 7, 5, 4, 4, 6, 5, 5, 7, 5, 5, 5, 5, 3, 6, 8, 4, 4, 5, 5, 8, 7, 5, 6, 4, 8, 7, 5, 8, 8, 4, 6, 7, 3, 4, 8, 7, 3, 5, 6, 6, 7, 5, 4, 5, 5, 7, 6, 8, 5, 5, 5, 6, 6, 6, 5, 8, 7, 7, 4, 4, 4, 3, 3, 4, 7, 4, 5, 4, 5, 6, 8]
A_35 108.39999999999999 A 35 [1, 4, 3, 4, 2, 4, 2, 4, 2, 1, 2, 1, 1, 4, 4, 1, 2, 2, 3, 3, 4, 1, 4, 2, 2, 1, 4, 2, 3, 3, 4, 3, 4, 3, 3, 3, 2, 4, 3, 2, 3, 4, 4, 1, 4, 3, 1, 4, 4, 3, 2, 4, 2, 1, 3, 4, 4, 2, 2, 2, 2, 1, 1, 4, 3, 3, 3, 4, 4, 1, 4, 3, 1, 3, 1, 1, 2, 3, 4, 2] [5, 7, 7, 7, 6, 7, 4, 6, 5, 3, 4, 4, 4, 8, 6, 3, 5, 4, 5, 7, 6, 5, 8, 5, 6, 3, 8, 6, 7, 5, 7, 6, 6, 7, 5, 7, 4, 7, 5, 5, 7, 7, 7, 3, 7, 6, 3, 8, 8, 7, 5, 7, 5, 4, 5, 7, 6, 5, 6, 5, 4, 3, 4, 8, 5, 5, 6, 8, 7, 4, 6, 5, 3, 7, 4, 5, 6, 7, 8, 4]
A_36 110.1 A 36 [3, 1, 4, 4, 3, 4, 4, 1, 2, 3, 3, 1, 4, 3, 2, 1, 1, 1, 2, 1, 3, 3, 3, 3, 2, 4, 2, 2, 4, 3, 3, 1, 2, 1, 4, 2, 2, 2, 1, 3, 4, 3, 1, 2, 4, 4, 4, 2, 2, 2, 2, 2, 1, 3, 3, 3, 1, 3, 2, 4, 4, 4, 2, 4, 1, 4, 4, 3, 4, 4, 1, 3, 4, 4, 1, 2, 4, 2, 4, 4] [7, 3, 7, 8, 5, 8, 7, 5, 4, 6, 6, 3, 6, 5, 5, 5, 4, 4, 6, 3, 7, 7, 7, 7, 4, 7, 4, 5, 6, 5, 5, 5, 5, 3, 8, 4, 5, 6, 3, 6, 6, 6, 3, 6, 6, 8, 6, 5, 6, 6, 5, 4, 3, 5, 7, 5, 4, 5, 6, 8, 6, 7, 4, 6, 4, 7, 7, 7, 8, 6, 4, 5, 6, 8, 3, 4, 8, 6, 6, 7]
A_37 111.1 A 37 [4, 1, 4, 2, 3, 3, 2, 4, 1, 3, 1, 2, 4, 2, 3, 2, 1, 3, 2, 2, 4, 2, 4, 4, 3, 1, 1, 4, 1, 4, 3, 1, 3, 2, 4, 4, 2, 3, 2, 3, 1, 1, 1, 2, 2, 4, 2, 4, 1, 1, 3, 1, 4, 4, 2, 4, 3, 1, 1, 2, 2, 4, 4, 1, 2, 1, 4, 1, 4, 4, 2, 3, 3, 1, 1, 1, 3, 3, 1, 4] [8, 4, 7, 4, 7, 7, 4, 7, 5, 6, 5, 5, 6, 4, 5, 4, 5, 5, 4, 5, 6, 4, 7, 7, 5, 3, 4, 6, 5, 6, 6, 3, 5, 5, 8, 7, 6, 5, 5, 7, 3, 5, 4, 5, 5, 7, 6, 8, 4, 5, 7, 5, 7, 7, 6, 8, 7, 3, 5, 5, 6, 8, 7, 5, 4, 3, 6, 3, 7, 6, 6, 6, 6, 5, 5, 5, 6, 6, 5, 8]
A_38 112.41 A 38 [3, 3, 2, 4, 1, 1, 1, 4, 1, 1, 3, 1, 1, 2, 4, 3, 2, 2, 4, 3, 2, 2, 2, 3, 3, 1, 2, 3, 4, 4, 4, 2, 4, 4, 2, 3, 1, 2, 3, 2, 2, 4, 1, 1, 3, 2, 2, 1, 2, 1, 1, 3, 1, 4, 4, 3, 3, 4, 2, 1, 2, 4, 2, 2, 2, 4, 1, 1, 4, 1, 2, 2, 4, 3, 3, 4, 4, 3, 3, 2] [6, 5, 6, 8, 5, 4, 3, 8, 5, 4, 5, 3, 4, 5, 7, 5, 4, 5, 6, 5, 5, 5, 6, 6, 6, 4, 6, 6, 8, 7, 7, 6, 8, 8, 4, 5, 3, 5, 7, 6, 4, 7, 3, 4, 5, 4, 4, 3, 6, 3, 3, 5, 3, 7, 6, 7, 6, 7, 5, 3, 5, 6, 4, 5, 5, 6, 4, 3, 8, 4, 6, 4, 6, 5, 5, 7, 8, 5, 6, 4]
A_39 114.94 A 39 [1, 3, 1, 4, 4, 4, 3, 4, 1, 3, 1, 2, 3, 4, 2, 2, 2, 3, 4, 3, 4, 4, 2, 2, 4, 2, 1, 1, 3, 4, 3, 2, 2, 4, 4, 2, 3, 3, 2, 1, 4, 1, 3, 1, 1, 2, 4, 3, 4, 2, 1, 4, 4, 3, 4, 2, 3, 1, 3, 3, 2, 2, 3, 1, 4, 2, 2, 1, 4, 2, 1, 4, 1, 3, 4, 1, 1, 3, 2, 2] [3, 7, 5, 8, 6, 6, 7, 8, 5, 6, 3, 4, 6, 7, 6, 5, 5, 7, 7, 6, 7, 8, 5, 4, 7, 4, 5, 4, 6, 7, 5, 5, 4, 6, 6, 5, 6, 7, 6, 5, 7, 5, 5, 5, 5, 5, 6, 6, 8, 4, 3, 6, 6, 7, 6, 5, 5, 4, 5, 5, 4, 6, 7, 5, 7, 6, 4, 4, 6, 5, 5, 6, 3, 6, 8, 3, 4, 7, 4, 5]
B_0 3.91 B 40 [2, 4, 4, 3, 4, 4, 4, 2, 1, 2, 2, 4, 4, 2, 3, 1, 4, 2, 3, 3, 2, 3, 4, 3, 1, 4, 3, 1, 1, 2, 2, 1, 1, 3, 4, 3, 4, 1, 2, 4, 2, 2, 2, 3, 1, 4, 4, 2, 1, 2, 2, 1, 1, 3, 2, 3, 3, 1, 2, 2, 4, 2, 4, 3, 4, 1, 2, 1, 1, 4, 2, 4, 2, 1, 4, 4, 3, 4, 2, 1] [5, 6, 8, 5, 6, 7, 8, 4, 3, 6, 6, 6, 6, 5, 7, 4, 8, 5, 7, 5, 4, 7, 7, 7, 4, 7, 5, 3, 4, 6, 4, 3, 5, 7, 7, 7, 6, 3, 4, 7, 4, 5, 5, 6, 3, 8, 8, 4, 4, 6, 4, 4, 4, 6, 4, 7, 5, 3, 4, 4, 7, 5, 8, 5, 8, 5, 4, 5, 5, 6, 6, 7, 5, 5, 8, 7, 7, 7, 4, 5]
B_1 6.37 B 41 [3, 4, 4, 2, 1, 1, 1, 1, 2, 2, 4, 2, 2, 2, 4, 2, 4, 4, 2, 1, 3, 3, 3, 1, 1, 3, 3, 1, 3, 3, 3, 4, 4, 3, 1, 4, 3, 1, 4, 1, 2, 3, 3, 2, 3, 3, 2, 1, 4, 2, 2, 4, 1, 1, 2, 1, 4, 2, 4, 2, 2, 4, 3, 3, 3, 4, 2, 4, 2, 4, 2, 1, 3, 2, 4, 2, 1, 4, 4, 4] [7, 6, 8, 5, 5, 5, 4, 3, 6, 4, 6, 5, 6, 4, 8, 6, 8, 7, 4, 4, 5, 5, 6, 4, 4, 6, 7, 5, 6, 7, 5, 6, 8, 5, 3, 7, 6, 5, 7, 5, 5, 6, 7, 4, 5, 5, 6, 5, 6, 4, 5, 8, 5, 5, 5, 3, 6, 6, 8, 5, 5, 6, 7, 6, 5, 7, 4, 7, 4, 7, 6, 3, 5, 4, 7, 6, 3, 6, 8, 8]
B_2 10.370000000000001 B 42 [3, 1, 3, 1, 4, 2, 3, 1, 2, 1, 2, 1, 3, 1, 2, 3, 1, 2, 3, 4, 4, 4, 1, 1, 1, 4, 3, 2, 3, 3, 4, 4, 3, 1, 2, 4, 1, 1, 1, 3, 2, 3, 2, 3, 4, 3, 1, 2, 2, 4, 3, 1, 3, 4, 2, 4, 1, 3, 2, 3, 4, 4, 2, 2, 4, 3, 1, 3, 4, 3, 3, 3, 4, 4, 3, 1, 1, 1, 3, 3] [7, 4, 5, 3, 8, 5, 5, 4, 4, 3, 4, 4, 6, 5, 5, 7, 5, 6, 6, 7, 6, 8, 5, 3, 4, 6, 6, 5, 7, 7, 8, 8, 7, 4, 4, 7, 3, 4, 3, 5, 5, 7, 4, 7, 7, 7, 5, 4, 6, 7, 5, 5, 6, 6, 5, 8, 3, 5, 4, 6, 8, 7, 5, 6, 8, 5, 3, 7, 6, 5, 7, 5, 7, 8, 7, 5, 4, 3, 6, 5]
B_3 11.370000000000001 B 43 [4, 3, 4, 4, 3, 1, 2, 1, 2, 3, 4, 4, 1, 2, 4, 3, 1, 1, 1, 1, 3, 1, 4, 2, 3, 4, 2, 1, 3, 2, 2, 1, 1, 3, 4, 1, 2, 2, 1, 1, 3, 2, 3, 4, 2, 3, 3, 3, 1, 3, 2, 2, 3, 3, 1, 3, 4, 3, 4, 4, 1, 2, 3, 2, 4, 1, 3, 4, 4, 2, 4, 3, 1, 3, 1, 2, 1, 3, 2, 3] [8, 6, 8, 6, 7, 4, 4, 4, 6, 7, 6, 6, 5, 5, 8, 5, 5, 3, 3, 4, 6, 5, 6, 5, 5, 8, 4, 5, 6, 5, 4, 5, 4, 5, 8, 3, 6, 5, 4, 5, 6, 4, 7, 8, 6, 5, 5, 6, 4, 6, 6, 6, 7, 7, 4, 5, 8, 7, 8, 6, 3, 5, 6, 6, 8, 3, 7, 8, 6, 6, 7, 7, 4, 5, 4, 4, 4, 5, 5, 6]
B_4 12.370000000000001 B 44 [3, 3, 1, 2, 2, 1, 1, 3, 2, 1, 3, 1, 1, 2, 4, 1, 3, 2, 2, 3, 3, 4, 3, 2, 1, 1, 4, 1, 4, 2, 3, 3, 3, 1, 3, 4, 4, 2, 3, 1, 1, 3, 4, 2, 3, 4, 2, 3, 3, 3, 2, 3, 1, 4, 1, 2, 2, 4, 1, 4, 3, 4, 3, 4, 3, 2, 4, 2, 2, 1, 3, 2, 1, 4, 1, 1, 3, 1, 2, 1] [7, 5, 5, 4, 6, 5, 5, 6, 5, 4, 6, 3, 4, 5, 7, 5, 5, 6, 5, 7, 5, 6, 7, 4, 3, 5, 8, 3, 8, 4, 7, 6, 7, 5, 7, 7, 6, 5, 5, 5, 3, 5, 7, 6, 5, 7, 4, 5, 7, 7, 4, 6, 3, 8, 3, 6, 6, 7, 4, 8, 7, 6, 6, 6, 6, 5, 6, 6, 6, 5, 5, 4, 4, 8, 4, 3, 5, 4, 5, 5]
B_5 18.130000000000003 B 45 [1, 3, 2, 4, 3, 4, 4, 3, 4, 3, 2, 3, 1, 4, 3, 1, 3, 3, 1, 1, 2, 2, 4, 2, 2, 3, 1, 1, 2, 3, 4, 4, 1, 3, 1, 3, 4, 4, 2, 2, 4, 3, 3, 3, 4, 2, 3, 3, 4, 4, 4, 2, 1, 1, 3, 2, 1, 2, 1, 1, 4, 2, 3, 4, 3, 2, 2, 1, 1, 4, 1, 3, 4, 1, 3, 4, 3, 3, 3, 4] [5, 6, 6, 6, 6, 7, 6, 5, 6, 5, 5, 6, 5, 6, 5, 4, 6, 7, 5, 3, 5, 6, 8, 4, 4, 5, 3, 4, 5, 6, 8, 6, 5, 5, 3, 6, 8, 7, 4, 5, 8, 5, 7, 5, 7, 5, 7, 6, 6, 6, 7, 4, 5, 5, 6, 6, 5, 4, 4, 3, 7, 5, 6, 6, 6, 5, 6, 3, 4, 6, 4, 5, 7, 4, 6, 6, 6, 5, 6, 8]
B_6 19.130000000000003 B 46 [1, 2, 4, 3, 1, 3, 2, 4, 1, 4, 2, 4, 4, 3, 2, 3, 3, 4, 2, 4, 1, 2, 4, 3, 2, 2, 2, 1, 1, 3, 4, 3, 2, 2, 1, 1, 4, 2, 2, 4, 4, 2, 1, 3, 2, 3, 4, 4, 4, 2, 2, 3, 2, 3, 2, 1, 4, 1, 1, 1, 2, 4, 3, 4, 2, 2, 2, 2, 1, 3, 1, 4, 3, 3, 1, 3, 4, 4, 3, 3] [5, 6, 8, 7, 5, 5, 5, 6, 3, 7, 6, 7, 8, 6, 6, 6, 6, 8, 4, 8, 5, 5, 7, 5, 4, 6, 4, 4, 5, 6, 6, 5, 4, 4, 5, 3, 6, 6, 4, 6, 8, 6, 5, 5, 4, 7, 7, 6, 8, 5, 6, 5, 5, 5, 6, 4, 8, 3, 4, 3, 4, 6, 6, 6, 6, 5, 5, 6, 4, 5, 5, 7, 5, 6, 5, 7, 7, 7, 5, 7]
B_7 20.130000000000003 B 47 [2, 3, 4, 4, 3, 3, 2, 2, 1, 2, 3, 1, 1, 1, 4, 1, 4, 4, 1, 1, 3, 4, 4, 4, 1, 2, 1, 1, 2, 2, 1, 1, 3, 1, 3, 4, 2, 4, 1, 3, 2, 1, 2, 3, 3, 3, 4, 4, 3, 4, 4, 1, 4, 1, 1, 2, 3, 1, 1, 3, 2, 1, 1, 3, 2, 4, 3, 3, 3, 4, 2, 1, 2, 4, 2, 1, 2, 4, 2, 3] [5, 5, 6, 8, 7, 5, 4, 4, 5, 6, 5, 3, 5, 4, 6, 4, 6, 8, 5, 4, 6, 8, 6, 8, 4, 4, 5, 3, 6, 6, 4, 3, 6, 3, 6, 8, 5, 8, 3, 6, 4, 5, 4, 6, 5, 6, 6, 7, 6, 8, 7, 4, 8, 4, 4, 5, 5, 4, 4, 7, 5, 5, 4, 5, 6, 6, 6, 5, 6, 7, 5, 5, 4, 7, 6, 4, 4, 6, 4, 6]
B_8 21.130000000000003 B 48 [3, 4, 1, 3, 2, 4, 2, 3, 4, 3, 3, 3, 4, 1, 2, 3, 3, 3, 4, 3, 2, 3, 1, 3, 1, 3, 3, 2, 1, 1, 1, 4, 1, 3, 2, 4, 2, 1, 2, 4, 1, 4, 2, 1, 3, 4, 4, 3, 1, 4, 3, 2, 2, 2, 3, 4, 4, 2, 2, 1, 2, 4, 2, 4, 4, 4, 3, 1, 3, 3, 2, 1, 2, 4, 3, 1, 4, 3, 3, 3] [6, 6, 3, 6, 5, 7, 6, 7, 6, 6, 6, 6, 7, 5, 5, 5, 5, 6, 7, 5, 4, 7, 5, 6, 5, 5, 6, 4, 4, 4, 3, 7, 4, 6, 6, 8, 6, 4, 6, 8, 4, 6, 6, 4, 7, 6, 8, 6, 3, 7, 7, 5, 5, 6, 6, 8, 8, 4, 5, 4, 6, 6, 6, 7, 7, 8, 7, 3, 5, 5, 5, 4, 5, 6, 5, 3, 6, 7, 7, 6]
B_9 22.130000000000003 B 49 [4, 4, 1, 3, 3, 1, 1, 4, 2, 3, 2, 1, 1, 4, 1, 2, 4, 4, 1, 2, 4, 1, 2, 1, 2, 2, 4, 4, 2, 1, 3, 2, 1, 3, 4, 3, 2, 1, 1, 2, 2, 2, 4, 3, 3, 4, 2, 4, 4, 3, 3, 3, 4, 3, 2, 4, 1, 1, 4, 4, 2, 4, 1, 4, 3, 3, 4, 1, 3, 3, 4, 4, 3, 2, 2, 4, 4, 2, 2, 4] [6, 8, 3, 5, 7, 5, 4, 7, 6, 7, 6, 3, 5, 8, 3, 4, 6, 7, 5, 4, 7, 4, 6, 4, 6, 6, 7, 8, 5, 3, 7, 5, 3, 6, 7, 7, 6, 5, 3, 4, 6, 4, 7, 6, 7, 6, 5, 8, 7, 6, 6, 6, 8, 5, 4, 7, 3, 3, 8, 7, 5, 7, 3, 7, 7, 7, 8, 3, 6, 7, 7, 7, 7, 5, 5, 7, 6, 5, 5, 6]
B_10 23.26 B 50 [4, 1, 1, 3, 1, 3, 1, 4, 4, 2, 1, 2, 4, 4, 3, 3, 3, 4, 3, 3, 1, 4, 3, 3, 2, 3, 1, 1, 3, 1, 3, 1, 4, 3, 3, 2, 2, 3, 1, 1, 2, 2, 3, 2, 2, 4, 2, 4, 3, 3, 4, 3, 3, 1, 3, 3, 1, 2, 1, 1, 3, 3, 3, 1, 1, 2, 3, 2, 4, 1, 3, 3, 3, 4, 4, 3, 2, 3, 1, 4] [8, 5, 4, 7, 4, 6, 5, 8, 6, 4, 4, 6, 8, 7, 5, 7, 5, 7, 5, 7, 3, 7, 6, 5, 5, 6, 4, 3, 6, 4, 5, 5, 8, 7, 5, 5, 5, 7, 3, 3, 4, 5, 5, 6, 4, 7, 6, 7, 7, 6, 6, 5, 5, 3, 5, 6, 4, 6, 4, 3, 5, 7, 6, 5, 3, 5, 5, 6, 6, 4, 7, 5, 7, 6, 8, 6, 6, 7, 4, 8]
B_11 24.540000000000003 B 51 [1, 3, 2, 1, 1, 2, 2, 1, 2, 4, 2, 2, 1, 1, 1, 3, 2, 4, 4, 4, 3, 2, 2, 4, 4, 2, 4, 4, 2, 3, 4, 2, 4, 3, 2, 4, 2, 1, 3, 4, 1, 4, 1, 2, 3, 2, 3, 1, 2, 3, 3, 3, 3, 4, 3, 3, 4, 2, 2, 1, 3, 2, 2, 3, 3, 1, 3, 4, 2, 1, 1, 1, 4, 2, 3, 2, 1, 1, 2, 2] [5, 7, 4, 5, 4, 6, 5, 3, 6, 8, 5, 4, 3, 3, 5, 6, 6, 7, 7, 7, 6, 4, 6, 8, 7, 5, 7, 6, 4, 5, 8, 6, 7, 6, 4, 7, 4, 5, 5, 6, 4, 8, 5, 6, 6, 4, 5, 4, 5, 6, 5, 5, 5, 7, 5, 5, 7, 4, 5, 3, 7, 6, 5, 7, 7, 3, 6, 7, 6, 4, 4, 3, 7, 5, 5, 5, 4, 3, 6, 4]
B_12 26.950000000000003 B 52 [4, 3, 4, 4, 1, 3, 3, 1, 1, 2, 3, 4, 4, 2, 3, 4, 4, 1, 2, 2, 4, 3, 3, 3, 3, 3, 4, 1, 4, 2, 4, 1, 2, 2, 3, 2, 1, 4, 1, 4, 1, 1, 3, 3, 1, 1, 2, 4, 2, 4, 3, 3, 3, 1, 4, 1, 3, 2, 1, 3, 1, 2, 2, 1, 1, 4, 3, 4, 3, 1, 1, 1, 1, 4, 3, 4, 2, 4, 2, 1] [6, 5, 6, 7, 3, 6, 7, 4, 3, 6, 6, 6, 6, 5, 6, 6, 6, 5, 5, 4, 7, 7, 7, 5, 5, 7, 7, 3, 6, 4, 7, 3, 4, 5, 5, 5, 3, 7, 3, 6, 4, 5, 6, 7, 3, 5, 5, 8, 5, 8, 5, 5, 6, 5, 8, 5, 6, 4, 5, 7, 5, 4, 5, 3, 5, 7, 7, 8, 5, 3, 4, 3, 4, 6, 7, 8, 4, 7, 6, 5]
B_13 27.950000000000003 B 53 [4, 1, 4, 4, 1, 2, 2, 3, 4, 4, 1, 3, 1, 1, 4, 2, 1, 1, 2, 1, 4, 3, 2, 2, 4, 3, 3, 1, 1, 2, 4, 1, 3, 1, 3, 1, 3, 4, 4, 3, 3, 1, 4, 3, 4, 1, 3, 1, 2, 3, 1, 4, 1, 3, 2, 2, 4, 1, 3, 2, 4, 2, 3, 2, 3, 4, 4, 4, 4, 2, 3, 2, 1, 4, 4, 2, 2, 3, 4, 2] [8, 5, 6, 6, 3, 6, 5, 7, 7, 7, 4, 7, 5, 4, 6, 4, 3, 3, 4, 3, 8, 7, 6, 4, 7, 5, 7, 4, 4, 4, 8, 5, 6, 5, 5, 4, 5, 7, 7, 7, 6, 5, 6, 7, 8, 5, 5, 4, 6, 5, 3, 7, 5, 7, 4, 6, 6, 3, 5, 4, 8, 5, 6, 5, 5, 8, 8, 7, 8, 5, 5, 4, 5, 7, 8, 4, 4, 7, 7, 5]
B_14 31.67 B 54 [1, 3, 1, 2, 3, 2, 3, 1, 1, 2, 2, 2, 1, 3, 4, 2, 2, 4, 1, 3, 4, 3, 4, 1, 2, 3, 3, 2, 3, 1, 4, 3, 3, 1, 3, 3, 3, 2, 4, 4, 2, 2, 2, 1, 1, 3, 2, 1, 3, 2, 3, 3, 4, 2, 1, 4, 2, 4, 1, 3, 1, 3, 2, 2, 4, 1, 3, 1, 3, 3, 4, 2, 4, 4, 1, 4, 1, 4, 1, 4] [5, 5, 5, 6, 5, 4, 5, 3, 5, 4, 5, 5, 3, 7, 7, 5, 4, 7, 3, 6, 6, 7, 8, 4, 4, 5, 7, 4, 5, 3, 6, 5, 5, 4, 7, 5, 7, 6, 6, 6, 4, 5, 5, 4, 3, 6, 6, 4, 6, 4, 5, 5, 8, 4, 5, 6, 4, 7, 5, 6, 3, 6, 4, 5, 6, 4, 6, 5, 6, 6, 8, 6, 6, 6, 3, 6, 4, 7, 4, 7]
B_15 32.67 B 55 [2, 3, 4, 3, 1, 2, 4, 3, 1, 4, 1, 3, 1, 3, 3, 4, 3, 1, 4, 1, 2, 4, 1, 3, 2, 4, 4, 3, 4, 3, 3, 4, 2, 2, 4, 4, 3, 4, 3, 2, 3, 1, 4, 3, 2, 2, 1, 2, 4, 4, 3, 3, 1, 2, 4, 1, 2, 3, 1, 3, 1, 4, 1, 4, 4, 1, 4, 1, 2, 4, 4, 2, 4, 2, 4, 2, 4, 1, 1, 1] [6, 7, 8, 7, 4, 4, 7, 5, 4, 7, 4, 6, 4, 7, 6, 8, 7, 3, 7, 3, 5, 7, 4, 5, 4, 6, 7, 7, 6, 6, 5, 8, 5, 4, 6, 7, 5, 8, 7, 5, 7, 3, 8, 5, 6, 6, 4, 5, 8, 7, 6, 5, 5, 6, 6, 5, 5, 7, 5, 6, 5, 8, 3, 6, 6, 3, 7, 5, 4, 6, 7, 4, 6, 6, 7, 6, 7, 3, 3, 4]
B_16 33.67 B 56 [2, 4, 1, 4, 3, 4, 4, 2, 2, 1, 3, 4, 3, 2, 4, 2, 3, 4, 4, 2, 3, 3, 2, 3, 3, 4, 1, 1, 1, 1, 2, 1, 1, 4, 4, 4, 1, 3, 3, 3, 3, 4, 1, 4, 2, 1, 4, 3, 4, 1, 1, 4, 3, 4, 2, 2, 1, 1, 4, 2, 1, 4, 2, 4, 2, 2, 4, 1, 3, 1, 3, 3, 1, 3, 3, 1, 2, 2, 1, 2] [5, 7, 4, 7, 7, 8, 7, 4, 5, 3, 6, 6, 5, 4, 8, 5, 7, 6, 7, 4, 6, 6, 6, 5, 6, 8, 3, 4, 3, 3, 5, 3, 4, 8, 8, 6, 4, 7, 6, 5, 5, 6, 3, 8, 6, 5, 8, 5, 8, 3, 4, 7, 6, 6, 4, 5, 3, 3, 6, 4, 4, 8, 5, 7, 4, 4, 8, 3, 6, 3, 5, 6, 5, 7, 5, 5, 4, 5, 5, 4]
B_17 35.730000000000004 B 57 [1, 4, 1, 4, 2, 2, 4, 1, 1, 2, 4, 2, 2, 1, 4, 1, 2, 3, 1, 4, 1, 3, 1, 2, 2, 4, 3, 1, 4, 2, 2, 4, 3, 1, 3, 2, 3, 1, 4, 1, 1, 2, 3, 3, 4, 2, 1, 1, 2, 1, 2, 2, 2, 1, 4, 3, 1, 4, 1, 4, 4, 3, 4, 4, 2, 1, 2, 2, 1, 4, 3, 3, 2, 2, 1, 3, 1, 1, 4, 4] [5, 7, 4, 7, 4, 5, 6, 3, 5, 6, 7, 6, 6, 4, 7, 3, 5, 7, 4, 7, 3, 6, 5, 4, 4, 7, 6, 5, 6, 5, 6, 8, 7, 3, 5, 5, 5, 3, 7, 4, 3, 6, 5, 7, 7, 4, 3, 4, 4, 3, 6, 4, 4, 3, 7, 7, 3, 7, 3, 7, 8, 5, 6, 7, 6, 4, 5, 6, 4, 8, 5, 7, 6, 5, 4, 7, 3, 3, 7, 7]
B_18 37.81 B 58 [3, 3, 4, 2, 2, 2, 3, 2, 2, 3, 4, 3, 3, 4, 2, 1, 2, 4, 2, 1, 2, 4, 1, 4, 3, 2, 2, 3, 1, 1, 1, 2, 2, 2, 3, 2, 2, 1, 2, 3, 2, 4, 2, 4, 1, 1, 1, 1, 2, 4, 1, 2, 1, 3, 1, 1, 4, 1, 2, 1, 1, 2, 3, 1, 3, 2, 4, 1, 4, 1, 1, 3, 1, 3, 4, 1, 2, 3, 1, 2] [6, 7, 8, 4, 6, 4, 7, 4, 5, 7, 6, 7, 5, 6, 4, 5, 5, 8, 5, 5, 6, 8, 5, 8, 7, 4, 5, 5, 4, 3, 4, 4, 4, 6, 5, 6, 6, 5, 5, 5, 4, 8, 4, 8, 4, 4, 4, 4, 5, 8, 4, 5, 5, 5, 5, 5, 6, 3, 5, 5, 4, 5, 6, 4, 6, 4, 6, 3, 8, 5, 5, 7, 3, 7, 6, 5, 4, 7, 3, 5]
B_19 41.27 B 59 [1, 1, 1, 4, 4, 4, 2, 2, 3, 3, 4, 4, 1, 2, 2, 1, 3, 1, 2, 2, 1, 3, 3, 4, 2, 3, 4, 2, 4, 2, 2, 2, 4, 1, 1, 2, 4, 2, 1, 3, 2, 2, 3, 4, 4, 1, 1, 3, 1, 4, 1, 1, 3, 2, 3, 3, 2, 4, 1, 3, 2, 1, 1, 2, 3, 3, 2, 2, 4, 1, 4, 4, 3, 3, 2, 3, 4, 1, 4, 2] [4, 3, 3, 6, 7, 6, 5, 4, 5, 7, 8, 7, 5, 6, 5, 3, 6, 5, 6, 4, 3, 7, 5, 8, 6, 6, 8, 6, 7, 5, 6, 6, 8, 4, 5, 5, 8, 5, 3, 5, 4, 5, 6, 6, 8, 3, 3, 7, 4, 7, 3, 3, 7, 4, 6, 6, 4, 7, 5, 5, 5, 5, 4, 5, 5, 6, 6, 4, 6, 4, 6, 6, 7, 6, 6, 5, 7, 3, 8, 4]
B_20 42.27 B 60 [3, 2, 2, 2, 3, 1, 3, 4, 4, 1, 4, 3, 1, 2, 4, 2, 4, 3, 1, 2, 2, 2, 3, 1, 4, 1, 4, 3, 1, 2, 2, 4, 4, 2, 3, 2, 4, 2, 2, 2, 4, 2, 4, 1, 3, 4, 2, 2, 2, 2, 3, 3, 1, 4, 1, 1, 1, 4, 1, 2, 4, 1, 4, 4, 3, 4, 2, 3, 3, 2, 3, 1, 1, 2, 2, 1, 1, 4, 4, 3] [6, 6, 5, 4, 7, 4, 5, 7, 8, 3, 8, 6, 5, 4, 8, 5, 6, 5, 4, 4, 6, 5, 7, 5, 7, 5, 6, 5, 3, 6, 5, 7, 6, 4, 6, 4, 6, 6, 5, 4, 7, 5, 8, 3, 7, 7, 4, 5, 6, 5, 5, 7, 5, 8, 3, 5, 4, 8, 4, 5, 6, 3, 7, 7, 6, 6, 5, 5, 6, 4, 6, 5, 5, 4, 4, 5, 3, 6, 7, 7]
B_21 43.27 B 61 [2, 4, 4, 1, 4, 1, 1, 4, 2, 2, 3, 3, 4, 3, 2, 2, 1, 2, 3, 2, 2, 3, 1, 1, 4, 4, 4, 1, 4, 2, 3, 1, 1, 3, 4, 1, 4, 4, 4, 2, 2, 4, 4, 2, 4, 2, 4, 1, 4, 4, 3, 2, 2, 2, 3, 4, 4, 3, 2, 1, 1, 3, 1, 4, 2, 4, 3, 2, 4, 2, 2, 2, 4, 2, 2, 1, 4, 1, 2, 1] [6, 7, 6, 4, 8, 4, 4, 6, 4, 4, 5, 5, 8, 5, 5, 5, 3, 6, 7, 5, 6, 6, 3, 4, 6, 6, 7, 3, 6, 4, 7, 4, 3, 6, 6, 3, 7, 8, 6, 6, 5, 6, 7, 5, 6, 5, 6, 5, 6, 7, 7, 6, 4, 5, 6, 8, 8, 5, 5, 5, 3, 6, 4, 7, 4, 6, 6, 5, 6, 5, 4, 6, 7, 4, 5, 4, 6, 4, 4, 3]
B_22 57.540000000000006 B 62 [1, 2, 1, 3, 3, 4, 2, 3, 3, 4, 2, 2, 4, 1, 1, 2, 1, 2, 4, 3, 3, 2, 4, 1, 4, 4, 1, 2, 4, 1, 4, 1, 4, 2, 2, 1, 2, 4, 2, 3, 4, 3, 2, 3, 3, 3, 3, 1, 2, 1, 3, 2, 2, 3, 2, 1, 2, 4, 3, 1, 4, 1, 3, 3, 4, 1, 1, 2, 1, 3, 1, 4, 3, 1, 2, 3, 3, 1, 2, 2] [3, 6, 3, 5, 7, 8, 4, 5, 7, 7, 5, 4, 7, 4, 5, 4, 5, 5, 7, 7, 5, 6, 6, 4, 7, 6, 3, 5, 6, 3, 8, 5, 7, 6, 6, 4, 4, 7, 4, 7, 8, 7, 5, 6, 6, 6, 6, 4, 6, 3, 6, 5, 5, 6, 4, 3, 5, 6, 6, 4, 7, 4, 5, 7, 7, 4, 4, 5, 3, 6, 5, 6, 6, 4, 4, 6, 7, 4, 6, 5]
B_23 63.64000000000001 B 63 [2, 1, 4, 4, 3, 4, 2, 1, 2, 1, 2, 3, 1, 4, 3, 1, 4, 1, 4, 1, 2, 1, 3, 4, 4, 2, 4, 1, 2, 1, 3, 3, 1, 1, 1, 4, 4, 1, 2, 1, 3, 3, 2, 2, 4, 4, 4, 3, 4, 4, 1, 3, 1, 2, 2, 4, 4, 4, 1, 2, 4, 4, 3, 2, 4, 1, 3, 4, 3, 2, 3, 3, 2, 3, 1, 1, 3, 1, 1, 3] [5, 3, 7, 8, 7, 6, 6, 4, 5, 5, 6, 5, 3, 6, 5, 4, 6, 3, 6, 3, 6, 4, 5, 8, 7, 4, 8, 4, 6, 5, 6, 6, 4, 3, 5, 8, 6, 5, 5, 5, 5, 6, 6, 6, 6, 6, 6, 5, 7, 7, 5, 7, 3, 5, 5, 6, 7, 7, 4, 5, 7, 7, 7, 4, 7, 4, 5, 8, 6, 5, 7, 5, 6, 7, 5, 5, 6, 5, 4, 6]
B_24 64.98 B 64 [3, 4, 1, 1, 2, 4, 2, 2, 4, 4, 3, 2, 1, 2, 3, 1, 4, 3, 3, 1, 3, 3, 2, 4, 4, 2, 2, 2, 2, 3, 2, 1, 2, 1, 4, 3, 1, 2, 2, 4, 4, 3, 4, 4, 3, 3, 2, 2, 4, 3, 1, 3, 1, 3, 4, 4, 2, 2, 3, 3, 3, 2, 4, 4, 2, 4, 4, 1, 3, 1, 3, 3, 1, 2, 4, 2, 4, 2, 3, 3] [7, 6, 3, 3, 6, 8, 6, 4, 7, 6, 6, 5, 3, 6, 5, 4, 7, 6, 6, 4, 7, 7, 6, 8, 7, 5, 4, 5, 6, 5, 5, 5, 6, 3, 8, 5, 4, 4, 5, 7, 8, 5, 8, 8, 6, 6, 6, 6, 7, 7, 3, 7, 5, 5, 6, 6, 4, 6, 6, 5, 6, 4, 7, 7, 4, 7, 7, 3, 5, 3, 6, 7, 5, 6, 8, 4, 6, 6, 7, 7]
B_25 67.22 B 65 [3, 4, 4, 2, 1, 4, 3, 3, 2, 1, 3, 3, 2, 3, 1, 1, 1, 4, 3, 4, 2, 2, 4, 1, 2, 4, 3, 4, 2, 1, 1, 3, 1, 2, 3, 3, 4, 1, 4, 2, 1, 4, 3, 1, 2, 2, 2, 4, 4, 3, 2, 1, 4, 4, 1, 1, 2, 1, 2, 3, 4, 4, 1, 1, 4, 2, 3, 2, 1, 4, 2, 3, 3, 4, 3, 1, 3, 3, 1, 3] [6, 6, 7, 4, 5, 6, 6, 6, 5, 5, 6, 5, 5, 6, 3, 5, 3, 6, 6, 8, 6, 5, 7, 4, 4, 8, 6, 6, 5, 5, 3, 6, 4, 5, 7, 5, 7, 3, 6, 6, 5, 7, 5, 3, 5, 5, 5, 6, 8, 7, 5, 3, 7, 8, 4, 3, 4, 4, 4, 6, 6, 6, 4, 4, 7, 4, 5, 6, 5, 7, 6, 5, 5, 7, 7, 3, 6, 6, 4, 6]
B_26 68.22 B 66 [4, 3, 1, 3, 4, 1, 4, 4, 2, 2, 2, 1, 3, 3, 4, 4, 2, 1, 2, 3, 1, 3, 2, 3, 2, 3, 3, 2, 1, 4, 1, 3, 1, 1, 3, 3, 4, 4, 1, 2, 2, 2, 1, 3, 4, 2, 2, 3, 3, 4, 3, 3, 3, 4, 3, 4, 4, 2, 4, 2, 2, 3, 1, 3, 4, 3, 1, 2, 3, 2, 2, 1, 1, 4, 1, 1, 4, 4, 3, 4] [6, 5, 4, 5, 6, 5, 7, 8, 4, 5, 6, 3, 5, 5, 7, 7, 6, 5, 6, 7, 4, 5, 5, 5, 4, 5, 6, 5, 4, 6, 3, 5, 3, 4, 7, 6, 7, 6, 4, 4, 4, 4, 3, 7, 6, 6, 5, 6, 7, 8, 5, 6, 7, 8, 6, 7, 8, 5, 6, 6, 5, 6, 4, 5, 7, 5, 4, 4, 6, 4, 6, 5, 4, 7, 3, 3, 7, 8, 5, 8]
B_27 78.2 B 67 [2, 4, 2, 2, 3, 4, 4, 2, 2, 2, 1, 1, 4, 3, 3, 1, 3, 2, 1, 1, 2, 1, 2, 4, 2, 3, 2, 1, 4, 2, 1, 4, 1, 4, 2, 4, 3, 1, 1, 1, 1, 4, 3, 4, 2, 1, 2, 3, 1, 1, 2, 4, 4, 4, 1, 1, 1, 2, 1, 2, 3, 2, 2, 4, 1, 2, 2, 4, 3, 1, 3, 3, 4, 1, 4, 2, 4, 2, 1, 2] [5, 6, 4, 6, 5, 6, 8, 4, 5, 4, 5, 5, 8, 6, 6, 3, 6, 4, 3, 3, 5, 4, 5, 6, 5, 5, 5, 3, 7, 5, 4, 8, 3, 7, 4, 8, 7, 3, 3, 4, 5, 7, 7, 8, 6, 3, 6, 5, 3, 3, 6, 7, 8, 7, 5, 5, 3, 6, 3, 4, 5, 5, 5, 8, 3, 6, 4, 8, 5, 4, 7, 5, 8, 4, 8, 4, 7, 6, 4, 5]
B_28 82.48 B 68 [4, 4, 4, 3, 4, 1, 2, 4, 3, 1, 1, 4, 2, 1, 3, 4, 4, 1, 2, 2, 2, 3, 1, 2, 1, 2, 3, 4, 2, 4, 1, 4, 4, 4, 1, 4, 4, 4, 4, 4, 1, 2, 4, 4, 2, 1, 1, 3, 3, 3, 4, 2, 3, 4, 3, 2, 3, 1, 4, 4, 3, 4, 1, 3, 3, 1, 3, 3, 1, 4, 2, 1, 2, 2, 3, 1, 1, 4, 3, 4] [6, 8, 7, 6, 7, 4, 6, 7, 7, 3, 5, 8, 6, 3, 7, 7, 8, 5, 4, 5, 5, 6, 5, 6, 4, 6, 6, 7, 5, 6, 3, 7, 8, 8, 4, 7, 8, 7, 8, 6, 5, 4, 6, 6, 6, 4, 4, 6, 5, 6, 6, 6, 5, 8, 6, 4, 6, 4, 8, 6, 6, 6, 3, 6, 5, 5, 6, 5, 3, 7, 6, 5, 4, 5, 7, 3, 5, 8, 5, 6]
B_29 87.24000000000001 B 69 [2, 2, 4, 3, 1, 3, 1, 3, 1, 4, 2, 4, 4, 1, 4, 2, 1, 2, 3, 1, 2, 1, 4, 3, 3, 2, 1, 4, 2, 3, 1, 2, 4, 4, 2, 1, 4, 4, 1, 2, 4, 4, 3, 2, 1, 4, 3, 4, 3, 3, 1, 1, 1, 2, 3, 4, 1, 4, 1, 1, 2, 2, 3, 2, 1, 4, 2, 1, 4, 3, 2, 2, 3, 1, 1, 3, 2, 3, 2, 2] [6, 6, 8, 5, 4, 6, 5, 6, 5, 7, 6, 6, 7, 4, 6, 6, 4, 4, 7, 4, 4, 5, 6, 6, 5, 5, 4, 8, 5, 5, 4, 5, 8, 6, 4, 4, 6, 6, 4, 5, 6, 7, 5, 6, 5, 6, 5, 7, 5, 7, 4, 4, 3, 5, 6, 6, 3, 8, 5, 4, 4, 5, 6, 5, 3, 7, 4, 4, 7, 7, 5, 6, 6, 3, 4, 6, 4, 6, 5, 4]
B_30 88.24000000000001 B 70 [3, 3, 1, 2, 1, 3, 4, 4, 2, 2, 4, 3, 3, 2, 1, 4, 3, 2, 1, 3, 1, 4, 1, 3, 1, 3, 4, 1, 1, 1, 1, 3, 1, 3, 1, 4, 1, 2, 2, 1, 2, 2, 3, 4, 3, 1, 1, 2, 2, 4, 3, 1, 1, 3, 4, 4, 3, 3, 1, 4, 3, 2, 1, 3, 3, 2, 2, 3, 2, 2, 1, 4, 4, 1, 2, 4, 3, 3, 2, 1] [7, 5, 5, 5, 4, 7, 6, 7, 4, 5, 6, 6, 5, 4, 3, 8, 5, 5, 4, 6, 3, 6, 3, 7, 5, 6, 8, 4, 5, 3, 4, 7, 4, 6, 3, 6, 4, 6, 6, 5, 6, 6, 7, 7, 5, 4, 5, 5, 5, 7, 7, 4, 4, 5, 8, 7, 5, 5, 5, 6, 6, 4, 5, 7, 6, 6, 6, 7, 6, 5, 3, 8, 7, 5, 4, 6, 5, 7, 6, 4]
B_31 89.24000000000001 B 71 [1, 4, 1, 1, 2, 2, 4, 1, 4, 4, 3, 2, 3, 2, 2, 2, 2, 1, 3, 1, 4, 4, 4, 4, 4, 3, 3, 2, 1, 1, 4, 2, 1, 2, 1, 3, 3, 3, 2, 4, 4, 1, 3, 3, 2, 3, 4, 1, 1, 4, 3, 1, 1, 2, 2, 2, 3, 3, 3, 4, 1, 2, 4, 3, 3, 3, 1, 3, 1, 2, 4, 3, 2, 2, 1, 2, 4, 4, 4, 4] [5, 7, 5, 5, 4, 6, 7, 5, 6, 6, 6, 4, 6, 4, 6, 5, 5, 4, 5, 4, 7, 8, 8, 7, 6, 7, 6, 5, 5, 3, 7, 4, 4, 4, 3, 5, 5, 6, 4, 6, 7, 3, 5, 7, 4, 5, 7, 5, 4, 7, 5, 3, 3, 4, 6, 4, 6, 7, 7, 6, 5, 6, 6, 5, 7, 5, 5, 5, 5, 6, 8, 6, 6, 4, 5, 5, 7, 7, 7, 6]
B_32 91.71000000000001 B 72 [3, 3, 1, 1, 4, 2, 4, 2, 3, 3, 4, 3, 2, 1, 4, 2, 2, 1, 1, 2, 1, 1, 4, 3, 1, 3, 3, 2, 4, 2, 1, 4, 2, 3, 2, 1, 4, 3, 4, 1, 2, 3, 4, 1, 1, 4, 3, 2, 2, 3, 3, 4, 1, 1, 4, 4, 1, 2, 1, 3, 1, 4, 3, 2, 1, 3, 1, 4, 2, 3, 4, 2, 1, 3, 4, 1, 4, 1, 2, 3] [5, 6, 3, 4, 7, 6, 6, 6, 5, 5, 7, 7, 6, 5, 8, 4, 6, 5, 5, 4, 5, 5, 8, 6, 3, 7, 6, 5, 6, 6, 5, 6, 6, 7, 4, 3, 6, 6, 6, 3, 5, 5, 7, 4, 4, 7, 5, 4, 5, 7, 7, 7, 4, 5, 6, 6, 5, 6, 3, 7, 5, 7, 6, 6, 5, 5, 4, 8, 4, 6, 7, 6, 4, 7, 8, 3, 8, 4, 6, 5]
B_33 92.71000000000001 B 73 [1, 1, 3, 3, 2, 1, 2, 3, 4, 2, 2, 1, 3, 3, 2, 3, 2, 2, 2, 1, 1, 1, 1, 3, 3, 2, 1, 1, 1, 2, 1, 4, 1, 3, 4, 3, 4, 1, 3, 3, 1, 2, 4, 3, 4, 1, 3, 4, 4, 2, 4, 2, 4, 4, 4, 2, 3, 2, 3, 3, 2, 2, 1, 3, 2, 4, 4, 1, 2, 1, 1, 2, 3, 1, 4, 4, 1, 1, 2, 4] [4, 3, 7, 7, 6, 4, 4, 6, 8, 5, 4, 3, 5, 5, 5, 6, 4, 6, 6, 3, 5, 4, 3, 5, 7, 5, 5, 4, 5, 5, 3, 7, 4, 6, 7, 7, 8, 5, 5, 6, 5, 4, 8, 5, 8, 4, 6, 7, 6, 5, 6, 5, 6, 7, 6, 6, 7, 5, 7, 6, 4, 4, 4, 7, 6, 7, 7, 4, 5, 3, 5, 4, 7, 3, 8, 8, 5, 3, 6, 8]
B_34 93.71000000000001 B 74 [1, 2, 2, 2, 2, 2, 1, 2, 1, 3, 3, 4, 2, 3, 3, 3, 3, 2, 3, 2, 4, 3, 1, 3, 1, 3, 4, 4, 3, 4, 4, 1, 3, 3, 1, 1, 1, 1, 3, 4, 4, 4, 3, 1, 1, 3, 1, 2, 3, 2, 4, 3, 3, 4, 1, 4, 3, 1, 4, 2, 2, 2, 2, 1, 4, 3, 1, 4, 3, 1, 2, 1, 4, 4, 2, 2, 4, 3, 2, 2] [4, 4, 6, 4, 4, 4, 4, 4, 5, 5, 7, 6, 5, 7, 5, 6, 7, 6, 5, 4, 8, 6, 4, 6, 3, 6, 6, 6, 7, 6, 8, 4, 5, 6, 4, 4, 3, 5, 5, 8, 8, 7, 7, 4, 4, 6, 5, 6, 5, 5, 8, 5, 7, 8, 3, 7, 5, 4, 6, 6, 4, 5, 4, 5, 8, 7, 3, 8, 7, 4, 4, 5, 8, 8, 5, 6, 6, 6, 5, 5]
B_35 95.66000000000001 B 75 [2, 4, 1, 1, 1, 4, 3, 2, 2, 3, 2, 1, 2, 2, 2, 3, 1, 2, 3, 1, 1, 4, 1, 3, 4, 4, 3, 2, 1, 1, 4, 1, 3, 2, 1, 1, 2, 1, 4, 1, 4, 2, 1, 2, 1, 4, 3, 1, 1, 4, 3, 2, 4, 2, 4, 2, 1, 3, 1, 3, 1, 1, 3, 1, 2, 1, 1, 2, 1, 3, 4, 2, 1, 4, 2, 4, 1, 2, 1, 2] [6, 7, 4, 4, 5, 7, 6, 5, 4, 5, 4, 3, 4, 4, 4, 6, 4, 4, 7, 3, 4, 8, 3, 6, 7, 8, 6, 6, 3, 3, 8, 4, 7, 6, 5, 5, 4, 5, 7, 3, 7, 6, 5, 4, 3, 6, 7, 4, 3, 7, 6, 5, 8, 4, 6, 6, 5, 7, 5, 5, 5, 4, 6, 5, 4, 3, 3, 4, 3, 6, 6, 5, 3, 8, 6, 7, 5, 6, 4, 4]
B_36 98.81000000000002 B 76 [2, 1, 1, 2, 3, 2, 4, 4, 4, 4, 3, 4, 4, 2, 1, 3, 3, 1, 2, 3, 1, 3, 3, 4, 1, 3, 3, 1, 1, 4, 2, 3, 3, 4, 1, 2, 4, 3, 4, 1, 3, 1, 1, 1, 3, 3, 4, 2, 4, 4, 2, 1, 2, 2, 1, 4, 2, 1, 2, 4, 1, 4, 3, 3, 4, 3, 4, 4, 1, 2, 3, 4, 4, 1, 4, 1, 1, 2, 4, 4] [5, 4, 4, 4, 5, 5, 7, 8, 7, 8, 6, 8, 7, 4, 4, 7, 5, 3, 5, 6, 5, 6, 7, 6, 4, 7, 7, 4, 4, 6, 5, 7, 6, 8, 4, 6, 8, 6, 8, 4, 7, 3, 4, 4, 5, 6, 7, 4, 6, 6, 6, 4, 4, 4, 4, 7, 4, 3, 4, 7, 3, 6, 7, 6, 6, 6, 7, 7, 5, 4, 5, 7, 8, 5, 6, 5, 4, 5, 7, 6]
B_37 100.65000000000002 B 77 [1, 1, 3, 4, 2, 2, 1, 1, 2, 4, 2, 4, 4, 2, 2, 1, 4, 1, 4, 1, 4, 4, 1, 2, 4, 3, 3, 1, 4, 4, 4, 4, 1, 2, 1, 3, 2, 3, 3, 3, 4, 4, 1, 3, 1, 3, 4, 4, 3, 2, 3, 1, 4, 3, 4, 1, 2, 1, 3, 1, 4, 1, 1, 1, 2, 3, 4, 2, 4, 3, 3, 4, 1, 1, 3, 2, 2, 1, 1, 3] [4, 3, 6, 6, 4, 5, 5, 3, 5, 6, 4, 8, 7, 5, 6, 5, 8, 4, 6, 3, 7, 6, 5, 4, 8, 7, 5, 5, 8, 6, 7, 6, 4, 6, 5, 7, 6, 6, 5, 7, 7, 6, 3, 5, 4, 5, 7, 6, 7, 5, 7, 3, 7, 7, 7, 3, 5, 3, 7, 3, 6, 4, 4, 5, 6, 6, 8, 6, 8, 6, 7, 7, 4, 3, 6, 6, 5, 4, 4, 6]
B_38 102.06000000000002 B 78 [1, 1, 3, 4, 2, 3, 1, 1, 1, 1, 3, 1, 2, 2, 2, 1, 4, 4, 4, 4, 2, 4, 4, 3, 1, 4, 4, 3, 4, 4, 4, 4, 2, 2, 4, 4, 4, 1, 3, 2, 2, 4, 3, 2, 2, 3, 3, 2, 3, 2, 1, 2, 2, 4, 1, 1, 1, 4, 1, 4, 4, 2, 2, 1, 3, 1, 3, 1, 3, 2, 2, 4, 2, 2, 2, 1, 4, 1, 2, 4] [5, 5, 7, 7, 6, 6, 4, 5, 4, 4, 7, 3, 4, 6, 6, 3, 7, 6, 8, 8, 4, 8, 8, 5, 5, 6, 7, 6, 7, 7, 6, 7, 4, 5, 6, 8, 6, 5, 6, 4, 4, 8, 6, 5, 5, 6, 5, 4, 7, 5, 4, 6, 6, 7, 4, 3, 5, 7, 3, 8, 7, 4, 6, 4, 7, 4, 5, 4, 5, 5, 6, 7, 6, 6, 5, 4, 7, 4, 6, 6]
B_39 111.25000000000001 B 79 [2, 4, 4, 4, 2, 3, 3, 1, 4, 3, 1, 1, 4, 2, 3, 2, 1, 3, 4, 3, 3, 3, 4, 4, 2, 1, 1, 1, 3, 4, 4, 2, 3, 1, 4, 2, 4, 4, 2, 2, 1, 4, 3, 3, 1, 4, 3, 3, 3, 4, 4, 2, 1, 2, 4, 1, 2, 4, 2, 2, 3, 1, 2, 3, 3, 3, 4, 2, 4, 2, 1, 4, 3, 4, 2, 2, 4, 3, 4, 1] [6, 7, 7, 7, 4, 5, 7, 4, 8, 5, 5, 4, 7, 6, 7, 4, 3, 6, 6, 5, 7, 7, 7, 6, 6, 3, 5, 4, 7, 8, 7, 6, 5, 3, 8, 4, 7, 8, 4, 5, 5, 8, 5, 6, 5, 8, 7, 6, 6, 6, 8, 4, 5, 5, 7, 4, 4, 7, 5, 4, 7, 3, 5, 6, 7, 6, 8, 5, 6, 4, 4, 6, 5, 8, 5, 4, 6, 6, 6, 5]
