A_0 3.8 A 0 [1, 3, 2, 1, 3, 3, 2, 4, 2, 1, 1, 4, 4, 4, 2, 4, 4, 2, 3, 3, 4, 4, 3, 2, 1, 2, 1, 1, 2, 1, 4, 1, 3, 1, 3, 4, 1, 4, 3, 4, 4, 2, 4, 1, 4, 1, 4, 3, 3, 3, 4, 3, 3, 1, 3, 3, 2, 3, 2, 4, 3, 2, 4, 4, 3, 2, 3, 4, 2, 3, 2, 3, 3, 3, 3, 4, 2, 2, 3, 4] [4, 7, 4, 3, 6, 5, 6, 8, 4, 5, 4, 6, 6, 8, 6, 7, 6, 5, 7, 5, 7, 7, 6, 5, 3, 4, 3, 4, 5, 4, 8, 4, 5, 4, 6, 8, 5, 6, 7, 8, 7, 4, 8, 4, 7, 3, 6, 5, 7, 7, 8, 5, 5, 5, 5, 5, 4, 5, 5, 6, 7, 6, 8, 6, 7, 6, 7, 8, 4, 5, 6, 6, 7, 5, 7, 7, 4, 4, 5, 6]
A_1 5.5 A 1 [3, 4, 2, 2, 4, 4, 4, 3, 3, 1, 3, 1, 3, 3, 1, 4, 3, 1, 1, 1, 2, 4, 1, 4, 2, 2, 3, 1, 1, 3, 2, 2, 1, 1, 4, 4, 1, 1, 4, 3, 1, 2, 4, 2, 4, 4, 4, 2, 2, 2, 2, 2, 2, 2, 4, 2, 2, 4, 1, 3, 1, 2, 2, 3, 2, 3, 3, 3, 1, 1, 3, 2, 4, 1, 3, 3, 2, 4, 2, 3] [7, 6, 6, 4, 6, 8, 6, 6, 5, 3, 6, 4, 7, 7, 3, 8, 5, 5, 3, 4, 5, 6, 4, 7, 5, 5, 6, 3, 4, 5, 6, 4, 5, 3, 8, 6, 5, 5, 7, 6, 5, 4, 6, 6, 7, 6, 7, 5, 5, 6, 5, 6, 4, 5, 7, 4, 5, 8, 4, 7, 3, 6, 5, 5, 4, 7, 7, 7, 5, 3, 5, 4, 7, 5, 5, 6, 4, 8, 6, 6]
A_2 8.75 A 2 [2, 2, 1, 1, 4, 3, 1, 3, 4, 3, 2, 3, 1, 2, 2, 3, 3, 3, 4, 3, 3, 4, 4, 2, 2, 3, 3, 1, 3, 2, 3, 3, 4, 4, 4, 1, 1, 3, 1, 4, 1, 4, 1, 4, 1, 3, 4, 2, 1, 2, 2, 3, 3, 3, 3, 2, 4, 4, 3, 3, 1, 4, 4, 3, 4, 1, 3, 4, 1, 1, 1, 4, 3, 3, 3, 2, 1, 4, 2, 4] [4, 6, 5, 4, 7, 5, 4, 6, 6, 5, 4, 7, 3, 5, 4, 6, 5, 6, 8, 5, 7, 6, 6, 6, 4, 6, 7, 3, 7, 5, 7, 7, 8, 6, 8, 5, 5, 5, 3, 8, 3, 7, 5, 6, 5, 6, 8, 5, 5, 5, 6, 6, 7, 7, 5, 4, 6, 7, 5, 5, 5, 8, 7, 7, 7, 4, 7, 7, 5, 3, 5, 6, 7, 7, 6, 4, 4, 7, 4, 8]
A_3 11.34 A 3 [1, 2, 1, 4, 1, 3, 3, 3, 3, 1, 4, 4, 1, 1, 3, 4, 1, 3, 1, 1, 1, 2, 4, 3, 4, 1, 3, 3, 4, 4, 4, 4, 3, 4, 4, 4, 1, 4, 4, 3, 1, 3, 2, 2, 1, 1, 1, 1, 1, 1, 2, 1, 2, 3, 3, 4, 3, 3, 4, 3, 4, 2, 3, 4, 1, 3, 3, 4, 3, 1, 2, 1, 3, 1, 4, 2, 4, 3, 3, 1] [3, 4, 4, 6, 5, 6, 5, 6, 6, 4, 7, 8, 5, 5, 7, 7, 5, 7, 5, 3, 3, 6, 7, 5, 7, 5, 5, 7, 8, 6, 6, 8, 5, 6, 6, 6, 5, 6, 6, 6, 3, 7, 5, 6, 3, 3, 3, 3, 4, 4, 4, 5, 6, 7, 6, 7, 6, 6, 8, 7, 8, 4, 7, 6, 3, 5, 6, 6, 6, 4, 5, 3, 6, 4, 6, 5, 7, 7, 7, 4]
A_4 12.34 A 4 [3, 4, 4, 1, 1, 4, 3, 2, 4, 1, 1, 1, 3, 3, 3, 2, 2, 2, 2, 1, 1, 3, 4, 3, 3, 2, 2, 2, 1, 2, 3, 1, 4, 2, 1, 3, 3, 1, 3, 4, 2, 1, 3, 3, 3, 2, 2, 4, 4, 2, 2, 3, 4, 4, 3, 3, 3, 3, 3, 1, 3, 3, 2, 2, 2, 3, 2, 1, 1, 2, 3, 4, 3, 3, 1, 2, 3, 3, 4, 3] [6, 6, 7, 5, 3, 8, 7, 4, 6, 4, 4, 5, 6, 6, 6, 5, 6, 4, 6, 4, 4, 7, 6, 5, 7, 5, 4, 5, 5, 6, 7, 3, 7, 6, 3, 6, 6, 3, 6, 7, 5, 3, 7, 5, 5, 6, 5, 7, 8, 4, 4, 6, 7, 7, 7, 5, 6, 6, 7, 5, 7, 6, 4, 6, 5, 6, 6, 4, 3, 6, 7, 7, 5, 6, 5, 5, 7, 5, 6, 5]
A_5 13.79 A 5 [3, 4, 3, 3, 4, 1, 2, 1, 4, 1, 1, 3, 4, 3, 2, 2, 4, 4, 1, 1, 3, 2, 3, 3, 1, 4, 4, 2, 2, 4, 1, 4, 4, 1, 2, 2, 3, 4, 3, 1, 2, 4, 1, 3, 3, 2, 4, 1, 1, 2, 1, 2, 3, 1, 2, 1, 2, 1, 2, 2, 3, 2, 2, 2, 3, 3, 2, 2, 1, 2, 2, 3, 4, 1, 1, 3, 3, 3, 1, 2] [5, 8, 5, 6, 8, 4, 5, 3, 8, 5, 3, 7, 8, 6, 6, 6, 8, 6, 3, 5, 6, 5, 7, 7, 4, 7, 8, 6, 4, 6, 3, 7, 8, 3, 4, 5, 6, 7, 5, 5, 4, 6, 3, 6, 6, 4, 7, 4, 5, 5, 4, 4, 5, 3, 4, 3, 6, 3, 6, 4, 6, 6, 5, 4, 5, 6, 6, 6, 4, 4, 4, 7, 8, 5, 3, 6, 6, 5, 4, 4]
A_6 14.79 A 6 [2, 4, 1, 3, 3, 2, 2, 2, 4, 3, 4, 4, 1, 4, 2, 2, 4, 1, 1, 2, 2, 2, 1, 3, 2, 2, 2, 1, 1, 2, 1, 4, 3, 2, 2, 2, 2, 3, 3, 1, 1, 2, 4, 3, 3, 3, 1, 1, 4, 1, 4, 2, 1, 3, 3, 3, 3, 2, 2, 3, 1, 3, 1, 4, 1, 2, 4, 3, 4, 1, 3, 2, 2, 3, 3, 4, 3, 2, 4, 2] [6, 6, 4, 5, 7, 5, 4, 4, 8, 6, 8, 8, 3, 8, 4, 5, 6, 5, 4, 4, 4, 4, 3, 6, 6, 5, 5, 5, 5, 4, 4, 8, 7, 5, 4, 6, 4, 7, 6, 3, 4, 4, 7, 6, 5, 6, 4, 3, 7, 5, 8, 4, 4, 7, 7, 6, 5, 6, 6, 7, 3, 6, 4, 6, 4, 6, 7, 6, 7, 4, 5, 6, 5, 7, 5, 6, 6, 4, 8, 4]
A_7 19.83 A 7 [4, 3, 3, 3, 2, 1, 2, 4, 4, 2, 4, 2, 4, 3, 2, 4, 2, 2, 4, 3, 1, 1, 1, 4, 1, 1, 2, 1, 4, 3, 1, 4, 4, 3, 2, 4, 3, 1, 2, 4, 1, 4, 4, 3, 4, 4, 1, 4, 1, 3, 2, 3, 1, 4, 4, 2, 3, 2, 2, 1, 4, 3, 2, 2, 4, 2, 3, 2, 1, 3, 2, 3, 3, 3, 3, 3, 2, 1, 1, 1] [8, 6, 6, 6, 4, 3, 4, 6, 7, 4, 7, 4, 8, 5, 4, 8, 4, 5, 8, 6, 5, 3, 3, 6, 5, 5, 5, 3, 8, 5, 3, 7, 8, 6, 4, 6, 6, 4, 4, 8, 4, 6, 7, 6, 8, 7, 3, 7, 3, 7, 4, 5, 4, 6, 8, 4, 7, 4, 4, 3, 7, 6, 6, 5, 6, 4, 7, 6, 4, 6, 5, 5, 7, 7, 5, 5, 4, 4, 3, 4]
A_8 21.279999999999998 A 8 [2, 3, 4, 3, 4, 4, 4, 4, 2, 2, 4, 4, 1, 4, 4, 4, 1, 1, 1, 1, 4, 4, 1, 2, 3, 3, 2, 4, 3, 4, 2, 2, 2, 2, 4, 2, 3, 2, 1, 4, 4, 2, 4, 1, 4, 2, 1, 3, 1, 4, 4, 1, 3, 3, 1, 2, 4, 3, 3, 1, 3, 3, 1, 3, 2, 1, 4, 4, 1, 4, 3, 3, 4, 2, 4, 2, 2, 2, 3, 2] [4, 5, 6, 6, 6, 8, 8, 7, 4, 6, 8, 8, 5, 8, 8, 7, 3, 3, 4, 5, 8, 8, 5, 6, 6, 5, 5, 6, 6, 8, 5, 6, 6, 4, 6, 4, 5, 5, 5, 7, 6, 5, 6, 3, 6, 4, 4, 6, 3, 6, 8, 3, 7, 6, 5, 5, 6, 7, 7, 4, 7, 5, 5, 6, 5, 4, 7, 7, 3, 6, 6, 6, 7, 4, 7, 4, 6, 6, 5, 4]
A_9 22.279999999999998 A 9 [1, 1, 3, 1, 1, 1, 3, 2, 2, 2, 2, 1, 1, 4, 1, 3, 3, 1, 1, 4, 4, 2, 4, 4, 1, 2, 3, 3, 1, 4, 2, 1, 3, 2, 1, 3, 2, 2, 2, 3, 4, 3, 2, 1, 3, 1, 2, 4, 2, 4, 2, 3, 3, 2, 4, 1, 4, 4, 1, 1, 3, 3, 4, 1, 1, 1, 2, 3, 3, 2, 3, 4, 2, 1, 3, 1, 1, 4, 4, 1] [5, 3, 5, 4, 4, 5, 6, 4, 6, 6, 5, 3, 4, 6, 3, 7, 5, 5, 4, 6, 6, 5, 6, 6, 5, 6, 6, 7, 5, 8, 6, 3, 5, 6, 4, 5, 5, 5, 5, 7, 7, 5, 4, 3, 7, 4, 4, 6, 5, 6, 5, 7, 7, 4, 7, 3, 8, 6, 5, 4, 7, 6, 7, 3, 4, 4, 4, 5, 7, 6, 7, 7, 6, 3, 7, 4, 5, 7, 7, 3]
A_10 23.279999999999998 A 10 [1, 3, 2, 4, 1, 1, 4, 4, 4, 2, 2, 1, 2, 1, 2, 3, 4, 2, 3, 3, 1, 3, 3, 2, 1, 3, 3, 3, 2, 3, 1, 3, 3, 1, 2, 4, 3, 1, 2, 2, 2, 4, 2, 3, 4, 4, 3, 2, 3, 3, 4, 1, 1, 3, 2, 1, 4, 2, 2, 3, 4, 4, 1, 1, 1, 4, 1, 4, 1, 4, 2, 1, 3, 3, 2, 4, 4, 4, 1, 2] [4, 6, 4, 7, 4, 3, 8, 7, 8, 5, 4, 4, 4, 5, 5, 6, 7, 6, 7, 5, 3, 6, 6, 5, 4, 5, 7, 7, 6, 7, 4, 6, 6, 4, 6, 8, 7, 5, 4, 5, 5, 6, 4, 6, 6, 6, 5, 6, 7, 5, 7, 3, 5, 5, 5, 5, 6, 5, 4, 5, 7, 8, 5, 3, 3, 8, 3, 8, 5, 8, 6, 5, 7, 5, 6, 6, 7, 6, 5, 6]
A_11 25.689999999999998 A 11 [4, 1, 3, 4, 1, 3, 4, 2, 4, 1, 1, 2, 4, 4, 3, 4, 1, 1, 4, 1, 4, 4, 1, 4, 1, 3, 4, 1, 2, 3, 4, 2, 1, 1, 2, 4, 4, 3, 4, 3, 4, 1, 4, 4, 2, 3, 2, 2, 4, 3, 2, 1, 1, 3, 3, 4, 2, 3, 2, 4, 1, 1, 4, 4, 2, 3, 1, 3, 1, 2, 4, 4, 3, 2, 4, 4, 1, 1, 3, 3] [6, 4, 7, 8, 5, 7, 8, 4, 8, 3, 4, 4, 8, 8, 7, 8, 4, 3, 7, 5, 7, 8, 5, 7, 3, 6, 6, 3, 5, 7, 8, 4, 3, 5, 5, 8, 7, 5, 7, 6, 8, 4, 8, 7, 5, 6, 6, 6, 7, 7, 6, 5, 5, 7, 7, 7, 6, 7, 5, 8, 4, 5, 7, 8, 6, 6, 5, 5, 3, 4, 6, 8, 5, 6, 8, 8, 3, 4, 6, 7]
A_12 26.689999999999998 A 12 [4, 3, 1, 1, 3, 4, 1, 4, 1, 1, 2, 4, 1, 3, 1, 1, 3, 4, 2, 2, 2, 4, 3, 4, 1, 2, 3, 3, 4, 1, 3, 1, 1, 3, 2, 1, 2, 4, 1, 4, 1, 2, 3, 2, 2, 4, 3, 1, 1, 3, 3, 2, 1, 2, 2, 1, 3, 4, 1, 1, 2, 3, 2, 2, 4, 1, 1, 4, 3, 4, 1, 1, 3, 4, 2, 4, 2, 2, 3, 3] [6, 7, 3, 5, 6, 8, 3, 8, 5, 4, 4, 8, 5, 6, 4, 3, 5, 7, 4, 6, 5, 7, 5, 8, 3, 6, 7, 6, 8, 3, 5, 3, 5, 5, 4, 4, 6, 7, 4, 8, 3, 6, 7, 5, 4, 6, 6, 5, 5, 7, 7, 6, 3, 5, 6, 3, 7, 6, 5, 3, 6, 6, 6, 5, 6, 5, 3, 6, 6, 6, 4, 4, 6, 8, 4, 6, 5, 4, 6, 5]
A_13 31.58 A 13 [4, 3, 2, 1, 3, 3, 4, 3, 4, 4, 1, 4, 3, 3, 3, 4, 4, 1, 2, 4, 3, 4, 2, 3, 2, 1, 3, 4, 3, 4, 2, 4, 3, 4, 1, 3, 4, 3, 2, 2, 4, 2, 1, 4, 2, 4, 1, 3, 3, 1, 3, 3, 4, 2, 2, 1, 2, 4, 3, 3, 3, 4, 2, 3, 3, 3, 2, 3, 2, 2, 1, 1, 1, 4, 3, 2, 3, 4, 1, 2] [8, 7, 5, 5, 6, 6, 8, 5, 8, 6, 5, 8, 6, 5, 6, 7, 6, 3, 6, 8, 7, 7, 4, 5, 5, 4, 6, 7, 7, 8, 5, 6, 7, 7, 3, 5, 8, 5, 5, 6, 6, 6, 5, 7, 5, 6, 4, 7, 7, 3, 7, 7, 7, 6, 4, 3, 4, 8, 7, 5, 7, 7, 4, 5, 5, 5, 6, 5, 5, 5, 5, 3, 3, 6, 5, 4, 7, 7, 3, 5]
A_14 33.54 A 14 [2, 1, 2, 3, 3, 2, 2, 2, 4, 1, 2, 3, 1, 3, 4, 1, 4, 2, 4, 2, 2, 2, 3, 1, 4, 4, 3, 3, 1, 1, 1, 3, 2, 4, 4, 3, 3, 4, 3, 3, 1, 2, 1, 3, 2, 4, 2, 1, 3, 4, 1, 3, 3, 1, 4, 4, 4, 1, 4, 3, 1, 1, 4, 4, 4, 1, 1, 2, 3, 1, 2, 2, 4, 2, 2, 3, 3, 1, 2, 2] [6, 3, 4, 7, 6, 6, 4, 4, 8, 3, 5, 7, 4, 6, 7, 4, 6, 5, 7, 6, 4, 5, 5, 5, 6, 6, 6, 7, 4, 4, 4, 6, 6, 7, 6, 6, 5, 8, 6, 7, 5, 5, 4, 6, 6, 6, 5, 5, 5, 8, 4, 5, 5, 5, 6, 6, 7, 5, 6, 6, 5, 4, 7, 7, 6, 4, 3, 5, 5, 3, 5, 6, 8, 6, 4, 5, 6, 3, 4, 4]
A_15 34.54 A 15 [4, 4, 3, 4, 2, 2, 2, 4, 4, 3, 3, 4, 1, 4, 1, 4, 4, 3, 1, 3, 2, 2, 1, 1, 2, 2, 3, 2, 3, 3, 2, 2, 3, 2, 4, 3, 3, 2, 2, 1, 2, 1, 4, 3, 1, 1, 3, 1, 4, 1, 3, 2, 4, 2, 3, 3, 2, 1, 4, 1, 1, 1, 3, 4, 3, 2, 2, 4, 3, 4, 2, 3, 2, 1, 4, 1, 4, 4, 1, 4] [7, 8, 6, 7, 5, 6, 5, 8, 7, 7, 6, 8, 3, 7, 4, 7, 7, 7, 4, 5, 6, 5, 3, 3, 6, 5, 6, 4, 5, 7, 6, 4, 5, 6, 7, 6, 5, 5, 5, 5, 6, 3, 7, 5, 4, 3, 7, 4, 8, 4, 6, 6, 7, 6, 7, 7, 6, 3, 6, 3, 3, 5, 7, 8, 6, 4, 6, 8, 6, 6, 6, 6, 5, 5, 8, 3, 8, 6, 3, 7]
A_16 37.55 A 16 [4, 3, 3, 1, 2, 4, 4, 2, 1, 3, 4, 1, 3, 4, 4, 4, 1, 2, 2, 1, 1, 4, 3, 4, 4, 1, 2, 2, 3, 4, 4, 3, 3, 2, 4, 1, 4, 3, 4, 4, 4, 2, 1, 2, 4, 1, 2, 3, 4, 2, 3, 4, 4, 2, 1, 2, 3, 2, 2, 3, 1, 3, 3, 4, 1, 4, 4, 4, 3, 4, 2, 3, 3, 4, 3, 3, 2, 4, 3, 1] [6, 5, 5, 5, 6, 8, 6, 4, 3, 5, 7, 4, 5, 6, 6, 7, 4, 4, 6, 5, 4, 7, 7, 7, 8, 3, 5, 5, 5, 7, 8, 6, 6, 6, 8, 4, 8, 7, 6, 8, 8, 5, 5, 6, 7, 4, 6, 7, 8, 5, 5, 7, 6, 5, 5, 5, 7, 6, 6, 5, 5, 7, 6, 8, 3, 8, 8, 8, 5, 6, 4, 7, 5, 7, 5, 6, 5, 8, 6, 5]
A_17 38.55 A 17 [2, 1, 3, 3, 2, 4, 1, 2, 1, 1, 2, 1, 4, 1, 2, 3, 2, 1, 2, 3, 4, 3, 4, 3, 1, 1, 3, 2, 1, 1, 1, 2, 2, 1, 1, 3, 1, 4, 4, 4, 4, 2, 2, 3, 2, 3, 1, 1, 3, 4, 1, 1, 4, 1, 3, 2, 2, 3, 4, 4, 2, 3, 4, 3, 4, 4, 4, 2, 4, 3, 1, 1, 1, 4, 1, 1, 1, 3, 3, 4] [5, 5, 6, 7, 4, 6, 5, 5, 3, 5, 6, 3, 7, 3, 5, 7, 4, 3, 5, 6, 7, 5, 7, 5, 3, 3, 7, 6, 3, 5, 3, 5, 6, 4, 4, 5, 4, 6, 8, 8, 6, 6, 6, 5, 5, 7, 3, 3, 7, 7, 4, 5, 6, 5, 6, 4, 4, 7, 7, 6, 6, 7, 8, 7, 6, 7, 8, 4, 8, 7, 4, 3, 3, 7, 5, 5, 3, 7, 7, 8]
A_18 39.69 A 18 [3, 1, 4, 1, 2, 1, 1, 4, 1, 1, 3, 4, 2, 2, 4, 1, 2, 2, 2, 1, 3, 4, 2, 4, 1, 3, 4, 2, 1, 3, 3, 1, 4, 1, 2, 4, 3, 2, 2, 2, 2, 4, 4, 4, 2, 2, 4, 4, 4, 3, 1, 1, 3, 4, 3, 3, 4, 2, 2, 3, 1, 3, 3, 3, 3, 2, 3, 3, 4, 4, 4, 1, 3, 2, 4, 3, 1, 4, 1, 4] [7, 3, 8, 5, 6, 3, 4, 8, 4, 4, 7, 7, 4, 6, 7, 4, 6, 5, 5, 3, 5, 7, 5, 6, 3, 6, 7, 6, 3, 7, 7, 4, 6, 5, 6, 7, 6, 4, 6, 4, 5, 7, 8, 8, 6, 6, 6, 7, 7, 7, 3, 3, 7, 8, 5, 6, 6, 5, 5, 7, 4, 6, 6, 7, 5, 4, 7, 6, 7, 7, 8, 3, 6, 6, 6, 6, 3, 7, 4, 6]
A_19 41.199999999999996 A 19 [3, 1, 3, 1, 1, 1, 2, 3, 1, 4, 3, 1, 2, 4, 2, 3, 1, 3, 1, 1, 2, 4, 1, 2, 2, 3, 4, 4, 2, 1, 2, 1, 1, 2, 4, 1, 1, 4, 1, 1, 2, 1, 3, 3, 2, 4, 4, 1, 3, 3, 2, 2, 2, 1, 2, 2, 3, 4, 3, 1, 4, 3, 2, 2, 1, 2, 2, 3, 1, 1, 2, 1, 3, 1, 4, 4, 4, 1, 3, 4] [5, 4, 5, 3, 4, 5, 4, 6, 5, 6, 5, 5, 6, 8, 6, 5, 5, 6, 3, 5, 6, 8, 5, 4, 6, 7, 6, 6, 4, 3, 6, 3, 3, 4, 7, 5, 5, 8, 3, 4, 4, 5, 7, 5, 4, 6, 6, 3, 7, 7, 6, 6, 6, 4, 6, 4, 7, 7, 7, 5, 6, 7, 5, 5, 5, 4, 6, 6, 5, 5, 5, 3, 5, 4, 6, 6, 6, 4, 7, 7]
A_20 42.199999999999996 A 20 [4, 2, 3, 1, 1, 3, 2, 1, 4, 4, 1, 4, 2, 3, 2, 2, 1, 4, 3, 2, 2, 3, 1, 1, 2, 4, 3, 3, 2, 3, 3, 4, 1, 1, 4, 2, 4, 3, 2, 3, 4, 4, 2, 2, 3, 1, 1, 4, 1, 2, 3, 3, 4, 2, 1, 3, 3, 3, 3, 3, 2, 1, 1, 4, 2, 4, 1, 2, 3, 2, 4, 4, 3, 4, 3, 2, 1, 2, 1, 3] [7, 5, 7, 3, 4, 6, 4, 5, 8, 6, 3, 7, 5, 7, 4, 6, 4, 7, 5, 6, 6, 5, 3, 4, 4, 7, 6, 5, 4, 5, 7, 7, 3, 3, 7, 6, 7, 6, 4, 7, 8, 8, 4, 5, 7, 5, 4, 8, 5, 5, 5, 5, 6, 5, 4, 6, 5, 6, 5, 7, 6, 4, 3, 7, 4, 8, 5, 5, 5, 6, 8, 7, 6, 6, 6, 4, 4, 4, 3, 5]
A_21 44.459999999999994 A 21 [4, 4, 4, 2, 3, 2, 2, 1, 4, 2, 3, 4, 4, 4, 2, 2, 4, 3, 4, 4, 3, 1, 2, 3, 2, 1, 2, 3, 1, 4, 4, 2, 4, 1, 3, 1, 4, 1, 3, 4, 2, 1, 4, 2, 4, 4, 1, 1, 3, 1, 1, 1, 3, 1, 4, 1, 3, 3, 3, 2, 3, 3, 4, 2, 1, 2, 1, 4, 4, 1, 4, 3, 2, 2, 1, 2, 3, 2, 2, 2] [7, 6, 6, 6, 7, 5, 4, 3, 8, 5, 6, 8, 7, 7, 5, 5, 7, 5, 7, 8, 5, 5, 4, 6, 5, 4, 6, 6, 3, 8, 6, 4, 6, 4, 6, 4, 6, 5, 7, 8, 6, 5, 8, 6, 7, 6, 5, 5, 7, 5, 5, 4, 7, 4, 7, 3, 6, 5, 7, 5, 5, 7, 8, 5, 3, 5, 3, 6, 7, 5, 7, 6, 5, 5, 5, 6, 6, 4, 5, 4]
A_22 45.459999999999994 A 22 [3, 1, 4, 4, 4, 3, 1, 1, 1, 4, 3, 1, 3, 2, 3, 1, 3, 4, 2, 1, 1, 2, 1, 2, 1, 1, 2, 2, 3, 1, 3, 2, 4, 2, 3, 3, 1, 2, 1, 1, 4, 2, 3, 1, 3, 2, 3, 2, 3, 3, 3, 1, 4, 2, 4, 4, 4, 1, 1, 2, 3, 2, 3, 1, 2, 3, 2, 1, 4, 1, 4, 3, 2, 4, 4, 2, 1, 1, 1, 3] [6, 4, 6, 7, 6, 7, 3, 3, 5, 6, 6, 5, 5, 4, 5, 3, 7, 7, 5, 5, 3, 4, 4, 4, 5, 3, 4, 6, 5, 4, 6, 6, 8, 4, 5, 5, 5, 4, 5, 3, 6, 5, 7, 3, 5, 6, 5, 5, 6, 7, 7, 5, 6, 4, 8, 8, 6, 3, 5, 5, 7, 4, 7, 4, 4, 7, 5, 4, 6, 4, 7, 6, 5, 7, 8, 4, 5, 4, 5, 5]
A_23 48.769999999999996 A 23 [2, 4, 2, 3, 3, 3, 3, 4, 2, 4, 2, 4, 4, 3, 1, 1, 4, 3, 4, 2, 1, 3, 2, 3, 1, 1, 3, 3, 1, 2, 3, 3, 4, 4, 2, 1, 3, 4, 3, 3, 2, 3, 2, 1, 2, 3, 3, 4, 1, 1, 1, 4, 3, 4, 4, 2, 3, 1, 1, 3, 4, 3, 4, 2, 4, 4, 1, 3, 4, 2, 2, 1, 1, 1, 2, 1, 4, 1, 4, 4] [5, 7, 6, 5, 5, 7, 6, 6, 6, 6, 5, 7, 8, 5, 5, 3, 7, 5, 6, 4, 4, 6, 4, 5, 3, 3, 6, 6, 3, 5, 5, 6, 8, 7, 5, 3, 5, 7, 6, 7, 5, 7, 4, 5, 6, 7, 6, 6, 3, 3, 5, 8, 5, 8, 7, 6, 5, 4, 5, 6, 7, 5, 8, 4, 7, 8, 5, 5, 7, 6, 6, 4, 3, 5, 5, 3, 8, 4, 8, 8]
A_24 50.019999999999996 A 24 [1, 2, 2, 4, 3, 1, 2, 1, 3, 1, 1, 1, 1, 2, 4, 2, 4, 1, 1, 2, 2, 2, 1, 1, 2, 2, 4, 4, 3, 2, 4, 3, 2, 1, 3, 3, 4, 4, 4, 2, 2, 3, 3, 3, 2, 2, 3, 1, 3, 3, 2, 4, 2, 2, 3, 4, 4, 2, 4, 3, 1, 4, 4, 2, 1, 1, 4, 1, 1, 3, 2, 2, 4, 1, 3, 3, 3, 4, 1, 1] [3, 5, 4, 7, 7, 4, 6, 5, 6, 5, 4, 3, 3, 5, 6, 6, 8, 3, 3, 6, 4, 5, 5, 3, 4, 4, 8, 8, 7, 5, 8, 7, 5, 5, 7, 5, 8, 8, 7, 5, 5, 7, 5, 7, 5, 6, 7, 5, 6, 5, 6, 6, 6, 6, 6, 7, 7, 5, 7, 7, 4, 6, 6, 4, 5, 4, 6, 4, 3, 6, 5, 5, 7, 4, 6, 7, 7, 7, 5, 3]
A_25 51.419999999999995 A 25 [2, 2, 3, 1, 2, 4, 2, 1, 3, 2, 3, 3, 2, 1, 4, 2, 1, 1, 3, 3, 4, 1, 1, 1, 2, 1, 2, 4, 1, 2, 2, 1, 4, 2, 1, 2, 2, 2, 3, 4, 2, 1, 3, 1, 3, 2, 1, 4, 2, 4, 3, 4, 3, 1, 1, 2, 2, 3, 4, 1, 4, 2, 2, 4, 3, 1, 4, 1, 1, 3, 4, 4, 2, 4, 1, 3, 1, 4, 1, 2] [4, 5, 6, 5, 5, 7, 5, 5, 5, 6, 5, 6, 6, 4, 6, 5, 3, 3, 6, 7, 7, 4, 3, 3, 4, 4, 5, 6, 3, 6, 4, 4, 7, 5, 4, 6, 4, 6, 6, 8, 6, 3, 6, 4, 5, 4, 4, 7, 4, 7, 7, 8, 5, 5, 5, 5, 4, 5, 7, 5, 8, 4, 5, 6, 5, 5, 8, 4, 3, 6, 6, 8, 5, 6, 3, 6, 5, 7, 3, 5]
A_26 52.419999999999995 A 26 [1, 3, 3, 3, 2, 4, 2, 2, 2, 3, 3, 4, 3, 3, 3, 3, 2, 3, 4, 4, 3, 2, 2, 3, 4, 2, 2, 2, 3, 3, 1, 4, 1, 4, 2, 3, 2, 2, 2, 3, 4, 1, 3, 1, 2, 2, 2, 4, 3, 3, 4, 3, 3, 4, 3, 1, 1, 1, 1, 3, 4, 2, 3, 2, 4, 1, 2, 3, 1, 1, 1, 1, 2, 1, 2, 2, 4, 3, 1, 2] [3, 6, 7, 5, 4, 8, 5, 5, 5, 6, 7, 6, 7, 6, 6, 6, 5, 7, 7, 6, 6, 6, 4, 6, 8, 5, 4, 4, 6, 5, 5, 7, 3, 8, 4, 7, 4, 4, 6, 7, 6, 4, 7, 5, 6, 6, 5, 7, 6, 5, 8, 5, 6, 7, 6, 5, 5, 4, 4, 6, 8, 6, 6, 6, 8, 5, 6, 5, 3, 4, 4, 4, 4, 5, 4, 4, 8, 5, 3, 5]
A_27 53.419999999999995 A 27 [1, 1, 1, 3, 2, 2, 1, 1, 4, 3, 3, 1, 3, 4, 3, 2, 2, 2, 2, 4, 3, 3, 2, 3, 4, 4, 2, 3, 2, 1, 3, 4, 1, 3, 4, 4, 4, 1, 4, 4, 4, 4, 4, 3, 1, 2, 3, 2, 3, 1, 4, 2, 4, 4, 1, 3, 4, 2, 1, 4, 4, 4, 1, 3, 4, 1, 3, 4, 3, 4, 3, 2, 4, 1, 4, 2, 3, 3, 2, 3] [4, 3, 3, 7, 5, 6, 5, 3, 6, 7, 7, 3, 6, 7, 7, 4, 5, 6, 6, 6, 5, 6, 6, 6, 8, 6, 4, 6, 6, 4, 7, 8, 5, 6, 8, 7, 7, 5, 8, 6, 7, 8, 6, 7, 3, 4, 7, 4, 7, 4, 7, 5, 8, 6, 3, 6, 6, 4, 3, 8, 8, 8, 4, 5, 8, 3, 6, 6, 6, 6, 6, 5, 8, 4, 6, 5, 5, 5, 4, 5]
A_28 60.959999999999994 A 28 [2, 1, 3, 4, 1, 2, 1, 4, 3, 1, 2, 2, 4, 3, 1, 3, 3, 1, 1, 2, 2, 1, 3, 1, 3, 1, 3, 2, 3, 2, 2, 4, 1, 3, 4, 3, 4, 4, 4, 3, 4, 1, 2, 4, 2, 2, 2, 1, 3, 4, 4, 4, 2, 3, 1, 3, 4, 1, 2, 3, 2, 2, 2, 2, 3, 2, 3, 2, 2, 1, 4, 1, 2, 3, 3, 2, 3, 1, 1, 1] [5, 4, 7, 8, 5, 4, 5, 8, 6, 5, 6, 5, 8, 7, 4, 5, 5, 3, 3, 4, 4, 3, 5, 3, 7, 3, 6, 6, 5, 4, 5, 6, 5, 7, 8, 7, 8, 8, 7, 6, 7, 4, 6, 8, 4, 4, 6, 5, 6, 6, 6, 6, 5, 5, 5, 7, 6, 3, 6, 5, 5, 5, 5, 5, 5, 5, 6, 5, 4, 3, 6, 5, 5, 5, 7, 5, 7, 4, 5, 4]
A_29 61.959999999999994 A 29 [1, 3, 2, 4, 2, 4, 2, 3, 4, 4, 3, 3, 1, 4, 1, 3, 4, 1, 3, 1, 3, 4, 1, 2, 2, 2, 3, 1, 2, 4, 1, 2, 3, 4, 4, 1, 4, 1, 3, 3, 3, 2, 1, 2, 4, 3, 3, 1, 4, 2, 3, 2, 3, 2, 3, 2, 4, 2, 3, 4, 2, 4, 4, 2, 3, 4, 1, 1, 1, 4, 1, 1, 4, 2, 1, 4, 3, 2, 4, 2] [4, 5, 5, 6, 6, 6, 4, 5, 8, 8, 7, 7, 3, 8, 4, 7, 7, 5, 7, 3, 5, 8, 4, 5, 5, 6, 5, 4, 4, 8, 5, 6, 6, 6, 7, 3, 6, 3, 7, 6, 5, 6, 3, 4, 6, 6, 5, 3, 7, 6, 6, 6, 6, 5, 6, 6, 8, 6, 5, 8, 6, 7, 8, 5, 6, 7, 3, 5, 4, 6, 3, 5, 8, 4, 3, 6, 5, 5, 6, 6]
A_30 67.25999999999999 A 30 [4, 2, 3, 4, 3, 1, 1, 1, 2, 2, 1, 4, 3, 2, 1, 2, 4, 1, 3, 2, 3, 4, 3, 3, 4, 2, 1, 3, 2, 1, 2, 3, 1, 3, 4, 4, 2, 3, 2, 3, 4, 4, 4, 2, 3, 3, 1, 2, 4, 4, 4, 2, 2, 3, 4, 1, 2, 1, 4, 2, 2, 2, 4, 1, 3, 1, 2, 4, 3, 3, 4, 1, 4, 4, 1, 3, 3, 1, 3, 2] [8, 6, 7, 6, 7, 3, 4, 3, 5, 6, 4, 8, 5, 5, 4, 6, 8, 3, 7, 6, 7, 6, 6, 5, 8, 4, 5, 7, 5, 5, 6, 5, 5, 5, 6, 7, 5, 7, 6, 5, 6, 8, 8, 5, 5, 7, 3, 5, 8, 8, 8, 4, 6, 6, 8, 4, 4, 5, 8, 6, 6, 4, 7, 5, 7, 3, 4, 6, 7, 6, 7, 4, 6, 6, 4, 7, 6, 4, 7, 6]
A_31 72.24 A 31 [1, 2, 3, 4, 1, 4, 4, 4, 2, 1, 3, 2, 1, 4, 3, 2, 3, 2, 1, 1, 4, 2, 2, 3, 3, 1, 4, 4, 4, 2, 3, 1, 2, 4, 1, 2, 3, 3, 2, 1, 3, 2, 2, 3, 2, 2, 3, 3, 1, 2, 1, 3, 4, 1, 1, 4, 2, 2, 2, 4, 2, 4, 4, 2, 2, 4, 1, 3, 3, 1, 1, 1, 1, 2, 2, 4, 3, 4, 4, 2] [4, 4, 7, 8, 3, 7, 8, 7, 6, 3, 6, 4, 3, 6, 6, 4, 6, 5, 4, 3, 7, 4, 6, 6, 7, 4, 7, 8, 6, 6, 5, 3, 5, 6, 4, 6, 5, 7, 6, 4, 7, 4, 6, 6, 6, 6, 6, 5, 3, 5, 5, 5, 6, 5, 4, 6, 5, 5, 5, 6, 6, 8, 6, 4, 4, 7, 3, 6, 6, 4, 3, 5, 5, 4, 5, 6, 5, 8, 7, 5]
A_32 77.06 A 32 [3, 1, 4, 3, 4, 4, 3, 4, 2, 3, 3, 1, 1, 3, 2, 3, 3, 2, 4, 1, 1, 4, 4, 4, 2, 4, 1, 1, 1, 3, 1, 2, 1, 1, 2, 1, 3, 2, 1, 2, 4, 3, 4, 1, 3, 3, 2, 1, 4, 3, 3, 2, 4, 4, 2, 3, 3, 4, 4, 2, 3, 3, 3, 2, 1, 2, 1, 4, 1, 4, 4, 1, 1, 1, 3, 2, 1, 1, 3, 3] [5, 5, 8, 5, 7, 8, 7, 8, 6, 5, 6, 3, 5, 7, 6, 5, 6, 6, 6, 3, 3, 6, 8, 8, 5, 7, 3, 5, 5, 6, 5, 5, 5, 3, 6, 4, 6, 4, 3, 4, 8, 7, 7, 4, 6, 6, 4, 4, 6, 7, 5, 6, 7, 8, 6, 5, 6, 8, 6, 6, 6, 7, 6, 6, 5, 4, 4, 6, 4, 8, 6, 5, 4, 3, 6, 4, 3, 3, 5, 6]
A_33 80.83 A 33 [1, 1, 4, 4, 2, 1, 2, 3, 2, 2, 1, 1, 3, 4, 4, 2, 2, 1, 1, 2, 1, 1, 2, 4, 1, 2, 4, 3, 3, 4, 3, 4, 1, 4, 4, 1, 3, 4, 1, 4, 3, 1, 4, 2, 4, 4, 3, 3, 3, 3, 2, 2, 4, 3, 3, 3, 4, 1, 4, 4, 3, 3, 2, 4, 2, 2, 4, 2, 4, 3, 3, 4, 4, 3, 2, 4, 2, 4, 3, 3] [4, 3, 6, 6, 6, 3, 5, 6, 4, 6, 4, 5, 5, 7, 7, 6, 6, 4, 5, 4, 3, 4, 4, 7, 5, 5, 8, 6, 7, 6, 5, 6, 3, 6, 6, 3, 5, 7, 5, 6, 6, 3, 6, 4, 8, 6, 7, 7, 5, 7, 4, 5, 6, 6, 6, 7, 7, 3, 7, 7, 5, 6, 4, 7, 6, 6, 8, 6, 6, 7, 5, 6, 6, 5, 5, 6, 4, 6, 7, 6]
A_34 86.11 A 34 [3, 4, 4, 4, 1, 2, 2, 2, 4, 1, 2, 2, 2, 1, 4, 4, 4, 1, 2, 4, 4, 3, 3, 2, 3, 1, 2, 4, 4, 4, 4, 1, 2, 4, 4, 2, 4, 1, 2, 3, 3, 3, 4, 2, 3, 1, 1, 1, 1, 2, 2, 4, 3, 1, 1, 3, 1, 2, 4, 3, 1, 4, 4, 4, 3, 4, 1, 1, 2, 3, 3, 3, 4, 4, 2, 3, 3, 2, 2, 1] [6, 8, 8, 6, 3, 4, 4, 4, 6, 4, 6, 5, 4, 3, 6, 7, 8, 4, 6, 7, 7, 6, 5, 5, 7, 4, 4, 8, 8, 7, 6, 4, 6, 6, 8, 4, 7, 3, 6, 5, 7, 5, 8, 6, 5, 5, 5, 4, 5, 6, 6, 7, 5, 3, 5, 7, 5, 5, 6, 5, 5, 8, 8, 6, 7, 8, 3, 5, 5, 6, 6, 7, 8, 8, 5, 5, 7, 6, 4, 5]
A_35 89.23 A 35 [4, 4, 1, 4, 3, 2, 2, 4, 2, 3, 4, 4, 1, 3, 3, 3, 1, 3, 4, 1, 2, 1, 3, 1, 3, 2, 3, 4, 3, 1, 4, 2, 1, 1, 2, 1, 4, 4, 3, 1, 3, 2, 4, 4, 2, 4, 3, 3, 2, 4, 1, 3, 1, 4, 3, 4, 4, 2, 2, 1, 4, 4, 2, 1, 3, 2, 2, 1, 2, 3, 3, 4, 3, 1, 1, 1, 2, 2, 1, 2] [8, 6, 5, 6, 6, 5, 6, 6, 4, 5, 8, 8, 4, 5, 6, 6, 4, 5, 7, 5, 6, 4, 5, 3, 5, 6, 7, 7, 7, 3, 7, 6, 4, 3, 4, 5, 7, 8, 5, 4, 5, 4, 6, 7, 6, 6, 6, 7, 6, 6, 5, 5, 4, 7, 7, 6, 7, 4, 4, 4, 8, 6, 6, 4, 5, 5, 4, 3, 4, 7, 5, 8, 7, 4, 5, 5, 6, 5, 4, 5]
A_36 92.79 A 36 [1, 1, 1, 1, 3, 3, 2, 3, 3, 2, 3, 4, 2, 4, 3, 3, 4, 1, 3, 1, 4, 4, 1, 3, 4, 2, 2, 4, 4, 4, 2, 3, 3, 3, 4, 4, 4, 1, 2, 1, 1, 1, 3, 4, 4, 1, 3, 4, 1, 4, 3, 1, 2, 1, 1, 1, 1, 1, 4, 1, 3, 2, 2, 3, 1, 4, 4, 2, 4, 2, 2, 1, 3, 2, 4, 3, 3, 4, 4, 2] [5, 5, 5, 5, 6, 6, 4, 6, 5, 5, 7, 7, 6, 8, 5, 5, 8, 4, 6, 5, 7, 6, 5, 5, 8, 4, 4, 7, 8, 6, 5, 5, 6, 5, 7, 7, 7, 3, 6, 5, 3, 4, 5, 7, 6, 5, 5, 8, 3, 7, 5, 4, 6, 5, 3, 5, 5, 5, 8, 3, 6, 5, 6, 7, 5, 8, 6, 5, 6, 5, 4, 5, 6, 6, 8, 6, 5, 8, 7, 4]
A_37 94.2 A 37 [4, 1, 3, 4, 1, 4, 3, 1, 2, 2, 1, 3, 4, 3, 4, 2, 3, 4, 2, 4, 3, 1, 2, 4, 4, 2, 2, 1, 4, 1, 3, 3, 2, 4, 1, 4, 1, 3, 3, 2, 1, 2, 3, 1, 1, 4, 3, 3, 2, 4, 2, 1, 3, 1, 2, 2, 1, 4, 2, 2, 3, 1, 3, 2, 1, 2, 4, 2, 2, 2, 4, 3, 4, 4, 1, 2, 2, 3, 3, 2] [6, 5, 5, 6, 3, 7, 7, 4, 5, 5, 5, 5, 7, 5, 8, 5, 7, 6, 4, 8, 6, 5, 4, 7, 8, 6, 4, 5, 8, 3, 7, 7, 4, 7, 3, 8, 3, 6, 7, 6, 5, 5, 7, 5, 3, 7, 7, 5, 4, 8, 5, 4, 7, 5, 4, 6, 5, 6, 4, 6, 7, 3, 7, 5, 5, 4, 8, 6, 5, 5, 7, 7, 8, 8, 4, 5, 6, 7, 7, 4]
A_38 96.82000000000001 A 38 [3, 4, 1, 4, 3, 3, 3, 2, 1, 2, 2, 4, 1, 2, 3, 2, 4, 4, 2, 1, 2, 3, 1, 3, 4, 3, 2, 4, 4, 3, 2, 2, 1, 1, 2, 3, 2, 3, 1, 4, 4, 1, 2, 3, 3, 3, 4, 4, 2, 3, 4, 2, 2, 4, 2, 3, 4, 4, 1, 3, 2, 1, 1, 1, 4, 4, 4, 1, 4, 3, 1, 2, 2, 2, 3, 3, 2, 2, 4, 3] [7, 7, 3, 6, 6, 5, 6, 4, 5, 5, 4, 7, 4, 5, 6, 5, 6, 8, 6, 3, 4, 7, 5, 6, 7, 6, 6, 8, 7, 7, 6, 6, 3, 5, 6, 5, 6, 7, 5, 8, 6, 5, 5, 6, 7, 5, 8, 8, 5, 7, 6, 5, 4, 6, 6, 5, 8, 8, 4, 5, 6, 5, 3, 5, 7, 8, 6, 4, 8, 6, 5, 5, 6, 6, 5, 6, 6, 5, 6, 7]
A_39 103.9 A 39 [4, 3, 4, 3, 4, 1, 1, 4, 4, 3, 2, 3, 4, 2, 3, 1, 4, 4, 2, 1, 3, 4, 1, 3, 2, 4, 3, 4, 3, 3, 3, 1, 2, 4, 3, 1, 1, 2, 4, 3, 3, 4, 1, 3, 2, 1, 4, 4, 4, 3, 1, 1, 3, 3, 3, 1, 3, 3, 4, 1, 2, 3, 3, 2, 2, 4, 4, 3, 2, 4, 2, 3, 1, 2, 2, 3, 4, 3, 2, 1] [8, 6, 8, 6, 7, 5, 3, 8, 7, 7, 5, 6, 8, 6, 7, 5, 8, 8, 4, 4, 7, 8, 3, 7, 5, 8, 7, 6, 6, 6, 5, 4, 4, 6, 5, 4, 5, 6, 8, 5, 5, 6, 3, 6, 5, 3, 7, 7, 7, 5, 3, 5, 7, 5, 7, 3, 7, 7, 6, 3, 4, 6, 6, 6, 6, 7, 6, 6, 5, 8, 5, 7, 3, 5, 5, 5, 6, 5, 6, 5]
B_0 1 B 40 [4, 1, 1, 1, 2, 2, 1, 1, 4, 4, 2, 4, 1, 4, 1, 2, 4, 4, 2, 2, 4, 2, 4, 2, 2, 2, 4, 4, 4, 3, 4, 3, 4, 3, 3, 3, 1, 1, 4, 3, 3, 4, 1, 2, 3, 2, 4, 1, 2, 1, 1, 2, 1, 3, 3, 3, 4, 1, 2, 4, 2, 4, 4, 1, 2, 2, 3, 4, 2, 1, 4, 3, 2, 2, 1, 3, 4, 3, 2, 1] [7, 5, 3, 3, 5, 4, 4, 4, 6, 7, 5, 8, 3, 6, 5, 6, 8, 6, 5, 4, 8, 6, 6, 5, 5, 6, 6, 7, 7, 5, 6, 7, 8, 6, 7, 5, 3, 5, 6, 5, 5, 8, 3, 4, 5, 5, 7, 5, 4, 4, 4, 5, 4, 6, 5, 5, 7, 4, 6, 6, 6, 8, 6, 5, 4, 4, 7, 7, 4, 3, 8, 7, 4, 4, 4, 7, 8, 6, 4, 5]
B_1 3.92 B 41 [2, 2, 4, 3, 1, 4, 2, 4, 2, 3, 4, 1, 2, 2, 2, 1, 2, 2, 4, 1, 4, 1, 2, 3, 3, 1, 1, 4, 1, 2, 4, 2, 3, 1, 3, 2, 1, 2, 1, 4, 4, 3, 3, 1, 3, 4, 2, 3, 1, 3, 4, 1, 3, 2, 1, 4, 4, 3, 4, 1, 3, 3, 4, 1, 4, 1, 3, 3, 1, 4, 3, 2, 1, 1, 2, 3, 4, 4, 4, 3] [4, 4, 7, 7, 3, 6, 4, 6, 5, 5, 6, 4, 6, 6, 5, 3, 5, 6, 7, 5, 8, 5, 5, 7, 7, 3, 4, 8, 4, 6, 8, 4, 7, 3, 5, 4, 4, 5, 5, 6, 8, 5, 7, 3, 6, 6, 5, 7, 5, 6, 8, 3, 7, 4, 5, 6, 6, 6, 6, 4, 6, 7, 7, 5, 7, 3, 7, 6, 4, 6, 7, 5, 5, 5, 6, 7, 8, 8, 6, 7]
B_2 6.63 B 42 [4, 4, 1, 2, 3, 1, 4, 4, 4, 2, 2, 4, 3, 1, 1, 4, 1, 2, 4, 3, 2, 4, 3, 2, 3, 3, 3, 4, 2, 1, 4, 2, 4, 4, 4, 4, 3, 3, 2, 1, 1, 3, 2, 3, 3, 1, 3, 3, 4, 4, 1, 3, 3, 1, 2, 4, 1, 2, 2, 2, 3, 2, 3, 4, 3, 4, 4, 2, 3, 2, 2, 3, 3, 3, 1, 2, 2, 2, 1, 2] [8, 6, 5, 5, 7, 3, 7, 7, 6, 4, 4, 8, 7, 5, 4, 7, 5, 6, 8, 7, 4, 8, 7, 4, 5, 6, 7, 6, 6, 3, 8, 6, 7, 6, 8, 6, 5, 7, 5, 3, 3, 7, 5, 6, 7, 3, 6, 5, 8, 6, 4, 5, 6, 3, 6, 8, 4, 5, 5, 4, 5, 4, 7, 7, 7, 7, 7, 6, 7, 5, 5, 6, 6, 7, 5, 4, 6, 4, 3, 4]
B_3 7.79 B 43 [1, 2, 4, 2, 3, 3, 3, 3, 1, 1, 3, 4, 2, 4, 3, 3, 2, 3, 4, 3, 2, 2, 1, 1, 3, 1, 1, 3, 4, 2, 2, 3, 1, 2, 2, 4, 4, 1, 3, 3, 2, 1, 3, 1, 3, 2, 3, 4, 3, 4, 3, 4, 4, 1, 2, 1, 3, 4, 1, 2, 3, 3, 4, 2, 4, 4, 3, 4, 3, 2, 1, 3, 1, 2, 2, 3, 1, 2, 1, 2] [4, 6, 6, 6, 5, 6, 6, 6, 3, 3, 6, 7, 5, 7, 6, 5, 6, 5, 8, 5, 5, 6, 3, 5, 7, 4, 5, 7, 8, 4, 5, 6, 4, 4, 6, 7, 7, 5, 6, 6, 4, 3, 6, 5, 6, 4, 6, 7, 7, 6, 5, 6, 6, 4, 4, 4, 5, 6, 3, 6, 6, 7, 6, 5, 8, 7, 5, 6, 5, 6, 3, 5, 4, 4, 4, 7, 4, 4, 5, 6]
B_4 8.79 B 44 [4, 4, 1, 1, 3, 3, 3, 4, 4, 3, 4, 2, 2, 2, 2, 1, 4, 2, 2, 2, 3, 4, 3, 2, 2, 3, 2, 1, 2, 4, 3, 2, 3, 4, 3, 2, 4, 1, 3, 2, 3, 3, 3, 3, 1, 2, 2, 3, 1, 1, 2, 3, 1, 2, 3, 2, 1, 4, 4, 4, 1, 3, 3, 3, 2, 3, 2, 3, 1, 2, 1, 1, 4, 3, 2, 3, 1, 2, 3, 4] [7, 7, 5, 3, 5, 6, 5, 8, 6, 7, 6, 5, 4, 5, 6, 4, 7, 5, 6, 4, 7, 7, 5, 6, 5, 5, 6, 3, 4, 6, 5, 6, 6, 8, 5, 6, 6, 3, 7, 5, 5, 6, 7, 6, 5, 5, 6, 6, 5, 4, 6, 5, 3, 5, 7, 5, 5, 8, 8, 8, 3, 7, 6, 7, 5, 5, 6, 6, 5, 4, 5, 5, 6, 5, 5, 7, 3, 4, 5, 8]
B_5 12.919999999999998 B 45 [1, 4, 3, 1, 2, 2, 3, 4, 2, 1, 4, 3, 4, 4, 4, 1, 1, 3, 2, 4, 1, 4, 2, 3, 2, 2, 2, 2, 2, 3, 3, 2, 3, 4, 1, 4, 1, 4, 3, 1, 2, 4, 1, 2, 2, 4, 1, 1, 4, 3, 4, 1, 4, 3, 2, 2, 1, 1, 4, 2, 4, 1, 2, 3, 1, 1, 1, 4, 1, 3, 2, 3, 4, 1, 4, 3, 3, 4, 1, 2] [3, 6, 6, 3, 6, 4, 6, 7, 4, 4, 6, 6, 6, 6, 6, 3, 4, 7, 6, 6, 5, 6, 6, 7, 6, 4, 6, 4, 4, 6, 7, 6, 6, 6, 5, 6, 5, 7, 5, 3, 5, 6, 3, 4, 5, 8, 5, 5, 6, 6, 7, 4, 6, 7, 6, 4, 3, 4, 8, 6, 7, 4, 4, 7, 5, 4, 5, 8, 3, 7, 5, 5, 7, 4, 6, 6, 7, 7, 3, 6]
B_6 13.919999999999998 B 46 [4, 4, 4, 1, 2, 4, 1, 1, 1, 2, 3, 2, 3, 1, 2, 3, 2, 1, 4, 4, 1, 1, 3, 3, 3, 1, 2, 3, 2, 3, 1, 3, 2, 3, 1, 3, 3, 3, 4, 4, 4, 2, 3, 3, 2, 1, 1, 2, 2, 4, 3, 2, 1, 3, 2, 1, 3, 1, 4, 3, 2, 2, 2, 2, 4, 4, 1, 2, 3, 4, 3, 2, 4, 2, 1, 4, 4, 4, 4, 4] [6, 7, 8, 3, 5, 7, 4, 3, 4, 4, 5, 6, 6, 4, 5, 7, 6, 3, 6, 6, 4, 5, 5, 6, 7, 4, 5, 7, 6, 5, 3, 6, 4, 7, 5, 6, 5, 7, 8, 7, 7, 5, 6, 6, 6, 5, 3, 5, 5, 8, 7, 6, 4, 5, 4, 4, 5, 5, 7, 5, 4, 4, 6, 6, 8, 6, 4, 5, 7, 6, 6, 4, 6, 4, 5, 7, 7, 6, 6, 7]
B_7 16.02 B 47 [3, 2, 2, 1, 4, 1, 1, 4, 3, 4, 2, 2, 1, 3, 1, 1, 3, 1, 4, 1, 4, 1, 2, 4, 1, 4, 4, 2, 1, 1, 2, 3, 1, 3, 1, 3, 4, 3, 4, 4, 1, 3, 3, 4, 3, 1, 2, 4, 3, 4, 2, 4, 3, 4, 2, 4, 4, 1, 3, 2, 3, 1, 4, 2, 1, 4, 3, 3, 2, 1, 4, 3, 1, 1, 1, 3, 2, 3, 1, 2] [5, 5, 5, 3, 7, 4, 3, 7, 6, 6, 6, 6, 5, 7, 5, 4, 7, 3, 7, 3, 8, 5, 5, 6, 5, 7, 7, 4, 5, 3, 5, 5, 4, 7, 4, 7, 8, 5, 8, 7, 5, 7, 5, 7, 6, 5, 5, 6, 6, 6, 5, 6, 6, 8, 6, 7, 7, 5, 6, 5, 7, 5, 6, 5, 3, 6, 7, 5, 6, 5, 7, 7, 3, 3, 5, 6, 5, 6, 3, 4]
B_8 19.89 B 48 [3, 2, 1, 1, 4, 1, 4, 1, 1, 2, 3, 4, 1, 3, 3, 4, 4, 3, 4, 3, 1, 3, 3, 1, 3, 2, 3, 3, 3, 4, 4, 1, 4, 3, 1, 2, 1, 2, 2, 4, 2, 1, 4, 3, 1, 4, 2, 3, 3, 2, 2, 1, 4, 3, 4, 1, 4, 3, 4, 3, 4, 3, 2, 2, 2, 1, 2, 4, 3, 2, 4, 2, 1, 4, 2, 3, 1, 3, 1, 3] [7, 5, 5, 4, 8, 5, 7, 3, 3, 5, 7, 7, 5, 7, 5, 8, 8, 7, 7, 7, 5, 7, 6, 3, 6, 4, 6, 7, 6, 7, 8, 3, 6, 5, 5, 6, 3, 4, 5, 7, 4, 5, 8, 7, 5, 6, 5, 6, 5, 4, 5, 4, 6, 6, 6, 3, 7, 5, 8, 7, 6, 5, 5, 6, 4, 5, 4, 7, 5, 5, 7, 4, 5, 7, 6, 7, 5, 6, 5, 5]
B_9 20.89 B 49 [3, 2, 2, 1, 2, 2, 1, 3, 4, 4, 3, 3, 3, 1, 4, 1, 2, 4, 3, 3, 2, 1, 3, 1, 3, 4, 3, 1, 4, 2, 4, 2, 3, 3, 2, 4, 4, 4, 3, 3, 1, 3, 4, 4, 1, 3, 4, 4, 2, 2, 3, 2, 4, 4, 2, 4, 1, 2, 3, 1, 1, 1, 2, 1, 2, 4, 4, 2, 3, 1, 4, 2, 3, 1, 4, 3, 1, 3, 2, 3] [7, 6, 5, 4, 4, 5, 5, 7, 6, 6, 5, 7, 7, 3, 8, 4, 5, 7, 7, 7, 5, 5, 7, 3, 5, 7, 5, 4, 6, 6, 8, 5, 7, 7, 6, 6, 7, 8, 7, 5, 4, 6, 6, 6, 4, 6, 8, 6, 4, 4, 6, 6, 6, 6, 5, 8, 3, 5, 6, 4, 5, 4, 6, 4, 6, 8, 8, 4, 5, 3, 7, 6, 6, 5, 7, 6, 3, 7, 5, 5]
B_10 21.89 B 50 [4, 2, 2, 2, 2, 1, 4, 2, 4, 2, 4, 2, 3, 3, 1, 3, 3, 1, 1, 2, 3, 1, 3, 1, 2, 3, 4, 4, 4, 3, 4, 1, 3, 2, 2, 1, 3, 2, 4, 1, 1, 4, 1, 3, 2, 4, 3, 2, 2, 3, 1, 3, 4, 4, 4, 3, 4, 4, 4, 1, 3, 4, 2, 3, 1, 1, 4, 4, 4, 4, 3, 4, 2, 3, 1, 3, 3, 3, 2, 2] [8, 5, 6, 4, 4, 4, 8, 4, 8, 5, 7, 6, 7, 7, 4, 6, 5, 4, 3, 6, 5, 5, 7, 5, 6, 7, 8, 7, 6, 6, 8, 5, 5, 4, 6, 5, 5, 5, 6, 3, 4, 8, 4, 5, 6, 7, 7, 5, 5, 6, 3, 7, 7, 8, 6, 6, 8, 8, 6, 4, 7, 6, 5, 6, 4, 4, 8, 7, 8, 8, 7, 7, 5, 5, 3, 7, 5, 7, 6, 6]
B_11 22.89 B 51 [3, 2, 3, 1, 3, 2, 2, 3, 1, 3, 1, 1, 2, 3, 3, 2, 4, 1, 1, 2, 3, 1, 1, 4, 4, 4, 3, 2, 4, 2, 2, 3, 2, 2, 4, 3, 1, 1, 2, 1, 2, 1, 3, 4, 3, 1, 2, 4, 1, 2, 3, 3, 3, 1, 1, 1, 3, 1, 2, 3, 2, 2, 2, 3, 2, 1, 3, 2, 2, 3, 2, 1, 3, 2, 3, 4, 3, 2, 1, 2] [5, 6, 6, 5, 6, 4, 4, 5, 3, 7, 3, 5, 6, 7, 5, 6, 7, 5, 3, 6, 5, 4, 5, 8, 6, 8, 5, 5, 6, 6, 4, 5, 6, 5, 7, 5, 4, 4, 5, 5, 5, 3, 5, 6, 5, 4, 6, 6, 4, 6, 7, 5, 6, 3, 5, 3, 5, 3, 5, 5, 5, 5, 5, 7, 4, 3, 6, 6, 5, 7, 4, 3, 5, 4, 5, 8, 5, 4, 5, 4]
B_12 23.89 B 52 [3, 2, 3, 2, 4, 3, 1, 1, 3, 3, 1, 1, 1, 4, 3, 4, 4, 4, 3, 2, 4, 3, 4, 3, 2, 3, 3, 4, 2, 3, 2, 4, 4, 4, 3, 1, 2, 3, 2, 3, 1, 3, 3, 4, 1, 4, 1, 3, 4, 4, 4, 3, 1, 1, 3, 1, 1, 2, 3, 2, 3, 3, 1, 2, 3, 4, 4, 4, 4, 2, 2, 2, 3, 1, 2, 1, 3, 4, 1, 2] [5, 4, 7, 6, 7, 5, 4, 4, 7, 7, 5, 5, 3, 7, 5, 7, 6, 6, 7, 6, 6, 7, 6, 5, 6, 5, 6, 8, 5, 6, 6, 6, 7, 6, 5, 4, 6, 7, 4, 7, 4, 7, 6, 6, 3, 6, 4, 6, 6, 6, 7, 6, 5, 3, 5, 5, 4, 5, 6, 6, 7, 6, 4, 6, 5, 6, 8, 7, 7, 5, 4, 5, 6, 4, 6, 3, 6, 8, 4, 5]
B_13 29.26 B 53 [1, 2, 3, 3, 4, 1, 3, 4, 3, 2, 3, 3, 2, 2, 1, 2, 2, 1, 4, 1, 2, 1, 2, 4, 2, 1, 4, 4, 3, 2, 3, 1, 4, 3, 1, 4, 1, 1, 4, 3, 3, 2, 1, 1, 2, 3, 3, 4, 3, 4, 4, 1, 1, 2, 2, 2, 4, 3, 2, 3, 2, 2, 4, 2, 4, 2, 3, 3, 3, 1, 4, 4, 2, 1, 1, 1, 1, 3, 3, 1] [5, 5, 7, 7, 7, 3, 7, 6, 6, 4, 5, 7, 5, 6, 5, 6, 5, 5, 8, 4, 5, 4, 4, 8, 6, 5, 7, 6, 5, 5, 6, 5, 8, 6, 3, 7, 5, 5, 6, 5, 6, 4, 3, 4, 5, 7, 5, 8, 6, 6, 8, 3, 3, 5, 4, 6, 8, 6, 5, 6, 5, 6, 8, 5, 7, 6, 7, 7, 6, 4, 8, 6, 5, 5, 5, 4, 5, 6, 7, 3]
B_14 31.840000000000003 B 54 [3, 4, 3, 3, 3, 2, 3, 4, 1, 4, 2, 3, 2, 2, 4, 3, 1, 3, 3, 2, 1, 4, 4, 4, 3, 1, 3, 1, 1, 3, 4, 1, 2, 3, 1, 3, 1, 2, 2, 3, 3, 1, 2, 2, 3, 2, 2, 2, 4, 2, 4, 1, 3, 2, 1, 3, 1, 2, 4, 4, 1, 4, 4, 4, 4, 3, 3, 2, 3, 1, 3, 1, 4, 4, 4, 2, 1, 1, 1, 1] [5, 7, 5, 6, 7, 4, 7, 8, 5, 7, 5, 7, 6, 4, 6, 7, 5, 6, 5, 6, 4, 7, 8, 7, 6, 5, 6, 3, 5, 6, 8, 4, 6, 6, 5, 7, 3, 4, 6, 7, 5, 5, 6, 4, 7, 6, 4, 6, 6, 5, 6, 5, 5, 4, 3, 5, 3, 6, 6, 6, 5, 6, 8, 8, 6, 7, 6, 6, 7, 3, 5, 5, 7, 7, 7, 5, 3, 3, 4, 3]
B_15 36.46 B 55 [3, 2, 2, 4, 3, 1, 3, 2, 2, 1, 1, 4, 1, 1, 4, 3, 2, 2, 3, 2, 3, 1, 4, 2, 4, 2, 1, 3, 3, 2, 1, 4, 3, 3, 3, 4, 1, 2, 3, 1, 3, 4, 4, 1, 2, 2, 1, 4, 1, 4, 3, 1, 1, 2, 3, 1, 1, 4, 2, 2, 2, 2, 4, 3, 1, 3, 2, 1, 3, 4, 4, 4, 3, 3, 1, 2, 1, 2, 1, 1] [5, 4, 4, 7, 5, 3, 6, 4, 5, 3, 5, 7, 3, 3, 6, 7, 5, 4, 6, 4, 6, 3, 8, 6, 7, 5, 5, 6, 7, 6, 4, 6, 5, 7, 7, 6, 5, 6, 5, 3, 5, 6, 8, 4, 5, 4, 4, 7, 3, 8, 6, 3, 5, 6, 5, 4, 4, 6, 4, 4, 6, 5, 8, 5, 5, 5, 4, 5, 5, 8, 8, 6, 7, 7, 5, 4, 4, 5, 4, 3]
B_16 37.46 B 56 [2, 2, 4, 3, 3, 2, 3, 3, 4, 4, 4, 2, 3, 2, 4, 2, 3, 2, 4, 3, 3, 3, 4, 3, 4, 2, 1, 4, 4, 4, 2, 2, 3, 4, 1, 4, 1, 1, 4, 3, 4, 4, 1, 3, 1, 1, 3, 4, 4, 1, 4, 3, 1, 4, 1, 1, 1, 3, 4, 1, 2, 2, 1, 2, 2, 1, 2, 3, 3, 2, 2, 4, 3, 3, 1, 4, 2, 2, 3, 2] [4, 5, 6, 6, 6, 6, 5, 7, 6, 8, 6, 6, 7, 4, 7, 6, 7, 4, 6, 7, 5, 6, 6, 5, 7, 4, 5, 6, 6, 8, 4, 5, 6, 7, 5, 7, 5, 5, 8, 7, 7, 6, 4, 5, 5, 3, 5, 7, 7, 3, 8, 5, 4, 8, 3, 4, 5, 5, 8, 4, 5, 6, 4, 4, 4, 3, 4, 5, 7, 4, 6, 6, 7, 5, 4, 8, 4, 4, 6, 6]
B_17 38.46 B 57 [3, 4, 4, 3, 3, 1, 2, 2, 3, 4, 2, 3, 4, 4, 1, 1, 2, 3, 2, 4, 3, 3, 1, 1, 2, 3, 1, 2, 1, 2, 1, 2, 4, 1, 2, 2, 1, 4, 4, 3, 1, 3, 2, 4, 4, 1, 1, 1, 3, 2, 4, 1, 2, 3, 2, 4, 3, 2, 4, 4, 1, 1, 2, 3, 2, 4, 1, 1, 1, 4, 3, 4, 3, 4, 1, 2, 2, 1, 3, 1] [5, 8, 7, 6, 6, 3, 6, 4, 7, 6, 5, 7, 6, 8, 5, 3, 6, 7, 5, 7, 6, 5, 3, 4, 5, 5, 4, 4, 3, 6, 5, 5, 8, 3, 5, 4, 5, 6, 8, 7, 4, 6, 5, 6, 8, 4, 5, 5, 5, 5, 8, 3, 5, 6, 6, 6, 5, 6, 7, 6, 5, 5, 5, 7, 4, 8, 3, 5, 4, 7, 5, 8, 6, 6, 3, 5, 5, 5, 5, 3]
B_18 42.42 B 58 [2, 1, 3, 4, 3, 2, 2, 2, 3, 1, 2, 2, 1, 3, 4, 4, 2, 4, 2, 3, 3, 3, 1, 1, 4, 4, 1, 1, 2, 3, 4, 2, 4, 4, 4, 2, 4, 2, 1, 4, 2, 4, 2, 1, 4, 4, 4, 3, 4, 3, 4, 2, 3, 2, 4, 2, 4, 4, 2, 1, 1, 3, 4, 4, 4, 2, 4, 4, 1, 4, 4, 2, 2, 4, 3, 4, 2, 2, 2, 4] [5, 4, 5, 8, 7, 6, 6, 4, 7, 5, 4, 5, 5, 7, 6, 6, 6, 7, 5, 7, 5, 7, 5, 5, 7, 7, 4, 3, 6, 5, 8, 5, 6, 7, 6, 4, 8, 4, 4, 6, 6, 6, 5, 3, 8, 8, 7, 6, 8, 6, 6, 5, 6, 5, 6, 4, 8, 7, 4, 4, 5, 6, 7, 7, 6, 4, 8, 8, 3, 7, 7, 6, 6, 7, 7, 6, 6, 6, 6, 6]
B_19 47.45 B 59 [4, 3, 3, 3, 1, 2, 3, 1, 1, 1, 3, 4, 1, 3, 3, 1, 3, 4, 3, 1, 3, 2, 2, 3, 3, 1, 3, 4, 3, 4, 2, 4, 2, 4, 3, 1, 1, 2, 3, 1, 4, 1, 2, 2, 4, 2, 3, 2, 3, 1, 1, 3, 2, 3, 4, 2, 1, 4, 1, 1, 4, 3, 2, 2, 2, 2, 4, 1, 3, 3, 1, 1, 1, 3, 2, 3, 1, 4, 2, 3] [6, 7, 5, 7, 5, 4, 7, 3, 4, 4, 5, 8, 3, 5, 6, 3, 5, 6, 7, 5, 7, 5, 5, 6, 7, 5, 6, 8, 5, 8, 6, 6, 6, 7, 5, 4, 3, 6, 5, 3, 6, 4, 4, 6, 8, 6, 5, 5, 7, 4, 4, 5, 6, 6, 6, 4, 4, 6, 4, 5, 7, 7, 6, 4, 4, 4, 6, 3, 5, 6, 3, 5, 4, 7, 5, 6, 4, 8, 6, 7]
B_20 51.02 B 60 [3, 1, 1, 4, 3, 3, 1, 4, 3, 3, 4, 1, 2, 3, 1, 1, 1, 2, 1, 4, 2, 3, 3, 4, 1, 4, 4, 4, 2, 2, 2, 2, 3, 3, 1, 4, 3, 3, 2, 2, 2, 3, 3, 3, 1, 4, 2, 3, 4, 1, 3, 2, 3, 2, 1, 2, 2, 1, 1, 4, 3, 3, 1, 3, 2, 4, 2, 2, 1, 2, 3, 2, 4, 3, 2, 2, 3, 3, 3, 2] [7, 3, 5, 8, 7, 6, 3, 7, 7, 7, 7, 4, 6, 7, 5, 3, 5, 6, 4, 6, 6, 5, 7, 7, 4, 8, 8, 8, 5, 6, 6, 6, 6, 5, 5, 8, 6, 7, 6, 4, 6, 6, 5, 6, 3, 7, 4, 7, 6, 5, 7, 5, 7, 5, 5, 6, 5, 5, 5, 7, 5, 7, 3, 7, 6, 6, 4, 6, 3, 6, 6, 4, 8, 6, 4, 6, 6, 7, 7, 4]
B_21 55.970000000000006 B 61 [2, 2, 4, 2, 3, 2, 3, 3, 3, 3, 4, 1, 3, 4, 1, 1, 3, 3, 3, 3, 1, 3, 2, 3, 4, 2, 2, 4, 2, 4, 2, 4, 3, 3, 4, 4, 2, 1, 1, 3, 4, 3, 2, 3, 3, 1, 2, 1, 3, 1, 4, 2, 3, 2, 4, 2, 2, 1, 3, 3, 3, 3, 1, 1, 4, 2, 4, 4, 3, 3, 4, 2, 1, 4, 4, 2, 2, 2, 4, 4] [6, 6, 8, 4, 6, 6, 6, 6, 5, 6, 8, 5, 6, 7, 4, 5, 7, 7, 6, 7, 4, 7, 4, 5, 6, 4, 6, 8, 5, 7, 4, 8, 7, 6, 8, 6, 5, 3, 5, 6, 8, 7, 4, 7, 7, 4, 4, 5, 5, 4, 6, 5, 6, 6, 6, 5, 6, 5, 6, 7, 7, 5, 3, 5, 8, 5, 8, 8, 6, 6, 8, 6, 4, 8, 6, 4, 4, 5, 6, 6]
B_22 63.50000000000001 B 62 [4, 2, 4, 3, 2, 2, 1, 2, 1, 4, 1, 4, 2, 2, 4, 3, 3, 4, 3, 2, 1, 4, 3, 4, 4, 2, 3, 1, 2, 4, 4, 4, 3, 2, 4, 2, 2, 3, 1, 3, 4, 4, 3, 4, 3, 2, 2, 4, 2, 2, 2, 2, 1, 4, 4, 4, 1, 2, 4, 2, 1, 1, 4, 4, 4, 4, 2, 2, 1, 4, 3, 2, 1, 4, 3, 3, 2, 3, 1, 3] [8, 5, 7, 7, 4, 5, 4, 6, 5, 7, 5, 7, 6, 4, 7, 7, 6, 8, 6, 5, 3, 8, 7, 8, 6, 5, 6, 4, 5, 8, 7, 6, 6, 4, 8, 6, 6, 7, 3, 6, 6, 7, 7, 6, 6, 4, 6, 6, 5, 6, 5, 5, 4, 8, 8, 8, 4, 5, 7, 6, 3, 3, 6, 6, 6, 6, 5, 6, 3, 7, 5, 4, 3, 7, 7, 7, 6, 5, 3, 6]
B_23 69.49000000000001 B 63 [4, 3, 3, 4, 2, 2, 4, 2, 3, 1, 1, 4, 2, 3, 4, 4, 4, 3, 3, 2, 4, 2, 1, 2, 2, 4, 2, 3, 2, 2, 1, 2, 2, 4, 4, 1, 3, 2, 1, 2, 1, 1, 4, 2, 3, 3, 2, 2, 2, 1, 3, 3, 2, 2, 4, 3, 2, 3, 4, 2, 3, 1, 4, 4, 3, 4, 2, 3, 1, 4, 4, 2, 2, 4, 2, 2, 1, 1, 3, 1] [6, 5, 7, 6, 6, 4, 6, 5, 6, 3, 3, 8, 5, 5, 7, 8, 8, 7, 7, 5, 7, 5, 4, 4, 4, 6, 6, 5, 5, 5, 5, 4, 6, 7, 6, 4, 7, 5, 5, 6, 5, 5, 7, 5, 7, 7, 6, 5, 6, 4, 6, 7, 6, 5, 8, 5, 4, 7, 7, 4, 7, 5, 6, 6, 6, 7, 4, 7, 4, 8, 6, 6, 5, 6, 6, 5, 4, 4, 7, 5]
B_24 72.23 B 64 [3, 2, 4, 1, 2, 3, 1, 4, 2, 1, 1, 2, 4, 3, 4, 3, 1, 4, 3, 1, 2, 1, 2, 4, 1, 3, 4, 4, 3, 3, 3, 2, 1, 2, 3, 3, 1, 1, 4, 2, 2, 4, 3, 4, 2, 1, 4, 1, 2, 2, 1, 2, 3, 4, 4, 1, 2, 2, 4, 2, 2, 4, 4, 3, 2, 2, 2, 4, 3, 4, 2, 1, 3, 3, 3, 3, 4, 1, 2, 2] [7, 4, 7, 3, 5, 5, 4, 6, 5, 4, 3, 6, 6, 5, 6, 6, 3, 6, 5, 5, 4, 3, 4, 7, 5, 5, 8, 8, 5, 6, 7, 4, 5, 6, 7, 5, 5, 5, 7, 6, 4, 7, 7, 8, 5, 5, 8, 3, 4, 6, 4, 4, 5, 7, 6, 5, 4, 4, 6, 4, 6, 8, 6, 6, 6, 6, 5, 6, 7, 6, 4, 3, 5, 5, 6, 6, 6, 4, 4, 4]
B_25 78.19 B 65 [2, 3, 1, 3, 3, 3, 2, 2, 1, 1, 4, 3, 1, 3, 1, 2, 4, 4, 2, 2, 4, 2, 3, 4, 1, 1, 1, 1, 2, 4, 1, 4, 2, 2, 4, 2, 4, 2, 4, 4, 2, 1, 4, 4, 3, 1, 4, 4, 1, 4, 1, 1, 4, 2, 3, 3, 1, 4, 2, 2, 4, 2, 4, 4, 2, 4, 4, 3, 3, 3, 2, 4, 3, 3, 3, 4, 1, 2, 2, 1] [6, 7, 4, 5, 6, 6, 6, 4, 4, 4, 8, 6, 5, 5, 4, 4, 8, 7, 4, 4, 8, 5, 7, 8, 4, 5, 5, 3, 5, 7, 3, 7, 4, 6, 8, 5, 8, 4, 8, 7, 4, 3, 7, 7, 5, 4, 6, 6, 5, 8, 4, 3, 6, 6, 7, 5, 3, 8, 4, 4, 6, 5, 6, 7, 6, 6, 8, 6, 7, 6, 6, 6, 6, 7, 5, 6, 3, 6, 5, 4]
B_26 79.19 B 66 [3, 3, 3, 3, 2, 2, 4, 3, 4, 2, 1, 1, 1, 2, 1, 2, 4, 4, 3, 2, 1, 1, 2, 1, 4, 4, 2, 3, 3, 1, 2, 1, 1, 4, 1, 2, 4, 4, 4, 4, 3, 3, 4, 3, 2, 1, 1, 3, 2, 4, 4, 3, 4, 3, 3, 2, 2, 1, 4, 4, 2, 4, 2, 2, 2, 4, 1, 4, 1, 4, 3, 2, 2, 2, 2, 4, 3, 4, 3, 2] [7, 7, 7, 6, 6, 6, 7, 7, 7, 4, 3, 5, 3, 6, 3, 6, 8, 8, 7, 6, 5, 3, 5, 5, 6, 8, 6, 6, 6, 3, 4, 3, 4, 8, 3, 4, 6, 8, 6, 6, 7, 7, 7, 5, 6, 5, 4, 7, 4, 8, 8, 6, 8, 7, 6, 4, 4, 3, 8, 6, 4, 8, 5, 4, 5, 8, 4, 6, 5, 8, 5, 6, 4, 6, 6, 8, 5, 7, 5, 4]
B_27 84.95 B 67 [4, 3, 4, 4, 1, 2, 3, 2, 4, 3, 4, 3, 4, 3, 2, 4, 4, 2, 3, 3, 2, 4, 1, 3, 1, 1, 3, 4, 2, 1, 4, 3, 4, 2, 1, 1, 2, 2, 1, 3, 4, 3, 2, 4, 3, 4, 2, 3, 4, 2, 4, 2, 4, 3, 2, 1, 3, 1, 4, 1, 2, 4, 2, 3, 4, 3, 4, 3, 3, 1, 4, 4, 2, 3, 1, 2, 1, 1, 3, 3] [8, 7, 7, 6, 4, 6, 6, 6, 7, 5, 8, 5, 6, 5, 5, 8, 8, 4, 6, 6, 5, 6, 4, 5, 4, 4, 5, 6, 5, 5, 6, 6, 6, 6, 5, 3, 5, 6, 4, 6, 7, 6, 6, 6, 6, 8, 5, 5, 7, 4, 7, 6, 7, 7, 6, 5, 5, 5, 8, 3, 6, 8, 6, 7, 6, 6, 6, 6, 7, 4, 6, 7, 5, 7, 4, 4, 3, 5, 6, 7]
B_28 86.37 B 68 [2, 1, 1, 3, 1, 1, 4, 1, 1, 3, 1, 1, 3, 2, 3, 3, 3, 4, 4, 1, 3, 4, 4, 4, 1, 1, 1, 3, 2, 1, 3, 3, 1, 4, 2, 2, 4, 2, 4, 2, 2, 1, 3, 3, 1, 1, 3, 2, 3, 3, 4, 2, 4, 3, 3, 3, 3, 1, 1, 3, 1, 3, 1, 1, 3, 3, 1, 3, 2, 3, 4, 3, 2, 2, 3, 1, 3, 2, 3, 2] [4, 5, 5, 6, 3, 4, 7, 4, 3, 7, 5, 3, 6, 5, 5, 6, 5, 8, 7, 5, 5, 7, 6, 7, 3, 3, 3, 6, 4, 4, 7, 6, 4, 6, 5, 4, 6, 5, 8, 5, 4, 4, 7, 5, 5, 3, 7, 6, 5, 5, 8, 5, 7, 6, 7, 5, 7, 4, 3, 5, 3, 6, 3, 4, 7, 7, 5, 7, 4, 5, 7, 7, 4, 4, 5, 4, 5, 5, 6, 6]
B_29 87.80000000000001 B 69 [3, 1, 1, 1, 2, 2, 1, 3, 4, 2, 4, 2, 4, 2, 1, 4, 4, 3, 4, 1, 2, 1, 1, 2, 3, 3, 1, 4, 1, 4, 3, 1, 4, 3, 3, 3, 2, 2, 3, 4, 1, 4, 2, 2, 2, 3, 4, 1, 2, 1, 4, 3, 2, 1, 1, 4, 2, 4, 4, 3, 2, 3, 4, 4, 4, 3, 4, 1, 3, 2, 1, 2, 1, 4, 4, 2, 3, 1, 3, 2] [5, 3, 3, 4, 6, 4, 4, 6, 6, 6, 8, 4, 6, 5, 3, 6, 6, 7, 7, 5, 6, 5, 4, 6, 6, 6, 4, 6, 3, 6, 6, 4, 8, 7, 6, 7, 5, 5, 6, 8, 3, 6, 5, 6, 4, 7, 6, 5, 5, 3, 8, 7, 5, 4, 3, 8, 4, 7, 7, 6, 6, 6, 7, 8, 6, 6, 8, 4, 5, 4, 3, 6, 3, 6, 6, 6, 5, 4, 5, 6]
B_30 89.62 B 70 [2, 3, 1, 2, 3, 2, 3, 2, 3, 3, 2, 4, 1, 1, 2, 2, 2, 1, 4, 2, 4, 4, 4, 2, 2, 4, 1, 3, 4, 1, 4, 1, 4, 3, 3, 3, 2, 4, 1, 2, 4, 3, 2, 1, 1, 2, 3, 4, 4, 4, 3, 2, 2, 4, 3, 4, 2, 3, 4, 1, 3, 4, 3, 4, 2, 2, 3, 4, 4, 1, 2, 1, 1, 3, 3, 4, 2, 1, 3, 2] [6, 5, 5, 5, 7, 4, 5, 5, 6, 7, 6, 6, 4, 5, 5, 6, 4, 4, 8, 5, 8, 7, 7, 6, 5, 6, 4, 6, 6, 3, 7, 3, 6, 5, 6, 5, 4, 7, 5, 5, 8, 7, 5, 3, 5, 5, 6, 7, 7, 7, 7, 4, 4, 8, 5, 8, 6, 5, 7, 3, 6, 8, 5, 6, 4, 6, 5, 6, 7, 3, 6, 4, 3, 5, 6, 7, 6, 4, 7, 5]
B_31 91.24000000000001 B 71 [3, 2, 4, 1, 4, 3, 2, 3, 3, 4, 1, 4, 1, 1, 2, 3, 3, 1, 1, 1, 4, 3, 3, 1, 2, 4, 1, 2, 1, 1, 1, 1, 1, 4, 3, 4, 1, 3, 2, 3, 3, 2, 3, 3, 1, 3, 2, 3, 2, 2, 4, 1, 2, 4, 1, 4, 4, 4, 2, 1, 2, 2, 2, 2, 1, 4, 2, 4, 3, 2, 1, 1, 3, 4, 2, 3, 1, 3, 2, 3] [6, 4, 6, 3, 7, 7, 6, 5, 6, 7, 5, 8, 4, 3, 6, 6, 7, 3, 3, 3, 7, 6, 6, 4, 5, 8, 4, 5, 5, 5, 4, 5, 5, 6, 7, 8, 5, 7, 5, 7, 7, 5, 6, 5, 5, 5, 4, 7, 4, 6, 7, 3, 5, 6, 5, 6, 6, 8, 6, 5, 4, 6, 4, 6, 3, 6, 6, 7, 7, 6, 4, 4, 6, 6, 6, 5, 5, 7, 4, 6]
B_32 99.57000000000001 B 72 [3, 4, 3, 3, 3, 4, 2, 3, 4, 2, 3, 3, 3, 1, 4, 2, 3, 1, 3, 3, 3, 2, 2, 1, 4, 2, 2, 4, 2, 4, 4, 1, 1, 4, 4, 3, 3, 4, 2, 1, 2, 1, 3, 1, 4, 4, 4, 1, 1, 3, 2, 3, 3, 2, 4, 3, 3, 3, 2, 1, 4, 1, 1, 2, 3, 3, 2, 2, 2, 1, 1, 3, 2, 1, 2, 4, 1, 2, 3, 4] [7, 7, 7, 6, 5, 8, 5, 7, 7, 6, 7, 5, 6, 3, 8, 5, 5, 3, 6, 5, 6, 5, 5, 3, 7, 5, 4, 8, 5, 8, 6, 5, 4, 6, 8, 7, 6, 8, 6, 3, 4, 5, 6, 4, 6, 7, 6, 3, 5, 6, 5, 5, 6, 5, 7, 7, 7, 6, 6, 4, 8, 4, 3, 5, 5, 6, 4, 5, 4, 3, 3, 6, 6, 4, 5, 6, 4, 6, 7, 7]
B_33 111.22000000000001 B 73 [3, 1, 3, 1, 3, 1, 3, 3, 2, 1, 3, 2, 4, 4, 2, 1, 4, 4, 2, 1, 4, 2, 4, 1, 1, 4, 1, 1, 3, 2, 4, 2, 1, 3, 4, 1, 2, 4, 2, 2, 2, 1, 3, 2, 3, 1, 2, 1, 4, 1, 3, 2, 1, 1, 4, 3, 3, 4, 4, 3, 3, 4, 4, 4, 3, 3, 2, 3, 2, 4, 3, 4, 1, 2, 4, 1, 1, 2, 2, 4] [5, 5, 7, 4, 6, 5, 7, 7, 4, 3, 5, 6, 8, 6, 6, 5, 7, 7, 6, 4, 6, 5, 7, 5, 4, 6, 5, 4, 5, 4, 6, 4, 3, 5, 8, 4, 6, 8, 6, 5, 4, 5, 7, 4, 5, 4, 4, 3, 7, 5, 5, 4, 4, 5, 7, 7, 5, 6, 7, 7, 6, 8, 7, 6, 5, 7, 6, 7, 4, 6, 5, 6, 4, 5, 7, 3, 4, 4, 5, 8]
B_34 112.22000000000001 B 74 [3, 3, 3, 4, 1, 1, 3, 3, 4, 3, 2, 4, 2, 3, 2, 4, 3, 1, 4, 4, 3, 1, 4, 2, 3, 1, 2, 4, 3, 1, 1, 2, 3, 2, 2, 1, 4, 1, 3, 2, 1, 2, 1, 2, 2, 4, 1, 1, 2, 4, 1, 3, 2, 1, 4, 1, 1, 1, 3, 2, 2, 4, 3, 2, 3, 3, 2, 1, 3, 4, 3, 2, 2, 4, 1, 1, 2, 2, 4, 3] [7, 5, 6, 6, 5, 3, 5, 5, 7, 7, 6, 8, 4, 5, 4, 8, 5, 5, 6, 6, 6, 5, 8, 5, 6, 3, 4, 6, 7, 3, 4, 5, 6, 5, 5, 5, 8, 4, 5, 5, 4, 6, 5, 4, 5, 6, 5, 5, 6, 7, 3, 5, 6, 5, 7, 5, 4, 3, 7, 5, 4, 6, 7, 6, 6, 5, 6, 4, 5, 6, 6, 6, 5, 7, 5, 5, 6, 6, 7, 6]
B_35 113.22000000000001 B 75 [4, 3, 2, 2, 2, 3, 4, 3, 2, 1, 4, 4, 4, 2, 3, 1, 3, 1, 3, 4, 2, 2, 2, 1, 3, 3, 2, 2, 2, 4, 3, 4, 2, 4, 3, 1, 3, 2, 3, 3, 3, 3, 2, 3, 3, 3, 4, 3, 3, 3, 3, 4, 1, 1, 2, 2, 4, 2, 4, 3, 2, 2, 3, 2, 3, 4, 4, 2, 1, 2, 4, 3, 4, 1, 1, 3, 1, 1, 1, 3] [7, 6, 4, 5, 5, 6, 6, 5, 4, 4, 6, 8, 6, 4, 5, 3, 6, 5, 6, 6, 4, 6, 4, 3, 7, 6, 4, 5, 5, 6, 7, 6, 4, 6, 5, 5, 6, 5, 6, 5, 7, 7, 4, 7, 7, 6, 7, 6, 7, 6, 7, 8, 3, 4, 5, 4, 8, 5, 6, 6, 6, 4, 7, 5, 6, 6, 8, 4, 4, 6, 7, 5, 6, 3, 5, 6, 3, 3, 4, 7]
B_36 114.22000000000001 B 76 [2, 2, 1, 4, 3, 3, 3, 2, 2, 1, 4, 1, 2, 3, 3, 4, 2, 1, 1, 4, 1, 3, 1, 4, 3, 1, 4, 3, 3, 3, 3, 3, 1, 2, 3, 2, 3, 2, 2, 4, 4, 4, 2, 1, 1, 3, 4, 2, 1, 1, 3, 3, 3, 1, 1, 1, 2, 2, 2, 1, 3, 2, 2, 1, 4, 1, 3, 1, 3, 3, 2, 1, 1, 1, 2, 1, 2, 1, 2, 2] [4, 4, 4, 7, 7, 6, 6, 4, 6, 5, 7, 3, 5, 7, 6, 8, 5, 3, 3, 6, 4, 6, 5, 8, 7, 5, 8, 5, 7, 5, 6, 5, 3, 4, 7, 6, 5, 6, 6, 6, 8, 8, 6, 4, 3, 7, 7, 5, 5, 3, 5, 5, 6, 5, 3, 4, 4, 5, 6, 4, 6, 4, 6, 4, 6, 3, 5, 3, 5, 5, 6, 5, 4, 4, 6, 3, 6, 3, 5, 4]
B_37 115.27000000000001 B 77 [2, 4, 4, 3, 3, 3, 2, 1, 2, 4, 4, 1, 2, 4, 1, 4, 4, 3, 4, 1, 2, 2, 1, 1, 4, 4, 3, 3, 1, 2, 1, 4, 1, 4, 2, 2, 4, 3, 2, 3, 3, 4, 2, 2, 2, 4, 4, 3, 3, 3, 3, 2, 4, 3, 1, 2, 2, 1, 2, 4, 3, 2, 3, 1, 1, 2, 4, 1, 2, 1, 1, 3, 2, 2, 2, 1, 1, 3, 1, 3] [4, 8, 7, 7, 5, 5, 4, 4, 6, 7, 6, 4, 4, 7, 3, 6, 8, 7, 7, 4, 4, 4, 4, 4, 7, 7, 5, 5, 4, 5, 4, 8, 3, 6, 6, 5, 8, 7, 5, 5, 6, 8, 4, 4, 4, 7, 6, 6, 6, 7, 7, 4, 8, 6, 3, 5, 4, 5, 6, 8, 7, 5, 5, 4, 4, 6, 7, 5, 5, 4, 4, 7, 6, 4, 6, 3, 3, 7, 4, 5]
B_38 116.27000000000001 B 78 [3, 2, 2, 3, 4, 1, 4, 1, 3, 4, 1, 3, 3, 1, 2, 1, 3, 3, 1, 3, 1, 2, 1, 4, 1, 1, 1, 2, 1, 4, 3, 4, 3, 3, 2, 1, 4, 3, 4, 2, 2, 4, 1, 1, 3, 1, 4, 1, 1, 2, 2, 1, 1, 3, 1, 1, 3, 3, 2, 2, 3, 4, 1, 3, 2, 2, 3, 3, 3, 3, 3, 2, 3, 2, 4, 1, 2, 1, 2, 3] [5, 6, 4, 7, 6, 4, 8, 3, 5, 7, 5, 6, 6, 3, 4, 3, 6, 7, 4, 7, 3, 5, 5, 8, 5, 3, 3, 4, 5, 6, 7, 7, 5, 7, 4, 4, 7, 7, 6, 6, 4, 6, 3, 5, 5, 3, 6, 3, 5, 5, 6, 5, 4, 7, 4, 4, 6, 5, 6, 6, 7, 6, 3, 7, 4, 5, 5, 6, 6, 5, 7, 4, 7, 5, 7, 4, 5, 4, 6, 7]
B_39 117.27000000000001 B 79 [4, 3, 4, 1, 3, 2, 2, 1, 2, 1, 2, 3, 3, 2, 2, 4, 1, 4, 4, 4, 3, 2, 3, 4, 1, 2, 2, 3, 1, 2, 2, 2, 3, 3, 1, 2, 2, 2, 3, 1, 1, 3, 2, 2, 4, 2, 4, 2, 3, 3, 2, 2, 2, 1, 1, 1, 2, 1, 4, 3, 2, 4, 3, 1, 2, 1, 2, 3, 2, 2, 2, 3, 4, 4, 3, 3, 2, 3, 3, 3] [6, 6, 8, 4, 5, 4, 4, 4, 4, 3, 6, 7, 5, 5, 4, 7, 5, 8, 6, 7, 5, 4, 5, 8, 3, 5, 5, 5, 4, 6, 6, 5, 6, 6, 5, 5, 4, 4, 7, 5, 5, 7, 4, 6, 8, 6, 7, 4, 5, 5, 6, 4, 5, 3, 3, 3, 6, 3, 6, 7, 4, 6, 6, 5, 4, 4, 4, 7, 6, 6, 5, 6, 7, 8, 6, 7, 4, 5, 7, 5]
