0
0 A_0 82 0 0
3 A_1 85 0 1
4 B_0 89 0 2
3 B_1 92 0 3
4 A_2 96 0 4
5 B_2 101 0 5
7 A_3 108 0 6
7 B_3 115 0 7
4 B_4 119 0 8
1 B_5 120 0 9
2 B_6 122 0 10
2 B_7 124 0 11
4 A_4 128 0 12
4 B_8 132 0 13
6 A_5 138 0 14
1 A_6 139 0 15
4 B_9 143 0 16
5 A_7 148 0 17
5 B_10 153 0 18
3 A_8 156 0 19
1 A_9 157 0 20
7 B_11 164 0 21
6 A_10 170 0 22
7 B_12 177 0 23
4 A_11 181 0 24
5 B_13 186 0 25
6 A_12 192 0 26
5 B_14 197 0 27
7 A_13 204 0 28
5 B_15 209 0 29
6 A_14 215 0 30
7 B_16 222 0 31
5 A_15 227 0 32
3 B_17 230 0 33
3 B_18 233 0 34
1 B_19 234 0 35
4 A_16 238 0 36
2 A_17 240 0 37
1 A_18 241 0 38
3 A_19 244 0 39
No lane change: 244 146.22799999999998 6.985664367675781e-05
---------------------
in formation_2
pass
---------------------
in formation_3
pass
---------------------
in formation_4
pass
---------------------
in formation_5
pass
---------------------
in formation_6
pass
---------------------
in formation_7
pass
error in formulation  []
