1
0 A_0 82 0 0
3 A_1 85 0 1
2 B_0 87 1 2
3 B_1 90 1 3
1 A_2 91 0 4
2 B_2 93 1 5
4 A_3 97 0 6
4 B_3 101 1 7
4 B_4 105 1 8
1 B_5 106 1 9
2 B_6 108 1 10
2 B_7 110 1 11
2 A_4 112 0 12
1 B_8 113 1 13
3 A_5 116 0 14
1 A_6 117 0 15
1 B_9 118 1 16
2 A_7 120 0 17
2 B_10 122 1 18
3 A_8 125 1 19
1 A_9 126 1 20
4 B_11 130 0 21
4 A_10 134 1 22
4 B_12 138 0 23
2 A_11 140 1 24
3 B_13 143 0 25
3 A_12 146 1 26
2 B_14 148 0 27
4 A_13 152 1 28
3 B_15 155 0 29
3 A_14 158 1 30
4 B_16 162 0 31
2 A_15 164 1 32
3 B_17 167 1 33
3 B_18 170 1 34
1 B_19 171 1 35
2 A_16 173 0 36
2 A_17 175 0 37
1 A_18 176 0 38
3 A_19 179 0 39
greedy: 179 112.578 0.0002491474151611328
---------------------
in formation_2
pass
---------------------
in formation_3
pass
---------------------
in formation_4
pass
---------------------
in formation_5
pass
---------------------
in formation_6
pass
---------------------
in formation_7
pass
error in formulation  []
