2
[0, 0, 0, 0, 0, 0, 0, 0, 0, 0, 0, 0, 0, 0, 2, 2, 2, 2, 0, 0, 0, 0, 0, 0, 2, 2, 2, 2, 2, 2, 2, 2, 2, 2, 2, 2, 2, 2, 2, 2]
0 A_0 82 0 0
3 A_1 85 0 1
2 A_2 87 0 2
3 A_3 90 0 3
3 A_4 93 0 4
4 A_5 97 0 5
1 A_6 98 0 6
3 A_7 101 0 7
4 A_8 105 0 8
1 A_9 106 0 9
1 A_10 107 0 10
4 A_11 111 0 11
1 A_12 112 0 12
3 A_13 115 0 13
3 B_0 118 0 14
3 B_1 121 0 15
4 B_2 125 0 16
2 B_3 127 0 17
4 A_14 131 0 18
3 A_15 134 0 19
1 A_16 135 0 20
2 A_17 137 0 21
1 A_18 138 0 22
3 A_19 141 0 23
5 B_4 146 0 24
1 B_5 147 0 25
2 B_6 149 0 26
2 B_7 151 0 27
1 B_8 152 0 28
1 B_9 153 0 29
2 B_10 155 0 30
1 B_11 156 0 31
3 B_12 159 0 32
1 B_13 160 0 33
4 B_14 164 0 34
4 B_15 168 0 35
2 B_16 170 0 36
1 B_17 171 0 37
3 B_18 174 0 38
1 B_19 175 0 39
dp: 175 113.603 0.018609285354614258
---------------------
in formation_2
pass
---------------------
in formation_3
pass
---------------------
in formation_4
pass
---------------------
in formation_5
pass
---------------------
in formation_6
pass
---------------------
in formation_7
pass
error in formulation  []
