3
0 A_0 81 0 0
3 A_1 85 0 1
1 A_2 87 0 2
4 A_3 91 0 3
3 A_4 94 0 4
6 A_5 100 0 5
3 B_0 103 0 6
2 B_1 105 0 7
4 B_2 109 0 8
1 B_3 110 0 9
3 B_4 113 0 10
1 B_5 114 0 11
3 B_6 117 0 12
5 B_7 122 0 13
4 B_8 126 0 14
2 B_9 128 0 15
2 B_10 130 0 16
5 B_11 135 0 17
4 B_12 139 0 18
1 B_13 140 0 19
3 B_14 143 0 20
4 B_15 147 0 21
3 A_6 150 0 22
4 A_7 154 0 23
3 A_8 157 0 24
3 A_9 160 0 25
3 A_10 163 0 26
1 A_11 164 0 27
4 A_12 168 0 28
4 A_13 172 0 29
2 A_14 174 0 30
3 A_15 177 0 31
5 A_16 182 0 32
4 B_16 186 0 33
1 B_17 187 0 34
2 B_18 189 0 35
5 B_19 194 0 36
3 A_17 197 0 37
1 A_18 198 0 38
4 A_19 202 0 39
nldp: 202
---------------------
in formation_2
pass
---------------------
in formation_3
pass
---------------------
in formation_4
pass
---------------------
in formation_5
pass
---------------------
in formation_6
pass
---------------------
in formation_7
pass
error in formulation  []
