0
0 A_0 82 0 0
6 A_1 88 0 1
3 A_2 91 0 2
5 B_0 96 0 3
8 A_3 104 0 4
6 A_4 110 0 5
5 B_1 115 0 6
5 B_2 120 0 7
6 B_3 126 0 8
6 A_5 132 0 9
4 B_4 136 0 10
6 A_6 142 0 11
2 A_7 144 0 12
6 A_8 150 0 13
6 B_5 156 0 14
2 B_6 158 0 15
2 B_7 160 0 16
5 A_9 165 0 17
7 B_8 172 0 18
6 B_9 178 0 19
5 B_10 183 0 20
1 B_11 184 0 21
6 A_10 190 0 22
9 B_12 199 0 23
6 B_13 205 0 24
4 A_11 209 0 25
2 A_12 211 0 26
5 B_14 216 0 27
6 A_13 222 0 28
10 B_15 232 0 29
5 A_14 237 0 30
6 B_16 243 0 31
2 B_17 245 0 32
7 A_15 252 0 33
9 B_18 261 0 34
3 B_19 264 0 35
4 A_16 268 0 36
5 B_20 273 0 37
6 A_17 279 0 38
6 B_21 285 0 39
10 A_18 295 0 40
4 B_22 299 0 41
3 A_19 302 0 42
4 B_23 306 0 43
6 B_24 312 0 44
3 A_20 315 0 45
1 A_21 316 0 46
5 A_22 321 0 47
4 A_23 325 0 48
3 B_25 328 0 49
5 A_24 333 0 50
4 A_25 337 0 51
1 A_26 338 0 52
5 A_27 343 0 53
10 B_26 353 0 54
5 A_28 358 0 55
1 A_29 359 0 56
5 B_27 364 0 57
7 A_30 371 0 58
10 B_28 381 0 59
1 B_29 382 0 60
8 A_31 390 0 61
8 B_30 398 0 62
5 A_32 403 0 63
3 A_33 406 0 64
4 A_34 410 0 65
8 B_31 418 0 66
5 A_35 423 0 67
8 B_32 431 0 68
3 A_36 434 0 69
2 A_37 436 0 70
2 A_38 438 0 71
2 A_39 440 0 72
3 A_40 443 0 73
2 A_41 445 0 74
6 B_33 451 0 75
8 A_42 459 0 76
4 B_34 463 0 77
5 A_43 468 0 78
1 A_44 469 0 79
10 B_35 479 0 80
5 A_45 484 0 81
5 B_36 489 0 82
5 A_46 494 0 83
3 A_47 497 0 84
7 B_37 504 0 85
8 A_48 512 0 86
5 A_49 517 0 87
3 A_50 520 0 88
5 B_38 525 0 89
8 A_51 533 0 90
1 A_52 534 0 91
4 A_53 538 0 92
4 A_54 542 0 93
1 A_55 543 0 94
8 B_39 551 0 95
3 A_56 554 0 96
9 B_40 563 0 97
6 A_57 569 0 98
2 A_58 571 0 99
2 A_59 573 0 100
5 B_41 578 0 101
2 B_42 580 0 102
2 B_43 582 0 103
5 B_44 587 0 104
5 B_45 592 0 105
2 B_46 594 0 106
1 B_47 595 0 107
3 B_48 598 0 108
6 B_49 604 0 109
3 B_50 607 0 110
3 B_51 610 0 111
1 B_52 611 0 112
5 B_53 616 0 113
5 B_54 621 0 114
1 B_55 622 0 115
1 B_56 623 0 116
4 B_57 627 0 117
2 B_58 629 0 118
3 B_59 632 0 119
No lane change: 632
---------------------
in formation_2
pass
---------------------
in formation_3
pass
---------------------
in formation_4
pass
---------------------
in formation_5
pass
---------------------
in formation_6
pass
---------------------
in formation_7
pass
error in formulation  []
