1
0 B_0 81 0 0
1 A_0 83 1 1
3 B_1 86 0 2
2 A_1 88 1 3
2 B_2 90 0 4
3 A_2 93 0 5
1 A_3 94 0 6
3 A_4 97 0 7
1 A_5 98 0 8
4 A_6 102 0 9
2 B_3 104 1 10
2 B_4 106 1 11
2 B_5 108 1 12
3 A_7 111 0 13
1 A_8 112 0 14
3 B_6 115 1 15
4 A_9 119 0 16
4 B_7 123 1 17
2 A_10 125 0 18
4 B_8 129 1 19
4 A_11 133 0 20
3 B_9 136 0 21
1 A_12 137 1 22
1 B_10 138 0 23
1 B_11 139 0 24
4 A_13 143 1 25
3 A_14 146 1 26
2 A_15 148 1 27
3 A_16 151 1 28
2 B_12 153 0 29
4 B_13 157 0 30
2 B_14 159 0 31
2 A_17 161 1 32
3 B_15 164 1 33
1 A_18 165 0 34
3 B_16 168 0 35
3 B_17 171 0 36
3 A_19 174 1 37
2 B_18 176 0 38
1 B_19 177 0 39
3 B_20 180 0 40
4 B_21 184 0 41
4 A_20 188 1 42
4 B_22 192 0 43
3 A_21 195 1 44
4 A_22 199 1 45
4 B_23 203 0 46
3 A_23 206 1 47
1 B_24 207 0 48
3 B_25 210 0 49
2 A_24 212 1 50
3 B_26 215 0 51
3 B_27 218 0 52
3 B_28 221 0 53
3 B_29 224 0 54
2 A_25 226 1 55
3 B_30 229 0 56
2 B_31 231 0 57
4 B_32 235 0 58
1 B_33 236 0 59
2 A_26 238 1 60
1 A_27 239 1 61
3 B_34 242 0 62
2 B_35 244 0 63
2 A_28 246 1 64
3 B_36 249 0 65
4 B_37 253 0 66
4 A_29 257 1 67
3 B_38 260 0 68
3 A_30 263 1 69
3 B_39 266 0 70
1 B_40 267 0 71
3 A_31 270 1 72
4 A_32 274 1 73
2 B_41 276 0 74
3 A_33 279 1 75
2 A_34 281 1 76
3 B_42 284 0 77
4 B_43 288 0 78
3 B_44 291 0 79
3 B_45 294 0 80
2 B_46 296 0 81
2 B_47 298 0 82
2 A_35 300 1 83
2 A_36 302 1 84
2 B_48 304 0 85
3 A_37 307 0 86
4 B_49 311 1 87
4 A_38 315 0 88
4 B_50 319 1 89
4 B_51 323 1 90
4 B_52 327 1 91
4 A_39 331 0 92
1 A_40 332 0 93
3 B_53 335 1 94
2 B_54 337 1 95
3 B_55 340 1 96
3 A_41 343 0 97
4 B_56 347 1 98
2 B_57 349 1 99
2 B_58 351 1 100
3 A_42 354 0 101
2 A_43 356 0 102
2 A_44 358 0 103
2 B_59 360 1 104
2 A_45 362 0 105
4 A_46 366 0 106
3 A_47 369 0 107
2 A_48 371 0 108
4 A_49 375 0 109
2 A_50 377 0 110
3 A_51 380 0 111
3 A_52 383 0 112
1 A_53 384 0 113
3 A_54 387 0 114
1 A_55 388 0 115
3 A_56 391 0 116
2 A_57 393 0 117
4 A_58 397 0 118
3 A_59 400 0 119
greedy: 400 175.7593333333333 0.0006418228149414062
---------------------
in formation_2
pass
---------------------
in formation_3
pass
---------------------
in formation_4
pass
---------------------
in formation_5
pass
---------------------
in formation_6
pass
---------------------
in formation_7
pass
error in formulation  []
