2
[0, 0, 0, 0, 0, 0, 0, 2, 2, 2, 2, 2, 2, 2, 2, 2, 2, 2, 2, 2, 2, 2, 2, 2, 2, 2, 2, 2, 2, 2, 2, 2, 2, 2, 2, 2, 2, 2, 2, 0, 0, 0, 2, 2, 2, 2, 2, 2, 2, 2, 2, 2, 2, 1, 2, 2, 0, 0, 0, 0, 0, 0, 0, 0, 0, 0, 0, 2, 2, 2, 2, 2, 2, 0, 0, 0, 0, 0, 0, 0, 0, 0, 2, 2, 2, 2, 2, 2, 2, 2, 2, 0, 0, 0, 0, 0, 0, 0, 0, 0, 0, 0, 0, 0, 0, 0, 0, 0, 0, 0, 0, 0, 0, 0, 0, 0, 0, 0, 0, 0]
0 A_0 82 0 0
4 A_1 86 0 1
1 A_2 87 0 2
1 A_3 88 0 3
3 A_4 91 0 4
1 A_5 92 0 5
4 A_6 96 0 6
4 B_0 100 0 7
1 B_1 101 0 8
1 B_2 102 0 9
1 B_3 103 0 10
2 B_4 105 0 11
2 B_5 107 0 12
2 B_6 109 0 13
1 B_7 110 0 14
3 B_8 113 0 15
1 B_9 114 0 16
3 B_10 117 0 17
1 B_11 118 0 18
2 B_12 120 0 19
4 B_13 124 0 20
2 B_14 126 0 21
3 B_15 129 0 22
3 B_16 132 0 23
3 B_17 135 0 24
1 B_18 136 0 25
1 B_19 137 0 26
3 B_20 140 0 27
4 B_21 144 0 28
3 B_22 147 0 29
1 B_23 148 0 30
1 B_24 149 0 31
3 B_25 152 0 32
2 B_26 154 0 33
3 B_27 157 0 34
3 B_28 160 0 35
3 B_29 163 0 36
2 B_30 165 0 37
2 B_31 167 0 38
3 A_7 170 0 39
1 A_8 171 0 40
3 A_9 174 0 41
5 B_32 179 0 42
1 B_33 180 0 43
3 B_34 183 0 44
2 B_35 185 0 45
4 B_36 189 0 46
4 B_37 193 0 47
3 B_38 196 0 48
3 B_39 199 0 49
1 B_40 200 0 50
1 B_41 201 0 51
3 B_42 204 0 52
4 A_10 208 1 53
3 B_43 211 0 54
3 B_44 214 0 55
3 A_11 217 0 56
3 A_12 220 0 57
1 A_13 221 0 58
3 A_14 224 0 59
2 A_15 226 0 60
3 A_16 229 0 61
3 A_17 232 0 62
1 A_18 233 0 63
2 A_19 235 0 64
1 A_20 236 0 65
4 A_21 240 0 66
5 B_45 245 0 67
2 B_46 247 0 68
2 B_47 249 0 69
1 B_48 250 0 70
1 B_49 251 0 71
2 B_50 253 0 72
3 A_22 256 0 73
2 A_23 258 0 74
4 A_24 262 0 75
1 A_25 263 0 76
4 A_26 267 0 77
1 A_27 268 0 78
1 A_28 269 0 79
1 A_29 270 0 80
2 A_30 272 0 81
5 B_51 277 0 82
4 B_52 281 0 83
3 B_53 284 0 84
2 B_54 286 0 85
3 B_55 289 0 86
1 B_56 290 0 87
2 B_57 292 0 88
2 B_58 294 0 89
3 B_59 297 0 90
3 A_31 300 0 91
4 A_32 304 0 92
1 A_33 305 0 93
2 A_34 307 0 94
3 A_35 310 0 95
2 A_36 312 0 96
4 A_37 316 0 97
3 A_38 319 0 98
2 A_39 321 0 99
1 A_40 322 0 100
3 A_41 325 0 101
2 A_42 327 0 102
2 A_43 329 0 103
2 A_44 331 0 104
4 A_45 335 0 105
4 A_46 339 0 106
3 A_47 342 0 107
2 A_48 344 0 108
4 A_49 348 0 109
2 A_50 350 0 110
3 A_51 353 0 111
3 A_52 356 0 112
1 A_53 357 0 113
3 A_54 360 0 114
1 A_55 361 0 115
3 A_56 364 0 116
2 A_57 366 0 117
4 A_58 370 0 118
3 A_59 373 0 119
dp: 373 161.1093333333333 0.16455578804016113
---------------------
in formation_2
pass
---------------------
in formation_3
pass
---------------------
in formation_4
pass
---------------------
in formation_5
pass
---------------------
in formation_6
pass
---------------------
in formation_7
pass
error in formulation  []
