3
0 A_0 82 0 0
6 A_1 88 0 1
3 A_2 91 0 2
2 A_3 93 0 3
6 A_4 99 0 4
3 A_5 102 0 5
3 A_6 105 0 6
2 A_7 107 0 7
6 B_0 113 0 8
4 B_1 117 0 9
4 A_8 121 0 10
2 A_9 123 0 11
4 A_10 127 0 12
3 A_11 130 0 13
2 A_12 132 0 14
1 A_13 133 0 15
1 A_14 134 0 16
3 A_15 137 0 17
2 A_16 139 0 18
2 A_17 141 0 19
3 A_18 144 0 20
5 A_19 149 0 21
3 A_20 152 0 22
1 A_21 153 0 23
5 A_22 158 0 24
4 A_23 162 0 25
5 A_24 167 0 26
4 A_25 171 0 27
1 A_26 172 0 28
4 B_2 176 0 29
3 A_27 179 0 30
1 A_28 180 0 31
1 A_29 181 0 32
3 B_3 184 0 33
6 B_4 190 0 34
4 B_5 194 0 35
2 B_6 196 0 36
2 B_7 198 0 37
6 B_8 204 0 38
5 A_30 209 0 39
1 A_31 210 0 40
2 A_32 212 0 41
3 A_33 215 0 42
3 B_9 218 0 43
5 B_10 223 0 44
1 B_11 224 0 45
4 B_12 228 0 46
5 A_34 233 0 47
1 A_35 234 0 48
1 A_36 235 0 49
2 A_37 237 0 50
2 A_38 239 0 51
2 A_39 241 0 52
3 A_40 244 0 53
2 A_41 246 0 54
3 A_42 249 0 55
3 B_13 252 0 56
2 B_14 254 0 57
1 B_15 255 0 58
3 A_43 258 0 59
1 A_44 259 0 60
3 B_16 262 0 61
2 B_17 264 0 62
3 B_18 267 0 63
3 B_19 270 0 64
2 B_20 272 0 65
5 A_45 277 0 66
3 A_46 280 0 67
3 A_47 283 0 68
5 A_48 288 0 69
5 B_21 293 0 70
2 B_22 295 0 71
5 B_23 300 0 72
3 A_49 303 0 73
4 B_24 307 0 74
1 B_25 308 0 75
2 B_26 310 0 76
2 B_27 312 0 77
1 B_28 313 0 78
1 B_29 314 0 79
3 A_50 317 0 80
3 A_51 320 0 81
1 A_52 321 0 82
4 A_53 325 0 83
4 A_54 329 0 84
4 B_30 333 0 85
6 B_31 339 0 86
3 A_55 342 0 87
2 A_56 344 0 88
1 A_57 345 0 89
2 A_58 347 0 90
2 A_59 349 0 91
3 B_32 352 0 92
5 B_33 357 0 93
1 B_34 358 0 94
4 B_35 362 0 95
4 B_36 366 0 96
3 B_37 369 0 97
3 B_38 372 0 98
1 B_39 373 0 99
5 B_40 378 0 100
6 B_41 384 0 101
2 B_42 386 0 102
2 B_43 388 0 103
5 B_44 393 0 104
5 B_45 398 0 105
2 B_46 400 0 106
1 B_47 401 0 107
3 B_48 404 0 108
6 B_49 410 0 109
3 B_50 413 0 110
3 B_51 416 0 111
1 B_52 417 0 112
5 B_53 422 0 113
5 B_54 427 0 114
1 B_55 428 0 115
1 B_56 429 0 116
4 B_57 433 0 117
2 B_58 435 0 118
3 B_59 438 0 119
nldp: 438
---------------------
in formation_2
pass
---------------------
in formation_3
pass
---------------------
in formation_4
pass
---------------------
in formation_5
pass
---------------------
in formation_6
pass
---------------------
in formation_7
pass
error in formulation  []
