0
0 A_0 81 0 0
4 B_0 85 0 1
6 A_1 91 0 2
5 B_1 96 0 3
5 A_2 101 0 4
4 A_3 105 0 5
7 B_2 112 0 6
4 A_4 116 0 7
6 B_3 122 0 8
3 A_5 125 0 9
5 B_4 130 0 10
5 A_6 135 0 11
3 A_7 138 0 12
1 A_8 139 0 13
7 B_5 146 0 14
6 A_9 152 0 15
1 A_10 153 0 16
2 A_11 155 0 17
1 A_12 156 0 18
5 B_6 161 0 19
6 A_13 167 0 20
1 A_14 168 0 21
5 B_7 173 0 22
3 B_8 176 0 23
1 B_9 177 0 24
7 A_15 184 0 25
3 B_10 187 0 26
2 B_11 189 0 27
6 A_16 195 0 28
6 B_12 201 0 29
1 B_13 202 0 30
3 B_14 205 0 31
6 A_17 211 0 32
6 B_15 217 0 33
2 B_16 219 0 34
1 B_17 220 0 35
2 B_18 222 0 36
4 A_18 226 0 37
4 B_19 230 0 38
4 A_19 234 0 39
No lane change: 234 142.66900000000004 0.00011301040649414062
---------------------
in formation_2
pass
---------------------
in formation_3
pass
---------------------
in formation_4
pass
---------------------
in formation_5
pass
---------------------
in formation_6
pass
---------------------
in formation_7
pass
error in formulation  []
