1
0 A_0 81 0 0
1 B_0 83 1 1
3 A_1 86 0 2
3 B_1 89 1 3
2 A_2 91 0 4
4 A_3 95 0 5
4 B_2 99 1 6
1 A_4 100 0 7
3 B_3 103 1 8
3 A_5 106 1 9
2 B_4 108 0 10
3 A_6 111 1 11
3 A_7 114 1 12
1 A_8 115 1 13
4 B_5 119 0 14
3 A_9 122 1 15
1 A_10 123 1 16
2 A_11 125 1 17
1 A_12 126 1 18
2 B_6 128 0 19
3 A_13 131 1 20
1 A_14 132 1 21
2 B_7 134 0 22
3 B_8 137 0 23
1 B_9 138 0 24
4 A_15 142 1 25
3 B_10 145 1 26
2 B_11 147 1 27
4 A_16 151 0 28
4 B_12 155 1 29
1 B_13 156 1 30
3 B_14 159 1 31
4 A_17 163 0 32
3 B_15 166 1 33
2 B_16 168 1 34
1 B_17 169 1 35
2 B_18 171 1 36
1 A_18 172 0 37
2 B_19 174 1 38
2 A_19 176 0 39
greedy: 176 110.36900000000003 0.00028014183044433594
---------------------
in formation_2
pass
---------------------
in formation_3
pass
---------------------
in formation_4
pass
---------------------
in formation_5
pass
---------------------
in formation_6
pass
---------------------
in formation_7
pass
error in formulation  []
