2
[2, 2, 0, 0, 2, 2, 2, 0, 0, 0, 0, 0, 0, 0, 0, 0, 0, 0, 0, 0, 0, 0, 0, 0, 2, 2, 2, 0, 2, 2, 2, 2, 2, 2, 2, 2, 2, 2, 2, 2]
0 B_0 81 0 0
3 B_1 84 0 1
4 A_0 88 0 2
2 A_1 90 0 3
4 B_2 94 0 4
1 B_3 95 0 5
1 B_4 96 0 6
3 A_2 99 0 7
4 A_3 103 0 8
2 A_4 105 0 9
3 A_5 108 0 10
1 A_6 109 0 11
3 A_7 112 0 12
1 A_8 113 0 13
3 A_9 116 0 14
1 A_10 117 0 15
2 A_11 119 0 16
1 A_12 120 0 17
3 A_13 123 0 18
1 A_14 124 0 19
1 A_15 125 0 20
2 A_16 127 0 21
4 A_17 131 0 22
1 A_18 132 0 23
4 B_5 136 0 24
2 B_6 138 0 25
2 B_7 140 0 26
3 A_19 143 0 27
7 B_8 150 0 28
1 B_9 151 0 29
2 B_10 153 0 30
2 B_11 155 0 31
3 B_12 158 0 32
1 B_13 159 0 33
3 B_14 162 0 34
2 B_15 164 0 35
2 B_16 166 0 36
1 B_17 167 0 37
2 B_18 169 0 38
1 B_19 170 0 39
dp: 170 107.41900000000003 0.011579751968383789
---------------------
in formation_2
pass
---------------------
in formation_3
pass
---------------------
in formation_4
pass
---------------------
in formation_5
pass
---------------------
in formation_6
pass
---------------------
in formation_7
pass
error in formulation  []
