3
0 A_0 81 0 0
2 A_1 84 0 1
4 A_2 88 0 2
3 B_0 91 0 3
3 B_1 94 0 4
3 B_2 97 0 5
1 B_3 98 0 6
1 B_4 99 0 7
4 B_5 103 0 8
2 B_6 105 0 9
2 B_7 107 0 10
3 B_8 110 0 11
1 B_9 111 0 12
2 B_10 113 0 13
2 B_11 115 0 14
3 B_12 118 0 15
1 B_13 119 0 16
3 B_14 122 0 17
2 B_15 124 0 18
2 B_16 126 0 19
1 B_17 127 0 20
2 B_18 129 0 21
1 B_19 130 0 22
5 A_3 135 0 23
2 A_4 137 0 24
3 A_5 140 0 25
1 A_6 141 0 26
3 A_7 144 0 27
1 A_8 145 0 28
3 A_9 148 0 29
1 A_10 149 0 30
2 A_11 151 0 31
1 A_12 152 0 32
3 A_13 155 0 33
1 A_14 156 0 34
1 A_15 157 0 35
2 A_16 159 0 36
4 A_17 163 0 37
1 A_18 164 0 38
4 A_19 168 0 39
nldp: 168 106.49400000000003 0.0021181106567382812
---------------------
in formation_2
pass
---------------------
in formation_3
pass
---------------------
in formation_4
pass
---------------------
in formation_5
pass
---------------------
in formation_6
pass
---------------------
in formation_7
pass
error in formulation  []
