0
0 B_0 81 0 0
6 B_1 87 0 1
8 A_0 95 0 2
6 B_2 101 0 3
2 B_3 103 0 4
6 B_4 109 0 5
1 B_5 110 0 6
5 A_1 115 0 7
8 B_6 123 0 8
5 A_2 128 0 9
4 B_7 132 0 10
9 A_3 141 0 11
7 B_8 148 0 12
6 A_4 154 0 13
8 B_9 162 0 14
3 B_10 165 0 15
4 A_5 169 0 16
7 B_11 176 0 17
6 B_12 182 0 18
6 A_6 188 0 19
7 B_13 195 0 20
8 A_7 203 0 21
6 B_14 209 0 22
5 A_8 214 0 23
6 B_15 220 0 24
7 A_9 227 0 25
5 B_16 232 0 26
4 A_10 236 0 27
5 A_11 241 0 28
4 A_12 245 0 29
5 A_13 250 0 30
9 B_17 259 0 31
2 B_18 261 0 32
2 B_19 263 0 33
5 A_14 268 0 34
1 A_15 269 0 35
2 A_16 271 0 36
3 A_17 274 0 37
7 B_20 281 0 38
6 B_21 287 0 39
5 A_18 292 0 40
6 B_22 298 0 41
2 B_23 300 0 42
4 A_19 304 0 43
5 B_24 309 0 44
6 A_20 315 0 45
9 B_25 324 0 46
5 A_21 329 0 47
5 B_26 334 0 48
6 A_22 340 0 49
6 B_27 346 0 50
6 A_23 352 0 51
6 B_28 358 0 52
8 A_24 366 0 53
10 B_29 376 0 54
6 A_25 382 0 55
9 B_30 391 0 56
8 A_26 399 0 57
10 B_31 409 0 58
2 B_32 411 0 59
9 A_27 420 0 60
6 A_28 426 0 61
4 B_33 430 0 62
3 B_34 433 0 63
8 A_29 441 0 64
4 A_30 445 0 65
8 B_35 453 0 66
4 A_31 457 0 67
9 B_36 466 0 68
1 B_37 467 0 69
4 A_32 471 0 70
8 B_38 479 0 71
6 B_39 485 0 72
8 A_33 493 0 73
5 A_34 498 0 74
2 A_35 500 0 75
4 A_36 504 0 76
1 A_37 505 0 77
4 A_38 509 0 78
5 A_39 514 0 79
No lane change: 514
---------------------
in formation_2
pass
---------------------
in formation_3
pass
---------------------
in formation_4
pass
---------------------
in formation_5
pass
---------------------
in formation_6
pass
---------------------
in formation_7
pass
error in formulation  []
