1
0 B_0 82 0 0
1 A_0 84 1 1
3 A_1 87 1 2
4 A_2 91 1 3
4 A_3 95 1 4
4 A_4 99 1 5
2 B_1 101 0 6
4 B_2 105 0 7
3 A_5 108 1 8
2 B_3 110 0 9
4 A_6 114 1 10
4 B_4 118 0 11
3 B_5 121 0 12
2 A_7 123 1 13
2 B_6 125 0 14
2 A_8 127 1 15
2 B_7 129 0 16
3 A_9 132 0 17
3 B_8 135 0 18
1 A_10 136 1 19
3 B_9 139 1 20
2 B_10 141 1 21
3 B_11 144 1 22
4 A_11 148 0 23
3 B_12 151 0 24
1 B_13 152 0 25
2 A_12 154 1 26
1 B_14 155 0 27
3 A_13 158 1 28
3 B_15 161 1 29
3 B_16 164 1 30
3 B_17 167 1 31
3 B_18 170 1 32
2 B_19 172 1 33
3 B_20 175 1 34
1 B_21 176 1 35
3 A_14 179 0 36
4 B_22 183 1 37
3 A_15 186 1 38
3 A_16 189 1 39
1 A_17 190 1 40
2 B_23 192 0 41
1 B_24 193 0 42
4 A_18 197 1 43
1 B_25 198 0 44
4 A_19 202 1 45
3 A_20 205 1 46
3 B_26 208 0 47
3 A_21 211 0 48
3 B_27 214 0 49
2 A_22 216 1 50
3 B_28 219 1 51
4 B_29 223 1 52
4 A_23 227 0 53
3 A_24 230 0 54
3 A_25 233 0 55
2 B_30 235 1 56
2 A_26 237 0 57
4 A_27 241 0 58
3 B_31 244 1 59
4 A_28 248 0 60
3 B_32 251 1 61
4 A_29 255 0 62
3 B_33 258 1 63
3 A_30 261 0 64
3 A_31 264 0 65
3 A_32 267 0 66
2 B_34 269 1 67
3 A_33 272 1 68
1 B_35 273 0 69
1 A_34 274 1 70
3 B_36 277 0 71
3 A_35 280 0 72
1 A_36 281 0 73
1 A_37 282 0 74
1 A_38 283 0 75
3 B_37 286 1 76
1 B_38 287 1 77
3 B_39 290 1 78
4 A_39 294 0 79
greedy: 294 156.19312499999995 0.0006818771362304688
---------------------
in formation_2
pass
---------------------
in formation_3
pass
---------------------
in formation_4
pass
---------------------
in formation_5
pass
---------------------
in formation_6
pass
---------------------
in formation_7
pass
error in formulation  []
