2
[2, 1, 2, 2, 2, 2, 2, 2, 2, 2, 2, 2, 2, 0, 3, 0, 0, 0, 0, 2, 1, 2, 2, 2, 2, 2, 2, 2, 1, 1, 1, 1, 2, 2, 2, 1, 1, 3, 3, 3, 0, 0, 0, 0, 0, 0, 3, 0, 0, 0, 0, 0, 3, 0, 0, 0, 3, 0, 3, 1, 2, 2, 2, 2, 1, 1, 1, 2, 2, 2, 0, 3, 0, 0, 0, 0, 0, 0, 2, 0]
0 B_0 81 0 0
1 A_0 85 1 1
4 B_1 89 0 2
2 B_2 91 0 3
2 B_3 93 0 4
6 B_4 99 0 5
1 B_5 100 0 6
4 B_6 104 0 7
1 B_7 105 0 8
1 B_8 106 0 9
4 B_9 110 0 10
3 B_10 113 0 11
4 B_11 117 0 12
5 A_1 122 0 13
4 B_12 126 1 14
3 A_2 129 0 15
1 A_3 130 0 16
2 A_4 132 0 17
4 A_5 136 0 18
8 B_13 144 0 19
4 A_6 148 1 20
1 B_14 149 0 21
1 B_15 150 0 22
4 B_16 154 0 23
4 B_17 158 0 24
2 B_18 160 0 25
2 B_19 162 0 26
1 B_20 163 0 27
4 A_7 167 1 28
4 A_8 171 1 29
4 A_9 175 1 30
4 A_10 179 1 31
4 B_21 183 0 32
3 B_22 186 0 33
2 B_23 188 0 34
3 A_11 191 1 35
4 A_12 195 1 36
4 B_24 199 1 37
4 B_25 203 1 38
3 B_26 206 1 39
1 A_13 207 0 40
3 A_14 210 0 41
1 A_15 211 0 42
2 A_16 213 0 43
3 A_17 216 0 44
1 A_18 217 0 45
1 B_27 218 1 46
1 A_19 219 0 47
2 A_20 221 0 48
5 A_21 226 0 49
2 A_22 228 0 50
2 A_23 230 0 51
2 B_28 232 1 52
5 A_24 237 0 53
3 A_25 240 0 54
3 A_26 243 0 55
2 B_29 245 1 56
3 A_27 248 0 57
3 B_30 251 1 58
3 A_28 254 1 59
1 B_31 255 0 60
2 B_32 257 0 61
1 B_33 258 0 62
3 B_34 261 0 63
4 A_29 265 1 64
4 A_30 269 1 65
5 A_31 274 1 66
2 B_35 276 0 67
5 B_36 281 0 68
1 B_37 282 0 69
4 A_32 286 0 70
4 B_38 290 1 71
4 A_33 294 0 72
5 A_34 299 0 73
2 A_35 301 0 74
4 A_36 305 0 75
1 A_37 306 0 76
4 A_38 310 0 77
4 B_39 314 0 78
3 A_39 317 0 79
dp: 317
---------------------
in formation_2
pass
---------------------
in formation_3
pass
---------------------
in formation_4
pass
---------------------
in formation_5
pass
---------------------
in formation_6
pass
---------------------
in formation_7
pass
error in formulation  []
