3
0 A_0 82 0 0
3 A_1 85 0 1
4 A_2 89 0 2
4 A_3 93 0 3
4 A_4 97 0 4
2 A_5 99 0 5
2 A_6 101 0 6
3 A_7 104 0 7
4 A_8 108 0 8
1 A_9 109 0 9
1 A_10 110 0 10
2 A_11 112 0 11
3 A_12 115 0 12
1 A_13 116 0 13
1 A_14 117 0 14
3 A_15 120 0 15
3 B_0 123 0 16
4 B_1 127 0 17
4 A_16 131 0 18
1 A_17 132 0 19
2 A_18 134 0 20
3 B_2 137 0 21
2 B_3 139 0 22
4 B_4 143 0 23
3 B_5 146 0 24
4 B_6 150 0 25
3 A_19 153 0 26
3 A_20 156 0 27
4 A_21 160 0 28
1 A_22 161 0 29
4 A_23 165 0 30
3 A_24 168 0 31
3 A_25 171 0 32
2 A_26 173 0 33
4 A_27 177 0 34
3 A_28 180 0 35
3 A_29 183 0 36
1 A_30 184 0 37
3 A_31 187 0 38
3 B_7 190 0 39
1 B_8 191 0 40
3 B_9 194 0 41
2 B_10 196 0 42
3 B_11 199 0 43
2 B_12 201 0 44
1 B_13 202 0 45
1 B_14 203 0 46
3 B_15 206 0 47
3 B_16 209 0 48
3 B_17 212 0 49
3 B_18 215 0 50
2 B_19 217 0 51
3 B_20 220 0 52
1 B_21 221 0 53
3 B_22 224 0 54
1 B_23 225 0 55
1 B_24 226 0 56
3 B_25 229 0 57
3 B_26 232 0 58
4 B_27 236 0 59
4 B_28 240 0 60
3 A_32 243 0 61
3 A_33 246 0 62
1 A_34 247 0 63
2 A_35 249 0 64
1 A_36 250 0 65
1 A_37 251 0 66
1 A_38 252 0 67
1 A_39 253 0 68
3 B_29 256 0 69
2 B_30 258 0 70
3 B_31 261 0 71
3 B_32 264 0 72
3 B_33 267 0 73
1 B_34 268 0 74
2 B_35 270 0 75
1 B_36 271 0 76
1 B_37 272 0 77
1 B_38 273 0 78
3 B_39 276 0 79
nldp: 276 151.1806249999999 0.011456012725830078
---------------------
in formation_2
pass
---------------------
in formation_3
pass
---------------------
in formation_4
pass
---------------------
in formation_5
pass
---------------------
in formation_6
pass
---------------------
in formation_7
pass
error in formulation  []
