A_0 1.88 A 0 [2, 1, 1, 1, 3, 1, 3, 3, 1, 3, 1, 1, 4, 3, 4, 4, 3, 3, 1, 3, 3, 4, 1, 3, 2, 1, 2, 2, 2, 3, 4, 1, 2, 2, 4, 4, 4, 1, 4, 1] [4, 3, 3, 4, 5, 3, 6, 5, 4, 6, 5, 5, 8, 6, 6, 7, 5, 5, 4, 7, 7, 6, 4, 6, 4, 5, 6, 6, 6, 5, 7, 3, 4, 6, 8, 6, 8, 3, 8, 4]
A_1 2.88 A 1 [1, 4, 4, 3, 3, 4, 2, 2, 2, 3, 2, 4, 3, 2, 2, 3, 1, 2, 1, 3, 2, 1, 1, 2, 2, 2, 2, 3, 2, 4, 1, 3, 2, 2, 4, 1, 1, 1, 2, 4] [3, 8, 6, 5, 7, 8, 5, 6, 4, 7, 6, 7, 7, 5, 4, 5, 5, 5, 5, 7, 4, 5, 4, 5, 4, 4, 4, 5, 6, 8, 3, 6, 6, 4, 8, 5, 5, 4, 6, 8]
A_2 3.88 A 2 [1, 4, 4, 1, 4, 3, 1, 4, 3, 2, 1, 4, 3, 4, 1, 3, 4, 2, 2, 2, 3, 1, 3, 3, 2, 3, 2, 1, 1, 2, 3, 3, 1, 4, 3, 3, 1, 3, 1, 1] [3, 6, 7, 5, 6, 5, 4, 8, 7, 4, 5, 8, 6, 6, 5, 7, 6, 5, 4, 4, 7, 4, 6, 6, 6, 5, 4, 4, 4, 5, 7, 6, 3, 8, 5, 6, 4, 6, 4, 4]
A_3 4.88 A 3 [1, 3, 1, 4, 4, 4, 3, 3, 2, 3, 4, 3, 2, 4, 1, 1, 2, 3, 1, 2, 3, 3, 4, 1, 4, 2, 2, 1, 3, 2, 4, 4, 1, 2, 1, 4, 2, 3, 2, 3] [4, 5, 5, 8, 6, 6, 7, 6, 6, 5, 8, 6, 5, 7, 3, 3, 6, 7, 3, 4, 6, 5, 7, 4, 8, 4, 5, 4, 7, 5, 8, 7, 4, 4, 4, 6, 6, 6, 6, 5]
A_4 6.5 A 4 [3, 3, 4, 4, 1, 4, 2, 4, 1, 1, 2, 2, 2, 4, 4, 3, 4, 1, 1, 2, 4, 4, 2, 2, 4, 3, 3, 2, 4, 2, 3, 4, 1, 4, 4, 4, 3, 4, 3, 3] [5, 7, 6, 6, 5, 8, 5, 8, 5, 5, 6, 6, 5, 7, 6, 6, 8, 3, 5, 5, 7, 6, 6, 6, 6, 6, 6, 4, 7, 4, 5, 6, 5, 7, 7, 7, 5, 6, 6, 6]
A_5 7.5 A 5 [1, 4, 3, 4, 4, 3, 4, 2, 2, 4, 4, 1, 1, 2, 2, 2, 3, 3, 2, 1, 2, 4, 1, 3, 3, 1, 4, 1, 4, 4, 4, 3, 2, 2, 2, 3, 2, 2, 4, 2] [3, 8, 5, 6, 8, 6, 6, 6, 6, 8, 7, 4, 5, 5, 5, 6, 7, 5, 5, 5, 5, 7, 4, 5, 5, 3, 6, 5, 8, 8, 7, 5, 4, 5, 6, 5, 5, 6, 7, 5]
A_6 8.5 A 6 [3, 2, 1, 3, 2, 4, 4, 1, 4, 1, 1, 3, 4, 2, 2, 2, 3, 2, 3, 2, 1, 1, 3, 1, 3, 1, 4, 3, 1, 4, 2, 1, 2, 3, 3, 3, 4, 1, 1, 1] [6, 5, 4, 7, 5, 6, 7, 4, 8, 4, 4, 5, 6, 6, 6, 6, 6, 4, 6, 6, 4, 4, 7, 3, 5, 3, 6, 5, 5, 7, 4, 4, 6, 5, 7, 7, 6, 4, 3, 3]
A_7 9.5 A 7 [3, 2, 4, 3, 4, 2, 1, 2, 1, 3, 1, 3, 3, 2, 3, 2, 1, 4, 1, 3, 4, 3, 1, 1, 4, 4, 3, 1, 3, 1, 3, 1, 4, 3, 3, 3, 2, 1, 4, 2] [5, 6, 8, 6, 8, 6, 4, 4, 5, 6, 4, 6, 7, 4, 7, 5, 4, 8, 4, 5, 6, 6, 5, 3, 7, 6, 7, 4, 7, 4, 7, 3, 7, 6, 5, 7, 6, 4, 6, 5]
A_8 11.51 A 8 [1, 2, 3, 2, 1, 2, 4, 1, 1, 3, 4, 4, 2, 1, 3, 1, 1, 2, 2, 3, 4, 2, 3, 4, 4, 4, 3, 2, 2, 2, 2, 2, 4, 3, 1, 3, 3, 1, 2, 2] [4, 4, 7, 6, 5, 6, 8, 5, 3, 5, 8, 7, 6, 3, 7, 5, 5, 5, 4, 5, 8, 5, 6, 6, 6, 8, 5, 5, 4, 4, 5, 5, 7, 6, 4, 5, 6, 4, 5, 5]
A_9 14.57 A 9 [3, 3, 2, 3, 1, 4, 1, 3, 3, 2, 4, 2, 3, 4, 3, 2, 2, 3, 1, 1, 4, 4, 1, 4, 2, 2, 3, 1, 1, 2, 4, 1, 4, 2, 3, 3, 4, 3, 2, 4] [6, 7, 4, 5, 5, 8, 4, 6, 5, 4, 8, 4, 5, 6, 7, 6, 5, 5, 4, 5, 6, 8, 5, 8, 6, 4, 5, 3, 4, 6, 7, 4, 7, 6, 7, 6, 7, 5, 5, 8]
A_10 16.080000000000002 A 10 [1, 2, 1, 4, 2, 4, 1, 1, 4, 4, 1, 2, 4, 1, 2, 3, 2, 3, 4, 1, 4, 2, 1, 3, 2, 3, 3, 2, 4, 2, 2, 4, 2, 2, 1, 4, 3, 3, 1, 3] [5, 6, 5, 8, 6, 7, 4, 4, 8, 8, 5, 5, 6, 4, 4, 6, 5, 5, 6, 4, 7, 6, 4, 5, 5, 6, 6, 5, 6, 5, 4, 8, 5, 4, 3, 6, 5, 5, 5, 5]
A_11 21.87 A 11 [1, 4, 4, 3, 2, 1, 3, 3, 4, 2, 2, 3, 3, 1, 3, 2, 2, 1, 1, 2, 3, 1, 4, 3, 3, 1, 3, 4, 4, 1, 2, 1, 1, 1, 2, 1, 2, 3, 3, 1] [5, 7, 8, 6, 6, 4, 5, 6, 7, 4, 5, 7, 6, 3, 5, 5, 6, 3, 4, 5, 5, 4, 8, 6, 7, 4, 5, 6, 7, 3, 4, 3, 3, 4, 4, 4, 5, 7, 6, 4]
A_12 22.87 A 12 [4, 3, 3, 2, 2, 1, 4, 3, 2, 3, 4, 3, 2, 4, 3, 2, 3, 3, 4, 1, 3, 3, 3, 2, 1, 1, 1, 2, 3, 3, 4, 1, 2, 3, 1, 1, 2, 1, 3, 2] [8, 7, 6, 5, 5, 5, 6, 7, 6, 5, 6, 6, 5, 7, 7, 4, 7, 7, 7, 4, 7, 6, 7, 5, 4, 3, 4, 4, 5, 6, 7, 4, 4, 6, 3, 3, 5, 5, 7, 4]
A_13 26.6 A 13 [3, 2, 4, 4, 4, 2, 2, 2, 1, 4, 1, 1, 4, 2, 3, 2, 4, 3, 1, 4, 4, 2, 3, 2, 2, 2, 2, 2, 1, 3, 3, 2, 3, 2, 2, 3, 4, 3, 2, 1] [6, 5, 6, 7, 7, 5, 6, 4, 3, 6, 4, 3, 7, 4, 5, 4, 7, 7, 4, 8, 7, 4, 7, 6, 6, 6, 5, 5, 5, 6, 5, 6, 6, 4, 6, 5, 7, 6, 4, 4]
A_14 28.720000000000002 A 14 [4, 2, 1, 1, 4, 2, 2, 3, 3, 3, 2, 3, 3, 3, 1, 4, 2, 4, 1, 2, 3, 4, 3, 1, 1, 2, 4, 1, 2, 1, 1, 4, 3, 1, 2, 2, 1, 4, 1, 3] [6, 4, 5, 3, 6, 5, 6, 7, 7, 7, 4, 5, 7, 5, 5, 8, 6, 8, 3, 4, 7, 7, 5, 3, 4, 6, 7, 5, 4, 4, 3, 8, 7, 3, 5, 6, 5, 7, 5, 6]
A_15 31.320000000000004 A 15 [4, 3, 3, 1, 3, 2, 2, 2, 1, 2, 3, 2, 2, 2, 4, 2, 3, 3, 3, 4, 1, 2, 4, 2, 1, 1, 3, 1, 2, 3, 3, 4, 4, 1, 1, 4, 1, 3, 4, 3] [7, 5, 7, 3, 6, 6, 6, 5, 5, 6, 6, 5, 4, 4, 8, 6, 5, 5, 7, 6, 4, 5, 7, 5, 3, 4, 5, 3, 6, 6, 7, 7, 8, 4, 4, 6, 5, 6, 6, 6]
A_16 32.32000000000001 A 16 [3, 1, 4, 2, 4, 3, 3, 1, 1, 2, 2, 2, 3, 4, 2, 3, 2, 2, 3, 4, 4, 2, 3, 4, 2, 4, 4, 4, 1, 3, 1, 1, 4, 1, 2, 4, 2, 1, 4, 3] [5, 5, 6, 6, 8, 7, 6, 4, 5, 5, 5, 6, 7, 7, 6, 5, 4, 4, 6, 7, 8, 5, 7, 7, 4, 6, 7, 8, 3, 7, 4, 3, 8, 3, 6, 6, 6, 4, 8, 7]
A_17 33.32000000000001 A 17 [3, 2, 2, 3, 1, 3, 2, 4, 2, 3, 3, 1, 3, 3, 4, 3, 2, 3, 3, 3, 1, 1, 1, 3, 4, 3, 3, 1, 3, 4, 3, 3, 2, 1, 1, 4, 2, 2, 3, 3] [5, 5, 5, 7, 3, 5, 4, 8, 5, 5, 5, 3, 7, 7, 8, 5, 4, 7, 5, 5, 5, 3, 3, 5, 6, 5, 7, 3, 7, 6, 6, 6, 4, 5, 4, 8, 6, 4, 5, 6]
A_18 34.32000000000001 A 18 [1, 1, 2, 1, 1, 2, 3, 1, 2, 1, 4, 1, 4, 1, 1, 3, 3, 3, 4, 2, 3, 2, 1, 3, 3, 3, 3, 4, 3, 4, 2, 3, 4, 1, 1, 4, 1, 4, 3, 2] [4, 5, 4, 3, 5, 5, 6, 4, 4, 4, 6, 4, 7, 4, 3, 7, 6, 5, 6, 6, 5, 5, 4, 7, 6, 7, 7, 8, 6, 8, 6, 7, 7, 4, 3, 8, 4, 7, 5, 5]
A_19 40.45000000000001 A 19 [3, 3, 2, 2, 2, 1, 2, 3, 3, 1, 1, 2, 1, 4, 2, 4, 4, 3, 2, 3, 3, 3, 2, 2, 1, 2, 3, 3, 3, 4, 1, 3, 1, 4, 4, 2, 2, 3, 3, 4] [7, 7, 4, 4, 5, 5, 6, 5, 5, 5, 4, 5, 4, 8, 4, 6, 7, 5, 6, 6, 6, 6, 5, 5, 4, 5, 6, 5, 7, 8, 3, 7, 4, 7, 6, 5, 5, 7, 7, 6]
B_0 1 B 20 [3, 2, 3, 3, 4, 2, 1, 4, 4, 4, 4, 3, 3, 4, 3, 1, 4, 1, 3, 3, 2, 3, 2, 1, 1, 1, 1, 3, 3, 3, 3, 2, 1, 2, 2, 1, 1, 1, 1, 2] [7, 4, 7, 6, 7, 5, 4, 6, 8, 6, 7, 5, 7, 7, 7, 4, 8, 5, 5, 6, 5, 5, 6, 5, 5, 5, 5, 6, 6, 5, 5, 5, 3, 4, 4, 5, 4, 5, 5, 6]
B_1 2.91 B 21 [4, 1, 1, 3, 4, 4, 1, 3, 2, 4, 2, 1, 3, 2, 4, 2, 2, 1, 2, 3, 3, 4, 3, 1, 4, 1, 3, 3, 3, 2, 4, 1, 1, 3, 3, 1, 3, 3, 1, 2] [6, 5, 4, 5, 6, 7, 4, 6, 5, 8, 6, 4, 6, 4, 7, 5, 5, 3, 5, 6, 5, 6, 6, 4, 6, 5, 6, 6, 5, 5, 7, 4, 4, 5, 5, 5, 7, 6, 3, 6]
B_2 3.91 B 22 [1, 1, 3, 4, 2, 1, 3, 1, 3, 1, 1, 4, 3, 3, 3, 4, 3, 1, 1, 2, 2, 3, 1, 3, 3, 3, 2, 3, 2, 4, 3, 4, 2, 3, 4, 1, 2, 3, 2, 2] [4, 4, 6, 7, 6, 4, 7, 5, 6, 5, 4, 8, 7, 7, 5, 7, 7, 3, 4, 5, 6, 6, 3, 5, 5, 7, 6, 5, 5, 8, 6, 6, 5, 6, 7, 3, 6, 7, 4, 5]
B_3 4.91 B 23 [3, 2, 3, 1, 2, 3, 1, 1, 4, 4, 3, 3, 2, 2, 1, 2, 4, 3, 3, 2, 1, 1, 3, 1, 4, 4, 4, 2, 1, 2, 2, 1, 4, 3, 4, 2, 1, 2, 4, 1] [6, 5, 6, 4, 6, 5, 3, 3, 6, 8, 5, 6, 5, 6, 3, 5, 7, 5, 7, 5, 5, 4, 5, 3, 7, 7, 6, 6, 5, 6, 4, 3, 6, 6, 8, 4, 3, 5, 6, 3]
B_4 6.04 B 24 [2, 2, 2, 4, 4, 3, 3, 4, 4, 2, 2, 3, 1, 2, 1, 1, 2, 4, 3, 1, 1, 4, 3, 4, 1, 4, 3, 2, 4, 1, 2, 3, 4, 3, 4, 2, 2, 3, 3, 4] [4, 4, 6, 8, 6, 5, 5, 7, 6, 6, 5, 7, 4, 6, 4, 3, 4, 6, 6, 4, 5, 6, 5, 7, 3, 7, 6, 4, 6, 3, 6, 6, 6, 5, 7, 6, 4, 5, 5, 8]
B_5 7.04 B 25 [1, 2, 3, 2, 3, 1, 1, 4, 4, 2, 3, 1, 1, 2, 2, 1, 4, 3, 3, 2, 1, 1, 3, 4, 4, 1, 4, 4, 3, 4, 4, 1, 3, 3, 4, 2, 3, 4, 4, 1] [5, 4, 5, 4, 6, 3, 3, 6, 8, 4, 6, 4, 3, 6, 6, 4, 6, 5, 7, 5, 5, 5, 7, 7, 7, 3, 6, 8, 5, 8, 8, 3, 7, 6, 7, 4, 7, 8, 7, 3]
B_6 8.04 B 26 [2, 2, 2, 2, 3, 4, 4, 3, 3, 3, 3, 3, 1, 2, 4, 3, 4, 3, 3, 3, 1, 3, 2, 4, 3, 4, 1, 4, 2, 1, 2, 4, 2, 2, 1, 4, 4, 1, 2, 4] [6, 4, 4, 5, 6, 6, 6, 7, 5, 5, 6, 5, 4, 5, 7, 5, 7, 7, 7, 6, 5, 6, 6, 6, 6, 6, 3, 6, 5, 5, 5, 7, 6, 4, 4, 8, 7, 4, 5, 7]
B_7 9.049999999999999 B 27 [2, 3, 1, 1, 2, 1, 3, 1, 2, 1, 2, 4, 2, 2, 1, 1, 4, 1, 4, 3, 3, 3, 3, 2, 2, 4, 4, 3, 3, 2, 4, 4, 1, 1, 3, 1, 4, 2, 4, 4] [6, 5, 4, 4, 4, 5, 5, 4, 5, 3, 5, 6, 4, 5, 5, 3, 8, 3, 8, 5, 6, 6, 5, 6, 4, 8, 6, 6, 7, 4, 8, 7, 3, 5, 7, 5, 8, 4, 6, 7]
B_8 10.049999999999999 B 28 [2, 2, 1, 3, 4, 4, 1, 3, 2, 1, 4, 4, 3, 1, 2, 2, 1, 3, 3, 3, 3, 3, 2, 1, 4, 3, 2, 3, 2, 3, 1, 3, 4, 1, 3, 4, 2, 1, 1, 1] [6, 6, 4, 7, 7, 8, 5, 7, 4, 4, 6, 7, 5, 5, 4, 6, 3, 7, 6, 7, 6, 5, 5, 5, 6, 5, 5, 7, 4, 6, 4, 6, 8, 5, 7, 6, 4, 3, 3, 4]
B_9 11.049999999999999 B 29 [3, 4, 2, 2, 2, 4, 4, 1, 2, 2, 2, 1, 3, 3, 1, 3, 3, 4, 4, 4, 3, 2, 4, 2, 1, 4, 1, 2, 3, 1, 2, 2, 3, 4, 1, 3, 2, 4, 4, 2] [5, 8, 5, 5, 4, 8, 7, 4, 4, 6, 5, 3, 6, 6, 4, 6, 7, 6, 8, 8, 5, 5, 8, 6, 3, 8, 5, 4, 6, 3, 4, 6, 5, 6, 4, 7, 4, 6, 8, 6]
B_10 12.049999999999999 B 30 [4, 1, 3, 4, 3, 4, 2, 3, 2, 4, 2, 2, 4, 3, 1, 3, 1, 3, 2, 1, 3, 4, 3, 2, 2, 4, 2, 4, 1, 2, 3, 1, 4, 2, 1, 1, 2, 3, 4, 3] [7, 3, 7, 8, 5, 7, 4, 7, 5, 7, 4, 4, 7, 5, 3, 7, 4, 6, 6, 3, 5, 7, 6, 4, 6, 8, 5, 8, 4, 4, 5, 5, 8, 4, 5, 3, 4, 5, 6, 5]
B_11 13.049999999999999 B 31 [1, 3, 3, 4, 4, 3, 1, 1, 2, 1, 4, 1, 1, 2, 4, 4, 1, 3, 3, 3, 2, 1, 4, 1, 3, 1, 4, 4, 3, 2, 1, 3, 4, 4, 3, 2, 4, 4, 2, 4] [3, 6, 6, 7, 6, 5, 4, 3, 5, 4, 8, 3, 4, 6, 8, 7, 3, 6, 7, 7, 5, 4, 6, 3, 6, 3, 7, 7, 6, 6, 5, 6, 8, 7, 5, 5, 7, 6, 6, 8]
B_12 14.409999999999998 B 32 [2, 2, 1, 1, 1, 2, 2, 4, 4, 4, 2, 1, 2, 3, 3, 4, 4, 2, 4, 1, 1, 1, 2, 4, 4, 3, 2, 1, 4, 3, 4, 4, 2, 1, 3, 3, 4, 1, 2, 3] [4, 6, 3, 4, 5, 4, 6, 7, 7, 7, 5, 3, 4, 6, 7, 8, 8, 4, 7, 4, 3, 4, 5, 6, 6, 7, 6, 3, 8, 5, 8, 8, 6, 5, 6, 6, 8, 5, 6, 6]
B_13 16.069999999999997 B 33 [2, 2, 4, 2, 4, 2, 3, 3, 3, 2, 2, 1, 3, 2, 1, 1, 1, 1, 1, 4, 2, 3, 3, 3, 3, 3, 2, 1, 1, 4, 2, 4, 1, 3, 2, 1, 4, 3, 2, 1] [6, 4, 8, 4, 7, 5, 5, 6, 6, 6, 4, 4, 6, 4, 3, 4, 3, 5, 4, 7, 4, 5, 6, 6, 5, 6, 4, 5, 5, 6, 4, 7, 5, 5, 4, 4, 8, 5, 4, 3]
B_14 17.83 B 34 [4, 4, 3, 1, 4, 2, 3, 3, 1, 3, 1, 2, 1, 2, 2, 1, 2, 1, 1, 4, 2, 3, 4, 4, 4, 4, 1, 3, 3, 1, 1, 3, 3, 2, 1, 1, 1, 4, 2, 1] [8, 8, 5, 4, 7, 6, 7, 5, 4, 7, 3, 4, 3, 6, 5, 4, 6, 4, 3, 6, 4, 5, 7, 8, 7, 7, 4, 7, 7, 4, 5, 5, 6, 4, 3, 5, 4, 7, 4, 3]
B_15 18.84 B 35 [4, 1, 3, 4, 4, 3, 3, 3, 3, 3, 4, 1, 1, 3, 2, 4, 4, 4, 4, 2, 1, 1, 1, 2, 2, 2, 4, 1, 4, 3, 1, 2, 3, 1, 1, 3, 2, 2, 2, 2] [6, 5, 6, 6, 7, 5, 7, 7, 5, 6, 6, 4, 3, 5, 6, 6, 6, 8, 8, 5, 5, 5, 3, 4, 6, 4, 8, 5, 6, 7, 3, 5, 6, 4, 5, 7, 4, 4, 4, 6]
B_16 19.84 B 36 [4, 1, 1, 2, 3, 2, 4, 2, 3, 4, 3, 2, 2, 4, 1, 1, 2, 2, 1, 2, 1, 3, 2, 1, 2, 3, 4, 4, 2, 2, 2, 4, 4, 4, 1, 2, 3, 2, 1, 3] [8, 5, 4, 6, 5, 5, 6, 6, 6, 7, 5, 5, 5, 7, 5, 5, 6, 6, 4, 5, 4, 7, 6, 3, 4, 7, 7, 8, 4, 4, 4, 7, 8, 8, 4, 4, 5, 6, 5, 6]
B_17 20.84 B 37 [1, 1, 3, 3, 4, 2, 1, 1, 1, 3, 3, 3, 1, 3, 4, 3, 1, 2, 4, 3, 1, 3, 3, 2, 3, 4, 1, 2, 1, 4, 3, 4, 1, 3, 4, 2, 2, 1, 2, 2] [3, 4, 6, 6, 6, 6, 4, 4, 4, 5, 5, 7, 5, 6, 7, 6, 4, 4, 7, 7, 5, 6, 7, 5, 5, 8, 4, 4, 3, 6, 5, 6, 5, 5, 7, 4, 6, 5, 5, 5]
B_18 21.84 B 38 [4, 2, 1, 2, 3, 4, 1, 4, 2, 2, 1, 3, 3, 2, 1, 4, 4, 3, 3, 3, 1, 1, 2, 4, 3, 4, 2, 4, 1, 4, 4, 2, 2, 2, 2, 2, 1, 2, 2, 3] [8, 6, 4, 6, 6, 7, 3, 6, 5, 5, 5, 6, 7, 4, 5, 6, 8, 5, 5, 7, 5, 3, 4, 6, 5, 7, 5, 6, 3, 8, 6, 6, 6, 4, 4, 4, 5, 5, 6, 5]
B_19 23.09 B 39 [1, 4, 1, 3, 3, 2, 1, 2, 2, 4, 3, 1, 2, 1, 3, 3, 3, 3, 2, 4, 2, 2, 2, 1, 4, 1, 4, 4, 1, 2, 3, 4, 3, 1, 1, 2, 3, 2, 3, 4] [4, 8, 4, 5, 6, 5, 3, 5, 5, 8, 5, 4, 4, 4, 6, 6, 7, 6, 5, 6, 6, 6, 5, 3, 8, 3, 7, 7, 4, 6, 5, 8, 6, 3, 3, 6, 6, 5, 5, 6]
