A_0 1 A 0 [4, 3, 1, 4, 2, 4, 2, 4, 4, 3, 3, 4, 1, 2, 3, 1, 2, 1, 4, 4, 3, 4, 2, 3, 4, 1, 4, 1, 3, 2, 3, 4, 1, 3, 1, 1, 2, 2, 2, 1] [7, 6, 3, 8, 6, 7, 6, 6, 7, 6, 5, 7, 4, 5, 7, 3, 4, 3, 7, 6, 5, 8, 6, 6, 8, 3, 6, 4, 5, 6, 6, 8, 3, 5, 3, 5, 4, 4, 4, 4]
A_1 2 A 1 [3, 1, 1, 1, 4, 3, 2, 1, 3, 1, 1, 3, 2, 1, 3, 1, 1, 3, 3, 4, 2, 4, 1, 1, 2, 4, 3, 4, 2, 3, 4, 2, 1, 4, 3, 4, 4, 4, 1, 1] [6, 3, 5, 3, 6, 6, 6, 5, 7, 4, 5, 6, 5, 4, 6, 4, 5, 7, 7, 8, 5, 7, 3, 5, 4, 8, 7, 6, 4, 7, 6, 6, 5, 6, 5, 8, 6, 7, 4, 4]
A_2 5.140000000000001 A 2 [1, 1, 2, 3, 1, 2, 1, 2, 2, 3, 1, 4, 1, 1, 3, 3, 4, 4, 3, 1, 3, 3, 1, 3, 3, 2, 2, 3, 2, 3, 3, 2, 4, 4, 2, 2, 1, 3, 1, 1] [3, 5, 4, 7, 4, 4, 4, 6, 5, 7, 5, 6, 4, 3, 5, 5, 8, 6, 5, 5, 5, 6, 5, 5, 6, 4, 6, 7, 6, 5, 6, 4, 6, 6, 5, 6, 5, 7, 4, 4]
A_3 6.140000000000001 A 3 [4, 1, 3, 4, 1, 1, 4, 1, 3, 4, 2, 4, 2, 4, 1, 1, 1, 1, 1, 3, 3, 1, 2, 2, 2, 3, 4, 2, 4, 2, 1, 3, 3, 3, 2, 2, 4, 1, 1, 2] [8, 3, 7, 8, 5, 5, 7, 4, 6, 7, 5, 7, 4, 7, 3, 4, 4, 5, 4, 7, 5, 5, 4, 4, 5, 7, 7, 4, 8, 5, 3, 6, 5, 7, 5, 5, 7, 4, 5, 5]
A_4 8.190000000000001 A 4 [2, 4, 1, 1, 4, 3, 2, 3, 2, 4, 2, 2, 4, 3, 1, 2, 4, 1, 4, 2, 2, 3, 2, 2, 1, 2, 4, 4, 3, 2, 1, 1, 1, 1, 3, 2, 3, 4, 2, 4] [6, 6, 4, 5, 6, 7, 4, 7, 5, 7, 6, 6, 7, 7, 4, 5, 8, 4, 8, 6, 4, 6, 5, 5, 4, 4, 7, 8, 5, 4, 5, 4, 4, 4, 5, 6, 6, 7, 6, 6]
A_5 9.420000000000002 A 5 [4, 3, 2, 1, 3, 3, 3, 4, 4, 1, 2, 1, 4, 4, 1, 4, 3, 4, 3, 4, 3, 4, 1, 4, 2, 3, 2, 3, 2, 2, 1, 2, 2, 4, 3, 2, 3, 3, 2, 1] [7, 6, 4, 5, 7, 5, 7, 6, 6, 4, 6, 4, 7, 8, 5, 6, 6, 6, 7, 7, 6, 6, 4, 8, 5, 5, 5, 6, 4, 4, 4, 6, 6, 7, 6, 5, 7, 5, 6, 4]
A_6 11.350000000000001 A 6 [2, 2, 1, 4, 2, 3, 3, 2, 4, 2, 4, 4, 2, 2, 4, 3, 3, 1, 2, 1, 2, 3, 2, 3, 1, 3, 3, 4, 1, 3, 1, 2, 4, 3, 4, 1, 1, 4, 4, 1] [6, 6, 4, 7, 4, 7, 7, 6, 7, 4, 7, 6, 5, 5, 7, 7, 5, 4, 5, 4, 6, 5, 5, 7, 3, 6, 6, 6, 4, 7, 3, 6, 6, 5, 8, 4, 5, 7, 7, 5]
A_7 14.010000000000002 A 7 [4, 1, 2, 1, 3, 4, 2, 2, 3, 4, 4, 3, 4, 2, 3, 4, 4, 4, 1, 1, 1, 3, 2, 4, 1, 1, 4, 1, 4, 3, 3, 2, 4, 2, 1, 1, 2, 1, 2, 4] [6, 5, 6, 4, 7, 6, 6, 4, 6, 8, 7, 5, 6, 4, 7, 6, 6, 7, 3, 4, 3, 5, 4, 6, 3, 5, 7, 4, 8, 7, 5, 4, 6, 5, 3, 5, 6, 4, 5, 6]
A_8 15.010000000000002 A 8 [4, 3, 2, 3, 2, 4, 4, 3, 3, 4, 4, 4, 1, 3, 4, 3, 1, 1, 4, 2, 4, 2, 2, 4, 1, 2, 4, 1, 2, 4, 4, 3, 4, 1, 3, 1, 1, 2, 1, 4] [7, 7, 5, 6, 5, 6, 7, 6, 5, 7, 6, 7, 5, 5, 8, 7, 5, 5, 8, 4, 8, 6, 4, 7, 3, 4, 7, 3, 6, 6, 6, 7, 8, 4, 6, 4, 3, 4, 5, 7]
A_9 17.19 A 9 [3, 1, 3, 4, 4, 1, 2, 4, 4, 3, 1, 3, 1, 2, 3, 3, 3, 2, 3, 4, 4, 1, 3, 3, 3, 1, 2, 1, 2, 4, 1, 4, 3, 2, 2, 1, 4, 4, 2, 2] [6, 4, 7, 7, 7, 4, 4, 8, 7, 7, 4, 6, 5, 5, 5, 5, 7, 4, 6, 6, 7, 3, 6, 5, 6, 5, 6, 5, 4, 8, 3, 8, 6, 6, 4, 5, 8, 7, 4, 5]
A_10 18.19 A 10 [3, 1, 1, 2, 2, 2, 4, 4, 4, 1, 4, 1, 2, 4, 2, 3, 4, 1, 3, 4, 3, 1, 2, 1, 4, 3, 4, 4, 3, 4, 3, 3, 4, 2, 3, 4, 4, 1, 4, 3] [5, 5, 5, 5, 6, 6, 7, 7, 6, 4, 8, 5, 6, 6, 6, 6, 8, 4, 7, 7, 7, 3, 4, 5, 7, 7, 8, 6, 6, 6, 7, 7, 6, 5, 7, 8, 7, 3, 6, 6]
A_11 19.19 A 11 [4, 3, 4, 4, 2, 1, 4, 3, 4, 3, 1, 4, 4, 3, 2, 2, 4, 1, 1, 2, 1, 3, 2, 1, 3, 1, 2, 3, 3, 3, 3, 1, 3, 2, 4, 1, 3, 3, 1, 4] [7, 6, 6, 7, 6, 4, 6, 5, 7, 6, 5, 8, 8, 7, 4, 6, 7, 4, 3, 6, 3, 5, 5, 4, 6, 4, 6, 5, 6, 6, 7, 3, 5, 6, 6, 3, 5, 7, 5, 6]
A_12 20.19 A 12 [1, 2, 1, 2, 4, 4, 2, 4, 1, 1, 2, 4, 3, 3, 3, 1, 2, 2, 4, 1, 2, 2, 1, 3, 3, 4, 4, 4, 2, 3, 3, 3, 1, 2, 4, 3, 2, 1, 3, 4] [4, 5, 4, 4, 7, 7, 5, 6, 5, 5, 6, 8, 6, 6, 7, 4, 5, 5, 8, 3, 5, 4, 3, 7, 5, 6, 8, 8, 4, 5, 7, 7, 5, 6, 8, 5, 6, 4, 5, 8]
A_13 21.19 A 13 [2, 1, 1, 4, 3, 4, 2, 2, 3, 2, 4, 3, 3, 2, 2, 4, 4, 1, 2, 4, 1, 2, 4, 1, 3, 1, 4, 4, 1, 3, 3, 4, 3, 4, 2, 3, 3, 4, 4, 3] [5, 4, 3, 7, 7, 8, 5, 4, 5, 5, 6, 7, 6, 4, 6, 6, 7, 3, 4, 8, 3, 6, 8, 5, 6, 3, 7, 6, 4, 6, 5, 7, 7, 7, 5, 7, 7, 8, 6, 5]
A_14 22.630000000000003 A 14 [3, 3, 3, 1, 1, 1, 4, 3, 4, 3, 2, 2, 3, 2, 3, 1, 4, 4, 3, 1, 3, 3, 2, 3, 2, 2, 1, 3, 3, 2, 4, 3, 4, 3, 2, 3, 1, 1, 4, 2] [7, 6, 5, 3, 4, 5, 7, 7, 8, 5, 6, 4, 7, 6, 7, 3, 7, 6, 5, 5, 7, 5, 6, 6, 6, 5, 4, 6, 7, 5, 6, 6, 8, 7, 5, 7, 4, 4, 8, 5]
A_15 24.62 A 15 [1, 1, 3, 1, 2, 4, 3, 4, 3, 3, 3, 2, 1, 4, 1, 1, 3, 4, 2, 3, 1, 4, 2, 3, 4, 3, 2, 4, 2, 4, 1, 1, 2, 3, 1, 3, 1, 3, 1, 1] [3, 4, 5, 4, 5, 6, 7, 6, 7, 5, 6, 6, 4, 6, 3, 4, 6, 7, 5, 7, 4, 6, 4, 6, 6, 5, 5, 8, 6, 7, 5, 4, 5, 7, 5, 5, 5, 5, 3, 5]
A_16 27.17 A 16 [2, 1, 4, 1, 4, 3, 3, 4, 1, 3, 4, 4, 2, 4, 4, 3, 1, 1, 4, 4, 2, 2, 4, 2, 2, 3, 3, 1, 1, 1, 1, 4, 3, 3, 3, 1, 4, 2, 1, 3] [4, 5, 8, 4, 8, 6, 5, 6, 5, 7, 8, 7, 5, 7, 7, 6, 5, 4, 6, 6, 6, 5, 6, 6, 5, 7, 7, 3, 4, 4, 5, 7, 7, 7, 5, 4, 6, 5, 4, 6]
A_17 28.17 A 17 [1, 3, 4, 1, 1, 4, 1, 4, 1, 2, 1, 1, 2, 1, 4, 4, 1, 2, 3, 3, 2, 1, 1, 1, 1, 2, 1, 2, 2, 3, 2, 4, 4, 3, 1, 3, 3, 1, 1, 2] [3, 7, 6, 5, 4, 6, 4, 7, 5, 4, 4, 4, 5, 3, 6, 7, 4, 4, 5, 6, 6, 5, 5, 5, 4, 4, 3, 4, 5, 7, 4, 7, 7, 7, 3, 6, 5, 3, 5, 6]
A_18 29.55 A 18 [4, 3, 3, 1, 4, 3, 2, 1, 4, 3, 3, 1, 4, 2, 3, 2, 4, 3, 3, 4, 4, 3, 3, 2, 3, 2, 4, 4, 2, 4, 2, 3, 2, 2, 3, 3, 3, 3, 4, 2] [7, 7, 5, 4, 8, 7, 5, 3, 8, 6, 7, 3, 8, 4, 5, 5, 6, 5, 7, 8, 8, 6, 7, 4, 5, 5, 7, 8, 5, 7, 5, 5, 6, 5, 5, 7, 7, 6, 7, 4]
A_19 30.98 A 19 [4, 4, 1, 3, 2, 4, 1, 1, 2, 4, 4, 2, 1, 4, 1, 3, 4, 3, 4, 3, 2, 4, 3, 1, 2, 1, 3, 1, 2, 3, 2, 4, 1, 3, 4, 1, 1, 3, 2, 4] [6, 8, 5, 7, 6, 7, 4, 4, 4, 6, 7, 6, 3, 8, 5, 7, 6, 6, 8, 6, 5, 8, 6, 5, 5, 5, 6, 3, 5, 7, 4, 8, 5, 6, 7, 4, 4, 5, 4, 7]
B_0 1 B 20 [3, 2, 3, 3, 2, 3, 2, 1, 4, 4, 3, 1, 2, 1, 3, 1, 2, 2, 4, 2, 1, 4, 1, 4, 2, 1, 4, 2, 4, 3, 3, 4, 3, 4, 3, 4, 1, 1, 4, 1] [5, 5, 5, 5, 4, 6, 6, 3, 8, 7, 7, 3, 5, 3, 7, 4, 6, 6, 8, 5, 3, 8, 4, 6, 5, 3, 6, 6, 6, 5, 6, 6, 7, 8, 5, 8, 3, 4, 6, 3]
B_1 2 B 21 [4, 4, 3, 1, 3, 4, 3, 3, 2, 1, 1, 3, 2, 2, 3, 4, 2, 1, 3, 4, 4, 1, 1, 3, 3, 1, 1, 4, 4, 1, 2, 4, 1, 4, 2, 2, 1, 1, 4, 2] [8, 7, 6, 5, 6, 6, 5, 5, 6, 3, 3, 5, 4, 6, 5, 6, 5, 5, 6, 8, 8, 5, 5, 5, 6, 5, 3, 8, 8, 4, 5, 6, 4, 8, 5, 4, 4, 5, 8, 5]
B_2 3.4 B 22 [2, 1, 1, 2, 2, 1, 2, 2, 2, 3, 2, 2, 1, 4, 2, 2, 4, 1, 3, 3, 1, 1, 2, 1, 3, 1, 3, 2, 1, 3, 3, 2, 2, 3, 3, 3, 4, 2, 3, 4] [6, 3, 5, 4, 5, 4, 5, 4, 4, 6, 4, 5, 3, 8, 6, 4, 6, 5, 7, 6, 4, 5, 6, 3, 6, 3, 5, 6, 3, 7, 5, 6, 6, 5, 5, 6, 6, 4, 7, 8]
B_3 7.51 B 23 [3, 1, 3, 2, 2, 4, 3, 4, 4, 3, 1, 1, 3, 1, 3, 3, 2, 1, 2, 1, 4, 3, 1, 3, 3, 1, 4, 3, 2, 1, 2, 1, 2, 4, 3, 1, 1, 1, 2, 3] [6, 5, 5, 4, 5, 8, 7, 6, 7, 5, 5, 4, 7, 5, 6, 6, 6, 5, 4, 5, 6, 5, 3, 7, 6, 5, 8, 6, 6, 3, 4, 3, 5, 6, 6, 5, 5, 3, 6, 7]
B_4 8.709999999999999 B 24 [4, 2, 3, 2, 1, 2, 1, 1, 1, 3, 4, 3, 3, 3, 2, 4, 2, 1, 3, 2, 2, 3, 3, 3, 3, 1, 4, 2, 1, 1, 4, 1, 3, 1, 1, 4, 1, 2, 3, 2] [8, 4, 6, 5, 4, 5, 3, 3, 3, 6, 7, 6, 5, 6, 6, 6, 5, 4, 5, 5, 5, 6, 6, 6, 5, 4, 6, 4, 3, 3, 6, 4, 7, 3, 3, 8, 3, 5, 5, 4]
B_5 9.709999999999999 B 25 [1, 4, 2, 3, 2, 3, 3, 1, 2, 1, 3, 1, 4, 1, 2, 3, 3, 2, 2, 1, 1, 1, 1, 1, 1, 2, 1, 2, 3, 2, 4, 4, 4, 4, 1, 3, 3, 3, 3, 2] [3, 8, 4, 7, 4, 5, 6, 5, 4, 5, 7, 4, 6, 3, 5, 5, 7, 4, 5, 5, 3, 5, 3, 5, 4, 4, 3, 5, 5, 5, 6, 8, 8, 8, 5, 5, 6, 5, 7, 5]
B_6 11.739999999999998 B 26 [4, 3, 2, 4, 4, 2, 3, 4, 4, 2, 4, 2, 4, 4, 1, 2, 3, 1, 4, 3, 4, 1, 3, 4, 4, 1, 3, 3, 3, 1, 4, 3, 3, 2, 2, 3, 2, 2, 4, 2] [6, 7, 6, 7, 7, 5, 6, 7, 7, 6, 8, 6, 8, 7, 4, 5, 7, 3, 7, 6, 6, 3, 5, 8, 6, 3, 5, 7, 5, 4, 8, 5, 7, 4, 5, 7, 4, 5, 7, 6]
B_7 12.739999999999998 B 27 [1, 4, 3, 2, 4, 3, 4, 1, 1, 1, 4, 3, 4, 4, 3, 4, 1, 2, 4, 1, 2, 4, 2, 3, 2, 2, 3, 1, 3, 3, 2, 2, 1, 2, 2, 2, 1, 2, 1, 2] [4, 6, 7, 4, 8, 6, 6, 4, 3, 5, 6, 5, 8, 6, 6, 8, 3, 4, 8, 3, 6, 8, 6, 6, 4, 5, 7, 3, 7, 6, 5, 4, 3, 6, 4, 4, 5, 6, 5, 4]
B_8 14.419999999999998 B 28 [3, 2, 2, 4, 3, 2, 1, 4, 2, 2, 3, 3, 2, 1, 3, 2, 1, 2, 2, 2, 4, 4, 1, 2, 1, 3, 3, 3, 1, 3, 3, 2, 2, 2, 2, 2, 1, 3, 3, 1] [5, 4, 6, 8, 5, 4, 4, 8, 6, 4, 6, 6, 4, 4, 7, 6, 4, 5, 5, 5, 6, 8, 3, 6, 3, 5, 5, 7, 3, 5, 7, 5, 5, 5, 6, 6, 3, 6, 6, 5]
B_9 15.419999999999998 B 29 [2, 3, 3, 2, 2, 2, 3, 3, 4, 4, 4, 3, 3, 3, 2, 4, 1, 3, 4, 3, 3, 1, 3, 1, 1, 2, 1, 3, 3, 1, 2, 2, 2, 2, 3, 2, 4, 2, 2, 4] [6, 7, 5, 5, 4, 4, 7, 7, 6, 8, 6, 6, 5, 6, 5, 7, 4, 7, 7, 7, 5, 4, 7, 3, 3, 5, 4, 6, 5, 3, 5, 4, 5, 5, 5, 5, 8, 6, 5, 7]
B_10 16.419999999999998 B 30 [3, 4, 3, 1, 1, 1, 1, 3, 4, 1, 3, 3, 3, 3, 4, 1, 1, 2, 2, 2, 3, 2, 3, 2, 4, 4, 4, 2, 3, 2, 1, 1, 2, 1, 1, 1, 1, 2, 2, 1] [6, 6, 6, 3, 5, 4, 3, 5, 6, 3, 7, 7, 7, 5, 6, 5, 5, 4, 5, 4, 6, 5, 5, 4, 6, 6, 8, 5, 7, 5, 3, 3, 6, 3, 4, 4, 4, 5, 4, 5]
B_11 18.38 B 31 [4, 2, 2, 3, 1, 2, 2, 2, 3, 4, 3, 1, 3, 4, 3, 1, 4, 4, 3, 4, 4, 4, 2, 1, 1, 4, 3, 2, 2, 2, 1, 4, 2, 3, 3, 4, 1, 4, 4, 4] [8, 6, 4, 6, 4, 6, 6, 4, 7, 8, 7, 3, 7, 7, 6, 4, 7, 7, 5, 8, 6, 6, 6, 3, 4, 8, 5, 4, 5, 4, 3, 7, 6, 7, 6, 8, 4, 7, 6, 8]
B_12 21.73 B 32 [1, 1, 4, 3, 1, 2, 4, 4, 4, 3, 4, 3, 1, 3, 4, 2, 3, 4, 2, 1, 3, 1, 2, 2, 3, 4, 3, 1, 2, 2, 2, 2, 3, 2, 2, 2, 3, 1, 1, 2] [3, 5, 6, 5, 4, 6, 6, 6, 8, 6, 6, 5, 5, 7, 8, 5, 7, 7, 6, 5, 7, 4, 6, 5, 7, 8, 7, 3, 5, 5, 6, 6, 6, 4, 5, 5, 6, 5, 3, 5]
B_13 24.52 B 33 [3, 4, 4, 3, 1, 4, 3, 2, 1, 2, 2, 2, 2, 4, 3, 3, 3, 3, 2, 3, 4, 4, 3, 4, 1, 4, 2, 2, 2, 2, 1, 3, 2, 1, 3, 4, 4, 2, 2, 2] [5, 6, 6, 7, 4, 7, 5, 5, 4, 6, 5, 6, 6, 7, 7, 7, 7, 7, 5, 6, 8, 8, 5, 6, 3, 8, 4, 6, 5, 5, 3, 7, 4, 4, 6, 6, 6, 5, 6, 6]
B_14 26.15 B 34 [1, 3, 2, 2, 3, 3, 4, 1, 3, 2, 3, 4, 4, 2, 2, 1, 3, 1, 3, 4, 3, 2, 3, 3, 1, 1, 2, 2, 2, 3, 1, 3, 2, 3, 4, 2, 1, 2, 3, 3] [3, 5, 5, 5, 5, 6, 8, 3, 6, 4, 7, 6, 8, 5, 5, 5, 5, 3, 5, 7, 5, 5, 5, 6, 3, 5, 5, 4, 6, 5, 4, 6, 5, 6, 8, 4, 5, 6, 5, 6]
B_15 27.15 B 35 [1, 4, 2, 2, 2, 2, 1, 1, 1, 1, 4, 1, 3, 3, 3, 3, 1, 3, 3, 1, 4, 2, 3, 1, 4, 3, 3, 2, 2, 2, 1, 4, 2, 4, 2, 3, 1, 2, 2, 3] [5, 8, 6, 5, 6, 5, 4, 5, 4, 5, 8, 3, 5, 7, 7, 5, 4, 6, 7, 4, 8, 4, 6, 5, 8, 5, 7, 4, 6, 5, 4, 8, 5, 6, 4, 5, 5, 4, 5, 6]
B_16 28.15 B 36 [2, 4, 1, 4, 3, 3, 1, 2, 1, 4, 4, 3, 2, 3, 1, 1, 4, 3, 3, 1, 1, 1, 4, 1, 1, 3, 2, 1, 1, 4, 1, 1, 3, 4, 1, 1, 1, 4, 3, 1] [4, 6, 5, 7, 6, 7, 5, 6, 3, 8, 7, 5, 6, 7, 4, 5, 6, 5, 7, 4, 3, 4, 6, 5, 3, 6, 4, 5, 3, 8, 4, 4, 6, 6, 5, 5, 4, 8, 6, 4]
B_17 30.54 B 37 [2, 4, 3, 1, 4, 3, 4, 1, 2, 4, 1, 3, 1, 4, 1, 3, 2, 1, 3, 3, 1, 1, 2, 1, 2, 3, 2, 2, 3, 2, 2, 4, 1, 2, 2, 2, 4, 4, 1, 2] [4, 7, 7, 4, 7, 5, 7, 4, 4, 7, 3, 7, 4, 8, 4, 5, 5, 3, 6, 5, 4, 5, 4, 3, 5, 5, 5, 6, 6, 6, 5, 7, 5, 5, 6, 4, 8, 7, 4, 6]
B_18 31.73 B 38 [2, 1, 1, 1, 2, 2, 4, 2, 1, 2, 4, 1, 3, 4, 4, 1, 1, 1, 4, 2, 4, 4, 3, 2, 3, 3, 4, 1, 3, 2, 2, 4, 1, 2, 3, 2, 3, 1, 3, 2] [4, 4, 4, 5, 6, 6, 7, 5, 5, 4, 6, 5, 5, 6, 8, 3, 4, 5, 7, 4, 6, 8, 7, 6, 5, 7, 7, 5, 6, 5, 4, 6, 3, 6, 5, 5, 6, 4, 5, 6]
B_19 33.87 B 39 [1, 1, 1, 2, 4, 1, 1, 4, 4, 2, 3, 4, 4, 3, 2, 1, 3, 2, 2, 4, 1, 2, 4, 3, 2, 2, 2, 2, 1, 4, 1, 4, 2, 2, 3, 3, 1, 2, 2, 4] [4, 4, 4, 5, 6, 4, 5, 6, 7, 5, 6, 6, 8, 5, 5, 5, 6, 6, 4, 7, 3, 5, 8, 7, 4, 5, 6, 4, 5, 7, 5, 8, 5, 6, 6, 6, 4, 6, 6, 8]
