A_0 1 A 0 [3, 1, 4, 4, 1, 4, 1, 1, 1, 1, 3, 2, 4, 4, 2, 1, 3, 2, 1, 3, 1, 2, 4, 2, 4, 3, 4, 2, 3, 3, 3, 2, 3, 4, 4, 1, 2, 2, 2, 1] [5, 3, 6, 8, 4, 8, 4, 4, 5, 3, 6, 6, 7, 7, 6, 5, 5, 5, 5, 7, 5, 6, 7, 4, 7, 6, 8, 5, 6, 7, 7, 6, 5, 6, 8, 3, 5, 4, 4, 4]
A_1 2 A 1 [1, 2, 1, 3, 1, 3, 1, 1, 2, 3, 4, 3, 3, 1, 4, 2, 1, 1, 2, 2, 1, 3, 3, 3, 1, 4, 3, 2, 2, 3, 3, 4, 1, 2, 2, 1, 4, 2, 1, 2] [3, 4, 3, 7, 5, 7, 4, 3, 5, 6, 6, 5, 5, 5, 7, 4, 5, 3, 5, 5, 3, 7, 5, 6, 5, 7, 7, 4, 5, 6, 7, 8, 4, 4, 6, 3, 8, 4, 4, 6]
A_2 4.34 A 2 [4, 1, 1, 3, 2, 3, 2, 1, 1, 4, 4, 3, 3, 1, 3, 1, 3, 3, 3, 3, 3, 2, 2, 1, 1, 1, 1, 2, 1, 1, 3, 3, 4, 1, 1, 2, 4, 4, 1, 2] [6, 3, 5, 6, 5, 7, 4, 3, 5, 6, 8, 5, 6, 3, 6, 4, 6, 5, 5, 6, 5, 4, 6, 4, 5, 5, 3, 4, 4, 5, 6, 7, 6, 3, 5, 4, 7, 8, 3, 4]
A_3 5.529999999999999 A 3 [4, 3, 3, 3, 3, 4, 3, 4, 1, 2, 4, 3, 3, 4, 2, 1, 3, 3, 2, 4, 3, 3, 3, 4, 1, 1, 4, 1, 2, 3, 4, 4, 4, 3, 4, 2, 3, 2, 3, 2] [8, 7, 6, 7, 5, 7, 7, 7, 3, 5, 6, 6, 6, 8, 5, 3, 5, 5, 6, 8, 7, 7, 5, 8, 5, 5, 7, 5, 5, 7, 8, 7, 8, 7, 8, 4, 7, 4, 5, 6]
A_4 6.529999999999999 A 4 [1, 1, 2, 3, 4, 1, 3, 2, 4, 4, 1, 4, 1, 4, 2, 1, 3, 2, 1, 2, 1, 2, 4, 3, 1, 3, 3, 4, 4, 1, 4, 4, 2, 4, 3, 1, 1, 3, 1, 4] [4, 5, 5, 5, 8, 4, 5, 6, 8, 6, 3, 8, 5, 7, 6, 3, 7, 6, 3, 4, 4, 6, 8, 6, 5, 7, 5, 6, 8, 5, 6, 7, 6, 8, 7, 3, 4, 6, 4, 8]
A_5 7.529999999999999 A 5 [4, 3, 3, 4, 1, 4, 1, 2, 1, 4, 2, 2, 3, 3, 1, 4, 1, 3, 4, 3, 2, 1, 3, 4, 4, 4, 4, 2, 4, 2, 2, 1, 3, 3, 3, 4, 2, 3, 4, 1] [8, 7, 7, 7, 4, 7, 4, 6, 4, 6, 5, 5, 7, 6, 3, 8, 3, 7, 8, 6, 6, 3, 6, 8, 6, 6, 7, 4, 7, 5, 5, 3, 6, 7, 7, 8, 4, 5, 6, 3]
A_6 8.53 A 6 [1, 1, 2, 3, 3, 1, 4, 4, 4, 1, 1, 2, 3, 3, 1, 1, 4, 3, 1, 2, 4, 1, 4, 2, 3, 1, 2, 3, 3, 1, 3, 2, 2, 1, 4, 1, 4, 1, 4, 4] [4, 4, 4, 7, 5, 4, 8, 8, 7, 5, 4, 6, 7, 5, 3, 5, 8, 7, 4, 6, 8, 4, 8, 4, 6, 4, 4, 5, 5, 3, 6, 5, 4, 5, 7, 5, 8, 5, 7, 8]
A_7 11.66 A 7 [1, 1, 1, 4, 2, 2, 4, 4, 3, 3, 3, 4, 3, 3, 2, 2, 2, 1, 1, 2, 3, 4, 4, 2, 3, 1, 1, 4, 4, 2, 3, 2, 4, 1, 1, 4, 2, 1, 3, 1] [4, 3, 3, 7, 6, 6, 8, 6, 7, 5, 5, 7, 7, 5, 4, 6, 6, 5, 4, 4, 6, 6, 7, 5, 6, 5, 3, 6, 6, 6, 7, 4, 7, 3, 3, 8, 5, 4, 7, 5]
A_8 12.66 A 8 [1, 2, 1, 1, 4, 1, 4, 3, 2, 1, 3, 3, 4, 2, 1, 3, 2, 4, 2, 2, 2, 4, 2, 2, 2, 3, 4, 2, 2, 1, 4, 4, 3, 2, 3, 3, 1, 3, 3, 1] [5, 5, 5, 3, 8, 4, 7, 7, 5, 4, 7, 7, 6, 4, 5, 7, 5, 8, 6, 5, 4, 8, 4, 6, 4, 5, 7, 4, 6, 5, 6, 6, 6, 4, 6, 7, 4, 6, 6, 5]
A_9 13.66 A 9 [1, 3, 4, 2, 4, 4, 1, 3, 1, 1, 1, 3, 2, 1, 3, 4, 1, 2, 1, 4, 2, 3, 3, 2, 3, 2, 4, 4, 1, 1, 4, 3, 4, 3, 4, 2, 4, 1, 1, 3] [3, 6, 6, 5, 6, 6, 5, 5, 4, 4, 5, 7, 4, 5, 7, 6, 5, 4, 5, 7, 6, 5, 7, 4, 6, 4, 7, 7, 3, 5, 7, 7, 6, 6, 6, 6, 7, 4, 5, 6]
A_10 14.66 A 10 [3, 4, 4, 4, 1, 2, 1, 3, 3, 1, 3, 1, 4, 1, 2, 1, 1, 3, 2, 3, 1, 1, 1, 2, 3, 3, 2, 2, 1, 4, 3, 3, 2, 3, 4, 1, 1, 4, 1, 2] [6, 6, 8, 6, 3, 5, 4, 5, 7, 5, 6, 5, 8, 3, 5, 4, 3, 5, 4, 5, 4, 4, 5, 6, 7, 6, 4, 6, 3, 7, 5, 7, 4, 5, 8, 3, 3, 7, 5, 6]
A_11 15.66 A 11 [2, 3, 3, 3, 4, 2, 2, 4, 3, 3, 1, 4, 2, 3, 3, 4, 1, 4, 1, 2, 4, 3, 3, 4, 4, 4, 3, 4, 2, 4, 1, 2, 4, 4, 2, 4, 3, 4, 2, 1] [6, 5, 5, 6, 8, 5, 6, 7, 7, 7, 5, 7, 4, 6, 7, 8, 4, 7, 3, 5, 7, 7, 6, 6, 6, 7, 6, 8, 5, 8, 4, 5, 8, 7, 4, 7, 7, 6, 4, 4]
A_12 17.1 A 12 [4, 3, 3, 3, 1, 3, 3, 3, 4, 2, 4, 2, 4, 1, 3, 3, 2, 1, 3, 2, 2, 1, 3, 3, 4, 1, 3, 3, 3, 1, 2, 2, 3, 4, 4, 3, 2, 2, 3, 3] [7, 5, 6, 6, 5, 7, 7, 7, 6, 4, 8, 4, 7, 5, 7, 7, 6, 3, 6, 6, 6, 4, 7, 5, 7, 4, 5, 7, 5, 5, 4, 4, 7, 8, 7, 7, 4, 4, 5, 6]
A_13 18.1 A 13 [4, 1, 1, 4, 4, 3, 3, 3, 2, 1, 1, 3, 1, 1, 2, 1, 4, 1, 4, 2, 4, 3, 2, 1, 2, 4, 2, 3, 3, 1, 1, 4, 3, 3, 3, 4, 4, 3, 2, 1] [7, 5, 3, 8, 7, 6, 5, 5, 4, 5, 3, 6, 5, 5, 4, 5, 8, 5, 7, 6, 6, 7, 5, 5, 4, 7, 6, 6, 6, 4, 5, 8, 6, 5, 7, 6, 7, 5, 4, 3]
A_14 19.1 A 14 [2, 4, 3, 2, 2, 1, 1, 2, 1, 3, 2, 3, 3, 2, 1, 1, 3, 1, 3, 4, 1, 1, 3, 1, 1, 1, 3, 1, 2, 4, 4, 2, 2, 3, 3, 4, 4, 4, 4, 1] [6, 7, 6, 5, 6, 3, 3, 4, 5, 7, 5, 7, 7, 4, 3, 3, 6, 4, 5, 6, 4, 3, 6, 5, 5, 5, 7, 4, 5, 8, 6, 6, 5, 6, 7, 6, 7, 7, 8, 5]
A_15 21.16 A 15 [1, 2, 1, 1, 1, 4, 1, 2, 3, 4, 1, 4, 3, 1, 1, 1, 2, 2, 1, 1, 4, 4, 3, 4, 4, 4, 2, 3, 2, 4, 1, 2, 4, 3, 2, 4, 2, 1, 1, 3] [5, 4, 4, 3, 3, 8, 5, 6, 7, 6, 4, 8, 7, 5, 3, 3, 6, 4, 5, 5, 7, 8, 5, 6, 6, 7, 5, 7, 5, 7, 4, 6, 8, 6, 5, 7, 5, 3, 3, 6]
A_16 24.6 A 16 [3, 1, 3, 3, 3, 1, 4, 2, 2, 1, 1, 1, 2, 4, 3, 2, 2, 3, 2, 2, 4, 3, 3, 1, 4, 1, 4, 1, 3, 2, 2, 4, 4, 3, 3, 4, 2, 2, 4, 1] [5, 5, 6, 5, 7, 3, 8, 6, 5, 5, 3, 4, 6, 8, 6, 6, 4, 7, 6, 5, 7, 5, 7, 4, 6, 4, 6, 3, 5, 6, 4, 7, 6, 6, 5, 7, 5, 5, 6, 3]
A_17 25.950000000000003 A 17 [2, 1, 3, 3, 2, 3, 3, 1, 4, 2, 3, 4, 1, 1, 1, 2, 3, 1, 3, 1, 4, 2, 2, 4, 4, 4, 2, 3, 2, 4, 1, 2, 1, 2, 2, 1, 4, 2, 2, 1] [5, 3, 5, 5, 6, 7, 7, 5, 8, 4, 5, 7, 3, 5, 4, 4, 7, 3, 5, 3, 7, 4, 5, 6, 6, 8, 4, 7, 5, 7, 4, 6, 4, 6, 4, 5, 8, 5, 6, 4]
A_18 26.950000000000003 A 18 [1, 2, 3, 2, 1, 4, 1, 1, 2, 1, 2, 1, 3, 4, 3, 1, 2, 3, 4, 3, 3, 3, 2, 1, 3, 3, 4, 4, 1, 1, 3, 1, 2, 4, 2, 4, 1, 3, 2, 3] [5, 5, 5, 6, 3, 8, 4, 4, 6, 5, 4, 3, 6, 7, 5, 5, 6, 5, 6, 5, 5, 7, 4, 3, 7, 5, 7, 8, 4, 5, 5, 3, 6, 7, 5, 7, 3, 5, 6, 6]
A_19 27.950000000000003 A 19 [3, 2, 3, 4, 2, 3, 2, 2, 2, 4, 3, 2, 2, 2, 4, 1, 2, 1, 3, 4, 4, 2, 4, 2, 2, 2, 2, 3, 2, 2, 3, 4, 2, 1, 3, 4, 1, 1, 1, 1] [7, 5, 6, 8, 4, 6, 6, 4, 5, 7, 5, 5, 6, 6, 6, 5, 5, 3, 5, 7, 7, 4, 8, 4, 5, 4, 4, 7, 5, 5, 7, 8, 5, 4, 7, 8, 5, 5, 5, 5]
B_0 1 B 20 [1, 1, 3, 3, 1, 2, 4, 3, 2, 2, 1, 4, 2, 4, 1, 4, 4, 4, 3, 4, 2, 3, 4, 4, 2, 4, 1, 1, 2, 3, 1, 3, 2, 4, 3, 4, 3, 1, 3, 4] [5, 3, 5, 7, 4, 6, 8, 6, 4, 6, 4, 7, 6, 6, 4, 7, 7, 7, 5, 7, 6, 5, 6, 6, 5, 8, 5, 4, 6, 5, 4, 6, 6, 8, 7, 6, 6, 4, 7, 8]
B_1 2 B 21 [2, 3, 2, 3, 2, 1, 1, 4, 4, 3, 1, 3, 1, 3, 1, 4, 3, 2, 3, 2, 3, 2, 1, 4, 2, 4, 1, 2, 1, 2, 4, 1, 1, 2, 1, 1, 3, 2, 3, 4] [6, 7, 4, 7, 6, 3, 4, 6, 8, 5, 4, 7, 4, 7, 3, 8, 5, 4, 7, 4, 5, 6, 5, 6, 5, 6, 5, 6, 3, 4, 6, 4, 5, 6, 3, 5, 5, 5, 6, 7]
B_2 3 B 22 [4, 3, 2, 3, 4, 3, 4, 4, 2, 3, 1, 3, 3, 2, 3, 3, 3, 2, 2, 4, 4, 1, 3, 1, 1, 4, 4, 2, 1, 4, 4, 4, 1, 3, 4, 4, 2, 4, 2, 1] [7, 5, 6, 5, 8, 6, 8, 7, 4, 7, 5, 6, 7, 5, 6, 5, 7, 5, 4, 8, 6, 5, 7, 3, 3, 7, 7, 6, 3, 7, 6, 8, 5, 5, 7, 8, 5, 6, 4, 4]
B_3 4.67 B 23 [2, 3, 1, 4, 3, 4, 2, 2, 2, 2, 2, 4, 3, 1, 1, 4, 1, 4, 1, 2, 4, 4, 1, 4, 4, 4, 4, 3, 1, 1, 4, 1, 4, 3, 1, 2, 1, 4, 2, 2] [4, 6, 4, 8, 6, 8, 4, 5, 6, 4, 6, 6, 5, 5, 5, 6, 4, 6, 3, 4, 6, 6, 3, 8, 7, 6, 8, 5, 4, 5, 8, 3, 6, 6, 5, 6, 4, 7, 6, 6]
B_4 5.8 B 24 [4, 1, 1, 1, 1, 4, 3, 3, 2, 3, 3, 4, 4, 2, 1, 4, 4, 4, 3, 2, 2, 2, 1, 4, 3, 1, 3, 2, 3, 4, 2, 1, 1, 2, 1, 2, 4, 3, 3, 4] [7, 5, 5, 5, 5, 6, 6, 6, 4, 6, 7, 6, 7, 4, 5, 6, 6, 6, 7, 5, 5, 5, 3, 7, 5, 4, 6, 5, 7, 6, 6, 5, 5, 4, 4, 5, 8, 5, 5, 7]
B_5 6.8 B 25 [3, 4, 1, 1, 3, 4, 1, 1, 3, 2, 3, 4, 1, 4, 1, 4, 1, 4, 3, 2, 4, 4, 4, 4, 1, 3, 2, 3, 4, 1, 2, 1, 2, 1, 3, 4, 3, 4, 3, 3] [6, 7, 5, 5, 7, 6, 4, 5, 5, 4, 6, 7, 4, 7, 5, 7, 4, 8, 5, 4, 8, 6, 7, 6, 4, 5, 4, 7, 7, 3, 4, 5, 5, 3, 5, 6, 5, 8, 7, 6]
B_6 8.8 B 26 [4, 3, 1, 4, 3, 4, 2, 1, 4, 4, 2, 3, 3, 2, 3, 2, 4, 2, 4, 2, 1, 1, 4, 4, 3, 2, 2, 4, 4, 4, 4, 1, 4, 3, 4, 1, 4, 2, 1, 2] [8, 7, 3, 7, 5, 7, 4, 3, 7, 7, 4, 6, 5, 6, 7, 5, 6, 4, 7, 4, 5, 5, 7, 8, 6, 4, 6, 8, 7, 8, 6, 4, 7, 6, 7, 3, 8, 5, 3, 6]
B_7 9.8 B 27 [2, 2, 2, 1, 4, 2, 3, 4, 2, 4, 2, 4, 3, 3, 1, 3, 1, 3, 4, 3, 1, 2, 2, 3, 2, 3, 4, 1, 2, 1, 3, 1, 2, 2, 4, 4, 4, 1, 1, 2] [5, 4, 4, 5, 6, 4, 5, 6, 4, 7, 6, 8, 7, 6, 4, 7, 3, 7, 8, 7, 4, 6, 6, 5, 5, 7, 8, 3, 5, 4, 5, 3, 5, 4, 7, 7, 8, 5, 4, 4]
B_8 10.8 B 28 [3, 2, 1, 2, 4, 4, 3, 4, 2, 1, 1, 2, 3, 3, 2, 2, 3, 2, 1, 2, 2, 1, 1, 1, 3, 4, 4, 2, 1, 3, 4, 3, 4, 3, 2, 2, 3, 4, 2, 4] [6, 5, 4, 5, 8, 7, 5, 6, 6, 3, 3, 5, 5, 6, 5, 5, 5, 5, 4, 5, 6, 3, 3, 4, 7, 7, 7, 5, 3, 5, 6, 6, 7, 7, 5, 6, 5, 8, 4, 6]
B_9 13.41 B 29 [3, 3, 1, 3, 1, 2, 1, 2, 1, 1, 4, 4, 1, 1, 4, 4, 2, 4, 1, 2, 3, 2, 4, 1, 4, 1, 4, 1, 3, 1, 1, 2, 2, 1, 4, 3, 3, 1, 1, 2] [7, 6, 5, 7, 5, 5, 3, 6, 5, 5, 7, 8, 5, 4, 8, 7, 6, 7, 5, 5, 5, 4, 7, 5, 6, 3, 8, 4, 5, 3, 4, 5, 4, 5, 6, 7, 7, 5, 5, 6]
B_10 14.41 B 30 [3, 3, 3, 4, 4, 2, 3, 3, 4, 4, 3, 1, 2, 1, 4, 1, 2, 1, 3, 3, 1, 4, 4, 4, 2, 2, 4, 3, 4, 1, 1, 4, 4, 4, 3, 3, 4, 2, 1, 2] [7, 7, 6, 8, 6, 5, 6, 7, 6, 7, 5, 4, 4, 5, 6, 4, 4, 4, 5, 7, 4, 6, 6, 8, 6, 4, 6, 5, 6, 4, 3, 8, 7, 8, 6, 7, 7, 6, 4, 5]
B_11 15.41 B 31 [2, 4, 3, 4, 4, 1, 2, 2, 4, 3, 3, 2, 2, 4, 2, 2, 4, 2, 1, 4, 3, 1, 4, 1, 1, 1, 1, 1, 3, 2, 4, 3, 4, 2, 1, 1, 4, 3, 2, 4] [6, 8, 7, 7, 7, 3, 5, 4, 6, 7, 7, 5, 4, 8, 6, 6, 7, 6, 3, 8, 6, 4, 8, 3, 5, 5, 4, 3, 6, 5, 8, 6, 6, 4, 5, 3, 6, 6, 4, 6]
B_12 16.41 B 32 [3, 1, 4, 4, 2, 3, 2, 4, 3, 4, 2, 4, 3, 3, 2, 4, 4, 1, 2, 2, 2, 1, 1, 4, 1, 2, 4, 2, 4, 2, 4, 4, 2, 4, 3, 3, 3, 3, 4, 2] [5, 4, 6, 8, 6, 6, 4, 7, 6, 6, 4, 8, 7, 6, 5, 8, 6, 4, 6, 5, 6, 5, 5, 6, 5, 5, 7, 5, 7, 4, 7, 6, 6, 8, 6, 6, 7, 6, 8, 5]
B_13 17.63 B 33 [4, 2, 1, 3, 4, 3, 1, 1, 2, 3, 3, 4, 4, 3, 3, 3, 3, 2, 4, 1, 4, 2, 3, 3, 2, 1, 3, 2, 3, 1, 4, 2, 4, 2, 4, 4, 1, 3, 1, 3] [6, 4, 3, 7, 8, 7, 5, 3, 4, 6, 5, 7, 8, 5, 6, 6, 6, 6, 7, 4, 8, 6, 5, 6, 4, 3, 6, 4, 7, 5, 8, 4, 8, 5, 7, 8, 4, 5, 5, 6]
B_14 19.45 B 34 [4, 2, 1, 4, 3, 3, 4, 1, 3, 4, 4, 2, 4, 3, 3, 2, 3, 2, 2, 3, 3, 1, 4, 1, 1, 3, 4, 4, 2, 4, 3, 1, 3, 4, 4, 4, 2, 2, 1, 2] [8, 6, 5, 8, 7, 7, 7, 3, 6, 6, 8, 4, 7, 7, 7, 5, 5, 4, 5, 7, 7, 3, 7, 5, 4, 5, 7, 7, 5, 6, 6, 5, 6, 7, 8, 8, 4, 4, 4, 4]
B_15 20.45 B 35 [1, 1, 2, 2, 1, 4, 1, 4, 3, 2, 1, 4, 3, 4, 4, 4, 4, 1, 4, 4, 4, 1, 4, 2, 2, 4, 1, 4, 2, 3, 3, 1, 3, 4, 4, 4, 4, 3, 1, 2] [3, 3, 4, 4, 3, 8, 5, 8, 7, 6, 3, 7, 7, 6, 6, 7, 7, 5, 7, 8, 6, 5, 8, 6, 5, 6, 3, 7, 6, 7, 7, 3, 6, 8, 8, 8, 8, 6, 3, 5]
B_16 23.71 B 36 [2, 4, 4, 3, 1, 2, 4, 2, 1, 4, 1, 3, 2, 4, 4, 2, 2, 4, 1, 1, 3, 3, 2, 1, 4, 3, 4, 4, 3, 3, 4, 4, 3, 1, 2, 4, 3, 1, 1, 3] [5, 8, 7, 7, 4, 4, 8, 5, 4, 7, 3, 7, 4, 7, 7, 5, 5, 8, 3, 5, 6, 5, 5, 4, 8, 5, 8, 8, 5, 7, 7, 6, 7, 4, 4, 8, 7, 3, 3, 5]
B_17 25.900000000000002 B 37 [2, 2, 4, 2, 3, 3, 1, 1, 3, 1, 4, 4, 2, 3, 4, 1, 2, 2, 3, 1, 1, 2, 4, 4, 3, 4, 2, 1, 4, 1, 2, 3, 3, 3, 2, 3, 1, 2, 2, 1] [4, 4, 8, 4, 6, 5, 5, 4, 6, 4, 7, 6, 4, 5, 7, 3, 5, 5, 5, 5, 4, 5, 6, 7, 5, 8, 5, 5, 8, 5, 6, 6, 6, 5, 4, 6, 3, 4, 4, 4]
B_18 28.860000000000003 B 38 [2, 1, 1, 3, 1, 4, 4, 3, 3, 1, 1, 2, 3, 2, 4, 1, 4, 2, 2, 1, 3, 3, 2, 2, 3, 3, 1, 1, 2, 1, 1, 2, 4, 1, 1, 1, 1, 2, 4, 3] [4, 4, 3, 5, 4, 6, 7, 7, 6, 5, 5, 4, 5, 4, 8, 3, 6, 6, 6, 5, 7, 6, 4, 6, 5, 7, 3, 4, 4, 5, 4, 4, 8, 5, 4, 3, 3, 4, 7, 7]
B_19 29.860000000000003 B 39 [1, 2, 2, 2, 4, 1, 4, 1, 1, 3, 2, 1, 3, 1, 1, 3, 1, 1, 3, 1, 4, 4, 1, 2, 4, 3, 2, 2, 4, 2, 2, 4, 2, 3, 2, 2, 3, 1, 3, 1] [4, 6, 4, 6, 8, 3, 8, 5, 5, 6, 6, 4, 6, 3, 5, 6, 3, 4, 6, 5, 8, 7, 4, 6, 7, 6, 6, 4, 6, 6, 5, 6, 5, 6, 4, 5, 5, 4, 7, 3]
