A_0 1.18 A 0 [2, 4, 1, 2, 1, 4, 4, 3, 4, 4, 2, 2, 1, 1, 2, 1, 2, 1, 1, 4, 1, 2, 3, 3, 1, 3, 3, 3, 4, 2, 3, 4, 4, 4, 4, 2, 3, 2, 4, 3] [5, 6, 5, 4, 5, 6, 8, 6, 7, 7, 5, 6, 3, 5, 6, 3, 6, 4, 5, 8, 3, 6, 6, 7, 5, 7, 6, 7, 8, 5, 7, 6, 6, 6, 6, 4, 5, 5, 7, 6]
A_1 2.1799999999999997 A 1 [4, 3, 4, 4, 3, 4, 1, 1, 2, 4, 2, 2, 1, 4, 2, 1, 1, 3, 4, 1, 2, 3, 3, 4, 2, 2, 1, 2, 3, 3, 4, 2, 1, 2, 2, 1, 3, 1, 3, 3] [6, 6, 8, 7, 7, 6, 4, 4, 4, 8, 5, 6, 5, 7, 4, 4, 3, 6, 7, 4, 5, 7, 7, 7, 4, 4, 5, 5, 5, 5, 8, 5, 3, 4, 4, 5, 6, 3, 5, 5]
A_2 3.5599999999999996 A 2 [1, 4, 3, 4, 2, 3, 4, 2, 1, 4, 2, 4, 3, 2, 4, 3, 4, 4, 1, 2, 1, 3, 4, 3, 3, 3, 3, 3, 3, 2, 1, 3, 3, 2, 1, 1, 3, 4, 3, 2] [5, 8, 7, 6, 6, 5, 6, 5, 4, 7, 6, 7, 6, 5, 7, 5, 6, 8, 5, 5, 5, 6, 7, 7, 7, 7, 7, 5, 6, 4, 5, 7, 6, 6, 5, 5, 5, 6, 5, 5]
A_3 5.76 A 3 [2, 4, 4, 3, 1, 4, 2, 2, 1, 4, 2, 4, 1, 2, 4, 3, 2, 3, 3, 2, 4, 4, 1, 2, 3, 4, 1, 3, 4, 1, 4, 2, 2, 2, 4, 2, 3, 3, 4, 2] [4, 7, 6, 7, 4, 7, 6, 5, 4, 7, 6, 8, 4, 4, 6, 5, 5, 5, 6, 4, 8, 7, 5, 4, 6, 7, 3, 6, 7, 5, 6, 6, 5, 4, 7, 6, 7, 5, 7, 6]
A_4 6.76 A 4 [1, 3, 2, 1, 4, 3, 3, 3, 1, 1, 4, 2, 3, 4, 2, 3, 1, 2, 4, 3, 1, 1, 4, 2, 2, 4, 4, 4, 2, 2, 2, 1, 2, 1, 2, 3, 3, 2, 1, 1] [5, 7, 6, 4, 6, 6, 7, 5, 5, 3, 6, 4, 6, 8, 5, 7, 5, 4, 6, 7, 3, 4, 6, 4, 6, 6, 7, 6, 5, 6, 6, 3, 4, 4, 4, 6, 6, 6, 4, 4]
A_5 10.33 A 5 [4, 4, 3, 4, 3, 2, 1, 2, 4, 4, 1, 1, 3, 4, 1, 4, 4, 4, 2, 3, 1, 2, 4, 3, 1, 3, 1, 4, 3, 2, 4, 1, 1, 2, 3, 4, 3, 4, 2, 3] [6, 6, 5, 7, 6, 5, 4, 5, 7, 7, 3, 4, 5, 7, 5, 7, 8, 8, 4, 7, 4, 4, 7, 7, 3, 6, 5, 7, 7, 4, 7, 4, 5, 4, 7, 7, 5, 8, 6, 5]
A_6 11.99 A 6 [4, 1, 4, 2, 3, 1, 1, 3, 2, 1, 2, 2, 1, 2, 3, 1, 2, 4, 1, 1, 2, 4, 2, 2, 3, 1, 2, 2, 4, 1, 4, 3, 1, 3, 2, 2, 1, 2, 3, 2] [8, 4, 6, 6, 7, 4, 5, 6, 5, 4, 6, 5, 4, 4, 7, 5, 4, 8, 3, 3, 6, 7, 5, 5, 5, 3, 6, 6, 6, 5, 6, 7, 3, 5, 4, 5, 3, 4, 7, 6]
A_7 13.27 A 7 [3, 1, 2, 2, 3, 2, 3, 1, 2, 1, 2, 3, 4, 1, 4, 4, 2, 1, 1, 3, 1, 1, 3, 3, 3, 1, 3, 1, 3, 4, 4, 1, 4, 2, 4, 3, 1, 2, 1, 4] [6, 4, 5, 5, 5, 5, 6, 5, 4, 5, 6, 6, 7, 5, 8, 8, 4, 4, 5, 7, 5, 3, 7, 6, 6, 3, 6, 4, 7, 7, 7, 4, 8, 5, 7, 7, 5, 4, 4, 8]
A_8 14.27 A 8 [4, 2, 1, 1, 1, 4, 2, 2, 2, 4, 1, 4, 1, 2, 4, 3, 4, 4, 2, 2, 1, 2, 4, 3, 2, 1, 2, 1, 2, 4, 4, 1, 4, 1, 4, 3, 4, 3, 4, 2] [7, 4, 4, 4, 5, 7, 5, 4, 4, 7, 5, 8, 5, 6, 6, 6, 7, 8, 6, 5, 3, 5, 8, 5, 6, 5, 6, 4, 5, 7, 8, 5, 8, 3, 6, 6, 6, 6, 8, 5]
A_9 15.27 A 9 [4, 4, 4, 4, 1, 4, 1, 1, 4, 4, 1, 2, 2, 2, 3, 4, 4, 3, 4, 4, 1, 3, 2, 3, 4, 1, 4, 3, 3, 2, 3, 4, 1, 1, 4, 3, 3, 3, 2, 3] [7, 8, 7, 7, 3, 7, 4, 5, 7, 7, 3, 5, 4, 4, 5, 7, 7, 7, 7, 8, 3, 6, 5, 6, 7, 5, 7, 7, 6, 4, 7, 6, 5, 3, 7, 6, 6, 5, 4, 5]
A_10 16.84 A 10 [2, 2, 2, 2, 4, 1, 2, 2, 1, 1, 3, 1, 3, 4, 3, 4, 4, 3, 2, 2, 2, 3, 4, 2, 4, 3, 4, 2, 1, 2, 1, 1, 2, 4, 3, 1, 2, 2, 1, 1] [5, 5, 6, 6, 6, 3, 6, 6, 5, 3, 6, 4, 6, 7, 6, 8, 8, 6, 6, 4, 6, 5, 7, 4, 7, 6, 8, 6, 3, 4, 3, 4, 6, 8, 7, 5, 6, 5, 3, 3]
A_11 17.84 A 11 [2, 2, 4, 4, 2, 1, 2, 3, 4, 2, 1, 4, 1, 1, 3, 3, 1, 3, 2, 3, 1, 3, 1, 3, 1, 4, 1, 3, 4, 3, 1, 4, 3, 1, 1, 2, 4, 4, 2, 3] [6, 6, 7, 8, 4, 4, 5, 6, 8, 5, 4, 8, 4, 3, 7, 6, 5, 5, 6, 5, 5, 6, 4, 7, 4, 6, 3, 5, 8, 5, 3, 6, 5, 3, 5, 4, 6, 8, 4, 7]
A_12 18.84 A 12 [1, 1, 3, 1, 3, 3, 1, 4, 1, 2, 3, 1, 4, 3, 1, 2, 2, 3, 3, 4, 2, 3, 4, 3, 2, 4, 3, 4, 3, 4, 2, 4, 4, 1, 1, 2, 1, 3, 4, 2] [3, 5, 6, 4, 6, 5, 4, 7, 5, 4, 6, 4, 6, 5, 3, 6, 6, 5, 5, 6, 6, 6, 7, 5, 5, 7, 5, 6, 7, 7, 6, 8, 7, 4, 3, 5, 3, 7, 7, 5]
A_13 19.84 A 13 [1, 4, 2, 2, 4, 4, 2, 1, 2, 2, 4, 1, 3, 3, 1, 4, 2, 3, 3, 1, 3, 2, 4, 2, 2, 3, 2, 3, 4, 4, 2, 3, 3, 1, 2, 2, 1, 2, 3, 1] [5, 7, 5, 4, 8, 7, 4, 5, 6, 4, 7, 3, 5, 6, 3, 7, 4, 7, 6, 5, 5, 4, 6, 4, 4, 6, 6, 7, 6, 6, 5, 6, 7, 3, 5, 4, 5, 5, 6, 3]
A_14 20.84 A 14 [2, 2, 4, 4, 2, 1, 3, 4, 4, 3, 3, 3, 1, 1, 1, 3, 2, 2, 4, 4, 1, 2, 2, 1, 3, 2, 2, 4, 2, 2, 4, 1, 4, 1, 2, 1, 4, 1, 4, 1] [6, 4, 7, 6, 5, 5, 7, 8, 6, 5, 6, 7, 3, 3, 3, 7, 4, 4, 8, 8, 4, 4, 4, 5, 7, 6, 5, 7, 6, 4, 7, 5, 7, 3, 6, 4, 6, 5, 7, 3]
A_15 21.84 A 15 [1, 1, 3, 3, 3, 4, 1, 4, 3, 4, 4, 3, 2, 4, 3, 3, 2, 3, 3, 2, 1, 1, 4, 3, 2, 3, 3, 4, 4, 2, 4, 2, 3, 2, 3, 2, 4, 1, 2, 2] [3, 4, 5, 5, 7, 7, 5, 8, 6, 7, 8, 6, 6, 7, 7, 7, 4, 7, 5, 6, 4, 5, 8, 7, 6, 6, 5, 8, 7, 6, 7, 6, 6, 6, 5, 5, 7, 4, 6, 6]
A_16 22.84 A 16 [2, 1, 4, 2, 1, 4, 2, 2, 4, 4, 4, 1, 2, 2, 2, 2, 4, 2, 4, 4, 3, 1, 2, 4, 3, 4, 2, 1, 3, 1, 4, 4, 4, 2, 4, 3, 4, 2, 3, 4] [6, 3, 6, 5, 5, 8, 4, 4, 7, 7, 8, 5, 6, 4, 4, 4, 7, 5, 6, 7, 5, 5, 5, 7, 5, 6, 4, 5, 7, 3, 8, 7, 7, 6, 6, 6, 6, 5, 6, 6]
A_17 23.84 A 17 [1, 3, 4, 3, 2, 4, 4, 1, 4, 3, 3, 3, 3, 3, 2, 3, 2, 2, 4, 3, 4, 2, 4, 3, 4, 3, 4, 1, 1, 1, 4, 1, 2, 4, 2, 3, 1, 3, 4, 2] [4, 6, 8, 5, 4, 8, 8, 4, 8, 7, 6, 5, 5, 7, 4, 7, 5, 4, 8, 7, 7, 4, 7, 7, 8, 5, 7, 4, 3, 3, 6, 4, 6, 6, 5, 6, 5, 7, 8, 5]
A_18 24.84 A 18 [1, 4, 1, 3, 4, 2, 1, 1, 2, 4, 2, 2, 3, 3, 4, 3, 4, 4, 3, 3, 2, 3, 4, 4, 3, 3, 2, 1, 1, 1, 4, 2, 1, 1, 2, 3, 3, 2, 3, 4] [5, 7, 5, 6, 6, 4, 3, 5, 6, 7, 6, 6, 5, 6, 8, 5, 6, 8, 6, 6, 4, 6, 6, 7, 5, 5, 6, 5, 3, 4, 7, 5, 5, 5, 4, 5, 6, 5, 6, 8]
A_19 28.56 A 19 [4, 1, 2, 2, 3, 3, 1, 3, 2, 4, 2, 3, 4, 1, 4, 2, 4, 3, 3, 4, 2, 1, 2, 4, 3, 4, 4, 2, 1, 4, 4, 1, 3, 2, 1, 3, 1, 4, 2, 1] [8, 4, 5, 4, 7, 7, 3, 7, 5, 8, 4, 5, 6, 5, 8, 6, 7, 7, 6, 7, 4, 3, 4, 6, 6, 6, 7, 6, 5, 6, 6, 3, 6, 5, 3, 5, 3, 6, 6, 4]
B_0 1 B 20 [1, 2, 1, 4, 1, 1, 2, 1, 1, 1, 2, 1, 2, 3, 1, 1, 3, 4, 2, 2, 3, 4, 3, 3, 3, 1, 2, 4, 4, 2, 4, 4, 1, 1, 3, 3, 2, 4, 1, 2] [3, 5, 5, 8, 3, 4, 6, 5, 3, 3, 6, 5, 6, 5, 4, 4, 5, 7, 4, 4, 6, 6, 7, 5, 7, 4, 6, 7, 6, 6, 6, 6, 3, 4, 6, 5, 5, 8, 5, 6]
B_1 2 B 21 [2, 3, 3, 4, 1, 2, 4, 1, 2, 3, 3, 3, 3, 2, 2, 1, 1, 2, 3, 1, 4, 3, 2, 4, 3, 4, 1, 2, 4, 1, 4, 1, 2, 2, 2, 4, 2, 1, 3, 3] [6, 7, 6, 7, 4, 4, 7, 3, 5, 6, 5, 6, 6, 4, 4, 5, 5, 4, 6, 3, 6, 5, 5, 7, 7, 7, 5, 4, 7, 3, 7, 3, 5, 6, 6, 6, 4, 3, 5, 5]
B_2 3.5700000000000003 B 22 [3, 3, 4, 1, 4, 4, 2, 3, 4, 2, 4, 1, 4, 4, 2, 4, 2, 4, 4, 2, 3, 2, 1, 4, 4, 3, 2, 1, 2, 4, 1, 4, 2, 3, 3, 3, 1, 4, 2, 2] [6, 7, 7, 5, 6, 7, 5, 7, 8, 5, 7, 4, 7, 6, 4, 8, 5, 7, 6, 4, 7, 5, 5, 7, 8, 6, 6, 3, 5, 8, 4, 8, 5, 5, 6, 5, 3, 6, 6, 5]
B_3 4.82 B 23 [3, 4, 3, 2, 2, 3, 2, 3, 3, 3, 2, 3, 3, 2, 1, 3, 4, 3, 4, 4, 3, 4, 4, 1, 2, 1, 1, 1, 1, 4, 2, 2, 3, 4, 3, 1, 2, 3, 3, 4] [7, 7, 7, 4, 4, 7, 5, 6, 5, 6, 4, 7, 5, 4, 5, 7, 7, 7, 7, 6, 5, 7, 7, 5, 6, 4, 5, 5, 3, 6, 4, 6, 5, 6, 5, 4, 5, 5, 7, 8]
B_4 5.82 B 24 [1, 2, 3, 3, 2, 1, 3, 3, 2, 4, 4, 1, 2, 2, 3, 2, 3, 4, 3, 3, 3, 3, 4, 2, 4, 2, 1, 1, 2, 4, 4, 3, 4, 4, 2, 2, 2, 4, 4, 4] [5, 4, 7, 6, 6, 3, 5, 6, 6, 7, 7, 4, 5, 4, 7, 6, 5, 8, 5, 6, 7, 7, 8, 6, 6, 5, 4, 3, 6, 7, 6, 7, 7, 8, 6, 6, 4, 8, 7, 8]
B_5 6.82 B 25 [3, 2, 3, 4, 4, 3, 1, 1, 1, 1, 3, 4, 4, 3, 2, 3, 4, 3, 3, 4, 1, 4, 3, 1, 2, 2, 1, 3, 1, 1, 2, 2, 3, 2, 4, 4, 4, 1, 1, 3] [7, 4, 7, 7, 6, 6, 3, 3, 5, 5, 6, 6, 7, 6, 6, 6, 6, 5, 5, 6, 4, 7, 6, 4, 5, 6, 5, 7, 4, 3, 5, 4, 6, 6, 8, 8, 7, 5, 3, 6]
B_6 7.82 B 26 [3, 1, 3, 1, 4, 1, 2, 3, 2, 4, 4, 1, 3, 2, 2, 3, 2, 4, 2, 4, 2, 1, 2, 1, 1, 1, 3, 3, 2, 1, 2, 4, 1, 2, 4, 2, 3, 1, 2, 2] [6, 5, 7, 3, 7, 5, 6, 6, 6, 7, 8, 3, 5, 6, 5, 5, 4, 7, 6, 7, 6, 5, 6, 5, 4, 5, 5, 5, 6, 4, 5, 7, 3, 6, 6, 4, 5, 5, 4, 5]
B_7 11.64 B 27 [3, 2, 3, 3, 4, 4, 2, 1, 1, 3, 2, 3, 4, 3, 4, 4, 1, 1, 1, 2, 4, 2, 1, 1, 1, 3, 3, 4, 3, 4, 1, 1, 1, 4, 1, 1, 3, 4, 2, 4] [7, 5, 5, 6, 6, 7, 6, 4, 4, 7, 6, 5, 6, 7, 7, 8, 5, 4, 5, 6, 7, 4, 3, 5, 3, 7, 5, 8, 6, 6, 3, 5, 5, 8, 4, 5, 5, 7, 6, 6]
B_8 12.64 B 28 [4, 3, 3, 4, 2, 3, 4, 3, 2, 3, 1, 4, 3, 4, 2, 4, 3, 1, 1, 1, 4, 4, 2, 1, 2, 1, 2, 3, 1, 3, 2, 4, 1, 2, 2, 3, 4, 4, 3, 2] [8, 5, 6, 7, 5, 7, 6, 7, 5, 6, 3, 8, 7, 6, 6, 7, 7, 3, 3, 5, 6, 7, 5, 3, 6, 4, 6, 6, 5, 5, 6, 8, 4, 6, 5, 5, 8, 7, 6, 5]
B_9 13.64 B 29 [2, 3, 2, 1, 2, 2, 1, 4, 4, 2, 2, 3, 4, 4, 2, 2, 1, 1, 1, 4, 2, 1, 4, 4, 4, 1, 1, 4, 3, 3, 3, 2, 4, 3, 3, 2, 2, 3, 2, 4] [5, 5, 4, 5, 6, 4, 5, 7, 7, 4, 4, 5, 7, 6, 4, 6, 3, 3, 4, 6, 6, 3, 8, 6, 7, 3, 4, 6, 5, 7, 7, 6, 6, 7, 7, 4, 6, 5, 4, 7]
B_10 14.64 B 30 [3, 4, 1, 4, 2, 4, 4, 4, 4, 3, 1, 1, 2, 2, 4, 4, 4, 4, 4, 4, 4, 4, 1, 2, 4, 2, 2, 1, 2, 3, 1, 2, 1, 2, 2, 2, 1, 1, 4, 4] [7, 8, 5, 6, 6, 7, 6, 7, 8, 7, 3, 3, 6, 5, 7, 7, 8, 6, 7, 6, 6, 7, 4, 4, 6, 5, 5, 3, 6, 7, 3, 4, 5, 5, 5, 5, 3, 4, 6, 7]
B_11 15.64 B 31 [4, 2, 3, 2, 1, 1, 3, 1, 1, 4, 1, 4, 4, 3, 1, 2, 4, 1, 2, 1, 4, 1, 4, 2, 3, 2, 4, 1, 4, 2, 2, 2, 1, 2, 2, 4, 4, 2, 4, 2] [6, 5, 7, 6, 3, 4, 7, 4, 5, 6, 4, 6, 8, 6, 5, 6, 7, 4, 5, 3, 6, 3, 8, 6, 7, 4, 7, 5, 8, 6, 4, 4, 3, 6, 5, 7, 7, 4, 8, 4]
B_12 16.64 B 32 [4, 1, 3, 2, 2, 1, 1, 4, 4, 1, 2, 3, 4, 3, 4, 3, 4, 2, 1, 3, 1, 2, 2, 3, 4, 3, 1, 1, 1, 4, 1, 1, 2, 2, 1, 3, 4, 2, 4, 3] [6, 3, 6, 5, 4, 5, 3, 8, 8, 5, 6, 5, 7, 7, 7, 6, 7, 6, 5, 6, 3, 5, 5, 5, 7, 6, 3, 5, 4, 6, 5, 3, 4, 4, 3, 6, 7, 6, 6, 6]
B_13 17.66 B 33 [4, 2, 2, 2, 1, 2, 3, 2, 1, 1, 4, 1, 1, 1, 1, 2, 2, 4, 1, 2, 1, 2, 3, 4, 4, 2, 2, 4, 2, 3, 2, 2, 2, 3, 1, 1, 4, 1, 4, 4] [6, 4, 6, 4, 4, 4, 5, 5, 3, 3, 8, 3, 4, 3, 3, 6, 6, 6, 5, 5, 4, 6, 5, 6, 8, 6, 6, 8, 6, 7, 5, 6, 4, 6, 4, 4, 7, 5, 6, 6]
B_14 18.66 B 34 [4, 2, 1, 4, 2, 3, 2, 4, 4, 4, 3, 1, 1, 2, 2, 3, 4, 2, 2, 1, 3, 2, 3, 3, 2, 4, 4, 1, 2, 3, 2, 2, 1, 1, 4, 1, 1, 3, 3, 4] [6, 4, 5, 7, 4, 7, 4, 7, 6, 7, 7, 5, 3, 5, 6, 5, 6, 5, 4, 3, 6, 6, 6, 5, 6, 8, 6, 4, 5, 7, 5, 5, 3, 4, 7, 5, 5, 5, 6, 6]
B_15 19.76 B 35 [2, 1, 1, 2, 3, 4, 2, 3, 3, 3, 1, 2, 2, 2, 1, 2, 3, 3, 3, 3, 3, 4, 3, 1, 2, 4, 2, 1, 3, 2, 2, 4, 3, 1, 1, 2, 2, 3, 3, 4] [4, 5, 5, 6, 6, 7, 5, 7, 6, 6, 5, 4, 5, 4, 4, 5, 6, 6, 5, 5, 5, 6, 5, 4, 6, 8, 4, 5, 5, 4, 5, 7, 6, 4, 5, 5, 5, 6, 7, 6]
B_16 20.76 B 36 [3, 3, 3, 3, 3, 3, 1, 1, 4, 3, 2, 4, 1, 1, 4, 4, 4, 1, 3, 1, 2, 2, 1, 2, 2, 4, 3, 3, 4, 2, 1, 4, 4, 4, 1, 2, 1, 1, 4, 3] [5, 6, 5, 7, 6, 5, 3, 5, 6, 6, 6, 6, 3, 5, 6, 7, 6, 5, 6, 3, 5, 4, 3, 5, 4, 7, 5, 5, 8, 6, 3, 7, 7, 7, 5, 5, 5, 3, 7, 7]
B_17 21.76 B 37 [2, 1, 4, 3, 2, 4, 2, 2, 3, 3, 2, 4, 3, 2, 1, 1, 2, 3, 2, 4, 4, 1, 4, 3, 4, 1, 1, 4, 4, 3, 1, 2, 2, 1, 3, 3, 1, 1, 1, 1] [5, 3, 6, 5, 6, 8, 4, 4, 6, 5, 5, 8, 7, 5, 5, 4, 5, 7, 5, 6, 8, 3, 6, 5, 8, 5, 5, 7, 7, 5, 4, 4, 6, 5, 5, 6, 3, 5, 4, 5]
B_18 22.76 B 38 [4, 3, 3, 4, 1, 2, 3, 1, 4, 2, 1, 2, 4, 3, 4, 2, 3, 4, 3, 2, 1, 3, 2, 3, 4, 1, 2, 2, 3, 2, 4, 4, 4, 4, 3, 3, 4, 1, 1, 3] [7, 5, 5, 7, 4, 6, 7, 4, 8, 4, 3, 4, 7, 6, 7, 6, 6, 8, 6, 6, 5, 5, 6, 7, 7, 3, 4, 6, 6, 4, 6, 8, 6, 6, 6, 7, 7, 4, 5, 7]
B_19 23.76 B 39 [3, 3, 2, 2, 1, 3, 2, 4, 2, 3, 1, 3, 2, 1, 1, 2, 4, 2, 4, 1, 2, 3, 2, 4, 4, 3, 2, 4, 2, 4, 4, 2, 3, 4, 4, 4, 3, 1, 3, 3] [6, 5, 5, 6, 4, 5, 6, 8, 5, 5, 3, 7, 5, 3, 3, 6, 6, 5, 8, 4, 6, 5, 5, 8, 8, 6, 5, 6, 5, 7, 7, 4, 6, 6, 6, 6, 7, 5, 7, 6]
