A_0 1 A 0 [1, 3, 2, 3, 3, 3, 3, 4, 3, 1, 2, 4, 4, 4, 2, 2, 1, 4, 4, 1, 3, 4, 3, 4, 3, 3, 3, 3, 1, 1, 1, 2, 1, 4, 4, 3, 4, 3, 2, 1] [5, 6, 4, 6, 7, 5, 5, 8, 5, 4, 4, 6, 7, 6, 5, 6, 3, 8, 8, 5, 7, 8, 7, 8, 5, 5, 6, 5, 4, 5, 4, 4, 5, 6, 8, 5, 8, 7, 4, 5]
A_1 2 A 1 [3, 3, 4, 1, 2, 4, 3, 3, 3, 1, 4, 4, 1, 4, 3, 3, 3, 4, 2, 3, 2, 3, 2, 2, 3, 2, 4, 1, 2, 4, 3, 3, 4, 2, 4, 1, 4, 1, 2, 4] [6, 6, 7, 3, 5, 7, 6, 7, 5, 4, 8, 7, 4, 7, 7, 5, 7, 7, 4, 6, 5, 7, 4, 6, 5, 5, 8, 4, 4, 7, 5, 5, 7, 6, 7, 3, 6, 4, 5, 8]
A_2 3.42 A 2 [2, 4, 1, 3, 4, 4, 2, 3, 2, 1, 1, 3, 1, 3, 3, 1, 1, 1, 1, 3, 2, 3, 1, 3, 4, 3, 1, 3, 1, 3, 2, 2, 2, 1, 4, 2, 3, 2, 3, 3] [4, 7, 5, 6, 7, 7, 4, 6, 6, 3, 4, 7, 5, 5, 6, 3, 3, 3, 4, 5, 5, 7, 4, 7, 6, 5, 5, 6, 5, 5, 5, 5, 5, 5, 8, 6, 5, 6, 7, 5]
A_3 4.42 A 3 [3, 1, 3, 1, 3, 3, 2, 1, 2, 4, 3, 4, 1, 2, 2, 1, 3, 4, 1, 4, 3, 2, 4, 1, 1, 2, 4, 1, 2, 1, 3, 1, 2, 4, 2, 4, 2, 4, 1, 1] [6, 3, 6, 5, 7, 5, 6, 3, 4, 8, 7, 6, 4, 6, 6, 3, 5, 7, 3, 6, 6, 5, 7, 4, 5, 6, 8, 4, 6, 5, 5, 3, 5, 8, 6, 6, 5, 7, 3, 4]
A_4 5.87 A 4 [3, 2, 4, 3, 2, 1, 3, 3, 1, 2, 3, 4, 3, 2, 1, 3, 3, 1, 3, 2, 1, 4, 1, 2, 4, 1, 3, 4, 1, 3, 2, 3, 3, 1, 2, 3, 2, 4, 2, 4] [7, 5, 7, 7, 6, 3, 6, 5, 3, 6, 6, 6, 7, 6, 5, 6, 6, 5, 7, 5, 4, 8, 3, 5, 6, 4, 6, 7, 4, 5, 6, 7, 7, 4, 5, 6, 6, 6, 4, 8]
A_5 7.41 A 5 [3, 4, 4, 3, 1, 3, 2, 3, 1, 3, 1, 4, 1, 2, 1, 4, 4, 3, 4, 1, 4, 3, 1, 1, 2, 1, 3, 2, 2, 4, 1, 3, 3, 3, 3, 4, 2, 3, 4, 1] [5, 7, 7, 5, 3, 7, 4, 6, 3, 5, 5, 7, 3, 6, 5, 7, 6, 6, 8, 4, 7, 7, 5, 5, 5, 3, 6, 5, 4, 6, 3, 7, 6, 6, 6, 6, 5, 6, 8, 3]
A_6 9.5 A 6 [3, 3, 2, 2, 3, 2, 4, 3, 2, 2, 4, 4, 3, 2, 3, 2, 1, 2, 1, 2, 1, 4, 4, 1, 4, 3, 3, 1, 3, 4, 4, 1, 3, 4, 4, 2, 1, 1, 3, 2] [5, 6, 4, 6, 6, 4, 7, 6, 4, 6, 7, 7, 6, 4, 6, 4, 5, 4, 5, 6, 3, 6, 7, 5, 6, 7, 7, 3, 5, 6, 8, 5, 6, 6, 7, 5, 5, 3, 7, 6]
A_7 10.5 A 7 [4, 3, 3, 1, 3, 3, 3, 1, 3, 4, 4, 1, 2, 3, 1, 4, 4, 4, 1, 2, 3, 3, 1, 3, 3, 3, 4, 3, 2, 4, 4, 3, 3, 3, 2, 2, 3, 3, 3, 4] [8, 7, 6, 3, 5, 6, 6, 3, 6, 8, 7, 4, 5, 6, 4, 6, 7, 6, 5, 5, 5, 7, 5, 7, 7, 5, 7, 5, 5, 8, 7, 6, 6, 6, 4, 6, 6, 6, 5, 8]
A_8 14.16 A 8 [3, 3, 2, 2, 1, 1, 2, 3, 4, 1, 4, 1, 1, 2, 3, 3, 2, 3, 4, 2, 2, 3, 2, 2, 1, 2, 4, 1, 2, 2, 3, 3, 1, 3, 1, 1, 4, 4, 4, 1] [5, 5, 6, 4, 3, 3, 4, 6, 6, 4, 8, 4, 3, 6, 5, 7, 4, 5, 6, 6, 4, 5, 5, 5, 3, 4, 8, 5, 4, 6, 7, 5, 3, 6, 4, 5, 8, 6, 8, 4]
A_9 15.16 A 9 [1, 1, 1, 4, 2, 3, 2, 4, 1, 4, 4, 1, 4, 4, 1, 2, 4, 3, 4, 4, 1, 2, 2, 2, 1, 4, 2, 4, 1, 1, 2, 1, 4, 1, 3, 3, 3, 2, 2, 1] [4, 4, 3, 8, 6, 5, 6, 8, 4, 8, 7, 5, 7, 8, 4, 6, 6, 5, 7, 7, 4, 6, 5, 6, 3, 8, 4, 6, 3, 5, 5, 3, 8, 4, 6, 5, 7, 4, 4, 3]
A_10 16.16 A 10 [2, 4, 1, 3, 3, 1, 4, 4, 4, 4, 4, 2, 1, 1, 4, 1, 2, 1, 2, 2, 1, 3, 2, 1, 3, 4, 2, 2, 3, 4, 1, 2, 3, 1, 4, 3, 1, 3, 1, 3] [4, 8, 4, 7, 6, 5, 7, 7, 8, 7, 7, 6, 5, 4, 7, 3, 4, 3, 6, 5, 4, 6, 4, 3, 6, 6, 4, 5, 6, 8, 5, 4, 5, 3, 6, 6, 3, 7, 4, 5]
A_11 18.68 A 11 [4, 4, 3, 4, 4, 4, 4, 1, 1, 1, 2, 2, 1, 3, 3, 4, 1, 2, 1, 4, 2, 2, 1, 2, 1, 3, 4, 1, 2, 3, 3, 2, 2, 4, 1, 3, 1, 1, 3, 3] [6, 7, 7, 6, 6, 7, 7, 4, 4, 5, 6, 5, 4, 6, 6, 8, 5, 6, 3, 6, 4, 5, 4, 6, 3, 5, 7, 4, 4, 6, 6, 4, 4, 6, 5, 6, 3, 5, 6, 5]
A_12 19.68 A 12 [4, 1, 1, 1, 3, 1, 3, 2, 1, 4, 1, 1, 3, 1, 4, 4, 1, 2, 2, 2, 4, 1, 1, 2, 2, 1, 2, 3, 2, 1, 4, 1, 1, 2, 3, 2, 2, 2, 3, 4] [7, 4, 5, 4, 7, 3, 6, 5, 3, 7, 5, 4, 7, 5, 6, 6, 3, 4, 5, 5, 8, 5, 4, 5, 6, 3, 5, 6, 5, 3, 6, 3, 5, 6, 6, 6, 6, 4, 7, 7]
A_13 21.009999999999998 A 13 [4, 4, 3, 2, 2, 2, 2, 3, 2, 4, 1, 3, 1, 3, 3, 3, 2, 3, 4, 1, 4, 4, 4, 3, 2, 3, 3, 1, 2, 2, 4, 4, 3, 3, 4, 4, 1, 2, 2, 1] [6, 7, 5, 6, 6, 6, 4, 6, 6, 8, 4, 6, 5, 6, 7, 7, 4, 6, 7, 3, 7, 6, 8, 5, 6, 7, 5, 3, 4, 6, 8, 8, 5, 5, 7, 8, 5, 6, 6, 5]
A_14 22.009999999999998 A 14 [2, 3, 3, 2, 1, 1, 3, 1, 3, 1, 4, 3, 4, 3, 2, 1, 2, 2, 3, 3, 4, 4, 3, 1, 4, 4, 2, 3, 2, 3, 1, 3, 4, 3, 1, 4, 3, 3, 4, 3] [5, 7, 6, 6, 5, 5, 6, 4, 5, 4, 7, 6, 6, 7, 5, 3, 4, 6, 5, 7, 8, 6, 5, 4, 7, 8, 5, 6, 4, 7, 4, 6, 6, 7, 4, 7, 5, 6, 6, 6]
A_15 23.65 A 15 [2, 3, 1, 1, 3, 4, 2, 4, 3, 2, 1, 4, 4, 3, 1, 3, 3, 1, 4, 2, 1, 1, 3, 2, 3, 2, 2, 4, 4, 4, 2, 4, 3, 4, 1, 2, 2, 3, 4, 1] [6, 5, 3, 3, 6, 7, 4, 6, 7, 6, 3, 8, 6, 7, 3, 6, 6, 3, 8, 5, 3, 3, 7, 6, 7, 5, 6, 7, 8, 7, 4, 6, 5, 8, 4, 5, 5, 7, 6, 4]
A_16 24.65 A 16 [1, 3, 1, 3, 3, 4, 1, 4, 2, 4, 2, 1, 1, 2, 2, 3, 2, 3, 1, 1, 2, 3, 3, 2, 1, 3, 4, 3, 3, 3, 4, 1, 4, 2, 1, 4, 2, 1, 1, 2] [3, 7, 3, 5, 6, 6, 5, 7, 4, 6, 4, 5, 3, 4, 4, 6, 6, 6, 5, 4, 5, 7, 7, 5, 3, 5, 8, 5, 5, 6, 7, 4, 7, 5, 3, 8, 6, 4, 3, 5]
A_17 25.65 A 17 [4, 4, 1, 4, 1, 3, 2, 4, 3, 3, 1, 2, 2, 3, 2, 1, 3, 1, 4, 3, 4, 3, 3, 3, 1, 4, 4, 1, 2, 4, 4, 4, 4, 3, 3, 3, 2, 1, 3, 4] [8, 7, 3, 7, 5, 6, 4, 6, 5, 5, 3, 6, 4, 6, 6, 3, 6, 5, 8, 7, 8, 6, 5, 7, 3, 7, 6, 3, 4, 8, 8, 7, 8, 5, 6, 7, 6, 5, 6, 8]
A_18 26.65 A 18 [4, 2, 1, 1, 3, 4, 1, 1, 4, 4, 2, 1, 2, 4, 3, 4, 1, 4, 2, 2, 4, 2, 1, 4, 3, 2, 3, 2, 1, 2, 4, 4, 1, 4, 4, 3, 2, 2, 4, 2] [8, 4, 4, 3, 7, 8, 5, 5, 6, 7, 6, 3, 5, 7, 5, 8, 5, 8, 4, 6, 6, 6, 4, 6, 7, 5, 6, 6, 5, 5, 6, 8, 4, 8, 6, 5, 6, 5, 6, 6]
A_19 27.65 A 19 [1, 3, 3, 4, 2, 1, 2, 2, 2, 4, 2, 4, 2, 1, 3, 2, 1, 3, 2, 2, 2, 2, 4, 1, 2, 3, 1, 1, 1, 4, 1, 1, 2, 1, 4, 2, 3, 3, 2, 2] [5, 6, 5, 6, 5, 4, 6, 5, 6, 7, 5, 6, 5, 3, 7, 5, 4, 7, 6, 6, 5, 6, 7, 4, 5, 6, 4, 5, 3, 8, 4, 3, 5, 5, 7, 6, 6, 6, 6, 6]
B_0 1 B 20 [3, 2, 2, 3, 1, 4, 1, 3, 2, 1, 1, 2, 4, 4, 4, 1, 2, 4, 4, 2, 2, 2, 3, 4, 4, 2, 4, 4, 3, 3, 4, 3, 3, 4, 4, 4, 1, 3, 2, 4] [7, 5, 5, 6, 4, 7, 3, 5, 4, 4, 4, 4, 8, 7, 8, 3, 5, 8, 6, 5, 6, 4, 5, 6, 7, 4, 6, 7, 5, 6, 7, 6, 7, 7, 8, 6, 4, 7, 5, 6]
B_1 2.5300000000000002 B 21 [4, 3, 3, 2, 4, 3, 4, 3, 3, 2, 3, 2, 1, 4, 4, 1, 3, 3, 2, 2, 2, 1, 4, 3, 2, 2, 2, 2, 4, 1, 2, 3, 3, 3, 1, 2, 3, 4, 2, 2] [8, 7, 7, 5, 8, 7, 6, 7, 5, 6, 6, 5, 5, 6, 6, 3, 7, 6, 6, 6, 4, 5, 7, 7, 5, 4, 4, 5, 8, 3, 6, 7, 5, 7, 3, 5, 6, 7, 6, 5]
B_2 3.5300000000000002 B 22 [3, 2, 1, 4, 1, 1, 4, 1, 2, 2, 2, 1, 1, 4, 3, 3, 3, 3, 1, 4, 3, 4, 2, 4, 3, 1, 4, 2, 1, 1, 4, 4, 4, 1, 2, 1, 1, 3, 1, 2] [7, 4, 4, 7, 3, 5, 7, 5, 5, 5, 4, 4, 4, 8, 5, 7, 7, 5, 4, 7, 5, 7, 4, 8, 7, 5, 8, 6, 5, 3, 7, 6, 7, 4, 4, 5, 5, 7, 4, 6]
B_3 5.43 B 23 [4, 2, 3, 1, 2, 1, 1, 3, 2, 2, 1, 2, 2, 3, 1, 2, 2, 3, 4, 1, 4, 3, 4, 4, 1, 1, 3, 1, 3, 2, 3, 1, 3, 1, 4, 3, 4, 1, 2, 1] [8, 6, 7, 4, 5, 5, 5, 7, 5, 6, 3, 6, 5, 5, 4, 6, 5, 7, 6, 4, 6, 7, 8, 6, 3, 4, 6, 4, 7, 5, 5, 4, 7, 3, 6, 7, 6, 3, 5, 4]
B_4 6.43 B 24 [3, 3, 4, 1, 4, 2, 4, 3, 1, 1, 3, 1, 2, 2, 4, 3, 1, 1, 3, 2, 4, 2, 3, 1, 2, 4, 2, 2, 4, 2, 4, 1, 2, 1, 3, 1, 3, 1, 2, 4] [5, 5, 6, 5, 6, 5, 6, 7, 3, 3, 6, 3, 6, 6, 7, 7, 3, 3, 7, 5, 7, 5, 7, 3, 5, 6, 4, 4, 6, 5, 6, 3, 4, 5, 5, 4, 5, 5, 6, 6]
B_5 7.43 B 25 [3, 2, 3, 2, 1, 1, 3, 3, 2, 4, 4, 3, 1, 3, 4, 2, 3, 4, 2, 3, 2, 2, 1, 1, 4, 1, 1, 1, 4, 1, 4, 2, 1, 3, 2, 3, 3, 4, 1, 2] [5, 5, 5, 6, 4, 3, 7, 5, 4, 8, 6, 5, 3, 7, 8, 5, 5, 7, 5, 6, 4, 4, 5, 4, 6, 4, 3, 5, 7, 3, 6, 5, 4, 5, 4, 6, 6, 6, 3, 4]
B_6 8.43 B 26 [3, 4, 1, 4, 3, 3, 3, 4, 4, 2, 2, 4, 2, 3, 2, 2, 4, 4, 3, 1, 4, 2, 4, 3, 2, 1, 2, 4, 4, 1, 3, 3, 2, 3, 3, 1, 4, 4, 2, 4] [6, 8, 5, 8, 6, 6, 7, 7, 8, 4, 4, 7, 5, 5, 5, 6, 8, 6, 6, 4, 6, 4, 8, 6, 4, 3, 6, 8, 7, 5, 6, 7, 5, 7, 6, 3, 6, 7, 5, 7]
B_7 9.43 B 27 [3, 1, 3, 1, 4, 2, 1, 3, 1, 4, 2, 1, 3, 1, 3, 4, 3, 1, 2, 1, 4, 2, 2, 1, 2, 1, 4, 3, 1, 3, 1, 4, 4, 4, 1, 4, 4, 4, 4, 1] [5, 4, 6, 4, 7, 5, 3, 5, 5, 6, 5, 4, 6, 3, 6, 7, 5, 3, 6, 5, 7, 5, 6, 4, 4, 5, 8, 7, 4, 5, 4, 8, 7, 6, 4, 8, 8, 6, 8, 3]
B_8 11.219999999999999 B 28 [1, 2, 1, 2, 1, 2, 3, 2, 2, 1, 3, 2, 2, 2, 2, 4, 3, 2, 1, 1, 3, 4, 1, 3, 4, 4, 4, 1, 1, 4, 4, 3, 4, 3, 2, 4, 1, 3, 2, 3] [4, 4, 5, 6, 4, 4, 5, 5, 4, 3, 6, 4, 5, 4, 4, 8, 5, 4, 5, 3, 5, 8, 5, 7, 6, 7, 7, 4, 3, 7, 7, 6, 8, 7, 5, 8, 3, 6, 5, 5]
B_9 12.909999999999998 B 29 [1, 4, 3, 1, 3, 4, 4, 4, 2, 1, 4, 3, 1, 2, 3, 4, 3, 4, 2, 4, 3, 1, 1, 2, 2, 1, 1, 3, 4, 3, 3, 3, 4, 1, 2, 4, 1, 1, 1, 3] [5, 7, 5, 5, 5, 6, 6, 8, 6, 5, 8, 6, 3, 6, 7, 7, 6, 8, 5, 8, 6, 3, 3, 5, 5, 3, 5, 5, 7, 7, 7, 7, 6, 5, 6, 8, 4, 3, 4, 7]
B_10 13.909999999999998 B 30 [1, 3, 2, 3, 2, 1, 4, 4, 3, 2, 1, 3, 4, 4, 1, 2, 4, 4, 4, 1, 4, 2, 4, 3, 4, 4, 3, 1, 4, 3, 4, 4, 3, 2, 1, 4, 1, 3, 2, 4] [4, 5, 5, 5, 6, 3, 8, 7, 7, 5, 5, 6, 6, 8, 4, 4, 7, 8, 6, 4, 7, 6, 7, 5, 6, 6, 6, 4, 7, 7, 8, 7, 6, 4, 4, 7, 4, 6, 6, 7]
B_11 14.909999999999998 B 31 [2, 3, 2, 1, 3, 3, 1, 3, 3, 1, 2, 2, 1, 4, 3, 4, 1, 4, 4, 1, 3, 3, 4, 1, 1, 2, 3, 4, 3, 3, 4, 2, 2, 3, 4, 3, 1, 3, 1, 4] [4, 5, 5, 3, 7, 7, 5, 6, 5, 3, 4, 4, 3, 8, 6, 6, 4, 7, 8, 3, 6, 7, 6, 4, 3, 5, 7, 8, 6, 7, 7, 4, 5, 5, 6, 7, 5, 7, 3, 8]
B_12 17.13 B 32 [1, 4, 2, 2, 3, 3, 3, 3, 1, 4, 3, 2, 1, 3, 4, 3, 4, 4, 1, 2, 3, 3, 4, 3, 2, 1, 2, 4, 4, 4, 3, 2, 4, 4, 2, 1, 1, 2, 2, 2] [5, 7, 5, 5, 7, 6, 6, 6, 3, 8, 5, 4, 5, 5, 6, 5, 7, 8, 4, 5, 7, 5, 7, 7, 4, 4, 5, 7, 8, 6, 6, 5, 8, 8, 4, 3, 4, 5, 5, 4]
B_13 18.13 B 33 [4, 2, 1, 4, 1, 3, 4, 3, 3, 1, 1, 4, 2, 3, 3, 4, 2, 3, 4, 1, 4, 3, 1, 1, 1, 3, 3, 4, 3, 1, 2, 3, 4, 4, 4, 4, 4, 1, 3, 1] [6, 6, 5, 8, 4, 6, 6, 6, 6, 4, 3, 6, 6, 5, 7, 8, 5, 5, 8, 5, 7, 7, 4, 3, 5, 5, 7, 6, 7, 5, 4, 5, 8, 6, 6, 7, 7, 4, 6, 5]
B_14 19.48 B 34 [4, 4, 4, 2, 2, 3, 4, 2, 1, 3, 4, 1, 3, 4, 1, 1, 1, 3, 4, 4, 4, 1, 2, 4, 3, 2, 3, 1, 2, 2, 1, 4, 2, 4, 4, 4, 2, 4, 4, 4] [8, 7, 8, 6, 5, 6, 7, 4, 4, 6, 6, 5, 6, 7, 4, 4, 3, 6, 6, 7, 8, 3, 4, 6, 5, 4, 6, 4, 5, 6, 4, 6, 4, 6, 7, 8, 4, 8, 7, 6]
B_15 22.45 B 35 [3, 1, 2, 4, 3, 4, 2, 2, 1, 3, 3, 3, 2, 4, 4, 2, 4, 3, 3, 2, 4, 2, 1, 3, 1, 3, 1, 4, 4, 4, 4, 3, 1, 4, 4, 1, 2, 1, 1, 2] [5, 3, 6, 6, 6, 6, 5, 6, 5, 5, 6, 6, 6, 8, 7, 5, 8, 7, 5, 6, 6, 5, 5, 7, 4, 6, 3, 8, 8, 8, 7, 7, 3, 7, 8, 3, 4, 3, 4, 4]
B_16 23.45 B 36 [4, 4, 3, 2, 2, 2, 1, 3, 4, 3, 1, 1, 2, 1, 3, 2, 2, 2, 2, 3, 1, 3, 1, 4, 3, 3, 4, 4, 1, 1, 1, 1, 1, 4, 2, 2, 2, 4, 4, 4] [8, 6, 5, 5, 6, 5, 5, 6, 8, 7, 3, 3, 6, 5, 5, 5, 6, 6, 6, 6, 4, 6, 5, 6, 5, 6, 6, 8, 3, 4, 4, 5, 4, 7, 4, 4, 4, 6, 8, 8]
B_17 24.599999999999998 B 37 [3, 1, 2, 4, 4, 3, 1, 3, 4, 2, 3, 1, 2, 2, 3, 3, 1, 1, 2, 3, 3, 4, 3, 1, 1, 4, 4, 4, 3, 1, 3, 3, 2, 1, 4, 1, 4, 1, 3, 2] [7, 4, 6, 7, 6, 6, 3, 6, 6, 4, 7, 5, 4, 6, 6, 7, 4, 5, 5, 6, 7, 7, 7, 3, 5, 6, 7, 6, 6, 3, 6, 7, 5, 4, 8, 3, 6, 3, 6, 5]
B_18 25.599999999999998 B 38 [2, 2, 3, 1, 2, 4, 3, 3, 4, 2, 1, 3, 3, 2, 4, 4, 1, 3, 4, 2, 2, 2, 1, 2, 2, 1, 2, 4, 2, 1, 2, 1, 2, 3, 4, 1, 4, 3, 2, 4] [4, 5, 7, 3, 4, 8, 7, 5, 8, 4, 4, 6, 7, 6, 6, 6, 3, 6, 6, 6, 5, 6, 4, 5, 6, 3, 5, 8, 5, 4, 6, 3, 5, 6, 7, 4, 8, 6, 4, 6]
B_19 26.599999999999998 B 39 [1, 4, 3, 1, 4, 1, 2, 4, 1, 1, 3, 3, 4, 1, 3, 1, 2, 4, 2, 2, 4, 2, 2, 1, 4, 2, 4, 1, 3, 3, 4, 4, 2, 1, 4, 2, 4, 2, 4, 3] [5, 8, 5, 4, 8, 3, 6, 8, 4, 3, 5, 5, 7, 5, 6, 4, 5, 8, 6, 6, 6, 5, 6, 4, 6, 4, 7, 3, 5, 7, 7, 8, 4, 5, 6, 4, 8, 5, 6, 7]
