A_0 1 A 0 [2, 1, 1, 1, 3, 3, 4, 1, 1, 2, 3, 2, 3, 1, 4, 2, 4, 4, 3, 1, 1, 2, 1, 2, 3, 3, 1, 4, 1, 2, 3, 3, 4, 3, 3, 1, 1, 3, 3, 3] [5, 3, 3, 4, 5, 5, 7, 5, 4, 4, 6, 6, 6, 4, 7, 5, 8, 8, 6, 3, 3, 6, 5, 4, 6, 6, 4, 6, 5, 4, 5, 5, 6, 7, 5, 5, 4, 7, 5, 5]
A_1 2 A 1 [1, 3, 1, 4, 4, 2, 2, 4, 1, 2, 2, 1, 3, 4, 1, 1, 1, 3, 1, 2, 3, 3, 4, 1, 3, 4, 4, 1, 3, 1, 4, 3, 2, 3, 4, 2, 3, 2, 4, 4] [3, 7, 4, 7, 8, 6, 4, 8, 5, 5, 6, 5, 6, 7, 3, 3, 4, 5, 4, 4, 6, 7, 8, 3, 6, 8, 6, 3, 5, 3, 7, 5, 4, 7, 8, 5, 5, 5, 8, 7]
A_2 3 A 2 [1, 1, 1, 3, 1, 1, 2, 1, 4, 4, 1, 4, 3, 1, 4, 1, 2, 1, 2, 3, 2, 4, 1, 3, 1, 4, 2, 4, 4, 3, 1, 1, 3, 3, 1, 2, 1, 4, 3, 4] [3, 4, 4, 7, 4, 3, 6, 4, 6, 6, 3, 6, 5, 4, 6, 3, 4, 4, 4, 7, 4, 7, 5, 7, 4, 7, 4, 7, 7, 6, 4, 5, 6, 5, 3, 4, 4, 6, 6, 7]
A_3 4 A 3 [1, 4, 3, 2, 3, 1, 1, 2, 2, 2, 4, 2, 1, 3, 3, 2, 1, 2, 3, 3, 3, 3, 2, 2, 3, 2, 4, 2, 4, 2, 1, 2, 1, 1, 4, 3, 4, 4, 1, 4] [4, 7, 7, 6, 7, 3, 3, 4, 4, 5, 7, 6, 3, 7, 5, 4, 3, 6, 6, 5, 6, 7, 4, 6, 6, 5, 7, 6, 8, 4, 3, 6, 3, 4, 7, 7, 6, 8, 3, 7]
A_4 5 A 4 [3, 4, 1, 3, 1, 2, 2, 3, 4, 1, 4, 4, 2, 3, 3, 3, 1, 3, 4, 2, 1, 3, 4, 2, 3, 3, 1, 4, 1, 1, 3, 1, 1, 1, 2, 1, 1, 3, 3, 2] [5, 8, 4, 7, 5, 6, 6, 5, 8, 4, 6, 7, 4, 6, 5, 6, 4, 7, 6, 6, 4, 5, 8, 5, 6, 6, 3, 7, 5, 5, 6, 4, 4, 4, 4, 5, 3, 5, 6, 4]
A_5 6.52 A 5 [3, 2, 1, 1, 2, 2, 1, 3, 4, 2, 4, 1, 1, 1, 3, 1, 4, 4, 3, 3, 3, 1, 3, 2, 1, 1, 2, 4, 2, 1, 1, 2, 2, 1, 4, 3, 2, 1, 3, 3] [5, 6, 3, 3, 6, 5, 5, 6, 7, 5, 7, 5, 4, 3, 6, 5, 6, 7, 7, 6, 5, 3, 6, 4, 3, 5, 5, 7, 4, 3, 3, 6, 6, 3, 7, 7, 5, 4, 7, 6]
A_6 7.52 A 6 [4, 2, 2, 1, 2, 1, 3, 1, 1, 4, 3, 1, 3, 3, 4, 3, 1, 2, 4, 1, 2, 2, 2, 3, 1, 4, 2, 3, 1, 3, 4, 2, 1, 2, 2, 4, 2, 1, 3, 2] [7, 4, 6, 3, 6, 5, 6, 3, 4, 7, 7, 3, 6, 6, 8, 6, 4, 5, 8, 3, 4, 4, 6, 6, 5, 8, 5, 5, 4, 5, 8, 5, 5, 6, 4, 6, 4, 5, 5, 6]
A_7 8.62 A 7 [1, 4, 1, 2, 3, 3, 1, 2, 1, 2, 3, 3, 2, 2, 4, 2, 2, 4, 3, 1, 2, 3, 2, 2, 3, 3, 4, 4, 3, 3, 3, 1, 2, 2, 1, 2, 3, 3, 1, 3] [5, 8, 4, 4, 5, 6, 3, 6, 5, 6, 6, 7, 5, 4, 6, 4, 4, 7, 5, 4, 4, 7, 5, 6, 7, 5, 8, 6, 6, 7, 6, 3, 4, 4, 3, 4, 5, 7, 3, 6]
A_8 11.219999999999999 A 8 [1, 1, 4, 2, 4, 4, 1, 1, 1, 1, 2, 1, 3, 4, 4, 4, 1, 4, 4, 2, 4, 3, 1, 1, 2, 1, 1, 1, 1, 3, 4, 3, 4, 1, 4, 3, 4, 1, 4, 2] [4, 5, 6, 4, 8, 7, 4, 5, 5, 4, 4, 5, 7, 7, 6, 6, 5, 6, 6, 6, 7, 6, 3, 4, 6, 3, 5, 3, 4, 6, 7, 7, 8, 4, 7, 5, 8, 3, 8, 5]
A_9 12.219999999999999 A 9 [2, 2, 4, 2, 1, 2, 4, 2, 1, 2, 3, 2, 3, 3, 3, 4, 4, 4, 1, 1, 2, 3, 3, 3, 2, 1, 4, 1, 4, 3, 2, 2, 3, 1, 1, 1, 1, 1, 2, 1] [4, 5, 6, 5, 4, 5, 7, 6, 4, 4, 7, 5, 7, 6, 5, 8, 6, 6, 5, 3, 4, 5, 7, 5, 4, 3, 6, 3, 7, 5, 4, 6, 7, 3, 5, 5, 5, 3, 6, 5]
A_10 13.559999999999999 A 10 [3, 2, 1, 4, 4, 4, 3, 3, 2, 3, 2, 2, 4, 2, 2, 2, 4, 3, 1, 2, 4, 3, 3, 4, 1, 2, 2, 2, 3, 2, 4, 3, 3, 1, 4, 4, 3, 1, 4, 4] [6, 6, 3, 7, 6, 7, 7, 6, 4, 7, 5, 4, 6, 4, 6, 4, 7, 7, 3, 5, 8, 6, 6, 7, 5, 5, 5, 6, 6, 5, 8, 7, 6, 5, 8, 7, 7, 5, 8, 6]
A_11 15.899999999999999 A 11 [2, 1, 4, 2, 4, 1, 1, 3, 1, 2, 2, 1, 1, 3, 2, 3, 2, 3, 4, 2, 3, 3, 3, 2, 1, 1, 4, 3, 1, 3, 3, 3, 3, 2, 2, 2, 4, 1, 3, 3] [6, 5, 6, 6, 7, 5, 3, 7, 5, 5, 4, 3, 3, 6, 6, 5, 5, 5, 6, 6, 6, 6, 5, 5, 5, 4, 8, 7, 4, 6, 6, 5, 6, 4, 4, 5, 8, 4, 7, 5]
A_12 17.889999999999997 A 12 [3, 3, 3, 1, 2, 1, 3, 2, 3, 3, 4, 1, 1, 1, 1, 2, 2, 3, 4, 1, 2, 2, 1, 4, 1, 3, 3, 4, 1, 1, 4, 3, 1, 2, 3, 3, 1, 3, 1, 3] [6, 6, 5, 3, 4, 4, 6, 5, 7, 7, 6, 3, 3, 5, 3, 6, 4, 6, 8, 5, 6, 4, 4, 8, 4, 5, 6, 7, 3, 5, 8, 5, 3, 4, 5, 5, 4, 5, 3, 6]
A_13 18.889999999999997 A 13 [1, 4, 1, 3, 3, 1, 3, 2, 4, 3, 2, 3, 1, 1, 3, 4, 2, 1, 2, 3, 1, 4, 4, 3, 1, 2, 4, 4, 2, 2, 3, 2, 3, 3, 3, 4, 2, 3, 1, 2] [4, 7, 4, 7, 6, 3, 6, 4, 7, 6, 4, 6, 5, 3, 7, 7, 4, 3, 4, 7, 5, 6, 6, 6, 5, 4, 8, 7, 6, 6, 5, 6, 6, 6, 6, 7, 4, 7, 4, 4]
A_14 20.979999999999997 A 14 [4, 1, 4, 3, 3, 3, 4, 4, 4, 3, 2, 2, 1, 3, 3, 4, 1, 3, 1, 1, 3, 2, 2, 4, 3, 4, 4, 4, 3, 3, 1, 1, 4, 4, 3, 3, 1, 1, 4, 3] [7, 3, 6, 5, 5, 6, 8, 6, 6, 5, 6, 6, 3, 7, 6, 7, 4, 5, 3, 5, 7, 5, 6, 7, 5, 7, 8, 7, 7, 5, 4, 5, 8, 8, 7, 5, 5, 3, 8, 5]
A_15 22.439999999999998 A 15 [2, 1, 1, 2, 3, 1, 3, 2, 4, 4, 2, 3, 2, 4, 4, 2, 2, 4, 1, 3, 1, 1, 4, 1, 2, 1, 4, 4, 4, 2, 4, 1, 2, 3, 3, 1, 4, 3, 3, 1] [5, 3, 3, 4, 6, 5, 6, 4, 6, 8, 4, 5, 6, 7, 7, 4, 6, 8, 4, 7, 3, 4, 7, 4, 6, 4, 7, 7, 6, 4, 7, 4, 4, 7, 5, 4, 7, 7, 5, 3]
A_16 23.439999999999998 A 16 [4, 1, 2, 1, 1, 4, 1, 2, 1, 4, 4, 2, 2, 2, 1, 2, 1, 4, 3, 3, 2, 3, 4, 1, 4, 2, 4, 1, 4, 3, 2, 1, 2, 4, 3, 3, 3, 3, 4, 4] [8, 4, 4, 3, 4, 6, 4, 4, 5, 6, 7, 5, 4, 4, 4, 6, 4, 7, 7, 5, 6, 7, 8, 5, 8, 6, 6, 5, 6, 7, 6, 3, 4, 8, 7, 5, 7, 7, 7, 8]
A_17 25.24 A 17 [4, 3, 1, 2, 3, 4, 2, 4, 4, 4, 3, 3, 3, 1, 3, 4, 4, 4, 2, 2, 3, 4, 2, 4, 4, 3, 1, 3, 4, 3, 2, 3, 3, 2, 2, 4, 1, 2, 3, 4] [8, 5, 4, 6, 7, 7, 5, 7, 6, 6, 7, 5, 6, 3, 5, 8, 7, 6, 5, 5, 5, 7, 5, 8, 7, 7, 3, 6, 7, 6, 4, 7, 6, 5, 4, 8, 5, 5, 5, 6]
A_18 26.24 A 18 [3, 1, 2, 3, 4, 3, 4, 3, 4, 1, 1, 4, 4, 2, 1, 1, 3, 2, 4, 1, 1, 3, 1, 2, 3, 1, 4, 3, 2, 3, 3, 2, 2, 2, 2, 4, 4, 1, 4, 2] [6, 4, 4, 6, 6, 7, 8, 5, 6, 5, 3, 6, 8, 4, 3, 4, 7, 5, 7, 3, 4, 6, 5, 5, 6, 4, 8, 7, 5, 7, 7, 5, 5, 5, 6, 7, 6, 3, 7, 5]
A_19 27.24 A 19 [1, 2, 3, 3, 2, 3, 1, 1, 2, 1, 2, 2, 1, 3, 1, 3, 3, 2, 1, 1, 3, 4, 4, 2, 4, 2, 1, 3, 3, 1, 3, 4, 1, 4, 4, 2, 3, 2, 3, 3] [3, 4, 7, 5, 6, 6, 3, 4, 6, 3, 5, 6, 5, 7, 5, 7, 5, 5, 3, 3, 7, 6, 8, 4, 6, 4, 3, 7, 5, 5, 5, 7, 4, 6, 8, 5, 7, 4, 6, 7]
B_0 1.59 B 20 [1, 3, 2, 3, 1, 3, 2, 2, 4, 2, 4, 3, 2, 1, 3, 1, 2, 3, 1, 3, 2, 1, 3, 3, 2, 3, 1, 1, 2, 2, 2, 4, 3, 2, 3, 3, 3, 3, 4, 3] [3, 6, 4, 6, 4, 5, 4, 4, 7, 4, 8, 6, 6, 5, 7, 3, 6, 5, 4, 7, 4, 4, 5, 5, 5, 5, 5, 4, 4, 6, 4, 8, 6, 6, 6, 5, 6, 6, 8, 7]
B_1 4.2700000000000005 B 21 [2, 3, 4, 3, 3, 1, 2, 3, 3, 3, 3, 3, 2, 4, 2, 1, 3, 4, 3, 4, 1, 2, 3, 2, 3, 4, 4, 1, 1, 3, 4, 4, 1, 3, 3, 2, 1, 4, 2, 4] [6, 7, 7, 7, 5, 3, 4, 7, 6, 5, 6, 6, 4, 6, 5, 4, 7, 7, 6, 6, 4, 5, 5, 4, 7, 6, 7, 4, 3, 7, 7, 8, 4, 6, 7, 6, 4, 7, 5, 8]
B_2 5.2700000000000005 B 22 [1, 4, 1, 2, 4, 3, 2, 2, 1, 3, 3, 3, 1, 4, 2, 4, 4, 2, 1, 4, 3, 3, 4, 4, 4, 4, 2, 2, 4, 2, 3, 2, 1, 3, 3, 2, 2, 3, 4, 2] [5, 8, 5, 4, 8, 6, 6, 5, 3, 7, 6, 5, 4, 6, 6, 7, 8, 5, 5, 8, 5, 5, 7, 8, 7, 8, 5, 6, 6, 5, 6, 4, 5, 6, 7, 5, 4, 6, 6, 6]
B_3 6.94 B 23 [2, 1, 3, 2, 2, 2, 3, 2, 1, 3, 4, 2, 4, 3, 4, 1, 1, 4, 2, 2, 3, 2, 4, 3, 3, 1, 4, 1, 2, 3, 4, 1, 4, 2, 4, 4, 1, 2, 3, 4] [4, 3, 7, 6, 5, 4, 6, 6, 4, 5, 7, 5, 8, 6, 7, 4, 5, 8, 5, 4, 5, 4, 8, 7, 5, 3, 7, 5, 4, 7, 6, 5, 7, 6, 8, 8, 4, 6, 7, 7]
B_4 9.0 B 24 [3, 3, 1, 3, 3, 1, 1, 3, 2, 2, 1, 1, 1, 1, 3, 2, 4, 4, 3, 4, 2, 3, 4, 3, 3, 3, 4, 2, 2, 4, 1, 1, 2, 1, 4, 3, 2, 2, 3, 2] [6, 6, 4, 6, 6, 3, 5, 7, 6, 4, 5, 5, 4, 5, 5, 6, 8, 7, 6, 6, 5, 7, 7, 5, 7, 5, 8, 5, 4, 6, 5, 4, 5, 4, 6, 5, 5, 4, 5, 5]
B_5 10.66 B 25 [3, 4, 4, 2, 3, 1, 4, 3, 1, 1, 2, 1, 3, 2, 4, 1, 2, 3, 1, 2, 3, 4, 4, 1, 3, 4, 4, 4, 2, 1, 2, 2, 1, 3, 1, 1, 3, 1, 2, 3] [6, 8, 7, 5, 6, 5, 8, 5, 3, 3, 5, 4, 5, 4, 7, 4, 6, 7, 4, 4, 5, 6, 8, 3, 5, 6, 8, 6, 5, 5, 5, 6, 4, 6, 3, 3, 5, 3, 4, 5]
B_6 11.66 B 26 [1, 4, 2, 4, 1, 2, 2, 4, 1, 4, 2, 4, 3, 4, 4, 4, 4, 1, 4, 1, 1, 4, 2, 4, 4, 4, 4, 1, 2, 3, 1, 4, 2, 2, 4, 2, 2, 4, 4, 4] [4, 6, 4, 7, 3, 5, 5, 8, 5, 6, 5, 8, 6, 8, 8, 7, 6, 3, 8, 3, 5, 7, 5, 7, 8, 8, 7, 3, 5, 6, 4, 6, 5, 4, 8, 5, 4, 6, 8, 6]
B_7 14.280000000000001 B 27 [4, 1, 4, 2, 4, 4, 3, 4, 1, 1, 2, 3, 4, 4, 4, 4, 1, 3, 3, 3, 1, 1, 2, 1, 2, 4, 1, 4, 4, 2, 3, 4, 1, 4, 1, 4, 4, 3, 4, 4] [6, 3, 7, 6, 7, 7, 5, 6, 3, 3, 6, 7, 7, 7, 7, 7, 5, 6, 7, 7, 4, 4, 6, 5, 5, 6, 3, 8, 8, 5, 7, 8, 5, 6, 5, 6, 6, 6, 6, 8]
B_8 15.280000000000001 B 28 [1, 3, 4, 4, 1, 2, 1, 3, 1, 4, 3, 1, 1, 2, 3, 4, 4, 4, 2, 3, 2, 1, 4, 2, 2, 2, 2, 4, 2, 4, 1, 1, 2, 1, 4, 1, 1, 3, 4, 3] [5, 5, 7, 8, 5, 4, 4, 6, 4, 7, 6, 4, 3, 6, 7, 6, 6, 7, 5, 5, 4, 3, 6, 4, 4, 5, 5, 8, 5, 8, 4, 5, 4, 5, 6, 5, 4, 6, 7, 7]
B_9 18.03 B 29 [2, 1, 3, 2, 1, 1, 3, 3, 3, 3, 2, 3, 1, 2, 3, 2, 3, 3, 3, 1, 2, 3, 2, 3, 4, 1, 3, 2, 4, 1, 4, 3, 3, 4, 4, 3, 1, 2, 3, 1] [4, 3, 6, 4, 5, 3, 5, 7, 6, 5, 5, 6, 5, 6, 5, 4, 7, 6, 7, 5, 6, 7, 5, 7, 6, 5, 6, 5, 8, 3, 6, 5, 5, 6, 7, 5, 3, 5, 5, 4]
B_10 19.03 B 30 [3, 4, 1, 1, 3, 1, 4, 3, 4, 2, 4, 3, 4, 3, 1, 4, 2, 2, 3, 3, 2, 4, 3, 4, 1, 2, 1, 3, 1, 4, 1, 1, 4, 4, 2, 1, 1, 2, 4, 2] [5, 7, 4, 3, 6, 3, 8, 6, 7, 4, 8, 6, 8, 5, 4, 7, 6, 4, 7, 5, 4, 7, 6, 6, 5, 5, 4, 7, 4, 6, 3, 4, 6, 6, 6, 5, 5, 4, 8, 4]
B_11 20.03 B 31 [3, 3, 1, 2, 1, 2, 2, 1, 3, 2, 3, 3, 3, 2, 1, 1, 1, 3, 2, 4, 4, 4, 2, 1, 1, 2, 4, 4, 1, 3, 1, 1, 4, 1, 4, 2, 3, 4, 1, 4] [5, 5, 5, 6, 4, 6, 5, 3, 7, 6, 7, 5, 5, 6, 5, 4, 3, 7, 5, 7, 8, 8, 4, 5, 4, 6, 6, 8, 5, 5, 4, 5, 8, 3, 8, 5, 7, 6, 3, 8]
B_12 23.490000000000002 B 32 [4, 2, 3, 1, 1, 2, 1, 2, 4, 3, 3, 3, 1, 3, 4, 2, 2, 3, 2, 1, 3, 1, 1, 4, 2, 1, 2, 1, 2, 3, 4, 4, 2, 4, 4, 3, 1, 4, 4, 2] [6, 4, 6, 3, 4, 6, 5, 4, 8, 7, 6, 6, 3, 6, 8, 4, 4, 6, 5, 4, 6, 4, 5, 7, 5, 4, 5, 5, 4, 5, 6, 8, 5, 8, 7, 6, 3, 6, 6, 5]
B_13 24.490000000000002 B 33 [3, 3, 3, 1, 1, 1, 2, 2, 1, 1, 1, 2, 2, 3, 4, 3, 4, 2, 2, 4, 2, 3, 3, 2, 1, 3, 2, 4, 1, 4, 4, 1, 4, 3, 4, 3, 2, 1, 1, 2] [7, 7, 5, 4, 4, 3, 6, 4, 4, 3, 5, 4, 4, 6, 8, 7, 8, 5, 5, 6, 6, 6, 6, 6, 4, 6, 4, 6, 5, 6, 6, 3, 8, 6, 8, 7, 6, 4, 4, 4]
B_14 25.490000000000002 B 34 [3, 4, 1, 4, 2, 4, 2, 1, 4, 1, 4, 2, 3, 3, 3, 3, 3, 2, 2, 4, 3, 3, 3, 4, 4, 1, 4, 1, 4, 4, 2, 4, 4, 4, 1, 4, 2, 2, 2, 1] [5, 8, 3, 7, 4, 7, 4, 3, 7, 5, 8, 4, 5, 6, 7, 5, 7, 4, 6, 8, 6, 7, 7, 8, 6, 3, 8, 5, 6, 7, 6, 8, 7, 8, 3, 7, 6, 6, 4, 4]
B_15 27.840000000000003 B 35 [1, 2, 2, 3, 1, 3, 4, 2, 3, 1, 4, 2, 3, 4, 3, 1, 3, 4, 4, 2, 3, 2, 2, 4, 3, 1, 2, 4, 1, 3, 1, 2, 3, 3, 4, 1, 3, 4, 3, 3] [5, 5, 4, 7, 5, 7, 6, 4, 5, 5, 7, 5, 5, 7, 5, 4, 5, 8, 7, 5, 5, 6, 5, 8, 5, 3, 5, 6, 5, 5, 5, 5, 6, 7, 7, 3, 6, 8, 5, 6]
B_16 28.840000000000003 B 36 [1, 3, 1, 4, 1, 2, 2, 3, 4, 1, 3, 4, 1, 2, 1, 4, 3, 1, 4, 3, 3, 1, 2, 1, 2, 3, 2, 4, 1, 1, 1, 3, 1, 2, 2, 3, 2, 3, 4, 4] [4, 5, 4, 6, 3, 5, 4, 5, 8, 5, 7, 8, 4, 4, 5, 7, 7, 5, 6, 7, 6, 4, 4, 4, 5, 5, 4, 6, 4, 3, 5, 7, 3, 6, 6, 6, 6, 7, 7, 6]
B_17 29.840000000000003 B 37 [3, 2, 4, 4, 3, 1, 1, 3, 1, 1, 1, 1, 3, 3, 1, 3, 3, 2, 1, 2, 3, 4, 3, 2, 2, 1, 4, 3, 3, 2, 2, 4, 4, 1, 2, 4, 3, 1, 1, 2] [7, 5, 6, 8, 5, 4, 5, 7, 3, 3, 5, 4, 5, 7, 3, 7, 7, 5, 3, 4, 6, 7, 6, 6, 4, 3, 6, 6, 6, 5, 4, 6, 6, 4, 6, 8, 7, 5, 3, 5]
B_18 30.840000000000003 B 38 [3, 4, 3, 1, 3, 3, 3, 1, 4, 2, 4, 3, 1, 1, 4, 3, 4, 3, 4, 3, 4, 2, 4, 3, 3, 2, 4, 4, 4, 3, 4, 1, 4, 1, 2, 3, 4, 1, 3, 1] [5, 8, 6, 3, 6, 7, 5, 3, 8, 6, 8, 7, 3, 4, 8, 5, 7, 5, 7, 6, 8, 5, 6, 7, 5, 4, 8, 6, 7, 5, 8, 3, 6, 4, 4, 5, 7, 3, 5, 5]
B_19 33.040000000000006 B 39 [3, 4, 4, 4, 2, 3, 2, 3, 2, 1, 4, 3, 3, 2, 3, 1, 4, 4, 2, 3, 3, 4, 2, 4, 2, 3, 4, 4, 3, 1, 2, 4, 2, 2, 1, 3, 4, 2, 1, 4] [5, 7, 7, 7, 4, 6, 6, 6, 5, 5, 6, 5, 6, 4, 5, 3, 8, 6, 5, 7, 7, 8, 6, 7, 5, 5, 6, 8, 7, 4, 4, 8, 5, 4, 4, 6, 6, 5, 5, 7]
