0
0 B_0 81 0 0
1 B_1 82 0 1
6 A_0 88 0 2
5 B_2 93 0 3
5 B_3 98 0 4
3 B_4 101 0 5
4 B_5 105 0 6
7 A_1 112 0 7
4 A_2 116 0 8
10 B_6 126 0 9
4 A_3 130 0 10
4 B_7 134 0 11
3 A_4 137 0 12
6 A_5 143 0 13
6 B_8 149 0 14
1 B_9 150 0 15
8 A_6 158 0 16
7 B_10 165 0 17
8 A_7 173 0 18
6 B_11 179 0 19
9 A_8 188 0 20
6 B_12 194 0 21
7 A_9 201 0 22
6 B_13 207 0 23
5 A_10 212 0 24
6 B_14 218 0 25
5 B_15 223 0 26
6 A_11 229 0 27
10 B_16 239 0 28
5 A_12 244 0 29
8 B_17 252 0 30
9 A_13 261 0 31
1 A_14 262 0 32
2 A_15 264 0 33
6 B_18 270 0 34
7 A_16 277 0 35
9 B_19 286 0 36
8 A_17 294 0 37
5 A_18 299 0 38
8 B_20 307 0 39
6 A_19 313 0 40
4 B_21 317 0 41
4 B_22 321 0 42
5 B_23 326 0 43
5 A_20 331 0 44
5 B_24 336 0 45
1 B_25 337 0 46
7 A_21 344 0 47
6 A_22 350 0 48
8 B_26 358 0 49
6 A_23 364 0 50
7 B_27 371 0 51
6 A_24 377 0 52
6 B_28 383 0 53
6 A_25 389 0 54
6 A_26 395 0 55
6 B_29 401 0 56
5 B_30 406 0 57
10 A_27 416 0 58
9 B_31 425 0 59
6 A_28 431 0 60
4 B_32 435 0 61
4 A_29 439 0 62
9 B_33 448 0 63
7 A_30 455 0 64
9 B_34 464 0 65
5 B_35 469 0 66
9 A_31 478 0 67
9 B_36 487 0 68
4 B_37 491 0 69
5 A_32 496 0 70
6 B_38 502 0 71
5 B_39 507 0 72
7 A_33 514 0 73
2 A_34 516 0 74
5 A_35 521 0 75
6 A_36 527 0 76
4 A_37 531 0 77
2 A_38 533 0 78
6 A_39 539 0 79
No lane change: 539
---------------------
in formation_2
pass
---------------------
in formation_3
pass
---------------------
in formation_4
pass
---------------------
in formation_5
pass
---------------------
in formation_6
pass
---------------------
in formation_7
pass
error in formulation  []
