1
0 B_0 81 0 0
1 B_1 82 0 1
4 A_0 86 1 2
3 B_2 90 0 3
5 B_3 95 0 4
3 B_4 98 0 5
4 B_5 102 0 6
5 A_1 107 1 7
4 A_2 111 1 8
6 B_6 117 0 9
1 A_3 118 1 10
1 B_7 119 0 11
3 A_4 122 0 12
6 A_5 128 0 13
2 B_8 130 1 14
1 B_9 131 1 15
6 A_6 137 0 16
3 B_10 140 1 17
6 A_7 146 0 18
3 B_11 149 1 19
5 A_8 154 0 20
3 B_12 157 1 21
4 A_9 161 0 22
4 B_13 165 1 23
1 A_10 166 0 24
2 B_14 168 1 25
5 B_15 173 1 26
2 A_11 175 0 27
6 B_16 181 1 28
1 A_12 182 0 29
4 B_17 186 1 30
5 A_13 191 0 31
1 A_14 192 0 32
2 A_15 194 0 33
2 B_18 196 1 34
5 A_16 201 0 35
6 B_19 207 1 36
5 A_17 212 0 37
5 A_18 217 0 38
5 B_20 222 1 39
2 A_19 224 0 40
1 B_21 225 1 41
4 B_22 229 1 42
5 B_23 234 1 43
3 A_20 237 0 44
3 B_24 240 1 45
1 B_25 241 1 46
3 A_21 244 0 47
6 A_22 250 0 48
4 B_26 254 1 49
2 A_23 256 0 50
4 B_27 260 1 51
4 A_24 264 0 52
3 B_28 267 1 53
2 A_25 269 0 54
6 A_26 275 0 55
2 B_29 277 1 56
5 B_30 282 1 57
6 A_27 288 0 58
6 B_31 294 1 59
2 A_28 296 0 60
1 B_32 297 1 61
1 A_29 298 0 62
6 B_33 304 1 63
5 A_30 309 0 64
6 B_34 315 1 65
5 B_35 320 1 66
6 A_31 326 0 67
6 B_36 332 1 68
4 B_37 336 1 69
2 A_32 338 0 70
4 B_38 342 1 71
5 B_39 347 1 72
4 A_33 351 0 73
2 A_34 353 0 74
5 A_35 358 0 75
6 A_36 364 0 76
4 A_37 368 0 77
2 A_38 370 0 78
6 A_39 376 0 79
greedy: 376
---------------------
in formation_2
pass
---------------------
in formation_3
pass
---------------------
in formation_4
pass
---------------------
in formation_5
pass
---------------------
in formation_6
pass
---------------------
in formation_7
pass
error in formulation  []
