2
[0, 0, 0, 0, 0, 0, 0, 0, 0, 0, 0, 0, 0, 0, 2, 2, 2, 2, 2, 2, 2, 2, 2, 2, 2, 2, 2, 2, 2, 2, 2, 2, 0, 0, 0, 0, 0, 0, 0, 0, 0, 0, 0, 0, 0, 0, 0, 0, 0, 0, 0, 0, 0, 2, 2, 2, 2, 2, 2, 2, 0, 0, 0, 0, 0, 2, 2, 2, 2, 2, 2, 2, 2, 2, 2, 2, 2, 2, 2, 2]
0 A_0 81 0 0
4 A_1 85 0 1
4 A_2 89 0 2
2 A_3 91 0 3
3 A_4 94 0 4
1 A_5 95 0 5
3 A_6 98 0 6
4 A_7 102 0 7
1 A_8 103 0 8
3 A_9 106 0 9
1 A_10 107 0 10
3 A_11 110 0 11
0 A_12 111 0 12
4 A_13 115 0 13
3 B_0 118 0 14
2 B_1 120 0 15
3 B_2 123 0 16
1 B_3 124 0 17
3 B_4 127 0 18
1 B_5 128 0 19
3 B_6 131 0 20
1 B_7 132 0 21
2 B_8 134 0 22
1 B_9 135 0 23
3 B_10 138 0 24
4 B_11 142 0 25
2 B_12 144 0 26
3 B_13 147 0 27
2 B_14 149 0 28
2 B_15 151 0 29
2 B_16 153 0 30
1 B_17 154 0 31
3 A_14 157 0 32
4 A_15 161 0 33
4 A_16 165 0 34
3 A_17 168 0 35
4 A_18 172 0 36
3 A_19 175 0 37
4 A_20 179 0 38
3 A_21 182 0 39
1 A_22 183 0 40
1 A_23 184 0 41
2 A_24 186 0 42
2 A_25 188 0 43
1 A_26 189 0 44
4 A_27 193 0 45
2 A_28 195 0 46
4 A_29 199 0 47
4 A_30 203 0 48
3 A_31 206 0 49
4 A_32 210 0 50
2 A_33 212 0 51
3 A_34 215 0 52
4 B_18 219 0 53
3 B_19 222 0 54
1 B_20 223 0 55
4 B_21 227 0 56
1 B_22 228 0 57
4 B_23 232 0 58
2 B_24 234 0 59
3 A_35 237 0 60
2 A_36 239 0 61
1 A_37 240 0 62
1 A_38 241 0 63
3 A_39 244 0 64
6 B_25 250 0 65
2 B_26 252 0 66
2 B_27 254 0 67
4 B_28 258 0 68
3 B_29 261 0 69
3 B_30 264 0 70
4 B_31 268 0 71
3 B_32 271 0 72
1 B_33 272 0 73
4 B_34 276 0 74
2 B_35 278 0 75
4 B_36 282 0 76
2 B_37 284 0 77
2 B_38 286 0 78
3 B_39 289 0 79
dp: 289 149.08587500000004 0.11343693733215332
---------------------
in formation_2
pass
---------------------
in formation_3
-1 -1 46.73
A_12 too fast at decision
fail
---------------------
in formation_4
pass
---------------------
in formation_5
pass
---------------------
in formation_6
pass
---------------------
in formation_7
pass
error in formulation  [3]
