3
0 A_0 81 0 0
4 A_1 85 0 1
4 B_0 89 0 2
2 B_1 91 0 3
3 A_2 94 0 4
2 A_3 96 0 5
3 A_4 99 0 6
1 A_5 100 0 7
3 B_2 103 0 8
1 B_3 104 0 9
3 B_4 107 0 10
1 B_5 108 0 11
3 B_6 111 0 12
1 B_7 112 0 13
2 B_8 114 0 14
1 B_9 115 0 15
3 B_10 118 0 16
4 B_11 122 0 17
2 B_12 124 0 18
3 B_13 127 0 19
2 B_14 129 0 20
2 B_15 131 0 21
2 B_16 133 0 22
1 B_17 134 0 23
3 A_6 137 0 24
4 A_7 141 0 25
1 A_8 142 0 26
3 A_9 145 0 27
1 A_10 146 0 28
3 B_18 149 0 29
3 B_19 152 0 30
1 B_20 153 0 31
4 B_21 157 0 32
1 B_22 158 0 33
3 A_11 161 0 34
2 A_12 163 0 35
3 B_23 166 0 36
2 B_24 168 0 37
4 B_25 172 0 38
2 B_26 174 0 39
2 B_27 176 0 40
4 A_13 180 0 41
4 A_14 184 0 42
4 A_15 188 0 43
3 B_28 191 0 44
3 B_29 194 0 45
3 B_30 197 0 46
4 B_31 201 0 47
3 B_32 204 0 48
1 B_33 205 0 49
4 B_34 209 0 50
2 B_35 211 0 51
3 A_16 214 0 52
3 A_17 217 0 53
4 A_18 221 0 54
3 A_19 224 0 55
4 A_20 228 0 56
3 A_21 231 0 57
1 A_22 232 0 58
1 A_23 233 0 59
2 A_24 235 0 60
2 A_25 237 0 61
1 A_26 238 0 62
4 A_27 242 0 63
2 A_28 244 0 64
4 B_36 248 0 65
2 B_37 250 0 66
2 B_38 252 0 67
3 B_39 255 0 68
3 A_29 258 0 69
4 A_30 262 0 70
3 A_31 265 0 71
4 A_32 269 0 72
2 A_33 271 0 73
3 A_34 274 0 74
4 A_35 278 0 75
2 A_36 280 0 76
1 A_37 281 0 77
1 A_38 282 0 78
3 A_39 285 0 79
nldp: 285 147.42337500000002 0.01343679428100586
---------------------
in formation_2
pass
---------------------
in formation_3
pass
---------------------
in formation_4
pass
---------------------
in formation_5
pass
---------------------
in formation_6
pass
---------------------
in formation_7
pass
error in formulation  []
