0
0 B_0 82 0 0
3 A_0 85 0 1
4 A_1 89 0 2
9 B_1 98 0 3
5 B_2 103 0 4
9 A_2 112 0 5
6 B_3 118 0 6
9 A_3 127 0 7
5 B_4 132 0 8
8 A_4 140 0 9
7 B_5 147 0 10
7 A_5 154 0 11
8 B_6 162 0 12
6 A_6 168 0 13
7 B_7 175 0 14
3 B_8 178 0 15
8 A_7 186 0 16
8 B_9 194 0 17
7 A_8 201 0 18
1 A_9 202 0 19
5 B_10 207 0 20
5 A_10 212 0 21
4 A_11 216 0 22
1 A_12 217 0 23
7 B_11 224 0 24
8 A_13 232 0 25
6 A_14 238 0 26
7 B_12 245 0 27
3 B_13 248 0 28
3 A_15 251 0 29
3 A_16 254 0 30
5 B_14 259 0 31
7 A_17 266 0 32
1 A_18 267 0 33
4 B_15 271 0 34
5 B_16 276 0 35
7 A_19 283 0 36
9 B_17 292 0 37
6 A_20 298 0 38
9 B_18 307 0 39
10 A_21 317 0 40
6 A_22 323 0 41
4 A_23 327 0 42
3 A_24 330 0 43
8 B_19 338 0 44
6 A_25 344 0 45
5 B_20 349 0 46
5 B_21 354 0 47
5 B_22 359 0 48
9 A_26 368 0 49
4 A_27 372 0 50
1 A_28 373 0 51
5 A_29 378 0 52
5 B_23 383 0 53
1 B_24 384 0 54
5 A_30 389 0 55
1 A_31 390 0 56
7 B_25 397 0 57
3 B_26 400 0 58
7 A_32 407 0 59
6 A_33 413 0 60
3 A_34 416 0 61
5 B_27 421 0 62
7 A_35 428 0 63
6 B_28 434 0 64
10 A_36 444 0 65
7 B_29 451 0 66
7 A_37 458 0 67
2 A_38 460 0 68
8 B_30 468 0 69
1 B_31 469 0 70
5 B_32 474 0 71
4 B_33 478 0 72
3 B_34 481 0 73
7 A_39 488 0 74
6 B_35 494 0 75
8 A_40 502 0 76
9 B_36 511 0 77
2 B_37 513 0 78
5 A_41 518 0 79
1 A_42 519 0 80
4 A_43 523 0 81
4 B_38 527 0 82
2 B_39 529 0 83
7 A_44 536 0 84
3 A_45 539 0 85
4 A_46 543 0 86
2 A_47 545 0 87
2 A_48 547 0 88
4 A_49 551 0 89
3 A_50 554 0 90
4 B_40 558 0 91
2 B_41 560 0 92
7 A_51 567 0 93
7 B_42 574 0 94
6 A_52 580 0 95
2 A_53 582 0 96
1 A_54 583 0 97
10 B_43 593 0 98
6 A_55 599 0 99
4 B_44 603 0 100
8 A_56 611 0 101
6 B_45 617 0 102
3 B_46 620 0 103
6 A_57 626 0 104
6 B_47 632 0 105
8 A_58 640 0 106
3 A_59 643 0 107
4 B_48 647 0 108
5 B_49 652 0 109
4 B_50 656 0 110
5 B_51 661 0 111
3 B_52 664 0 112
6 B_53 670 0 113
4 B_54 674 0 114
2 B_55 676 0 115
2 B_56 678 0 116
2 B_57 680 0 117
3 B_58 683 0 118
2 B_59 685 0 119
No lane change: 685
---------------------
in formation_2
pass
---------------------
in formation_3
pass
---------------------
in formation_4
pass
---------------------
in formation_5
pass
---------------------
in formation_6
pass
---------------------
in formation_7
pass
error in formulation  []
