1
0 B_0 82 0 0
3 A_0 85 0 1
4 A_1 89 0 2
5 B_1 94 1 3
5 B_2 99 1 4
6 A_2 105 0 5
2 B_3 107 1 6
5 A_3 112 0 7
1 B_4 113 1 8
4 A_4 117 0 9
4 B_5 121 1 10
5 A_5 126 0 11
4 B_6 130 1 12
4 A_6 134 0 13
4 B_7 138 1 14
3 B_8 141 1 15
6 A_7 147 0 16
6 B_9 153 1 17
3 A_8 156 0 18
1 A_9 157 0 19
1 B_10 158 1 20
3 A_10 161 0 21
4 A_11 165 0 22
1 A_12 166 0 23
4 B_11 170 1 24
4 A_13 174 0 25
6 A_14 180 0 26
3 B_12 183 1 27
3 B_13 186 1 28
3 A_15 189 1 29
3 A_16 192 1 30
3 B_14 195 0 31
3 A_17 198 1 32
1 A_18 199 1 33
1 B_15 200 0 34
5 B_16 205 0 35
3 A_19 208 1 36
5 B_17 213 0 37
3 A_20 216 1 38
6 B_18 222 0 39
6 A_21 228 1 40
6 A_22 234 1 41
4 A_23 238 1 42
3 A_24 241 1 43
5 B_19 246 0 44
4 A_25 250 1 45
2 B_20 252 0 46
5 B_21 257 0 47
5 B_22 262 0 48
6 A_26 268 1 49
4 A_27 272 1 50
1 A_28 273 1 51
5 A_29 278 1 52
1 B_23 279 0 53
1 B_24 280 0 54
1 A_30 281 1 55
1 A_31 282 1 56
5 B_25 287 0 57
3 B_26 290 0 58
4 A_32 294 1 59
6 A_33 300 1 60
3 A_34 303 1 61
1 B_27 304 0 62
4 A_35 308 1 63
4 B_28 312 0 64
6 A_36 318 1 65
3 B_29 321 0 66
4 A_37 325 1 67
2 A_38 327 1 68
5 B_30 332 0 69
1 B_31 333 0 70
5 B_32 338 0 71
4 B_33 342 0 72
3 B_34 345 0 73
3 A_39 348 1 74
4 B_35 352 0 75
5 A_40 357 1 76
6 B_36 363 0 77
2 B_37 365 0 78
3 A_41 368 1 79
1 A_42 369 1 80
4 A_43 373 1 81
2 B_38 375 0 82
2 B_39 377 0 83
5 A_44 382 1 84
3 A_45 385 1 85
4 A_46 389 1 86
2 A_47 391 1 87
2 A_48 393 1 88
4 A_49 397 1 89
3 A_50 400 1 90
1 B_40 401 0 91
2 B_41 403 0 92
4 A_51 407 1 93
3 B_42 410 0 94
2 A_52 412 1 95
2 A_53 414 1 96
1 A_54 415 1 97
6 B_43 421 0 98
3 A_55 424 1 99
1 B_44 427 0 100
4 A_56 431 1 101
4 B_45 435 0 102
3 B_46 438 0 103
3 A_57 441 1 104
4 B_47 445 0 105
5 A_58 450 1 106
3 A_59 453 1 107
1 B_48 456 0 108
5 B_49 461 0 109
4 B_50 465 0 110
5 B_51 470 0 111
3 B_52 473 0 112
6 B_53 479 0 113
4 B_54 483 0 114
2 B_55 485 0 115
2 B_56 487 0 116
2 B_57 489 0 117
3 B_58 492 0 118
2 B_59 494 0 119
greedy: 494
---------------------
in formation_2
pass
---------------------
in formation_3
pass
---------------------
in formation_4
pass
---------------------
in formation_5
pass
---------------------
in formation_6
pass
---------------------
in formation_7
pass
error in formulation  []
