2
[2, 2, 2, 2, 2, 2, 2, 2, 2, 2, 2, 2, 2, 2, 2, 2, 2, 2, 2, 2, 2, 2, 2, 2, 2, 2, 2, 2, 2, 2, 2, 2, 2, 2, 0, 0, 0, 0, 0, 2, 2, 2, 2, 2, 2, 2, 2, 0, 0, 2, 2, 2, 2, 2, 0, 0, 2, 2, 2, 2, 2, 2, 2, 2, 2, 2, 2, 2, 0, 2, 0, 0, 0, 0, 0, 0, 0, 0, 0, 0, 0, 0, 0, 0, 0, 0, 0, 0, 0, 0, 0, 0, 0, 0, 0, 0, 0, 0, 0, 0, 0, 0, 0, 0, 0, 0, 0, 0, 0, 0, 0, 0, 0, 0, 0, 0, 0, 0, 0, 0]
0 B_0 81 0 0
2 B_1 83 0 1
4 B_2 87 0 2
1 B_3 88 0 3
2 B_4 90 0 4
2 B_5 92 0 5
3 B_6 95 0 6
4 B_7 99 0 7
2 B_8 101 0 8
3 B_9 104 0 9
4 B_10 108 0 10
3 B_11 111 0 11
1 B_12 112 0 12
1 B_13 113 0 13
3 B_14 116 0 14
3 B_15 119 0 15
4 B_16 123 0 16
3 B_17 126 0 17
1 B_18 127 0 18
3 B_19 130 0 19
4 B_20 134 0 20
1 B_21 135 0 21
1 B_22 136 0 22
4 B_23 140 0 23
3 B_24 143 0 24
3 B_25 146 0 25
1 B_26 147 0 26
4 B_27 151 0 27
4 B_28 155 0 28
2 B_29 157 0 29
1 B_30 158 0 30
2 B_31 160 0 31
4 B_32 164 0 32
1 B_33 165 0 33
3 A_0 168 0 34
3 A_1 171 0 35
1 A_2 172 0 36
1 A_3 173 0 37
2 A_4 175 0 38
7 B_34 182 0 39
3 B_35 185 0 40
4 B_36 189 0 41
1 B_37 190 0 42
3 B_38 193 0 43
1 B_39 194 0 44
3 B_40 197 0 45
1 B_41 198 0 46
3 A_5 201 0 47
1 A_6 202 0 48
6 B_42 208 0 49
3 B_43 211 0 50
2 B_44 213 0 51
1 B_45 214 0 52
3 B_46 217 0 53
3 A_7 220 0 54
1 A_8 221 0 55
6 B_47 227 0 56
2 B_48 229 0 57
1 B_49 230 0 58
3 B_50 233 0 59
1 B_51 234 0 60
3 B_52 237 0 61
3 B_53 240 0 62
1 B_54 241 0 63
1 B_55 242 0 64
4 B_56 246 0 65
1 B_57 247 0 66
1 B_58 248 0 67
4 A_9 252 0 68
6 B_59 258 0 69
4 A_10 262 0 70
1 A_11 263 0 71
3 A_12 266 0 72
4 A_13 270 0 73
1 A_14 271 0 74
4 A_15 275 0 75
2 A_16 277 0 76
4 A_17 281 0 77
3 A_18 284 0 78
4 A_19 288 0 79
4 A_20 292 0 80
1 A_21 293 0 81
3 A_22 296 0 82
1 A_23 297 0 83
2 A_24 299 0 84
4 A_25 303 0 85
2 A_26 305 0 86
2 A_27 307 0 87
3 A_28 310 0 88
2 A_29 312 0 89
3 A_30 315 0 90
2 A_31 317 0 91
1 A_32 318 0 92
4 A_33 322 0 93
4 A_34 326 0 94
2 A_35 328 0 95
2 A_36 330 0 96
2 A_37 332 0 97
1 A_38 333 0 98
3 A_39 336 0 99
1 A_40 337 0 100
2 A_41 339 0 101
3 A_42 342 0 102
1 A_43 343 0 103
1 A_44 344 0 104
2 A_45 346 0 105
1 A_46 347 0 106
1 A_47 348 0 107
3 A_48 351 0 108
1 A_49 352 0 109
4 A_50 356 0 110
4 A_51 360 0 111
3 A_52 363 0 112
4 A_53 367 0 113
2 A_54 369 0 114
3 A_55 372 0 115
1 A_56 373 0 116
4 A_57 377 0 117
1 A_58 378 0 118
2 A_59 380 0 119
dp: 380 167.00716666666662 0.09925079345703125
---------------------
in formation_2
pass
---------------------
in formation_3
pass
---------------------
in formation_4
pass
---------------------
in formation_5
pass
---------------------
in formation_6
pass
---------------------
in formation_7
pass
error in formulation  []
