3
0 B_0 81 0 0
2 B_1 83 0 1
4 B_2 87 0 2
1 B_3 88 0 3
2 B_4 90 0 4
2 B_5 92 0 5
3 B_6 95 0 6
4 B_7 99 0 7
2 B_8 101 0 8
3 B_9 104 0 9
4 B_10 108 0 10
3 B_11 111 0 11
1 B_12 112 0 12
1 B_13 113 0 13
3 B_14 116 0 14
3 B_15 119 0 15
4 B_16 123 0 16
3 B_17 126 0 17
1 B_18 127 0 18
3 B_19 130 0 19
3 A_0 133 0 20
3 A_1 136 0 21
1 A_2 137 0 22
1 A_3 138 0 23
2 A_4 140 0 24
3 B_20 143 0 25
1 B_21 144 0 26
1 B_22 145 0 27
3 A_5 148 0 28
1 A_6 149 0 29
4 A_7 153 0 30
1 A_8 154 0 31
4 B_23 158 0 32
3 A_9 161 0 33
4 A_10 165 0 34
1 A_11 166 0 35
3 A_12 169 0 36
4 A_13 173 0 37
1 A_14 174 0 38
3 B_24 177 0 39
3 B_25 180 0 40
1 B_26 181 0 41
4 B_27 185 0 42
3 A_15 188 0 43
2 A_16 190 0 44
4 A_17 194 0 45
3 A_18 197 0 46
4 A_19 201 0 47
4 A_20 205 0 48
1 A_21 206 0 49
3 A_22 209 0 50
1 A_23 210 0 51
2 A_24 212 0 52
4 A_25 216 0 53
2 A_26 218 0 54
2 A_27 220 0 55
3 A_28 223 0 56
2 A_29 225 0 57
3 A_30 228 0 58
2 A_31 230 0 59
1 A_32 231 0 60
3 B_28 234 0 61
2 B_29 236 0 62
1 B_30 237 0 63
2 B_31 239 0 64
4 A_33 243 0 65
3 B_32 246 0 66
1 B_33 247 0 67
3 B_34 250 0 68
3 A_34 253 0 69
2 A_35 255 0 70
2 A_36 257 0 71
2 A_37 259 0 72
1 A_38 260 0 73
3 A_39 263 0 74
1 A_40 264 0 75
2 A_41 266 0 76
3 A_42 269 0 77
1 A_43 270 0 78
1 A_44 271 0 79
2 A_45 273 0 80
1 A_46 274 0 81
1 A_47 275 0 82
3 A_48 278 0 83
1 A_49 279 0 84
4 A_50 283 0 85
4 B_35 287 0 86
3 A_51 290 0 87
3 A_52 293 0 88
4 A_53 297 0 89
2 A_54 299 0 90
3 B_36 302 0 91
1 B_37 303 0 92
3 B_38 306 0 93
1 B_39 307 0 94
3 B_40 310 0 95
1 B_41 311 0 96
2 B_42 313 0 97
3 B_43 316 0 98
2 B_44 318 0 99
1 B_45 319 0 100
3 B_46 322 0 101
3 B_47 325 0 102
2 B_48 327 0 103
1 B_49 328 0 104
3 B_50 331 0 105
1 B_51 332 0 106
3 B_52 335 0 107
3 B_53 338 0 108
1 B_54 339 0 109
1 B_55 340 0 110
4 B_56 344 0 111
1 B_57 345 0 112
1 B_58 346 0 113
3 A_55 349 0 114
1 A_56 350 0 115
4 A_57 354 0 116
1 A_58 355 0 117
2 A_59 357 0 118
4 B_59 361 0 119
nldp: 361 159.01550000000003 0.03743410110473633
---------------------
in formation_2
pass
---------------------
in formation_3
pass
---------------------
in formation_4
pass
---------------------
in formation_5
pass
---------------------
in formation_6
pass
---------------------
in formation_7
pass
error in formulation  []
