0
0 A_0 81 0 0
5 B_0 86 0 1
4 B_1 90 0 2
2 B_2 92 0 3
6 A_1 98 0 4
7 B_3 105 0 5
3 A_2 108 0 6
4 B_4 112 0 7
3 A_3 115 0 8
5 B_5 120 0 9
4 B_6 124 0 10
5 A_4 129 0 11
4 A_5 133 0 12
7 B_7 140 0 13
5 A_6 145 0 14
2 A_7 147 0 15
6 B_8 153 0 16
3 A_8 156 0 17
5 B_9 161 0 18
6 A_9 167 0 19
7 B_10 174 0 20
4 A_10 178 0 21
7 B_11 185 0 22
6 A_11 191 0 23
5 B_12 196 0 24
3 A_12 199 0 25
6 B_13 205 0 26
3 A_13 208 0 27
2 A_14 210 0 28
1 A_15 211 0 29
2 A_16 213 0 30
6 B_14 219 0 31
4 B_15 223 0 32
6 A_17 229 0 33
6 B_16 235 0 34
1 B_17 236 0 35
6 A_18 242 0 36
6 B_18 248 0 37
4 B_19 252 0 38
6 A_19 258 0 39
No lane change: 258 143.90925000000001 7.724761962890625e-05
---------------------
in formation_2
pass
---------------------
in formation_3
pass
---------------------
in formation_4
pass
---------------------
in formation_5
pass
---------------------
in formation_6
pass
---------------------
in formation_7
pass
error in formulation  []
