1
0 B_0 82 0 0
3 A_0 85 0 1
2 B_1 87 1 2
4 A_1 91 0 3
3 B_2 95 1 4
5 A_2 100 0 5
1 B_3 103 1 6
3 A_3 107 1 7
3 B_4 111 0 8
5 A_4 116 1 9
3 A_5 119 1 10
4 A_6 123 1 11
4 B_5 127 0 12
3 B_6 130 0 13
1 B_7 131 0 14
5 B_8 136 0 15
4 B_9 140 0 16
6 A_7 146 1 17
3 B_10 149 1 18
6 A_8 155 0 19
3 B_11 158 0 20
4 A_9 162 1 21
2 B_12 164 0 22
5 A_10 169 1 23
3 B_13 172 0 24
1 A_11 173 1 25
6 B_14 179 0 26
5 A_12 184 1 27
1 B_15 185 0 28
4 A_13 189 1 29
2 A_14 191 1 30
1 A_15 192 1 31
4 A_16 196 1 32
6 A_17 202 1 33
5 B_16 207 0 34
6 A_18 213 1 35
4 B_17 217 0 36
5 A_19 222 1 37
5 B_18 227 0 38
3 B_19 230 0 39
greedy: 230
---------------------
in formation_2
pass
---------------------
in formation_3
pass
---------------------
in formation_4
pass
---------------------
in formation_5
pass
---------------------
in formation_6
pass
---------------------
in formation_7
pass
error in formulation  []
