2
[2, 2, 1, 2, 2, 0, 0, 3, 0, 0, 0, 0, 2, 2, 2, 1, 1, 2, 2, 2, 2, 2, 1, 2, 2, 0, 0, 0, 0, 0, 0, 0, 3, 0, 0, 2, 2, 2, 2, 1]
0 B_0 82 0 0
2 B_1 84 0 1
2 A_0 88 1 2
3 B_2 92 0 3
4 B_3 96 0 4
3 A_1 99 0 5
4 A_2 103 0 6
2 B_4 105 1 7
3 A_3 108 0 8
3 A_4 111 0 9
3 A_5 114 0 10
4 A_6 118 0 11
8 B_5 126 0 12
3 B_6 129 0 13
1 B_7 130 0 14
4 A_7 134 1 15
4 A_8 138 1 16
3 B_8 141 0 17
4 B_9 145 0 18
2 B_10 147 0 19
3 B_11 150 0 20
3 B_12 153 0 21
2 A_9 155 1 22
3 B_13 158 0 23
2 B_14 160 0 24
4 A_10 164 0 25
1 A_11 165 0 26
2 A_12 167 0 27
5 A_13 172 0 28
2 A_14 174 0 29
1 A_15 175 0 30
4 A_16 179 0 31
3 B_15 182 1 32
4 A_17 186 0 33
1 A_18 187 0 34
8 B_16 195 0 35
3 B_17 198 0 36
1 B_18 199 0 37
3 B_19 202 0 38
4 A_19 206 1 39
dp: 206
---------------------
in formation_2
pass
---------------------
in formation_3
pass
---------------------
in formation_4
pass
---------------------
in formation_5
pass
---------------------
in formation_6
pass
---------------------
in formation_7
pass
error in formulation  []
