3
0 A_0 81 0 0
3 A_1 85 0 1
3 B_0 88 0 2
4 B_1 92 0 3
2 B_2 94 0 4
4 B_3 98 0 5
3 A_2 101 0 6
1 A_3 102 0 7
3 A_4 105 0 8
4 A_5 109 0 9
2 A_6 111 0 10
2 A_7 113 0 11
3 A_8 116 0 12
2 A_9 118 0 13
1 A_10 119 0 14
1 A_11 120 0 15
2 A_12 122 0 16
3 B_4 125 0 17
2 B_5 127 0 18
4 B_6 131 0 19
2 B_7 133 0 20
3 B_8 136 0 21
4 B_9 140 0 22
2 B_10 142 0 23
3 B_11 145 0 24
1 B_12 146 0 25
1 B_13 147 0 26
2 B_14 149 0 27
4 B_15 153 0 28
1 B_16 154 0 29
1 B_17 155 0 30
2 B_18 157 0 31
4 A_13 161 0 32
2 A_14 163 0 33
1 A_15 164 0 34
2 A_16 166 0 35
3 B_19 169 0 36
3 A_17 172 0 37
3 A_18 175 0 38
1 A_19 176 0 39
nldp: 176 106.05925000000002 0.003513813018798828
---------------------
in formation_2
pass
---------------------
in formation_3
pass
---------------------
in formation_4
pass
---------------------
in formation_5
pass
---------------------
in formation_6
pass
---------------------
in formation_7
pass
error in formulation  []
