0
0 A_0 82 0 0
6 B_0 88 0 1
6 A_1 94 0 2
7 B_1 101 0 3
3 B_2 104 0 4
5 B_3 109 0 5
6 B_4 115 0 6
7 A_2 122 0 7
1 A_3 123 0 8
7 B_5 130 0 9
6 B_6 136 0 10
9 A_4 145 0 11
8 B_7 153 0 12
7 A_5 160 0 13
7 B_8 167 0 14
4 A_6 171 0 15
7 B_9 178 0 16
8 A_7 186 0 17
6 A_8 192 0 18
2 A_9 194 0 19
4 B_10 198 0 20
7 A_10 205 0 21
9 B_11 214 0 22
6 B_12 220 0 23
5 A_11 225 0 24
8 B_13 233 0 25
5 A_12 238 0 26
5 B_14 243 0 27
1 B_15 244 0 28
4 A_13 248 0 29
9 B_16 257 0 30
7 A_14 264 0 31
4 B_17 268 0 32
2 B_18 270 0 33
2 B_19 272 0 34
4 A_15 276 0 35
8 B_20 284 0 36
6 B_21 290 0 37
5 B_22 295 0 38
5 A_16 300 0 39
4 B_23 304 0 40
7 A_17 311 0 41
4 B_24 315 0 42
5 A_18 320 0 43
7 B_25 327 0 44
4 A_19 331 0 45
5 A_20 336 0 46
6 A_21 342 0 47
5 B_26 347 0 48
3 A_22 350 0 49
7 B_27 357 0 50
4 A_23 361 0 51
3 A_24 364 0 52
1 A_25 365 0 53
9 B_28 374 0 54
7 A_26 381 0 55
6 B_29 387 0 56
7 A_27 394 0 57
6 A_28 400 0 58
6 A_29 406 0 59
7 B_30 413 0 60
4 A_30 417 0 61
10 B_31 427 0 62
6 A_31 433 0 63
10 B_32 443 0 64
5 A_32 448 0 65
9 B_33 457 0 66
5 A_33 462 0 67
6 A_34 468 0 68
7 B_34 475 0 69
3 B_35 478 0 70
2 B_36 480 0 71
4 B_37 484 0 72
1 B_38 485 0 73
9 A_35 494 0 74
5 B_39 499 0 75
7 A_36 506 0 76
4 A_37 510 0 77
10 B_40 520 0 78
5 B_41 525 0 79
8 A_38 533 0 80
6 A_39 539 0 81
7 B_42 546 0 82
6 A_40 552 0 83
6 A_41 558 0 84
6 A_42 564 0 85
3 A_43 567 0 86
5 B_43 572 0 87
4 A_44 576 0 88
4 B_44 580 0 89
6 A_45 586 0 90
7 B_45 593 0 91
9 A_46 602 0 92
3 A_47 605 0 93
4 A_48 609 0 94
4 B_46 613 0 95
7 A_49 620 0 96
5 B_47 625 0 97
5 B_48 630 0 98
4 A_50 634 0 99
4 A_51 638 0 100
6 B_49 644 0 101
4 A_52 648 0 102
4 A_53 652 0 103
6 B_50 658 0 104
5 A_54 663 0 105
4 A_55 667 0 106
7 B_51 674 0 107
2 B_52 676 0 108
6 A_56 682 0 109
6 B_53 688 0 110
6 B_54 694 0 111
4 A_57 698 0 112
4 A_58 702 0 113
7 B_55 709 0 114
2 B_56 711 0 115
6 A_59 717 0 116
7 B_57 724 0 117
2 B_58 726 0 118
4 B_59 730 0 119
No lane change: 730
---------------------
in formation_2
pass
---------------------
in formation_3
pass
---------------------
in formation_4
pass
---------------------
in formation_5
pass
---------------------
in formation_6
pass
---------------------
in formation_7
pass
error in formulation  []
