1
0 A_0 82 0 0
4 B_0 86 1 1
3 A_1 90 0 2
5 B_1 95 1 3
3 B_2 98 1 4
5 B_3 103 1 5
6 B_4 109 1 6
5 A_2 114 0 7
1 A_3 115 0 8
3 B_5 118 1 9
6 B_6 124 1 10
5 A_4 129 0 11
5 B_7 134 1 12
5 A_5 139 0 13
3 B_8 142 1 14
1 A_6 143 0 15
4 B_9 147 1 16
5 A_7 152 0 17
6 A_8 158 0 18
2 A_9 160 0 19
1 B_10 161 1 20
5 A_10 166 0 21
5 B_11 171 1 22
6 B_12 177 1 23
2 A_11 179 0 24
5 B_13 184 1 25
3 A_12 187 0 26
1 B_14 188 1 27
1 B_15 189 1 28
2 A_13 191 0 29
6 B_16 197 1 30
5 A_14 202 0 31
1 B_17 203 1 32
2 B_18 205 1 33
2 B_19 209 1 34
2 A_15 213 0 35
5 B_20 218 1 36
6 B_21 224 1 37
5 B_22 229 1 38
2 A_16 231 0 39
2 B_23 233 1 40
3 A_17 237 0 41
1 B_24 241 1 42
3 A_18 245 0 43
3 B_25 249 1 44
2 A_19 253 0 45
5 A_20 258 0 46
6 A_21 264 0 47
1 B_26 265 1 48
3 A_22 268 1 49
4 B_27 272 0 50
2 A_23 274 1 51
3 A_24 277 1 52
1 A_25 279 1 53
5 B_28 284 0 54
4 A_26 288 1 55
2 B_29 291 0 56
5 A_27 296 1 57
6 A_28 302 1 58
6 A_29 308 1 59
3 B_30 311 0 60
1 A_30 312 1 61
6 B_31 318 0 62
2 A_31 320 1 63
6 B_32 326 0 64
1 A_32 327 1 65
5 B_33 332 0 66
1 A_33 335 1 67
6 A_34 341 1 68
5 B_34 346 0 69
3 B_35 349 0 70
2 B_36 351 0 71
4 B_37 355 0 72
1 B_38 356 0 73
5 A_35 361 1 74
2 B_39 363 0 75
4 A_36 367 1 76
4 A_37 371 1 77
6 B_40 377 0 78
5 B_41 382 0 79
4 A_38 386 1 80
6 A_39 392 1 81
3 B_42 395 0 82
2 A_40 397 1 83
6 A_41 403 1 84
6 A_42 409 1 85
3 A_43 412 1 86
2 B_43 414 0 87
2 A_44 416 1 88
1 B_44 417 0 89
4 A_45 421 1 90
5 B_45 426 0 91
5 A_46 431 1 92
3 A_47 434 1 93
4 A_48 438 1 94
1 B_46 439 0 95
3 A_49 442 1 96
1 B_47 443 0 97
5 B_48 448 0 98
2 A_50 450 1 99
4 A_51 454 1 100
3 B_49 457 0 101
1 A_52 458 1 102
4 A_53 462 1 103
2 B_50 465 0 104
3 A_54 469 1 105
4 A_55 473 1 106
5 B_51 478 0 107
2 B_52 480 0 108
2 A_56 482 1 109
2 B_53 486 0 110
6 B_54 492 0 111
1 A_57 493 1 112
4 A_58 497 1 113
3 B_55 500 0 114
2 B_56 502 0 115
4 A_59 506 1 116
4 B_57 510 0 117
2 B_58 512 0 118
4 B_59 516 0 119
greedy: 516
---------------------
in formation_2
pass
---------------------
in formation_3
pass
---------------------
in formation_4
pass
---------------------
in formation_5
pass
---------------------
in formation_6
pass
---------------------
in formation_7
pass
error in formulation  []
