2
[0, 0, 0, 0, 2, 2, 2, 2, 2, 2, 2, 2, 2, 2, 2, 2, 2, 2, 2, 2, 2, 2, 2, 2, 2, 2, 2, 2, 2, 2, 2, 2, 2, 2, 2, 2, 2, 2, 2, 0, 0, 0, 0, 0, 0, 0, 0, 0, 0, 0, 0, 0, 0, 0, 0, 0, 0, 0, 0, 2, 2, 2, 2, 2, 2, 0, 2, 0, 0, 0, 2, 2, 2, 2, 2, 2, 2, 2, 0, 0, 0, 2, 2, 2, 2, 2, 2, 2, 2, 0, 0, 0, 0, 0, 0, 0, 0, 0, 2, 0, 0, 0, 3, 0, 0, 0, 0, 0, 0, 0, 0, 0, 0, 0, 0, 0, 0, 0, 0, 0]
0 A_0 83 0 0
1 A_1 84 0 1
4 A_2 88 0 2
3 A_3 91 0 3
4 B_0 95 0 4
2 B_1 97 0 5
1 B_2 98 0 6
3 B_3 101 0 7
3 B_4 104 0 8
4 B_5 108 0 9
4 B_6 112 0 10
1 B_7 113 0 11
2 B_8 115 0 12
3 B_9 118 0 13
3 B_10 121 0 14
2 B_11 123 0 15
2 B_12 125 0 16
2 B_13 127 0 17
1 B_14 128 0 18
3 B_15 131 0 19
3 B_16 134 0 20
2 B_17 136 0 21
1 B_18 137 0 22
1 B_19 138 0 23
2 B_20 140 0 24
3 B_21 143 0 25
2 B_22 145 0 26
4 B_23 149 0 27
4 B_24 153 0 28
1 B_25 154 0 29
2 B_26 156 0 30
2 B_27 158 0 31
2 B_28 160 0 32
2 B_29 162 0 33
1 B_30 163 0 34
2 B_31 165 0 35
1 B_32 166 0 36
4 B_33 170 0 37
2 B_34 172 0 38
3 A_4 175 0 39
2 A_5 177 0 40
1 A_6 178 0 41
3 A_7 181 0 42
3 A_8 184 0 43
3 A_9 187 0 44
4 A_10 191 0 45
2 A_11 193 0 46
1 A_12 194 0 47
4 A_13 198 0 48
1 A_14 199 0 49
2 A_15 201 0 50
3 A_16 204 0 51
2 A_17 206 0 52
4 A_18 210 0 53
2 A_19 212 0 54
3 A_20 215 0 55
1 A_21 216 0 56
3 A_22 219 0 57
2 A_23 221 0 58
4 B_35 225 0 59
3 B_36 228 0 60
1 B_37 229 0 61
2 B_38 231 0 62
4 B_39 235 0 63
3 B_40 238 0 64
3 A_24 241 0 65
7 B_41 248 0 66
4 A_25 252 0 67
2 A_26 254 0 68
2 A_27 256 0 69
6 B_42 262 0 70
4 B_43 266 0 71
2 B_44 268 0 72
2 B_45 270 0 73
4 B_46 274 0 74
2 B_47 276 0 75
3 B_48 279 0 76
1 B_49 280 0 77
3 A_28 283 0 78
1 A_29 284 0 79
2 A_30 286 0 80
6 B_50 292 0 81
1 B_51 293 0 82
1 B_52 294 0 83
3 B_53 297 0 84
1 B_54 298 0 85
4 B_55 302 0 86
3 B_56 305 0 87
2 B_57 307 0 88
3 A_31 310 0 89
2 A_32 312 0 90
3 A_33 315 0 91
4 A_34 319 0 92
3 A_35 322 0 93
3 A_36 325 0 94
3 A_37 328 0 95
2 A_38 330 0 96
2 A_39 332 0 97
7 B_58 339 0 98
3 A_40 342 0 99
3 A_41 345 0 100
1 A_42 346 0 101
2 B_59 348 1 102
2 A_43 350 0 103
2 A_44 352 0 104
1 A_45 353 0 105
1 A_46 354 0 106
4 A_47 358 0 107
3 A_48 361 0 108
1 A_49 362 0 109
3 A_50 365 0 110
1 A_51 366 0 111
1 A_52 367 0 112
2 A_53 369 0 113
1 A_54 370 0 114
1 A_55 371 0 115
3 A_56 374 0 116
1 A_57 375 0 117
2 A_58 377 0 118
4 A_59 381 0 119
dp: 381 164.23274999999992 0.15456390380859375
---------------------
in formation_2
pass
---------------------
in formation_3
pass
---------------------
in formation_4
pass
---------------------
in formation_5
pass
---------------------
in formation_6
pass
---------------------
in formation_7
pass
error in formulation  []
