3
0 A_0 83 0 0
1 A_1 84 0 1
4 A_2 88 0 2
3 A_3 91 0 3
4 B_0 95 0 4
2 B_1 97 0 5
1 B_2 98 0 6
3 B_3 101 0 7
3 B_4 104 0 8
4 B_5 108 0 9
4 B_6 112 0 10
1 B_7 113 0 11
2 B_8 115 0 12
3 B_9 118 0 13
3 B_10 121 0 14
2 B_11 123 0 15
2 B_12 125 0 16
2 B_13 127 0 17
1 B_14 128 0 18
3 B_15 131 0 19
3 B_16 134 0 20
2 B_17 136 0 21
1 B_18 137 0 22
1 B_19 138 0 23
2 B_20 140 0 24
3 B_21 143 0 25
2 B_22 145 0 26
4 B_23 149 0 27
4 B_24 153 0 28
1 B_25 154 0 29
2 B_26 156 0 30
2 B_27 158 0 31
2 B_28 160 0 32
2 B_29 162 0 33
1 B_30 163 0 34
2 B_31 165 0 35
1 B_32 166 0 36
4 B_33 170 0 37
2 B_34 172 0 38
3 A_4 175 0 39
2 A_5 177 0 40
1 A_6 178 0 41
3 A_7 181 0 42
3 A_8 184 0 43
3 A_9 187 0 44
4 B_35 191 0 45
3 A_10 194 0 46
2 A_11 196 0 47
1 A_12 197 0 48
4 A_13 201 0 49
1 A_14 202 0 50
2 A_15 204 0 51
3 A_16 207 0 52
2 A_17 209 0 53
3 B_36 212 0 54
1 B_37 213 0 55
2 B_38 215 0 56
4 A_18 219 0 57
2 A_19 221 0 58
3 A_20 224 0 59
1 A_21 225 0 60
3 A_22 228 0 61
2 A_23 230 0 62
3 B_39 233 0 63
3 B_40 236 0 64
3 A_24 239 0 65
4 A_25 243 0 66
2 A_26 245 0 67
2 A_27 247 0 68
4 B_41 251 0 69
4 B_42 255 0 70
4 B_43 259 0 71
2 B_44 261 0 72
2 B_45 263 0 73
3 A_28 266 0 74
1 A_29 267 0 75
2 A_30 269 0 76
3 B_46 272 0 77
2 B_47 274 0 78
3 B_48 277 0 79
1 B_49 278 0 80
3 A_31 281 0 81
2 A_32 283 0 82
3 A_33 286 0 83
4 A_34 290 0 84
3 B_50 293 0 85
1 B_51 294 0 86
1 B_52 295 0 87
3 A_35 298 0 88
3 A_36 301 0 89
3 A_37 304 0 90
2 A_38 306 0 91
2 A_39 308 0 92
4 A_40 312 0 93
3 A_41 315 0 94
1 A_42 316 0 95
4 A_43 320 0 96
2 A_44 322 0 97
1 A_45 323 0 98
1 A_46 324 0 99
3 B_53 327 0 100
1 B_54 328 0 101
4 B_55 332 0 102
3 B_56 335 0 103
2 B_57 337 0 104
3 A_47 340 0 105
3 A_48 343 0 106
1 A_49 344 0 107
3 A_50 347 0 108
1 A_51 348 0 109
1 A_52 349 0 110
2 A_53 351 0 111
1 A_54 352 0 112
1 A_55 353 0 113
3 A_56 356 0 114
1 A_57 357 0 115
3 B_58 360 0 116
4 B_59 364 0 117
3 A_58 367 0 118
4 A_59 371 0 119
nldp: 371 159.2744166666666 0.03169512748718262
---------------------
in formation_2
pass
---------------------
in formation_3
pass
---------------------
in formation_4
pass
---------------------
in formation_5
pass
---------------------
in formation_6
pass
---------------------
in formation_7
pass
error in formulation  []
