A_0 1.25 A 0 [6, 3, 3, 6, 3, 4, 5, 1, 3, 2, 2, 4, 3, 2, 5, 6, 6, 2, 2, 2, 2, 3, 6, 6, 2, 4, 2, 4, 1, 3, 6, 3, 6, 2, 5, 6, 6, 1, 4, 2, 6, 6, 3, 4, 2, 4, 3, 6, 2, 5, 4, 3, 4, 4, 2, 5, 4, 4, 2, 2, 2, 6, 1, 4, 2, 2, 1, 1, 6, 1, 2, 6, 6, 3, 1, 6, 3, 1, 4, 6] [6, 3, 5, 7, 4, 4, 5, 1, 5, 3, 3, 4, 5, 4, 7, 8, 8, 3, 3, 3, 3, 3, 6, 6, 3, 6, 2, 5, 3, 3, 7, 3, 8, 3, 5, 7, 6, 3, 4, 2, 8, 6, 3, 6, 4, 5, 3, 6, 3, 5, 4, 3, 6, 5, 2, 6, 4, 4, 4, 2, 2, 7, 2, 5, 4, 2, 1, 2, 6, 2, 3, 7, 6, 3, 2, 7, 4, 1, 4, 6]
A_1 2.25 A 1 [3, 1, 4, 5, 5, 1, 3, 2, 2, 5, 6, 2, 5, 3, 6, 3, 4, 2, 3, 5, 5, 3, 6, 1, 1, 5, 6, 1, 4, 4, 1, 4, 2, 5, 1, 1, 3, 4, 4, 6, 3, 2, 1, 4, 4, 1, 3, 2, 6, 6, 3, 4, 3, 4, 3, 5, 4, 5, 3, 3, 4, 2, 1, 1, 6, 1, 4, 2, 2, 6, 5, 5, 6, 4, 4, 6, 4, 5, 3, 4] [3, 1, 5, 7, 7, 3, 4, 3, 3, 7, 7, 4, 5, 3, 8, 4, 5, 2, 3, 7, 7, 5, 7, 3, 3, 6, 8, 1, 5, 4, 1, 6, 3, 6, 2, 1, 4, 5, 5, 8, 3, 3, 2, 4, 6, 3, 3, 4, 8, 6, 4, 5, 5, 4, 5, 7, 5, 6, 5, 5, 4, 2, 2, 1, 6, 3, 6, 2, 2, 8, 6, 6, 8, 6, 4, 6, 4, 5, 5, 6]
A_2 3.25 A 2 [3, 4, 3, 4, 3, 3, 2, 5, 1, 6, 5, 6, 2, 1, 6, 1, 4, 1, 4, 6, 4, 4, 1, 3, 2, 5, 6, 5, 5, 6, 1, 2, 1, 2, 3, 4, 1, 5, 1, 5, 1, 3, 6, 6, 3, 2, 2, 3, 1, 1, 5, 2, 5, 6, 5, 2, 6, 2, 5, 6, 2, 1, 5, 6, 1, 4, 1, 1, 6, 6, 2, 5, 1, 1, 6, 2, 2, 3, 2, 6] [5, 5, 3, 5, 5, 4, 4, 6, 3, 8, 7, 7, 2, 3, 7, 3, 5, 1, 4, 7, 6, 6, 2, 4, 4, 6, 7, 7, 6, 6, 2, 3, 3, 2, 3, 5, 3, 7, 3, 7, 2, 4, 8, 8, 5, 2, 2, 4, 3, 1, 5, 2, 5, 7, 5, 3, 7, 4, 7, 6, 3, 2, 7, 7, 1, 5, 2, 1, 7, 6, 4, 5, 1, 1, 7, 3, 3, 3, 4, 7]
A_3 4.25 A 3 [6, 5, 4, 3, 6, 3, 5, 4, 1, 6, 3, 5, 2, 6, 2, 2, 2, 4, 5, 6, 5, 1, 1, 4, 4, 6, 4, 4, 3, 3, 1, 6, 3, 3, 3, 4, 1, 6, 5, 2, 6, 4, 1, 4, 2, 3, 6, 2, 4, 5, 4, 4, 1, 4, 4, 4, 5, 6, 1, 2, 3, 5, 3, 3, 3, 6, 4, 3, 5, 4, 2, 6, 2, 5, 4, 5, 3, 6, 2, 4] [7, 7, 5, 3, 6, 4, 6, 4, 3, 7, 4, 5, 4, 8, 2, 2, 4, 4, 5, 6, 7, 1, 3, 6, 6, 7, 6, 5, 3, 4, 3, 8, 5, 5, 4, 5, 3, 8, 5, 4, 6, 4, 3, 6, 4, 5, 6, 4, 6, 6, 6, 4, 1, 6, 6, 4, 6, 7, 2, 2, 3, 6, 3, 4, 4, 8, 6, 4, 6, 6, 2, 8, 2, 5, 6, 7, 4, 7, 3, 5]
A_4 5.25 A 4 [3, 5, 3, 6, 6, 2, 6, 5, 3, 2, 3, 4, 2, 1, 3, 2, 5, 3, 2, 2, 2, 2, 3, 5, 4, 4, 3, 3, 2, 6, 3, 5, 3, 3, 6, 6, 4, 5, 5, 3, 1, 4, 1, 6, 4, 5, 6, 2, 1, 5, 1, 5, 4, 1, 4, 4, 4, 5, 3, 3, 3, 2, 6, 2, 3, 4, 1, 3, 3, 2, 2, 6, 5, 3, 6, 6, 3, 1, 1, 6] [4, 7, 5, 6, 7, 2, 8, 6, 4, 4, 3, 6, 4, 2, 3, 2, 7, 3, 3, 3, 3, 2, 3, 7, 4, 4, 5, 5, 2, 7, 3, 7, 3, 4, 6, 6, 4, 5, 5, 4, 2, 4, 3, 6, 4, 6, 8, 3, 3, 7, 2, 6, 6, 2, 5, 6, 4, 6, 4, 5, 4, 2, 8, 2, 5, 6, 1, 3, 5, 2, 3, 6, 7, 5, 8, 8, 3, 2, 2, 7]
A_5 7.02 A 5 [4, 1, 3, 3, 2, 3, 6, 6, 1, 6, 6, 3, 3, 6, 4, 3, 4, 5, 5, 5, 4, 1, 5, 5, 2, 3, 1, 6, 6, 5, 3, 5, 4, 1, 5, 5, 5, 5, 5, 5, 5, 6, 2, 2, 6, 1, 4, 3, 3, 1, 3, 4, 6, 3, 2, 3, 2, 6, 5, 3, 3, 5, 5, 3, 2, 3, 4, 6, 1, 4, 3, 1, 2, 1, 2, 2, 6, 2, 3, 4] [4, 3, 4, 4, 2, 4, 7, 6, 2, 7, 8, 5, 5, 6, 4, 5, 4, 5, 6, 7, 4, 2, 5, 7, 4, 4, 3, 6, 6, 5, 3, 7, 5, 3, 7, 7, 6, 5, 7, 6, 5, 8, 3, 2, 8, 1, 5, 5, 5, 2, 4, 4, 8, 4, 4, 3, 2, 8, 7, 3, 4, 7, 5, 3, 2, 4, 4, 7, 2, 6, 3, 1, 2, 2, 2, 4, 7, 2, 4, 6]
A_6 8.969999999999999 A 6 [5, 3, 2, 5, 6, 6, 3, 2, 6, 3, 4, 3, 6, 5, 5, 6, 1, 2, 1, 2, 3, 5, 2, 2, 3, 1, 4, 1, 2, 4, 1, 2, 2, 3, 6, 1, 1, 2, 2, 4, 3, 2, 1, 2, 3, 2, 4, 2, 2, 6, 4, 2, 6, 6, 5, 5, 5, 6, 5, 4, 3, 4, 2, 4, 5, 4, 3, 5, 2, 1, 4, 4, 3, 1, 4, 4, 1, 1, 4, 6] [5, 4, 4, 6, 8, 7, 3, 3, 6, 3, 6, 5, 8, 6, 5, 8, 1, 2, 2, 3, 4, 6, 3, 4, 5, 3, 5, 2, 3, 4, 1, 3, 4, 3, 7, 3, 1, 2, 2, 5, 4, 4, 3, 3, 5, 3, 5, 3, 4, 8, 4, 2, 7, 8, 6, 7, 7, 6, 5, 5, 3, 4, 2, 6, 5, 6, 5, 7, 4, 3, 4, 6, 5, 1, 6, 4, 1, 2, 5, 6]
A_7 10.419999999999998 A 7 [1, 2, 5, 4, 5, 6, 2, 2, 1, 2, 5, 2, 5, 1, 3, 6, 6, 2, 3, 3, 3, 4, 1, 4, 5, 3, 6, 2, 5, 6, 2, 1, 4, 3, 2, 5, 1, 3, 4, 1, 1, 3, 2, 2, 2, 3, 4, 4, 6, 5, 2, 4, 3, 1, 6, 5, 3, 1, 1, 3, 4, 3, 3, 1, 6, 4, 5, 3, 1, 1, 2, 5, 4, 3, 4, 3, 1, 4, 1, 1] [1, 3, 6, 4, 6, 6, 3, 3, 1, 3, 7, 4, 7, 3, 5, 8, 8, 4, 3, 5, 5, 6, 3, 5, 7, 3, 7, 4, 5, 8, 2, 1, 5, 5, 4, 7, 3, 4, 5, 2, 3, 5, 3, 3, 3, 4, 4, 5, 7, 5, 3, 5, 3, 3, 7, 5, 3, 3, 2, 5, 6, 3, 4, 3, 7, 5, 6, 5, 3, 1, 4, 5, 4, 3, 5, 5, 2, 6, 2, 2]
A_8 13.549999999999997 A 8 [3, 2, 1, 1, 3, 1, 6, 1, 5, 3, 3, 4, 5, 2, 3, 6, 2, 4, 2, 1, 4, 3, 3, 1, 3, 1, 3, 3, 4, 5, 6, 5, 3, 4, 4, 6, 2, 5, 2, 6, 1, 4, 5, 5, 3, 4, 2, 6, 6, 5, 5, 5, 6, 2, 2, 6, 5, 1, 5, 6, 1, 1, 5, 2, 2, 6, 1, 6, 3, 2, 4, 2, 4, 6, 3, 2, 3, 4, 2, 5] [5, 3, 3, 3, 4, 2, 6, 1, 5, 5, 4, 6, 7, 2, 4, 6, 4, 5, 2, 2, 5, 4, 4, 2, 4, 2, 3, 4, 4, 5, 8, 6, 5, 5, 6, 7, 4, 6, 3, 6, 1, 4, 5, 5, 5, 4, 3, 8, 7, 6, 5, 6, 7, 3, 4, 8, 5, 2, 5, 7, 2, 3, 5, 4, 2, 8, 1, 6, 3, 2, 6, 3, 4, 6, 3, 3, 3, 6, 2, 7]
A_9 14.549999999999997 A 9 [2, 5, 6, 6, 2, 6, 3, 2, 3, 1, 5, 2, 1, 1, 5, 1, 5, 6, 4, 3, 1, 5, 1, 2, 3, 5, 2, 5, 4, 5, 5, 2, 5, 5, 6, 3, 5, 3, 3, 6, 1, 1, 2, 1, 3, 5, 3, 3, 5, 4, 6, 2, 1, 3, 2, 5, 3, 4, 4, 4, 5, 2, 2, 4, 1, 3, 3, 5, 1, 2, 5, 6, 2, 6, 2, 5, 6, 4, 1, 4] [3, 7, 8, 7, 4, 7, 3, 3, 5, 1, 7, 4, 1, 2, 6, 1, 7, 6, 5, 4, 3, 5, 2, 4, 3, 7, 2, 5, 5, 6, 6, 2, 5, 6, 8, 5, 7, 5, 3, 6, 3, 3, 3, 1, 3, 6, 5, 5, 6, 5, 8, 3, 2, 3, 2, 6, 3, 5, 6, 6, 7, 2, 3, 6, 1, 5, 3, 7, 2, 3, 7, 8, 2, 7, 3, 6, 7, 6, 3, 5]
A_10 15.639999999999997 A 10 [2, 6, 5, 3, 3, 6, 4, 5, 3, 5, 5, 5, 1, 6, 6, 4, 6, 5, 1, 6, 6, 3, 1, 6, 6, 1, 3, 4, 6, 4, 3, 2, 1, 2, 4, 1, 6, 2, 6, 6, 2, 6, 3, 3, 2, 4, 5, 5, 6, 1, 4, 6, 4, 3, 4, 6, 2, 6, 4, 6, 6, 6, 2, 2, 3, 4, 5, 2, 3, 2, 5, 4, 3, 5, 4, 2, 3, 2, 2, 4] [3, 7, 7, 4, 3, 8, 6, 7, 4, 7, 6, 5, 1, 6, 8, 4, 7, 7, 2, 7, 6, 3, 2, 7, 8, 2, 4, 6, 7, 4, 3, 2, 3, 4, 6, 3, 8, 2, 6, 7, 3, 8, 4, 3, 2, 4, 6, 6, 8, 3, 5, 7, 6, 4, 4, 6, 2, 6, 4, 8, 8, 6, 3, 4, 5, 5, 7, 4, 5, 2, 6, 5, 5, 5, 6, 2, 4, 2, 4, 6]
A_11 23.15 A 11 [4, 2, 6, 5, 4, 3, 3, 2, 4, 2, 5, 4, 3, 1, 2, 4, 6, 2, 5, 3, 1, 5, 3, 3, 3, 2, 1, 2, 5, 4, 2, 2, 4, 3, 5, 6, 5, 5, 6, 6, 1, 2, 4, 6, 6, 4, 2, 4, 3, 6, 6, 2, 4, 2, 3, 1, 2, 6, 5, 4, 4, 3, 1, 6, 4, 3, 5, 2, 5, 2, 1, 2, 4, 4, 1, 4, 4, 4, 5, 3] [4, 4, 7, 5, 6, 5, 5, 4, 6, 4, 5, 5, 5, 2, 2, 6, 7, 2, 5, 3, 3, 6, 3, 5, 5, 3, 2, 4, 6, 5, 2, 2, 4, 5, 7, 7, 7, 5, 6, 8, 3, 2, 6, 8, 7, 5, 2, 5, 3, 6, 8, 4, 4, 4, 5, 2, 3, 8, 7, 4, 5, 5, 3, 8, 6, 3, 5, 2, 7, 4, 1, 2, 5, 4, 1, 6, 5, 6, 7, 5]
A_12 24.209999999999997 A 12 [3, 5, 2, 2, 2, 3, 6, 5, 5, 1, 1, 3, 3, 1, 1, 4, 6, 1, 2, 1, 6, 6, 2, 5, 1, 1, 3, 2, 6, 1, 6, 4, 1, 2, 3, 1, 2, 2, 1, 3, 3, 4, 5, 1, 6, 1, 6, 3, 4, 3, 2, 6, 5, 6, 4, 3, 3, 6, 1, 3, 4, 4, 2, 5, 3, 1, 3, 6, 2, 3, 5, 2, 5, 1, 6, 3, 4, 1, 4, 6] [5, 5, 2, 4, 4, 5, 8, 7, 7, 1, 1, 5, 3, 2, 3, 4, 7, 2, 3, 1, 8, 6, 4, 5, 2, 1, 3, 3, 7, 2, 7, 5, 3, 3, 4, 1, 4, 4, 2, 5, 4, 6, 6, 3, 6, 2, 8, 5, 5, 5, 3, 8, 6, 8, 5, 3, 4, 6, 1, 5, 4, 6, 3, 5, 4, 3, 4, 7, 2, 3, 5, 3, 5, 3, 6, 4, 6, 3, 4, 8]
A_13 26.879999999999995 A 13 [2, 3, 1, 6, 1, 6, 5, 1, 2, 1, 6, 1, 1, 2, 2, 2, 3, 6, 2, 3, 1, 5, 3, 3, 2, 4, 2, 3, 1, 6, 4, 5, 4, 1, 2, 5, 2, 3, 4, 3, 3, 1, 5, 3, 6, 5, 1, 6, 4, 4, 6, 6, 4, 1, 6, 3, 6, 4, 1, 5, 4, 4, 2, 5, 2, 6, 4, 4, 6, 5, 5, 1, 4, 2, 5, 1, 6, 5, 1, 5] [4, 3, 3, 8, 2, 6, 6, 3, 2, 2, 6, 2, 2, 2, 4, 2, 5, 6, 3, 3, 2, 7, 3, 4, 3, 4, 4, 3, 1, 6, 6, 6, 5, 2, 2, 5, 2, 5, 6, 3, 5, 2, 6, 3, 7, 6, 3, 7, 5, 4, 6, 6, 6, 1, 6, 5, 6, 6, 3, 6, 4, 5, 3, 6, 4, 6, 4, 5, 6, 6, 7, 2, 6, 3, 7, 3, 6, 7, 2, 5]
A_14 27.879999999999995 A 14 [5, 6, 6, 2, 3, 4, 5, 3, 3, 5, 6, 2, 1, 2, 6, 1, 2, 3, 3, 3, 4, 6, 5, 1, 6, 2, 2, 4, 5, 3, 6, 1, 6, 1, 6, 6, 1, 5, 3, 4, 1, 2, 6, 3, 1, 3, 6, 4, 5, 2, 6, 3, 4, 4, 2, 5, 2, 4, 3, 6, 6, 2, 4, 1, 6, 5, 4, 3, 4, 4, 3, 6, 4, 3, 3, 4, 1, 5, 4, 1] [7, 8, 7, 2, 3, 4, 5, 5, 4, 6, 8, 2, 3, 4, 8, 3, 3, 4, 4, 5, 6, 7, 7, 2, 8, 3, 4, 4, 6, 4, 8, 3, 8, 2, 8, 6, 3, 7, 3, 5, 3, 4, 8, 5, 1, 3, 6, 6, 6, 4, 8, 5, 5, 6, 2, 6, 4, 6, 4, 7, 7, 3, 4, 3, 8, 7, 4, 3, 5, 4, 3, 6, 5, 3, 5, 4, 3, 5, 5, 3]
A_15 28.879999999999995 A 15 [6, 3, 1, 2, 2, 3, 6, 6, 6, 1, 4, 4, 4, 2, 1, 6, 2, 3, 4, 1, 4, 2, 2, 3, 5, 5, 5, 1, 4, 5, 1, 2, 5, 3, 4, 4, 5, 1, 6, 4, 1, 1, 4, 3, 1, 3, 2, 3, 3, 6, 1, 4, 4, 4, 5, 3, 4, 5, 4, 5, 6, 6, 5, 4, 1, 4, 3, 3, 4, 3, 1, 4, 5, 3, 2, 6, 6, 2, 6, 1] [8, 4, 3, 2, 2, 5, 8, 8, 6, 1, 4, 6, 4, 2, 3, 6, 2, 5, 6, 1, 4, 3, 2, 3, 7, 6, 5, 1, 4, 7, 1, 2, 6, 5, 4, 6, 6, 3, 8, 5, 2, 3, 5, 5, 3, 5, 3, 4, 3, 7, 1, 4, 6, 6, 6, 5, 4, 6, 5, 5, 8, 8, 6, 4, 1, 5, 5, 3, 6, 4, 3, 6, 7, 5, 2, 7, 8, 2, 7, 2]
A_16 29.879999999999995 A 16 [6, 4, 4, 2, 5, 4, 1, 6, 2, 5, 6, 6, 6, 3, 2, 2, 2, 5, 2, 1, 6, 6, 6, 1, 3, 3, 3, 2, 5, 1, 5, 2, 3, 1, 2, 1, 2, 4, 2, 4, 4, 5, 6, 5, 5, 5, 5, 5, 2, 3, 2, 2, 3, 5, 5, 4, 5, 5, 4, 6, 4, 3, 2, 3, 4, 4, 3, 1, 1, 3, 3, 5, 2, 1, 5, 3, 4, 1, 6, 5] [8, 5, 5, 4, 7, 4, 1, 8, 4, 7, 7, 7, 7, 5, 3, 2, 4, 7, 4, 2, 6, 8, 8, 2, 5, 4, 4, 2, 5, 3, 6, 3, 3, 3, 2, 3, 2, 5, 3, 4, 5, 5, 6, 7, 7, 7, 5, 6, 4, 4, 2, 3, 5, 6, 5, 6, 7, 6, 6, 7, 4, 3, 4, 4, 4, 4, 3, 3, 3, 5, 3, 7, 4, 2, 7, 4, 4, 1, 6, 5]
A_17 31.189999999999994 A 17 [2, 2, 1, 4, 3, 5, 2, 2, 4, 6, 5, 2, 1, 6, 3, 3, 5, 1, 4, 2, 6, 6, 1, 2, 2, 1, 5, 5, 5, 1, 3, 1, 5, 4, 3, 2, 1, 5, 3, 5, 1, 4, 3, 4, 3, 2, 1, 2, 5, 5, 3, 5, 6, 6, 2, 2, 1, 3, 5, 5, 3, 6, 2, 4, 2, 3, 3, 1, 3, 2, 2, 3, 5, 3, 1, 6, 3, 3, 1, 5] [3, 2, 1, 4, 3, 5, 2, 4, 5, 6, 7, 2, 2, 6, 4, 5, 7, 3, 6, 4, 8, 7, 3, 2, 3, 1, 7, 7, 6, 3, 3, 3, 5, 6, 3, 3, 2, 6, 3, 6, 1, 4, 5, 5, 3, 4, 1, 4, 6, 7, 4, 6, 6, 7, 4, 4, 3, 3, 6, 6, 5, 6, 3, 5, 3, 3, 5, 2, 5, 4, 4, 4, 5, 4, 1, 8, 5, 5, 1, 7]
A_18 32.19 A 18 [2, 3, 4, 5, 2, 5, 1, 3, 2, 4, 1, 5, 2, 2, 3, 4, 2, 4, 2, 1, 5, 1, 4, 1, 4, 3, 2, 5, 4, 4, 4, 1, 5, 4, 5, 3, 6, 2, 1, 5, 6, 1, 3, 1, 4, 6, 3, 3, 3, 6, 5, 3, 6, 2, 4, 5, 5, 3, 6, 4, 4, 2, 3, 1, 5, 1, 2, 1, 4, 3, 6, 5, 5, 3, 1, 5, 5, 3, 6, 5] [3, 3, 4, 5, 3, 6, 2, 3, 2, 5, 2, 5, 3, 3, 4, 6, 4, 6, 3, 1, 5, 1, 4, 1, 4, 4, 4, 7, 6, 4, 4, 2, 6, 4, 6, 5, 8, 4, 2, 6, 7, 3, 3, 3, 6, 8, 4, 4, 3, 8, 7, 5, 6, 2, 5, 6, 5, 3, 7, 5, 6, 4, 3, 3, 5, 2, 2, 2, 4, 5, 6, 7, 6, 5, 1, 7, 7, 4, 7, 6]
A_19 33.19 A 19 [2, 5, 6, 6, 2, 5, 2, 3, 1, 3, 6, 3, 1, 3, 3, 1, 1, 2, 1, 5, 5, 6, 2, 5, 3, 3, 2, 3, 4, 3, 1, 2, 3, 4, 2, 4, 1, 6, 2, 3, 6, 4, 3, 5, 1, 3, 2, 3, 1, 1, 3, 5, 6, 3, 6, 5, 2, 6, 3, 1, 1, 3, 5, 4, 2, 2, 5, 5, 3, 2, 2, 4, 6, 3, 5, 4, 4, 2, 5, 2] [3, 7, 7, 6, 3, 7, 3, 5, 2, 4, 7, 3, 1, 3, 5, 1, 2, 4, 1, 5, 7, 8, 2, 6, 4, 3, 4, 3, 6, 5, 1, 2, 3, 6, 2, 4, 3, 7, 3, 3, 8, 6, 3, 5, 1, 5, 4, 5, 2, 1, 5, 6, 7, 4, 8, 5, 3, 7, 3, 1, 3, 4, 5, 4, 4, 3, 6, 6, 5, 2, 2, 5, 6, 3, 5, 6, 4, 2, 6, 4]
A_20 34.19 A 20 [2, 5, 4, 5, 2, 4, 3, 3, 4, 1, 6, 1, 6, 1, 4, 4, 6, 6, 5, 5, 1, 4, 1, 1, 3, 1, 1, 1, 5, 5, 6, 3, 1, 5, 4, 2, 4, 4, 1, 3, 6, 1, 5, 5, 5, 2, 3, 5, 2, 3, 3, 1, 1, 3, 3, 5, 3, 3, 2, 3, 6, 5, 3, 1, 2, 3, 3, 6, 1, 1, 2, 4, 4, 5, 5, 1, 4, 1, 1, 1] [3, 7, 6, 7, 3, 4, 4, 5, 5, 3, 6, 3, 8, 2, 6, 4, 6, 8, 5, 7, 3, 4, 2, 2, 5, 3, 1, 3, 5, 7, 7, 4, 3, 7, 5, 4, 6, 6, 3, 5, 6, 2, 7, 7, 5, 2, 5, 7, 4, 5, 5, 3, 2, 4, 3, 6, 4, 3, 4, 5, 6, 7, 5, 3, 2, 4, 5, 7, 3, 1, 4, 6, 4, 5, 7, 3, 4, 2, 3, 3]
A_21 35.19 A 21 [3, 3, 4, 1, 2, 1, 5, 4, 3, 5, 3, 5, 6, 5, 6, 2, 6, 6, 1, 6, 4, 3, 3, 2, 5, 4, 1, 5, 1, 2, 2, 1, 6, 2, 5, 2, 1, 5, 2, 3, 3, 1, 6, 2, 1, 1, 4, 1, 6, 1, 5, 1, 3, 2, 5, 5, 6, 4, 3, 2, 4, 1, 5, 6, 1, 2, 2, 1, 4, 5, 4, 1, 5, 6, 5, 1, 5, 3, 1, 3] [3, 5, 6, 1, 2, 2, 6, 6, 4, 5, 3, 6, 6, 7, 7, 3, 8, 7, 1, 8, 4, 5, 5, 3, 5, 6, 3, 7, 1, 2, 3, 1, 8, 2, 6, 4, 1, 5, 2, 5, 3, 1, 6, 2, 1, 2, 4, 2, 7, 2, 5, 2, 4, 3, 7, 6, 6, 5, 3, 3, 4, 3, 6, 8, 1, 2, 2, 2, 6, 6, 6, 3, 7, 8, 6, 1, 6, 3, 1, 4]
A_22 36.64 A 22 [6, 6, 1, 1, 3, 5, 2, 1, 3, 1, 1, 3, 2, 3, 5, 2, 6, 1, 4, 2, 1, 3, 3, 1, 1, 4, 4, 6, 6, 4, 2, 1, 4, 3, 4, 6, 3, 6, 6, 5, 3, 5, 5, 1, 5, 2, 2, 1, 4, 2, 2, 4, 4, 1, 5, 4, 4, 2, 2, 6, 6, 1, 3, 2, 4, 3, 5, 4, 1, 6, 6, 5, 5, 4, 2, 1, 4, 1, 2, 5] [6, 7, 2, 3, 3, 5, 3, 3, 4, 2, 2, 3, 4, 3, 7, 2, 8, 3, 4, 2, 2, 5, 4, 2, 2, 6, 4, 7, 6, 5, 2, 3, 4, 5, 6, 8, 4, 6, 6, 5, 3, 6, 6, 3, 6, 4, 2, 1, 6, 3, 2, 4, 4, 2, 7, 6, 4, 2, 4, 8, 7, 3, 5, 2, 5, 3, 5, 6, 3, 6, 7, 7, 7, 6, 4, 2, 4, 1, 2, 6]
A_23 37.64 A 23 [6, 1, 3, 4, 5, 5, 2, 4, 1, 2, 6, 3, 5, 3, 1, 3, 1, 2, 1, 5, 1, 2, 1, 1, 1, 6, 3, 2, 1, 2, 6, 6, 4, 6, 4, 6, 4, 1, 5, 3, 6, 2, 3, 2, 1, 3, 1, 3, 6, 2, 3, 3, 5, 3, 3, 1, 4, 4, 3, 3, 6, 2, 2, 6, 3, 6, 5, 4, 4, 6, 6, 5, 4, 6, 4, 3, 2, 6, 3, 4] [6, 3, 4, 6, 7, 7, 4, 5, 2, 4, 7, 5, 5, 4, 2, 3, 2, 2, 1, 6, 2, 3, 2, 3, 2, 6, 4, 3, 3, 4, 8, 8, 6, 7, 6, 6, 6, 2, 6, 4, 6, 2, 4, 2, 3, 3, 3, 4, 6, 4, 3, 5, 5, 4, 4, 2, 5, 4, 4, 5, 7, 2, 4, 8, 5, 8, 5, 5, 4, 7, 7, 6, 4, 6, 4, 4, 2, 7, 3, 5]
A_24 39.12 A 24 [2, 1, 2, 4, 4, 2, 3, 5, 3, 3, 6, 3, 1, 2, 6, 5, 3, 2, 4, 3, 3, 5, 1, 1, 1, 5, 3, 1, 6, 1, 2, 5, 6, 4, 1, 2, 3, 6, 4, 1, 3, 5, 5, 6, 4, 1, 1, 4, 6, 5, 5, 1, 3, 2, 4, 2, 4, 6, 1, 6, 2, 4, 4, 6, 1, 2, 4, 6, 2, 2, 4, 4, 2, 6, 3, 6, 5, 6, 2, 1] [3, 3, 4, 6, 4, 4, 5, 7, 4, 3, 8, 5, 2, 3, 8, 7, 5, 3, 4, 4, 5, 5, 2, 2, 1, 6, 5, 2, 7, 3, 4, 7, 8, 6, 3, 4, 3, 6, 4, 2, 4, 5, 7, 8, 5, 2, 1, 4, 7, 5, 5, 1, 5, 4, 4, 3, 4, 8, 1, 8, 2, 5, 5, 6, 3, 2, 5, 7, 2, 4, 6, 6, 4, 6, 4, 7, 7, 6, 4, 1]
A_25 40.12 A 25 [4, 5, 5, 6, 4, 3, 1, 3, 1, 5, 1, 2, 1, 4, 2, 5, 3, 1, 3, 3, 1, 4, 4, 6, 5, 3, 6, 4, 4, 5, 6, 1, 3, 3, 1, 3, 4, 5, 4, 2, 3, 6, 5, 2, 6, 4, 1, 1, 2, 5, 4, 4, 2, 2, 4, 6, 1, 6, 2, 2, 4, 4, 5, 2, 6, 4, 1, 6, 1, 6, 5, 1, 6, 2, 1, 3, 3, 4, 1, 2] [6, 6, 6, 7, 4, 4, 3, 3, 2, 7, 2, 3, 1, 4, 3, 6, 4, 1, 4, 3, 3, 6, 6, 6, 6, 3, 8, 4, 5, 7, 7, 2, 3, 5, 1, 4, 4, 6, 4, 3, 4, 7, 6, 2, 7, 5, 3, 2, 3, 6, 6, 5, 4, 4, 6, 6, 2, 8, 3, 4, 6, 6, 5, 2, 8, 6, 1, 8, 3, 7, 5, 3, 6, 2, 1, 3, 5, 6, 1, 4]
A_26 41.91 A 26 [2, 6, 6, 4, 3, 1, 4, 6, 3, 2, 3, 1, 3, 2, 2, 5, 3, 5, 2, 2, 1, 1, 4, 3, 3, 6, 3, 4, 5, 5, 6, 5, 3, 2, 2, 5, 1, 6, 1, 5, 3, 3, 3, 2, 5, 6, 1, 1, 4, 6, 6, 5, 4, 4, 6, 5, 2, 1, 4, 3, 6, 3, 6, 4, 1, 5, 2, 3, 3, 1, 6, 5, 2, 2, 4, 1, 6, 3, 2, 3] [2, 8, 7, 6, 5, 3, 5, 7, 3, 2, 4, 2, 3, 4, 4, 5, 4, 7, 4, 4, 1, 3, 4, 4, 5, 8, 3, 6, 6, 6, 6, 7, 5, 4, 3, 6, 1, 8, 3, 6, 3, 3, 3, 2, 5, 6, 1, 3, 4, 6, 6, 7, 4, 4, 8, 5, 4, 2, 4, 5, 7, 3, 6, 5, 3, 6, 3, 5, 5, 2, 6, 5, 4, 4, 4, 1, 8, 5, 2, 4]
A_27 42.91 A 27 [4, 1, 5, 4, 3, 6, 1, 2, 3, 5, 4, 2, 2, 3, 4, 1, 2, 5, 5, 3, 1, 5, 6, 2, 1, 4, 4, 4, 4, 5, 4, 5, 5, 3, 3, 3, 2, 2, 3, 4, 4, 5, 4, 1, 1, 2, 5, 2, 5, 3, 6, 3, 3, 6, 5, 3, 6, 2, 1, 6, 2, 4, 3, 4, 1, 6, 2, 5, 4, 4, 2, 4, 1, 5, 3, 4, 3, 2, 5, 5] [5, 1, 7, 5, 5, 6, 2, 4, 4, 5, 6, 4, 3, 3, 4, 1, 2, 7, 7, 3, 3, 7, 7, 3, 2, 4, 6, 4, 5, 6, 5, 5, 7, 3, 3, 5, 3, 4, 3, 4, 6, 6, 5, 1, 2, 4, 5, 3, 6, 5, 7, 4, 5, 6, 6, 4, 6, 4, 3, 8, 2, 4, 3, 6, 2, 7, 2, 6, 6, 6, 2, 4, 2, 7, 3, 4, 5, 2, 6, 5]
A_28 43.91 A 28 [1, 4, 5, 3, 2, 6, 2, 5, 4, 4, 6, 5, 6, 1, 5, 4, 5, 5, 4, 4, 5, 1, 6, 1, 6, 4, 5, 4, 6, 6, 3, 1, 5, 3, 2, 1, 4, 2, 3, 6, 1, 3, 6, 3, 2, 1, 5, 4, 1, 6, 3, 3, 5, 4, 4, 4, 5, 6, 6, 1, 1, 3, 4, 4, 3, 5, 6, 3, 3, 1, 5, 5, 5, 4, 1, 5, 1, 6, 1, 5] [3, 5, 6, 3, 2, 6, 3, 5, 4, 5, 7, 6, 7, 1, 6, 4, 5, 6, 6, 6, 5, 1, 6, 3, 7, 5, 6, 5, 7, 7, 3, 2, 6, 3, 4, 2, 5, 4, 5, 6, 3, 5, 8, 4, 2, 3, 6, 4, 1, 8, 5, 4, 5, 5, 5, 4, 5, 8, 6, 3, 3, 4, 4, 5, 5, 7, 6, 5, 5, 1, 7, 7, 5, 4, 2, 5, 3, 8, 2, 5]
A_29 45.69 A 29 [3, 4, 6, 3, 6, 5, 4, 6, 5, 5, 4, 4, 1, 6, 3, 5, 1, 1, 4, 3, 5, 2, 4, 2, 1, 5, 5, 5, 6, 1, 4, 3, 3, 2, 5, 6, 4, 2, 2, 5, 5, 5, 1, 6, 4, 4, 1, 3, 4, 4, 5, 3, 1, 5, 5, 4, 6, 3, 6, 1, 5, 6, 4, 5, 4, 1, 4, 2, 2, 5, 2, 6, 6, 3, 2, 1, 3, 5, 1, 5] [3, 4, 6, 4, 7, 5, 4, 8, 5, 6, 4, 5, 2, 6, 4, 7, 3, 3, 4, 5, 7, 2, 5, 4, 3, 7, 6, 6, 7, 2, 4, 5, 5, 2, 6, 8, 4, 3, 2, 7, 5, 6, 3, 7, 5, 6, 1, 3, 6, 4, 6, 5, 2, 6, 5, 4, 8, 3, 6, 1, 5, 6, 6, 7, 4, 1, 4, 4, 4, 5, 4, 7, 7, 3, 2, 2, 3, 7, 3, 5]
A_30 46.69 A 30 [6, 1, 1, 1, 3, 3, 1, 2, 6, 5, 3, 2, 6, 4, 6, 1, 5, 3, 4, 1, 6, 2, 2, 6, 2, 6, 6, 4, 3, 4, 1, 2, 1, 6, 6, 5, 6, 2, 1, 2, 6, 1, 3, 3, 1, 3, 1, 6, 6, 6, 3, 3, 2, 5, 4, 2, 1, 2, 4, 1, 6, 4, 2, 1, 2, 3, 2, 5, 5, 2, 5, 3, 6, 1, 4, 6, 4, 1, 5, 1] [7, 1, 2, 3, 3, 3, 1, 2, 8, 6, 3, 2, 7, 6, 8, 1, 6, 3, 4, 1, 7, 3, 2, 8, 4, 7, 6, 5, 3, 4, 3, 2, 3, 8, 6, 6, 7, 3, 2, 2, 8, 2, 3, 4, 3, 3, 1, 6, 6, 7, 4, 3, 2, 5, 4, 3, 2, 2, 5, 2, 6, 5, 4, 2, 3, 4, 2, 6, 5, 3, 5, 4, 8, 2, 5, 7, 5, 1, 6, 2]
A_31 47.69 A 31 [3, 4, 2, 6, 5, 5, 2, 1, 5, 2, 2, 2, 4, 5, 1, 2, 2, 1, 1, 2, 3, 1, 1, 6, 5, 1, 5, 5, 1, 3, 2, 4, 6, 2, 3, 1, 3, 1, 2, 6, 6, 2, 5, 3, 3, 2, 4, 3, 1, 6, 1, 1, 6, 5, 1, 2, 6, 2, 6, 4, 5, 1, 1, 2, 4, 2, 6, 3, 6, 3, 5, 5, 3, 3, 2, 4, 6, 4, 2, 3] [3, 6, 3, 8, 7, 7, 3, 1, 6, 2, 2, 2, 5, 6, 3, 2, 3, 3, 2, 2, 4, 1, 3, 8, 7, 2, 7, 5, 2, 5, 2, 4, 8, 2, 3, 2, 5, 2, 3, 8, 8, 4, 7, 3, 5, 3, 5, 5, 3, 8, 2, 1, 8, 6, 3, 4, 7, 3, 7, 5, 5, 3, 2, 2, 5, 2, 7, 5, 6, 5, 6, 6, 4, 3, 3, 5, 8, 4, 3, 3]
A_32 48.69 A 32 [6, 2, 1, 3, 3, 4, 2, 4, 3, 5, 1, 4, 1, 4, 6, 5, 3, 5, 5, 3, 1, 6, 4, 4, 6, 3, 3, 5, 5, 3, 1, 6, 4, 4, 3, 2, 6, 1, 2, 5, 6, 6, 3, 4, 2, 5, 3, 5, 3, 4, 1, 5, 1, 1, 4, 5, 3, 3, 4, 1, 5, 3, 4, 2, 4, 3, 3, 5, 5, 6, 2, 2, 3, 6, 6, 3, 3, 3, 1, 2] [8, 3, 3, 5, 3, 5, 4, 5, 5, 5, 3, 4, 3, 5, 8, 6, 3, 5, 6, 3, 3, 8, 4, 6, 8, 3, 5, 7, 6, 5, 3, 8, 5, 4, 4, 4, 8, 2, 2, 7, 7, 7, 4, 4, 3, 7, 5, 6, 3, 4, 1, 6, 1, 1, 6, 5, 3, 4, 6, 2, 6, 3, 4, 2, 4, 5, 5, 7, 5, 6, 2, 3, 4, 6, 7, 3, 3, 5, 2, 3]
A_33 49.69 A 33 [2, 5, 2, 3, 3, 1, 3, 3, 4, 5, 2, 3, 2, 1, 1, 3, 1, 4, 4, 4, 5, 2, 3, 6, 4, 3, 2, 3, 3, 2, 6, 2, 4, 1, 3, 5, 2, 2, 5, 5, 4, 1, 6, 5, 3, 5, 5, 2, 3, 3, 1, 5, 6, 6, 2, 4, 4, 2, 1, 6, 6, 4, 2, 1, 1, 3, 5, 4, 5, 3, 6, 4, 1, 5, 1, 5, 1, 1, 6, 6] [3, 6, 2, 5, 4, 3, 3, 5, 5, 6, 4, 5, 3, 2, 2, 5, 3, 6, 4, 6, 7, 2, 5, 7, 6, 5, 4, 3, 3, 2, 8, 2, 4, 2, 5, 5, 2, 4, 5, 7, 4, 1, 8, 5, 3, 7, 6, 2, 4, 4, 2, 7, 7, 6, 3, 4, 5, 2, 1, 6, 8, 4, 2, 2, 2, 4, 7, 6, 5, 3, 6, 5, 2, 7, 3, 6, 1, 3, 7, 7]
A_34 50.69 A 34 [5, 1, 3, 3, 6, 5, 6, 2, 4, 6, 4, 5, 3, 2, 6, 4, 2, 3, 5, 2, 4, 5, 4, 4, 1, 1, 2, 3, 2, 5, 6, 3, 3, 3, 2, 6, 4, 2, 4, 3, 3, 2, 3, 2, 2, 2, 2, 5, 5, 3, 2, 2, 6, 3, 3, 2, 2, 3, 1, 5, 2, 3, 1, 2, 2, 2, 1, 3, 6, 1, 1, 1, 6, 4, 1, 4, 3, 3, 2, 3] [5, 2, 3, 4, 6, 7, 7, 4, 6, 8, 6, 7, 4, 2, 8, 4, 2, 3, 6, 2, 5, 6, 6, 6, 3, 1, 3, 3, 4, 6, 6, 3, 4, 5, 4, 8, 6, 4, 5, 3, 3, 3, 5, 2, 3, 4, 3, 5, 6, 5, 4, 4, 6, 5, 5, 3, 2, 4, 2, 5, 4, 4, 1, 3, 4, 4, 3, 5, 7, 3, 2, 3, 6, 5, 3, 4, 5, 3, 2, 4]
A_35 52.739999999999995 A 35 [6, 1, 4, 4, 6, 5, 1, 5, 6, 3, 1, 6, 1, 5, 6, 4, 1, 2, 3, 4, 2, 2, 6, 6, 2, 3, 5, 3, 1, 6, 5, 1, 2, 5, 6, 3, 5, 1, 1, 4, 2, 6, 4, 6, 2, 5, 2, 5, 6, 3, 2, 2, 3, 5, 6, 5, 5, 1, 4, 1, 6, 1, 1, 6, 5, 1, 6, 5, 4, 6, 2, 6, 4, 4, 2, 6, 3, 4, 4, 6] [7, 1, 5, 5, 6, 7, 3, 7, 7, 5, 3, 7, 1, 5, 6, 6, 3, 3, 5, 4, 4, 4, 8, 6, 4, 4, 6, 5, 2, 8, 6, 2, 4, 5, 8, 4, 5, 2, 2, 4, 2, 8, 5, 8, 4, 7, 3, 5, 6, 5, 3, 3, 3, 6, 7, 6, 5, 3, 4, 2, 7, 1, 2, 6, 7, 2, 7, 6, 5, 6, 2, 7, 4, 6, 3, 6, 5, 5, 6, 8]
A_36 53.739999999999995 A 36 [6, 3, 1, 1, 4, 5, 1, 1, 2, 5, 6, 5, 2, 2, 1, 5, 2, 1, 6, 1, 4, 1, 3, 4, 3, 4, 1, 2, 4, 4, 6, 3, 6, 2, 4, 5, 6, 2, 5, 2, 3, 1, 2, 4, 1, 4, 5, 4, 1, 6, 3, 3, 5, 4, 4, 5, 6, 4, 4, 3, 5, 1, 4, 6, 4, 6, 1, 4, 2, 5, 1, 4, 2, 6, 6, 6, 1, 6, 4, 5] [6, 4, 3, 3, 4, 6, 1, 3, 4, 7, 8, 7, 4, 2, 3, 6, 2, 2, 8, 3, 6, 1, 4, 6, 3, 4, 1, 3, 5, 4, 7, 5, 8, 2, 6, 5, 6, 2, 7, 3, 3, 3, 3, 6, 2, 4, 7, 6, 1, 6, 3, 5, 7, 6, 5, 5, 6, 5, 5, 4, 6, 1, 4, 8, 4, 6, 3, 5, 4, 7, 3, 4, 3, 6, 7, 7, 1, 7, 5, 5]
A_37 56.209999999999994 A 37 [1, 4, 5, 6, 5, 5, 2, 3, 5, 3, 2, 5, 2, 3, 5, 1, 4, 5, 2, 6, 4, 5, 6, 1, 6, 5, 6, 2, 2, 2, 2, 1, 1, 2, 2, 1, 2, 1, 1, 4, 1, 6, 2, 2, 2, 5, 5, 2, 4, 3, 1, 6, 3, 4, 2, 6, 1, 3, 5, 2, 4, 1, 6, 3, 2, 2, 3, 5, 5, 2, 6, 4, 6, 1, 2, 2, 2, 4, 5, 4] [3, 5, 7, 8, 5, 5, 2, 4, 6, 5, 2, 5, 4, 5, 7, 3, 5, 6, 4, 7, 6, 5, 6, 2, 6, 6, 8, 4, 4, 3, 3, 2, 2, 4, 4, 2, 2, 3, 3, 4, 1, 7, 3, 2, 2, 5, 5, 3, 4, 5, 2, 8, 5, 5, 3, 8, 3, 3, 7, 3, 5, 2, 7, 3, 2, 2, 5, 6, 6, 2, 7, 4, 8, 3, 4, 2, 2, 4, 5, 4]
A_38 57.209999999999994 A 38 [4, 4, 1, 5, 5, 5, 2, 4, 2, 3, 6, 6, 1, 4, 3, 6, 2, 3, 1, 2, 1, 2, 6, 5, 4, 4, 1, 3, 3, 2, 1, 2, 2, 5, 4, 1, 5, 1, 2, 6, 6, 6, 3, 4, 1, 3, 3, 5, 3, 5, 5, 2, 3, 4, 2, 2, 4, 5, 4, 3, 4, 3, 6, 2, 5, 2, 5, 5, 2, 1, 5, 4, 3, 5, 5, 5, 1, 1, 4, 2] [4, 5, 3, 5, 5, 7, 2, 5, 3, 3, 6, 6, 2, 6, 3, 8, 3, 3, 2, 3, 3, 2, 6, 6, 4, 4, 3, 3, 5, 2, 2, 3, 2, 5, 5, 2, 7, 3, 2, 6, 6, 6, 3, 4, 2, 5, 3, 6, 3, 7, 7, 4, 4, 4, 3, 2, 5, 6, 6, 5, 5, 3, 8, 3, 5, 3, 6, 6, 3, 1, 6, 6, 4, 6, 7, 6, 1, 3, 4, 2]
A_39 58.209999999999994 A 39 [2, 6, 5, 2, 3, 5, 4, 1, 6, 6, 6, 6, 3, 3, 4, 4, 4, 5, 5, 3, 3, 3, 5, 3, 1, 2, 5, 4, 6, 5, 2, 6, 5, 5, 3, 4, 2, 4, 6, 4, 2, 5, 1, 6, 4, 6, 2, 1, 3, 5, 5, 4, 4, 6, 4, 2, 1, 3, 1, 5, 2, 3, 4, 1, 3, 3, 4, 2, 4, 4, 2, 5, 4, 2, 5, 5, 6, 5, 6, 4] [2, 8, 7, 4, 4, 6, 5, 2, 6, 6, 7, 8, 5, 3, 5, 5, 4, 6, 6, 3, 5, 5, 5, 4, 2, 3, 6, 4, 6, 7, 2, 8, 7, 7, 3, 4, 3, 4, 6, 6, 4, 6, 3, 8, 6, 6, 4, 2, 5, 7, 7, 4, 6, 7, 5, 4, 3, 3, 3, 6, 4, 3, 5, 3, 3, 3, 5, 2, 4, 4, 3, 6, 5, 4, 5, 6, 7, 7, 6, 4]
B_0 1 B 40 [6, 3, 1, 6, 1, 5, 3, 1, 1, 1, 2, 1, 3, 3, 1, 1, 4, 1, 6, 6, 6, 3, 3, 6, 3, 3, 3, 4, 1, 5, 6, 6, 6, 4, 3, 2, 3, 1, 6, 2, 3, 4, 5, 2, 4, 6, 3, 6, 2, 1, 3, 2, 2, 4, 3, 1, 4, 2, 4, 6, 3, 1, 4, 4, 5, 2, 2, 5, 6, 3, 6, 6, 6, 5, 6, 1, 3, 1, 6, 6] [8, 3, 2, 6, 2, 5, 4, 3, 1, 3, 3, 3, 4, 5, 3, 2, 5, 1, 7, 8, 6, 3, 3, 6, 4, 4, 3, 6, 3, 5, 8, 8, 7, 4, 3, 2, 3, 1, 6, 4, 5, 5, 6, 4, 5, 6, 5, 6, 3, 2, 4, 4, 2, 6, 5, 1, 4, 2, 5, 6, 4, 3, 4, 5, 5, 4, 2, 7, 8, 5, 8, 6, 8, 7, 7, 2, 3, 2, 8, 7]
B_1 2 B 41 [6, 2, 3, 4, 4, 6, 2, 3, 4, 1, 6, 2, 4, 1, 2, 1, 5, 4, 1, 4, 1, 1, 5, 2, 5, 6, 3, 5, 3, 5, 1, 2, 6, 1, 2, 6, 1, 6, 6, 5, 4, 2, 5, 3, 4, 2, 5, 5, 2, 5, 4, 4, 6, 6, 6, 2, 6, 4, 1, 2, 4, 5, 6, 6, 6, 6, 2, 5, 1, 4, 4, 5, 5, 1, 6, 5, 2, 4, 6, 5] [6, 3, 4, 4, 4, 8, 4, 5, 4, 3, 8, 2, 6, 2, 4, 3, 5, 4, 3, 6, 2, 1, 6, 2, 5, 7, 3, 6, 5, 6, 2, 4, 7, 1, 3, 8, 3, 7, 6, 6, 5, 3, 6, 3, 6, 4, 5, 5, 2, 5, 5, 6, 7, 8, 8, 2, 7, 4, 3, 2, 6, 5, 7, 7, 6, 6, 2, 7, 2, 6, 6, 7, 5, 3, 8, 7, 4, 5, 6, 5]
B_2 3 B 42 [3, 1, 6, 1, 1, 2, 1, 2, 5, 2, 3, 4, 5, 5, 6, 4, 6, 3, 3, 3, 5, 6, 5, 3, 5, 5, 3, 4, 6, 1, 3, 5, 3, 6, 3, 4, 2, 2, 3, 1, 5, 5, 5, 4, 4, 3, 5, 1, 2, 3, 1, 1, 3, 1, 6, 2, 2, 3, 1, 3, 5, 4, 2, 2, 1, 4, 1, 2, 4, 1, 6, 6, 6, 3, 5, 3, 4, 3, 2, 5] [3, 2, 8, 3, 3, 3, 3, 3, 5, 3, 4, 6, 6, 6, 8, 5, 6, 5, 3, 3, 7, 6, 6, 4, 7, 6, 3, 5, 8, 3, 3, 7, 4, 8, 5, 5, 3, 3, 3, 3, 6, 6, 5, 6, 5, 3, 6, 1, 2, 5, 1, 2, 3, 3, 8, 4, 4, 3, 1, 3, 7, 4, 4, 3, 3, 6, 3, 4, 5, 1, 8, 8, 7, 5, 5, 4, 6, 4, 4, 5]
B_3 4 B 43 [4, 4, 6, 4, 6, 2, 2, 2, 5, 1, 3, 6, 1, 3, 3, 3, 5, 4, 1, 5, 5, 2, 1, 2, 6, 2, 2, 1, 3, 6, 3, 3, 4, 5, 2, 6, 4, 2, 4, 6, 2, 3, 4, 2, 3, 2, 4, 2, 5, 1, 5, 4, 6, 3, 3, 4, 6, 6, 4, 4, 3, 3, 5, 6, 6, 3, 4, 4, 6, 5, 4, 1, 6, 5, 5, 3, 2, 1, 4, 1] [6, 4, 8, 6, 6, 2, 3, 3, 5, 1, 3, 8, 3, 3, 5, 5, 7, 5, 3, 5, 7, 2, 3, 2, 8, 2, 2, 1, 4, 7, 4, 3, 4, 5, 2, 8, 6, 2, 4, 8, 4, 3, 6, 3, 5, 4, 4, 3, 6, 2, 6, 5, 6, 4, 4, 4, 7, 7, 4, 6, 3, 5, 5, 6, 6, 4, 5, 4, 8, 7, 6, 1, 7, 7, 7, 4, 2, 2, 5, 2]
B_4 5 B 44 [2, 4, 3, 2, 4, 6, 3, 2, 3, 3, 2, 6, 6, 6, 1, 1, 5, 3, 4, 1, 5, 1, 5, 1, 4, 6, 5, 1, 2, 4, 1, 3, 2, 3, 2, 2, 1, 2, 1, 4, 4, 4, 4, 3, 5, 6, 4, 3, 2, 1, 4, 4, 3, 3, 2, 5, 2, 1, 2, 6, 5, 1, 6, 3, 3, 6, 3, 2, 1, 2, 2, 5, 3, 6, 1, 6, 2, 4, 2, 4] [4, 6, 5, 4, 4, 8, 5, 3, 5, 3, 2, 7, 6, 7, 1, 3, 7, 3, 6, 1, 5, 1, 6, 3, 5, 7, 5, 2, 2, 5, 3, 5, 3, 3, 3, 4, 2, 2, 2, 6, 5, 6, 5, 5, 7, 6, 5, 5, 2, 1, 5, 5, 4, 4, 2, 5, 2, 1, 3, 8, 7, 1, 6, 3, 3, 8, 3, 4, 1, 4, 4, 7, 5, 7, 1, 7, 3, 6, 2, 4]
B_5 6 B 45 [4, 1, 2, 3, 5, 1, 2, 3, 4, 5, 4, 4, 1, 5, 3, 3, 5, 2, 6, 3, 2, 1, 2, 3, 1, 4, 6, 2, 1, 4, 3, 2, 5, 5, 2, 5, 4, 5, 3, 6, 6, 2, 3, 2, 6, 6, 1, 5, 4, 1, 2, 3, 2, 5, 6, 1, 5, 4, 6, 1, 4, 1, 3, 2, 3, 5, 4, 5, 1, 5, 1, 3, 6, 1, 3, 4, 5, 4, 1, 1] [5, 3, 2, 5, 6, 1, 3, 4, 4, 6, 4, 5, 2, 6, 3, 5, 7, 4, 8, 5, 2, 2, 4, 3, 2, 5, 6, 4, 3, 6, 3, 3, 7, 7, 4, 7, 4, 5, 5, 6, 6, 4, 3, 4, 6, 7, 1, 5, 6, 3, 3, 5, 4, 7, 6, 1, 7, 5, 8, 3, 6, 3, 3, 4, 5, 5, 5, 5, 1, 5, 3, 4, 7, 3, 3, 5, 6, 6, 2, 1]
B_6 7.09 B 46 [3, 3, 2, 6, 6, 4, 4, 4, 2, 3, 5, 2, 6, 1, 6, 2, 5, 1, 3, 2, 3, 4, 2, 1, 1, 1, 1, 5, 5, 1, 1, 4, 3, 5, 2, 2, 5, 5, 3, 2, 3, 5, 5, 4, 4, 1, 5, 1, 4, 3, 2, 1, 4, 1, 2, 3, 4, 4, 2, 5, 2, 1, 4, 1, 1, 4, 4, 6, 2, 5, 6, 2, 5, 5, 3, 5, 6, 1, 4, 3] [3, 3, 2, 6, 8, 5, 5, 4, 3, 5, 6, 2, 8, 3, 6, 3, 5, 1, 4, 4, 5, 4, 2, 3, 1, 3, 1, 5, 6, 1, 1, 5, 5, 6, 3, 3, 7, 5, 3, 4, 5, 5, 6, 4, 5, 1, 6, 3, 6, 4, 2, 3, 5, 2, 3, 3, 6, 6, 3, 6, 4, 2, 5, 3, 2, 5, 4, 7, 4, 5, 8, 2, 7, 5, 4, 7, 8, 1, 4, 5]
B_7 8.09 B 47 [6, 2, 3, 2, 2, 3, 2, 4, 6, 3, 5, 4, 3, 6, 4, 3, 5, 2, 3, 3, 5, 1, 1, 3, 4, 1, 1, 2, 4, 3, 6, 3, 5, 2, 5, 5, 4, 2, 5, 1, 6, 5, 1, 2, 3, 5, 1, 3, 6, 4, 3, 6, 5, 1, 5, 5, 4, 5, 1, 1, 6, 2, 2, 4, 3, 1, 4, 4, 3, 6, 6, 6, 5, 3, 6, 1, 5, 4, 5, 4] [6, 4, 4, 4, 3, 5, 3, 5, 8, 5, 6, 5, 5, 7, 6, 4, 6, 4, 4, 5, 7, 2, 1, 4, 4, 2, 3, 3, 4, 3, 6, 5, 6, 2, 5, 5, 6, 3, 6, 2, 6, 5, 1, 3, 5, 5, 3, 3, 8, 4, 4, 8, 5, 2, 7, 6, 5, 5, 1, 1, 8, 3, 2, 4, 3, 3, 4, 5, 5, 7, 6, 8, 6, 3, 7, 2, 7, 6, 6, 4]
B_8 9.09 B 48 [2, 6, 1, 4, 1, 3, 2, 6, 6, 5, 6, 3, 4, 4, 5, 3, 2, 5, 3, 1, 2, 6, 4, 6, 6, 2, 4, 5, 1, 4, 6, 1, 3, 3, 5, 6, 1, 4, 3, 3, 2, 2, 2, 5, 2, 4, 4, 6, 1, 3, 6, 6, 3, 5, 6, 4, 4, 1, 3, 2, 1, 5, 5, 1, 4, 6, 1, 6, 5, 1, 5, 3, 3, 1, 6, 1, 1, 2, 5, 1] [3, 8, 3, 6, 3, 5, 4, 7, 7, 6, 8, 3, 5, 5, 6, 3, 4, 6, 3, 2, 4, 7, 6, 6, 7, 3, 4, 6, 1, 6, 6, 3, 3, 4, 6, 6, 1, 4, 3, 5, 3, 2, 2, 6, 2, 6, 6, 8, 1, 5, 8, 6, 4, 7, 7, 5, 5, 2, 3, 4, 2, 6, 5, 2, 4, 7, 1, 8, 7, 2, 7, 3, 5, 2, 8, 1, 3, 3, 7, 1]
B_9 10.09 B 49 [5, 6, 1, 5, 5, 1, 6, 5, 5, 4, 1, 6, 3, 4, 2, 6, 3, 5, 6, 1, 3, 1, 2, 2, 5, 5, 6, 3, 6, 4, 6, 6, 4, 3, 3, 3, 6, 3, 5, 5, 1, 5, 3, 1, 1, 1, 3, 4, 3, 4, 6, 1, 4, 6, 2, 3, 2, 6, 6, 5, 3, 3, 1, 4, 6, 3, 4, 3, 1, 2, 6, 1, 1, 2, 1, 1, 4, 6, 5, 3] [5, 6, 1, 6, 7, 2, 8, 5, 6, 5, 3, 6, 5, 4, 4, 7, 4, 7, 8, 1, 5, 2, 3, 4, 5, 6, 6, 5, 8, 4, 7, 8, 4, 4, 5, 5, 6, 5, 7, 7, 2, 5, 5, 2, 1, 3, 4, 4, 5, 4, 7, 1, 6, 6, 3, 5, 4, 7, 8, 6, 3, 5, 1, 6, 7, 4, 5, 4, 1, 4, 8, 2, 3, 3, 1, 1, 6, 6, 5, 4]
B_10 11.26 B 50 [4, 3, 5, 4, 1, 3, 4, 2, 5, 6, 4, 6, 2, 6, 6, 1, 2, 3, 5, 3, 3, 5, 2, 3, 5, 4, 6, 6, 3, 5, 3, 1, 1, 1, 2, 2, 3, 1, 5, 5, 3, 4, 1, 5, 4, 2, 2, 3, 6, 6, 3, 6, 1, 5, 4, 5, 3, 5, 6, 2, 6, 4, 2, 4, 6, 3, 2, 3, 2, 5, 4, 3, 2, 5, 4, 5, 6, 3, 4, 2] [4, 4, 5, 6, 2, 4, 4, 3, 5, 8, 5, 8, 3, 6, 8, 1, 2, 4, 7, 5, 5, 5, 2, 3, 5, 6, 6, 7, 5, 6, 4, 2, 1, 2, 4, 3, 3, 2, 7, 7, 4, 5, 1, 6, 5, 3, 2, 4, 8, 7, 5, 6, 3, 7, 4, 6, 5, 6, 7, 4, 6, 5, 4, 5, 6, 4, 4, 3, 2, 5, 4, 4, 3, 6, 4, 6, 6, 5, 6, 3]
B_11 12.26 B 51 [3, 4, 2, 4, 5, 4, 2, 4, 5, 2, 6, 2, 6, 6, 3, 4, 2, 5, 3, 5, 1, 1, 4, 3, 1, 4, 5, 3, 3, 3, 3, 1, 5, 5, 2, 2, 3, 6, 2, 4, 2, 4, 1, 4, 4, 3, 1, 6, 6, 1, 6, 6, 4, 2, 3, 1, 4, 5, 3, 3, 3, 6, 6, 4, 5, 5, 2, 1, 2, 4, 6, 3, 3, 6, 5, 4, 5, 1, 3, 4] [3, 5, 2, 4, 6, 4, 2, 5, 6, 3, 7, 4, 8, 6, 5, 4, 3, 6, 5, 6, 3, 2, 4, 5, 1, 5, 7, 4, 4, 5, 3, 1, 6, 7, 4, 3, 5, 8, 4, 4, 4, 6, 2, 5, 5, 5, 3, 8, 6, 1, 6, 7, 6, 2, 3, 2, 5, 7, 4, 5, 3, 8, 6, 5, 7, 5, 2, 2, 3, 5, 8, 3, 3, 8, 5, 5, 7, 2, 4, 4]
B_12 13.26 B 52 [4, 3, 5, 1, 4, 6, 6, 3, 6, 1, 4, 4, 5, 4, 4, 4, 3, 6, 6, 6, 1, 3, 4, 5, 3, 2, 4, 3, 5, 1, 2, 6, 1, 6, 6, 3, 5, 3, 3, 4, 2, 6, 3, 6, 3, 2, 4, 5, 3, 4, 1, 4, 1, 2, 2, 2, 6, 3, 1, 5, 2, 1, 1, 3, 3, 5, 2, 2, 3, 5, 4, 5, 6, 3, 5, 6, 5, 2, 1, 6] [6, 5, 5, 1, 6, 8, 7, 3, 7, 2, 6, 4, 6, 6, 5, 6, 5, 6, 6, 7, 2, 4, 4, 5, 5, 4, 4, 5, 5, 2, 2, 8, 1, 7, 6, 3, 7, 5, 4, 6, 2, 7, 3, 6, 4, 4, 5, 5, 4, 6, 3, 6, 1, 4, 4, 3, 6, 3, 1, 6, 4, 2, 2, 3, 4, 5, 4, 3, 3, 6, 5, 6, 8, 3, 6, 7, 7, 2, 1, 7]
B_13 14.26 B 53 [4, 4, 6, 4, 1, 3, 6, 1, 2, 3, 3, 2, 6, 1, 4, 4, 5, 6, 2, 3, 3, 2, 1, 3, 2, 2, 4, 6, 4, 5, 5, 5, 1, 6, 3, 5, 4, 4, 4, 6, 4, 6, 1, 3, 3, 5, 1, 1, 5, 6, 5, 2, 2, 5, 5, 4, 2, 2, 5, 1, 6, 5, 5, 5, 3, 6, 5, 5, 4, 3, 5, 5, 2, 5, 4, 2, 4, 3, 6, 5] [5, 4, 7, 6, 2, 4, 8, 3, 3, 3, 4, 4, 8, 1, 6, 6, 6, 7, 2, 4, 4, 3, 2, 4, 4, 4, 4, 6, 5, 6, 5, 6, 1, 6, 5, 6, 6, 5, 4, 7, 6, 8, 3, 4, 4, 7, 2, 2, 7, 6, 7, 2, 4, 5, 5, 5, 4, 4, 6, 2, 8, 5, 6, 5, 3, 6, 7, 5, 6, 5, 5, 5, 4, 7, 4, 2, 6, 5, 7, 5]
B_14 15.58 B 54 [2, 3, 5, 4, 4, 2, 5, 6, 2, 2, 4, 3, 4, 6, 2, 5, 5, 2, 4, 6, 3, 5, 5, 3, 4, 4, 6, 5, 4, 5, 4, 1, 4, 2, 3, 6, 4, 2, 2, 4, 3, 6, 6, 3, 2, 6, 2, 5, 6, 2, 4, 3, 2, 5, 4, 6, 4, 2, 2, 3, 5, 2, 2, 5, 1, 4, 2, 4, 5, 4, 3, 2, 6, 4, 3, 2, 1, 4, 5, 3] [2, 5, 5, 6, 5, 4, 6, 7, 4, 2, 4, 5, 5, 6, 2, 6, 5, 4, 5, 8, 3, 7, 7, 4, 4, 6, 8, 6, 5, 5, 4, 3, 6, 3, 5, 7, 5, 3, 3, 5, 5, 8, 8, 4, 2, 6, 3, 7, 7, 3, 4, 3, 4, 5, 6, 8, 6, 3, 2, 3, 5, 3, 3, 7, 3, 6, 3, 4, 6, 4, 4, 2, 6, 5, 3, 2, 1, 4, 6, 5]
B_15 17.4 B 55 [5, 5, 2, 4, 4, 3, 5, 5, 6, 5, 6, 1, 3, 3, 5, 3, 4, 2, 5, 5, 5, 5, 4, 1, 2, 6, 5, 3, 4, 4, 2, 2, 5, 4, 2, 5, 5, 6, 2, 2, 1, 2, 2, 4, 5, 1, 3, 5, 4, 3, 5, 1, 2, 4, 6, 1, 6, 1, 1, 1, 6, 1, 5, 3, 2, 6, 4, 3, 2, 3, 2, 2, 2, 3, 5, 6, 2, 1, 2, 2] [6, 7, 3, 4, 6, 3, 7, 5, 8, 6, 6, 2, 3, 5, 6, 5, 6, 4, 6, 5, 6, 6, 6, 2, 3, 6, 5, 4, 4, 4, 3, 4, 5, 4, 3, 6, 5, 8, 2, 4, 1, 2, 4, 4, 5, 1, 3, 6, 5, 5, 6, 2, 3, 5, 8, 1, 6, 3, 2, 3, 7, 3, 6, 3, 4, 6, 4, 5, 4, 4, 2, 2, 4, 3, 7, 7, 2, 1, 4, 2]
B_16 18.4 B 56 [4, 4, 6, 5, 4, 2, 5, 3, 5, 3, 2, 2, 3, 6, 2, 4, 5, 1, 5, 2, 3, 6, 4, 4, 4, 1, 2, 6, 5, 6, 1, 6, 3, 4, 2, 5, 6, 1, 4, 1, 4, 6, 2, 6, 2, 5, 4, 4, 4, 2, 3, 4, 6, 2, 4, 6, 2, 3, 4, 1, 4, 6, 2, 5, 1, 6, 6, 5, 3, 2, 2, 2, 5, 1, 6, 4, 2, 2, 3, 5] [4, 5, 7, 6, 4, 2, 7, 3, 5, 3, 2, 3, 4, 6, 4, 4, 7, 3, 5, 3, 4, 6, 4, 5, 4, 2, 4, 6, 5, 8, 2, 7, 3, 5, 2, 5, 6, 3, 5, 3, 4, 7, 4, 7, 2, 7, 6, 5, 5, 4, 5, 5, 6, 4, 6, 6, 3, 4, 5, 3, 4, 8, 4, 7, 3, 7, 8, 5, 4, 2, 4, 2, 5, 3, 7, 5, 4, 4, 4, 6]
B_17 20.68 B 57 [4, 5, 2, 6, 5, 6, 6, 1, 1, 4, 6, 6, 6, 4, 4, 5, 5, 3, 3, 6, 3, 4, 2, 4, 6, 6, 1, 2, 6, 3, 2, 2, 3, 2, 3, 1, 4, 3, 5, 3, 2, 4, 3, 6, 1, 4, 4, 5, 1, 6, 5, 5, 3, 2, 2, 1, 3, 1, 6, 5, 5, 1, 1, 5, 4, 1, 2, 2, 1, 3, 2, 4, 4, 3, 2, 3, 1, 2, 2, 4] [4, 6, 4, 7, 6, 8, 6, 3, 2, 5, 6, 8, 6, 6, 6, 6, 6, 3, 3, 7, 3, 5, 2, 4, 8, 8, 2, 4, 8, 3, 2, 3, 4, 2, 4, 3, 5, 3, 6, 3, 2, 4, 3, 7, 1, 5, 6, 5, 2, 7, 6, 7, 3, 4, 3, 3, 4, 2, 6, 5, 7, 2, 1, 5, 5, 1, 2, 4, 1, 4, 2, 4, 5, 4, 3, 4, 3, 3, 4, 6]
B_18 21.68 B 58 [2, 3, 5, 1, 3, 5, 5, 1, 5, 4, 4, 5, 1, 1, 3, 4, 4, 5, 6, 3, 2, 3, 2, 3, 1, 2, 4, 1, 6, 6, 4, 6, 4, 1, 1, 4, 4, 5, 4, 1, 4, 1, 1, 4, 2, 6, 2, 1, 3, 6, 6, 3, 1, 5, 2, 1, 4, 6, 4, 5, 5, 1, 6, 6, 1, 4, 6, 4, 1, 3, 1, 2, 4, 6, 1, 1, 4, 3, 3, 1] [4, 5, 7, 2, 4, 7, 5, 2, 5, 6, 4, 7, 1, 3, 4, 5, 6, 6, 7, 3, 4, 3, 4, 4, 1, 3, 4, 3, 6, 6, 5, 7, 6, 1, 2, 4, 5, 7, 6, 3, 5, 3, 1, 4, 3, 8, 3, 1, 3, 8, 7, 4, 1, 6, 2, 2, 5, 6, 5, 7, 5, 2, 8, 7, 2, 6, 8, 5, 2, 3, 1, 2, 6, 7, 3, 1, 6, 3, 3, 3]
B_19 22.68 B 59 [2, 3, 6, 2, 3, 3, 4, 3, 6, 4, 6, 4, 3, 5, 6, 5, 6, 5, 4, 1, 3, 2, 6, 3, 6, 2, 3, 6, 1, 1, 1, 4, 1, 6, 5, 1, 3, 2, 3, 5, 6, 2, 3, 4, 6, 1, 5, 1, 2, 5, 2, 3, 5, 1, 3, 1, 1, 5, 5, 1, 2, 1, 1, 3, 5, 5, 6, 5, 1, 4, 1, 2, 1, 4, 3, 1, 5, 2, 3, 5] [2, 5, 6, 2, 5, 3, 5, 5, 7, 6, 8, 4, 5, 6, 7, 5, 7, 6, 5, 1, 5, 3, 8, 5, 8, 4, 5, 8, 3, 1, 2, 5, 2, 6, 5, 2, 4, 3, 5, 6, 6, 2, 3, 6, 8, 3, 6, 1, 4, 6, 4, 5, 6, 2, 3, 3, 3, 5, 7, 2, 4, 3, 2, 4, 6, 5, 6, 6, 1, 5, 2, 4, 1, 6, 5, 2, 6, 4, 5, 7]
B_20 25.95 B 60 [2, 4, 2, 3, 3, 3, 3, 4, 1, 5, 6, 4, 4, 4, 6, 6, 4, 3, 4, 1, 6, 4, 6, 6, 2, 4, 6, 2, 1, 5, 6, 5, 5, 6, 2, 6, 5, 4, 4, 2, 3, 4, 5, 3, 5, 4, 2, 6, 1, 3, 6, 3, 2, 6, 5, 6, 4, 5, 5, 2, 4, 3, 6, 6, 5, 1, 2, 2, 3, 6, 2, 3, 1, 4, 1, 3, 2, 1, 5, 1] [2, 4, 3, 3, 4, 4, 3, 6, 2, 7, 8, 5, 4, 4, 7, 8, 4, 5, 6, 3, 6, 4, 7, 7, 2, 6, 7, 2, 3, 5, 6, 5, 6, 8, 4, 7, 6, 5, 5, 4, 4, 6, 7, 3, 7, 6, 4, 8, 2, 3, 6, 3, 4, 8, 5, 7, 4, 7, 5, 4, 5, 3, 6, 7, 5, 3, 4, 3, 3, 6, 2, 4, 3, 4, 2, 5, 2, 1, 6, 2]
B_21 26.95 B 61 [6, 2, 1, 5, 2, 5, 4, 3, 1, 2, 6, 3, 4, 4, 2, 6, 3, 6, 2, 3, 5, 1, 1, 2, 4, 4, 3, 4, 3, 6, 4, 1, 3, 4, 3, 1, 1, 1, 3, 3, 1, 5, 4, 3, 1, 1, 1, 2, 5, 3, 4, 6, 1, 5, 2, 1, 6, 1, 1, 1, 3, 5, 6, 2, 3, 2, 6, 2, 6, 2, 4, 5, 6, 5, 3, 1, 2, 6, 5, 3] [7, 2, 2, 6, 2, 7, 4, 3, 3, 2, 6, 5, 6, 5, 3, 8, 3, 6, 4, 4, 7, 3, 3, 2, 5, 6, 3, 4, 4, 6, 5, 3, 3, 4, 4, 1, 1, 2, 3, 3, 3, 5, 4, 5, 1, 3, 2, 3, 6, 5, 5, 8, 2, 5, 3, 3, 8, 2, 2, 3, 3, 6, 8, 4, 3, 4, 6, 2, 8, 3, 5, 6, 6, 7, 5, 1, 3, 8, 6, 3]
B_22 27.95 B 62 [1, 1, 5, 3, 6, 5, 2, 3, 5, 2, 2, 1, 2, 2, 4, 5, 2, 2, 3, 5, 3, 5, 3, 2, 4, 5, 6, 3, 4, 4, 2, 1, 4, 2, 1, 1, 4, 6, 6, 4, 4, 6, 2, 5, 6, 3, 4, 2, 5, 1, 2, 6, 1, 5, 2, 5, 2, 1, 6, 1, 6, 6, 4, 3, 1, 4, 5, 6, 4, 6, 2, 1, 3, 5, 1, 3, 4, 1, 3, 2] [2, 2, 7, 3, 8, 5, 2, 4, 5, 3, 3, 3, 3, 3, 4, 6, 4, 3, 3, 5, 5, 6, 5, 4, 5, 5, 6, 3, 4, 6, 4, 2, 4, 2, 1, 2, 4, 7, 8, 5, 4, 7, 4, 5, 6, 3, 5, 2, 5, 1, 4, 6, 2, 6, 3, 6, 4, 1, 8, 2, 6, 8, 5, 3, 2, 6, 5, 6, 5, 7, 3, 2, 5, 7, 2, 3, 6, 1, 5, 4]
B_23 29.32 B 63 [4, 1, 6, 3, 2, 3, 4, 1, 2, 4, 2, 6, 5, 5, 1, 4, 3, 4, 1, 4, 1, 6, 2, 6, 6, 2, 4, 4, 4, 5, 1, 2, 2, 1, 2, 6, 6, 3, 2, 1, 4, 6, 2, 6, 3, 2, 1, 4, 1, 4, 4, 4, 3, 5, 5, 3, 5, 5, 6, 3, 6, 2, 3, 2, 2, 6, 3, 1, 3, 3, 3, 1, 1, 2, 4, 1, 3, 5, 5, 5] [5, 1, 7, 4, 2, 3, 6, 3, 4, 6, 4, 8, 5, 6, 3, 4, 4, 5, 3, 4, 3, 8, 2, 8, 6, 2, 5, 6, 5, 7, 2, 2, 2, 2, 3, 6, 8, 3, 3, 3, 5, 7, 3, 6, 3, 4, 3, 4, 2, 6, 5, 5, 3, 5, 7, 3, 7, 5, 7, 4, 7, 4, 3, 4, 4, 6, 4, 1, 3, 5, 5, 2, 2, 4, 5, 2, 4, 7, 7, 7]
B_24 33.97 B 64 [2, 6, 1, 3, 3, 2, 5, 6, 2, 1, 3, 4, 3, 2, 6, 1, 4, 2, 5, 2, 2, 1, 4, 3, 1, 6, 1, 1, 3, 4, 2, 4, 4, 1, 2, 5, 4, 2, 5, 3, 5, 6, 1, 6, 3, 3, 1, 3, 4, 6, 6, 5, 3, 3, 1, 2, 1, 4, 1, 5, 5, 3, 1, 2, 3, 3, 6, 1, 6, 6, 4, 1, 4, 2, 2, 6, 2, 6, 5, 1] [4, 6, 1, 4, 5, 2, 5, 7, 2, 1, 5, 6, 4, 4, 8, 1, 4, 3, 5, 4, 2, 1, 5, 5, 3, 8, 3, 2, 5, 4, 3, 5, 4, 2, 4, 7, 4, 2, 5, 3, 5, 6, 3, 6, 3, 5, 2, 3, 4, 7, 6, 7, 4, 3, 3, 4, 3, 5, 2, 6, 5, 3, 2, 4, 5, 4, 6, 2, 8, 7, 6, 1, 6, 4, 4, 8, 2, 8, 7, 3]
B_25 38.67 B 65 [2, 1, 4, 6, 4, 3, 4, 4, 6, 3, 4, 3, 1, 6, 5, 4, 4, 3, 1, 2, 3, 2, 3, 6, 2, 4, 5, 6, 5, 1, 3, 2, 3, 3, 2, 1, 6, 2, 2, 3, 2, 6, 4, 3, 6, 5, 4, 1, 6, 3, 3, 5, 5, 6, 4, 6, 6, 1, 4, 5, 1, 2, 4, 6, 3, 6, 4, 5, 2, 6, 5, 5, 4, 1, 4, 6, 2, 1, 6, 1] [2, 3, 5, 8, 6, 4, 6, 5, 8, 5, 5, 3, 3, 6, 7, 5, 4, 3, 2, 3, 4, 2, 3, 8, 2, 6, 6, 7, 7, 1, 4, 2, 5, 4, 4, 2, 6, 2, 3, 3, 4, 6, 6, 4, 8, 5, 5, 3, 7, 4, 4, 5, 5, 6, 6, 6, 7, 1, 6, 5, 3, 4, 6, 6, 4, 8, 5, 5, 4, 7, 7, 7, 5, 3, 5, 8, 3, 1, 7, 2]
B_26 41.410000000000004 B 66 [1, 4, 1, 4, 1, 4, 3, 5, 1, 3, 5, 5, 3, 4, 4, 3, 3, 3, 2, 5, 3, 2, 5, 5, 4, 1, 2, 2, 6, 4, 2, 6, 3, 5, 1, 6, 1, 3, 5, 4, 2, 2, 1, 4, 3, 4, 4, 4, 1, 4, 2, 2, 2, 5, 2, 4, 6, 2, 6, 6, 2, 6, 5, 3, 6, 4, 6, 6, 5, 1, 3, 2, 6, 2, 3, 2, 1, 3, 6, 1] [1, 6, 2, 6, 1, 4, 5, 6, 1, 3, 7, 5, 4, 4, 4, 5, 3, 5, 2, 6, 5, 2, 5, 5, 5, 1, 3, 2, 6, 4, 2, 7, 5, 7, 3, 7, 3, 5, 6, 5, 2, 2, 3, 5, 3, 5, 4, 4, 1, 5, 4, 2, 4, 7, 3, 4, 8, 2, 8, 6, 4, 6, 5, 4, 6, 5, 6, 8, 6, 1, 5, 4, 7, 4, 5, 2, 1, 5, 7, 3]
B_27 42.410000000000004 B 67 [1, 2, 1, 3, 3, 6, 5, 3, 6, 5, 2, 2, 6, 4, 3, 3, 1, 1, 1, 5, 6, 1, 4, 4, 6, 6, 3, 5, 3, 2, 5, 3, 5, 4, 3, 5, 4, 5, 5, 2, 5, 5, 2, 4, 2, 5, 6, 4, 6, 3, 3, 1, 2, 5, 4, 3, 5, 2, 4, 5, 2, 2, 6, 1, 1, 5, 6, 5, 1, 5, 3, 4, 5, 3, 5, 4, 1, 2, 1, 6] [2, 2, 1, 4, 3, 7, 7, 5, 6, 7, 4, 2, 7, 5, 3, 3, 3, 2, 2, 6, 7, 2, 6, 5, 7, 8, 5, 6, 5, 4, 6, 5, 7, 6, 5, 6, 5, 6, 6, 2, 7, 7, 4, 4, 4, 5, 7, 5, 8, 4, 3, 2, 3, 5, 4, 5, 5, 4, 5, 6, 3, 2, 6, 1, 2, 5, 8, 7, 3, 6, 3, 5, 7, 5, 7, 5, 2, 4, 1, 6]
B_28 43.410000000000004 B 68 [6, 2, 6, 5, 3, 1, 2, 1, 3, 1, 3, 5, 2, 6, 4, 4, 1, 3, 4, 3, 1, 4, 1, 4, 2, 1, 3, 4, 3, 2, 5, 6, 5, 5, 6, 4, 2, 5, 2, 4, 6, 1, 4, 6, 1, 1, 2, 3, 5, 1, 2, 2, 3, 4, 5, 2, 3, 1, 1, 1, 3, 6, 4, 3, 6, 2, 5, 1, 6, 6, 1, 6, 5, 4, 3, 2, 3, 2, 1, 2] [6, 2, 7, 6, 5, 2, 4, 3, 3, 2, 5, 7, 2, 6, 5, 6, 3, 5, 4, 5, 3, 6, 3, 4, 2, 3, 5, 6, 5, 4, 5, 6, 5, 5, 7, 5, 4, 6, 3, 4, 8, 2, 5, 8, 1, 1, 4, 5, 7, 1, 2, 3, 3, 6, 6, 4, 4, 1, 2, 1, 3, 8, 5, 3, 8, 4, 6, 3, 6, 8, 1, 8, 7, 6, 5, 4, 5, 4, 2, 2]
B_29 44.410000000000004 B 69 [1, 6, 6, 4, 2, 4, 1, 1, 2, 2, 2, 2, 3, 5, 4, 3, 3, 2, 3, 2, 1, 5, 6, 6, 2, 6, 1, 4, 1, 5, 2, 3, 6, 3, 1, 6, 5, 2, 1, 4, 3, 4, 1, 5, 2, 5, 5, 6, 1, 2, 5, 4, 5, 3, 4, 3, 2, 3, 3, 4, 6, 2, 6, 3, 6, 6, 1, 5, 6, 2, 1, 5, 5, 6, 1, 4, 6, 4, 3, 3] [2, 8, 6, 6, 2, 6, 3, 1, 2, 3, 2, 4, 3, 6, 4, 4, 5, 4, 5, 2, 1, 6, 6, 7, 4, 7, 2, 6, 1, 5, 3, 5, 6, 3, 3, 6, 7, 2, 1, 4, 5, 6, 1, 7, 4, 5, 5, 7, 2, 4, 5, 5, 6, 5, 4, 4, 2, 4, 3, 5, 6, 3, 7, 5, 7, 7, 1, 6, 8, 3, 3, 7, 5, 7, 1, 6, 7, 5, 5, 3]
B_30 45.410000000000004 B 70 [2, 5, 2, 2, 2, 3, 4, 2, 4, 5, 5, 1, 5, 5, 3, 1, 3, 2, 6, 2, 2, 4, 6, 6, 4, 5, 6, 2, 5, 2, 5, 5, 2, 6, 1, 2, 1, 6, 5, 2, 6, 4, 6, 4, 2, 1, 6, 6, 5, 6, 4, 6, 4, 5, 3, 2, 2, 2, 1, 1, 2, 4, 2, 3, 4, 5, 3, 3, 1, 1, 5, 4, 5, 6, 6, 1, 1, 3, 3, 3] [3, 6, 4, 2, 3, 3, 4, 4, 6, 7, 6, 1, 5, 7, 3, 3, 3, 4, 6, 2, 4, 6, 7, 7, 6, 5, 6, 2, 7, 4, 5, 6, 2, 6, 2, 2, 3, 7, 6, 3, 8, 6, 8, 6, 4, 3, 8, 6, 7, 8, 4, 8, 5, 5, 4, 2, 4, 2, 1, 2, 2, 5, 3, 5, 6, 7, 5, 3, 1, 3, 6, 5, 5, 7, 6, 1, 1, 5, 5, 5]
B_31 46.410000000000004 B 71 [6, 5, 5, 6, 6, 1, 4, 5, 2, 6, 4, 2, 2, 1, 6, 4, 5, 3, 5, 4, 4, 1, 5, 5, 4, 1, 5, 4, 5, 6, 3, 5, 2, 4, 1, 6, 4, 4, 4, 5, 6, 5, 6, 1, 5, 3, 2, 6, 3, 1, 3, 3, 5, 5, 2, 2, 2, 4, 2, 2, 3, 5, 1, 1, 1, 5, 2, 4, 6, 5, 4, 2, 6, 4, 2, 1, 4, 1, 2, 2] [7, 6, 5, 8, 6, 1, 6, 5, 3, 8, 5, 2, 3, 2, 6, 6, 7, 4, 7, 5, 6, 3, 7, 6, 6, 3, 5, 4, 7, 7, 4, 6, 3, 5, 3, 7, 4, 4, 6, 6, 6, 7, 8, 1, 7, 4, 2, 8, 3, 2, 4, 3, 6, 5, 2, 2, 2, 4, 2, 4, 4, 6, 2, 2, 1, 7, 4, 5, 8, 7, 5, 4, 6, 5, 3, 2, 4, 2, 2, 4]
B_32 47.410000000000004 B 72 [6, 6, 1, 2, 5, 2, 3, 4, 4, 2, 3, 4, 5, 4, 4, 5, 2, 5, 5, 6, 4, 5, 5, 4, 2, 6, 2, 1, 5, 6, 6, 3, 3, 1, 6, 4, 2, 6, 3, 4, 6, 5, 6, 6, 3, 6, 5, 5, 3, 1, 2, 3, 6, 2, 6, 2, 5, 4, 4, 1, 1, 6, 3, 1, 4, 4, 6, 5, 5, 5, 5, 6, 6, 2, 6, 5, 1, 3, 6, 4] [6, 8, 1, 2, 7, 2, 5, 4, 4, 2, 5, 5, 5, 6, 5, 7, 4, 5, 6, 6, 4, 7, 7, 4, 4, 6, 4, 2, 5, 7, 8, 4, 4, 2, 6, 4, 3, 8, 4, 5, 8, 5, 7, 7, 5, 7, 7, 6, 5, 3, 3, 3, 8, 4, 6, 4, 5, 5, 6, 1, 3, 6, 5, 2, 6, 5, 7, 7, 7, 5, 5, 6, 6, 4, 8, 5, 2, 4, 7, 6]
B_33 48.410000000000004 B 73 [3, 4, 1, 5, 3, 1, 1, 3, 6, 6, 5, 4, 1, 2, 3, 3, 1, 3, 3, 3, 5, 6, 4, 6, 6, 2, 2, 5, 4, 3, 1, 3, 6, 5, 4, 4, 6, 1, 5, 2, 5, 1, 3, 5, 6, 1, 5, 3, 1, 2, 5, 6, 3, 5, 4, 3, 1, 3, 6, 4, 4, 5, 5, 2, 2, 1, 2, 3, 4, 6, 6, 4, 2, 3, 4, 5, 3, 2, 4, 2] [3, 6, 1, 5, 5, 2, 1, 3, 6, 7, 5, 4, 3, 3, 3, 5, 2, 4, 5, 3, 5, 8, 6, 6, 6, 2, 4, 7, 4, 3, 2, 3, 6, 7, 5, 6, 6, 3, 6, 4, 7, 3, 5, 7, 7, 3, 5, 3, 2, 3, 6, 8, 3, 7, 5, 3, 3, 4, 7, 6, 4, 7, 7, 4, 4, 3, 4, 5, 6, 7, 7, 5, 4, 5, 6, 7, 5, 4, 6, 3]
B_34 50.43000000000001 B 74 [1, 4, 6, 4, 6, 2, 4, 4, 3, 2, 4, 1, 6, 5, 3, 2, 5, 1, 1, 5, 5, 5, 2, 4, 3, 1, 4, 3, 1, 2, 4, 2, 6, 1, 1, 2, 6, 2, 5, 5, 6, 6, 5, 5, 1, 3, 3, 6, 6, 1, 4, 5, 5, 4, 3, 5, 6, 2, 1, 3, 1, 3, 1, 4, 2, 4, 3, 5, 3, 1, 6, 2, 6, 4, 3, 6, 2, 4, 5, 6] [2, 4, 7, 6, 8, 2, 6, 5, 3, 3, 6, 1, 6, 7, 5, 2, 7, 1, 1, 5, 7, 6, 4, 4, 4, 1, 4, 3, 2, 2, 5, 3, 7, 3, 3, 3, 7, 4, 7, 5, 7, 8, 5, 7, 1, 3, 4, 7, 8, 1, 4, 5, 6, 4, 3, 7, 7, 3, 3, 5, 2, 5, 2, 5, 4, 5, 5, 7, 5, 1, 6, 3, 8, 6, 3, 6, 4, 6, 6, 6]
B_35 51.43000000000001 B 75 [6, 6, 2, 5, 6, 2, 4, 3, 2, 5, 2, 4, 3, 1, 4, 6, 3, 6, 5, 4, 1, 1, 1, 3, 6, 3, 1, 4, 5, 1, 6, 4, 3, 5, 4, 6, 6, 2, 5, 5, 1, 5, 3, 3, 6, 4, 5, 1, 1, 1, 5, 4, 6, 2, 2, 6, 4, 3, 1, 1, 3, 1, 3, 1, 6, 6, 2, 4, 2, 4, 1, 1, 5, 5, 6, 6, 3, 2, 5, 4] [7, 6, 3, 7, 8, 4, 4, 5, 3, 6, 2, 6, 4, 3, 4, 7, 4, 8, 7, 6, 3, 1, 2, 4, 7, 3, 1, 4, 5, 2, 7, 5, 3, 6, 4, 6, 7, 2, 6, 6, 2, 7, 4, 4, 7, 5, 7, 2, 1, 1, 6, 5, 7, 2, 2, 7, 5, 4, 1, 2, 5, 1, 3, 2, 8, 8, 2, 5, 4, 6, 1, 2, 5, 7, 6, 7, 4, 2, 6, 4]
B_36 52.53000000000001 B 76 [3, 4, 2, 3, 3, 6, 1, 1, 3, 6, 3, 4, 4, 6, 1, 6, 4, 3, 5, 4, 4, 5, 4, 2, 5, 3, 6, 3, 1, 3, 4, 6, 3, 1, 3, 3, 1, 2, 1, 6, 3, 2, 4, 2, 2, 5, 6, 5, 1, 4, 6, 5, 5, 4, 1, 2, 2, 1, 4, 5, 2, 2, 4, 3, 2, 2, 1, 1, 3, 6, 1, 4, 1, 3, 2, 3, 1, 5, 5, 1] [4, 4, 3, 4, 3, 7, 1, 2, 3, 7, 4, 5, 6, 6, 3, 8, 4, 5, 7, 4, 4, 6, 4, 2, 7, 5, 8, 5, 3, 3, 5, 8, 3, 1, 5, 5, 1, 2, 1, 7, 3, 4, 6, 2, 3, 6, 8, 7, 3, 6, 6, 7, 7, 6, 1, 2, 4, 3, 6, 6, 2, 3, 6, 4, 2, 3, 1, 2, 5, 7, 1, 4, 2, 5, 4, 4, 1, 6, 6, 1]
B_37 53.53000000000001 B 77 [1, 5, 3, 6, 1, 2, 1, 4, 4, 4, 2, 4, 1, 5, 5, 2, 1, 3, 3, 2, 1, 3, 1, 6, 6, 4, 3, 2, 6, 5, 1, 4, 3, 1, 3, 4, 6, 4, 1, 5, 1, 4, 3, 1, 4, 4, 1, 4, 2, 6, 3, 1, 2, 3, 4, 1, 2, 2, 3, 2, 1, 6, 1, 5, 6, 1, 3, 2, 2, 4, 3, 1, 3, 2, 4, 2, 5, 1, 2, 1] [1, 5, 3, 7, 2, 2, 2, 6, 6, 6, 2, 6, 3, 7, 5, 2, 1, 5, 4, 2, 2, 3, 1, 7, 6, 6, 5, 2, 8, 7, 1, 4, 5, 3, 3, 5, 7, 4, 3, 7, 2, 5, 4, 2, 6, 6, 1, 6, 3, 6, 5, 2, 2, 5, 4, 1, 4, 3, 3, 4, 1, 8, 1, 7, 8, 1, 5, 4, 4, 5, 5, 2, 4, 4, 6, 2, 6, 2, 3, 2]
B_38 54.53000000000001 B 78 [4, 3, 2, 2, 1, 3, 4, 1, 2, 1, 2, 5, 4, 1, 4, 6, 6, 1, 6, 5, 1, 1, 2, 3, 2, 1, 2, 5, 1, 1, 5, 2, 1, 6, 2, 4, 4, 5, 4, 6, 6, 6, 2, 4, 2, 1, 4, 5, 5, 5, 4, 3, 1, 6, 5, 2, 3, 2, 3, 3, 5, 5, 3, 5, 5, 6, 6, 1, 1, 3, 3, 2, 6, 4, 5, 5, 5, 2, 4, 6] [4, 5, 4, 3, 2, 4, 5, 2, 2, 3, 4, 7, 4, 2, 5, 7, 6, 1, 7, 6, 3, 1, 2, 3, 4, 1, 2, 6, 2, 3, 6, 3, 2, 7, 2, 6, 5, 5, 4, 6, 8, 6, 4, 5, 2, 2, 4, 6, 7, 5, 6, 4, 1, 7, 6, 4, 4, 4, 3, 5, 6, 6, 5, 7, 7, 7, 7, 1, 2, 5, 5, 2, 7, 6, 6, 6, 6, 3, 5, 6]
B_39 55.53000000000001 B 79 [6, 4, 6, 4, 6, 4, 6, 1, 5, 4, 4, 3, 6, 5, 1, 1, 5, 5, 5, 2, 1, 3, 5, 4, 1, 2, 3, 5, 5, 5, 1, 3, 2, 6, 3, 6, 5, 4, 2, 4, 6, 5, 5, 1, 4, 1, 3, 4, 1, 3, 2, 4, 6, 5, 3, 2, 5, 4, 1, 5, 1, 3, 2, 5, 1, 1, 1, 6, 2, 3, 3, 2, 4, 2, 6, 4, 1, 1, 6, 2] [6, 6, 7, 5, 7, 6, 6, 2, 7, 5, 6, 5, 8, 5, 3, 2, 5, 7, 6, 4, 3, 4, 6, 5, 1, 4, 4, 5, 5, 5, 2, 3, 3, 7, 4, 8, 5, 4, 2, 4, 7, 5, 5, 2, 4, 1, 5, 4, 1, 4, 3, 4, 7, 5, 5, 2, 6, 6, 3, 7, 2, 3, 4, 7, 3, 2, 3, 6, 2, 3, 5, 4, 6, 3, 6, 4, 1, 2, 6, 2]
