A_0 2.01 A 0 [3, 4, 5, 3, 6, 2, 3, 6, 1, 1, 2, 5, 3, 4, 2, 1, 4, 2, 4, 5, 6, 6, 5, 1, 6, 2, 3, 1, 4, 3, 3, 5, 3, 2, 4, 3, 3, 3, 1, 3, 2, 2, 1, 3, 6, 3, 6, 4, 2, 4, 1, 2, 5, 6, 1, 4, 2, 2, 5, 2, 1, 2, 1, 2, 6, 5, 1, 4, 6, 6, 6, 4, 1, 4, 2, 3, 6, 2, 1, 5] [4, 4, 7, 5, 7, 3, 5, 6, 1, 1, 4, 6, 5, 6, 2, 3, 5, 3, 5, 6, 8, 8, 5, 1, 6, 2, 4, 3, 5, 3, 5, 7, 4, 4, 4, 3, 4, 5, 1, 4, 2, 4, 3, 3, 8, 4, 8, 4, 3, 4, 1, 3, 6, 8, 2, 4, 2, 3, 5, 2, 2, 2, 2, 3, 6, 6, 3, 5, 6, 6, 7, 6, 2, 6, 2, 3, 7, 3, 3, 7]
A_1 3.33 A 1 [4, 5, 4, 3, 5, 4, 3, 3, 4, 1, 6, 1, 6, 4, 5, 6, 6, 5, 2, 6, 5, 1, 6, 4, 6, 1, 4, 2, 3, 4, 1, 4, 2, 3, 2, 3, 4, 5, 6, 3, 1, 6, 1, 2, 2, 4, 3, 6, 6, 1, 4, 2, 6, 1, 4, 3, 3, 4, 2, 4, 2, 4, 6, 1, 2, 3, 4, 3, 3, 1, 1, 4, 4, 3, 4, 5, 1, 2, 3, 1] [4, 6, 5, 5, 6, 5, 4, 5, 5, 3, 7, 1, 7, 5, 6, 6, 7, 5, 3, 6, 7, 3, 8, 6, 7, 1, 4, 2, 5, 6, 3, 5, 2, 3, 3, 5, 4, 6, 6, 3, 1, 6, 3, 4, 2, 4, 3, 6, 6, 3, 4, 4, 6, 1, 5, 3, 3, 4, 3, 6, 3, 6, 8, 3, 2, 3, 6, 5, 4, 1, 2, 6, 5, 5, 6, 5, 3, 2, 4, 1]
A_2 4.33 A 2 [5, 4, 3, 1, 6, 5, 6, 4, 6, 6, 6, 5, 6, 3, 1, 2, 5, 3, 5, 1, 4, 5, 5, 3, 4, 4, 1, 2, 5, 2, 5, 5, 1, 4, 5, 3, 3, 1, 2, 3, 2, 3, 5, 3, 3, 4, 4, 1, 3, 2, 3, 3, 3, 1, 4, 5, 3, 2, 5, 5, 3, 6, 2, 5, 1, 4, 1, 2, 1, 3, 1, 5, 1, 5, 3, 3, 1, 6, 3, 2] [7, 5, 5, 1, 8, 6, 8, 5, 7, 6, 7, 6, 8, 3, 3, 3, 6, 5, 7, 2, 6, 5, 7, 4, 6, 5, 2, 3, 6, 4, 7, 6, 3, 6, 5, 3, 5, 3, 4, 5, 3, 4, 5, 3, 4, 6, 6, 1, 5, 3, 5, 3, 4, 3, 5, 5, 3, 3, 7, 7, 3, 8, 2, 5, 3, 5, 2, 4, 3, 3, 3, 7, 1, 7, 3, 3, 3, 8, 3, 4]
A_3 6.8100000000000005 A 3 [3, 3, 1, 1, 1, 5, 6, 6, 3, 2, 3, 5, 2, 3, 2, 2, 5, 1, 1, 4, 4, 1, 2, 2, 4, 1, 1, 3, 4, 6, 3, 1, 4, 5, 4, 1, 2, 3, 6, 5, 2, 1, 4, 4, 3, 5, 4, 2, 3, 5, 6, 1, 5, 2, 6, 3, 4, 1, 2, 5, 2, 3, 3, 5, 4, 3, 6, 2, 3, 5, 6, 6, 1, 4, 2, 1, 3, 5, 2, 1] [5, 5, 1, 1, 3, 6, 6, 7, 4, 4, 4, 5, 3, 3, 4, 4, 7, 1, 2, 6, 5, 3, 4, 4, 4, 1, 2, 3, 6, 8, 4, 3, 5, 7, 5, 1, 3, 5, 7, 5, 2, 1, 6, 6, 4, 6, 5, 4, 3, 5, 6, 1, 6, 3, 6, 3, 4, 1, 3, 5, 3, 5, 4, 7, 4, 5, 7, 4, 5, 7, 7, 6, 2, 5, 3, 3, 5, 6, 3, 2]
A_4 7.8100000000000005 A 4 [6, 5, 6, 1, 1, 2, 6, 2, 4, 4, 3, 6, 2, 1, 6, 4, 1, 4, 2, 4, 4, 1, 3, 3, 3, 4, 5, 5, 5, 1, 4, 1, 4, 1, 1, 1, 5, 6, 2, 4, 4, 5, 1, 5, 1, 4, 2, 6, 6, 3, 3, 6, 1, 3, 5, 6, 1, 5, 2, 6, 4, 6, 1, 5, 1, 3, 4, 1, 3, 4, 6, 4, 3, 3, 6, 6, 3, 6, 2, 1] [7, 6, 8, 3, 1, 2, 7, 4, 4, 5, 5, 7, 3, 3, 7, 6, 1, 4, 4, 5, 5, 1, 4, 5, 5, 4, 7, 5, 6, 2, 4, 2, 6, 2, 2, 2, 6, 8, 4, 4, 5, 6, 3, 5, 3, 6, 3, 7, 8, 3, 3, 8, 1, 3, 5, 8, 2, 6, 2, 8, 4, 6, 2, 5, 2, 3, 6, 2, 3, 5, 8, 5, 5, 3, 7, 6, 4, 7, 3, 3]
A_5 8.81 A 5 [2, 4, 5, 5, 2, 5, 6, 5, 2, 2, 3, 2, 4, 1, 3, 2, 5, 2, 1, 1, 2, 5, 2, 3, 5, 6, 6, 2, 1, 2, 5, 5, 6, 6, 4, 3, 1, 6, 1, 2, 4, 6, 5, 1, 2, 1, 2, 1, 3, 1, 6, 4, 1, 5, 4, 2, 6, 1, 2, 2, 2, 2, 3, 5, 6, 1, 4, 6, 6, 1, 3, 3, 1, 5, 2, 2, 4, 6, 6, 1] [3, 5, 6, 6, 2, 7, 6, 7, 2, 3, 5, 4, 5, 2, 5, 2, 7, 3, 3, 2, 3, 7, 4, 4, 5, 8, 6, 2, 3, 4, 5, 6, 7, 6, 5, 4, 3, 7, 2, 3, 4, 8, 6, 1, 3, 1, 4, 1, 4, 3, 8, 6, 1, 5, 6, 2, 8, 1, 2, 4, 4, 3, 3, 6, 7, 1, 4, 8, 7, 2, 5, 5, 2, 6, 2, 2, 5, 7, 7, 3]
A_6 9.81 A 6 [3, 3, 6, 6, 6, 6, 4, 5, 5, 1, 5, 3, 1, 4, 2, 6, 6, 1, 2, 2, 5, 3, 3, 5, 2, 5, 1, 1, 1, 6, 5, 4, 2, 1, 2, 5, 5, 5, 3, 6, 3, 4, 6, 2, 6, 5, 4, 1, 2, 3, 3, 3, 4, 6, 1, 1, 1, 2, 1, 5, 2, 2, 3, 6, 3, 6, 5, 4, 4, 6, 6, 2, 4, 1, 1, 5, 6, 4, 3, 6] [5, 4, 8, 6, 7, 6, 4, 5, 6, 3, 6, 5, 2, 6, 3, 6, 8, 1, 2, 3, 5, 4, 5, 7, 4, 5, 2, 2, 1, 7, 5, 5, 4, 3, 2, 7, 5, 6, 4, 6, 5, 5, 7, 3, 8, 6, 5, 2, 3, 3, 4, 3, 6, 8, 1, 3, 1, 3, 2, 6, 3, 3, 3, 8, 4, 7, 5, 5, 6, 7, 8, 2, 5, 3, 3, 7, 6, 5, 5, 8]
A_7 11.190000000000001 A 7 [6, 3, 4, 6, 2, 5, 5, 5, 6, 4, 6, 1, 5, 4, 3, 5, 2, 4, 4, 1, 6, 6, 6, 5, 5, 2, 1, 1, 1, 3, 1, 3, 5, 2, 5, 4, 3, 6, 3, 4, 1, 3, 2, 4, 4, 1, 2, 3, 5, 4, 3, 3, 2, 6, 4, 4, 3, 6, 2, 3, 4, 1, 5, 1, 3, 1, 2, 1, 6, 4, 3, 5, 5, 3, 1, 6, 5, 2, 6, 5] [6, 5, 5, 7, 4, 7, 5, 7, 7, 5, 8, 1, 5, 6, 3, 6, 2, 5, 5, 1, 8, 8, 7, 6, 7, 4, 2, 1, 2, 5, 3, 4, 7, 4, 7, 5, 3, 7, 5, 5, 1, 4, 3, 5, 6, 1, 4, 3, 7, 6, 3, 3, 4, 8, 5, 6, 3, 8, 2, 4, 4, 2, 6, 1, 5, 3, 2, 2, 8, 6, 4, 7, 5, 4, 3, 8, 6, 3, 8, 5]
A_8 12.190000000000001 A 8 [1, 4, 6, 3, 4, 2, 5, 6, 3, 3, 3, 6, 2, 6, 1, 6, 5, 6, 5, 4, 6, 5, 1, 1, 5, 2, 3, 4, 4, 4, 1, 4, 5, 3, 2, 5, 2, 5, 1, 1, 6, 3, 6, 6, 4, 2, 6, 6, 6, 4, 5, 3, 2, 3, 1, 5, 5, 2, 2, 3, 1, 1, 4, 1, 2, 6, 6, 5, 4, 4, 1, 4, 2, 6, 5, 5, 1, 4, 4, 4] [1, 5, 7, 4, 4, 2, 6, 7, 4, 4, 3, 8, 2, 6, 1, 8, 5, 8, 7, 6, 6, 7, 1, 2, 7, 2, 5, 5, 6, 4, 2, 6, 5, 5, 2, 5, 4, 5, 2, 2, 6, 5, 8, 7, 6, 4, 8, 7, 6, 4, 5, 5, 3, 5, 2, 5, 5, 3, 4, 4, 2, 2, 5, 1, 3, 8, 6, 5, 5, 4, 1, 6, 2, 8, 6, 5, 1, 6, 5, 4]
A_9 13.200000000000001 A 9 [1, 1, 6, 2, 4, 2, 1, 4, 3, 1, 6, 5, 4, 3, 3, 2, 2, 4, 5, 5, 6, 1, 5, 2, 3, 5, 6, 5, 2, 6, 3, 2, 5, 2, 2, 4, 5, 6, 5, 2, 6, 1, 2, 4, 3, 4, 5, 2, 3, 1, 5, 2, 1, 5, 1, 1, 6, 4, 2, 1, 6, 3, 3, 4, 4, 3, 4, 5, 6, 4, 3, 3, 1, 1, 5, 5, 1, 4, 6, 5] [1, 3, 6, 4, 5, 3, 3, 5, 4, 2, 8, 7, 6, 5, 5, 4, 3, 4, 5, 7, 6, 1, 6, 3, 5, 6, 6, 7, 2, 8, 3, 4, 5, 3, 2, 5, 6, 6, 7, 2, 7, 2, 2, 4, 5, 4, 6, 4, 4, 2, 5, 4, 2, 7, 2, 2, 7, 5, 4, 3, 8, 3, 4, 5, 6, 3, 6, 7, 6, 4, 5, 3, 3, 3, 6, 6, 3, 4, 6, 7]
A_10 14.200000000000001 A 10 [2, 6, 6, 3, 3, 3, 5, 6, 3, 6, 2, 5, 1, 4, 3, 5, 1, 6, 5, 3, 4, 4, 4, 1, 2, 4, 2, 5, 2, 2, 3, 2, 5, 5, 4, 4, 5, 5, 6, 2, 3, 1, 2, 5, 2, 6, 3, 4, 5, 1, 6, 2, 5, 3, 2, 5, 3, 2, 1, 4, 2, 2, 3, 5, 3, 4, 5, 3, 3, 6, 2, 1, 3, 4, 5, 4, 4, 6, 5, 6] [4, 7, 7, 4, 5, 5, 6, 8, 3, 8, 3, 5, 3, 5, 5, 7, 3, 8, 5, 4, 6, 5, 5, 2, 2, 4, 3, 6, 2, 4, 5, 2, 5, 5, 6, 6, 6, 6, 6, 3, 3, 3, 2, 5, 3, 7, 4, 6, 5, 1, 7, 3, 7, 4, 4, 7, 3, 2, 2, 6, 3, 3, 4, 7, 3, 5, 6, 5, 3, 6, 2, 2, 4, 6, 7, 4, 4, 6, 7, 6]
A_11 15.200000000000001 A 11 [5, 1, 5, 5, 6, 2, 3, 1, 6, 5, 5, 4, 2, 1, 3, 5, 3, 1, 5, 4, 6, 6, 5, 1, 2, 1, 2, 1, 2, 6, 5, 1, 2, 4, 1, 6, 4, 1, 2, 5, 5, 6, 3, 3, 6, 6, 3, 2, 1, 2, 4, 5, 3, 1, 3, 1, 5, 5, 2, 4, 4, 3, 5, 3, 4, 2, 3, 1, 4, 5, 1, 5, 1, 3, 3, 5, 1, 6, 1, 3] [6, 1, 6, 5, 7, 4, 5, 1, 8, 7, 5, 4, 3, 3, 3, 6, 4, 2, 6, 5, 7, 8, 5, 3, 3, 2, 4, 3, 3, 6, 5, 3, 2, 4, 1, 6, 5, 2, 3, 7, 7, 8, 3, 3, 6, 8, 5, 2, 2, 4, 6, 6, 3, 1, 4, 3, 5, 5, 3, 6, 5, 5, 5, 4, 5, 2, 4, 3, 6, 5, 3, 5, 2, 4, 3, 5, 1, 7, 2, 5]
A_12 16.200000000000003 A 12 [3, 6, 6, 2, 2, 4, 1, 5, 2, 4, 1, 2, 4, 5, 4, 3, 4, 2, 4, 4, 4, 4, 1, 2, 2, 4, 4, 1, 2, 5, 5, 4, 4, 6, 2, 4, 2, 2, 1, 6, 2, 2, 1, 5, 6, 6, 2, 4, 2, 5, 2, 3, 2, 6, 2, 6, 3, 2, 1, 6, 3, 3, 1, 1, 4, 6, 5, 3, 4, 3, 1, 4, 3, 4, 1, 4, 3, 2, 5, 5] [5, 7, 8, 3, 3, 5, 2, 5, 2, 6, 3, 3, 5, 5, 5, 5, 5, 2, 5, 5, 4, 6, 2, 3, 4, 4, 5, 2, 2, 7, 5, 6, 4, 8, 3, 5, 3, 4, 3, 7, 2, 4, 3, 7, 6, 8, 3, 4, 2, 7, 4, 4, 2, 7, 2, 7, 3, 2, 3, 8, 5, 4, 3, 2, 5, 6, 7, 4, 6, 3, 2, 5, 5, 4, 2, 5, 3, 3, 6, 6]
A_13 17.26 A 13 [4, 4, 3, 3, 1, 1, 4, 4, 6, 3, 4, 1, 5, 3, 6, 6, 6, 2, 3, 2, 5, 1, 1, 5, 6, 4, 2, 6, 4, 4, 6, 5, 1, 4, 3, 6, 4, 5, 4, 1, 6, 5, 6, 2, 3, 2, 3, 4, 1, 3, 6, 2, 3, 2, 6, 6, 1, 2, 2, 1, 4, 5, 1, 4, 1, 6, 4, 3, 3, 5, 1, 1, 1, 6, 1, 1, 1, 3, 5, 1] [6, 5, 3, 3, 3, 2, 6, 6, 6, 5, 5, 3, 5, 5, 8, 7, 8, 3, 5, 4, 6, 1, 3, 6, 8, 6, 4, 8, 5, 6, 7, 5, 3, 4, 5, 6, 4, 6, 6, 3, 7, 7, 8, 4, 3, 2, 4, 5, 1, 5, 6, 2, 4, 4, 6, 8, 2, 4, 4, 1, 6, 5, 2, 5, 1, 8, 4, 5, 5, 5, 2, 1, 1, 8, 2, 1, 3, 4, 6, 2]
A_14 18.26 A 14 [2, 5, 1, 2, 6, 3, 2, 3, 1, 3, 3, 3, 4, 6, 3, 6, 2, 3, 1, 3, 1, 2, 4, 2, 6, 4, 3, 2, 3, 6, 2, 6, 1, 4, 5, 3, 1, 5, 6, 2, 6, 1, 5, 2, 4, 4, 5, 4, 5, 1, 5, 6, 3, 3, 2, 5, 4, 2, 1, 5, 3, 6, 1, 3, 2, 1, 5, 2, 5, 1, 6, 3, 3, 2, 6, 4, 3, 2, 3, 1] [2, 6, 3, 4, 7, 5, 3, 3, 1, 5, 5, 3, 5, 8, 5, 6, 4, 5, 1, 3, 3, 3, 6, 4, 7, 4, 4, 2, 5, 7, 2, 7, 3, 6, 5, 4, 1, 6, 6, 2, 7, 3, 5, 2, 4, 6, 5, 6, 5, 1, 7, 6, 3, 3, 3, 6, 4, 4, 3, 6, 3, 7, 3, 4, 4, 3, 7, 3, 5, 1, 8, 3, 5, 3, 6, 6, 4, 2, 5, 1]
A_15 19.26 A 15 [1, 6, 2, 2, 4, 2, 6, 5, 6, 2, 5, 5, 3, 6, 6, 2, 1, 5, 3, 4, 5, 2, 6, 3, 4, 1, 5, 2, 3, 6, 2, 6, 3, 3, 3, 6, 3, 1, 3, 2, 5, 5, 2, 3, 4, 3, 1, 2, 2, 2, 3, 2, 1, 4, 6, 6, 3, 6, 4, 2, 4, 2, 4, 5, 2, 5, 2, 2, 4, 6, 6, 2, 4, 4, 4, 4, 1, 2, 4, 3] [3, 6, 3, 4, 6, 2, 6, 6, 8, 4, 7, 6, 5, 7, 6, 4, 3, 5, 4, 5, 7, 2, 8, 3, 5, 1, 7, 3, 5, 6, 2, 6, 4, 5, 3, 7, 4, 3, 4, 2, 6, 5, 2, 4, 4, 4, 2, 4, 2, 2, 4, 4, 3, 6, 6, 7, 4, 6, 4, 4, 5, 4, 5, 5, 3, 5, 4, 2, 6, 8, 6, 3, 6, 5, 6, 4, 1, 2, 6, 3]
A_16 22.590000000000003 A 16 [4, 6, 5, 5, 1, 5, 6, 2, 5, 2, 1, 3, 4, 6, 2, 1, 4, 5, 6, 3, 1, 1, 4, 2, 1, 4, 1, 1, 2, 3, 2, 5, 1, 2, 2, 4, 3, 3, 2, 4, 5, 3, 5, 2, 6, 5, 2, 2, 5, 5, 1, 6, 5, 2, 4, 1, 4, 6, 5, 1, 1, 3, 6, 1, 5, 5, 1, 2, 4, 1, 1, 3, 5, 3, 6, 5, 2, 1, 1, 1] [5, 7, 6, 7, 1, 7, 8, 2, 5, 3, 3, 4, 5, 8, 4, 3, 4, 6, 6, 3, 1, 3, 5, 4, 1, 6, 2, 3, 4, 3, 4, 7, 1, 3, 2, 6, 4, 3, 3, 4, 7, 5, 5, 2, 8, 6, 3, 4, 5, 5, 3, 6, 6, 4, 5, 1, 4, 6, 5, 3, 1, 3, 6, 1, 7, 7, 2, 4, 6, 3, 1, 5, 7, 4, 8, 6, 3, 3, 1, 1]
A_17 23.710000000000004 A 17 [2, 5, 3, 1, 4, 2, 1, 4, 6, 4, 6, 1, 2, 2, 3, 5, 5, 1, 6, 5, 5, 3, 3, 5, 2, 1, 6, 1, 5, 4, 4, 1, 2, 3, 6, 6, 6, 4, 3, 1, 2, 5, 4, 5, 1, 4, 2, 1, 1, 5, 2, 2, 3, 5, 4, 4, 4, 5, 5, 6, 5, 6, 5, 2, 4, 2, 1, 1, 3, 2, 2, 1, 5, 5, 1, 2, 6, 1, 5, 3] [3, 5, 5, 1, 4, 3, 1, 5, 8, 4, 8, 2, 2, 3, 5, 5, 6, 1, 6, 6, 6, 4, 4, 7, 2, 1, 6, 3, 5, 4, 5, 2, 3, 4, 7, 7, 8, 6, 4, 1, 3, 5, 6, 7, 1, 6, 4, 2, 1, 6, 4, 4, 5, 5, 6, 6, 6, 5, 7, 8, 7, 7, 6, 4, 4, 3, 2, 2, 5, 4, 2, 2, 5, 5, 1, 2, 8, 2, 6, 3]
A_18 24.710000000000004 A 18 [4, 2, 5, 1, 2, 1, 2, 4, 5, 5, 5, 5, 4, 3, 1, 3, 6, 6, 6, 4, 4, 4, 3, 6, 1, 3, 1, 1, 1, 6, 2, 4, 2, 4, 1, 4, 2, 1, 1, 5, 4, 6, 1, 2, 2, 6, 3, 3, 1, 2, 5, 2, 2, 1, 5, 2, 3, 3, 1, 2, 1, 3, 6, 6, 6, 1, 3, 2, 1, 2, 3, 3, 4, 6, 3, 2, 4, 6, 4, 5] [5, 3, 7, 2, 4, 3, 2, 5, 7, 5, 5, 6, 5, 5, 1, 4, 6, 6, 8, 4, 4, 5, 5, 7, 3, 4, 1, 2, 1, 8, 3, 4, 2, 4, 2, 6, 4, 2, 3, 7, 5, 7, 2, 2, 3, 6, 4, 4, 3, 3, 6, 4, 3, 2, 7, 3, 4, 5, 2, 4, 1, 5, 8, 8, 6, 2, 4, 3, 1, 2, 4, 3, 4, 7, 5, 3, 5, 8, 4, 5]
A_19 25.720000000000006 A 19 [5, 6, 1, 4, 4, 1, 2, 1, 4, 5, 3, 4, 4, 2, 3, 4, 3, 5, 4, 1, 6, 1, 6, 4, 4, 5, 6, 4, 6, 3, 5, 5, 2, 5, 1, 1, 3, 1, 3, 3, 6, 2, 6, 1, 4, 3, 2, 4, 3, 5, 2, 3, 1, 1, 1, 5, 1, 5, 5, 5, 5, 1, 4, 1, 3, 2, 4, 1, 6, 2, 6, 4, 1, 6, 3, 4, 6, 4, 6, 1] [6, 6, 2, 6, 5, 2, 3, 1, 6, 7, 4, 5, 5, 4, 3, 5, 3, 6, 4, 3, 6, 2, 8, 4, 6, 6, 7, 5, 8, 3, 7, 6, 2, 6, 3, 1, 3, 2, 5, 5, 6, 2, 7, 2, 5, 3, 4, 5, 4, 5, 4, 5, 2, 2, 2, 5, 3, 6, 5, 7, 6, 2, 5, 3, 4, 3, 5, 2, 7, 3, 6, 6, 1, 6, 5, 5, 6, 5, 7, 1]
A_20 27.340000000000007 A 20 [6, 5, 4, 4, 4, 2, 5, 6, 6, 6, 4, 6, 4, 5, 1, 5, 1, 5, 4, 6, 4, 4, 6, 5, 3, 4, 1, 5, 1, 4, 2, 3, 5, 4, 5, 1, 1, 1, 4, 3, 1, 4, 4, 5, 3, 6, 6, 1, 6, 1, 6, 5, 6, 6, 1, 5, 4, 4, 6, 5, 1, 6, 5, 5, 4, 6, 6, 6, 4, 3, 2, 1, 6, 4, 6, 3, 5, 1, 6, 5] [8, 7, 6, 5, 5, 3, 5, 8, 6, 6, 6, 7, 4, 6, 3, 7, 1, 6, 4, 6, 5, 6, 8, 5, 4, 4, 1, 6, 2, 5, 2, 5, 5, 4, 5, 2, 2, 3, 6, 4, 3, 6, 4, 7, 3, 8, 7, 1, 7, 2, 8, 6, 6, 6, 3, 6, 6, 5, 6, 5, 1, 6, 5, 5, 6, 7, 7, 7, 6, 5, 4, 1, 8, 5, 7, 4, 6, 1, 6, 7]
A_21 28.910000000000007 A 21 [6, 1, 5, 1, 1, 5, 3, 6, 5, 1, 4, 6, 4, 1, 2, 2, 1, 3, 4, 1, 4, 3, 3, 1, 6, 6, 4, 4, 4, 1, 4, 4, 4, 1, 2, 2, 1, 5, 2, 5, 6, 2, 5, 5, 6, 2, 5, 1, 6, 4, 6, 4, 1, 2, 1, 4, 3, 6, 3, 3, 2, 2, 3, 4, 1, 1, 1, 3, 3, 5, 3, 6, 2, 5, 2, 1, 5, 1, 6, 4] [8, 3, 5, 3, 1, 7, 4, 8, 7, 1, 5, 8, 6, 1, 3, 2, 3, 4, 5, 2, 6, 5, 5, 1, 6, 6, 5, 4, 5, 1, 5, 4, 6, 1, 4, 3, 3, 5, 3, 6, 7, 3, 6, 7, 6, 4, 5, 1, 8, 5, 8, 4, 2, 3, 2, 4, 5, 7, 4, 5, 4, 4, 3, 4, 3, 2, 1, 3, 4, 5, 4, 6, 3, 6, 3, 3, 6, 2, 6, 6]
A_22 32.56000000000001 A 22 [5, 6, 5, 2, 3, 2, 3, 6, 1, 5, 4, 5, 1, 1, 4, 6, 4, 3, 3, 6, 6, 3, 6, 5, 6, 3, 1, 6, 6, 6, 4, 4, 1, 1, 2, 3, 4, 6, 2, 5, 6, 5, 3, 6, 3, 4, 1, 2, 6, 1, 2, 1, 1, 6, 5, 2, 4, 5, 2, 1, 2, 6, 2, 6, 4, 4, 1, 6, 4, 6, 4, 1, 4, 2, 1, 5, 4, 3, 6, 5] [5, 8, 7, 4, 4, 4, 5, 7, 1, 6, 5, 5, 2, 3, 6, 8, 5, 4, 5, 8, 8, 5, 6, 6, 8, 3, 2, 8, 8, 6, 4, 4, 2, 2, 3, 4, 5, 6, 3, 7, 6, 7, 5, 6, 3, 6, 3, 3, 8, 2, 4, 1, 1, 7, 7, 2, 4, 5, 4, 3, 2, 7, 2, 7, 6, 5, 3, 8, 5, 8, 5, 3, 4, 2, 3, 5, 6, 5, 7, 5]
A_23 33.56000000000001 A 23 [1, 4, 3, 2, 3, 3, 5, 5, 1, 2, 1, 1, 2, 5, 2, 3, 2, 5, 6, 4, 5, 1, 5, 4, 4, 1, 4, 1, 6, 5, 3, 2, 1, 6, 1, 2, 6, 5, 1, 6, 3, 1, 1, 6, 4, 4, 1, 3, 1, 1, 6, 2, 5, 1, 5, 5, 3, 2, 3, 2, 5, 4, 2, 4, 4, 2, 6, 1, 3, 4, 1, 4, 6, 6, 6, 6, 2, 6, 3, 5] [1, 6, 4, 4, 5, 4, 7, 6, 2, 3, 2, 3, 3, 6, 4, 3, 4, 7, 7, 4, 5, 1, 6, 6, 6, 3, 4, 3, 7, 7, 5, 4, 1, 6, 3, 2, 7, 7, 3, 7, 5, 3, 2, 7, 5, 6, 1, 3, 1, 3, 8, 3, 6, 3, 5, 5, 5, 2, 4, 3, 6, 5, 4, 4, 5, 2, 8, 3, 3, 5, 3, 5, 7, 6, 7, 8, 3, 7, 4, 6]
A_24 34.56000000000001 A 24 [6, 6, 4, 4, 3, 5, 2, 5, 5, 3, 2, 2, 2, 6, 6, 4, 1, 2, 1, 4, 3, 6, 6, 4, 4, 6, 4, 1, 6, 1, 4, 5, 3, 4, 2, 4, 4, 6, 2, 6, 2, 5, 2, 4, 5, 1, 6, 3, 1, 5, 3, 1, 4, 4, 5, 3, 6, 5, 2, 6, 3, 4, 6, 2, 6, 5, 2, 1, 1, 6, 2, 6, 6, 2, 5, 2, 6, 6, 5, 6] [6, 7, 6, 4, 5, 5, 4, 7, 7, 5, 2, 3, 4, 8, 7, 5, 1, 2, 3, 6, 4, 6, 8, 6, 5, 7, 5, 1, 8, 2, 5, 6, 3, 4, 2, 5, 4, 8, 4, 6, 2, 7, 2, 6, 5, 1, 6, 5, 1, 7, 3, 1, 6, 5, 7, 5, 6, 6, 4, 7, 5, 6, 8, 4, 7, 6, 2, 2, 1, 8, 3, 7, 6, 4, 5, 2, 7, 7, 7, 7]
A_25 35.56000000000001 A 25 [2, 1, 4, 1, 4, 6, 5, 2, 2, 5, 4, 1, 4, 4, 4, 1, 4, 1, 3, 5, 4, 6, 3, 1, 6, 1, 2, 6, 5, 6, 3, 4, 4, 5, 6, 1, 3, 6, 2, 1, 1, 4, 6, 3, 6, 3, 1, 6, 3, 2, 3, 5, 6, 1, 4, 6, 2, 5, 1, 2, 5, 4, 5, 5, 1, 5, 6, 2, 1, 2, 3, 2, 2, 3, 1, 6, 6, 4, 2, 3] [2, 1, 5, 1, 4, 8, 5, 4, 2, 6, 4, 2, 4, 6, 4, 1, 6, 1, 4, 6, 4, 6, 3, 3, 7, 2, 4, 6, 6, 8, 3, 6, 4, 6, 8, 2, 4, 6, 3, 1, 2, 4, 8, 4, 6, 3, 2, 8, 5, 4, 4, 7, 7, 3, 5, 6, 3, 5, 1, 3, 7, 5, 7, 5, 1, 6, 7, 2, 3, 2, 4, 4, 3, 3, 1, 6, 6, 5, 2, 5]
A_26 37.01000000000001 A 26 [3, 4, 1, 1, 5, 6, 1, 1, 3, 6, 2, 2, 4, 2, 3, 5, 1, 6, 1, 6, 1, 4, 1, 4, 4, 2, 1, 1, 5, 4, 4, 5, 3, 6, 2, 1, 6, 3, 5, 1, 3, 6, 5, 3, 2, 6, 5, 4, 5, 1, 6, 2, 1, 5, 6, 4, 6, 6, 6, 2, 3, 2, 2, 5, 5, 6, 3, 4, 3, 3, 4, 3, 1, 4, 6, 6, 1, 6, 2, 1] [4, 4, 2, 2, 7, 6, 2, 2, 5, 6, 3, 4, 5, 4, 4, 7, 2, 6, 1, 7, 1, 5, 2, 4, 5, 4, 2, 1, 6, 5, 5, 5, 4, 8, 2, 1, 6, 3, 6, 1, 3, 7, 5, 4, 3, 6, 5, 4, 5, 2, 6, 2, 3, 5, 6, 6, 8, 8, 8, 2, 4, 4, 3, 7, 5, 7, 3, 4, 4, 3, 4, 5, 1, 6, 7, 7, 3, 8, 2, 2]
A_27 38.01000000000001 A 27 [1, 2, 2, 3, 5, 2, 1, 1, 4, 5, 5, 1, 1, 6, 2, 2, 1, 1, 1, 4, 5, 4, 6, 1, 1, 6, 1, 5, 2, 2, 2, 6, 2, 4, 2, 6, 1, 1, 5, 1, 1, 1, 1, 5, 3, 1, 6, 2, 1, 6, 5, 6, 3, 4, 5, 1, 5, 4, 4, 1, 3, 2, 2, 6, 3, 4, 4, 4, 4, 1, 3, 6, 1, 6, 2, 3, 2, 3, 4, 1] [3, 2, 3, 3, 5, 2, 2, 1, 5, 7, 6, 3, 2, 8, 2, 3, 3, 3, 2, 5, 6, 4, 8, 3, 1, 6, 1, 7, 4, 2, 3, 6, 2, 6, 4, 6, 1, 3, 7, 3, 2, 1, 3, 7, 4, 1, 8, 2, 2, 6, 5, 6, 5, 4, 6, 2, 5, 5, 6, 1, 4, 4, 3, 6, 4, 4, 4, 4, 4, 3, 5, 6, 1, 8, 2, 3, 2, 4, 6, 1]
A_28 39.01000000000001 A 28 [4, 3, 5, 4, 5, 1, 1, 1, 4, 2, 2, 2, 2, 4, 3, 3, 2, 5, 1, 6, 1, 4, 6, 6, 6, 5, 5, 2, 4, 1, 6, 1, 6, 5, 2, 6, 5, 1, 1, 3, 3, 3, 1, 2, 3, 1, 4, 4, 4, 6, 3, 2, 4, 2, 1, 1, 5, 4, 3, 2, 5, 4, 1, 5, 1, 2, 2, 4, 4, 1, 2, 2, 2, 4, 5, 3, 4, 5, 6, 3] [5, 5, 6, 6, 6, 3, 1, 2, 6, 2, 2, 3, 2, 5, 5, 5, 4, 5, 1, 8, 2, 5, 8, 7, 8, 6, 6, 4, 5, 2, 8, 1, 7, 5, 3, 7, 6, 2, 2, 3, 4, 4, 2, 4, 5, 2, 5, 5, 4, 8, 5, 3, 6, 4, 2, 2, 5, 5, 4, 4, 5, 4, 2, 7, 2, 3, 2, 5, 5, 1, 4, 4, 4, 6, 5, 4, 4, 7, 6, 5]
A_29 40.01000000000001 A 29 [3, 4, 2, 6, 1, 2, 6, 3, 4, 6, 2, 6, 5, 4, 6, 6, 3, 4, 6, 3, 4, 1, 6, 5, 1, 6, 4, 2, 1, 2, 2, 1, 1, 6, 4, 3, 4, 1, 1, 6, 1, 3, 2, 5, 4, 1, 4, 6, 1, 3, 3, 3, 3, 4, 4, 4, 1, 3, 5, 6, 1, 6, 3, 1, 4, 3, 3, 6, 3, 3, 1, 5, 3, 4, 3, 2, 5, 3, 1, 6] [3, 6, 4, 8, 2, 4, 7, 5, 4, 8, 4, 6, 7, 6, 7, 6, 3, 4, 8, 3, 5, 1, 6, 7, 2, 8, 5, 2, 2, 4, 2, 1, 2, 6, 6, 5, 5, 3, 2, 7, 2, 5, 3, 5, 4, 3, 5, 6, 2, 3, 3, 5, 4, 4, 5, 6, 3, 5, 6, 7, 1, 7, 4, 3, 6, 3, 4, 7, 3, 4, 1, 5, 3, 4, 5, 4, 6, 4, 2, 8]
A_30 41.04000000000001 A 30 [3, 1, 5, 3, 4, 5, 5, 1, 1, 3, 3, 5, 5, 6, 2, 2, 2, 4, 2, 5, 2, 4, 4, 3, 4, 3, 4, 2, 6, 2, 3, 1, 6, 2, 4, 2, 5, 1, 3, 1, 5, 2, 4, 2, 3, 3, 4, 5, 4, 5, 4, 4, 1, 4, 6, 5, 6, 1, 4, 4, 5, 4, 1, 2, 3, 5, 3, 5, 2, 5, 5, 2, 5, 4, 5, 6, 3, 3, 3, 6] [5, 3, 7, 4, 4, 5, 5, 3, 2, 3, 5, 5, 5, 7, 2, 2, 4, 5, 3, 7, 2, 5, 4, 5, 5, 3, 5, 3, 8, 2, 5, 1, 8, 4, 6, 3, 7, 2, 3, 2, 7, 2, 4, 4, 4, 3, 4, 7, 6, 5, 6, 4, 2, 4, 7, 7, 8, 3, 6, 4, 6, 6, 3, 4, 3, 6, 5, 7, 4, 6, 6, 4, 5, 4, 5, 7, 4, 5, 3, 8]
A_31 42.250000000000014 A 31 [5, 4, 5, 1, 1, 5, 4, 3, 4, 2, 2, 1, 4, 5, 6, 6, 5, 1, 4, 5, 3, 4, 4, 2, 5, 4, 5, 6, 1, 1, 1, 5, 1, 5, 6, 3, 3, 5, 3, 2, 6, 1, 6, 2, 5, 6, 6, 2, 1, 2, 3, 1, 4, 3, 3, 2, 3, 4, 4, 6, 1, 6, 4, 5, 4, 5, 5, 2, 3, 6, 3, 3, 3, 1, 1, 3, 2, 3, 1, 5] [7, 5, 6, 3, 2, 6, 5, 4, 6, 4, 2, 3, 6, 5, 7, 6, 7, 2, 4, 6, 5, 4, 4, 4, 6, 6, 5, 6, 1, 1, 1, 5, 1, 5, 8, 3, 3, 6, 5, 2, 7, 1, 6, 4, 5, 8, 6, 3, 2, 2, 5, 2, 4, 5, 5, 2, 4, 5, 4, 7, 3, 6, 4, 5, 4, 7, 5, 4, 3, 6, 4, 5, 5, 1, 1, 5, 3, 3, 1, 6]
A_32 47.960000000000015 A 32 [3, 2, 1, 4, 4, 6, 2, 5, 5, 5, 5, 2, 4, 1, 1, 3, 1, 2, 2, 2, 5, 4, 1, 1, 3, 4, 3, 2, 6, 1, 6, 1, 1, 4, 1, 2, 6, 6, 6, 3, 2, 1, 2, 1, 2, 4, 5, 1, 6, 3, 5, 5, 2, 3, 4, 3, 1, 3, 1, 6, 5, 4, 4, 1, 4, 4, 2, 3, 6, 3, 1, 1, 3, 6, 4, 4, 6, 6, 3, 5] [4, 2, 3, 5, 6, 7, 4, 7, 5, 5, 5, 2, 4, 3, 3, 4, 1, 3, 2, 2, 5, 6, 2, 1, 3, 4, 4, 2, 7, 2, 8, 1, 1, 5, 2, 4, 7, 8, 6, 3, 2, 3, 3, 1, 4, 5, 6, 3, 6, 3, 7, 5, 2, 3, 6, 4, 1, 3, 1, 7, 5, 6, 4, 3, 6, 6, 4, 5, 7, 4, 2, 2, 5, 7, 5, 5, 8, 7, 4, 7]
A_33 49.890000000000015 A 33 [2, 3, 4, 5, 1, 6, 1, 2, 3, 2, 5, 4, 6, 4, 4, 3, 2, 3, 4, 5, 4, 1, 1, 6, 4, 5, 6, 4, 5, 6, 2, 5, 4, 4, 1, 4, 2, 6, 6, 3, 4, 6, 6, 2, 4, 6, 2, 5, 5, 2, 3, 4, 3, 4, 5, 6, 6, 3, 3, 2, 2, 4, 4, 1, 6, 5, 5, 1, 5, 1, 6, 1, 6, 2, 1, 6, 3, 3, 6, 6] [4, 3, 6, 7, 2, 6, 3, 4, 5, 3, 5, 4, 8, 4, 6, 5, 3, 4, 4, 6, 4, 1, 2, 6, 4, 6, 8, 6, 5, 6, 4, 5, 5, 5, 3, 4, 2, 7, 6, 3, 6, 6, 7, 2, 6, 6, 3, 5, 5, 3, 5, 6, 4, 6, 5, 6, 7, 5, 4, 4, 4, 4, 5, 2, 7, 7, 7, 3, 6, 3, 8, 2, 7, 2, 1, 6, 3, 5, 6, 7]
A_34 51.000000000000014 A 34 [4, 2, 5, 4, 1, 4, 2, 5, 2, 2, 4, 1, 2, 3, 5, 3, 2, 6, 1, 1, 5, 2, 2, 1, 2, 6, 2, 2, 2, 4, 4, 6, 1, 1, 4, 2, 1, 3, 4, 5, 3, 3, 4, 2, 6, 2, 1, 5, 6, 1, 1, 5, 3, 4, 5, 3, 6, 4, 2, 4, 2, 6, 5, 2, 2, 5, 4, 5, 5, 1, 4, 6, 6, 5, 5, 5, 6, 1, 6, 1] [4, 3, 5, 5, 2, 5, 2, 7, 2, 2, 6, 1, 3, 5, 5, 3, 2, 7, 2, 3, 5, 4, 3, 3, 2, 8, 2, 4, 3, 6, 6, 8, 2, 3, 4, 4, 2, 3, 4, 7, 3, 3, 6, 3, 7, 4, 2, 6, 7, 3, 2, 5, 4, 5, 7, 3, 6, 4, 2, 4, 3, 7, 7, 2, 4, 5, 4, 6, 6, 3, 5, 8, 7, 5, 7, 7, 6, 2, 7, 3]
A_35 52.000000000000014 A 35 [3, 3, 3, 1, 1, 3, 5, 4, 5, 4, 4, 6, 4, 6, 3, 6, 4, 6, 4, 1, 1, 2, 3, 2, 4, 1, 1, 6, 6, 3, 2, 3, 2, 4, 2, 3, 3, 6, 5, 5, 6, 1, 1, 4, 1, 4, 2, 6, 5, 5, 5, 1, 4, 4, 6, 2, 2, 1, 3, 2, 4, 1, 3, 2, 1, 2, 4, 3, 1, 3, 2, 1, 3, 1, 1, 4, 2, 1, 1, 4] [3, 5, 3, 1, 2, 4, 7, 5, 5, 5, 6, 6, 5, 6, 4, 7, 6, 7, 6, 1, 2, 3, 4, 2, 5, 2, 1, 6, 7, 5, 3, 3, 4, 4, 4, 5, 5, 8, 7, 6, 7, 1, 2, 4, 3, 6, 2, 8, 5, 7, 6, 1, 6, 5, 7, 2, 4, 3, 5, 2, 6, 3, 3, 4, 3, 3, 6, 4, 1, 4, 3, 2, 5, 3, 3, 4, 4, 3, 1, 5]
A_36 53.12000000000001 A 36 [3, 4, 3, 2, 5, 1, 5, 3, 2, 5, 5, 4, 2, 4, 1, 3, 3, 6, 2, 3, 1, 1, 4, 6, 4, 3, 6, 1, 5, 4, 5, 3, 6, 2, 1, 3, 1, 3, 5, 1, 5, 3, 3, 3, 3, 1, 1, 5, 1, 4, 4, 2, 6, 6, 1, 4, 5, 3, 1, 4, 2, 3, 5, 3, 5, 6, 5, 2, 3, 4, 1, 2, 5, 1, 1, 1, 6, 5, 4, 1] [4, 4, 5, 3, 6, 3, 5, 3, 4, 6, 6, 5, 3, 4, 1, 4, 4, 8, 4, 3, 2, 3, 5, 7, 4, 4, 6, 1, 6, 5, 7, 3, 7, 2, 2, 5, 2, 5, 7, 1, 7, 4, 4, 3, 5, 2, 1, 7, 3, 5, 6, 2, 8, 6, 3, 4, 5, 4, 2, 6, 4, 4, 6, 5, 6, 6, 5, 4, 3, 6, 3, 3, 5, 1, 3, 1, 8, 6, 4, 2]
A_37 54.500000000000014 A 37 [3, 5, 1, 3, 6, 6, 5, 6, 5, 6, 5, 1, 2, 5, 5, 1, 3, 4, 1, 1, 1, 5, 6, 5, 6, 6, 3, 1, 1, 1, 1, 5, 6, 6, 3, 6, 3, 4, 4, 2, 2, 6, 3, 6, 4, 4, 4, 1, 6, 6, 1, 4, 6, 2, 5, 3, 1, 5, 5, 2, 2, 1, 1, 4, 5, 5, 6, 5, 3, 4, 6, 6, 1, 2, 1, 4, 6, 1, 3, 6] [5, 6, 3, 5, 8, 7, 6, 7, 5, 6, 6, 2, 4, 6, 6, 3, 3, 6, 2, 2, 3, 5, 6, 7, 8, 6, 3, 3, 2, 3, 2, 6, 8, 7, 3, 8, 5, 4, 4, 4, 4, 6, 5, 7, 5, 6, 5, 1, 6, 7, 3, 5, 7, 3, 7, 5, 1, 7, 7, 3, 3, 1, 3, 6, 7, 6, 7, 6, 4, 5, 8, 6, 3, 4, 3, 6, 8, 1, 3, 6]
A_38 55.500000000000014 A 38 [1, 6, 2, 6, 2, 1, 3, 3, 1, 5, 6, 2, 1, 4, 6, 3, 2, 3, 1, 3, 4, 2, 2, 1, 2, 2, 5, 5, 1, 1, 3, 3, 6, 6, 4, 5, 5, 4, 6, 4, 4, 5, 3, 2, 3, 1, 6, 1, 3, 2, 3, 2, 5, 2, 1, 2, 4, 5, 5, 6, 5, 2, 4, 4, 5, 3, 3, 5, 6, 6, 6, 1, 5, 3, 4, 4, 2, 3, 4, 4] [1, 6, 4, 7, 4, 2, 4, 5, 2, 7, 6, 3, 3, 6, 6, 4, 3, 4, 3, 5, 6, 3, 3, 3, 4, 3, 6, 7, 2, 2, 3, 5, 6, 6, 4, 7, 7, 4, 7, 6, 6, 6, 4, 4, 3, 3, 8, 3, 5, 2, 3, 4, 7, 3, 3, 3, 6, 7, 7, 7, 7, 2, 6, 5, 6, 4, 5, 5, 8, 7, 8, 3, 7, 3, 4, 5, 4, 4, 6, 4]
A_39 56.91000000000001 A 39 [3, 3, 3, 5, 4, 2, 6, 4, 1, 2, 2, 5, 6, 1, 2, 2, 4, 1, 5, 3, 3, 5, 5, 6, 6, 1, 1, 1, 3, 6, 1, 2, 3, 3, 5, 5, 1, 2, 4, 1, 1, 1, 4, 5, 4, 3, 4, 6, 3, 6, 6, 1, 1, 5, 6, 3, 1, 6, 3, 3, 6, 5, 4, 1, 6, 1, 4, 6, 6, 1, 1, 2, 1, 4, 2, 5, 5, 5, 6, 5] [4, 3, 5, 5, 4, 3, 6, 5, 2, 2, 3, 7, 7, 3, 2, 2, 4, 1, 7, 5, 4, 6, 7, 7, 6, 1, 1, 3, 3, 7, 2, 2, 3, 3, 7, 6, 1, 4, 6, 2, 2, 2, 6, 5, 6, 4, 6, 6, 5, 6, 7, 2, 2, 7, 6, 4, 3, 8, 3, 4, 7, 7, 4, 1, 8, 3, 6, 6, 8, 3, 1, 3, 3, 5, 4, 7, 7, 7, 7, 6]
B_0 1 B 40 [2, 1, 2, 2, 4, 4, 3, 1, 6, 6, 3, 5, 2, 6, 6, 5, 5, 2, 4, 6, 1, 6, 6, 3, 2, 1, 3, 1, 3, 1, 5, 6, 2, 4, 3, 6, 5, 2, 4, 1, 3, 4, 2, 4, 6, 1, 1, 2, 4, 6, 1, 2, 2, 6, 1, 3, 1, 4, 4, 1, 5, 1, 6, 4, 5, 6, 3, 1, 4, 2, 6, 6, 2, 4, 1, 1, 6, 2, 1, 2] [2, 1, 3, 2, 5, 4, 5, 1, 6, 7, 3, 7, 2, 7, 7, 6, 7, 3, 5, 6, 3, 7, 6, 5, 2, 2, 3, 2, 4, 2, 7, 7, 2, 6, 3, 7, 7, 4, 6, 2, 5, 5, 3, 4, 6, 3, 3, 3, 6, 8, 3, 2, 4, 6, 1, 5, 3, 5, 6, 3, 6, 2, 6, 5, 5, 6, 3, 3, 4, 3, 6, 7, 4, 4, 3, 3, 6, 2, 1, 2]
B_1 2 B 41 [2, 6, 3, 1, 5, 6, 4, 3, 3, 1, 1, 6, 2, 5, 1, 5, 3, 5, 6, 2, 4, 2, 5, 1, 5, 4, 6, 1, 3, 3, 2, 1, 1, 6, 3, 1, 3, 6, 5, 1, 4, 3, 4, 6, 3, 5, 2, 6, 4, 2, 2, 3, 1, 2, 6, 4, 3, 6, 5, 2, 4, 4, 2, 2, 4, 3, 1, 5, 5, 1, 3, 3, 3, 4, 5, 2, 3, 5, 1, 2] [4, 6, 4, 1, 6, 8, 5, 4, 5, 2, 3, 8, 4, 7, 3, 5, 5, 5, 7, 2, 6, 3, 7, 3, 7, 4, 7, 1, 4, 5, 2, 1, 3, 6, 3, 1, 4, 6, 6, 2, 5, 4, 5, 8, 5, 7, 3, 8, 4, 3, 3, 4, 2, 4, 6, 4, 3, 6, 6, 4, 6, 4, 3, 4, 5, 5, 3, 5, 5, 1, 3, 4, 4, 6, 7, 3, 4, 6, 2, 2]
B_2 3 B 42 [1, 1, 5, 4, 1, 5, 6, 2, 6, 2, 2, 3, 1, 6, 5, 2, 5, 4, 1, 6, 4, 5, 3, 1, 2, 6, 5, 1, 1, 2, 4, 6, 2, 6, 4, 1, 3, 3, 3, 4, 2, 4, 1, 5, 2, 2, 3, 3, 5, 6, 1, 3, 5, 4, 2, 2, 3, 4, 6, 6, 6, 6, 1, 1, 2, 5, 5, 5, 4, 5, 5, 5, 4, 4, 4, 6, 3, 3, 2, 2] [3, 3, 5, 6, 3, 6, 7, 3, 8, 2, 2, 3, 3, 8, 5, 2, 5, 6, 2, 7, 4, 6, 5, 2, 2, 8, 5, 3, 2, 3, 4, 6, 3, 7, 6, 2, 4, 5, 4, 6, 3, 5, 1, 6, 2, 3, 4, 4, 7, 6, 3, 4, 6, 5, 4, 2, 4, 6, 8, 8, 7, 6, 3, 1, 2, 5, 5, 6, 4, 7, 5, 5, 6, 4, 4, 6, 5, 3, 2, 3]
B_3 4 B 43 [3, 2, 3, 4, 5, 1, 2, 4, 6, 4, 5, 3, 5, 2, 2, 3, 2, 5, 2, 1, 5, 5, 6, 6, 4, 3, 3, 5, 2, 5, 2, 2, 1, 2, 2, 4, 3, 6, 2, 5, 4, 6, 5, 6, 6, 4, 4, 3, 1, 3, 6, 1, 6, 6, 5, 5, 6, 3, 5, 1, 4, 3, 3, 5, 3, 1, 5, 5, 6, 4, 4, 3, 4, 6, 6, 4, 5, 5, 3, 3] [3, 4, 3, 6, 5, 1, 3, 5, 7, 4, 5, 3, 7, 4, 2, 4, 2, 7, 2, 2, 7, 7, 6, 7, 6, 4, 4, 7, 4, 5, 4, 4, 1, 2, 3, 4, 3, 7, 4, 5, 4, 8, 6, 6, 8, 5, 5, 5, 1, 5, 7, 3, 8, 8, 7, 6, 6, 5, 6, 1, 5, 5, 3, 7, 4, 3, 7, 6, 7, 6, 6, 5, 6, 7, 7, 5, 5, 7, 3, 3]
B_4 5 B 44 [6, 2, 3, 3, 1, 2, 6, 4, 4, 3, 2, 6, 6, 3, 4, 4, 6, 1, 2, 4, 3, 6, 3, 4, 5, 6, 2, 3, 3, 4, 3, 5, 2, 4, 6, 1, 3, 4, 3, 4, 6, 3, 2, 6, 5, 2, 2, 2, 5, 1, 1, 1, 1, 6, 1, 1, 1, 3, 1, 5, 6, 3, 3, 2, 5, 1, 2, 6, 2, 1, 1, 1, 2, 1, 6, 6, 2, 5, 1, 5] [8, 2, 4, 4, 3, 3, 8, 6, 6, 5, 3, 6, 6, 3, 4, 4, 8, 1, 3, 5, 3, 6, 3, 5, 5, 6, 3, 4, 5, 4, 4, 5, 4, 6, 7, 3, 5, 5, 3, 6, 6, 5, 2, 8, 6, 4, 4, 2, 6, 2, 3, 3, 1, 6, 2, 1, 3, 4, 3, 7, 7, 3, 3, 3, 5, 3, 2, 8, 2, 2, 3, 1, 3, 2, 8, 7, 4, 7, 1, 5]
B_5 6 B 45 [3, 4, 4, 5, 4, 1, 5, 1, 2, 4, 6, 6, 6, 2, 4, 3, 5, 4, 6, 3, 6, 2, 4, 4, 1, 3, 6, 1, 1, 1, 3, 6, 4, 6, 2, 4, 1, 4, 1, 3, 1, 5, 2, 4, 2, 2, 2, 3, 3, 6, 3, 4, 5, 6, 3, 1, 3, 6, 3, 5, 4, 6, 5, 6, 6, 4, 5, 4, 4, 4, 1, 4, 6, 2, 2, 4, 2, 6, 5, 3] [4, 4, 6, 6, 6, 1, 6, 1, 4, 4, 7, 8, 8, 2, 6, 4, 6, 6, 6, 3, 8, 4, 6, 6, 1, 3, 6, 1, 2, 3, 3, 8, 5, 6, 4, 6, 2, 6, 3, 4, 3, 7, 3, 5, 4, 4, 2, 5, 5, 8, 5, 5, 5, 7, 3, 2, 3, 7, 4, 5, 5, 7, 5, 8, 8, 4, 6, 4, 5, 6, 3, 4, 7, 4, 3, 5, 3, 7, 6, 4]
B_6 7 B 46 [6, 3, 4, 4, 2, 2, 4, 2, 6, 5, 3, 3, 2, 3, 5, 1, 2, 2, 3, 2, 6, 5, 1, 1, 6, 1, 5, 6, 4, 4, 4, 6, 5, 2, 1, 2, 1, 4, 6, 4, 1, 2, 3, 4, 2, 2, 4, 1, 4, 2, 1, 4, 2, 5, 3, 4, 6, 2, 2, 2, 2, 3, 6, 6, 3, 3, 6, 5, 4, 1, 5, 5, 3, 2, 5, 3, 3, 1, 5, 4] [8, 3, 6, 5, 3, 4, 5, 4, 8, 6, 4, 5, 3, 4, 5, 2, 3, 4, 4, 4, 7, 5, 3, 1, 6, 2, 5, 8, 5, 5, 4, 6, 6, 3, 2, 2, 1, 5, 8, 6, 3, 3, 4, 5, 4, 2, 4, 1, 5, 2, 2, 6, 4, 5, 4, 5, 7, 2, 4, 4, 4, 3, 6, 7, 4, 5, 7, 5, 6, 1, 7, 6, 3, 3, 5, 4, 5, 1, 7, 4]
B_7 8.77 B 47 [4, 6, 1, 2, 6, 1, 1, 3, 6, 2, 4, 2, 4, 4, 4, 2, 2, 1, 3, 4, 1, 1, 2, 3, 3, 6, 4, 2, 4, 6, 5, 2, 1, 5, 5, 6, 5, 1, 1, 6, 2, 6, 3, 3, 2, 3, 1, 3, 5, 1, 2, 1, 4, 5, 3, 2, 3, 5, 6, 6, 3, 6, 3, 1, 4, 1, 6, 5, 6, 6, 6, 1, 2, 6, 1, 1, 4, 1, 3, 6] [4, 6, 1, 4, 7, 1, 2, 3, 7, 4, 6, 2, 4, 5, 6, 4, 4, 2, 4, 5, 1, 1, 3, 3, 5, 8, 4, 2, 5, 6, 7, 3, 3, 5, 6, 8, 7, 1, 3, 6, 3, 8, 4, 5, 2, 5, 1, 3, 6, 3, 2, 1, 5, 6, 3, 3, 3, 5, 6, 8, 4, 6, 3, 2, 6, 3, 8, 6, 7, 7, 7, 2, 4, 7, 2, 1, 5, 3, 3, 8]
B_8 9.77 B 48 [2, 6, 3, 3, 6, 3, 2, 5, 6, 3, 5, 1, 2, 1, 5, 2, 5, 1, 1, 3, 6, 6, 6, 1, 1, 3, 5, 1, 4, 1, 4, 1, 6, 5, 6, 5, 1, 6, 3, 3, 4, 4, 5, 1, 5, 3, 4, 5, 1, 4, 6, 1, 6, 2, 1, 5, 1, 3, 2, 6, 4, 4, 3, 1, 2, 4, 1, 3, 6, 5, 2, 5, 6, 3, 3, 3, 6, 2, 2, 2] [3, 6, 5, 3, 8, 4, 3, 7, 6, 4, 5, 2, 2, 1, 5, 2, 5, 1, 3, 4, 7, 8, 8, 1, 1, 5, 5, 2, 4, 2, 6, 2, 6, 5, 7, 5, 3, 6, 5, 5, 6, 4, 7, 1, 6, 5, 5, 6, 2, 4, 7, 3, 7, 3, 2, 5, 1, 4, 3, 8, 6, 6, 3, 2, 2, 6, 1, 4, 8, 7, 3, 6, 6, 3, 4, 3, 7, 3, 2, 4]
B_9 10.77 B 49 [4, 1, 2, 5, 3, 1, 3, 4, 4, 1, 1, 2, 5, 3, 1, 2, 5, 5, 2, 5, 1, 4, 1, 1, 5, 2, 1, 6, 6, 3, 5, 2, 3, 2, 1, 5, 4, 6, 2, 6, 6, 2, 6, 3, 1, 6, 2, 1, 4, 1, 5, 4, 1, 5, 1, 5, 1, 4, 5, 1, 5, 4, 5, 1, 1, 6, 4, 5, 1, 5, 3, 5, 1, 4, 2, 3, 1, 3, 4, 1] [4, 3, 3, 5, 3, 3, 3, 6, 4, 2, 1, 4, 7, 5, 1, 2, 5, 6, 3, 5, 2, 5, 2, 3, 7, 4, 2, 6, 8, 3, 5, 2, 3, 3, 3, 7, 5, 7, 2, 6, 8, 3, 6, 5, 2, 8, 2, 3, 4, 1, 6, 5, 1, 6, 1, 7, 1, 4, 5, 2, 7, 6, 6, 2, 2, 6, 5, 6, 1, 6, 4, 5, 2, 5, 3, 4, 3, 3, 5, 1]
B_10 11.77 B 50 [1, 4, 3, 6, 3, 6, 3, 3, 5, 5, 6, 4, 2, 6, 5, 3, 1, 2, 5, 2, 6, 6, 2, 6, 3, 3, 6, 5, 3, 3, 4, 3, 5, 3, 1, 5, 4, 1, 3, 6, 1, 2, 1, 6, 1, 3, 1, 2, 6, 5, 3, 3, 3, 1, 3, 5, 2, 3, 4, 3, 4, 3, 2, 2, 4, 4, 1, 1, 4, 2, 4, 3, 5, 1, 1, 4, 4, 1, 4, 6] [1, 4, 5, 6, 3, 8, 4, 3, 5, 5, 7, 6, 4, 6, 7, 4, 3, 4, 6, 4, 8, 8, 4, 8, 3, 4, 6, 5, 5, 3, 6, 5, 7, 5, 2, 6, 6, 3, 3, 7, 3, 3, 3, 7, 3, 5, 2, 2, 7, 6, 4, 5, 5, 1, 3, 7, 3, 3, 6, 4, 4, 3, 2, 4, 6, 5, 2, 2, 5, 2, 5, 5, 7, 1, 3, 6, 6, 2, 6, 8]
B_11 13.49 B 51 [2, 2, 3, 1, 6, 4, 3, 3, 3, 2, 2, 5, 3, 2, 6, 2, 6, 2, 2, 3, 5, 4, 1, 2, 1, 5, 2, 6, 2, 3, 4, 1, 5, 4, 5, 1, 2, 4, 2, 1, 2, 3, 3, 1, 1, 4, 4, 1, 1, 4, 3, 1, 5, 3, 3, 6, 5, 4, 6, 2, 6, 1, 3, 3, 3, 3, 4, 6, 2, 6, 2, 1, 3, 1, 1, 5, 2, 2, 2, 2] [3, 4, 3, 1, 8, 6, 3, 3, 5, 4, 3, 6, 4, 2, 6, 4, 6, 4, 4, 5, 6, 4, 1, 3, 1, 7, 2, 6, 3, 5, 4, 2, 5, 6, 5, 1, 2, 5, 4, 2, 2, 4, 4, 3, 3, 5, 6, 1, 3, 5, 5, 2, 5, 3, 3, 8, 5, 5, 8, 2, 6, 1, 3, 5, 4, 4, 4, 7, 2, 8, 2, 3, 4, 3, 2, 5, 4, 2, 2, 2]
B_12 14.49 B 52 [5, 6, 3, 5, 1, 1, 4, 2, 2, 1, 5, 3, 2, 3, 3, 1, 5, 3, 2, 1, 6, 1, 1, 5, 4, 6, 1, 3, 4, 3, 1, 4, 2, 3, 3, 4, 6, 6, 5, 1, 2, 1, 5, 6, 1, 5, 2, 4, 6, 1, 3, 5, 3, 3, 4, 5, 4, 6, 4, 2, 1, 5, 6, 6, 1, 1, 4, 2, 5, 3, 5, 6, 1, 3, 6, 3, 2, 1, 3, 2] [6, 6, 4, 6, 1, 1, 6, 4, 3, 2, 7, 3, 2, 4, 3, 3, 6, 5, 3, 2, 6, 2, 1, 6, 6, 7, 3, 5, 6, 4, 2, 4, 2, 4, 4, 6, 8, 7, 7, 2, 4, 2, 6, 8, 1, 5, 4, 5, 7, 1, 5, 5, 4, 5, 6, 7, 5, 7, 6, 3, 2, 6, 7, 7, 2, 2, 5, 3, 7, 5, 6, 8, 3, 4, 7, 4, 2, 1, 4, 2]
B_13 15.49 B 53 [6, 1, 1, 2, 3, 5, 6, 6, 3, 5, 3, 1, 6, 2, 3, 4, 2, 5, 1, 1, 6, 2, 6, 1, 4, 1, 5, 4, 2, 4, 4, 3, 3, 4, 4, 4, 6, 2, 2, 5, 6, 2, 4, 6, 6, 6, 5, 5, 2, 5, 1, 3, 3, 6, 3, 2, 5, 1, 1, 4, 1, 1, 5, 4, 4, 4, 4, 5, 3, 3, 2, 1, 2, 4, 1, 4, 6, 4, 6, 1] [8, 1, 3, 3, 3, 5, 8, 8, 5, 7, 4, 1, 7, 4, 3, 6, 4, 5, 2, 2, 6, 3, 7, 3, 5, 3, 5, 4, 4, 4, 4, 5, 3, 6, 5, 5, 6, 3, 3, 7, 6, 4, 5, 8, 6, 7, 5, 6, 3, 6, 1, 3, 5, 8, 5, 4, 7, 2, 1, 6, 1, 2, 7, 4, 4, 6, 4, 7, 4, 4, 4, 2, 3, 6, 3, 5, 7, 5, 6, 2]
B_14 16.490000000000002 B 54 [1, 4, 4, 6, 5, 4, 1, 4, 1, 1, 2, 3, 2, 6, 2, 6, 4, 4, 5, 1, 1, 1, 5, 5, 5, 4, 6, 5, 1, 4, 6, 3, 4, 5, 5, 6, 1, 5, 1, 6, 1, 6, 2, 5, 1, 3, 3, 3, 1, 1, 3, 3, 4, 3, 3, 6, 2, 5, 6, 4, 4, 5, 2, 4, 5, 1, 3, 6, 6, 2, 1, 3, 3, 4, 1, 4, 1, 3, 5, 4] [2, 5, 5, 6, 5, 6, 1, 5, 2, 2, 4, 4, 2, 6, 3, 6, 5, 6, 7, 2, 3, 2, 7, 5, 7, 5, 6, 6, 2, 5, 7, 5, 6, 5, 7, 7, 3, 7, 3, 6, 1, 6, 4, 7, 2, 3, 4, 3, 2, 1, 3, 3, 6, 5, 3, 8, 2, 6, 8, 6, 5, 6, 4, 5, 7, 1, 4, 7, 8, 2, 2, 5, 4, 6, 3, 4, 2, 4, 6, 4]
B_15 17.490000000000002 B 55 [4, 3, 5, 3, 6, 2, 1, 4, 5, 1, 5, 1, 6, 6, 5, 6, 1, 4, 2, 5, 5, 4, 2, 5, 3, 6, 4, 1, 1, 4, 5, 2, 3, 6, 3, 2, 4, 3, 2, 3, 3, 4, 2, 5, 1, 1, 4, 2, 5, 5, 5, 6, 5, 2, 6, 1, 2, 2, 6, 5, 5, 1, 1, 3, 3, 3, 3, 4, 1, 1, 5, 2, 5, 6, 4, 4, 6, 3, 4, 2] [4, 3, 5, 3, 8, 2, 3, 6, 5, 2, 7, 3, 7, 8, 6, 7, 1, 6, 3, 5, 6, 4, 2, 5, 5, 6, 6, 2, 2, 6, 7, 2, 4, 6, 3, 2, 4, 5, 3, 4, 5, 4, 2, 6, 1, 2, 5, 3, 5, 7, 7, 8, 7, 4, 8, 1, 3, 2, 8, 5, 6, 1, 2, 5, 3, 5, 4, 4, 2, 2, 5, 4, 5, 7, 4, 5, 8, 4, 6, 4]
B_16 18.490000000000002 B 56 [2, 3, 3, 4, 1, 6, 1, 3, 5, 6, 3, 5, 3, 1, 4, 3, 4, 4, 3, 1, 4, 3, 4, 3, 6, 2, 6, 5, 5, 1, 6, 3, 1, 6, 6, 2, 5, 1, 4, 1, 1, 3, 3, 6, 1, 3, 6, 3, 1, 1, 2, 5, 4, 5, 2, 2, 2, 5, 1, 3, 6, 1, 6, 2, 1, 2, 4, 3, 3, 5, 1, 6, 6, 4, 4, 3, 2, 1, 5, 4] [2, 3, 3, 4, 2, 8, 1, 3, 5, 7, 3, 5, 3, 2, 4, 4, 4, 6, 4, 3, 6, 5, 4, 5, 6, 3, 8, 5, 5, 3, 8, 4, 1, 7, 6, 4, 5, 1, 6, 3, 3, 3, 4, 6, 3, 3, 7, 3, 1, 1, 3, 5, 5, 7, 2, 3, 3, 5, 1, 5, 8, 2, 7, 4, 2, 3, 5, 4, 3, 5, 2, 6, 7, 6, 4, 3, 3, 2, 5, 5]
B_17 19.490000000000002 B 57 [2, 4, 2, 1, 5, 1, 2, 6, 2, 4, 2, 5, 2, 2, 2, 6, 6, 5, 3, 5, 4, 6, 5, 2, 5, 5, 6, 4, 4, 3, 1, 4, 3, 3, 4, 1, 3, 5, 5, 6, 4, 6, 4, 3, 3, 6, 2, 5, 3, 4, 3, 4, 6, 1, 5, 2, 5, 6, 6, 5, 3, 6, 5, 1, 3, 3, 6, 5, 6, 1, 1, 4, 2, 2, 6, 4, 4, 5, 4, 4] [3, 4, 3, 1, 6, 1, 3, 8, 3, 5, 2, 5, 2, 4, 4, 6, 6, 5, 5, 6, 5, 7, 5, 2, 6, 5, 8, 5, 5, 5, 3, 5, 3, 5, 4, 3, 4, 7, 7, 8, 5, 6, 6, 5, 4, 7, 2, 5, 4, 4, 3, 5, 7, 2, 6, 2, 5, 6, 8, 5, 3, 8, 7, 3, 4, 5, 6, 7, 6, 2, 2, 4, 4, 3, 7, 4, 5, 5, 6, 5]
B_18 20.490000000000002 B 58 [5, 2, 5, 2, 2, 2, 1, 2, 2, 2, 1, 2, 1, 2, 1, 4, 5, 5, 1, 5, 6, 3, 2, 3, 2, 1, 6, 4, 3, 5, 4, 4, 1, 3, 2, 3, 1, 5, 5, 3, 4, 5, 6, 5, 1, 3, 2, 6, 2, 5, 4, 6, 4, 1, 6, 6, 1, 6, 2, 4, 2, 3, 6, 5, 5, 2, 2, 3, 3, 1, 5, 2, 4, 1, 5, 5, 6, 2, 2, 4] [5, 3, 7, 3, 2, 2, 2, 2, 4, 4, 2, 3, 3, 4, 3, 4, 5, 7, 2, 5, 6, 4, 4, 4, 4, 1, 8, 6, 4, 6, 6, 4, 1, 4, 2, 5, 2, 7, 7, 3, 6, 6, 8, 6, 3, 4, 4, 6, 3, 5, 6, 8, 6, 1, 8, 8, 1, 8, 2, 6, 4, 3, 7, 6, 7, 4, 2, 4, 4, 2, 5, 2, 5, 3, 7, 7, 7, 3, 3, 6]
B_19 23.480000000000004 B 59 [2, 4, 5, 5, 6, 2, 5, 3, 3, 1, 4, 4, 6, 1, 5, 2, 1, 6, 2, 5, 5, 3, 1, 2, 6, 2, 2, 1, 2, 6, 4, 6, 6, 2, 4, 2, 4, 2, 6, 3, 1, 2, 6, 1, 5, 5, 2, 6, 6, 1, 3, 2, 2, 4, 4, 5, 3, 5, 4, 6, 5, 4, 5, 2, 2, 6, 6, 2, 5, 1, 6, 2, 3, 3, 3, 6, 4, 1, 6, 4] [2, 6, 7, 5, 8, 4, 6, 4, 4, 3, 6, 6, 8, 1, 6, 4, 3, 8, 4, 7, 5, 5, 3, 3, 7, 3, 2, 1, 4, 7, 4, 7, 7, 4, 4, 2, 6, 3, 7, 4, 3, 4, 8, 1, 7, 5, 4, 8, 8, 2, 4, 2, 3, 6, 6, 5, 5, 5, 6, 7, 5, 5, 5, 3, 3, 7, 6, 2, 6, 2, 7, 4, 3, 4, 4, 7, 4, 3, 8, 5]
B_20 24.820000000000004 B 60 [1, 2, 3, 2, 4, 2, 2, 4, 1, 6, 2, 4, 3, 4, 3, 4, 1, 5, 1, 5, 1, 2, 2, 5, 3, 5, 3, 3, 5, 1, 5, 1, 5, 2, 2, 4, 2, 2, 5, 6, 5, 4, 6, 4, 6, 4, 2, 3, 4, 5, 4, 6, 1, 1, 4, 5, 6, 3, 2, 5, 1, 4, 4, 5, 2, 2, 6, 4, 4, 6, 5, 3, 3, 1, 4, 2, 3, 2, 5, 1] [2, 3, 3, 3, 4, 4, 3, 4, 2, 8, 3, 5, 5, 6, 3, 5, 1, 7, 1, 6, 1, 4, 2, 6, 5, 7, 4, 4, 5, 1, 6, 3, 5, 4, 3, 6, 4, 3, 7, 7, 6, 6, 7, 5, 7, 5, 4, 4, 6, 7, 4, 6, 2, 1, 5, 6, 8, 3, 4, 5, 1, 6, 5, 6, 3, 3, 6, 5, 5, 8, 6, 3, 3, 3, 6, 4, 5, 4, 6, 1]
B_21 26.740000000000002 B 61 [2, 4, 6, 3, 6, 2, 2, 1, 1, 3, 2, 3, 3, 5, 6, 2, 3, 6, 3, 1, 6, 2, 6, 4, 4, 4, 2, 2, 4, 6, 4, 6, 4, 4, 6, 1, 3, 1, 2, 5, 1, 4, 6, 3, 3, 6, 3, 6, 4, 4, 3, 1, 5, 1, 5, 1, 1, 6, 3, 4, 4, 1, 3, 6, 4, 4, 3, 4, 3, 3, 3, 2, 4, 4, 6, 5, 4, 5, 2, 4] [2, 6, 8, 5, 6, 3, 3, 2, 2, 3, 3, 5, 4, 5, 7, 4, 3, 7, 5, 2, 6, 4, 7, 5, 6, 5, 4, 4, 4, 7, 6, 6, 6, 4, 7, 3, 4, 1, 2, 7, 2, 4, 6, 5, 3, 7, 3, 6, 6, 6, 3, 1, 6, 2, 6, 1, 2, 8, 3, 5, 6, 2, 5, 7, 5, 6, 5, 4, 4, 4, 4, 3, 5, 4, 8, 6, 6, 6, 4, 5]
B_22 27.740000000000002 B 62 [1, 6, 2, 3, 1, 3, 3, 5, 4, 3, 3, 5, 1, 1, 1, 4, 6, 5, 6, 4, 5, 3, 2, 2, 6, 5, 2, 2, 1, 3, 1, 4, 4, 4, 5, 3, 5, 1, 4, 4, 6, 2, 1, 3, 3, 5, 6, 3, 3, 5, 2, 3, 6, 5, 2, 1, 6, 5, 6, 5, 4, 3, 2, 3, 6, 1, 2, 2, 5, 5, 6, 3, 4, 1, 4, 6, 4, 3, 3, 5] [2, 8, 2, 4, 2, 3, 3, 6, 5, 4, 4, 5, 3, 2, 3, 5, 6, 6, 8, 5, 5, 3, 2, 4, 8, 7, 3, 3, 2, 4, 3, 4, 4, 5, 7, 3, 6, 3, 6, 4, 6, 3, 3, 3, 3, 5, 6, 3, 3, 6, 2, 3, 7, 7, 4, 2, 7, 7, 7, 5, 5, 5, 2, 3, 7, 3, 3, 2, 5, 5, 8, 5, 4, 3, 4, 8, 6, 5, 3, 6]
B_23 28.89 B 63 [2, 1, 5, 5, 5, 5, 6, 1, 1, 4, 5, 3, 1, 4, 3, 5, 1, 2, 6, 1, 5, 4, 6, 4, 2, 5, 5, 6, 5, 1, 2, 5, 1, 1, 2, 2, 3, 4, 4, 1, 4, 2, 1, 5, 2, 6, 6, 1, 1, 1, 2, 3, 6, 4, 4, 3, 2, 1, 5, 2, 5, 6, 3, 1, 2, 6, 3, 4, 6, 5, 1, 6, 2, 2, 6, 5, 1, 4, 5, 1] [3, 3, 5, 7, 5, 6, 8, 1, 1, 5, 7, 4, 2, 5, 4, 5, 1, 4, 8, 3, 5, 4, 7, 4, 4, 5, 7, 6, 7, 3, 4, 5, 3, 2, 2, 4, 5, 6, 5, 1, 5, 4, 1, 7, 3, 8, 7, 2, 2, 2, 4, 5, 7, 4, 5, 5, 4, 3, 6, 3, 6, 7, 3, 1, 2, 7, 3, 5, 8, 6, 2, 6, 3, 3, 6, 7, 1, 5, 7, 2]
B_24 31.53 B 64 [6, 2, 1, 4, 1, 6, 3, 3, 2, 4, 3, 4, 4, 1, 2, 2, 5, 4, 6, 3, 4, 1, 4, 4, 6, 1, 5, 3, 1, 4, 3, 4, 4, 6, 2, 1, 5, 5, 5, 6, 5, 4, 2, 3, 5, 6, 3, 4, 2, 1, 4, 3, 1, 4, 5, 3, 1, 3, 5, 2, 2, 4, 6, 2, 3, 3, 6, 3, 3, 6, 2, 2, 6, 1, 2, 1, 6, 6, 6, 5] [6, 2, 3, 4, 2, 7, 4, 5, 3, 6, 3, 5, 5, 1, 4, 3, 7, 4, 6, 4, 6, 3, 6, 5, 7, 1, 5, 4, 2, 6, 3, 4, 6, 7, 4, 3, 6, 7, 6, 8, 5, 5, 2, 4, 5, 8, 4, 6, 2, 2, 6, 4, 2, 4, 7, 3, 2, 4, 7, 3, 3, 5, 7, 2, 3, 3, 8, 5, 4, 6, 3, 4, 8, 2, 2, 3, 7, 8, 7, 7]
B_25 32.53 B 65 [5, 3, 4, 3, 3, 1, 6, 1, 6, 3, 4, 2, 6, 6, 1, 5, 5, 2, 1, 2, 6, 1, 4, 2, 5, 5, 6, 4, 2, 3, 5, 5, 4, 5, 5, 2, 6, 5, 3, 1, 6, 3, 5, 1, 1, 4, 3, 1, 4, 6, 4, 3, 1, 4, 1, 3, 2, 3, 2, 6, 2, 4, 1, 6, 3, 2, 1, 5, 1, 6, 2, 1, 6, 3, 4, 2, 5, 6, 4, 1] [6, 3, 5, 5, 3, 1, 7, 3, 8, 3, 5, 2, 6, 8, 3, 5, 7, 3, 2, 3, 7, 2, 5, 2, 6, 6, 7, 4, 3, 3, 6, 7, 6, 7, 5, 3, 6, 6, 4, 3, 6, 5, 5, 3, 3, 4, 5, 3, 6, 6, 5, 4, 2, 6, 1, 5, 3, 5, 4, 7, 3, 6, 3, 7, 3, 4, 2, 6, 1, 8, 4, 1, 7, 4, 5, 4, 7, 7, 5, 1]
B_26 34.480000000000004 B 66 [1, 4, 1, 6, 4, 4, 5, 2, 6, 4, 5, 3, 5, 4, 5, 2, 1, 1, 3, 4, 6, 1, 1, 6, 2, 6, 3, 4, 2, 3, 3, 5, 2, 5, 4, 4, 5, 6, 3, 4, 3, 1, 5, 5, 2, 5, 6, 6, 1, 4, 1, 4, 4, 4, 3, 3, 4, 6, 2, 6, 6, 3, 2, 3, 6, 1, 6, 6, 2, 2, 1, 1, 3, 1, 2, 1, 4, 2, 5, 1] [3, 6, 2, 7, 6, 4, 5, 2, 6, 6, 6, 4, 7, 4, 7, 4, 2, 2, 4, 5, 7, 1, 3, 8, 2, 7, 3, 4, 2, 4, 5, 5, 4, 7, 4, 6, 5, 7, 5, 6, 3, 3, 5, 7, 2, 6, 7, 8, 1, 5, 2, 4, 5, 4, 4, 4, 5, 6, 2, 6, 6, 5, 3, 3, 8, 2, 8, 7, 2, 2, 3, 1, 3, 2, 3, 1, 6, 4, 5, 2]
B_27 36.370000000000005 B 67 [4, 3, 2, 2, 1, 6, 4, 1, 5, 5, 3, 1, 3, 3, 2, 2, 2, 1, 2, 1, 6, 3, 6, 1, 1, 2, 4, 4, 4, 6, 5, 2, 3, 1, 5, 3, 2, 5, 5, 6, 1, 5, 5, 5, 6, 4, 5, 5, 3, 5, 1, 6, 2, 5, 6, 4, 3, 5, 3, 2, 4, 4, 2, 4, 3, 5, 6, 6, 1, 1, 3, 4, 5, 2, 3, 4, 3, 1, 2, 5] [5, 5, 4, 4, 2, 8, 5, 2, 5, 7, 5, 3, 4, 5, 3, 2, 4, 2, 3, 2, 7, 3, 8, 3, 2, 2, 4, 4, 5, 7, 7, 4, 5, 3, 6, 4, 4, 6, 5, 6, 3, 5, 6, 6, 8, 4, 5, 6, 4, 6, 2, 7, 3, 7, 7, 4, 4, 7, 4, 2, 5, 4, 2, 5, 5, 6, 7, 6, 1, 2, 4, 6, 7, 2, 3, 5, 4, 3, 2, 7]
B_28 37.370000000000005 B 68 [6, 3, 1, 3, 3, 6, 4, 6, 4, 6, 3, 4, 4, 3, 5, 4, 4, 3, 1, 6, 4, 3, 4, 3, 1, 1, 3, 4, 4, 3, 2, 3, 6, 5, 5, 1, 3, 3, 6, 6, 4, 5, 4, 6, 2, 4, 4, 6, 6, 1, 4, 2, 5, 3, 6, 1, 3, 6, 3, 5, 4, 3, 5, 6, 3, 1, 2, 1, 1, 4, 3, 1, 3, 3, 6, 3, 5, 2, 3, 6] [6, 4, 3, 5, 3, 7, 6, 8, 5, 6, 3, 6, 6, 5, 5, 6, 6, 5, 1, 7, 6, 4, 5, 3, 1, 3, 4, 4, 5, 3, 4, 3, 7, 6, 6, 1, 3, 4, 8, 8, 4, 5, 4, 7, 2, 5, 6, 7, 8, 1, 5, 2, 7, 4, 8, 2, 3, 6, 4, 6, 5, 4, 5, 8, 4, 1, 2, 1, 3, 4, 3, 2, 5, 5, 8, 5, 7, 3, 3, 7]
B_29 38.370000000000005 B 69 [6, 1, 3, 5, 4, 1, 6, 4, 4, 4, 6, 5, 3, 5, 1, 6, 1, 2, 2, 2, 3, 5, 6, 4, 6, 2, 3, 1, 1, 3, 5, 6, 3, 1, 1, 3, 4, 4, 6, 1, 2, 1, 5, 4, 1, 4, 1, 6, 5, 5, 2, 6, 3, 3, 2, 1, 5, 1, 1, 1, 6, 3, 5, 5, 6, 6, 2, 1, 4, 5, 5, 1, 5, 2, 2, 1, 5, 4, 1, 2] [6, 1, 3, 7, 5, 2, 7, 6, 4, 4, 6, 5, 3, 5, 1, 8, 3, 4, 2, 3, 5, 5, 8, 5, 8, 2, 3, 3, 1, 4, 6, 6, 4, 3, 3, 4, 6, 5, 7, 3, 3, 1, 7, 6, 2, 6, 1, 7, 7, 6, 2, 8, 5, 4, 2, 2, 5, 2, 2, 2, 8, 4, 5, 6, 6, 8, 2, 2, 4, 6, 5, 3, 7, 3, 3, 2, 5, 5, 2, 4]
B_30 39.68000000000001 B 70 [6, 1, 1, 6, 6, 3, 6, 3, 1, 3, 2, 1, 1, 1, 6, 6, 1, 2, 3, 6, 2, 3, 4, 1, 2, 3, 4, 3, 2, 1, 5, 3, 1, 6, 4, 2, 1, 6, 6, 1, 6, 3, 5, 4, 1, 1, 5, 6, 2, 3, 4, 2, 5, 2, 1, 5, 1, 1, 5, 6, 5, 3, 6, 1, 2, 2, 1, 3, 3, 5, 6, 6, 1, 3, 3, 3, 4, 3, 2, 2] [7, 2, 3, 7, 8, 5, 8, 4, 1, 5, 2, 3, 2, 2, 8, 6, 1, 2, 4, 6, 4, 4, 5, 3, 3, 4, 4, 5, 4, 1, 6, 4, 2, 8, 5, 3, 3, 8, 8, 1, 6, 3, 5, 6, 3, 3, 7, 7, 3, 4, 5, 2, 6, 4, 2, 5, 2, 2, 5, 7, 6, 4, 8, 2, 3, 4, 3, 4, 3, 5, 7, 6, 3, 5, 3, 5, 5, 4, 4, 2]
B_31 41.540000000000006 B 71 [4, 4, 5, 6, 4, 3, 2, 5, 4, 3, 1, 5, 4, 1, 3, 2, 3, 1, 3, 4, 1, 6, 1, 4, 6, 2, 3, 6, 2, 5, 2, 3, 1, 1, 6, 1, 2, 6, 1, 2, 6, 3, 5, 3, 1, 4, 5, 1, 5, 5, 3, 1, 6, 1, 3, 2, 6, 4, 2, 2, 3, 2, 3, 6, 2, 1, 1, 4, 1, 1, 6, 2, 6, 6, 2, 1, 3, 5, 1, 5] [6, 6, 7, 6, 5, 5, 2, 7, 6, 3, 2, 5, 5, 1, 3, 3, 5, 2, 3, 6, 1, 6, 3, 5, 7, 4, 5, 6, 4, 5, 4, 5, 2, 2, 8, 2, 3, 6, 3, 3, 7, 4, 5, 5, 1, 4, 6, 2, 6, 5, 5, 3, 8, 2, 5, 4, 6, 4, 2, 4, 3, 3, 5, 6, 4, 1, 1, 6, 2, 3, 6, 2, 8, 8, 4, 3, 4, 5, 2, 7]
B_32 42.540000000000006 B 72 [1, 4, 1, 1, 3, 1, 4, 5, 2, 1, 3, 1, 3, 1, 3, 4, 5, 5, 4, 1, 6, 2, 4, 6, 6, 2, 1, 1, 2, 3, 5, 3, 3, 6, 6, 3, 5, 1, 5, 1, 2, 3, 4, 4, 2, 6, 3, 2, 6, 1, 5, 3, 1, 2, 3, 5, 6, 2, 4, 3, 3, 4, 4, 2, 6, 6, 3, 5, 3, 5, 1, 6, 6, 5, 2, 6, 3, 3, 4, 5] [2, 5, 1, 2, 5, 2, 5, 5, 2, 3, 4, 2, 5, 1, 5, 6, 7, 5, 4, 1, 8, 3, 4, 7, 6, 3, 1, 1, 4, 3, 5, 5, 5, 7, 7, 5, 5, 3, 7, 3, 4, 4, 6, 6, 3, 7, 3, 4, 6, 2, 7, 4, 3, 3, 4, 5, 7, 4, 5, 3, 3, 5, 4, 3, 8, 7, 3, 7, 5, 7, 3, 8, 7, 6, 4, 8, 3, 5, 5, 7]
B_33 44.56000000000001 B 73 [4, 3, 5, 4, 3, 5, 1, 3, 6, 1, 4, 3, 4, 6, 2, 4, 3, 5, 6, 6, 4, 5, 2, 6, 2, 3, 4, 6, 4, 4, 4, 1, 6, 2, 5, 1, 1, 2, 3, 4, 4, 4, 4, 6, 1, 2, 2, 6, 3, 4, 1, 1, 3, 4, 4, 6, 4, 2, 1, 3, 1, 4, 1, 2, 1, 3, 1, 2, 3, 2, 3, 6, 5, 5, 1, 1, 4, 5, 3, 1] [6, 5, 7, 5, 3, 6, 3, 4, 8, 3, 6, 4, 4, 8, 3, 5, 4, 5, 7, 6, 5, 6, 2, 6, 4, 3, 6, 8, 6, 4, 4, 1, 7, 2, 5, 3, 1, 4, 3, 5, 4, 6, 4, 7, 2, 4, 3, 7, 3, 5, 1, 3, 4, 6, 6, 7, 6, 3, 3, 4, 3, 4, 3, 3, 2, 4, 2, 2, 5, 3, 5, 8, 6, 7, 3, 2, 4, 5, 4, 3]
B_34 45.56000000000001 B 74 [2, 4, 3, 2, 6, 2, 1, 1, 5, 5, 5, 3, 1, 1, 6, 4, 6, 1, 3, 3, 6, 2, 1, 6, 5, 1, 6, 2, 5, 3, 5, 1, 4, 1, 5, 1, 1, 1, 4, 2, 1, 5, 4, 6, 6, 2, 5, 1, 3, 2, 1, 1, 6, 1, 1, 4, 4, 6, 5, 3, 4, 6, 4, 6, 2, 4, 2, 3, 6, 2, 3, 2, 2, 1, 2, 5, 1, 4, 6, 4] [2, 6, 3, 3, 7, 2, 3, 3, 6, 6, 7, 3, 2, 2, 6, 6, 8, 1, 5, 5, 7, 3, 3, 7, 5, 1, 7, 2, 5, 5, 5, 1, 5, 1, 7, 3, 3, 3, 4, 4, 3, 7, 4, 7, 8, 3, 5, 2, 4, 3, 3, 2, 7, 3, 3, 4, 4, 7, 7, 4, 6, 8, 4, 6, 2, 5, 3, 3, 8, 3, 3, 4, 4, 3, 3, 7, 2, 6, 6, 4]
B_35 48.85000000000001 B 75 [3, 5, 3, 1, 6, 2, 5, 6, 5, 5, 4, 5, 4, 1, 4, 4, 5, 2, 2, 4, 3, 1, 5, 6, 2, 6, 6, 3, 3, 2, 6, 3, 4, 6, 5, 4, 1, 4, 4, 5, 1, 2, 6, 4, 6, 4, 3, 1, 3, 3, 4, 5, 3, 4, 4, 4, 3, 4, 5, 6, 2, 5, 6, 5, 1, 2, 1, 4, 3, 1, 3, 1, 6, 1, 5, 1, 2, 5, 4, 4] [3, 5, 3, 3, 6, 2, 7, 8, 5, 6, 4, 5, 5, 1, 6, 4, 6, 2, 3, 5, 4, 3, 5, 8, 2, 6, 7, 3, 4, 4, 7, 5, 5, 6, 7, 4, 1, 6, 5, 7, 3, 3, 6, 5, 7, 5, 4, 1, 3, 4, 6, 5, 4, 5, 4, 5, 3, 4, 7, 7, 4, 6, 8, 7, 3, 4, 1, 5, 5, 2, 5, 3, 8, 2, 7, 1, 4, 6, 4, 5]
B_36 49.85000000000001 B 76 [6, 1, 1, 3, 3, 4, 6, 5, 1, 1, 4, 1, 3, 1, 3, 1, 2, 6, 4, 6, 5, 5, 4, 2, 6, 6, 1, 2, 4, 5, 3, 2, 6, 3, 6, 2, 6, 6, 2, 5, 6, 3, 3, 5, 2, 2, 3, 4, 6, 1, 4, 2, 2, 6, 1, 6, 2, 4, 6, 4, 3, 4, 4, 1, 6, 5, 4, 3, 5, 5, 4, 3, 3, 4, 1, 2, 6, 3, 2, 6] [7, 3, 3, 5, 4, 5, 6, 6, 1, 3, 4, 1, 3, 3, 4, 1, 3, 8, 5, 6, 6, 6, 6, 3, 7, 6, 3, 2, 4, 6, 4, 3, 8, 3, 6, 4, 8, 8, 4, 7, 6, 4, 5, 5, 4, 3, 5, 5, 7, 3, 6, 4, 2, 7, 2, 8, 3, 5, 7, 4, 5, 6, 6, 1, 7, 7, 6, 4, 7, 5, 5, 4, 3, 4, 2, 4, 7, 4, 2, 8]
B_37 50.85000000000001 B 77 [2, 2, 6, 5, 6, 6, 4, 2, 4, 4, 6, 6, 2, 3, 2, 2, 1, 1, 6, 4, 1, 1, 3, 6, 6, 4, 6, 3, 5, 3, 3, 3, 6, 3, 1, 1, 5, 1, 3, 5, 2, 5, 3, 5, 5, 6, 1, 1, 2, 3, 1, 2, 1, 4, 3, 3, 1, 5, 2, 1, 2, 5, 3, 4, 6, 6, 2, 1, 2, 4, 3, 5, 3, 5, 4, 5, 3, 2, 3, 3] [3, 2, 8, 6, 7, 7, 5, 3, 6, 4, 6, 7, 3, 4, 2, 2, 3, 2, 8, 5, 1, 2, 5, 7, 7, 5, 8, 4, 7, 4, 5, 3, 7, 5, 2, 3, 6, 1, 4, 7, 2, 6, 3, 7, 7, 7, 1, 3, 3, 3, 2, 2, 1, 5, 4, 4, 2, 5, 3, 3, 4, 6, 5, 5, 8, 7, 4, 3, 3, 5, 4, 5, 5, 5, 6, 6, 4, 3, 3, 3]
B_38 52.11000000000001 B 78 [1, 3, 3, 2, 2, 6, 3, 6, 4, 6, 5, 1, 5, 5, 3, 4, 1, 5, 4, 6, 6, 6, 6, 3, 5, 2, 2, 4, 6, 1, 3, 1, 3, 6, 6, 1, 4, 3, 4, 6, 1, 1, 2, 3, 1, 5, 5, 3, 2, 4, 4, 2, 3, 6, 5, 4, 5, 4, 2, 6, 5, 2, 3, 5, 6, 4, 5, 2, 3, 1, 2, 1, 4, 3, 6, 4, 2, 3, 6, 2] [3, 4, 3, 3, 3, 7, 5, 8, 5, 6, 7, 2, 6, 6, 5, 6, 1, 6, 4, 7, 6, 6, 7, 4, 7, 2, 2, 6, 6, 2, 3, 1, 4, 6, 7, 1, 4, 3, 6, 7, 1, 2, 2, 3, 1, 6, 7, 3, 2, 5, 6, 2, 4, 6, 6, 6, 5, 6, 3, 8, 6, 4, 3, 7, 7, 5, 5, 2, 3, 2, 4, 2, 5, 4, 6, 4, 2, 3, 8, 3]
B_39 53.11000000000001 B 79 [5, 1, 2, 1, 1, 1, 6, 5, 4, 5, 6, 3, 5, 1, 1, 3, 1, 3, 5, 1, 5, 4, 5, 5, 6, 3, 1, 1, 3, 6, 6, 5, 5, 6, 1, 4, 1, 6, 4, 5, 2, 2, 2, 3, 5, 3, 4, 6, 2, 1, 6, 2, 2, 1, 4, 2, 4, 4, 4, 4, 1, 4, 5, 1, 5, 1, 1, 5, 6, 2, 2, 5, 5, 1, 4, 4, 6, 3, 2, 1] [7, 1, 4, 2, 3, 3, 8, 5, 4, 7, 6, 5, 6, 2, 1, 3, 1, 3, 5, 1, 7, 6, 5, 6, 7, 5, 2, 1, 5, 8, 8, 6, 7, 7, 3, 5, 2, 6, 4, 6, 2, 2, 3, 3, 5, 4, 4, 8, 4, 1, 8, 2, 2, 2, 4, 4, 5, 5, 6, 5, 1, 5, 6, 2, 7, 1, 2, 7, 7, 4, 2, 7, 7, 3, 4, 5, 8, 3, 3, 2]
