A_0 1 A 0 [2, 1, 2, 2, 6, 2, 6, 1, 2, 3, 2, 5, 1, 1, 5, 4, 2, 1, 3, 4, 5, 6, 2, 1, 5, 3, 5, 5, 5, 3, 2, 1, 4, 5, 6, 6, 1, 6, 4, 4, 3, 2, 1, 6, 3, 6, 2, 6, 6, 3, 4, 1, 6, 6, 4, 6, 1, 1, 5, 3, 6, 6, 3, 2, 2, 2, 1, 5, 5, 4, 4, 1, 6, 6, 6, 4, 3, 2, 2, 2] [4, 3, 2, 3, 6, 4, 8, 1, 2, 4, 4, 5, 3, 1, 7, 6, 4, 3, 3, 6, 6, 7, 3, 1, 7, 3, 7, 5, 5, 5, 4, 3, 4, 5, 6, 7, 3, 7, 4, 6, 3, 2, 3, 8, 4, 7, 4, 6, 8, 4, 4, 3, 7, 6, 4, 7, 2, 2, 5, 3, 8, 7, 5, 3, 2, 4, 3, 5, 5, 5, 6, 3, 6, 8, 7, 4, 4, 2, 4, 3]
A_1 2.63 A 1 [1, 6, 6, 3, 3, 1, 2, 5, 4, 1, 5, 4, 2, 3, 2, 5, 5, 5, 4, 5, 2, 5, 2, 5, 2, 5, 1, 1, 2, 2, 3, 6, 1, 5, 6, 1, 6, 6, 1, 3, 2, 1, 6, 1, 5, 4, 2, 5, 6, 1, 3, 2, 4, 1, 5, 6, 6, 2, 5, 2, 6, 4, 1, 4, 1, 5, 3, 5, 2, 2, 2, 5, 3, 5, 5, 4, 6, 5, 4, 5] [3, 8, 7, 3, 4, 2, 2, 6, 5, 1, 5, 4, 2, 3, 4, 6, 7, 5, 6, 5, 3, 6, 3, 6, 3, 5, 1, 3, 3, 2, 3, 7, 3, 5, 6, 3, 6, 7, 1, 3, 2, 2, 7, 3, 6, 6, 3, 6, 8, 2, 4, 4, 5, 1, 7, 7, 8, 2, 6, 3, 6, 6, 2, 5, 3, 6, 5, 7, 3, 3, 4, 7, 5, 5, 7, 5, 7, 5, 6, 7]
A_2 3.63 A 2 [2, 6, 1, 4, 3, 2, 5, 1, 6, 3, 5, 3, 6, 1, 4, 1, 3, 1, 5, 3, 5, 2, 5, 2, 4, 2, 5, 5, 4, 1, 2, 2, 2, 6, 4, 4, 3, 4, 3, 6, 1, 6, 6, 1, 1, 6, 4, 4, 5, 4, 4, 5, 4, 3, 1, 1, 3, 4, 5, 2, 4, 3, 4, 4, 3, 4, 6, 4, 6, 1, 6, 3, 5, 5, 6, 6, 4, 3, 1, 4] [2, 7, 1, 5, 4, 4, 6, 3, 8, 3, 7, 5, 6, 1, 5, 1, 4, 3, 5, 3, 6, 2, 6, 2, 5, 4, 7, 6, 5, 3, 2, 4, 2, 8, 6, 6, 5, 6, 5, 7, 1, 8, 6, 3, 3, 6, 5, 4, 5, 5, 4, 5, 6, 4, 3, 1, 4, 6, 6, 2, 6, 4, 4, 4, 5, 5, 6, 5, 7, 1, 6, 3, 7, 7, 7, 7, 6, 4, 2, 6]
A_3 4.63 A 3 [2, 3, 4, 1, 2, 2, 4, 1, 6, 1, 4, 5, 4, 3, 2, 3, 3, 5, 3, 1, 5, 6, 3, 6, 2, 4, 3, 4, 3, 3, 4, 3, 1, 6, 1, 4, 1, 5, 5, 3, 1, 2, 2, 6, 4, 2, 1, 5, 4, 6, 6, 6, 4, 3, 2, 6, 4, 4, 2, 5, 1, 4, 6, 5, 6, 1, 2, 1, 2, 5, 3, 2, 5, 3, 5, 3, 5, 2, 2, 2] [3, 3, 5, 3, 4, 2, 4, 2, 8, 2, 6, 6, 4, 4, 4, 5, 3, 7, 3, 1, 7, 7, 4, 6, 4, 4, 3, 6, 4, 5, 6, 3, 1, 8, 1, 5, 2, 5, 5, 4, 2, 3, 3, 7, 6, 4, 1, 7, 5, 7, 6, 6, 5, 4, 3, 6, 5, 4, 4, 7, 2, 4, 7, 6, 8, 1, 2, 2, 3, 7, 5, 4, 5, 5, 5, 4, 7, 3, 3, 4]
A_4 9.780000000000001 A 4 [6, 3, 3, 2, 2, 1, 4, 4, 2, 6, 1, 6, 4, 3, 2, 4, 4, 2, 6, 4, 1, 1, 2, 5, 2, 6, 3, 6, 3, 3, 5, 1, 6, 1, 3, 4, 3, 4, 5, 6, 1, 4, 4, 3, 1, 1, 2, 3, 4, 1, 6, 1, 5, 1, 5, 2, 6, 1, 5, 5, 4, 5, 6, 3, 5, 5, 2, 1, 5, 2, 4, 1, 5, 2, 6, 4, 5, 3, 1, 3] [6, 4, 4, 4, 3, 2, 6, 6, 3, 7, 2, 7, 4, 5, 3, 4, 5, 4, 8, 4, 2, 1, 4, 5, 4, 6, 3, 8, 3, 3, 6, 1, 6, 3, 5, 4, 5, 6, 7, 6, 3, 5, 4, 3, 1, 3, 4, 4, 5, 2, 7, 2, 5, 1, 7, 4, 8, 2, 7, 5, 6, 5, 6, 3, 6, 6, 3, 2, 7, 4, 4, 3, 5, 3, 7, 6, 5, 5, 2, 5]
A_5 10.780000000000001 A 5 [2, 1, 2, 2, 1, 4, 3, 5, 2, 1, 3, 3, 2, 6, 1, 6, 5, 2, 3, 1, 6, 5, 4, 5, 1, 1, 3, 2, 3, 5, 1, 5, 5, 4, 5, 5, 1, 1, 2, 5, 1, 3, 3, 2, 3, 1, 5, 3, 1, 4, 6, 2, 1, 2, 3, 2, 4, 4, 1, 4, 2, 1, 4, 6, 4, 4, 2, 3, 4, 3, 3, 4, 5, 4, 2, 4, 6, 6, 4, 5] [4, 2, 4, 2, 2, 6, 4, 6, 4, 2, 5, 4, 2, 7, 3, 8, 5, 3, 4, 1, 7, 6, 6, 7, 3, 2, 4, 4, 4, 7, 1, 6, 7, 5, 7, 7, 3, 2, 3, 7, 1, 4, 4, 2, 3, 1, 7, 4, 2, 4, 8, 4, 1, 2, 4, 2, 5, 5, 1, 4, 3, 1, 6, 7, 4, 5, 3, 3, 5, 3, 5, 4, 5, 4, 2, 4, 8, 8, 5, 7]
A_6 11.780000000000001 A 6 [6, 2, 5, 4, 4, 3, 4, 6, 6, 1, 6, 4, 2, 2, 4, 6, 3, 3, 6, 1, 5, 4, 3, 3, 1, 3, 6, 4, 2, 4, 6, 2, 1, 5, 1, 6, 6, 4, 1, 1, 4, 5, 2, 4, 1, 4, 2, 4, 3, 2, 3, 6, 6, 1, 6, 4, 4, 6, 4, 2, 5, 3, 4, 3, 5, 6, 5, 6, 3, 6, 6, 5, 1, 1, 5, 1, 5, 1, 5, 6] [8, 2, 6, 4, 6, 4, 6, 6, 8, 2, 6, 6, 3, 4, 4, 7, 5, 4, 7, 3, 6, 4, 3, 5, 1, 4, 8, 4, 2, 6, 6, 2, 2, 6, 1, 8, 6, 4, 1, 2, 4, 6, 4, 6, 3, 6, 2, 4, 5, 4, 4, 6, 8, 3, 6, 5, 6, 7, 5, 2, 5, 4, 6, 4, 6, 6, 6, 6, 5, 6, 7, 7, 1, 1, 7, 1, 7, 3, 7, 8]
A_7 13.530000000000001 A 7 [1, 5, 1, 1, 4, 5, 6, 5, 5, 3, 2, 1, 1, 6, 4, 6, 1, 2, 2, 6, 4, 1, 1, 2, 6, 4, 1, 2, 1, 4, 4, 2, 1, 3, 5, 2, 5, 6, 4, 1, 6, 1, 4, 4, 1, 5, 4, 6, 5, 1, 3, 1, 3, 4, 3, 3, 5, 5, 6, 3, 3, 1, 3, 4, 6, 1, 5, 1, 4, 4, 5, 5, 3, 6, 4, 4, 4, 6, 6, 5] [1, 6, 3, 2, 6, 6, 6, 7, 7, 4, 2, 2, 2, 8, 5, 8, 1, 3, 3, 6, 5, 1, 3, 2, 7, 6, 3, 4, 3, 4, 5, 3, 3, 5, 5, 4, 5, 8, 5, 2, 7, 3, 5, 6, 2, 6, 6, 6, 6, 1, 4, 2, 5, 5, 5, 4, 7, 5, 8, 3, 3, 3, 3, 5, 6, 3, 5, 2, 6, 6, 6, 6, 4, 7, 5, 5, 4, 6, 7, 5]
A_8 14.530000000000001 A 8 [2, 4, 6, 6, 2, 2, 6, 5, 5, 2, 3, 1, 5, 5, 1, 2, 6, 4, 3, 2, 1, 6, 6, 1, 3, 1, 3, 6, 3, 2, 5, 2, 2, 1, 3, 5, 1, 5, 4, 6, 4, 1, 5, 6, 4, 2, 5, 4, 6, 1, 3, 3, 3, 4, 2, 4, 5, 5, 3, 2, 1, 3, 1, 4, 1, 5, 3, 1, 3, 6, 1, 3, 3, 6, 6, 5, 1, 3, 4, 3] [2, 5, 8, 8, 3, 4, 8, 7, 5, 3, 4, 2, 7, 7, 1, 3, 7, 5, 5, 2, 1, 7, 7, 2, 3, 1, 5, 7, 4, 4, 7, 2, 4, 1, 5, 7, 1, 7, 6, 7, 5, 2, 6, 6, 5, 4, 7, 4, 8, 2, 4, 3, 3, 4, 2, 4, 7, 6, 4, 2, 2, 5, 1, 5, 1, 7, 3, 3, 4, 6, 2, 5, 5, 7, 8, 6, 2, 3, 4, 3]
A_9 15.530000000000001 A 9 [3, 1, 3, 1, 6, 1, 1, 3, 2, 1, 1, 5, 1, 4, 1, 3, 6, 2, 6, 6, 4, 3, 1, 1, 1, 1, 5, 3, 1, 3, 6, 5, 3, 6, 5, 6, 3, 5, 2, 6, 5, 2, 2, 2, 2, 3, 3, 3, 2, 1, 6, 5, 1, 2, 1, 5, 1, 5, 5, 4, 5, 1, 1, 3, 2, 6, 5, 1, 1, 2, 2, 6, 1, 3, 1, 4, 5, 6, 2, 3] [4, 1, 3, 2, 7, 2, 2, 4, 3, 2, 2, 6, 3, 4, 2, 3, 7, 3, 6, 8, 6, 3, 3, 3, 3, 2, 5, 3, 1, 3, 8, 6, 5, 8, 5, 6, 3, 5, 2, 7, 5, 2, 4, 3, 4, 3, 5, 4, 3, 2, 6, 7, 2, 3, 1, 7, 2, 7, 6, 6, 5, 1, 1, 4, 2, 8, 7, 3, 2, 4, 3, 6, 2, 5, 3, 5, 5, 7, 2, 5]
A_10 16.53 A 10 [2, 5, 5, 4, 1, 3, 6, 2, 3, 1, 4, 4, 6, 3, 1, 4, 2, 4, 3, 3, 4, 1, 1, 2, 2, 3, 5, 2, 5, 1, 1, 3, 1, 1, 1, 3, 5, 3, 1, 6, 1, 5, 6, 3, 3, 3, 1, 3, 5, 5, 3, 6, 2, 3, 1, 4, 1, 5, 1, 2, 1, 4, 6, 2, 1, 1, 1, 2, 6, 6, 3, 4, 5, 3, 6, 1, 4, 4, 2, 1] [4, 5, 7, 6, 2, 5, 6, 2, 4, 2, 6, 4, 7, 4, 1, 6, 2, 5, 5, 3, 4, 1, 1, 2, 2, 5, 5, 4, 7, 1, 3, 4, 1, 1, 3, 5, 5, 5, 3, 8, 1, 6, 6, 4, 3, 3, 3, 3, 5, 5, 5, 6, 3, 5, 1, 4, 3, 7, 1, 3, 3, 5, 7, 3, 3, 1, 2, 3, 8, 8, 3, 6, 6, 4, 6, 3, 5, 5, 2, 2]
A_11 17.53 A 11 [5, 4, 3, 5, 6, 3, 4, 1, 1, 5, 4, 3, 6, 6, 2, 4, 6, 2, 6, 6, 6, 4, 4, 2, 6, 1, 4, 1, 6, 2, 4, 2, 5, 5, 3, 1, 5, 2, 1, 5, 2, 1, 1, 2, 6, 3, 4, 1, 3, 1, 4, 3, 2, 5, 1, 1, 1, 5, 5, 1, 2, 6, 6, 4, 5, 2, 3, 1, 4, 3, 3, 3, 4, 2, 2, 6, 1, 5, 6, 4] [5, 4, 5, 6, 7, 4, 6, 2, 2, 6, 4, 5, 7, 8, 4, 5, 8, 2, 8, 7, 8, 4, 5, 2, 8, 3, 5, 1, 7, 4, 6, 3, 7, 7, 5, 3, 7, 2, 2, 6, 3, 1, 1, 4, 8, 3, 4, 3, 4, 3, 5, 4, 2, 5, 1, 2, 2, 7, 5, 3, 4, 6, 6, 6, 5, 2, 5, 3, 4, 3, 5, 5, 4, 4, 4, 8, 3, 5, 6, 4]
A_12 18.53 A 12 [1, 2, 6, 4, 4, 2, 2, 1, 5, 1, 6, 6, 5, 6, 2, 5, 1, 6, 2, 5, 6, 1, 1, 4, 2, 5, 2, 3, 1, 3, 5, 2, 3, 5, 5, 5, 2, 2, 3, 6, 6, 4, 2, 4, 6, 4, 2, 2, 5, 5, 5, 5, 3, 3, 2, 6, 1, 2, 1, 6, 5, 3, 5, 1, 3, 6, 4, 5, 1, 5, 1, 6, 4, 5, 1, 4, 5, 2, 3, 3] [3, 2, 6, 4, 4, 2, 3, 2, 7, 3, 7, 7, 6, 7, 2, 6, 1, 8, 2, 5, 8, 1, 3, 4, 2, 7, 2, 5, 1, 4, 6, 3, 4, 5, 6, 6, 4, 2, 5, 8, 7, 4, 2, 5, 7, 5, 2, 2, 7, 7, 6, 7, 4, 4, 4, 6, 1, 3, 2, 8, 5, 4, 6, 3, 3, 6, 4, 5, 1, 5, 3, 8, 4, 7, 1, 4, 7, 2, 5, 5]
A_13 20.310000000000002 A 13 [1, 3, 1, 3, 3, 6, 2, 6, 5, 4, 3, 6, 6, 6, 1, 4, 2, 5, 4, 3, 4, 2, 1, 4, 3, 5, 1, 6, 2, 6, 3, 5, 3, 6, 6, 2, 3, 2, 3, 4, 3, 2, 5, 2, 3, 3, 5, 4, 1, 4, 1, 2, 3, 5, 5, 2, 4, 5, 3, 3, 1, 6, 5, 3, 3, 5, 5, 1, 3, 1, 3, 6, 1, 1, 6, 3, 5, 1, 2, 1] [1, 3, 1, 4, 5, 7, 4, 8, 7, 4, 4, 8, 7, 8, 1, 5, 4, 6, 4, 3, 4, 2, 3, 4, 4, 7, 3, 6, 3, 8, 5, 7, 5, 6, 8, 3, 5, 3, 4, 5, 5, 3, 6, 2, 3, 5, 6, 6, 2, 6, 3, 3, 4, 6, 6, 4, 4, 7, 5, 3, 1, 6, 5, 4, 3, 5, 6, 3, 4, 1, 4, 7, 2, 2, 8, 5, 5, 1, 4, 2]
A_14 21.310000000000002 A 14 [5, 2, 4, 2, 2, 1, 4, 4, 1, 1, 1, 2, 2, 1, 3, 4, 1, 2, 2, 4, 3, 5, 3, 5, 5, 4, 5, 6, 1, 5, 6, 1, 6, 1, 3, 6, 5, 5, 1, 3, 3, 2, 4, 2, 4, 6, 2, 5, 1, 1, 4, 4, 2, 2, 4, 4, 4, 5, 6, 1, 3, 1, 6, 5, 6, 3, 6, 5, 1, 3, 3, 2, 3, 4, 3, 3, 6, 1, 5, 2] [7, 4, 5, 4, 3, 3, 4, 5, 1, 2, 1, 4, 2, 1, 4, 5, 1, 3, 3, 6, 5, 6, 4, 5, 7, 4, 5, 6, 3, 6, 6, 3, 8, 3, 3, 6, 5, 5, 2, 3, 5, 3, 6, 3, 6, 7, 4, 6, 1, 3, 4, 5, 3, 3, 4, 5, 6, 6, 6, 2, 4, 1, 6, 5, 8, 4, 8, 7, 3, 3, 5, 3, 3, 5, 4, 5, 6, 2, 5, 4]
A_15 22.310000000000002 A 15 [4, 5, 1, 3, 4, 6, 6, 6, 2, 3, 4, 4, 5, 4, 4, 1, 3, 4, 2, 6, 1, 2, 1, 6, 3, 1, 1, 5, 6, 2, 5, 5, 6, 4, 1, 5, 4, 2, 5, 6, 2, 1, 6, 1, 3, 1, 4, 1, 4, 5, 3, 4, 1, 2, 1, 3, 4, 6, 3, 3, 1, 4, 6, 5, 4, 5, 1, 3, 4, 3, 3, 3, 6, 6, 1, 6, 4, 4, 5, 2] [6, 6, 1, 5, 4, 8, 7, 8, 3, 3, 6, 5, 6, 5, 5, 2, 5, 5, 2, 8, 1, 4, 3, 6, 3, 2, 3, 6, 6, 3, 6, 6, 7, 5, 3, 6, 6, 3, 6, 6, 2, 3, 8, 2, 4, 3, 6, 2, 4, 5, 5, 4, 1, 3, 1, 5, 5, 6, 4, 5, 1, 6, 6, 5, 4, 6, 2, 5, 6, 4, 3, 5, 6, 7, 3, 8, 6, 6, 7, 3]
A_16 23.46 A 16 [2, 5, 3, 3, 4, 5, 3, 1, 6, 6, 2, 6, 1, 2, 1, 3, 3, 1, 1, 1, 2, 5, 5, 3, 3, 2, 4, 4, 2, 2, 6, 1, 4, 5, 2, 3, 6, 2, 4, 4, 5, 6, 1, 1, 4, 6, 6, 4, 5, 6, 2, 6, 5, 6, 5, 5, 6, 6, 4, 2, 5, 4, 5, 1, 2, 6, 3, 4, 2, 1, 1, 1, 4, 3, 5, 2, 2, 3, 1, 5] [4, 7, 4, 3, 5, 5, 5, 1, 7, 7, 2, 8, 1, 4, 1, 5, 4, 2, 1, 3, 2, 7, 7, 3, 4, 3, 4, 5, 3, 2, 7, 1, 4, 6, 2, 4, 7, 3, 5, 4, 6, 6, 2, 3, 6, 6, 7, 4, 6, 7, 4, 7, 5, 6, 5, 7, 6, 6, 5, 4, 6, 6, 6, 2, 3, 8, 4, 5, 3, 3, 1, 2, 5, 4, 6, 2, 3, 5, 2, 5]
A_17 25.490000000000002 A 17 [1, 5, 1, 5, 2, 2, 3, 2, 4, 2, 4, 2, 6, 5, 2, 4, 1, 6, 4, 5, 6, 1, 6, 5, 3, 2, 1, 2, 5, 2, 2, 2, 4, 3, 2, 5, 1, 4, 5, 2, 2, 5, 3, 2, 1, 2, 3, 6, 4, 1, 2, 2, 1, 6, 5, 1, 6, 3, 5, 6, 4, 6, 2, 3, 4, 6, 2, 3, 3, 3, 3, 4, 2, 6, 3, 4, 1, 1, 1, 3] [3, 5, 3, 7, 4, 3, 4, 3, 5, 3, 5, 2, 8, 6, 3, 5, 2, 6, 6, 6, 6, 1, 6, 5, 5, 4, 1, 4, 7, 2, 3, 2, 4, 3, 4, 6, 3, 6, 6, 3, 4, 6, 3, 3, 2, 2, 3, 7, 6, 3, 4, 4, 1, 6, 7, 1, 8, 4, 5, 7, 5, 8, 3, 5, 4, 8, 3, 3, 4, 4, 4, 4, 2, 6, 4, 6, 2, 1, 2, 3]
A_18 26.490000000000002 A 18 [3, 4, 5, 3, 6, 3, 6, 2, 3, 6, 3, 6, 2, 4, 2, 2, 1, 4, 4, 1, 6, 1, 6, 2, 3, 2, 1, 2, 5, 5, 4, 4, 3, 3, 6, 5, 3, 4, 1, 1, 5, 4, 4, 3, 6, 5, 4, 2, 5, 3, 6, 1, 4, 4, 2, 5, 2, 3, 4, 6, 1, 4, 3, 5, 6, 4, 5, 3, 2, 5, 4, 6, 2, 2, 2, 6, 4, 1, 2, 4] [3, 6, 5, 3, 8, 4, 7, 3, 5, 6, 5, 8, 2, 4, 3, 2, 1, 6, 5, 3, 7, 1, 8, 2, 4, 2, 1, 4, 6, 5, 4, 4, 4, 3, 7, 6, 4, 5, 3, 1, 5, 4, 4, 4, 6, 7, 6, 3, 5, 5, 6, 2, 6, 4, 3, 7, 4, 5, 5, 8, 1, 6, 3, 6, 6, 6, 5, 5, 3, 5, 4, 7, 3, 3, 2, 8, 5, 3, 2, 6]
A_19 27.490000000000002 A 19 [4, 5, 3, 1, 4, 1, 1, 6, 2, 6, 3, 6, 5, 3, 4, 6, 1, 5, 1, 4, 4, 5, 1, 6, 5, 2, 4, 5, 3, 2, 5, 6, 6, 6, 4, 5, 4, 1, 5, 6, 5, 2, 5, 5, 1, 4, 5, 6, 4, 5, 6, 2, 4, 2, 2, 1, 1, 4, 4, 3, 3, 3, 5, 1, 6, 6, 2, 3, 6, 4, 5, 3, 3, 6, 2, 1, 2, 1, 3, 5] [6, 5, 3, 1, 4, 1, 3, 6, 2, 8, 3, 7, 5, 3, 6, 8, 3, 6, 3, 5, 6, 7, 1, 8, 7, 4, 5, 5, 4, 4, 6, 7, 8, 8, 6, 5, 6, 2, 7, 8, 6, 2, 7, 7, 3, 4, 6, 8, 5, 6, 7, 4, 6, 3, 2, 3, 2, 5, 6, 5, 4, 5, 7, 2, 8, 7, 3, 3, 6, 6, 6, 5, 4, 7, 2, 1, 3, 3, 5, 5]
A_20 30.380000000000003 A 20 [5, 2, 5, 5, 1, 6, 5, 4, 1, 4, 4, 6, 6, 4, 3, 1, 2, 6, 6, 4, 1, 5, 6, 3, 5, 6, 6, 5, 4, 1, 6, 4, 6, 2, 4, 6, 5, 6, 2, 1, 5, 6, 5, 5, 3, 5, 5, 3, 4, 3, 2, 1, 3, 1, 5, 2, 5, 5, 2, 6, 5, 3, 3, 4, 6, 2, 3, 3, 3, 5, 4, 4, 4, 5, 6, 3, 2, 4, 3, 5] [6, 3, 6, 7, 2, 7, 6, 5, 1, 6, 4, 8, 8, 4, 5, 1, 2, 6, 7, 6, 3, 7, 8, 4, 5, 6, 7, 5, 4, 2, 6, 4, 7, 3, 5, 7, 5, 8, 3, 1, 5, 7, 7, 5, 4, 7, 7, 5, 6, 5, 2, 3, 3, 1, 7, 3, 7, 5, 2, 8, 5, 5, 3, 6, 8, 2, 4, 3, 5, 5, 4, 6, 6, 7, 8, 4, 2, 5, 3, 6]
A_21 33.120000000000005 A 21 [6, 5, 2, 6, 1, 5, 4, 1, 6, 3, 1, 4, 1, 2, 5, 2, 5, 1, 1, 5, 5, 2, 2, 4, 5, 2, 5, 6, 1, 3, 3, 6, 1, 4, 5, 5, 1, 4, 6, 1, 5, 3, 6, 6, 1, 3, 6, 1, 4, 5, 2, 6, 4, 2, 4, 1, 4, 6, 5, 5, 2, 2, 6, 1, 2, 1, 2, 4, 5, 3, 1, 2, 4, 3, 5, 6, 6, 3, 1, 3] [7, 6, 2, 7, 1, 6, 4, 1, 7, 3, 1, 4, 1, 2, 6, 4, 7, 1, 1, 7, 7, 3, 3, 5, 5, 3, 6, 6, 3, 5, 3, 7, 2, 4, 7, 7, 1, 4, 6, 3, 5, 4, 7, 7, 1, 5, 6, 2, 4, 5, 3, 7, 4, 3, 5, 2, 6, 6, 7, 6, 4, 2, 6, 1, 3, 1, 4, 5, 5, 3, 3, 4, 6, 3, 7, 6, 8, 5, 1, 3]
A_22 34.120000000000005 A 22 [2, 2, 5, 3, 2, 4, 3, 1, 6, 1, 1, 4, 1, 1, 3, 1, 5, 6, 6, 1, 6, 2, 6, 6, 6, 1, 5, 4, 2, 5, 6, 2, 4, 1, 5, 3, 4, 3, 2, 2, 4, 1, 3, 4, 2, 6, 5, 5, 3, 6, 5, 6, 1, 5, 5, 2, 5, 1, 6, 6, 2, 3, 2, 3, 4, 6, 6, 3, 3, 2, 4, 6, 4, 5, 1, 1, 2, 6, 5, 3] [3, 3, 6, 4, 4, 6, 3, 3, 7, 3, 1, 5, 3, 3, 4, 3, 7, 6, 8, 1, 8, 3, 8, 8, 7, 2, 6, 5, 4, 7, 8, 4, 6, 2, 5, 3, 5, 5, 4, 3, 5, 2, 5, 4, 4, 7, 7, 7, 4, 8, 6, 8, 3, 7, 7, 4, 7, 1, 8, 7, 3, 5, 4, 4, 5, 8, 8, 5, 3, 2, 6, 7, 4, 7, 3, 1, 4, 8, 6, 5]
A_23 36.760000000000005 A 23 [1, 5, 2, 6, 5, 5, 3, 2, 1, 1, 2, 2, 4, 4, 5, 6, 3, 5, 2, 6, 3, 4, 6, 3, 5, 2, 5, 1, 2, 3, 4, 4, 2, 1, 4, 6, 1, 3, 5, 5, 5, 2, 2, 3, 6, 5, 5, 5, 3, 3, 6, 3, 1, 3, 3, 2, 2, 2, 3, 5, 4, 1, 5, 4, 6, 6, 3, 3, 2, 4, 4, 2, 4, 1, 5, 1, 3, 1, 6, 5] [1, 6, 2, 6, 5, 7, 5, 2, 2, 3, 2, 2, 4, 4, 5, 6, 3, 5, 2, 8, 4, 5, 8, 3, 7, 3, 6, 1, 3, 5, 6, 4, 4, 1, 4, 7, 2, 3, 6, 7, 5, 2, 3, 3, 6, 5, 7, 5, 3, 4, 7, 4, 1, 4, 5, 2, 3, 4, 3, 7, 5, 3, 7, 5, 7, 6, 5, 4, 3, 5, 5, 3, 6, 2, 6, 2, 3, 1, 8, 6]
A_24 37.760000000000005 A 24 [5, 2, 4, 2, 2, 1, 1, 6, 3, 1, 2, 6, 2, 3, 5, 3, 3, 3, 3, 5, 5, 5, 6, 5, 2, 6, 3, 6, 5, 3, 2, 2, 2, 6, 1, 6, 6, 5, 1, 3, 1, 1, 2, 5, 5, 4, 3, 3, 2, 3, 1, 4, 2, 1, 6, 5, 1, 6, 1, 2, 4, 1, 1, 6, 1, 6, 2, 2, 2, 1, 2, 4, 1, 2, 3, 2, 1, 2, 6, 4] [7, 3, 5, 4, 4, 3, 1, 7, 3, 3, 2, 8, 2, 4, 7, 3, 4, 5, 4, 7, 5, 5, 7, 7, 2, 7, 5, 6, 6, 5, 4, 2, 3, 7, 3, 8, 6, 5, 1, 4, 3, 2, 3, 5, 6, 6, 3, 4, 2, 5, 3, 5, 2, 2, 8, 6, 2, 7, 3, 2, 6, 3, 2, 7, 3, 8, 4, 3, 4, 1, 4, 6, 2, 4, 3, 4, 2, 2, 6, 5]
A_25 38.760000000000005 A 25 [3, 5, 2, 4, 6, 1, 3, 4, 1, 1, 3, 1, 5, 5, 4, 1, 2, 2, 2, 2, 6, 2, 1, 2, 6, 4, 2, 2, 6, 1, 4, 1, 3, 4, 6, 5, 3, 1, 5, 3, 2, 3, 5, 1, 2, 6, 1, 2, 2, 2, 2, 6, 2, 6, 4, 4, 1, 6, 5, 6, 5, 1, 3, 1, 6, 1, 2, 3, 4, 6, 6, 2, 3, 1, 4, 5, 5, 6, 4, 4] [3, 5, 4, 4, 6, 2, 4, 6, 1, 2, 5, 3, 7, 7, 4, 2, 3, 4, 2, 4, 6, 3, 2, 3, 7, 4, 3, 2, 7, 2, 4, 3, 4, 5, 8, 5, 4, 2, 5, 5, 4, 4, 6, 2, 2, 7, 1, 2, 3, 4, 2, 7, 3, 8, 6, 4, 3, 8, 6, 7, 6, 2, 3, 2, 6, 3, 3, 4, 5, 7, 6, 2, 3, 3, 6, 7, 5, 6, 6, 6]
A_26 39.760000000000005 A 26 [5, 1, 5, 3, 3, 3, 6, 1, 3, 5, 5, 4, 2, 1, 5, 1, 4, 1, 1, 4, 6, 5, 5, 5, 3, 2, 5, 2, 6, 5, 5, 2, 1, 4, 6, 4, 3, 2, 6, 6, 3, 6, 6, 3, 1, 6, 5, 3, 4, 2, 4, 6, 4, 6, 5, 4, 2, 2, 4, 4, 1, 6, 6, 3, 4, 2, 2, 3, 4, 5, 2, 5, 1, 4, 6, 6, 5, 5, 2, 5] [7, 1, 7, 3, 3, 4, 8, 3, 5, 5, 5, 5, 2, 3, 5, 3, 4, 1, 1, 5, 7, 6, 6, 6, 5, 3, 6, 3, 7, 6, 6, 3, 1, 4, 6, 6, 3, 4, 8, 7, 4, 7, 8, 3, 3, 7, 5, 4, 6, 4, 4, 7, 5, 6, 6, 5, 3, 3, 4, 4, 2, 6, 8, 5, 4, 2, 3, 5, 5, 7, 3, 7, 3, 4, 7, 6, 5, 7, 2, 5]
A_27 40.760000000000005 A 27 [5, 1, 5, 4, 6, 2, 4, 2, 6, 3, 2, 1, 3, 6, 6, 5, 4, 2, 2, 5, 5, 6, 4, 1, 6, 2, 2, 3, 6, 5, 4, 6, 4, 6, 6, 4, 5, 4, 4, 4, 1, 5, 3, 5, 4, 6, 6, 2, 2, 5, 3, 6, 1, 1, 6, 2, 4, 3, 4, 6, 5, 2, 5, 2, 1, 2, 3, 1, 5, 5, 6, 4, 2, 3, 4, 3, 2, 2, 1, 5] [5, 3, 6, 6, 8, 4, 4, 4, 7, 3, 4, 1, 5, 6, 6, 6, 5, 4, 4, 5, 5, 6, 5, 1, 6, 2, 3, 5, 7, 6, 6, 8, 5, 6, 6, 6, 5, 6, 6, 6, 1, 7, 4, 7, 4, 8, 8, 4, 3, 7, 5, 6, 1, 2, 6, 3, 5, 5, 6, 7, 6, 4, 6, 3, 2, 4, 3, 1, 6, 5, 6, 6, 4, 4, 5, 4, 2, 2, 2, 6]
A_28 43.980000000000004 A 28 [5, 2, 4, 3, 3, 3, 2, 1, 3, 1, 5, 6, 1, 2, 1, 6, 2, 5, 5, 3, 4, 1, 2, 2, 5, 6, 6, 6, 1, 1, 2, 2, 1, 3, 1, 6, 3, 1, 2, 5, 3, 2, 1, 2, 5, 1, 3, 2, 5, 5, 1, 3, 5, 4, 3, 1, 3, 1, 1, 4, 4, 4, 3, 2, 5, 5, 4, 4, 4, 6, 6, 3, 6, 2, 1, 2, 1, 5, 5, 1] [5, 3, 5, 4, 3, 4, 2, 3, 4, 1, 7, 7, 1, 3, 3, 6, 3, 7, 6, 4, 4, 3, 4, 3, 6, 7, 7, 7, 1, 2, 3, 3, 3, 5, 1, 6, 3, 2, 3, 6, 3, 4, 1, 4, 7, 2, 3, 2, 7, 5, 3, 5, 6, 6, 5, 2, 5, 1, 1, 4, 6, 5, 4, 3, 5, 5, 4, 4, 4, 8, 7, 3, 6, 2, 1, 4, 2, 6, 5, 3]
A_29 45.78 A 29 [3, 2, 1, 3, 3, 5, 4, 4, 2, 3, 1, 2, 3, 6, 5, 2, 2, 2, 5, 2, 1, 3, 5, 3, 3, 1, 5, 5, 1, 2, 3, 5, 3, 3, 2, 3, 2, 4, 5, 6, 3, 2, 4, 5, 3, 6, 2, 6, 1, 1, 2, 5, 3, 2, 5, 4, 3, 2, 5, 3, 4, 6, 6, 4, 4, 6, 4, 5, 5, 3, 2, 5, 1, 2, 4, 3, 1, 4, 2, 3] [5, 2, 3, 5, 3, 7, 6, 4, 4, 3, 1, 4, 4, 8, 6, 3, 2, 2, 5, 4, 2, 5, 7, 5, 5, 2, 6, 6, 2, 3, 4, 7, 3, 5, 3, 4, 4, 5, 5, 6, 3, 2, 4, 7, 4, 6, 3, 7, 2, 3, 2, 6, 4, 2, 6, 4, 3, 2, 5, 3, 6, 6, 7, 5, 4, 8, 5, 5, 5, 5, 4, 7, 2, 2, 4, 4, 3, 6, 2, 3]
A_30 46.78 A 30 [2, 3, 2, 4, 5, 1, 6, 4, 5, 6, 1, 4, 5, 3, 6, 5, 6, 2, 4, 5, 6, 3, 6, 4, 2, 4, 5, 4, 2, 3, 3, 5, 6, 6, 3, 1, 1, 3, 3, 5, 4, 6, 6, 4, 6, 3, 4, 3, 6, 5, 5, 2, 5, 6, 3, 4, 5, 4, 2, 2, 5, 2, 1, 3, 5, 2, 2, 2, 3, 6, 1, 5, 4, 4, 1, 5, 3, 3, 2, 3] [4, 3, 2, 6, 6, 1, 6, 5, 7, 8, 3, 6, 6, 5, 6, 6, 7, 3, 4, 6, 6, 3, 8, 6, 4, 4, 6, 6, 3, 4, 3, 5, 7, 6, 4, 2, 1, 3, 3, 5, 4, 6, 7, 4, 6, 3, 5, 4, 6, 7, 6, 3, 5, 6, 3, 5, 7, 6, 2, 3, 5, 3, 2, 5, 7, 3, 3, 4, 3, 8, 2, 6, 5, 6, 2, 5, 3, 4, 4, 3]
A_31 47.78 A 31 [1, 6, 2, 3, 1, 5, 2, 2, 2, 5, 3, 2, 2, 5, 1, 5, 1, 2, 4, 6, 4, 6, 2, 4, 2, 1, 2, 6, 2, 5, 5, 4, 5, 2, 4, 2, 5, 2, 1, 1, 5, 1, 1, 4, 5, 4, 4, 6, 1, 3, 6, 4, 5, 2, 5, 5, 5, 1, 4, 4, 4, 3, 5, 1, 5, 1, 6, 6, 2, 6, 3, 2, 6, 4, 3, 1, 4, 3, 3, 3] [3, 7, 4, 3, 1, 6, 2, 3, 2, 6, 4, 3, 3, 7, 3, 6, 1, 2, 4, 7, 4, 7, 4, 4, 2, 3, 3, 8, 3, 7, 5, 4, 6, 4, 6, 4, 5, 4, 1, 1, 7, 2, 2, 5, 7, 5, 6, 7, 2, 5, 7, 4, 5, 3, 5, 6, 6, 3, 5, 4, 5, 4, 5, 1, 5, 2, 6, 6, 4, 8, 5, 4, 7, 6, 4, 3, 5, 4, 4, 5]
A_32 49.13 A 32 [4, 1, 2, 1, 6, 5, 1, 1, 2, 3, 1, 5, 3, 3, 6, 6, 4, 4, 3, 6, 6, 1, 4, 2, 2, 3, 1, 4, 1, 3, 6, 5, 2, 4, 5, 3, 6, 3, 1, 3, 3, 3, 4, 3, 1, 6, 3, 4, 2, 4, 2, 3, 1, 3, 5, 2, 4, 1, 4, 3, 5, 3, 6, 2, 1, 5, 5, 4, 6, 3, 3, 2, 1, 2, 6, 2, 6, 1, 1, 2] [4, 3, 2, 1, 6, 7, 2, 3, 4, 5, 1, 7, 4, 5, 8, 7, 4, 4, 4, 8, 7, 2, 6, 4, 3, 4, 1, 5, 3, 3, 7, 6, 4, 5, 7, 5, 6, 4, 1, 5, 4, 3, 5, 4, 1, 6, 3, 6, 3, 6, 3, 5, 2, 4, 5, 2, 4, 3, 5, 4, 6, 4, 7, 4, 1, 7, 7, 5, 6, 4, 5, 2, 1, 4, 7, 4, 7, 1, 1, 4]
A_33 50.980000000000004 A 33 [5, 5, 6, 6, 1, 4, 5, 3, 1, 6, 1, 5, 5, 6, 1, 4, 5, 3, 3, 6, 2, 4, 1, 1, 6, 4, 4, 6, 3, 3, 6, 2, 4, 4, 5, 3, 3, 6, 5, 1, 3, 5, 6, 1, 1, 2, 6, 4, 3, 6, 2, 5, 3, 4, 2, 6, 2, 3, 1, 3, 5, 3, 1, 5, 6, 5, 2, 6, 2, 4, 6, 6, 2, 6, 1, 3, 5, 5, 1, 4] [5, 5, 8, 8, 3, 5, 6, 5, 1, 8, 1, 7, 5, 6, 3, 5, 6, 3, 3, 8, 3, 4, 2, 1, 7, 5, 4, 6, 5, 5, 6, 4, 5, 6, 7, 4, 5, 6, 6, 1, 4, 7, 8, 3, 1, 2, 7, 6, 5, 6, 2, 5, 4, 5, 3, 6, 3, 3, 3, 3, 6, 5, 2, 6, 8, 5, 3, 7, 4, 6, 8, 8, 2, 7, 3, 3, 7, 7, 1, 5]
A_34 51.980000000000004 A 34 [6, 6, 4, 1, 3, 5, 1, 5, 3, 5, 1, 3, 5, 6, 3, 1, 2, 2, 6, 4, 4, 5, 5, 4, 1, 6, 6, 6, 1, 2, 3, 4, 5, 5, 6, 2, 3, 1, 4, 3, 3, 2, 4, 4, 2, 6, 3, 4, 5, 5, 4, 4, 5, 5, 6, 2, 5, 3, 5, 1, 2, 6, 4, 1, 3, 3, 1, 6, 3, 5, 3, 2, 6, 1, 2, 4, 1, 4, 6, 1] [6, 6, 6, 1, 5, 7, 1, 5, 5, 5, 3, 5, 6, 8, 3, 3, 2, 4, 7, 6, 5, 7, 5, 4, 3, 8, 6, 6, 1, 3, 4, 6, 7, 7, 6, 4, 5, 1, 6, 3, 5, 4, 5, 5, 3, 6, 5, 6, 5, 5, 5, 5, 7, 5, 7, 3, 7, 3, 6, 3, 3, 6, 6, 3, 5, 4, 1, 7, 5, 5, 4, 2, 8, 1, 4, 4, 2, 6, 7, 2]
A_35 52.980000000000004 A 35 [6, 1, 4, 4, 4, 5, 6, 2, 5, 6, 3, 1, 5, 2, 6, 5, 3, 5, 5, 5, 6, 5, 3, 6, 6, 5, 4, 4, 6, 3, 1, 2, 3, 3, 2, 6, 4, 2, 3, 6, 4, 5, 2, 5, 4, 6, 5, 1, 5, 2, 5, 6, 5, 3, 3, 3, 3, 5, 2, 1, 6, 5, 1, 6, 5, 4, 6, 1, 4, 1, 3, 2, 4, 5, 6, 2, 2, 2, 4, 5] [7, 3, 6, 5, 4, 7, 8, 4, 7, 6, 5, 3, 6, 3, 6, 6, 4, 6, 6, 5, 7, 7, 3, 7, 8, 5, 6, 6, 6, 4, 2, 4, 5, 4, 4, 7, 5, 2, 4, 6, 4, 5, 2, 6, 4, 6, 7, 3, 7, 3, 5, 6, 7, 4, 5, 5, 4, 6, 3, 3, 8, 7, 2, 6, 7, 5, 8, 2, 5, 2, 4, 3, 6, 5, 7, 3, 3, 2, 4, 7]
A_36 53.980000000000004 A 36 [1, 6, 3, 1, 3, 1, 6, 5, 1, 3, 5, 5, 2, 3, 5, 4, 6, 1, 3, 4, 5, 1, 4, 1, 6, 3, 3, 5, 3, 2, 1, 5, 6, 3, 3, 4, 2, 6, 4, 5, 2, 1, 2, 3, 1, 5, 6, 3, 6, 3, 2, 6, 5, 3, 1, 1, 5, 1, 4, 6, 3, 2, 6, 1, 2, 4, 3, 5, 4, 6, 2, 6, 6, 1, 5, 3, 1, 2, 3, 4] [3, 6, 5, 2, 5, 3, 6, 5, 1, 3, 5, 7, 4, 5, 5, 6, 7, 3, 4, 6, 5, 1, 5, 2, 6, 4, 3, 5, 3, 4, 1, 5, 6, 5, 5, 5, 2, 8, 6, 5, 4, 1, 4, 5, 2, 7, 8, 4, 8, 3, 2, 8, 5, 3, 2, 3, 5, 3, 6, 7, 3, 4, 7, 1, 2, 6, 5, 7, 5, 7, 4, 8, 6, 3, 5, 5, 2, 2, 4, 5]
A_37 55.790000000000006 A 37 [6, 6, 4, 5, 4, 1, 4, 6, 5, 5, 3, 2, 2, 2, 5, 2, 2, 4, 4, 1, 6, 4, 3, 3, 5, 1, 2, 4, 1, 4, 3, 2, 3, 6, 1, 2, 6, 1, 6, 1, 4, 5, 2, 5, 2, 1, 4, 5, 4, 5, 2, 3, 5, 6, 2, 4, 1, 5, 6, 3, 3, 4, 3, 6, 2, 6, 1, 6, 1, 1, 1, 6, 5, 1, 2, 2, 4, 1, 1, 6] [7, 7, 6, 5, 6, 2, 4, 8, 7, 5, 5, 2, 2, 3, 5, 3, 3, 6, 5, 2, 8, 4, 5, 3, 5, 2, 4, 6, 2, 5, 3, 4, 4, 6, 1, 2, 8, 1, 7, 1, 4, 5, 3, 5, 2, 1, 6, 6, 4, 5, 2, 3, 5, 7, 3, 6, 1, 5, 7, 5, 5, 4, 3, 8, 4, 7, 3, 7, 3, 1, 3, 7, 7, 3, 2, 2, 5, 3, 3, 8]
A_38 56.790000000000006 A 38 [4, 1, 3, 5, 5, 2, 1, 4, 4, 2, 1, 1, 3, 3, 1, 5, 4, 5, 1, 5, 2, 6, 2, 5, 1, 5, 6, 4, 2, 5, 3, 1, 1, 5, 4, 3, 4, 6, 2, 6, 5, 4, 4, 3, 1, 1, 6, 6, 6, 2, 4, 1, 1, 1, 3, 1, 5, 1, 5, 3, 2, 2, 4, 2, 2, 3, 5, 5, 4, 3, 6, 2, 4, 5, 1, 2, 5, 6, 5, 6] [4, 1, 5, 5, 7, 3, 1, 5, 6, 2, 3, 2, 5, 4, 2, 6, 5, 6, 3, 7, 3, 6, 4, 6, 1, 5, 8, 6, 3, 5, 3, 1, 1, 6, 6, 4, 6, 7, 3, 7, 7, 6, 4, 4, 2, 3, 8, 6, 6, 4, 5, 3, 3, 2, 4, 1, 6, 3, 7, 5, 2, 4, 5, 3, 2, 5, 6, 7, 4, 3, 6, 2, 6, 7, 2, 3, 7, 7, 7, 6]
A_39 58.790000000000006 A 39 [4, 3, 6, 3, 6, 5, 1, 1, 6, 6, 6, 5, 6, 4, 3, 6, 4, 2, 1, 6, 1, 1, 2, 5, 3, 3, 6, 4, 5, 6, 5, 1, 3, 1, 3, 6, 5, 1, 6, 5, 6, 4, 1, 2, 5, 2, 3, 4, 5, 6, 3, 6, 4, 1, 4, 5, 3, 4, 6, 4, 4, 2, 2, 4, 4, 3, 4, 4, 5, 3, 6, 3, 4, 4, 5, 1, 4, 4, 3, 5] [6, 3, 7, 4, 6, 7, 2, 2, 7, 7, 8, 6, 8, 5, 3, 6, 4, 3, 1, 8, 1, 3, 3, 7, 4, 5, 7, 6, 6, 6, 5, 1, 5, 1, 3, 6, 5, 1, 7, 7, 6, 4, 3, 4, 6, 4, 3, 5, 6, 7, 5, 6, 5, 3, 6, 6, 5, 4, 6, 4, 6, 4, 2, 5, 5, 3, 5, 4, 7, 4, 8, 5, 4, 4, 7, 3, 4, 6, 3, 5]
B_0 1 B 40 [3, 2, 1, 1, 1, 1, 4, 6, 4, 5, 1, 2, 6, 3, 3, 2, 5, 2, 5, 5, 5, 5, 4, 5, 1, 2, 3, 1, 3, 3, 4, 5, 3, 3, 3, 4, 2, 4, 5, 6, 1, 3, 2, 5, 6, 4, 6, 5, 4, 5, 6, 5, 3, 2, 4, 3, 3, 3, 5, 5, 1, 5, 2, 3, 4, 3, 5, 3, 6, 1, 3, 3, 1, 3, 1, 6, 4, 2, 1, 2] [3, 2, 1, 2, 3, 1, 4, 7, 5, 5, 1, 3, 7, 5, 5, 2, 6, 4, 5, 6, 5, 5, 5, 5, 3, 4, 4, 1, 3, 3, 4, 7, 4, 4, 5, 4, 4, 4, 7, 6, 2, 3, 3, 7, 8, 6, 6, 6, 5, 5, 6, 7, 5, 2, 4, 5, 3, 4, 7, 6, 3, 6, 3, 3, 5, 4, 6, 3, 8, 1, 3, 3, 2, 3, 1, 7, 6, 3, 3, 3]
B_1 2 B 41 [2, 1, 6, 2, 4, 3, 5, 1, 1, 2, 5, 1, 4, 2, 2, 1, 6, 5, 4, 2, 6, 3, 1, 2, 1, 3, 6, 5, 2, 2, 6, 1, 3, 5, 2, 5, 1, 5, 4, 4, 3, 1, 2, 2, 2, 5, 4, 2, 5, 3, 3, 1, 2, 3, 5, 4, 1, 6, 3, 4, 5, 5, 3, 3, 5, 6, 3, 5, 5, 3, 5, 1, 6, 2, 1, 4, 3, 4, 2, 3] [2, 2, 8, 3, 5, 4, 6, 3, 2, 2, 6, 1, 4, 3, 3, 3, 6, 6, 4, 2, 7, 4, 2, 2, 2, 4, 7, 7, 4, 2, 6, 2, 3, 7, 4, 5, 1, 5, 6, 4, 3, 1, 2, 4, 3, 6, 5, 3, 5, 3, 4, 2, 3, 4, 6, 4, 2, 6, 4, 4, 6, 7, 5, 3, 5, 7, 4, 7, 6, 4, 7, 1, 8, 3, 1, 6, 3, 5, 4, 4]
B_2 3 B 42 [1, 6, 6, 2, 4, 3, 2, 4, 5, 2, 6, 1, 2, 5, 4, 6, 1, 3, 4, 5, 5, 6, 3, 2, 2, 5, 6, 3, 1, 4, 6, 1, 4, 6, 4, 2, 2, 2, 4, 1, 2, 2, 2, 3, 4, 3, 5, 1, 4, 5, 2, 4, 2, 5, 6, 1, 4, 3, 4, 5, 6, 5, 2, 2, 1, 6, 4, 5, 5, 3, 1, 1, 6, 1, 6, 3, 3, 2, 1, 6] [3, 7, 6, 3, 4, 4, 4, 5, 6, 4, 6, 1, 2, 6, 6, 8, 2, 3, 4, 7, 7, 7, 5, 3, 3, 6, 8, 4, 1, 4, 7, 2, 5, 8, 5, 2, 4, 3, 4, 3, 3, 2, 4, 4, 6, 5, 5, 2, 5, 5, 4, 4, 2, 7, 8, 3, 6, 4, 5, 5, 6, 6, 3, 4, 1, 6, 5, 7, 7, 5, 3, 2, 8, 1, 7, 4, 5, 2, 1, 8]
B_3 4 B 43 [6, 1, 1, 6, 3, 2, 4, 4, 6, 2, 3, 2, 4, 2, 2, 1, 1, 2, 3, 5, 5, 6, 4, 3, 5, 1, 3, 5, 2, 5, 4, 4, 3, 1, 4, 5, 3, 5, 3, 2, 5, 2, 3, 4, 3, 2, 1, 5, 1, 1, 4, 2, 5, 1, 4, 4, 6, 1, 6, 5, 4, 5, 6, 1, 4, 3, 6, 2, 3, 3, 2, 2, 4, 4, 3, 4, 1, 2, 2, 6] [8, 3, 3, 7, 3, 2, 6, 6, 6, 3, 4, 4, 5, 2, 3, 2, 3, 3, 4, 7, 5, 7, 4, 3, 5, 2, 3, 7, 4, 7, 4, 5, 4, 3, 5, 6, 5, 5, 4, 4, 7, 4, 4, 4, 4, 4, 1, 6, 1, 1, 4, 3, 6, 2, 5, 6, 8, 2, 7, 5, 4, 5, 7, 2, 4, 5, 7, 4, 5, 5, 2, 2, 4, 5, 4, 5, 3, 4, 4, 6]
B_4 5 B 44 [3, 5, 1, 4, 1, 3, 1, 1, 4, 2, 3, 6, 6, 3, 4, 3, 4, 1, 6, 1, 3, 1, 2, 6, 5, 2, 1, 4, 5, 3, 6, 5, 1, 1, 2, 4, 1, 2, 1, 5, 6, 2, 4, 3, 5, 4, 1, 3, 2, 6, 6, 6, 4, 3, 3, 2, 2, 2, 1, 1, 1, 2, 1, 2, 1, 5, 2, 3, 3, 2, 3, 2, 1, 5, 3, 2, 2, 3, 5, 5] [4, 6, 3, 6, 1, 3, 3, 2, 5, 4, 3, 8, 7, 3, 6, 4, 6, 2, 6, 3, 4, 1, 4, 6, 6, 2, 3, 4, 7, 4, 6, 7, 1, 1, 3, 4, 2, 2, 2, 6, 8, 3, 6, 4, 6, 5, 2, 3, 2, 6, 7, 6, 6, 3, 4, 3, 3, 2, 1, 3, 1, 3, 3, 3, 1, 5, 2, 4, 3, 2, 5, 3, 2, 6, 5, 4, 4, 5, 6, 7]
B_5 7.37 B 45 [6, 4, 6, 2, 1, 1, 4, 5, 2, 3, 3, 3, 4, 3, 6, 1, 6, 2, 5, 4, 5, 3, 6, 5, 4, 6, 6, 6, 1, 6, 3, 4, 6, 2, 6, 6, 5, 1, 1, 2, 4, 5, 3, 2, 4, 1, 1, 4, 4, 6, 4, 5, 2, 6, 6, 5, 2, 1, 1, 5, 2, 6, 5, 3, 4, 5, 6, 5, 4, 5, 1, 5, 3, 3, 6, 1, 2, 1, 2, 6] [7, 6, 6, 4, 3, 1, 6, 6, 4, 3, 3, 3, 5, 5, 7, 3, 6, 2, 7, 4, 7, 5, 7, 5, 6, 7, 7, 8, 2, 6, 3, 5, 6, 2, 6, 6, 7, 1, 3, 4, 6, 6, 5, 4, 5, 2, 1, 6, 5, 7, 5, 5, 4, 8, 7, 5, 4, 1, 1, 5, 3, 7, 5, 4, 6, 6, 7, 5, 4, 6, 3, 7, 5, 5, 6, 2, 2, 1, 2, 7]
B_6 9.95 B 46 [2, 2, 4, 1, 2, 5, 2, 4, 5, 3, 1, 4, 2, 5, 2, 4, 6, 3, 4, 5, 5, 6, 5, 5, 3, 1, 5, 6, 3, 2, 4, 4, 3, 6, 3, 5, 6, 4, 6, 3, 6, 4, 5, 1, 1, 1, 5, 3, 6, 3, 2, 5, 5, 6, 2, 2, 2, 6, 2, 2, 5, 1, 3, 3, 5, 1, 4, 1, 5, 2, 3, 6, 6, 3, 2, 3, 5, 5, 6, 3] [4, 3, 5, 1, 4, 7, 2, 6, 7, 5, 3, 4, 2, 6, 4, 6, 7, 3, 6, 6, 7, 6, 7, 7, 3, 1, 5, 8, 3, 3, 5, 6, 3, 7, 5, 7, 8, 6, 8, 3, 6, 5, 5, 1, 2, 1, 7, 4, 6, 3, 3, 7, 6, 8, 2, 3, 4, 7, 2, 4, 7, 3, 3, 3, 6, 2, 6, 3, 6, 4, 3, 6, 8, 3, 4, 4, 6, 7, 6, 4]
B_7 10.95 B 47 [6, 5, 4, 5, 3, 3, 4, 6, 4, 3, 3, 1, 2, 4, 5, 1, 4, 6, 2, 6, 3, 1, 5, 5, 3, 2, 3, 2, 2, 6, 3, 6, 4, 4, 4, 1, 3, 5, 6, 4, 5, 2, 1, 5, 3, 4, 3, 6, 6, 1, 2, 3, 2, 1, 5, 5, 3, 3, 4, 4, 1, 6, 4, 2, 1, 5, 6, 6, 3, 3, 4, 5, 6, 4, 4, 5, 2, 4, 6, 6] [6, 6, 4, 7, 4, 4, 4, 6, 4, 4, 3, 3, 2, 6, 6, 2, 4, 7, 3, 8, 5, 2, 7, 5, 4, 2, 4, 4, 2, 7, 4, 7, 6, 6, 6, 3, 4, 6, 6, 5, 6, 3, 2, 6, 3, 6, 4, 7, 7, 1, 4, 5, 2, 1, 7, 5, 4, 5, 4, 6, 1, 7, 5, 2, 1, 7, 8, 7, 5, 5, 6, 7, 8, 4, 4, 5, 2, 4, 7, 6]
B_8 12.07 B 48 [6, 6, 5, 4, 4, 1, 3, 5, 6, 2, 5, 3, 5, 1, 1, 4, 5, 4, 5, 4, 4, 4, 3, 3, 2, 2, 4, 2, 5, 1, 6, 1, 2, 3, 5, 5, 6, 4, 6, 5, 4, 5, 4, 1, 2, 4, 6, 6, 5, 5, 1, 1, 4, 4, 3, 3, 5, 4, 6, 1, 2, 2, 5, 2, 3, 4, 6, 1, 3, 2, 3, 5, 2, 2, 6, 4, 6, 6, 6, 4] [8, 8, 5, 5, 5, 2, 5, 6, 8, 3, 5, 4, 7, 2, 1, 4, 6, 6, 5, 5, 6, 4, 4, 3, 2, 3, 6, 3, 7, 2, 6, 2, 3, 5, 5, 7, 8, 4, 6, 6, 5, 5, 5, 1, 2, 5, 6, 7, 7, 6, 3, 3, 5, 5, 5, 4, 5, 6, 6, 1, 3, 3, 5, 3, 5, 5, 7, 3, 4, 3, 5, 6, 2, 4, 6, 4, 8, 8, 8, 6]
B_9 13.07 B 49 [3, 1, 4, 6, 1, 4, 2, 1, 1, 1, 5, 1, 5, 4, 1, 5, 6, 1, 3, 5, 3, 5, 6, 3, 3, 2, 2, 5, 5, 1, 5, 3, 4, 6, 5, 2, 3, 5, 2, 6, 5, 3, 5, 1, 6, 6, 3, 1, 5, 4, 3, 5, 6, 1, 6, 1, 4, 4, 6, 2, 4, 4, 6, 4, 3, 2, 3, 3, 3, 3, 5, 5, 3, 3, 6, 1, 1, 6, 5, 3] [4, 2, 5, 7, 2, 4, 4, 1, 2, 2, 5, 3, 7, 6, 3, 5, 7, 3, 5, 6, 5, 5, 8, 4, 5, 4, 4, 7, 5, 3, 7, 5, 6, 6, 5, 3, 3, 5, 4, 7, 5, 3, 5, 1, 6, 7, 3, 1, 6, 5, 5, 7, 7, 2, 7, 1, 5, 4, 8, 4, 4, 5, 6, 4, 4, 3, 5, 3, 4, 3, 5, 7, 5, 4, 7, 1, 3, 6, 7, 3]
B_10 14.76 B 50 [4, 3, 4, 6, 6, 6, 3, 3, 3, 6, 3, 4, 5, 1, 4, 3, 2, 2, 6, 6, 2, 2, 5, 6, 1, 2, 4, 3, 1, 2, 5, 6, 2, 2, 4, 5, 2, 2, 4, 3, 6, 3, 2, 4, 6, 4, 2, 2, 1, 3, 4, 4, 1, 6, 3, 5, 3, 3, 1, 1, 1, 1, 5, 4, 1, 6, 5, 3, 2, 1, 6, 2, 5, 4, 1, 6, 3, 4, 2, 2] [4, 4, 4, 6, 7, 8, 4, 4, 4, 6, 5, 5, 6, 3, 4, 5, 4, 4, 6, 7, 2, 3, 6, 7, 3, 2, 4, 5, 3, 2, 6, 7, 3, 2, 5, 5, 2, 2, 5, 5, 6, 4, 4, 4, 7, 5, 3, 4, 3, 5, 6, 6, 2, 6, 5, 5, 5, 3, 1, 3, 3, 3, 7, 4, 1, 6, 5, 3, 4, 3, 8, 3, 6, 4, 1, 6, 5, 6, 3, 2]
B_11 16.71 B 51 [1, 2, 5, 6, 1, 2, 6, 1, 3, 5, 6, 3, 5, 2, 4, 4, 6, 2, 1, 2, 1, 6, 6, 3, 4, 6, 6, 6, 3, 5, 2, 4, 3, 5, 4, 6, 6, 3, 1, 6, 5, 1, 4, 2, 6, 5, 5, 3, 1, 5, 4, 3, 4, 3, 1, 6, 1, 3, 4, 5, 5, 1, 3, 6, 3, 3, 2, 1, 1, 5, 6, 2, 5, 3, 4, 3, 4, 4, 4, 1] [3, 4, 5, 6, 2, 4, 6, 2, 3, 7, 6, 4, 7, 3, 5, 4, 7, 4, 2, 4, 3, 7, 8, 4, 5, 7, 7, 6, 5, 6, 3, 4, 5, 5, 5, 6, 8, 3, 3, 6, 7, 2, 4, 3, 6, 5, 7, 5, 3, 7, 6, 5, 4, 5, 2, 7, 1, 3, 5, 5, 5, 2, 3, 8, 3, 4, 3, 2, 2, 5, 8, 3, 7, 4, 4, 4, 4, 5, 5, 2]
B_12 17.71 B 52 [6, 4, 4, 4, 5, 1, 6, 3, 3, 1, 2, 2, 3, 3, 2, 1, 5, 1, 4, 4, 3, 4, 1, 1, 2, 2, 4, 1, 5, 3, 5, 5, 1, 3, 5, 5, 5, 5, 1, 4, 3, 2, 2, 5, 4, 2, 5, 2, 4, 6, 1, 4, 5, 6, 2, 6, 2, 6, 5, 4, 5, 1, 4, 6, 3, 6, 2, 3, 3, 5, 3, 5, 6, 3, 4, 4, 3, 4, 2, 6] [7, 5, 6, 5, 5, 1, 8, 5, 3, 2, 3, 2, 4, 4, 3, 1, 5, 1, 6, 6, 3, 4, 3, 1, 2, 3, 5, 1, 6, 4, 5, 5, 2, 4, 7, 7, 5, 5, 3, 5, 5, 3, 2, 6, 6, 4, 6, 2, 5, 7, 2, 4, 5, 7, 4, 7, 3, 7, 7, 5, 5, 2, 6, 7, 4, 6, 2, 5, 4, 6, 5, 6, 8, 4, 5, 4, 5, 4, 4, 8]
B_13 18.71 B 53 [6, 1, 3, 3, 1, 2, 1, 4, 4, 2, 3, 5, 3, 5, 2, 2, 6, 6, 4, 2, 1, 2, 5, 3, 1, 6, 6, 1, 4, 2, 6, 2, 3, 4, 5, 3, 3, 6, 1, 1, 2, 3, 5, 1, 3, 6, 6, 1, 4, 1, 6, 3, 6, 5, 5, 6, 1, 1, 2, 4, 2, 6, 2, 5, 2, 2, 4, 1, 5, 2, 4, 1, 4, 3, 6, 6, 2, 5, 6, 5] [6, 1, 4, 4, 1, 2, 3, 5, 4, 3, 5, 5, 4, 6, 3, 3, 6, 6, 4, 3, 1, 3, 7, 4, 2, 8, 6, 2, 6, 2, 6, 3, 4, 5, 5, 4, 3, 7, 2, 3, 2, 4, 7, 2, 3, 8, 8, 1, 5, 2, 6, 5, 7, 7, 6, 7, 1, 3, 3, 5, 4, 7, 3, 6, 4, 3, 5, 2, 7, 4, 5, 1, 4, 5, 6, 8, 4, 7, 7, 7]
B_14 22.35 B 54 [4, 5, 1, 2, 5, 3, 6, 3, 2, 1, 1, 1, 2, 5, 4, 1, 5, 5, 2, 2, 5, 4, 5, 3, 6, 4, 5, 6, 3, 5, 3, 5, 5, 2, 6, 3, 1, 2, 3, 4, 4, 5, 6, 4, 3, 6, 2, 5, 3, 6, 3, 1, 2, 5, 5, 6, 4, 4, 5, 5, 5, 1, 4, 6, 4, 6, 4, 4, 1, 5, 4, 5, 6, 2, 6, 4, 4, 5, 2, 4] [4, 7, 3, 3, 7, 4, 6, 5, 2, 1, 1, 1, 4, 6, 4, 1, 5, 7, 3, 2, 7, 5, 7, 5, 8, 6, 6, 6, 5, 6, 3, 5, 5, 3, 7, 5, 2, 3, 4, 6, 4, 6, 8, 5, 4, 7, 2, 7, 5, 7, 5, 2, 4, 6, 7, 6, 5, 4, 5, 5, 7, 3, 4, 6, 5, 8, 6, 4, 3, 7, 6, 6, 8, 3, 6, 5, 4, 5, 2, 5]
B_15 23.55 B 55 [6, 6, 1, 6, 2, 2, 4, 3, 4, 5, 4, 1, 6, 2, 4, 3, 5, 1, 5, 1, 2, 1, 2, 2, 5, 4, 4, 2, 1, 4, 4, 5, 2, 6, 2, 3, 1, 4, 1, 5, 3, 4, 1, 4, 2, 5, 2, 5, 3, 1, 5, 6, 6, 6, 6, 4, 3, 5, 2, 5, 3, 2, 4, 5, 5, 3, 3, 4, 5, 2, 5, 4, 6, 3, 2, 3, 2, 3, 5, 2] [7, 7, 1, 6, 4, 2, 5, 4, 4, 7, 4, 2, 6, 4, 5, 5, 7, 1, 7, 3, 3, 2, 4, 2, 6, 4, 5, 3, 2, 4, 5, 6, 2, 6, 3, 5, 3, 6, 1, 6, 5, 4, 3, 6, 3, 5, 3, 5, 4, 1, 5, 7, 7, 7, 6, 5, 5, 7, 4, 7, 5, 4, 4, 5, 6, 4, 4, 5, 6, 4, 7, 5, 7, 3, 4, 5, 2, 5, 5, 2]
B_16 24.55 B 56 [1, 6, 3, 4, 6, 4, 4, 5, 5, 1, 1, 1, 1, 4, 4, 4, 6, 6, 2, 1, 5, 4, 5, 2, 1, 1, 2, 4, 3, 3, 5, 5, 4, 2, 5, 3, 5, 1, 5, 3, 3, 1, 4, 6, 2, 2, 2, 3, 5, 4, 3, 1, 2, 1, 4, 3, 6, 4, 6, 6, 2, 2, 2, 5, 3, 3, 1, 3, 5, 2, 6, 1, 4, 2, 4, 1, 2, 4, 5, 4] [2, 8, 4, 5, 8, 5, 6, 7, 7, 2, 3, 2, 1, 4, 6, 5, 6, 8, 4, 2, 7, 6, 7, 3, 2, 3, 3, 5, 5, 3, 7, 6, 4, 3, 7, 4, 5, 1, 6, 5, 3, 2, 6, 8, 3, 4, 4, 4, 5, 5, 5, 1, 3, 1, 5, 5, 7, 5, 7, 6, 4, 4, 4, 7, 5, 3, 3, 5, 6, 3, 8, 1, 4, 2, 5, 1, 2, 6, 6, 4]
B_17 27.01 B 57 [1, 2, 4, 4, 1, 4, 6, 5, 5, 5, 5, 5, 2, 5, 5, 6, 6, 3, 3, 4, 5, 6, 1, 2, 6, 6, 2, 3, 1, 2, 4, 1, 1, 3, 3, 5, 1, 5, 1, 4, 3, 6, 3, 1, 2, 1, 6, 3, 4, 4, 3, 3, 6, 1, 4, 5, 4, 1, 3, 6, 3, 5, 6, 3, 5, 1, 1, 2, 4, 1, 6, 1, 5, 5, 4, 1, 1, 3, 2, 3] [2, 2, 6, 4, 2, 5, 7, 5, 6, 7, 7, 7, 3, 7, 6, 6, 6, 4, 5, 5, 5, 6, 1, 4, 7, 8, 3, 5, 1, 2, 6, 3, 3, 3, 3, 6, 3, 5, 3, 4, 4, 6, 4, 2, 2, 1, 7, 5, 6, 4, 3, 3, 7, 3, 4, 7, 5, 2, 5, 6, 3, 5, 8, 5, 5, 1, 1, 2, 5, 3, 7, 1, 7, 6, 6, 3, 3, 5, 4, 4]
B_18 29.05 B 58 [5, 5, 5, 2, 5, 1, 4, 6, 3, 5, 1, 5, 1, 3, 6, 3, 4, 5, 4, 4, 2, 5, 6, 3, 1, 5, 4, 4, 1, 5, 2, 4, 4, 1, 5, 2, 4, 6, 5, 6, 5, 3, 4, 6, 1, 1, 2, 4, 6, 6, 1, 4, 5, 2, 5, 2, 6, 3, 3, 1, 1, 3, 4, 4, 6, 4, 3, 6, 2, 5, 4, 2, 5, 4, 2, 1, 4, 5, 5, 2] [5, 6, 6, 4, 7, 1, 5, 8, 4, 6, 1, 5, 2, 5, 6, 4, 5, 5, 5, 6, 2, 7, 8, 3, 3, 6, 4, 6, 1, 5, 2, 5, 5, 3, 6, 3, 6, 7, 7, 6, 7, 4, 5, 7, 1, 1, 2, 4, 6, 8, 1, 5, 7, 3, 5, 4, 7, 5, 5, 1, 2, 4, 5, 5, 7, 5, 3, 8, 4, 7, 5, 2, 5, 5, 3, 1, 6, 7, 7, 4]
B_19 32.55 B 59 [3, 2, 2, 5, 5, 4, 2, 3, 2, 4, 2, 1, 6, 3, 1, 3, 2, 6, 6, 3, 6, 5, 6, 5, 2, 6, 4, 6, 4, 3, 2, 4, 3, 3, 1, 1, 6, 3, 3, 4, 5, 4, 5, 5, 1, 5, 2, 4, 1, 2, 1, 5, 4, 4, 5, 5, 6, 6, 1, 2, 2, 2, 2, 1, 2, 3, 6, 2, 2, 5, 1, 5, 2, 4, 5, 6, 1, 5, 6, 4] [3, 3, 2, 7, 5, 4, 2, 3, 2, 6, 3, 3, 8, 3, 2, 5, 4, 7, 8, 5, 8, 6, 7, 7, 2, 7, 4, 7, 4, 3, 3, 4, 4, 3, 3, 3, 7, 5, 5, 4, 6, 4, 5, 5, 3, 5, 4, 6, 1, 4, 3, 5, 5, 5, 5, 7, 6, 6, 1, 4, 4, 4, 3, 2, 2, 4, 7, 3, 2, 5, 3, 5, 3, 4, 6, 7, 2, 5, 6, 5]
B_20 33.76 B 60 [6, 6, 4, 1, 4, 2, 5, 3, 1, 5, 1, 2, 5, 1, 3, 1, 5, 4, 1, 3, 5, 2, 2, 4, 4, 5, 1, 5, 4, 4, 5, 4, 5, 5, 2, 6, 3, 3, 2, 4, 1, 5, 6, 4, 1, 2, 5, 1, 2, 4, 1, 5, 5, 2, 5, 3, 2, 3, 1, 2, 6, 4, 2, 6, 2, 3, 2, 1, 6, 3, 6, 4, 6, 6, 1, 3, 2, 5, 2, 3] [8, 6, 6, 2, 6, 3, 5, 3, 2, 5, 3, 4, 5, 1, 4, 1, 6, 5, 1, 4, 5, 4, 3, 5, 6, 6, 2, 6, 6, 6, 5, 5, 6, 6, 3, 8, 3, 5, 2, 6, 3, 6, 6, 4, 1, 3, 7, 1, 3, 4, 3, 5, 5, 4, 7, 5, 4, 3, 2, 4, 8, 4, 4, 7, 4, 5, 3, 2, 6, 4, 6, 4, 7, 6, 1, 5, 3, 5, 4, 5]
B_21 35.01 B 61 [6, 4, 3, 4, 5, 1, 3, 1, 3, 1, 4, 6, 3, 6, 1, 4, 4, 6, 4, 3, 3, 2, 3, 1, 1, 1, 6, 2, 4, 6, 2, 3, 3, 3, 6, 5, 2, 4, 2, 2, 5, 5, 5, 5, 2, 6, 1, 6, 2, 4, 1, 1, 1, 6, 1, 2, 2, 5, 3, 2, 4, 4, 2, 2, 4, 5, 2, 2, 2, 1, 5, 2, 2, 3, 2, 1, 5, 6, 5, 6] [7, 6, 4, 4, 5, 1, 4, 3, 5, 1, 5, 6, 4, 6, 1, 6, 6, 8, 6, 5, 5, 2, 5, 3, 3, 2, 6, 4, 5, 6, 3, 4, 4, 5, 6, 7, 4, 4, 4, 4, 6, 7, 6, 5, 3, 7, 3, 7, 3, 5, 3, 2, 2, 7, 3, 4, 4, 5, 4, 4, 4, 4, 3, 4, 4, 5, 2, 2, 4, 1, 6, 2, 4, 5, 4, 1, 7, 6, 5, 6]
B_22 36.01 B 62 [3, 1, 4, 6, 6, 4, 4, 3, 1, 1, 6, 6, 5, 5, 6, 6, 5, 2, 3, 5, 3, 6, 2, 5, 1, 3, 6, 5, 3, 6, 1, 5, 6, 1, 4, 1, 6, 3, 4, 2, 2, 3, 2, 6, 1, 5, 3, 4, 5, 6, 5, 3, 4, 2, 4, 4, 2, 6, 4, 2, 2, 2, 1, 6, 3, 5, 1, 3, 5, 4, 1, 3, 3, 2, 2, 6, 1, 6, 5, 2] [5, 2, 4, 7, 6, 6, 6, 3, 1, 1, 7, 6, 6, 5, 6, 6, 6, 3, 3, 7, 3, 6, 4, 7, 2, 3, 8, 6, 4, 7, 2, 5, 7, 2, 6, 2, 7, 3, 5, 2, 3, 5, 3, 7, 3, 5, 3, 5, 5, 6, 7, 3, 6, 3, 4, 4, 4, 8, 5, 3, 4, 3, 2, 6, 3, 6, 3, 5, 6, 6, 1, 3, 4, 3, 4, 7, 1, 8, 7, 2]
B_23 37.3 B 63 [2, 4, 4, 5, 3, 6, 3, 4, 4, 3, 2, 4, 1, 3, 5, 5, 1, 3, 5, 1, 4, 1, 3, 4, 6, 1, 3, 2, 2, 4, 3, 1, 2, 5, 1, 6, 1, 6, 2, 4, 3, 3, 2, 1, 2, 3, 3, 2, 2, 4, 4, 6, 6, 5, 6, 5, 5, 3, 4, 1, 6, 2, 6, 5, 2, 3, 5, 1, 1, 6, 5, 2, 1, 1, 6, 1, 3, 3, 4, 1] [3, 5, 4, 6, 3, 7, 4, 5, 5, 4, 3, 6, 3, 4, 5, 5, 2, 5, 6, 2, 6, 1, 4, 5, 7, 2, 5, 3, 3, 5, 5, 1, 4, 6, 3, 6, 1, 8, 3, 5, 3, 3, 4, 2, 3, 4, 3, 2, 3, 4, 4, 8, 7, 6, 6, 5, 7, 5, 5, 2, 7, 4, 6, 5, 2, 3, 5, 2, 2, 7, 7, 4, 2, 3, 8, 3, 3, 3, 5, 2]
B_24 38.3 B 64 [2, 1, 3, 6, 5, 4, 5, 6, 1, 2, 1, 5, 3, 3, 6, 4, 2, 4, 6, 6, 6, 2, 4, 6, 1, 6, 4, 1, 5, 4, 5, 5, 1, 6, 3, 5, 2, 2, 2, 4, 4, 5, 1, 4, 1, 4, 5, 1, 3, 3, 1, 3, 3, 2, 4, 5, 3, 5, 6, 2, 2, 4, 3, 2, 6, 5, 4, 6, 3, 3, 2, 3, 2, 3, 4, 5, 4, 2, 6, 3] [2, 3, 5, 8, 6, 4, 6, 6, 1, 2, 3, 5, 3, 3, 8, 4, 3, 4, 6, 8, 8, 3, 5, 7, 3, 6, 4, 2, 5, 4, 7, 5, 1, 8, 5, 7, 2, 4, 2, 5, 5, 5, 1, 4, 1, 6, 6, 1, 5, 4, 1, 3, 4, 4, 5, 6, 5, 5, 7, 2, 4, 4, 3, 2, 6, 6, 6, 7, 5, 3, 4, 3, 3, 3, 4, 6, 5, 2, 7, 3]
B_25 39.3 B 65 [2, 5, 4, 1, 5, 4, 6, 1, 5, 6, 1, 2, 6, 5, 3, 5, 6, 6, 4, 6, 2, 1, 6, 6, 6, 1, 2, 2, 5, 6, 2, 1, 5, 5, 3, 4, 4, 6, 3, 3, 3, 6, 6, 3, 5, 5, 1, 5, 4, 2, 6, 3, 6, 2, 6, 3, 3, 1, 4, 3, 3, 5, 5, 3, 5, 6, 5, 3, 3, 4, 6, 1, 4, 2, 5, 5, 3, 3, 4, 5] [4, 6, 5, 1, 6, 5, 6, 3, 7, 8, 1, 2, 6, 5, 4, 6, 8, 8, 6, 7, 2, 1, 8, 6, 8, 3, 2, 4, 5, 8, 3, 2, 7, 5, 4, 5, 6, 7, 5, 3, 4, 7, 6, 5, 5, 6, 2, 7, 5, 3, 6, 4, 6, 3, 8, 4, 3, 1, 5, 4, 5, 5, 6, 3, 6, 6, 7, 5, 5, 6, 7, 3, 4, 3, 5, 6, 5, 5, 5, 7]
B_26 40.3 B 66 [1, 3, 6, 2, 2, 2, 5, 5, 3, 5, 1, 3, 4, 5, 6, 1, 3, 2, 5, 2, 3, 2, 6, 3, 2, 2, 2, 3, 4, 4, 2, 6, 5, 2, 1, 6, 3, 1, 5, 4, 5, 3, 4, 6, 2, 6, 4, 6, 6, 3, 5, 2, 2, 4, 4, 3, 1, 1, 3, 6, 2, 2, 1, 5, 4, 5, 6, 2, 1, 3, 3, 2, 4, 2, 2, 4, 2, 1, 5, 5] [3, 5, 6, 2, 3, 3, 6, 5, 3, 7, 2, 5, 4, 6, 8, 2, 4, 3, 5, 3, 4, 4, 8, 5, 4, 3, 3, 3, 4, 5, 3, 6, 7, 3, 1, 8, 5, 3, 6, 5, 6, 4, 5, 7, 2, 7, 6, 8, 7, 5, 5, 3, 2, 5, 6, 4, 3, 1, 3, 7, 3, 2, 3, 5, 6, 7, 7, 2, 2, 5, 3, 4, 5, 3, 3, 5, 4, 3, 6, 5]
B_27 41.3 B 67 [5, 5, 4, 1, 1, 3, 6, 1, 1, 1, 2, 1, 5, 1, 5, 3, 4, 3, 3, 3, 3, 4, 3, 3, 2, 3, 3, 1, 4, 5, 2, 6, 4, 6, 6, 1, 5, 6, 5, 4, 3, 5, 5, 2, 3, 5, 1, 6, 1, 3, 3, 1, 3, 1, 4, 4, 3, 2, 6, 2, 1, 2, 3, 1, 6, 3, 2, 4, 4, 3, 4, 3, 6, 3, 5, 2, 1, 6, 1, 4] [5, 7, 5, 2, 2, 3, 6, 2, 3, 3, 3, 3, 5, 3, 7, 5, 5, 3, 5, 3, 3, 5, 5, 4, 3, 4, 5, 1, 4, 5, 4, 6, 5, 7, 7, 2, 7, 7, 7, 4, 3, 7, 7, 4, 4, 5, 3, 7, 3, 3, 3, 2, 5, 2, 4, 5, 5, 2, 8, 3, 2, 2, 5, 2, 7, 5, 2, 5, 6, 4, 4, 3, 8, 5, 7, 2, 3, 8, 2, 5]
B_28 42.3 B 68 [5, 2, 6, 2, 5, 4, 3, 4, 3, 1, 6, 4, 1, 3, 1, 4, 2, 3, 2, 6, 3, 5, 3, 2, 2, 4, 4, 5, 4, 5, 3, 2, 6, 2, 3, 4, 4, 1, 4, 5, 6, 5, 5, 3, 3, 4, 5, 3, 3, 3, 2, 1, 3, 5, 1, 5, 5, 4, 2, 2, 6, 2, 5, 1, 3, 3, 1, 4, 4, 2, 6, 5, 1, 1, 1, 5, 6, 5, 1, 2] [5, 3, 7, 3, 7, 5, 5, 6, 4, 2, 8, 4, 1, 4, 3, 6, 3, 4, 3, 6, 5, 5, 3, 3, 4, 5, 5, 6, 4, 5, 3, 4, 6, 4, 5, 5, 5, 3, 4, 7, 8, 6, 7, 5, 3, 4, 6, 5, 4, 4, 4, 2, 4, 7, 3, 6, 6, 5, 4, 2, 6, 4, 6, 2, 5, 5, 2, 6, 5, 3, 6, 7, 1, 1, 3, 7, 8, 6, 2, 3]
B_29 43.3 B 69 [4, 2, 1, 5, 2, 3, 6, 4, 6, 2, 6, 3, 5, 1, 3, 3, 1, 3, 5, 4, 5, 3, 2, 4, 1, 6, 5, 5, 6, 3, 6, 6, 3, 4, 5, 1, 6, 1, 3, 3, 1, 3, 3, 3, 2, 5, 2, 3, 2, 3, 1, 5, 5, 2, 5, 2, 2, 1, 5, 5, 3, 1, 4, 6, 3, 4, 3, 3, 2, 3, 1, 2, 6, 2, 6, 4, 3, 4, 6, 1] [5, 3, 1, 7, 4, 3, 6, 6, 6, 4, 8, 3, 5, 1, 3, 4, 3, 4, 5, 6, 5, 3, 2, 5, 1, 7, 7, 5, 8, 5, 8, 8, 4, 6, 5, 2, 7, 1, 3, 4, 1, 4, 5, 5, 2, 6, 4, 5, 3, 3, 3, 5, 6, 4, 7, 4, 3, 3, 7, 5, 4, 1, 6, 7, 3, 6, 5, 4, 3, 3, 3, 4, 7, 3, 8, 4, 5, 6, 7, 2]
B_30 44.3 B 70 [4, 2, 6, 3, 4, 3, 6, 5, 1, 2, 3, 3, 1, 3, 3, 3, 1, 3, 4, 5, 4, 1, 4, 4, 2, 6, 2, 6, 6, 2, 1, 3, 3, 6, 3, 3, 2, 1, 6, 6, 3, 5, 1, 2, 3, 1, 3, 4, 3, 5, 6, 6, 3, 4, 4, 5, 6, 6, 4, 1, 6, 5, 1, 5, 2, 6, 3, 4, 6, 1, 5, 4, 6, 3, 2, 1, 3, 1, 6, 5] [6, 4, 6, 5, 4, 5, 7, 6, 2, 3, 3, 5, 3, 4, 5, 3, 1, 4, 4, 6, 4, 3, 6, 5, 4, 6, 3, 6, 7, 4, 2, 5, 5, 8, 4, 4, 4, 3, 6, 8, 3, 7, 3, 2, 5, 3, 3, 6, 5, 5, 8, 8, 5, 5, 6, 7, 8, 7, 5, 3, 6, 6, 1, 7, 4, 7, 3, 4, 6, 3, 5, 6, 8, 5, 3, 2, 3, 1, 7, 6]
B_31 45.3 B 71 [1, 5, 3, 2, 1, 4, 5, 5, 3, 6, 4, 3, 6, 6, 2, 3, 1, 4, 6, 3, 4, 2, 6, 2, 4, 2, 5, 4, 3, 5, 5, 2, 2, 6, 2, 2, 6, 6, 2, 3, 3, 1, 1, 2, 2, 5, 6, 5, 5, 5, 2, 2, 5, 1, 5, 4, 1, 1, 2, 5, 4, 2, 3, 2, 3, 1, 2, 3, 5, 2, 4, 3, 4, 2, 5, 6, 5, 4, 4, 4] [3, 7, 3, 4, 3, 4, 7, 6, 5, 6, 6, 5, 8, 7, 3, 5, 2, 4, 7, 5, 6, 4, 7, 3, 6, 2, 7, 6, 3, 7, 6, 4, 2, 8, 2, 3, 8, 7, 2, 5, 3, 1, 2, 2, 3, 7, 6, 7, 6, 7, 3, 3, 6, 1, 6, 5, 1, 1, 2, 5, 4, 2, 3, 4, 3, 3, 4, 3, 7, 4, 6, 5, 6, 4, 6, 8, 7, 4, 5, 4]
B_32 47.8 B 72 [6, 3, 5, 5, 5, 5, 1, 3, 3, 1, 5, 4, 4, 1, 3, 6, 4, 2, 2, 3, 4, 4, 4, 4, 1, 3, 1, 2, 6, 1, 4, 6, 1, 2, 6, 4, 6, 5, 4, 4, 1, 6, 6, 4, 1, 3, 6, 6, 2, 3, 5, 5, 6, 4, 6, 6, 4, 5, 5, 2, 6, 2, 3, 1, 2, 4, 4, 6, 1, 6, 6, 4, 5, 2, 3, 1, 4, 3, 5, 4] [6, 5, 7, 5, 5, 5, 1, 4, 5, 2, 6, 4, 4, 2, 3, 6, 5, 2, 3, 4, 6, 6, 4, 6, 2, 3, 3, 4, 6, 2, 5, 7, 1, 2, 8, 6, 6, 7, 6, 4, 2, 8, 8, 4, 2, 5, 8, 8, 2, 5, 6, 7, 8, 4, 8, 7, 4, 7, 5, 3, 7, 4, 4, 2, 3, 4, 5, 8, 1, 7, 8, 6, 6, 4, 3, 2, 6, 4, 5, 5]
B_33 48.98 B 73 [6, 5, 5, 3, 2, 4, 1, 6, 6, 3, 3, 2, 5, 1, 4, 6, 3, 6, 2, 6, 5, 3, 5, 1, 2, 1, 4, 3, 2, 2, 4, 4, 2, 6, 1, 5, 1, 1, 5, 4, 3, 2, 1, 4, 5, 3, 3, 4, 2, 3, 4, 3, 3, 3, 2, 3, 2, 5, 4, 4, 6, 3, 2, 1, 3, 2, 2, 3, 1, 2, 3, 2, 2, 6, 1, 1, 5, 3, 5, 2] [8, 5, 7, 5, 3, 4, 1, 7, 7, 5, 4, 4, 7, 2, 5, 7, 4, 6, 3, 7, 7, 3, 7, 2, 4, 3, 4, 4, 2, 2, 6, 6, 4, 7, 1, 5, 3, 3, 7, 4, 3, 3, 1, 5, 6, 5, 3, 4, 4, 4, 4, 4, 4, 5, 3, 3, 2, 6, 5, 4, 6, 5, 3, 3, 3, 3, 3, 5, 1, 3, 5, 4, 4, 8, 3, 1, 6, 5, 6, 2]
B_34 49.98 B 74 [6, 5, 6, 5, 6, 2, 5, 4, 6, 1, 6, 2, 1, 6, 3, 1, 5, 3, 2, 2, 6, 5, 1, 5, 3, 4, 6, 4, 1, 4, 1, 3, 6, 1, 2, 6, 5, 2, 1, 5, 1, 1, 6, 3, 3, 6, 2, 4, 6, 6, 1, 4, 4, 6, 6, 2, 4, 4, 2, 5, 1, 2, 2, 6, 4, 5, 2, 5, 1, 6, 2, 5, 3, 1, 6, 1, 6, 2, 6, 2] [7, 7, 7, 5, 7, 2, 7, 5, 8, 3, 6, 4, 1, 8, 4, 3, 6, 4, 2, 2, 8, 7, 3, 6, 3, 6, 7, 5, 1, 4, 2, 4, 7, 3, 4, 7, 5, 2, 2, 7, 1, 1, 7, 4, 5, 6, 4, 4, 6, 7, 1, 4, 5, 6, 6, 4, 5, 6, 3, 6, 1, 4, 4, 8, 4, 5, 3, 7, 3, 8, 3, 6, 3, 3, 7, 3, 6, 2, 7, 2]
B_35 51.3 B 75 [4, 4, 6, 3, 4, 4, 1, 4, 5, 4, 1, 6, 4, 3, 3, 6, 2, 4, 6, 1, 3, 6, 1, 1, 2, 5, 6, 3, 2, 3, 5, 1, 2, 3, 4, 2, 3, 2, 2, 1, 6, 4, 3, 4, 2, 1, 3, 5, 4, 1, 6, 3, 4, 6, 4, 3, 1, 1, 1, 6, 3, 1, 6, 1, 5, 5, 4, 2, 5, 4, 1, 6, 1, 1, 1, 5, 1, 6, 1, 1] [4, 5, 7, 4, 6, 4, 1, 5, 6, 5, 3, 8, 4, 5, 5, 8, 2, 6, 8, 1, 4, 6, 1, 2, 4, 7, 6, 4, 4, 4, 5, 3, 4, 3, 4, 3, 5, 2, 3, 3, 7, 6, 4, 5, 4, 2, 4, 5, 4, 1, 6, 4, 4, 8, 5, 5, 1, 3, 1, 7, 5, 1, 7, 3, 6, 6, 5, 2, 7, 4, 2, 8, 2, 1, 3, 6, 2, 6, 2, 2]
B_36 52.3 B 76 [3, 6, 4, 5, 5, 6, 5, 4, 1, 5, 4, 1, 5, 5, 6, 4, 2, 1, 4, 2, 2, 6, 2, 3, 1, 5, 5, 2, 1, 1, 3, 4, 6, 5, 1, 2, 1, 4, 5, 4, 4, 3, 3, 1, 2, 2, 5, 2, 6, 1, 3, 4, 3, 2, 4, 2, 2, 1, 4, 1, 2, 5, 1, 3, 4, 3, 2, 1, 6, 3, 3, 5, 4, 5, 6, 1, 5, 2, 6, 1] [4, 7, 6, 7, 5, 8, 7, 4, 2, 5, 5, 3, 7, 5, 6, 6, 3, 2, 5, 3, 2, 8, 4, 3, 2, 5, 5, 2, 2, 3, 3, 5, 7, 7, 2, 3, 2, 5, 7, 4, 6, 3, 5, 3, 4, 2, 6, 2, 8, 3, 5, 4, 5, 4, 4, 2, 2, 3, 6, 2, 3, 7, 1, 3, 5, 5, 4, 3, 8, 5, 3, 7, 6, 6, 6, 2, 7, 4, 7, 2]
B_37 53.3 B 77 [2, 5, 3, 2, 3, 6, 1, 6, 3, 6, 4, 5, 2, 1, 1, 4, 3, 1, 1, 1, 4, 3, 6, 1, 2, 6, 5, 2, 5, 4, 3, 3, 1, 5, 4, 2, 2, 1, 6, 4, 2, 4, 2, 2, 3, 1, 5, 4, 6, 6, 4, 4, 4, 5, 5, 3, 4, 3, 5, 5, 5, 6, 6, 3, 2, 3, 1, 6, 5, 4, 1, 4, 3, 3, 2, 6, 2, 3, 2, 3] [2, 5, 4, 3, 5, 8, 3, 6, 3, 7, 5, 5, 2, 1, 2, 6, 5, 1, 3, 3, 5, 5, 8, 1, 2, 6, 7, 2, 6, 6, 4, 4, 1, 7, 6, 2, 2, 3, 7, 6, 3, 5, 2, 4, 5, 1, 7, 4, 8, 6, 6, 5, 4, 7, 5, 5, 6, 5, 7, 5, 5, 6, 8, 3, 2, 5, 3, 8, 6, 6, 1, 4, 4, 5, 2, 6, 4, 5, 2, 4]
B_38 54.3 B 78 [2, 4, 1, 2, 1, 4, 5, 6, 4, 2, 2, 6, 3, 2, 5, 5, 1, 1, 2, 3, 3, 1, 5, 6, 6, 4, 2, 1, 5, 2, 2, 3, 1, 1, 6, 4, 3, 1, 5, 3, 1, 2, 1, 2, 5, 2, 6, 6, 6, 5, 2, 4, 2, 6, 2, 5, 5, 2, 5, 6, 2, 5, 5, 4, 6, 4, 5, 1, 1, 6, 6, 4, 5, 5, 6, 1, 6, 2, 5, 5] [4, 6, 2, 3, 2, 5, 7, 7, 4, 2, 2, 6, 5, 4, 5, 7, 2, 2, 2, 5, 3, 1, 6, 8, 6, 6, 2, 2, 5, 2, 4, 4, 1, 1, 7, 4, 4, 3, 7, 3, 3, 4, 1, 4, 6, 2, 6, 7, 8, 7, 3, 5, 4, 7, 2, 5, 6, 4, 7, 6, 4, 5, 7, 5, 7, 5, 6, 2, 2, 7, 7, 5, 5, 6, 7, 2, 7, 2, 5, 5]
B_39 55.3 B 79 [2, 5, 4, 2, 3, 5, 6, 5, 3, 3, 1, 4, 3, 1, 2, 2, 5, 3, 4, 5, 5, 3, 3, 5, 4, 4, 5, 5, 1, 3, 3, 3, 2, 4, 1, 5, 4, 6, 6, 5, 2, 3, 6, 6, 5, 6, 3, 6, 4, 3, 2, 1, 6, 5, 4, 2, 4, 3, 2, 4, 3, 6, 2, 1, 3, 5, 5, 4, 2, 1, 5, 4, 4, 2, 2, 1, 1, 3, 5, 3] [3, 7, 6, 4, 5, 7, 8, 5, 3, 5, 2, 4, 5, 2, 4, 3, 5, 3, 6, 5, 6, 3, 5, 6, 5, 6, 5, 6, 3, 3, 3, 5, 4, 5, 2, 7, 5, 8, 6, 5, 3, 4, 8, 6, 7, 7, 4, 6, 6, 3, 2, 2, 8, 7, 5, 2, 4, 4, 4, 5, 5, 6, 2, 2, 3, 7, 5, 5, 3, 2, 6, 4, 5, 2, 2, 2, 2, 4, 5, 3]
