A_0 1.79 A 0 [5, 2, 4, 1, 4, 6, 1, 3, 3, 4, 2, 3, 4, 3, 3, 1, 5, 3, 5, 3, 1, 5, 4, 2, 6, 2, 5, 4, 5, 1, 6, 5, 3, 3, 5, 2, 5, 1, 3, 1, 1, 1, 4, 1, 4, 4, 5, 6, 3, 2, 4, 3, 4, 2, 1, 5, 4, 6, 1, 1, 5, 2, 5, 3, 1, 1, 3, 6, 6, 4, 1, 4, 2, 1, 5, 4, 2, 5, 4, 4] [8, 4, 6, 4, 8, 9, 4, 7, 5, 7, 6, 7, 7, 7, 5, 5, 9, 6, 7, 6, 4, 7, 7, 6, 10, 5, 8, 7, 9, 4, 8, 9, 7, 6, 7, 6, 9, 4, 5, 4, 5, 3, 8, 4, 6, 7, 7, 10, 5, 4, 6, 5, 6, 5, 4, 9, 7, 10, 5, 5, 9, 5, 8, 7, 4, 5, 7, 9, 9, 6, 3, 8, 6, 4, 9, 6, 5, 9, 7, 7]
A_1 3.13 A 1 [2, 5, 3, 3, 5, 2, 5, 3, 4, 4, 1, 1, 6, 2, 5, 4, 3, 6, 1, 2, 2, 2, 4, 4, 3, 5, 4, 2, 1, 3, 3, 1, 4, 2, 1, 3, 4, 6, 5, 6, 3, 3, 2, 2, 4, 5, 4, 4, 4, 2, 6, 3, 4, 2, 3, 2, 4, 4, 3, 4, 2, 3, 2, 6, 2, 3, 5, 4, 4, 3, 5, 5, 5, 4, 2, 4, 4, 2, 2, 6] [4, 8, 5, 7, 7, 6, 8, 7, 8, 7, 4, 3, 8, 4, 9, 6, 5, 8, 5, 6, 4, 5, 8, 7, 6, 8, 7, 4, 3, 6, 7, 4, 8, 4, 3, 7, 8, 9, 7, 10, 6, 7, 4, 5, 7, 9, 6, 6, 6, 5, 8, 5, 8, 6, 5, 4, 7, 7, 7, 6, 4, 7, 5, 8, 6, 7, 8, 6, 6, 7, 7, 8, 8, 8, 4, 6, 8, 5, 4, 10]
A_2 5.74 A 2 [4, 3, 3, 3, 3, 2, 3, 1, 2, 6, 3, 4, 4, 3, 2, 2, 4, 3, 4, 5, 1, 2, 3, 1, 4, 5, 5, 3, 3, 4, 4, 3, 4, 3, 3, 2, 4, 4, 4, 2, 6, 3, 1, 1, 1, 5, 4, 3, 2, 5, 5, 5, 6, 3, 3, 2, 6, 3, 3, 1, 4, 3, 6, 6, 6, 6, 2, 2, 4, 3, 3, 4, 4, 1, 4, 1, 6, 2, 2, 3] [6, 5, 5, 6, 6, 6, 5, 3, 4, 10, 5, 8, 6, 7, 4, 5, 8, 5, 8, 9, 4, 5, 5, 3, 6, 8, 9, 7, 7, 6, 6, 7, 7, 6, 5, 4, 6, 7, 7, 5, 10, 7, 4, 4, 3, 9, 8, 6, 5, 7, 8, 9, 8, 6, 5, 6, 10, 5, 5, 5, 6, 7, 8, 8, 10, 10, 5, 6, 7, 5, 5, 6, 7, 4, 8, 3, 8, 6, 6, 6]
A_3 6.84 A 3 [1, 3, 3, 3, 1, 3, 2, 6, 6, 1, 2, 4, 2, 5, 6, 6, 1, 5, 2, 5, 5, 4, 1, 3, 3, 4, 4, 4, 3, 2, 6, 2, 5, 2, 5, 5, 3, 1, 4, 2, 5, 6, 5, 5, 3, 3, 4, 3, 3, 3, 1, 1, 6, 6, 5, 5, 3, 5, 6, 3, 6, 4, 3, 4, 4, 6, 5, 1, 1, 6, 2, 3, 2, 4, 6, 5, 4, 4, 5, 3] [4, 7, 6, 7, 4, 7, 5, 8, 9, 5, 5, 8, 4, 8, 9, 8, 3, 9, 5, 9, 8, 7, 5, 6, 6, 8, 6, 8, 6, 6, 10, 4, 7, 5, 8, 7, 5, 3, 8, 5, 7, 9, 7, 7, 5, 7, 8, 6, 7, 7, 3, 3, 10, 10, 9, 7, 7, 8, 8, 6, 10, 8, 6, 8, 6, 9, 7, 3, 4, 8, 6, 5, 6, 6, 10, 9, 8, 8, 9, 6]
A_4 7.84 A 4 [4, 5, 3, 1, 6, 3, 6, 5, 3, 4, 2, 5, 5, 3, 1, 4, 5, 3, 6, 2, 2, 4, 6, 3, 3, 3, 5, 5, 5, 6, 3, 6, 1, 5, 4, 1, 4, 3, 4, 2, 1, 6, 5, 5, 5, 5, 5, 5, 1, 1, 2, 4, 1, 3, 1, 5, 5, 3, 6, 2, 5, 6, 5, 2, 3, 3, 2, 1, 2, 2, 3, 6, 4, 4, 2, 3, 5, 3, 3, 6] [8, 7, 6, 4, 8, 7, 9, 9, 6, 7, 4, 8, 9, 5, 3, 6, 7, 6, 10, 4, 4, 6, 9, 6, 7, 7, 7, 8, 7, 10, 5, 10, 3, 7, 8, 4, 6, 7, 7, 6, 4, 8, 9, 9, 8, 8, 8, 9, 3, 5, 4, 7, 3, 7, 5, 8, 9, 6, 9, 6, 9, 8, 8, 6, 5, 5, 5, 5, 6, 6, 6, 8, 7, 8, 5, 7, 8, 5, 5, 9]
A_5 8.84 A 5 [6, 2, 2, 3, 3, 5, 5, 5, 3, 1, 1, 3, 6, 6, 1, 5, 4, 6, 6, 1, 1, 6, 4, 2, 5, 1, 1, 4, 4, 4, 2, 6, 6, 1, 1, 3, 2, 1, 2, 1, 6, 4, 5, 5, 3, 1, 5, 1, 3, 2, 3, 6, 3, 4, 5, 5, 1, 5, 4, 5, 4, 5, 3, 6, 2, 1, 6, 4, 2, 4, 1, 4, 2, 1, 2, 4, 1, 6, 2, 5] [9, 6, 6, 7, 7, 9, 7, 7, 5, 5, 4, 6, 9, 10, 5, 8, 7, 10, 10, 4, 4, 9, 8, 6, 9, 4, 3, 8, 7, 8, 6, 10, 8, 5, 4, 7, 4, 5, 4, 5, 10, 8, 9, 9, 6, 5, 7, 4, 5, 6, 5, 9, 7, 6, 9, 8, 5, 8, 8, 7, 6, 8, 5, 10, 4, 5, 9, 6, 6, 6, 3, 8, 5, 3, 6, 6, 4, 10, 6, 9]
A_6 9.84 A 6 [1, 5, 3, 2, 6, 5, 2, 5, 5, 5, 5, 2, 5, 5, 3, 1, 3, 6, 5, 1, 3, 5, 4, 5, 6, 1, 3, 4, 6, 5, 6, 1, 1, 5, 2, 3, 3, 4, 4, 2, 5, 5, 5, 2, 5, 2, 3, 2, 5, 5, 6, 2, 4, 3, 2, 5, 1, 3, 1, 3, 5, 3, 1, 2, 4, 4, 3, 5, 2, 4, 6, 5, 1, 1, 6, 4, 2, 1, 3, 4] [4, 8, 5, 5, 9, 7, 4, 9, 7, 7, 8, 6, 8, 8, 7, 3, 5, 10, 7, 5, 5, 8, 6, 7, 10, 4, 5, 7, 10, 9, 8, 3, 5, 7, 6, 7, 5, 6, 6, 6, 7, 8, 7, 4, 8, 5, 6, 5, 7, 8, 9, 6, 8, 5, 6, 8, 4, 7, 5, 7, 8, 5, 4, 6, 6, 6, 5, 7, 5, 8, 8, 9, 4, 5, 10, 6, 6, 4, 5, 7]
A_7 13.129999999999999 A 7 [3, 3, 1, 6, 5, 5, 5, 1, 4, 4, 5, 4, 1, 4, 3, 4, 6, 5, 2, 6, 1, 2, 5, 2, 3, 3, 3, 4, 6, 3, 2, 4, 4, 3, 1, 2, 5, 4, 1, 2, 4, 2, 2, 3, 1, 3, 2, 5, 6, 1, 1, 5, 4, 2, 1, 2, 6, 2, 1, 2, 5, 3, 4, 6, 1, 5, 2, 3, 1, 4, 5, 2, 2, 5, 6, 1, 2, 4, 6, 3] [7, 7, 3, 8, 9, 7, 9, 3, 7, 8, 7, 7, 3, 8, 6, 8, 10, 9, 6, 10, 3, 4, 8, 6, 7, 5, 5, 6, 10, 7, 4, 6, 8, 5, 3, 5, 7, 6, 5, 6, 8, 4, 4, 7, 3, 5, 6, 9, 10, 3, 5, 7, 8, 6, 4, 5, 9, 6, 3, 5, 9, 6, 8, 8, 3, 8, 6, 7, 5, 6, 9, 5, 4, 8, 10, 4, 6, 8, 9, 6]
A_8 14.129999999999999 A 8 [3, 4, 2, 6, 3, 3, 5, 4, 4, 3, 1, 1, 5, 5, 4, 6, 5, 3, 5, 6, 1, 6, 5, 3, 5, 1, 3, 2, 2, 4, 4, 5, 2, 2, 3, 5, 5, 5, 4, 1, 6, 1, 3, 4, 2, 6, 3, 2, 5, 2, 5, 6, 4, 1, 2, 4, 2, 2, 3, 5, 4, 2, 2, 6, 4, 1, 1, 6, 2, 5, 2, 1, 2, 1, 6, 6, 6, 5, 5, 1] [5, 8, 4, 9, 6, 5, 7, 7, 7, 7, 4, 4, 7, 9, 6, 9, 8, 7, 7, 9, 4, 9, 9, 7, 7, 3, 7, 6, 4, 7, 8, 9, 6, 6, 7, 7, 7, 9, 8, 4, 9, 4, 7, 7, 5, 10, 7, 4, 9, 5, 7, 9, 6, 3, 6, 6, 6, 6, 6, 8, 8, 4, 5, 9, 6, 5, 3, 10, 6, 8, 6, 3, 5, 3, 9, 8, 9, 8, 9, 4]
A_9 15.43 A 9 [4, 4, 6, 1, 4, 1, 5, 4, 3, 2, 1, 2, 3, 5, 4, 6, 4, 1, 6, 6, 3, 4, 3, 4, 1, 1, 1, 5, 6, 4, 4, 1, 3, 4, 3, 2, 2, 6, 4, 3, 3, 4, 4, 3, 3, 5, 6, 1, 3, 1, 4, 2, 1, 2, 4, 3, 5, 6, 1, 5, 6, 2, 3, 6, 5, 2, 2, 5, 4, 6, 5, 5, 4, 4, 2, 6, 3, 6, 2, 1] [7, 7, 10, 5, 7, 5, 7, 8, 7, 5, 4, 4, 5, 7, 6, 10, 7, 3, 8, 8, 5, 8, 6, 7, 3, 5, 4, 8, 8, 8, 7, 3, 7, 7, 7, 5, 5, 10, 7, 6, 5, 6, 8, 7, 5, 8, 10, 3, 5, 5, 8, 6, 5, 5, 6, 7, 9, 8, 3, 8, 8, 4, 7, 8, 8, 4, 5, 7, 6, 9, 7, 9, 7, 7, 4, 9, 7, 10, 4, 4]
A_10 16.43 A 10 [2, 1, 3, 2, 2, 1, 5, 5, 1, 1, 5, 6, 1, 4, 5, 1, 6, 4, 3, 1, 4, 2, 3, 4, 2, 1, 6, 4, 4, 2, 5, 3, 4, 5, 1, 1, 4, 3, 3, 5, 3, 5, 4, 5, 6, 6, 3, 3, 5, 3, 6, 5, 4, 1, 6, 5, 1, 3, 6, 5, 6, 2, 1, 5, 6, 4, 2, 6, 2, 3, 3, 4, 1, 3, 2, 6, 4, 4, 2, 3] [6, 4, 5, 5, 4, 4, 8, 7, 4, 4, 7, 10, 4, 7, 8, 4, 8, 6, 5, 4, 6, 5, 5, 8, 5, 3, 8, 8, 6, 4, 8, 6, 6, 7, 5, 4, 8, 7, 7, 9, 6, 7, 8, 7, 10, 10, 5, 6, 9, 7, 10, 9, 6, 5, 9, 8, 3, 6, 9, 7, 10, 4, 3, 7, 8, 8, 5, 8, 6, 7, 6, 6, 5, 5, 6, 9, 8, 7, 6, 5]
A_11 17.43 A 11 [3, 1, 4, 4, 5, 3, 2, 4, 1, 2, 6, 4, 2, 6, 4, 4, 3, 6, 3, 4, 5, 5, 4, 4, 6, 3, 6, 4, 5, 5, 6, 6, 1, 1, 4, 1, 3, 4, 3, 6, 1, 2, 6, 2, 5, 5, 2, 6, 1, 6, 1, 4, 2, 1, 5, 2, 4, 3, 2, 5, 6, 1, 5, 4, 2, 3, 2, 2, 2, 2, 1, 6, 2, 5, 2, 5, 5, 3, 2, 6] [7, 3, 8, 8, 8, 6, 6, 7, 4, 4, 10, 6, 6, 10, 6, 7, 6, 10, 7, 6, 9, 7, 7, 8, 8, 5, 10, 6, 8, 7, 10, 9, 3, 4, 6, 5, 7, 7, 5, 8, 5, 5, 9, 6, 9, 7, 5, 10, 3, 10, 3, 6, 4, 4, 7, 4, 6, 7, 6, 8, 9, 4, 8, 7, 4, 7, 5, 4, 4, 4, 4, 9, 5, 7, 5, 8, 8, 7, 6, 8]
A_12 18.43 A 12 [4, 6, 4, 2, 5, 6, 5, 1, 5, 3, 1, 2, 6, 1, 4, 1, 3, 3, 2, 4, 2, 5, 5, 2, 3, 5, 4, 2, 6, 3, 5, 2, 1, 6, 2, 4, 4, 5, 4, 3, 6, 3, 6, 2, 4, 1, 1, 6, 6, 1, 3, 2, 1, 3, 3, 1, 6, 4, 1, 6, 2, 3, 5, 5, 1, 2, 2, 1, 6, 2, 6, 5, 5, 2, 2, 5, 2, 4, 4, 3] [7, 8, 6, 4, 9, 9, 8, 3, 7, 5, 4, 6, 9, 5, 6, 3, 7, 6, 4, 6, 5, 7, 7, 5, 5, 9, 6, 4, 8, 7, 7, 4, 3, 8, 6, 7, 8, 8, 6, 5, 10, 5, 10, 5, 8, 4, 5, 10, 9, 3, 7, 4, 5, 7, 5, 4, 10, 6, 5, 8, 6, 5, 8, 7, 4, 5, 5, 4, 10, 6, 9, 9, 7, 4, 5, 7, 5, 6, 7, 7]
A_13 19.43 A 13 [3, 2, 3, 5, 3, 6, 5, 4, 5, 5, 4, 6, 1, 2, 5, 2, 4, 4, 4, 4, 5, 6, 6, 1, 6, 4, 1, 2, 4, 3, 1, 1, 4, 2, 6, 4, 5, 2, 5, 1, 1, 2, 2, 6, 6, 6, 6, 1, 2, 4, 1, 4, 3, 2, 3, 3, 2, 6, 1, 2, 3, 6, 3, 6, 2, 4, 6, 1, 4, 3, 1, 3, 3, 1, 1, 5, 2, 2, 6, 6] [7, 4, 7, 8, 5, 10, 8, 8, 9, 7, 7, 10, 5, 4, 8, 5, 6, 6, 7, 7, 7, 10, 10, 3, 8, 7, 4, 5, 6, 5, 4, 3, 7, 4, 10, 7, 9, 6, 9, 5, 3, 5, 4, 9, 10, 10, 9, 5, 5, 7, 3, 7, 5, 5, 5, 5, 6, 10, 4, 5, 6, 8, 7, 9, 4, 6, 10, 4, 6, 7, 4, 7, 5, 3, 3, 8, 5, 6, 8, 10]
A_14 20.43 A 14 [3, 5, 2, 6, 1, 1, 3, 3, 4, 4, 5, 4, 4, 5, 6, 4, 2, 3, 4, 3, 4, 6, 5, 1, 2, 6, 1, 1, 2, 1, 1, 2, 6, 5, 6, 4, 6, 4, 6, 3, 6, 2, 1, 3, 5, 4, 2, 4, 4, 6, 2, 5, 5, 6, 4, 5, 2, 2, 2, 6, 4, 3, 4, 3, 1, 3, 5, 1, 2, 6, 6, 1, 1, 3, 4, 4, 3, 3, 6, 4] [5, 9, 4, 9, 3, 5, 7, 6, 6, 6, 8, 6, 6, 8, 9, 7, 4, 6, 7, 6, 6, 8, 7, 5, 4, 8, 5, 3, 6, 4, 4, 4, 8, 9, 8, 6, 8, 8, 8, 6, 10, 6, 3, 6, 9, 7, 6, 8, 8, 9, 5, 8, 8, 9, 7, 9, 6, 6, 4, 10, 8, 7, 8, 7, 3, 6, 7, 4, 4, 9, 9, 5, 3, 6, 8, 8, 7, 7, 8, 7]
A_15 23.36 A 15 [1, 4, 2, 6, 4, 5, 1, 4, 6, 6, 1, 4, 1, 2, 4, 5, 4, 2, 5, 6, 5, 3, 2, 3, 3, 5, 5, 4, 2, 6, 2, 4, 5, 3, 4, 5, 6, 3, 1, 3, 5, 4, 1, 2, 6, 5, 5, 4, 2, 5, 4, 1, 3, 1, 4, 1, 1, 1, 4, 2, 1, 2, 6, 5, 4, 6, 4, 6, 1, 2, 3, 3, 2, 3, 5, 6, 2, 4, 3, 2] [5, 6, 5, 8, 6, 8, 3, 8, 9, 10, 4, 7, 3, 5, 7, 7, 6, 5, 8, 8, 8, 7, 5, 7, 5, 7, 8, 8, 6, 9, 6, 8, 8, 6, 8, 7, 8, 7, 5, 6, 7, 8, 5, 6, 9, 8, 7, 6, 5, 8, 6, 5, 5, 3, 6, 4, 4, 4, 6, 4, 3, 4, 8, 7, 8, 10, 6, 10, 3, 6, 7, 5, 4, 6, 7, 10, 6, 8, 7, 4]
A_16 24.36 A 16 [5, 3, 4, 1, 5, 4, 3, 6, 5, 4, 6, 3, 3, 4, 2, 4, 3, 4, 3, 5, 1, 1, 1, 5, 2, 4, 1, 4, 6, 2, 6, 5, 4, 3, 3, 1, 4, 3, 1, 5, 3, 5, 3, 2, 4, 1, 1, 4, 6, 6, 6, 5, 1, 1, 4, 2, 2, 5, 2, 2, 5, 3, 4, 4, 5, 3, 4, 5, 1, 5, 1, 6, 6, 6, 3, 6, 6, 5, 3, 3] [9, 5, 8, 3, 7, 7, 5, 10, 8, 7, 8, 6, 7, 6, 4, 6, 6, 8, 7, 7, 4, 4, 4, 9, 5, 8, 3, 8, 10, 4, 10, 9, 7, 6, 6, 4, 6, 7, 3, 8, 5, 9, 7, 5, 7, 3, 4, 6, 10, 10, 10, 8, 3, 4, 8, 5, 5, 8, 6, 5, 9, 7, 6, 6, 9, 6, 8, 7, 4, 7, 5, 9, 9, 10, 6, 10, 8, 7, 6, 6]
A_17 25.36 A 17 [3, 6, 3, 5, 3, 6, 6, 5, 3, 1, 4, 6, 3, 4, 3, 2, 4, 1, 1, 6, 1, 5, 6, 6, 2, 2, 1, 5, 5, 2, 5, 3, 2, 3, 4, 5, 5, 3, 5, 5, 6, 4, 5, 6, 6, 2, 3, 6, 6, 2, 1, 1, 5, 2, 6, 1, 3, 2, 1, 4, 5, 5, 5, 6, 6, 2, 2, 3, 5, 2, 3, 2, 5, 3, 2, 6, 5, 4, 2, 6] [6, 8, 5, 9, 6, 10, 10, 9, 7, 3, 6, 10, 6, 6, 6, 5, 8, 3, 3, 10, 5, 9, 10, 10, 4, 6, 4, 8, 8, 4, 9, 5, 4, 5, 8, 9, 9, 5, 9, 7, 8, 8, 7, 8, 9, 4, 5, 10, 9, 4, 5, 4, 7, 5, 10, 4, 6, 5, 3, 7, 7, 9, 8, 9, 10, 6, 5, 7, 7, 5, 6, 5, 9, 7, 4, 9, 7, 7, 4, 8]
A_18 26.98 A 18 [5, 1, 4, 2, 6, 6, 5, 2, 5, 6, 3, 3, 2, 4, 4, 5, 3, 1, 2, 5, 3, 1, 4, 2, 6, 3, 4, 2, 3, 4, 1, 2, 6, 1, 1, 3, 6, 5, 6, 1, 6, 3, 2, 4, 6, 2, 3, 6, 6, 3, 6, 6, 1, 2, 5, 3, 3, 4, 1, 4, 4, 5, 5, 6, 2, 2, 3, 6, 4, 2, 5, 3, 3, 2, 2, 3, 1, 6, 1, 5] [7, 5, 8, 5, 10, 10, 7, 6, 7, 8, 5, 7, 4, 7, 7, 8, 7, 3, 5, 8, 6, 5, 8, 5, 10, 6, 7, 6, 6, 7, 3, 6, 8, 5, 5, 7, 8, 7, 10, 3, 9, 7, 5, 6, 8, 4, 7, 9, 10, 6, 9, 8, 5, 5, 9, 5, 6, 7, 3, 7, 7, 9, 7, 8, 6, 6, 5, 8, 6, 5, 9, 5, 7, 5, 6, 7, 5, 9, 4, 9]
A_19 28.53 A 19 [3, 2, 5, 5, 2, 1, 1, 6, 6, 6, 1, 4, 4, 4, 3, 6, 5, 6, 5, 5, 5, 6, 6, 4, 5, 4, 1, 6, 6, 4, 5, 1, 1, 4, 5, 1, 3, 2, 6, 3, 4, 3, 1, 2, 2, 1, 1, 2, 5, 2, 3, 1, 6, 3, 3, 4, 1, 2, 3, 5, 3, 3, 2, 4, 3, 1, 5, 5, 5, 5, 4, 2, 6, 1, 2, 3, 4, 5, 2, 1] [6, 6, 9, 9, 4, 4, 5, 10, 9, 8, 4, 6, 6, 7, 6, 8, 7, 10, 8, 9, 8, 10, 8, 6, 9, 8, 3, 10, 8, 7, 7, 4, 4, 7, 7, 3, 7, 5, 9, 7, 7, 7, 3, 6, 6, 4, 5, 4, 8, 4, 6, 4, 8, 5, 6, 7, 3, 5, 6, 8, 7, 7, 4, 7, 5, 3, 9, 8, 9, 8, 8, 5, 10, 4, 4, 6, 6, 7, 4, 4]
A_20 29.53 A 20 [1, 2, 1, 5, 2, 1, 3, 1, 1, 3, 4, 5, 2, 5, 4, 5, 1, 1, 3, 5, 6, 2, 3, 6, 5, 1, 4, 4, 2, 1, 5, 5, 4, 6, 2, 2, 2, 5, 5, 4, 4, 5, 2, 1, 5, 4, 6, 3, 2, 3, 6, 6, 5, 4, 3, 5, 3, 3, 5, 5, 5, 6, 3, 3, 6, 5, 1, 4, 6, 3, 6, 3, 3, 3, 6, 3, 1, 3, 6, 3] [4, 4, 4, 8, 4, 4, 5, 3, 4, 5, 6, 9, 5, 7, 6, 8, 4, 5, 6, 8, 8, 5, 5, 8, 8, 5, 7, 8, 6, 4, 8, 8, 7, 9, 6, 6, 6, 7, 9, 6, 6, 8, 5, 4, 7, 8, 9, 6, 4, 7, 10, 8, 8, 7, 6, 8, 7, 7, 8, 8, 8, 8, 7, 6, 10, 7, 3, 8, 10, 7, 10, 6, 6, 5, 10, 6, 3, 7, 10, 7]
A_21 35.47 A 21 [5, 2, 2, 4, 4, 6, 5, 2, 6, 4, 2, 5, 5, 6, 6, 3, 1, 5, 1, 6, 2, 1, 4, 1, 6, 5, 2, 6, 5, 1, 6, 4, 4, 6, 3, 1, 5, 6, 1, 5, 1, 6, 3, 3, 2, 4, 1, 5, 4, 5, 2, 5, 3, 1, 3, 6, 6, 6, 6, 3, 4, 2, 2, 5, 4, 4, 6, 1, 1, 2, 2, 4, 4, 1, 2, 3, 4, 4, 6, 6] [7, 5, 5, 7, 6, 9, 8, 4, 9, 8, 5, 7, 7, 10, 8, 7, 4, 9, 5, 10, 5, 3, 6, 3, 8, 9, 5, 9, 9, 3, 10, 6, 6, 9, 6, 4, 7, 8, 4, 7, 4, 10, 5, 6, 5, 8, 5, 7, 6, 8, 4, 8, 6, 5, 7, 8, 10, 8, 10, 6, 8, 5, 6, 8, 6, 8, 10, 3, 4, 6, 6, 7, 7, 4, 4, 5, 8, 6, 10, 8]
A_22 37.04 A 22 [4, 4, 3, 1, 6, 4, 4, 5, 5, 3, 3, 4, 5, 6, 5, 2, 1, 6, 4, 6, 3, 4, 4, 2, 5, 6, 3, 2, 2, 5, 2, 1, 1, 4, 1, 6, 1, 6, 2, 5, 3, 3, 5, 5, 3, 2, 2, 1, 2, 3, 6, 6, 5, 3, 1, 4, 6, 5, 5, 6, 6, 3, 4, 1, 1, 6, 4, 6, 5, 2, 2, 4, 2, 1, 2, 4, 6, 6, 5, 5] [7, 8, 5, 5, 9, 8, 6, 8, 9, 6, 5, 7, 7, 10, 7, 5, 4, 10, 8, 8, 5, 6, 6, 5, 7, 8, 5, 4, 6, 8, 4, 3, 5, 8, 4, 8, 5, 8, 4, 7, 5, 5, 9, 9, 7, 6, 6, 4, 4, 6, 8, 9, 7, 5, 4, 8, 9, 9, 7, 10, 9, 7, 6, 4, 4, 8, 7, 9, 7, 6, 6, 6, 6, 5, 6, 6, 10, 8, 7, 9]
A_23 38.04 A 23 [2, 4, 1, 3, 3, 2, 5, 2, 3, 4, 4, 4, 2, 1, 1, 3, 5, 6, 2, 4, 6, 1, 2, 2, 2, 6, 4, 4, 3, 6, 1, 2, 1, 6, 3, 6, 1, 6, 5, 2, 5, 6, 1, 4, 1, 3, 6, 1, 5, 3, 1, 2, 1, 5, 4, 3, 1, 2, 6, 4, 4, 3, 5, 2, 1, 6, 3, 4, 5, 6, 1, 2, 4, 2, 3, 5, 1, 3, 4, 1] [6, 7, 3, 6, 6, 6, 7, 6, 7, 7, 8, 8, 5, 3, 5, 7, 9, 10, 5, 6, 8, 3, 5, 4, 5, 10, 6, 6, 5, 9, 4, 6, 4, 9, 7, 9, 3, 10, 8, 5, 9, 10, 3, 7, 3, 7, 8, 4, 9, 7, 4, 6, 3, 7, 8, 6, 3, 6, 10, 8, 8, 6, 7, 4, 3, 9, 7, 6, 9, 10, 4, 4, 7, 4, 7, 8, 4, 7, 7, 3]
A_24 40.5 A 24 [6, 3, 4, 3, 3, 5, 6, 3, 5, 1, 2, 6, 3, 6, 2, 3, 2, 2, 6, 5, 5, 6, 5, 2, 3, 1, 1, 2, 1, 4, 5, 4, 2, 4, 6, 6, 2, 6, 5, 5, 3, 6, 3, 5, 6, 2, 4, 3, 3, 2, 3, 6, 3, 5, 4, 1, 6, 2, 2, 5, 2, 3, 2, 2, 6, 3, 2, 1, 6, 2, 2, 5, 2, 1, 1, 1, 6, 5, 6, 6] [10, 6, 6, 6, 7, 9, 10, 7, 7, 3, 5, 8, 5, 8, 4, 5, 5, 4, 10, 9, 8, 8, 7, 5, 6, 5, 5, 4, 4, 7, 8, 7, 6, 8, 9, 9, 6, 8, 8, 7, 5, 10, 5, 7, 9, 4, 6, 7, 5, 6, 6, 10, 5, 9, 8, 3, 10, 5, 5, 9, 5, 6, 5, 6, 8, 7, 4, 5, 10, 6, 5, 8, 5, 5, 4, 3, 9, 7, 9, 10]
A_25 42.99 A 25 [2, 5, 5, 4, 3, 1, 1, 3, 1, 1, 1, 3, 5, 4, 6, 5, 4, 2, 3, 4, 1, 5, 6, 6, 1, 5, 5, 3, 5, 6, 6, 5, 5, 2, 1, 2, 5, 2, 6, 2, 1, 3, 3, 2, 1, 2, 3, 1, 3, 3, 6, 2, 1, 6, 3, 4, 6, 3, 2, 1, 1, 6, 4, 5, 4, 6, 4, 4, 6, 3, 6, 2, 6, 3, 3, 4, 4, 3, 6, 6] [5, 8, 8, 8, 7, 4, 4, 5, 3, 5, 3, 5, 9, 7, 8, 7, 8, 6, 6, 8, 5, 9, 8, 10, 5, 8, 7, 6, 7, 10, 10, 8, 9, 5, 5, 6, 7, 4, 9, 4, 5, 5, 5, 6, 5, 4, 7, 5, 7, 5, 8, 4, 3, 9, 7, 7, 9, 5, 6, 5, 5, 9, 8, 7, 6, 8, 8, 6, 10, 5, 9, 4, 8, 7, 5, 7, 8, 7, 10, 8]
A_26 44.45 A 26 [5, 4, 5, 4, 5, 1, 3, 3, 3, 1, 6, 6, 4, 1, 1, 5, 1, 1, 4, 1, 4, 2, 3, 4, 1, 5, 2, 2, 6, 1, 4, 6, 3, 3, 1, 6, 2, 6, 2, 2, 3, 2, 5, 1, 6, 3, 3, 5, 1, 1, 6, 2, 4, 4, 4, 2, 1, 3, 3, 5, 2, 5, 2, 6, 5, 4, 3, 5, 2, 4, 1, 6, 3, 6, 6, 5, 6, 1, 1, 4] [8, 7, 9, 6, 7, 3, 5, 5, 7, 4, 8, 10, 6, 4, 5, 8, 3, 4, 7, 3, 7, 5, 5, 6, 5, 7, 6, 4, 9, 3, 6, 10, 6, 6, 5, 10, 5, 8, 5, 6, 6, 6, 9, 4, 10, 7, 6, 9, 3, 3, 8, 6, 6, 6, 8, 4, 3, 6, 6, 9, 5, 7, 6, 9, 9, 7, 7, 7, 4, 8, 4, 10, 6, 10, 8, 8, 10, 5, 4, 6]
A_27 46.730000000000004 A 27 [4, 2, 3, 4, 5, 4, 4, 4, 2, 5, 4, 4, 2, 2, 1, 4, 4, 5, 2, 6, 4, 6, 2, 4, 2, 3, 2, 5, 6, 5, 4, 3, 2, 6, 3, 4, 4, 5, 5, 2, 2, 2, 1, 5, 3, 4, 2, 4, 2, 6, 1, 6, 4, 5, 5, 1, 2, 3, 1, 4, 4, 2, 6, 2, 4, 2, 5, 1, 3, 3, 6, 3, 5, 1, 6, 5, 6, 2, 4, 4] [7, 4, 7, 8, 8, 8, 7, 6, 6, 8, 8, 6, 4, 5, 3, 8, 8, 8, 6, 10, 8, 9, 4, 6, 4, 6, 4, 9, 8, 7, 6, 6, 6, 9, 6, 6, 7, 9, 7, 6, 4, 5, 4, 8, 5, 8, 5, 6, 6, 8, 3, 10, 6, 7, 9, 3, 5, 7, 4, 6, 7, 4, 10, 5, 6, 6, 7, 5, 5, 6, 10, 6, 9, 5, 10, 9, 9, 6, 8, 8]
A_28 47.730000000000004 A 28 [5, 1, 3, 3, 5, 4, 6, 6, 2, 6, 4, 5, 6, 4, 2, 2, 6, 5, 3, 6, 2, 5, 2, 3, 1, 5, 6, 6, 1, 5, 2, 3, 4, 5, 4, 3, 2, 5, 4, 2, 3, 2, 2, 3, 5, 5, 5, 6, 1, 2, 6, 6, 1, 4, 3, 2, 3, 3, 6, 4, 5, 2, 2, 6, 4, 2, 3, 3, 3, 1, 2, 2, 3, 5, 2, 4, 2, 6, 5, 4] [9, 3, 7, 6, 7, 7, 10, 10, 4, 8, 6, 8, 8, 6, 6, 6, 10, 8, 6, 8, 6, 9, 6, 5, 4, 7, 9, 8, 3, 8, 4, 6, 6, 8, 6, 7, 5, 8, 6, 6, 5, 6, 6, 7, 7, 7, 7, 8, 4, 5, 9, 10, 3, 8, 7, 5, 7, 6, 9, 7, 7, 6, 4, 9, 7, 5, 7, 5, 7, 5, 4, 5, 6, 8, 5, 7, 6, 9, 9, 8]
A_29 48.730000000000004 A 29 [1, 3, 4, 2, 6, 4, 5, 3, 4, 4, 2, 5, 3, 3, 1, 6, 2, 2, 4, 4, 1, 1, 5, 6, 4, 6, 1, 5, 5, 4, 5, 3, 1, 3, 5, 4, 1, 3, 1, 4, 4, 1, 6, 6, 4, 2, 6, 1, 1, 5, 1, 6, 3, 2, 1, 6, 3, 4, 6, 5, 6, 2, 4, 1, 4, 3, 1, 2, 3, 3, 5, 1, 5, 6, 5, 1, 3, 2, 1, 2] [4, 6, 6, 6, 10, 8, 9, 7, 7, 8, 4, 7, 7, 5, 4, 9, 4, 4, 7, 7, 4, 3, 8, 9, 7, 10, 3, 7, 8, 6, 8, 5, 4, 5, 7, 7, 3, 6, 5, 7, 6, 5, 10, 9, 6, 4, 10, 3, 4, 8, 3, 9, 6, 5, 3, 10, 7, 7, 10, 7, 10, 4, 7, 5, 7, 5, 5, 4, 6, 5, 7, 4, 8, 9, 8, 5, 5, 4, 5, 5]
A_30 50.040000000000006 A 30 [6, 3, 4, 6, 3, 2, 6, 2, 4, 4, 5, 6, 5, 1, 1, 2, 6, 5, 1, 5, 5, 6, 2, 1, 5, 6, 4, 4, 2, 5, 5, 6, 1, 1, 5, 2, 6, 3, 4, 6, 5, 5, 1, 4, 5, 1, 5, 3, 2, 3, 1, 2, 2, 1, 5, 4, 2, 2, 6, 6, 4, 2, 1, 6, 5, 5, 6, 1, 2, 6, 1, 3, 5, 4, 3, 5, 5, 3, 1, 5] [8, 7, 6, 10, 5, 6, 8, 4, 8, 7, 8, 10, 7, 4, 4, 6, 10, 9, 3, 7, 8, 10, 4, 4, 8, 10, 6, 6, 4, 8, 7, 9, 4, 4, 8, 4, 9, 6, 6, 10, 9, 8, 5, 8, 7, 5, 9, 5, 5, 7, 4, 5, 6, 3, 8, 6, 5, 5, 10, 10, 7, 6, 5, 8, 9, 9, 10, 4, 6, 9, 5, 7, 7, 8, 6, 9, 8, 7, 5, 7]
A_31 52.32000000000001 A 31 [5, 1, 3, 2, 6, 6, 1, 4, 5, 1, 3, 6, 2, 1, 2, 4, 5, 3, 2, 1, 5, 4, 1, 2, 4, 5, 6, 3, 3, 3, 6, 6, 2, 4, 1, 4, 6, 4, 5, 2, 5, 3, 2, 4, 3, 4, 5, 4, 4, 1, 4, 1, 4, 5, 3, 6, 5, 6, 4, 4, 4, 5, 4, 5, 4, 3, 1, 2, 1, 2, 3, 6, 5, 6, 2, 4, 4, 5, 1, 1] [9, 4, 7, 4, 10, 10, 3, 6, 9, 3, 6, 9, 4, 3, 4, 8, 9, 5, 6, 4, 8, 6, 3, 6, 7, 8, 10, 6, 6, 5, 9, 9, 6, 6, 5, 8, 10, 6, 9, 6, 7, 7, 5, 6, 7, 8, 8, 8, 8, 5, 7, 5, 7, 8, 6, 8, 9, 10, 7, 6, 6, 7, 6, 8, 6, 6, 3, 4, 5, 6, 7, 9, 8, 8, 6, 8, 8, 8, 4, 4]
A_32 53.32000000000001 A 32 [3, 4, 4, 5, 1, 6, 1, 4, 2, 3, 4, 1, 1, 4, 6, 5, 4, 2, 6, 1, 4, 4, 1, 1, 2, 5, 3, 2, 4, 1, 1, 2, 4, 4, 1, 4, 5, 4, 1, 4, 3, 3, 2, 4, 1, 1, 3, 2, 4, 4, 2, 1, 4, 2, 4, 2, 6, 5, 6, 2, 6, 6, 5, 5, 5, 6, 6, 5, 5, 2, 2, 5, 4, 2, 1, 6, 4, 1, 2, 6] [7, 8, 7, 7, 3, 8, 5, 8, 6, 7, 6, 3, 3, 7, 8, 8, 7, 4, 8, 4, 7, 6, 5, 4, 6, 9, 6, 6, 6, 4, 4, 6, 7, 8, 3, 8, 9, 7, 4, 7, 6, 7, 6, 8, 5, 3, 7, 5, 6, 8, 4, 4, 8, 4, 7, 5, 8, 9, 9, 6, 10, 8, 9, 7, 8, 9, 10, 8, 9, 6, 4, 7, 6, 4, 3, 10, 7, 3, 5, 9]
A_33 54.32000000000001 A 33 [3, 2, 3, 2, 5, 1, 5, 3, 2, 4, 5, 1, 6, 2, 5, 3, 3, 3, 1, 4, 6, 6, 4, 6, 4, 2, 3, 6, 5, 3, 1, 4, 4, 3, 5, 3, 6, 5, 6, 3, 1, 1, 1, 4, 4, 3, 2, 2, 5, 3, 3, 4, 6, 6, 4, 2, 3, 2, 6, 5, 4, 5, 2, 1, 2, 2, 3, 5, 1, 1, 3, 1, 1, 5, 2, 1, 5, 5, 1, 1] [6, 4, 6, 5, 7, 5, 7, 5, 6, 7, 7, 4, 8, 4, 9, 6, 6, 5, 5, 7, 9, 9, 8, 9, 8, 5, 6, 9, 8, 5, 4, 6, 8, 5, 8, 5, 8, 9, 8, 5, 3, 3, 3, 7, 7, 7, 5, 5, 8, 5, 6, 6, 8, 8, 8, 4, 7, 4, 8, 8, 8, 8, 5, 3, 6, 5, 6, 9, 4, 5, 7, 5, 5, 7, 5, 5, 9, 8, 4, 3]
A_34 55.32000000000001 A 34 [5, 1, 3, 5, 4, 1, 2, 1, 3, 3, 1, 4, 2, 6, 6, 4, 3, 4, 1, 5, 2, 3, 1, 3, 6, 1, 1, 3, 4, 5, 5, 1, 1, 5, 4, 1, 5, 3, 6, 5, 6, 4, 2, 2, 1, 2, 5, 3, 4, 2, 4, 6, 5, 6, 6, 2, 4, 2, 4, 3, 6, 5, 5, 4, 3, 2, 6, 3, 6, 1, 6, 1, 2, 5, 2, 4, 2, 6, 6, 3] [7, 3, 5, 8, 8, 4, 6, 3, 7, 7, 5, 6, 6, 10, 8, 8, 6, 8, 5, 7, 6, 6, 4, 7, 9, 5, 5, 6, 6, 7, 8, 5, 3, 8, 8, 4, 9, 5, 10, 8, 10, 6, 4, 5, 4, 4, 9, 5, 8, 6, 8, 10, 7, 10, 8, 4, 7, 5, 8, 5, 10, 8, 9, 8, 7, 4, 8, 7, 10, 3, 10, 3, 6, 8, 4, 6, 4, 9, 8, 7]
A_35 56.74000000000001 A 35 [2, 3, 2, 5, 1, 3, 3, 2, 5, 2, 1, 1, 4, 4, 4, 5, 1, 5, 3, 1, 2, 1, 6, 6, 6, 2, 6, 4, 3, 4, 2, 4, 4, 3, 1, 4, 1, 5, 3, 6, 5, 3, 3, 5, 6, 2, 6, 5, 6, 4, 4, 3, 6, 1, 6, 6, 2, 4, 5, 6, 4, 2, 6, 6, 6, 2, 3, 5, 1, 6, 6, 2, 1, 3, 1, 3, 6, 6, 4, 3] [6, 7, 4, 7, 4, 7, 7, 5, 7, 5, 4, 5, 7, 7, 6, 7, 4, 9, 7, 3, 6, 4, 8, 9, 9, 6, 10, 6, 7, 7, 4, 8, 8, 5, 4, 6, 4, 8, 7, 8, 8, 7, 7, 7, 8, 4, 8, 9, 8, 8, 8, 6, 10, 5, 8, 10, 5, 6, 7, 8, 7, 6, 9, 9, 9, 4, 6, 8, 5, 10, 9, 6, 3, 5, 4, 5, 8, 9, 8, 6]
A_36 61.48000000000001 A 36 [5, 4, 4, 3, 4, 2, 3, 5, 5, 2, 4, 3, 4, 5, 6, 6, 4, 5, 6, 3, 2, 5, 1, 1, 2, 5, 2, 4, 2, 1, 6, 6, 5, 6, 5, 1, 3, 4, 1, 6, 1, 6, 4, 3, 6, 2, 3, 4, 2, 2, 5, 5, 4, 2, 2, 6, 4, 2, 4, 2, 4, 6, 3, 6, 6, 3, 6, 1, 3, 4, 2, 6, 2, 3, 2, 5, 1, 2, 6, 6] [9, 8, 6, 5, 6, 4, 5, 7, 7, 5, 8, 7, 8, 9, 8, 8, 6, 9, 8, 7, 6, 7, 5, 3, 6, 7, 5, 7, 5, 3, 9, 10, 9, 8, 9, 4, 7, 8, 4, 10, 4, 8, 7, 5, 10, 5, 7, 7, 4, 6, 8, 7, 6, 4, 6, 9, 7, 5, 6, 4, 8, 9, 6, 8, 9, 5, 10, 5, 6, 6, 6, 8, 4, 7, 6, 7, 3, 6, 8, 9]
A_37 62.48000000000001 A 37 [1, 6, 4, 1, 3, 1, 4, 4, 5, 6, 3, 4, 5, 2, 4, 3, 3, 3, 5, 2, 5, 6, 6, 6, 6, 2, 6, 5, 5, 3, 3, 4, 4, 5, 3, 5, 4, 5, 2, 1, 1, 1, 6, 5, 2, 5, 4, 4, 1, 2, 3, 4, 4, 4, 3, 2, 3, 5, 2, 6, 5, 1, 2, 3, 3, 6, 1, 5, 2, 3, 5, 5, 2, 1, 3, 2, 1, 5, 1, 2] [4, 9, 7, 3, 7, 5, 6, 6, 9, 10, 7, 7, 8, 6, 8, 7, 7, 5, 7, 5, 7, 8, 8, 10, 8, 4, 8, 9, 8, 6, 6, 6, 7, 9, 5, 8, 8, 9, 5, 4, 3, 3, 10, 8, 5, 9, 7, 8, 3, 6, 7, 7, 8, 8, 5, 4, 6, 8, 6, 10, 7, 5, 6, 7, 6, 10, 4, 7, 5, 6, 7, 7, 4, 5, 7, 4, 4, 8, 4, 5]
A_38 64.75000000000001 A 38 [3, 5, 4, 4, 4, 2, 4, 1, 4, 4, 3, 3, 4, 5, 6, 1, 1, 5, 6, 6, 5, 1, 2, 5, 5, 6, 2, 5, 4, 1, 4, 5, 1, 6, 6, 3, 1, 2, 1, 2, 5, 2, 3, 6, 4, 1, 5, 5, 6, 6, 6, 3, 3, 6, 4, 2, 6, 1, 6, 3, 1, 5, 1, 6, 1, 1, 1, 2, 1, 3, 3, 5, 3, 2, 1, 2, 5, 4, 6, 4] [5, 7, 7, 8, 7, 4, 6, 5, 8, 7, 7, 5, 6, 9, 8, 5, 3, 9, 10, 9, 9, 4, 4, 8, 8, 9, 5, 7, 6, 5, 6, 9, 4, 8, 10, 7, 4, 5, 3, 4, 7, 5, 6, 8, 7, 3, 7, 7, 10, 10, 9, 7, 7, 10, 7, 5, 10, 4, 9, 6, 5, 9, 4, 9, 3, 4, 3, 5, 5, 7, 5, 8, 6, 6, 4, 6, 7, 7, 8, 7]
A_39 65.89000000000001 A 39 [1, 6, 2, 2, 2, 1, 2, 2, 1, 3, 5, 6, 3, 1, 3, 3, 5, 5, 1, 3, 4, 5, 5, 2, 5, 2, 2, 2, 2, 4, 6, 2, 4, 3, 5, 6, 6, 1, 2, 6, 6, 1, 6, 6, 2, 3, 1, 5, 2, 1, 3, 4, 1, 5, 2, 3, 1, 4, 5, 2, 4, 1, 4, 6, 5, 5, 1, 3, 5, 3, 3, 3, 4, 1, 1, 5, 5, 5, 2, 2] [4, 10, 5, 5, 6, 5, 6, 6, 4, 6, 9, 8, 5, 5, 6, 6, 8, 7, 3, 7, 6, 7, 7, 5, 7, 4, 6, 6, 6, 7, 10, 6, 7, 5, 8, 8, 10, 4, 4, 10, 8, 4, 10, 10, 4, 7, 5, 7, 5, 5, 6, 6, 5, 7, 5, 6, 5, 6, 7, 5, 8, 5, 8, 8, 8, 9, 4, 5, 8, 7, 5, 7, 7, 5, 4, 7, 8, 7, 4, 4]
B_0 1 B 40 [1, 3, 6, 5, 1, 6, 5, 4, 6, 3, 3, 1, 6, 1, 6, 5, 3, 6, 6, 4, 4, 1, 3, 5, 3, 1, 3, 2, 3, 4, 5, 5, 3, 1, 6, 5, 1, 1, 5, 6, 4, 4, 6, 2, 2, 1, 1, 3, 1, 6, 5, 3, 3, 2, 4, 5, 4, 3, 3, 1, 5, 1, 3, 1, 3, 4, 6, 4, 4, 5, 5, 3, 1, 6, 2, 6, 3, 2, 2, 3] [5, 6, 10, 7, 4, 10, 7, 8, 9, 5, 6, 5, 10, 3, 10, 7, 5, 8, 9, 7, 6, 4, 5, 9, 5, 5, 6, 4, 5, 6, 9, 7, 6, 3, 10, 8, 4, 3, 7, 8, 6, 7, 9, 4, 4, 3, 5, 5, 3, 8, 9, 6, 5, 5, 7, 7, 8, 6, 7, 4, 8, 4, 7, 5, 5, 7, 9, 8, 6, 8, 7, 5, 5, 10, 4, 9, 6, 5, 5, 7]
B_1 2 B 41 [1, 3, 3, 6, 6, 4, 5, 2, 1, 4, 5, 2, 3, 2, 2, 4, 5, 4, 3, 3, 5, 6, 3, 6, 6, 3, 2, 2, 2, 1, 5, 3, 3, 1, 4, 3, 6, 1, 2, 1, 4, 3, 3, 3, 1, 1, 6, 5, 5, 2, 5, 5, 1, 5, 3, 5, 2, 5, 3, 6, 1, 6, 6, 5, 5, 6, 4, 3, 6, 3, 6, 4, 4, 5, 6, 5, 4, 2, 2, 6] [3, 7, 7, 9, 8, 8, 8, 4, 4, 6, 7, 5, 5, 5, 6, 8, 9, 8, 7, 7, 8, 10, 5, 10, 10, 5, 6, 5, 6, 5, 8, 7, 7, 3, 6, 7, 8, 3, 5, 4, 7, 5, 6, 7, 4, 4, 9, 7, 7, 6, 7, 9, 4, 8, 6, 7, 6, 7, 6, 10, 5, 8, 9, 8, 9, 10, 8, 5, 8, 7, 8, 6, 8, 8, 8, 7, 6, 4, 4, 8]
B_2 4.359999999999999 B 42 [4, 2, 1, 5, 5, 5, 5, 2, 3, 4, 4, 6, 6, 2, 1, 1, 3, 5, 2, 1, 2, 3, 5, 1, 3, 3, 5, 1, 2, 6, 1, 2, 2, 1, 2, 3, 4, 6, 3, 6, 6, 3, 3, 1, 1, 5, 3, 6, 1, 1, 2, 5, 5, 6, 1, 2, 5, 5, 3, 5, 5, 3, 3, 3, 5, 3, 2, 1, 3, 5, 6, 6, 3, 1, 2, 2, 5, 6, 6, 5] [8, 4, 4, 7, 9, 9, 7, 4, 7, 8, 8, 9, 10, 4, 3, 5, 7, 7, 5, 3, 5, 5, 9, 3, 5, 5, 9, 4, 6, 10, 5, 5, 6, 3, 4, 7, 7, 10, 6, 10, 9, 6, 5, 3, 4, 7, 7, 8, 5, 3, 4, 8, 7, 8, 5, 6, 8, 7, 5, 9, 9, 6, 5, 7, 7, 6, 4, 5, 5, 7, 9, 10, 5, 3, 4, 5, 9, 10, 10, 9]
B_3 5.359999999999999 B 43 [1, 2, 1, 5, 5, 5, 2, 3, 4, 3, 5, 2, 2, 6, 3, 2, 2, 6, 4, 2, 1, 3, 5, 4, 5, 2, 1, 5, 3, 6, 4, 4, 4, 4, 2, 5, 3, 5, 6, 6, 2, 3, 1, 5, 4, 6, 5, 2, 5, 3, 4, 1, 5, 5, 2, 2, 3, 1, 2, 2, 1, 6, 2, 1, 1, 1, 1, 2, 6, 5, 4, 1, 4, 2, 5, 3, 5, 4, 6, 6] [4, 5, 4, 7, 9, 9, 4, 7, 7, 7, 7, 6, 5, 9, 6, 6, 5, 8, 6, 6, 4, 6, 9, 7, 7, 6, 4, 8, 7, 9, 8, 6, 8, 7, 5, 7, 5, 8, 8, 10, 4, 7, 3, 8, 7, 9, 8, 4, 9, 7, 6, 4, 9, 8, 6, 4, 6, 4, 6, 6, 3, 8, 5, 3, 4, 4, 5, 5, 9, 8, 7, 4, 8, 5, 7, 7, 8, 8, 10, 8]
B_4 6.359999999999999 B 44 [4, 4, 1, 3, 5, 3, 5, 1, 2, 3, 6, 5, 4, 6, 5, 6, 4, 6, 6, 2, 5, 2, 3, 1, 6, 1, 6, 3, 5, 4, 5, 3, 1, 4, 1, 6, 6, 2, 4, 2, 2, 1, 1, 4, 3, 4, 2, 5, 4, 2, 6, 5, 3, 6, 2, 6, 2, 5, 6, 6, 2, 6, 6, 4, 2, 5, 6, 1, 6, 5, 6, 2, 3, 6, 4, 5, 5, 4, 5, 1] [6, 7, 3, 5, 8, 6, 8, 3, 5, 5, 10, 9, 8, 10, 9, 9, 7, 9, 8, 6, 7, 5, 7, 3, 9, 5, 10, 5, 7, 6, 7, 7, 5, 7, 4, 8, 10, 5, 7, 4, 4, 4, 4, 7, 6, 6, 6, 7, 6, 5, 10, 8, 6, 9, 4, 8, 6, 7, 9, 9, 4, 10, 10, 8, 5, 8, 9, 4, 8, 9, 8, 6, 6, 9, 7, 7, 8, 7, 9, 5]
B_5 10.32 B 45 [4, 5, 5, 3, 5, 1, 2, 3, 6, 5, 6, 5, 1, 6, 4, 5, 1, 2, 2, 1, 4, 4, 2, 3, 2, 2, 3, 4, 5, 2, 1, 4, 1, 3, 2, 2, 2, 5, 1, 3, 1, 1, 5, 6, 4, 2, 4, 5, 1, 6, 3, 5, 6, 3, 1, 2, 3, 4, 5, 2, 5, 2, 1, 6, 4, 3, 4, 1, 3, 5, 3, 4, 1, 1, 1, 4, 5, 3, 2, 1] [7, 9, 9, 7, 8, 5, 5, 5, 10, 8, 10, 7, 4, 10, 7, 8, 3, 4, 4, 4, 8, 8, 6, 7, 4, 4, 7, 8, 7, 4, 5, 8, 3, 7, 4, 4, 5, 9, 3, 7, 3, 4, 7, 9, 6, 5, 8, 7, 5, 10, 7, 9, 8, 5, 3, 4, 6, 8, 8, 5, 9, 6, 5, 9, 6, 5, 7, 4, 5, 7, 7, 8, 3, 4, 3, 7, 7, 7, 4, 5]
B_6 11.870000000000001 B 46 [5, 4, 4, 4, 5, 5, 3, 2, 3, 6, 3, 2, 1, 6, 2, 5, 1, 3, 3, 1, 6, 1, 2, 6, 4, 3, 3, 2, 5, 6, 5, 5, 3, 2, 5, 6, 3, 4, 5, 1, 1, 6, 3, 5, 2, 4, 1, 3, 6, 3, 1, 6, 1, 1, 1, 1, 2, 3, 6, 6, 2, 6, 3, 3, 4, 4, 3, 2, 1, 4, 2, 5, 3, 4, 3, 2, 1, 2, 2, 5] [7, 6, 8, 8, 8, 7, 6, 6, 7, 10, 5, 5, 5, 9, 6, 7, 4, 5, 7, 5, 9, 5, 6, 8, 6, 7, 6, 5, 7, 10, 9, 8, 7, 5, 9, 8, 7, 7, 7, 5, 5, 9, 7, 8, 6, 8, 3, 7, 9, 7, 3, 9, 4, 4, 5, 5, 6, 5, 10, 8, 6, 9, 6, 7, 6, 8, 7, 4, 4, 8, 5, 8, 7, 8, 7, 5, 5, 6, 4, 9]
B_7 13.680000000000001 B 47 [6, 4, 3, 3, 5, 1, 2, 5, 2, 1, 3, 6, 6, 1, 4, 4, 4, 6, 6, 2, 3, 5, 1, 1, 3, 1, 5, 4, 6, 1, 3, 4, 2, 2, 3, 5, 4, 4, 5, 5, 3, 5, 6, 2, 5, 5, 3, 1, 5, 3, 5, 2, 5, 2, 5, 6, 6, 1, 4, 3, 2, 2, 5, 6, 6, 2, 1, 4, 1, 1, 5, 3, 4, 2, 5, 4, 5, 5, 4, 1] [10, 6, 6, 6, 9, 4, 5, 9, 4, 3, 6, 10, 10, 5, 8, 6, 6, 10, 9, 4, 6, 7, 4, 4, 7, 5, 9, 6, 8, 3, 5, 8, 5, 5, 5, 9, 7, 8, 7, 7, 5, 7, 8, 4, 7, 7, 7, 4, 8, 7, 8, 5, 7, 5, 9, 10, 8, 5, 7, 6, 4, 5, 9, 8, 9, 4, 5, 6, 4, 5, 7, 6, 6, 4, 8, 7, 8, 9, 7, 4]
B_8 14.680000000000001 B 48 [3, 4, 2, 3, 1, 3, 5, 6, 5, 3, 5, 1, 6, 2, 4, 2, 6, 6, 6, 5, 2, 4, 2, 5, 3, 3, 1, 2, 1, 1, 2, 4, 4, 5, 4, 6, 2, 1, 6, 2, 1, 5, 1, 5, 4, 1, 6, 5, 4, 5, 2, 5, 4, 4, 5, 6, 1, 6, 5, 4, 6, 5, 3, 4, 1, 6, 6, 5, 5, 3, 5, 2, 4, 2, 3, 1, 4, 1, 3, 6] [5, 6, 5, 7, 3, 5, 7, 10, 9, 5, 9, 3, 9, 5, 8, 5, 10, 9, 10, 8, 4, 6, 4, 9, 5, 7, 3, 6, 4, 4, 5, 8, 6, 8, 8, 8, 4, 3, 10, 5, 3, 7, 5, 9, 6, 5, 9, 8, 8, 8, 6, 7, 8, 8, 7, 10, 5, 9, 8, 8, 8, 9, 6, 8, 3, 10, 8, 9, 9, 6, 8, 4, 8, 6, 6, 4, 7, 5, 6, 9]
B_9 15.680000000000001 B 49 [2, 2, 5, 3, 1, 2, 5, 1, 2, 1, 3, 6, 1, 4, 6, 5, 6, 2, 3, 2, 3, 5, 3, 3, 2, 3, 1, 6, 2, 5, 3, 1, 4, 3, 2, 4, 2, 2, 6, 1, 6, 2, 1, 3, 2, 6, 3, 3, 5, 4, 1, 5, 6, 2, 1, 1, 3, 3, 4, 6, 2, 2, 5, 1, 5, 3, 6, 2, 3, 1, 1, 6, 6, 2, 4, 5, 3, 6, 1, 4] [4, 5, 7, 7, 5, 6, 8, 3, 5, 5, 7, 10, 3, 7, 9, 8, 10, 4, 6, 4, 7, 8, 6, 7, 6, 5, 3, 8, 5, 8, 7, 5, 8, 5, 6, 8, 6, 6, 10, 5, 8, 6, 3, 7, 5, 10, 7, 7, 8, 8, 5, 9, 9, 5, 3, 4, 5, 6, 7, 10, 5, 6, 7, 5, 8, 7, 10, 6, 5, 3, 3, 9, 8, 5, 6, 7, 5, 10, 5, 8]
B_10 16.68 B 50 [4, 6, 5, 1, 2, 3, 6, 1, 5, 4, 6, 1, 3, 1, 2, 4, 6, 1, 6, 3, 6, 2, 6, 1, 3, 6, 6, 1, 6, 1, 1, 4, 2, 3, 4, 4, 5, 3, 6, 3, 5, 5, 2, 4, 6, 3, 1, 5, 2, 1, 5, 1, 1, 5, 4, 6, 3, 6, 1, 1, 6, 3, 4, 1, 1, 3, 3, 3, 5, 6, 5, 3, 5, 2, 6, 3, 4, 6, 4, 4] [6, 8, 8, 3, 4, 5, 9, 5, 7, 8, 10, 3, 7, 3, 5, 6, 10, 5, 9, 6, 10, 4, 8, 4, 6, 8, 8, 3, 9, 3, 4, 7, 4, 6, 8, 8, 8, 7, 9, 6, 9, 7, 4, 6, 10, 7, 3, 8, 6, 5, 7, 3, 5, 9, 7, 9, 6, 9, 5, 4, 10, 7, 6, 3, 3, 7, 7, 5, 7, 10, 8, 6, 8, 5, 8, 7, 6, 8, 7, 7]
B_11 18.37 B 51 [3, 3, 5, 1, 4, 6, 2, 5, 6, 2, 5, 4, 2, 4, 5, 1, 5, 1, 6, 1, 6, 5, 6, 2, 6, 2, 2, 6, 6, 6, 2, 1, 1, 4, 6, 3, 5, 4, 3, 4, 3, 5, 5, 1, 5, 5, 6, 2, 5, 5, 1, 1, 3, 5, 4, 1, 1, 5, 5, 3, 4, 6, 1, 6, 4, 6, 1, 3, 5, 1, 6, 2, 5, 2, 2, 5, 2, 5, 4, 3] [5, 5, 9, 3, 7, 9, 6, 7, 9, 6, 9, 6, 4, 7, 8, 5, 8, 4, 8, 4, 8, 8, 9, 6, 10, 4, 6, 10, 10, 9, 5, 5, 4, 6, 10, 6, 7, 7, 7, 6, 6, 9, 8, 4, 8, 9, 9, 5, 7, 9, 3, 3, 6, 8, 6, 3, 3, 9, 8, 5, 7, 8, 4, 10, 8, 8, 4, 7, 9, 3, 9, 5, 9, 4, 6, 7, 4, 7, 7, 6]
B_12 21.35 B 52 [4, 4, 6, 6, 1, 3, 4, 4, 4, 1, 4, 2, 1, 3, 5, 3, 1, 5, 1, 6, 5, 3, 5, 1, 3, 1, 4, 4, 1, 3, 2, 4, 4, 6, 5, 6, 4, 4, 3, 1, 3, 1, 5, 5, 3, 6, 1, 5, 4, 6, 1, 3, 6, 4, 4, 5, 1, 5, 5, 6, 3, 4, 3, 3, 3, 5, 5, 5, 2, 6, 6, 1, 4, 4, 1, 2, 3, 6, 1, 2] [6, 8, 8, 10, 3, 7, 8, 8, 6, 5, 6, 4, 5, 5, 8, 5, 3, 7, 5, 8, 8, 6, 7, 3, 5, 3, 6, 6, 3, 6, 6, 7, 8, 8, 7, 10, 6, 8, 7, 5, 5, 4, 7, 9, 6, 8, 4, 7, 8, 9, 5, 6, 9, 8, 6, 9, 4, 8, 8, 8, 6, 8, 6, 7, 7, 9, 8, 8, 5, 9, 9, 4, 7, 7, 5, 6, 6, 10, 3, 6]
B_13 23.240000000000002 B 53 [2, 2, 3, 6, 3, 4, 3, 2, 1, 2, 1, 1, 3, 2, 6, 1, 1, 2, 2, 3, 4, 1, 3, 5, 5, 6, 4, 5, 4, 2, 1, 5, 2, 6, 6, 1, 2, 4, 6, 5, 2, 5, 6, 5, 6, 3, 1, 2, 4, 2, 5, 5, 4, 3, 1, 1, 4, 5, 5, 5, 2, 6, 4, 5, 2, 2, 4, 3, 4, 4, 2, 3, 1, 3, 1, 5, 5, 1, 3, 1] [5, 6, 6, 10, 7, 6, 5, 6, 3, 5, 5, 4, 7, 5, 9, 3, 4, 5, 5, 5, 7, 5, 5, 7, 9, 9, 6, 7, 8, 5, 3, 8, 4, 8, 10, 5, 4, 8, 10, 7, 5, 8, 8, 8, 9, 5, 4, 5, 8, 5, 9, 8, 8, 5, 5, 4, 8, 8, 9, 9, 5, 9, 6, 8, 5, 6, 7, 6, 6, 6, 6, 7, 4, 6, 4, 7, 9, 4, 5, 3]
B_14 24.240000000000002 B 54 [1, 3, 3, 5, 1, 5, 2, 1, 2, 4, 6, 5, 3, 3, 4, 4, 4, 6, 5, 3, 3, 3, 1, 4, 4, 3, 4, 5, 3, 1, 5, 3, 4, 4, 6, 6, 2, 3, 4, 2, 4, 3, 1, 2, 2, 1, 1, 5, 5, 1, 4, 4, 4, 1, 5, 4, 2, 4, 5, 1, 1, 4, 5, 1, 3, 6, 1, 3, 5, 4, 5, 3, 1, 6, 3, 1, 2, 3, 3, 4] [4, 5, 5, 9, 5, 9, 6, 4, 6, 6, 9, 7, 5, 5, 7, 6, 8, 10, 9, 6, 6, 7, 4, 8, 8, 7, 8, 9, 7, 3, 8, 6, 7, 8, 8, 8, 6, 5, 7, 5, 7, 6, 5, 6, 4, 3, 5, 9, 7, 3, 7, 6, 6, 5, 9, 6, 5, 6, 8, 4, 4, 7, 7, 3, 7, 10, 5, 5, 9, 6, 8, 7, 4, 9, 5, 5, 4, 6, 6, 7]
B_15 25.240000000000002 B 55 [5, 2, 2, 5, 5, 5, 5, 2, 4, 3, 5, 2, 1, 3, 5, 1, 2, 1, 3, 4, 5, 6, 4, 3, 1, 4, 2, 1, 2, 6, 4, 6, 2, 2, 2, 6, 6, 2, 2, 3, 5, 5, 2, 2, 6, 2, 1, 6, 6, 1, 6, 1, 5, 1, 4, 4, 1, 2, 3, 2, 4, 4, 5, 4, 4, 5, 2, 2, 3, 1, 3, 4, 2, 3, 2, 5, 1, 5, 1, 5] [9, 4, 6, 7, 8, 8, 8, 5, 6, 7, 8, 4, 4, 5, 9, 4, 5, 4, 5, 7, 8, 8, 8, 6, 3, 7, 4, 3, 5, 10, 6, 8, 5, 4, 4, 10, 9, 4, 5, 6, 7, 7, 6, 4, 8, 4, 5, 10, 10, 4, 9, 3, 9, 4, 6, 8, 5, 5, 6, 4, 8, 6, 9, 6, 6, 7, 6, 5, 5, 3, 6, 6, 5, 5, 5, 8, 4, 7, 3, 8]
B_16 27.5 B 56 [4, 4, 6, 3, 5, 1, 1, 6, 2, 5, 1, 4, 6, 2, 2, 1, 2, 3, 3, 1, 3, 6, 6, 1, 6, 6, 1, 2, 3, 3, 2, 5, 6, 3, 4, 2, 4, 3, 6, 1, 4, 2, 5, 3, 2, 3, 2, 6, 1, 3, 3, 1, 1, 4, 2, 1, 3, 2, 4, 2, 2, 5, 3, 5, 6, 2, 3, 5, 5, 6, 3, 3, 2, 6, 2, 4, 6, 6, 2, 3] [7, 7, 10, 7, 9, 5, 4, 9, 6, 9, 3, 6, 10, 6, 6, 4, 5, 6, 6, 3, 7, 10, 9, 3, 10, 9, 3, 5, 7, 7, 5, 9, 8, 7, 7, 5, 7, 6, 10, 5, 8, 6, 8, 6, 6, 6, 6, 8, 5, 5, 6, 3, 4, 8, 5, 5, 6, 6, 6, 5, 6, 7, 6, 9, 9, 6, 7, 8, 8, 8, 6, 5, 5, 10, 4, 7, 10, 9, 5, 6]
B_17 28.5 B 57 [6, 4, 3, 5, 3, 5, 3, 2, 2, 6, 3, 3, 4, 6, 2, 1, 5, 2, 4, 2, 3, 6, 5, 2, 2, 3, 3, 3, 3, 4, 2, 6, 5, 2, 2, 4, 2, 5, 1, 4, 3, 5, 5, 1, 5, 4, 3, 1, 6, 3, 6, 5, 5, 5, 4, 2, 2, 5, 5, 4, 4, 5, 3, 4, 2, 2, 6, 2, 3, 5, 2, 1, 1, 6, 3, 6, 1, 3, 3, 3] [10, 7, 5, 8, 6, 8, 7, 6, 6, 8, 6, 7, 6, 10, 6, 4, 8, 5, 7, 5, 7, 8, 9, 6, 5, 5, 6, 7, 6, 7, 5, 10, 9, 4, 5, 6, 5, 8, 4, 6, 6, 7, 7, 4, 7, 8, 5, 5, 9, 6, 9, 9, 8, 8, 6, 5, 6, 8, 9, 6, 7, 7, 6, 6, 6, 6, 10, 6, 6, 9, 4, 4, 5, 9, 6, 8, 3, 7, 7, 6]
B_18 29.5 B 58 [1, 3, 3, 6, 6, 4, 1, 1, 3, 1, 6, 2, 1, 1, 2, 4, 2, 1, 1, 3, 5, 6, 5, 6, 2, 2, 3, 1, 6, 6, 6, 4, 6, 6, 4, 5, 4, 2, 6, 5, 3, 3, 3, 2, 6, 5, 6, 4, 5, 4, 1, 5, 5, 5, 5, 3, 4, 5, 4, 3, 6, 3, 5, 1, 4, 2, 4, 4, 6, 1, 1, 6, 1, 1, 1, 1, 4, 1, 5, 5] [5, 7, 5, 8, 9, 8, 5, 3, 6, 3, 9, 6, 5, 4, 4, 6, 6, 3, 3, 6, 8, 10, 7, 10, 5, 6, 6, 4, 9, 10, 10, 7, 9, 8, 8, 7, 6, 6, 9, 7, 7, 6, 5, 6, 9, 8, 10, 7, 8, 7, 5, 8, 8, 9, 8, 6, 6, 9, 8, 5, 8, 6, 7, 5, 7, 4, 6, 7, 10, 4, 4, 9, 5, 4, 3, 4, 8, 4, 8, 7]
B_19 36.18 B 59 [1, 4, 1, 3, 2, 5, 3, 2, 5, 5, 5, 5, 6, 2, 6, 2, 2, 4, 4, 5, 5, 3, 6, 4, 5, 1, 5, 4, 4, 5, 6, 4, 2, 5, 3, 6, 2, 6, 3, 2, 1, 6, 5, 2, 6, 2, 6, 3, 4, 6, 1, 3, 6, 5, 1, 2, 2, 4, 3, 1, 5, 2, 5, 4, 1, 4, 3, 2, 3, 2, 3, 3, 6, 6, 3, 6, 1, 1, 6, 2] [5, 6, 5, 6, 6, 7, 7, 5, 8, 8, 7, 8, 8, 5, 10, 4, 5, 7, 7, 8, 8, 6, 10, 8, 9, 5, 9, 6, 7, 7, 10, 6, 6, 8, 5, 8, 4, 10, 6, 5, 4, 10, 9, 6, 9, 5, 8, 6, 8, 10, 4, 5, 8, 9, 4, 4, 5, 6, 5, 4, 8, 5, 8, 8, 5, 8, 7, 5, 7, 4, 7, 5, 8, 10, 5, 9, 3, 3, 9, 5]
B_20 39.05 B 60 [5, 2, 4, 6, 5, 4, 5, 5, 4, 6, 6, 6, 2, 3, 4, 1, 5, 5, 4, 3, 5, 4, 6, 4, 2, 1, 2, 4, 5, 6, 4, 4, 6, 4, 6, 4, 4, 5, 1, 4, 5, 1, 5, 1, 2, 5, 2, 2, 6, 2, 6, 4, 3, 2, 1, 4, 2, 4, 6, 5, 3, 1, 5, 2, 3, 3, 3, 4, 3, 4, 4, 4, 1, 4, 3, 2, 3, 6, 3, 5] [9, 4, 6, 10, 9, 6, 8, 9, 8, 8, 10, 9, 6, 6, 8, 3, 9, 7, 7, 7, 8, 8, 9, 8, 5, 5, 5, 7, 7, 10, 7, 6, 10, 8, 10, 7, 8, 7, 5, 8, 8, 5, 9, 3, 4, 9, 6, 4, 8, 5, 10, 7, 6, 5, 4, 8, 6, 7, 8, 8, 7, 5, 9, 4, 5, 5, 5, 6, 6, 6, 6, 6, 3, 7, 7, 5, 6, 10, 5, 7]
B_21 40.05 B 61 [2, 3, 3, 4, 6, 5, 3, 3, 2, 2, 2, 1, 3, 6, 3, 2, 3, 5, 5, 3, 6, 2, 3, 3, 3, 6, 5, 2, 2, 2, 2, 5, 6, 5, 5, 2, 6, 1, 5, 1, 1, 6, 3, 6, 6, 2, 6, 2, 5, 2, 3, 6, 4, 6, 4, 4, 5, 5, 3, 2, 1, 1, 3, 4, 6, 5, 5, 2, 5, 3, 6, 4, 5, 3, 6, 2, 1, 3, 6, 2] [5, 7, 7, 8, 8, 8, 5, 6, 4, 4, 4, 4, 5, 8, 7, 4, 7, 9, 9, 7, 8, 5, 7, 6, 6, 9, 7, 4, 6, 4, 6, 7, 8, 8, 8, 6, 9, 5, 9, 5, 4, 8, 6, 8, 10, 6, 9, 5, 9, 6, 7, 8, 8, 9, 7, 6, 7, 7, 6, 5, 5, 3, 6, 6, 8, 8, 8, 6, 8, 7, 8, 8, 9, 6, 8, 5, 3, 6, 9, 4]
B_22 41.269999999999996 B 62 [5, 2, 6, 3, 5, 3, 1, 4, 2, 3, 1, 5, 5, 3, 4, 6, 4, 5, 5, 2, 3, 2, 4, 5, 2, 4, 2, 6, 2, 4, 1, 4, 5, 2, 5, 6, 3, 2, 1, 4, 3, 6, 3, 2, 6, 1, 3, 5, 3, 5, 4, 1, 3, 4, 5, 5, 3, 3, 5, 5, 5, 3, 1, 2, 6, 3, 6, 4, 5, 2, 2, 6, 1, 3, 2, 6, 6, 5, 1, 5] [8, 5, 8, 6, 8, 5, 4, 8, 5, 7, 3, 8, 8, 7, 8, 8, 6, 8, 7, 4, 7, 6, 6, 7, 5, 8, 6, 10, 4, 7, 5, 6, 9, 5, 9, 9, 6, 6, 4, 8, 7, 9, 5, 5, 10, 5, 6, 9, 6, 7, 6, 4, 6, 6, 7, 9, 6, 6, 7, 8, 9, 6, 5, 5, 8, 7, 8, 8, 8, 6, 6, 10, 3, 6, 5, 9, 10, 7, 4, 8]
B_23 42.269999999999996 B 63 [3, 6, 6, 4, 2, 6, 2, 6, 6, 6, 5, 4, 5, 6, 3, 5, 4, 6, 6, 4, 3, 5, 1, 2, 2, 5, 6, 2, 6, 1, 6, 5, 5, 1, 4, 6, 6, 3, 6, 6, 1, 5, 3, 1, 4, 6, 3, 6, 4, 1, 1, 6, 3, 5, 1, 4, 5, 4, 1, 4, 2, 4, 2, 4, 6, 2, 4, 2, 2, 3, 3, 1, 5, 4, 6, 6, 6, 1, 3, 4] [7, 8, 8, 8, 6, 10, 6, 8, 9, 8, 7, 7, 7, 9, 7, 7, 6, 9, 8, 7, 6, 8, 4, 4, 6, 7, 9, 5, 9, 5, 8, 8, 7, 3, 8, 9, 8, 7, 9, 8, 5, 8, 7, 3, 8, 9, 7, 8, 8, 5, 3, 10, 7, 8, 3, 6, 9, 6, 5, 8, 4, 6, 5, 8, 9, 6, 6, 6, 4, 5, 6, 4, 8, 6, 10, 8, 9, 4, 6, 8]
B_24 43.269999999999996 B 64 [1, 2, 6, 4, 3, 2, 4, 1, 4, 5, 6, 2, 1, 2, 1, 4, 5, 6, 2, 3, 6, 4, 1, 1, 6, 4, 5, 4, 4, 4, 5, 4, 5, 2, 3, 6, 6, 3, 1, 5, 3, 5, 5, 1, 2, 4, 4, 6, 1, 5, 1, 4, 3, 2, 3, 4, 6, 2, 4, 1, 3, 6, 6, 6, 5, 1, 6, 5, 5, 4, 3, 2, 5, 6, 6, 6, 6, 5, 4, 5] [4, 6, 10, 6, 5, 4, 6, 3, 6, 8, 8, 4, 4, 4, 3, 8, 9, 10, 6, 5, 10, 6, 4, 3, 8, 6, 9, 6, 7, 7, 9, 6, 8, 6, 7, 9, 9, 6, 3, 8, 5, 9, 7, 4, 5, 6, 6, 9, 3, 8, 3, 8, 7, 5, 7, 6, 9, 6, 7, 5, 5, 8, 8, 9, 7, 3, 10, 7, 7, 7, 5, 4, 7, 9, 10, 8, 9, 7, 6, 7]
B_25 44.919999999999995 B 65 [1, 3, 6, 6, 3, 1, 4, 5, 1, 2, 4, 3, 2, 4, 3, 6, 3, 2, 2, 1, 5, 4, 6, 6, 3, 6, 4, 2, 2, 3, 5, 3, 6, 2, 2, 2, 3, 6, 1, 5, 4, 6, 3, 1, 5, 3, 4, 2, 6, 3, 3, 6, 5, 2, 6, 5, 2, 2, 2, 4, 3, 5, 3, 2, 1, 5, 4, 3, 3, 4, 5, 3, 6, 4, 4, 2, 6, 5, 1, 4] [5, 7, 10, 9, 5, 5, 6, 8, 5, 4, 8, 7, 5, 6, 6, 10, 6, 6, 6, 3, 7, 8, 8, 9, 7, 8, 7, 6, 5, 5, 9, 6, 9, 5, 4, 4, 5, 10, 4, 9, 7, 10, 6, 4, 8, 5, 8, 4, 10, 7, 7, 8, 9, 6, 10, 7, 6, 6, 4, 8, 5, 8, 7, 6, 3, 8, 8, 7, 6, 6, 7, 5, 8, 8, 8, 6, 10, 9, 4, 8]
B_26 46.599999999999994 B 66 [3, 5, 2, 5, 2, 6, 3, 2, 1, 2, 2, 2, 2, 6, 5, 4, 4, 2, 3, 5, 1, 6, 4, 3, 2, 4, 3, 5, 3, 1, 6, 1, 6, 3, 6, 3, 6, 1, 1, 1, 6, 4, 2, 1, 6, 4, 3, 1, 6, 6, 3, 1, 5, 4, 1, 2, 3, 6, 4, 3, 3, 5, 6, 4, 6, 4, 6, 1, 3, 3, 5, 4, 3, 2, 2, 4, 5, 2, 4, 3] [7, 8, 5, 7, 5, 9, 5, 6, 3, 5, 5, 5, 5, 10, 7, 6, 8, 5, 5, 9, 3, 10, 7, 7, 4, 8, 7, 7, 7, 5, 10, 3, 10, 6, 8, 6, 10, 4, 3, 4, 9, 8, 4, 5, 9, 7, 7, 5, 8, 10, 7, 4, 8, 7, 5, 6, 7, 10, 6, 7, 5, 8, 8, 6, 10, 8, 10, 4, 5, 5, 8, 6, 5, 5, 4, 7, 8, 5, 8, 6]
B_27 48.13999999999999 B 67 [6, 4, 2, 1, 1, 4, 5, 3, 6, 5, 6, 2, 1, 1, 1, 6, 5, 3, 6, 5, 4, 1, 6, 4, 1, 4, 5, 1, 3, 2, 1, 2, 5, 5, 3, 5, 1, 5, 2, 3, 4, 3, 1, 2, 1, 1, 2, 4, 5, 2, 3, 3, 5, 3, 3, 2, 5, 2, 4, 2, 4, 2, 4, 2, 5, 3, 1, 1, 2, 5, 1, 4, 5, 2, 5, 5, 6, 3, 6, 6] [9, 6, 6, 3, 5, 6, 7, 7, 10, 7, 8, 4, 4, 4, 4, 10, 7, 7, 8, 8, 8, 3, 9, 6, 5, 6, 7, 5, 5, 4, 4, 4, 8, 9, 7, 8, 5, 7, 5, 5, 8, 5, 5, 5, 4, 4, 4, 6, 9, 6, 5, 7, 8, 6, 5, 5, 8, 6, 7, 5, 6, 6, 8, 6, 7, 7, 4, 5, 5, 9, 4, 6, 9, 4, 9, 9, 9, 6, 10, 9]
B_28 49.13999999999999 B 68 [6, 4, 4, 1, 2, 2, 2, 1, 2, 4, 2, 2, 6, 4, 2, 1, 1, 5, 4, 5, 6, 1, 5, 5, 6, 6, 2, 3, 3, 3, 2, 1, 5, 1, 6, 1, 3, 2, 1, 5, 4, 6, 3, 6, 6, 3, 1, 1, 5, 3, 5, 5, 2, 4, 5, 3, 5, 3, 6, 3, 3, 5, 5, 2, 5, 3, 3, 2, 1, 1, 5, 6, 4, 6, 1, 2, 5, 6, 5, 2] [9, 6, 7, 4, 6, 6, 5, 5, 6, 6, 6, 4, 10, 6, 4, 3, 4, 7, 6, 9, 10, 4, 7, 9, 10, 10, 4, 5, 7, 6, 6, 5, 9, 4, 10, 5, 6, 5, 5, 8, 6, 8, 5, 9, 8, 5, 4, 4, 9, 5, 7, 9, 5, 6, 9, 5, 8, 6, 10, 7, 6, 8, 8, 4, 7, 6, 5, 5, 4, 3, 8, 8, 7, 8, 5, 6, 7, 10, 8, 4]
B_29 50.849999999999994 B 69 [4, 3, 3, 6, 2, 4, 4, 4, 5, 6, 3, 2, 2, 3, 6, 2, 5, 2, 2, 5, 3, 2, 2, 6, 2, 3, 4, 3, 1, 3, 6, 2, 2, 1, 1, 6, 4, 3, 3, 3, 5, 3, 5, 5, 5, 5, 4, 1, 3, 1, 6, 1, 6, 4, 4, 1, 6, 5, 1, 2, 4, 3, 2, 3, 4, 4, 3, 5, 1, 3, 1, 6, 2, 2, 5, 6, 5, 5, 1, 6] [6, 7, 5, 8, 6, 6, 8, 6, 8, 9, 7, 4, 6, 7, 9, 6, 7, 5, 5, 8, 7, 6, 6, 10, 6, 5, 8, 6, 5, 5, 9, 6, 6, 5, 3, 10, 6, 6, 7, 7, 8, 7, 7, 8, 9, 7, 8, 5, 6, 3, 10, 3, 9, 6, 6, 3, 8, 9, 4, 4, 6, 7, 6, 5, 7, 6, 5, 9, 3, 7, 5, 8, 4, 4, 8, 9, 9, 9, 4, 8]
B_30 52.25999999999999 B 70 [1, 5, 3, 2, 3, 1, 6, 5, 2, 5, 3, 1, 6, 1, 6, 3, 1, 3, 5, 4, 6, 2, 2, 1, 2, 6, 1, 6, 2, 5, 1, 3, 2, 3, 6, 6, 2, 5, 3, 3, 5, 6, 6, 4, 6, 3, 2, 5, 5, 1, 5, 6, 6, 2, 5, 3, 3, 2, 1, 3, 4, 6, 2, 3, 3, 5, 5, 1, 5, 1, 6, 3, 3, 4, 1, 3, 6, 4, 3, 3] [3, 7, 5, 6, 6, 3, 8, 9, 6, 7, 6, 4, 9, 4, 9, 7, 5, 6, 9, 8, 10, 6, 6, 4, 5, 9, 4, 10, 4, 7, 5, 7, 4, 7, 10, 9, 6, 7, 5, 5, 7, 8, 9, 7, 8, 7, 5, 7, 8, 3, 8, 9, 9, 6, 8, 6, 6, 4, 4, 7, 6, 8, 6, 6, 5, 7, 8, 4, 8, 5, 9, 6, 7, 7, 4, 5, 8, 6, 6, 6]
B_31 53.25999999999999 B 71 [4, 5, 4, 3, 6, 4, 5, 2, 1, 5, 4, 6, 5, 3, 1, 3, 6, 2, 3, 2, 3, 4, 4, 2, 5, 2, 6, 3, 2, 1, 3, 6, 5, 1, 1, 2, 6, 5, 5, 3, 3, 4, 6, 1, 2, 4, 5, 3, 2, 6, 3, 2, 1, 3, 3, 4, 3, 1, 6, 3, 4, 4, 6, 1, 2, 3, 4, 4, 6, 6, 3, 5, 4, 1, 6, 4, 3, 5, 3, 4] [8, 8, 6, 5, 8, 8, 9, 5, 3, 9, 6, 9, 9, 7, 5, 5, 9, 5, 5, 5, 6, 7, 6, 4, 8, 4, 10, 6, 5, 4, 7, 9, 7, 5, 3, 6, 8, 7, 8, 7, 5, 6, 10, 4, 6, 8, 8, 6, 4, 9, 6, 5, 4, 7, 7, 6, 5, 4, 9, 5, 6, 8, 10, 4, 4, 5, 6, 6, 8, 8, 6, 7, 6, 3, 9, 6, 5, 8, 6, 7]
B_32 54.29999999999999 B 72 [2, 5, 4, 2, 4, 2, 1, 2, 2, 4, 1, 2, 5, 3, 1, 2, 6, 5, 3, 6, 3, 4, 2, 4, 2, 6, 3, 5, 3, 5, 5, 5, 4, 1, 2, 1, 2, 2, 3, 4, 1, 4, 3, 4, 3, 1, 3, 4, 4, 6, 5, 5, 4, 1, 1, 2, 2, 1, 1, 6, 1, 5, 1, 5, 5, 6, 3, 5, 4, 2, 3, 4, 1, 3, 4, 6, 4, 1, 2, 1] [6, 8, 7, 6, 7, 5, 4, 4, 5, 7, 5, 5, 7, 5, 3, 4, 9, 9, 7, 10, 6, 7, 6, 7, 5, 8, 6, 9, 6, 8, 7, 8, 6, 5, 6, 3, 4, 4, 6, 7, 5, 8, 5, 8, 6, 3, 7, 6, 8, 8, 8, 9, 7, 4, 4, 5, 5, 5, 5, 8, 3, 9, 3, 8, 7, 8, 5, 9, 7, 4, 7, 6, 4, 6, 7, 10, 6, 4, 4, 4]
B_33 58.12999999999999 B 73 [1, 4, 1, 4, 4, 1, 1, 5, 1, 4, 3, 5, 2, 1, 3, 3, 6, 3, 2, 1, 3, 1, 1, 2, 1, 3, 6, 1, 5, 6, 4, 6, 2, 5, 5, 3, 3, 1, 2, 1, 6, 5, 1, 2, 6, 1, 4, 2, 2, 2, 2, 2, 4, 3, 6, 3, 6, 6, 1, 6, 4, 3, 3, 4, 6, 4, 2, 2, 6, 2, 4, 1, 3, 4, 4, 2, 4, 5, 3, 2] [4, 8, 4, 6, 8, 3, 5, 8, 3, 7, 5, 7, 4, 3, 6, 6, 10, 7, 5, 4, 5, 4, 5, 4, 5, 7, 10, 5, 8, 9, 8, 8, 4, 7, 8, 5, 7, 5, 6, 5, 10, 8, 3, 5, 9, 4, 8, 4, 6, 5, 5, 4, 7, 6, 9, 5, 10, 9, 4, 10, 7, 6, 6, 6, 9, 8, 5, 4, 8, 4, 7, 3, 6, 8, 6, 6, 8, 9, 5, 5]
B_34 59.12999999999999 B 74 [5, 2, 4, 6, 2, 2, 6, 6, 6, 2, 2, 2, 2, 1, 4, 5, 3, 2, 2, 2, 6, 2, 2, 3, 1, 3, 6, 6, 2, 5, 3, 2, 1, 2, 2, 1, 2, 3, 1, 1, 2, 6, 2, 5, 4, 1, 3, 5, 3, 4, 6, 2, 1, 1, 3, 2, 2, 3, 1, 3, 3, 6, 2, 6, 6, 4, 2, 5, 1, 5, 1, 6, 4, 4, 3, 3, 4, 2, 3, 2] [9, 4, 8, 10, 5, 6, 10, 10, 9, 4, 6, 5, 5, 3, 8, 7, 6, 4, 6, 4, 10, 4, 6, 7, 4, 5, 8, 10, 5, 8, 6, 6, 3, 5, 4, 4, 6, 7, 4, 4, 4, 8, 4, 7, 7, 3, 7, 8, 6, 6, 8, 6, 5, 4, 5, 5, 4, 6, 3, 5, 7, 8, 5, 10, 10, 8, 4, 9, 5, 8, 4, 9, 7, 6, 5, 5, 7, 5, 7, 5]
B_35 60.12999999999999 B 75 [4, 4, 1, 5, 3, 4, 4, 1, 6, 6, 6, 5, 5, 5, 4, 6, 6, 6, 3, 3, 3, 3, 4, 5, 1, 4, 5, 5, 4, 1, 5, 4, 6, 1, 4, 3, 5, 2, 2, 5, 6, 5, 2, 3, 5, 4, 2, 4, 1, 5, 3, 5, 2, 5, 1, 5, 4, 6, 1, 6, 2, 2, 6, 6, 6, 2, 4, 5, 2, 6, 3, 4, 6, 2, 3, 6, 1, 5, 5, 5] [6, 6, 3, 9, 7, 6, 6, 4, 8, 9, 9, 8, 7, 8, 8, 10, 10, 9, 7, 6, 6, 5, 6, 8, 3, 7, 8, 9, 7, 5, 9, 8, 10, 5, 6, 5, 7, 4, 6, 7, 9, 7, 5, 7, 7, 7, 5, 7, 4, 7, 7, 7, 6, 7, 5, 8, 7, 8, 4, 9, 5, 5, 9, 8, 8, 6, 7, 9, 6, 9, 5, 6, 10, 6, 5, 9, 4, 8, 8, 9]
B_36 61.39999999999999 B 76 [2, 4, 6, 4, 5, 1, 2, 2, 6, 3, 4, 5, 2, 2, 3, 2, 6, 5, 1, 4, 1, 4, 6, 1, 6, 4, 6, 6, 2, 3, 5, 4, 4, 5, 2, 6, 1, 1, 5, 5, 3, 4, 5, 5, 5, 5, 1, 5, 4, 3, 4, 2, 3, 5, 2, 1, 6, 1, 4, 1, 3, 1, 6, 6, 6, 6, 5, 6, 5, 5, 6, 3, 4, 4, 4, 1, 3, 6, 3, 1] [5, 8, 8, 8, 8, 4, 6, 6, 9, 7, 8, 8, 5, 5, 7, 6, 8, 7, 5, 6, 3, 8, 10, 4, 9, 8, 10, 9, 6, 5, 8, 8, 7, 9, 4, 8, 3, 4, 7, 8, 6, 6, 9, 8, 8, 7, 5, 8, 7, 5, 6, 4, 6, 9, 4, 4, 10, 3, 8, 3, 6, 3, 10, 9, 9, 10, 8, 9, 7, 9, 8, 5, 6, 8, 7, 4, 7, 8, 5, 4]
B_37 64.16999999999999 B 77 [5, 2, 2, 4, 3, 6, 1, 4, 5, 6, 4, 3, 4, 2, 3, 4, 5, 4, 6, 5, 3, 4, 6, 3, 5, 3, 1, 2, 6, 2, 3, 5, 1, 5, 6, 6, 2, 5, 4, 5, 2, 2, 6, 4, 4, 3, 2, 5, 1, 6, 6, 5, 6, 1, 3, 5, 6, 3, 1, 1, 6, 3, 5, 1, 5, 5, 2, 3, 6, 5, 4, 5, 1, 5, 2, 5, 6, 2, 2, 6] [9, 5, 6, 8, 5, 10, 4, 8, 8, 10, 7, 7, 6, 6, 7, 8, 7, 7, 9, 7, 7, 6, 8, 7, 7, 7, 5, 6, 9, 4, 7, 8, 3, 8, 9, 9, 6, 8, 7, 7, 5, 4, 10, 8, 7, 7, 6, 9, 5, 10, 8, 7, 10, 4, 6, 7, 9, 7, 4, 3, 10, 6, 7, 4, 7, 9, 5, 6, 10, 9, 6, 8, 4, 9, 5, 8, 8, 5, 4, 9]
B_38 65.16999999999999 B 78 [4, 2, 2, 5, 3, 2, 3, 6, 5, 2, 2, 2, 4, 6, 6, 3, 3, 2, 1, 2, 6, 6, 5, 4, 6, 6, 1, 4, 5, 1, 1, 1, 2, 1, 6, 4, 6, 1, 6, 2, 2, 2, 6, 6, 5, 2, 2, 4, 3, 1, 4, 4, 1, 3, 3, 1, 2, 3, 5, 6, 3, 6, 1, 3, 4, 1, 4, 6, 5, 1, 3, 3, 2, 3, 3, 5, 3, 2, 1, 4] [7, 4, 6, 9, 5, 6, 5, 9, 9, 4, 6, 6, 7, 8, 8, 7, 6, 4, 4, 4, 10, 10, 7, 7, 9, 10, 4, 8, 9, 5, 5, 4, 5, 4, 8, 8, 8, 4, 8, 4, 5, 4, 10, 10, 9, 4, 4, 7, 6, 5, 7, 7, 3, 5, 6, 3, 5, 7, 8, 9, 5, 9, 4, 6, 6, 4, 8, 10, 8, 4, 6, 6, 4, 5, 7, 8, 5, 4, 3, 7]
B_39 66.16999999999999 B 79 [4, 6, 3, 3, 6, 5, 4, 3, 1, 1, 3, 6, 3, 6, 4, 2, 3, 6, 5, 1, 3, 6, 5, 1, 6, 6, 4, 4, 4, 2, 5, 1, 6, 1, 3, 3, 6, 2, 4, 2, 3, 6, 5, 6, 1, 1, 5, 1, 6, 4, 4, 3, 2, 1, 4, 5, 3, 3, 5, 2, 5, 2, 5, 4, 5, 4, 3, 6, 2, 6, 3, 4, 1, 2, 2, 5, 1, 6, 4, 4] [7, 10, 6, 6, 9, 9, 7, 6, 4, 4, 5, 8, 7, 10, 7, 4, 6, 8, 9, 4, 7, 8, 9, 3, 10, 8, 6, 8, 8, 5, 7, 4, 9, 3, 7, 6, 9, 5, 7, 4, 7, 8, 9, 8, 5, 5, 9, 4, 9, 8, 7, 6, 6, 3, 7, 8, 6, 6, 7, 5, 7, 4, 8, 8, 7, 8, 6, 9, 4, 8, 6, 7, 4, 5, 5, 9, 4, 9, 7, 7]
