A_0 1.25 A 0 [1, 2, 2, 3, 6, 5, 4, 1, 5, 5, 6, 1, 1, 4, 1, 4, 3, 2, 3, 2, 6, 3, 5, 2, 3, 3, 6, 3, 1, 2, 3, 6, 6, 4, 3, 3, 5, 4, 4, 2, 6, 1, 2, 3, 6, 3, 1, 4, 2, 5, 1, 2, 1, 6, 4, 3, 2, 6, 6, 6, 4, 5, 6, 6, 5, 1, 2, 2, 4, 6, 1, 1, 1, 5, 4, 6, 4, 3, 6, 2] [4, 4, 6, 6, 10, 8, 7, 3, 7, 9, 10, 3, 3, 6, 3, 8, 5, 5, 6, 4, 8, 6, 7, 6, 5, 7, 9, 5, 3, 6, 7, 9, 9, 8, 6, 6, 9, 7, 6, 4, 9, 3, 4, 7, 10, 5, 5, 8, 4, 8, 5, 6, 5, 10, 7, 7, 5, 9, 8, 10, 6, 9, 10, 10, 7, 3, 5, 4, 6, 10, 5, 3, 3, 7, 8, 10, 8, 5, 10, 4]
A_1 3.06 A 1 [2, 2, 2, 3, 5, 2, 6, 3, 3, 6, 6, 1, 5, 6, 3, 4, 6, 4, 1, 5, 5, 4, 3, 6, 5, 5, 2, 4, 6, 5, 6, 5, 3, 1, 2, 1, 2, 2, 1, 3, 5, 5, 6, 1, 5, 3, 1, 2, 4, 5, 2, 1, 4, 3, 5, 5, 1, 4, 3, 4, 2, 4, 1, 4, 6, 6, 6, 3, 3, 4, 3, 3, 3, 1, 3, 3, 5, 4, 5, 3] [4, 5, 5, 5, 7, 5, 9, 7, 6, 9, 8, 5, 7, 9, 7, 6, 9, 6, 5, 9, 8, 6, 6, 10, 7, 7, 6, 8, 10, 8, 9, 7, 6, 4, 4, 4, 5, 5, 4, 6, 7, 7, 9, 3, 7, 6, 4, 6, 7, 7, 5, 5, 8, 5, 8, 7, 5, 7, 5, 8, 5, 8, 3, 6, 10, 9, 9, 7, 5, 8, 6, 6, 5, 4, 7, 6, 9, 7, 9, 6]
A_2 6.0 A 2 [2, 2, 2, 3, 4, 6, 4, 5, 4, 4, 1, 4, 4, 2, 4, 4, 3, 5, 2, 3, 5, 4, 5, 1, 4, 5, 4, 1, 6, 2, 2, 1, 6, 4, 6, 4, 6, 1, 3, 1, 3, 6, 2, 6, 6, 6, 3, 2, 1, 3, 6, 6, 4, 3, 3, 4, 1, 4, 5, 5, 6, 6, 1, 6, 1, 3, 2, 2, 4, 1, 5, 4, 6, 5, 3, 1, 4, 3, 5, 3] [6, 5, 4, 5, 8, 9, 8, 8, 8, 8, 5, 6, 7, 4, 8, 6, 7, 7, 5, 7, 8, 7, 7, 5, 8, 8, 7, 3, 8, 6, 6, 3, 9, 8, 9, 8, 9, 3, 5, 5, 7, 10, 4, 10, 9, 9, 5, 6, 3, 5, 9, 10, 8, 6, 5, 8, 3, 6, 9, 8, 8, 9, 5, 8, 5, 5, 4, 6, 6, 3, 7, 7, 10, 8, 5, 5, 7, 6, 9, 6]
A_3 7.0 A 3 [3, 3, 3, 1, 3, 2, 4, 2, 6, 1, 3, 2, 4, 1, 6, 6, 2, 3, 3, 6, 2, 1, 4, 6, 6, 2, 1, 6, 2, 3, 6, 1, 4, 1, 5, 2, 3, 3, 1, 1, 1, 6, 6, 3, 6, 3, 3, 1, 6, 2, 6, 2, 2, 1, 2, 6, 5, 5, 6, 6, 6, 4, 4, 2, 6, 1, 1, 4, 2, 5, 2, 4, 5, 1, 6, 6, 5, 5, 3, 2] [6, 5, 5, 3, 7, 4, 6, 4, 8, 3, 5, 5, 8, 3, 9, 10, 6, 6, 5, 10, 4, 3, 6, 9, 10, 5, 4, 9, 4, 7, 9, 5, 7, 3, 7, 5, 7, 5, 3, 3, 5, 10, 8, 7, 10, 6, 6, 4, 8, 6, 9, 5, 5, 4, 4, 8, 9, 9, 9, 10, 10, 8, 6, 4, 10, 3, 3, 6, 4, 7, 5, 7, 9, 3, 9, 8, 9, 9, 5, 6]
A_4 8.0 A 4 [6, 5, 4, 3, 6, 5, 5, 4, 2, 3, 3, 6, 4, 1, 3, 2, 3, 6, 3, 2, 3, 1, 4, 6, 2, 2, 2, 5, 3, 5, 2, 3, 1, 3, 2, 6, 3, 4, 5, 2, 5, 5, 2, 4, 6, 2, 6, 6, 2, 5, 3, 5, 6, 3, 3, 6, 4, 6, 5, 1, 1, 2, 5, 6, 6, 3, 1, 4, 6, 1, 4, 2, 3, 4, 4, 2, 6, 1, 1, 5] [10, 7, 8, 7, 10, 9, 7, 8, 4, 6, 5, 9, 8, 4, 7, 5, 5, 8, 6, 6, 6, 3, 6, 8, 6, 5, 4, 9, 7, 7, 5, 7, 5, 6, 6, 9, 5, 8, 7, 6, 9, 9, 5, 8, 9, 4, 9, 9, 4, 8, 5, 9, 8, 6, 7, 10, 7, 9, 9, 4, 4, 5, 9, 9, 10, 6, 3, 8, 10, 3, 6, 6, 7, 8, 8, 5, 10, 3, 3, 8]
A_5 9.0 A 5 [5, 2, 6, 2, 5, 4, 1, 3, 5, 6, 4, 2, 6, 5, 2, 1, 1, 2, 5, 4, 1, 4, 3, 5, 3, 5, 3, 1, 3, 6, 2, 3, 6, 1, 2, 1, 1, 6, 2, 3, 4, 3, 1, 1, 6, 1, 3, 1, 4, 6, 6, 2, 4, 3, 2, 5, 2, 2, 5, 4, 1, 4, 5, 6, 3, 3, 3, 3, 2, 4, 1, 2, 1, 4, 1, 3, 6, 3, 2, 2] [8, 5, 9, 4, 9, 7, 3, 7, 9, 8, 7, 4, 10, 8, 6, 4, 5, 6, 7, 7, 5, 6, 5, 9, 5, 9, 6, 4, 7, 8, 5, 6, 8, 4, 4, 5, 4, 10, 5, 5, 8, 5, 3, 5, 8, 5, 7, 4, 8, 8, 9, 6, 6, 6, 5, 8, 5, 6, 7, 8, 5, 7, 9, 9, 7, 7, 5, 6, 5, 6, 3, 4, 5, 7, 4, 5, 8, 5, 6, 5]
A_6 10.0 A 6 [4, 6, 4, 4, 5, 1, 6, 3, 5, 2, 3, 4, 4, 4, 4, 1, 4, 1, 4, 5, 4, 2, 3, 4, 2, 4, 4, 6, 6, 1, 3, 2, 6, 2, 3, 1, 2, 3, 6, 5, 2, 2, 4, 1, 4, 5, 6, 1, 5, 5, 1, 2, 2, 3, 6, 3, 1, 2, 2, 5, 3, 6, 5, 5, 5, 5, 6, 3, 1, 2, 3, 2, 3, 2, 6, 2, 5, 6, 3, 5] [7, 9, 8, 6, 7, 3, 8, 6, 9, 4, 5, 6, 7, 6, 8, 4, 6, 4, 7, 7, 7, 5, 5, 8, 5, 7, 6, 8, 10, 4, 6, 6, 10, 6, 7, 5, 5, 5, 8, 7, 4, 5, 7, 4, 7, 7, 8, 3, 9, 8, 5, 4, 5, 5, 10, 7, 4, 5, 5, 7, 5, 10, 8, 7, 8, 9, 9, 5, 4, 6, 5, 6, 5, 5, 9, 4, 8, 10, 5, 7]
A_7 11.72 A 7 [1, 3, 5, 2, 4, 3, 3, 5, 2, 5, 6, 6, 1, 6, 2, 6, 3, 2, 4, 2, 2, 4, 4, 5, 1, 6, 1, 5, 1, 6, 6, 1, 4, 6, 1, 3, 1, 5, 5, 1, 6, 5, 3, 6, 5, 1, 6, 6, 6, 6, 2, 6, 2, 1, 3, 1, 3, 2, 2, 6, 3, 3, 3, 2, 6, 5, 2, 1, 2, 5, 6, 4, 5, 3, 6, 4, 5, 6, 3, 3] [3, 7, 8, 4, 8, 7, 6, 9, 6, 8, 8, 9, 5, 8, 6, 8, 5, 6, 6, 5, 6, 6, 6, 9, 4, 10, 3, 8, 4, 10, 8, 3, 7, 9, 3, 5, 4, 7, 9, 3, 8, 9, 7, 8, 8, 4, 8, 8, 8, 8, 6, 9, 4, 5, 6, 5, 5, 6, 6, 8, 5, 7, 6, 6, 9, 9, 6, 5, 4, 7, 8, 7, 9, 6, 10, 6, 7, 9, 5, 5]
A_8 15.8 A 8 [5, 3, 4, 6, 2, 5, 5, 2, 2, 3, 6, 4, 1, 5, 6, 1, 5, 1, 4, 4, 2, 4, 4, 2, 3, 6, 4, 1, 6, 5, 6, 4, 4, 1, 6, 6, 4, 6, 1, 4, 4, 3, 1, 1, 2, 1, 5, 3, 1, 5, 2, 1, 5, 3, 1, 3, 5, 2, 2, 3, 2, 3, 1, 2, 3, 3, 2, 5, 6, 1, 1, 2, 1, 6, 2, 4, 4, 3, 3, 4] [7, 6, 8, 8, 4, 9, 9, 6, 6, 5, 8, 8, 3, 8, 8, 5, 7, 4, 7, 6, 4, 6, 8, 4, 7, 9, 8, 5, 10, 7, 9, 7, 6, 4, 10, 9, 8, 8, 3, 6, 7, 6, 5, 5, 4, 4, 7, 7, 4, 8, 5, 5, 8, 5, 5, 6, 8, 6, 6, 6, 6, 6, 3, 6, 5, 6, 6, 8, 9, 4, 5, 5, 3, 9, 4, 7, 8, 6, 6, 7]
A_9 16.8 A 9 [5, 6, 4, 1, 3, 6, 2, 5, 3, 1, 3, 3, 4, 5, 6, 2, 5, 1, 2, 5, 6, 1, 2, 3, 3, 3, 2, 2, 2, 4, 4, 5, 2, 1, 6, 1, 5, 1, 5, 5, 5, 5, 3, 5, 5, 6, 5, 5, 2, 6, 3, 4, 1, 5, 4, 3, 6, 4, 2, 6, 6, 1, 4, 4, 1, 6, 6, 2, 5, 2, 3, 3, 3, 6, 4, 6, 2, 4, 1, 4] [9, 9, 8, 3, 6, 8, 4, 8, 5, 3, 7, 6, 8, 9, 10, 4, 9, 3, 5, 7, 8, 3, 4, 6, 7, 6, 4, 4, 6, 7, 7, 8, 6, 4, 10, 5, 8, 5, 8, 8, 7, 8, 5, 7, 9, 10, 8, 8, 4, 8, 6, 6, 4, 7, 6, 7, 10, 6, 5, 9, 10, 3, 8, 7, 4, 9, 8, 4, 9, 4, 5, 7, 7, 8, 7, 10, 5, 6, 4, 6]
A_10 17.8 A 10 [6, 6, 1, 3, 3, 4, 3, 6, 6, 3, 3, 4, 4, 6, 1, 1, 2, 3, 2, 3, 5, 6, 3, 3, 2, 1, 3, 2, 1, 2, 5, 5, 1, 6, 3, 3, 5, 1, 5, 2, 5, 1, 4, 4, 6, 1, 5, 4, 5, 6, 3, 1, 5, 4, 2, 6, 5, 2, 5, 2, 2, 3, 4, 1, 1, 1, 5, 1, 1, 4, 3, 3, 5, 1, 6, 1, 4, 2, 1, 4] [10, 8, 5, 5, 5, 7, 5, 8, 8, 7, 6, 7, 6, 9, 3, 3, 5, 5, 4, 6, 7, 10, 5, 5, 6, 5, 6, 4, 3, 5, 7, 9, 4, 10, 5, 7, 8, 3, 9, 5, 7, 5, 8, 7, 10, 3, 7, 6, 7, 9, 5, 4, 9, 6, 5, 9, 8, 6, 8, 6, 4, 5, 8, 3, 4, 4, 9, 4, 3, 8, 6, 6, 9, 5, 10, 5, 6, 4, 5, 7]
A_11 18.8 A 11 [1, 1, 4, 2, 6, 2, 4, 6, 4, 3, 4, 3, 2, 6, 1, 4, 2, 5, 2, 3, 5, 3, 1, 2, 1, 6, 2, 5, 3, 6, 3, 3, 4, 4, 5, 6, 2, 2, 2, 3, 5, 2, 3, 2, 5, 5, 4, 2, 2, 3, 5, 3, 4, 4, 1, 2, 2, 2, 6, 4, 1, 6, 6, 2, 6, 6, 6, 3, 4, 4, 2, 5, 6, 3, 2, 5, 3, 1, 3, 3] [3, 5, 6, 5, 9, 4, 6, 9, 8, 6, 7, 5, 5, 8, 4, 6, 4, 7, 4, 6, 9, 5, 3, 4, 4, 8, 4, 9, 5, 8, 7, 7, 6, 7, 9, 9, 6, 4, 4, 5, 7, 6, 6, 6, 9, 9, 7, 4, 6, 6, 8, 5, 7, 7, 5, 5, 4, 4, 9, 7, 4, 9, 10, 6, 10, 9, 8, 7, 7, 7, 6, 7, 9, 7, 5, 9, 5, 3, 6, 6]
A_12 20.57 A 12 [1, 5, 4, 4, 4, 6, 4, 1, 1, 4, 4, 2, 2, 1, 5, 2, 1, 1, 2, 1, 6, 6, 6, 2, 6, 1, 3, 2, 4, 1, 6, 1, 5, 2, 2, 6, 4, 5, 4, 5, 3, 1, 2, 2, 5, 6, 4, 5, 6, 4, 6, 4, 1, 5, 4, 1, 1, 1, 2, 6, 5, 3, 5, 1, 6, 4, 6, 5, 2, 2, 3, 4, 5, 2, 6, 5, 4, 2, 6, 3] [3, 7, 7, 8, 8, 10, 7, 5, 3, 8, 6, 5, 4, 3, 7, 4, 3, 5, 4, 3, 8, 9, 9, 5, 10, 4, 5, 6, 8, 5, 8, 4, 8, 4, 5, 8, 7, 7, 8, 9, 6, 5, 4, 4, 7, 9, 8, 7, 9, 7, 9, 6, 5, 7, 8, 3, 5, 3, 6, 9, 7, 5, 8, 5, 9, 7, 9, 7, 6, 6, 5, 7, 9, 6, 10, 8, 8, 5, 10, 7]
A_13 22.32 A 13 [4, 6, 2, 1, 1, 5, 4, 6, 5, 5, 6, 6, 1, 1, 2, 4, 1, 4, 3, 4, 4, 2, 5, 1, 1, 2, 3, 2, 6, 2, 2, 6, 4, 5, 4, 4, 4, 2, 5, 6, 2, 5, 6, 6, 4, 5, 5, 2, 4, 4, 1, 6, 5, 6, 6, 2, 3, 3, 5, 2, 3, 4, 2, 5, 5, 1, 4, 5, 2, 3, 3, 2, 2, 1, 5, 5, 4, 2, 5, 2] [6, 9, 4, 3, 4, 8, 6, 8, 8, 9, 9, 8, 3, 4, 6, 8, 4, 7, 7, 8, 6, 4, 7, 4, 5, 4, 7, 6, 9, 4, 5, 9, 7, 7, 6, 6, 7, 6, 8, 8, 5, 8, 10, 9, 6, 8, 8, 5, 7, 6, 3, 10, 7, 8, 9, 6, 7, 5, 7, 4, 6, 7, 5, 7, 9, 4, 8, 7, 4, 6, 5, 4, 5, 5, 7, 8, 7, 4, 7, 5]
A_14 23.32 A 14 [1, 3, 4, 6, 3, 2, 4, 2, 6, 6, 1, 1, 5, 2, 5, 4, 4, 6, 5, 1, 3, 5, 6, 3, 3, 2, 2, 2, 4, 2, 4, 1, 3, 6, 2, 5, 5, 4, 3, 5, 1, 4, 3, 4, 2, 4, 4, 1, 3, 4, 5, 2, 1, 4, 4, 3, 2, 5, 6, 2, 4, 3, 6, 5, 6, 3, 5, 5, 5, 1, 5, 2, 5, 2, 5, 6, 6, 4, 1, 5] [3, 7, 8, 9, 7, 6, 8, 6, 8, 10, 3, 4, 7, 6, 9, 6, 7, 10, 7, 3, 5, 9, 10, 6, 7, 5, 5, 4, 7, 5, 6, 4, 7, 10, 5, 8, 8, 8, 5, 8, 3, 8, 7, 8, 6, 7, 6, 3, 5, 6, 7, 6, 4, 8, 8, 5, 5, 8, 9, 4, 7, 7, 9, 8, 10, 6, 8, 8, 9, 4, 7, 5, 8, 4, 9, 10, 8, 7, 5, 7]
A_15 24.32 A 15 [4, 4, 4, 6, 2, 1, 1, 6, 1, 2, 1, 4, 2, 4, 4, 3, 5, 6, 6, 1, 6, 6, 3, 2, 5, 3, 3, 6, 6, 2, 4, 6, 5, 3, 6, 1, 5, 2, 3, 4, 4, 2, 4, 5, 5, 4, 2, 4, 2, 6, 6, 5, 1, 1, 5, 5, 4, 1, 1, 1, 2, 5, 1, 3, 6, 3, 1, 6, 3, 4, 1, 2, 3, 2, 4, 3, 1, 5, 3, 6] [8, 6, 6, 10, 5, 4, 4, 8, 5, 4, 3, 6, 4, 8, 6, 6, 9, 9, 10, 4, 9, 8, 6, 5, 7, 5, 5, 10, 8, 5, 6, 10, 7, 6, 10, 4, 9, 5, 5, 6, 6, 6, 6, 9, 9, 6, 5, 7, 5, 9, 8, 9, 5, 3, 8, 8, 6, 5, 5, 3, 4, 7, 5, 6, 9, 7, 5, 8, 7, 8, 4, 6, 6, 6, 6, 5, 5, 7, 6, 10]
A_16 25.580000000000002 A 16 [3, 6, 3, 2, 3, 1, 4, 3, 5, 5, 2, 2, 1, 1, 4, 5, 5, 3, 4, 5, 5, 3, 4, 2, 6, 2, 5, 1, 3, 3, 4, 6, 1, 1, 3, 1, 5, 6, 2, 5, 1, 5, 4, 6, 4, 6, 6, 1, 1, 3, 5, 1, 4, 2, 2, 3, 2, 1, 4, 5, 6, 1, 5, 2, 4, 1, 3, 1, 4, 6, 4, 6, 3, 4, 1, 1, 2, 6, 3, 2] [5, 9, 7, 6, 5, 5, 6, 5, 7, 9, 5, 4, 3, 4, 7, 9, 7, 6, 6, 9, 8, 7, 8, 4, 10, 6, 8, 5, 6, 7, 6, 8, 4, 4, 6, 4, 8, 8, 6, 8, 4, 8, 8, 8, 6, 8, 10, 3, 4, 7, 8, 4, 7, 6, 6, 6, 6, 4, 7, 8, 10, 4, 9, 4, 7, 3, 5, 5, 8, 9, 8, 9, 5, 8, 3, 4, 6, 8, 5, 6]
A_17 26.580000000000002 A 17 [2, 4, 5, 3, 6, 2, 1, 2, 1, 1, 3, 5, 1, 4, 6, 6, 3, 4, 2, 4, 6, 3, 3, 2, 5, 2, 1, 6, 5, 2, 3, 6, 4, 4, 6, 3, 4, 4, 1, 6, 4, 6, 2, 6, 3, 6, 1, 1, 6, 1, 5, 3, 1, 6, 4, 6, 2, 4, 2, 1, 4, 4, 1, 1, 5, 6, 5, 3, 4, 4, 1, 3, 4, 4, 3, 4, 6, 6, 2, 6] [5, 6, 7, 6, 8, 6, 4, 6, 4, 3, 5, 7, 5, 7, 10, 9, 6, 6, 4, 6, 9, 6, 7, 5, 7, 5, 4, 9, 7, 5, 6, 8, 6, 8, 8, 5, 8, 6, 4, 10, 7, 10, 6, 10, 5, 10, 5, 5, 8, 3, 8, 6, 3, 8, 7, 9, 4, 8, 6, 3, 8, 6, 3, 3, 8, 8, 7, 6, 6, 7, 5, 7, 8, 7, 7, 6, 10, 8, 4, 8]
A_18 27.580000000000002 A 18 [3, 1, 2, 3, 3, 5, 4, 4, 4, 2, 2, 2, 2, 3, 5, 6, 4, 2, 1, 2, 1, 4, 1, 2, 2, 5, 1, 6, 3, 4, 3, 4, 2, 5, 4, 3, 3, 6, 3, 3, 2, 5, 1, 5, 2, 1, 3, 4, 6, 6, 5, 5, 2, 3, 1, 1, 5, 2, 4, 6, 5, 1, 4, 1, 3, 3, 1, 3, 6, 1, 3, 1, 3, 1, 1, 2, 5, 6, 1, 6] [6, 5, 5, 5, 6, 7, 7, 6, 7, 5, 4, 4, 4, 7, 7, 10, 6, 4, 3, 4, 5, 8, 3, 6, 6, 7, 5, 8, 5, 7, 7, 6, 4, 8, 8, 7, 6, 8, 7, 5, 5, 8, 5, 7, 5, 4, 7, 6, 9, 10, 9, 7, 4, 6, 5, 3, 7, 5, 7, 8, 9, 4, 7, 4, 5, 7, 5, 5, 10, 3, 7, 3, 6, 4, 4, 4, 8, 9, 5, 9]
A_19 30.150000000000002 A 19 [2, 5, 3, 6, 2, 4, 5, 2, 4, 5, 3, 3, 1, 4, 1, 1, 5, 4, 2, 6, 1, 1, 6, 3, 3, 4, 5, 1, 4, 6, 1, 3, 5, 5, 2, 6, 6, 3, 5, 2, 2, 4, 3, 5, 5, 4, 5, 5, 3, 4, 1, 1, 5, 5, 4, 1, 5, 3, 3, 3, 1, 1, 3, 4, 6, 4, 1, 5, 4, 6, 2, 5, 4, 2, 4, 5, 3, 4, 1, 3] [4, 9, 7, 10, 6, 7, 7, 5, 6, 7, 6, 6, 3, 8, 3, 4, 9, 6, 4, 8, 4, 5, 10, 5, 5, 6, 9, 3, 6, 9, 4, 6, 9, 8, 6, 9, 8, 5, 9, 4, 5, 7, 5, 8, 7, 7, 9, 7, 6, 8, 5, 5, 9, 7, 6, 3, 7, 5, 6, 5, 5, 4, 6, 6, 10, 7, 4, 8, 8, 10, 4, 7, 8, 5, 8, 8, 5, 7, 3, 6]
A_20 31.150000000000002 A 20 [6, 5, 5, 2, 3, 1, 4, 2, 2, 6, 5, 5, 6, 4, 3, 6, 5, 6, 1, 1, 4, 2, 6, 4, 3, 1, 4, 1, 3, 1, 5, 4, 1, 2, 3, 1, 1, 3, 5, 2, 3, 5, 6, 3, 6, 5, 3, 2, 1, 5, 6, 1, 4, 6, 6, 5, 3, 4, 4, 2, 4, 6, 2, 3, 2, 5, 1, 2, 1, 2, 3, 1, 4, 1, 6, 2, 5, 2, 4, 5] [8, 8, 8, 4, 6, 5, 7, 6, 4, 8, 7, 9, 8, 6, 5, 9, 8, 9, 5, 4, 8, 4, 9, 6, 7, 3, 7, 5, 6, 5, 9, 8, 3, 6, 5, 5, 5, 5, 9, 6, 6, 9, 10, 7, 9, 7, 6, 5, 5, 8, 10, 5, 6, 9, 8, 9, 6, 7, 7, 6, 7, 8, 4, 7, 5, 7, 5, 6, 5, 6, 7, 5, 6, 4, 8, 5, 8, 6, 7, 8]
A_21 32.150000000000006 A 21 [3, 4, 4, 1, 1, 4, 2, 4, 4, 1, 6, 3, 6, 2, 5, 6, 3, 3, 4, 1, 2, 6, 3, 1, 6, 5, 5, 4, 4, 2, 6, 2, 1, 6, 6, 3, 5, 3, 1, 6, 4, 5, 1, 1, 1, 1, 2, 4, 5, 4, 3, 6, 2, 3, 3, 2, 1, 1, 2, 3, 4, 2, 5, 6, 4, 5, 3, 3, 2, 2, 1, 6, 6, 4, 3, 4, 5, 2, 5, 5] [6, 6, 7, 3, 3, 6, 5, 6, 6, 3, 10, 5, 9, 4, 9, 8, 7, 6, 8, 5, 4, 8, 6, 4, 10, 7, 8, 6, 7, 5, 9, 6, 4, 9, 10, 5, 8, 6, 5, 9, 6, 9, 5, 5, 3, 3, 4, 8, 9, 6, 5, 10, 6, 6, 7, 4, 3, 5, 4, 6, 6, 6, 9, 9, 6, 9, 7, 7, 4, 5, 3, 9, 8, 8, 7, 8, 9, 4, 8, 8]
A_22 33.150000000000006 A 22 [5, 3, 5, 4, 4, 3, 3, 4, 4, 2, 3, 1, 6, 5, 6, 3, 4, 3, 1, 6, 6, 3, 4, 1, 6, 3, 4, 3, 4, 5, 2, 4, 2, 5, 2, 5, 2, 5, 3, 3, 6, 6, 5, 5, 2, 4, 1, 3, 5, 5, 1, 6, 5, 2, 1, 4, 3, 2, 2, 1, 2, 4, 1, 1, 5, 6, 2, 1, 5, 5, 6, 2, 5, 1, 3, 2, 6, 1, 4, 2] [7, 6, 7, 6, 6, 5, 5, 6, 8, 4, 5, 3, 9, 7, 10, 6, 8, 7, 3, 10, 9, 6, 8, 4, 8, 5, 8, 5, 6, 8, 4, 6, 5, 7, 6, 9, 4, 8, 5, 5, 9, 8, 8, 9, 5, 8, 4, 6, 8, 8, 5, 10, 7, 5, 5, 7, 6, 5, 4, 4, 6, 8, 5, 5, 8, 10, 6, 4, 8, 7, 9, 6, 9, 3, 7, 4, 8, 4, 8, 4]
A_23 34.150000000000006 A 23 [2, 6, 1, 6, 6, 5, 4, 5, 2, 3, 3, 2, 2, 1, 3, 2, 2, 2, 2, 3, 4, 1, 1, 6, 1, 2, 2, 6, 3, 6, 2, 1, 6, 3, 6, 6, 3, 1, 5, 2, 1, 1, 5, 1, 3, 5, 5, 6, 3, 5, 1, 3, 5, 6, 5, 4, 4, 4, 5, 1, 4, 1, 1, 5, 5, 4, 6, 2, 5, 4, 2, 6, 5, 1, 4, 3, 5, 2, 2, 6] [6, 10, 5, 9, 8, 9, 8, 9, 4, 6, 5, 4, 5, 4, 6, 5, 4, 5, 6, 5, 6, 4, 4, 9, 3, 4, 4, 8, 5, 10, 5, 5, 9, 5, 8, 8, 7, 4, 8, 6, 5, 4, 7, 5, 7, 8, 7, 10, 7, 7, 5, 6, 8, 8, 9, 7, 6, 8, 8, 5, 7, 5, 4, 9, 7, 8, 9, 5, 8, 8, 6, 9, 8, 5, 6, 6, 7, 4, 6, 10]
A_24 36.17000000000001 A 24 [3, 5, 4, 6, 2, 3, 2, 1, 3, 3, 2, 1, 6, 1, 3, 5, 6, 5, 2, 3, 3, 6, 6, 1, 3, 6, 5, 4, 5, 1, 5, 1, 4, 6, 6, 2, 1, 4, 6, 5, 5, 1, 6, 6, 3, 4, 2, 2, 1, 4, 4, 5, 3, 6, 1, 3, 2, 2, 2, 5, 3, 6, 1, 1, 5, 3, 6, 5, 6, 4, 3, 1, 3, 2, 2, 3, 4, 6, 5, 6] [5, 7, 8, 10, 6, 5, 5, 4, 7, 7, 6, 4, 10, 5, 7, 7, 10, 7, 6, 5, 7, 10, 8, 3, 7, 9, 9, 7, 9, 5, 7, 4, 6, 9, 9, 4, 4, 7, 8, 7, 7, 5, 8, 10, 6, 7, 4, 5, 5, 6, 7, 8, 7, 10, 5, 5, 5, 5, 4, 8, 6, 8, 5, 3, 7, 6, 9, 9, 9, 6, 5, 3, 5, 4, 6, 6, 7, 9, 7, 9]
A_25 37.17000000000001 A 25 [3, 5, 5, 2, 2, 5, 4, 6, 6, 3, 1, 6, 1, 2, 2, 3, 2, 2, 5, 4, 1, 5, 3, 2, 6, 5, 5, 2, 5, 2, 2, 2, 6, 2, 3, 6, 3, 5, 2, 3, 3, 4, 3, 3, 5, 4, 5, 4, 2, 6, 5, 1, 4, 5, 6, 6, 5, 5, 5, 6, 6, 2, 1, 6, 1, 5, 6, 3, 3, 4, 1, 4, 4, 1, 3, 3, 2, 5, 1, 1] [7, 7, 8, 5, 5, 9, 7, 10, 9, 6, 5, 8, 4, 4, 5, 5, 6, 5, 7, 6, 3, 7, 5, 4, 9, 9, 9, 4, 7, 5, 4, 5, 10, 5, 7, 9, 6, 9, 5, 5, 6, 6, 7, 6, 8, 6, 9, 8, 4, 9, 8, 5, 6, 9, 9, 10, 7, 9, 7, 8, 10, 5, 5, 8, 5, 7, 8, 6, 6, 8, 5, 7, 8, 3, 5, 7, 4, 8, 5, 3]
A_26 38.17000000000001 A 26 [6, 2, 4, 1, 2, 3, 4, 1, 4, 2, 3, 2, 3, 3, 2, 3, 5, 1, 1, 5, 4, 5, 4, 2, 5, 5, 2, 2, 6, 3, 5, 2, 5, 1, 1, 1, 5, 6, 2, 2, 1, 6, 5, 5, 1, 6, 5, 2, 6, 3, 1, 4, 5, 4, 2, 4, 1, 5, 5, 2, 6, 6, 1, 2, 4, 1, 5, 2, 4, 5, 3, 5, 3, 6, 4, 1, 1, 5, 6, 1] [9, 6, 7, 4, 4, 6, 6, 3, 8, 4, 6, 4, 5, 7, 5, 5, 8, 4, 5, 9, 7, 8, 8, 4, 9, 9, 6, 5, 8, 7, 8, 5, 9, 4, 3, 4, 9, 10, 6, 6, 5, 8, 8, 8, 5, 8, 8, 6, 10, 6, 3, 6, 9, 6, 5, 6, 5, 7, 9, 4, 9, 9, 5, 4, 7, 3, 8, 4, 6, 8, 5, 9, 7, 9, 6, 4, 3, 8, 9, 3]
A_27 39.21000000000001 A 27 [3, 4, 1, 6, 5, 1, 6, 5, 1, 2, 2, 5, 2, 2, 2, 6, 1, 6, 6, 1, 1, 4, 3, 6, 4, 2, 2, 4, 6, 2, 2, 4, 3, 2, 3, 5, 4, 1, 5, 6, 1, 3, 6, 4, 6, 6, 3, 4, 2, 4, 3, 4, 3, 2, 6, 4, 3, 4, 1, 6, 5, 4, 6, 1, 2, 3, 5, 3, 1, 6, 6, 6, 6, 2, 4, 5, 1, 6, 2, 5] [5, 8, 3, 9, 9, 4, 8, 8, 5, 4, 4, 9, 6, 6, 4, 10, 5, 9, 8, 3, 5, 6, 5, 8, 7, 4, 5, 7, 8, 4, 5, 8, 5, 6, 5, 8, 6, 3, 7, 9, 4, 7, 10, 6, 10, 8, 7, 6, 6, 7, 7, 7, 5, 4, 9, 8, 6, 7, 4, 9, 8, 6, 9, 5, 4, 7, 7, 6, 5, 9, 9, 8, 9, 6, 8, 9, 5, 9, 4, 7]
A_28 41.150000000000006 A 28 [1, 6, 6, 2, 3, 3, 6, 1, 6, 2, 1, 3, 4, 6, 4, 6, 3, 5, 3, 4, 3, 4, 4, 3, 5, 5, 6, 6, 6, 6, 1, 6, 6, 5, 2, 6, 2, 1, 6, 2, 5, 6, 6, 1, 6, 1, 2, 2, 1, 1, 3, 5, 5, 2, 1, 1, 1, 3, 6, 1, 3, 2, 3, 4, 4, 4, 5, 1, 3, 4, 6, 1, 4, 2, 4, 1, 1, 1, 3, 1] [3, 10, 8, 4, 7, 7, 10, 4, 10, 6, 3, 5, 8, 9, 7, 8, 6, 7, 5, 6, 6, 7, 6, 5, 9, 7, 8, 8, 9, 10, 4, 10, 9, 9, 6, 9, 5, 5, 9, 6, 9, 8, 9, 4, 8, 4, 4, 5, 5, 4, 6, 7, 9, 4, 5, 3, 4, 7, 8, 4, 5, 4, 5, 7, 6, 7, 9, 3, 5, 6, 10, 4, 6, 6, 6, 4, 4, 3, 6, 5]
A_29 42.150000000000006 A 29 [2, 5, 2, 3, 5, 6, 1, 6, 5, 4, 2, 6, 1, 2, 2, 2, 3, 2, 4, 6, 1, 2, 5, 6, 1, 2, 3, 2, 6, 3, 6, 6, 1, 4, 4, 4, 3, 6, 4, 3, 6, 5, 3, 2, 2, 5, 6, 1, 5, 1, 6, 5, 6, 3, 5, 2, 5, 2, 6, 3, 2, 1, 2, 1, 6, 3, 1, 5, 5, 3, 4, 4, 6, 6, 5, 5, 5, 3, 1, 4] [6, 8, 6, 7, 7, 8, 4, 10, 7, 7, 5, 8, 5, 4, 5, 5, 7, 5, 7, 9, 5, 5, 8, 10, 5, 5, 7, 4, 10, 6, 8, 10, 4, 7, 7, 8, 5, 8, 6, 6, 9, 9, 7, 6, 5, 7, 8, 3, 9, 5, 8, 8, 10, 7, 8, 5, 8, 4, 8, 7, 6, 3, 6, 3, 9, 5, 3, 7, 9, 6, 6, 8, 8, 8, 7, 7, 9, 7, 4, 7]
A_30 44.57000000000001 A 30 [3, 6, 2, 6, 2, 2, 3, 6, 6, 4, 5, 3, 6, 2, 4, 4, 4, 3, 3, 1, 5, 6, 2, 2, 5, 2, 5, 2, 1, 6, 1, 3, 4, 5, 6, 5, 6, 2, 6, 4, 5, 4, 1, 6, 2, 5, 1, 2, 4, 2, 5, 4, 5, 3, 6, 6, 3, 5, 6, 3, 2, 6, 4, 6, 5, 3, 3, 3, 5, 5, 6, 1, 5, 5, 2, 5, 1, 5, 1, 5] [7, 9, 6, 9, 5, 5, 6, 8, 9, 7, 7, 7, 8, 5, 6, 6, 6, 6, 7, 4, 9, 9, 4, 5, 7, 4, 8, 5, 4, 8, 5, 5, 6, 8, 9, 7, 9, 5, 9, 7, 8, 7, 4, 9, 6, 9, 5, 6, 8, 5, 8, 7, 9, 5, 8, 10, 7, 8, 8, 6, 6, 9, 6, 9, 7, 7, 7, 7, 8, 9, 8, 3, 8, 8, 4, 9, 3, 7, 3, 8]
A_31 45.57000000000001 A 31 [6, 5, 1, 1, 3, 3, 2, 1, 4, 5, 5, 3, 1, 6, 1, 6, 6, 6, 4, 3, 4, 2, 4, 1, 1, 2, 2, 4, 6, 6, 3, 4, 5, 6, 3, 6, 3, 5, 4, 3, 3, 3, 5, 3, 2, 1, 2, 6, 4, 5, 5, 2, 4, 6, 4, 6, 4, 2, 4, 1, 4, 1, 6, 6, 3, 1, 1, 1, 2, 2, 2, 6, 4, 3, 3, 5, 3, 6, 2, 6] [9, 7, 3, 5, 7, 6, 6, 3, 7, 8, 9, 7, 4, 9, 4, 10, 8, 8, 6, 6, 8, 6, 6, 5, 4, 5, 5, 8, 10, 10, 5, 7, 9, 9, 7, 9, 7, 7, 8, 6, 6, 6, 9, 5, 6, 4, 6, 9, 7, 7, 8, 5, 6, 10, 6, 8, 7, 5, 7, 3, 6, 3, 10, 10, 7, 5, 3, 5, 5, 4, 5, 9, 7, 7, 7, 8, 5, 9, 4, 10]
A_32 46.57000000000001 A 32 [6, 3, 6, 4, 1, 6, 6, 4, 4, 2, 1, 4, 5, 4, 3, 5, 1, 4, 2, 5, 1, 1, 2, 6, 4, 6, 5, 3, 6, 1, 4, 5, 1, 4, 4, 2, 4, 1, 4, 6, 5, 6, 1, 4, 6, 2, 5, 4, 6, 3, 4, 6, 2, 5, 6, 6, 5, 3, 2, 2, 2, 4, 4, 5, 2, 1, 5, 4, 3, 3, 4, 3, 4, 1, 6, 4, 4, 3, 2, 5] [9, 6, 9, 7, 5, 8, 10, 7, 6, 6, 4, 6, 8, 7, 7, 7, 4, 6, 4, 9, 3, 4, 5, 9, 6, 10, 9, 5, 9, 4, 6, 9, 3, 7, 8, 4, 7, 3, 6, 9, 8, 10, 4, 8, 9, 4, 7, 8, 8, 7, 7, 8, 5, 7, 8, 8, 9, 5, 4, 5, 4, 6, 7, 8, 6, 3, 7, 7, 5, 7, 8, 7, 6, 4, 10, 6, 7, 5, 6, 9]
A_33 47.57000000000001 A 33 [4, 1, 4, 1, 3, 1, 2, 6, 1, 1, 6, 4, 2, 5, 6, 3, 1, 4, 5, 5, 2, 6, 5, 3, 6, 2, 1, 2, 5, 4, 5, 6, 4, 6, 4, 1, 1, 5, 2, 6, 3, 4, 3, 3, 3, 4, 4, 1, 5, 6, 4, 3, 2, 2, 1, 4, 1, 4, 3, 5, 3, 2, 6, 3, 5, 2, 2, 3, 3, 4, 6, 6, 6, 3, 2, 6, 4, 5, 5, 1] [8, 4, 8, 3, 6, 4, 6, 9, 4, 4, 10, 7, 4, 7, 10, 6, 4, 8, 8, 8, 6, 9, 7, 5, 9, 5, 4, 6, 9, 7, 8, 9, 7, 9, 7, 4, 3, 7, 4, 9, 5, 8, 7, 5, 5, 7, 7, 4, 8, 8, 6, 6, 5, 5, 3, 6, 4, 7, 5, 8, 5, 4, 10, 7, 8, 5, 5, 5, 6, 7, 8, 9, 8, 6, 5, 10, 7, 7, 9, 3]
A_34 48.57000000000001 A 34 [3, 2, 6, 5, 2, 2, 3, 1, 6, 6, 3, 5, 2, 4, 2, 6, 3, 6, 4, 2, 3, 6, 2, 6, 6, 3, 1, 3, 2, 4, 6, 3, 4, 4, 1, 3, 5, 3, 2, 4, 2, 5, 2, 4, 3, 3, 2, 1, 1, 2, 3, 5, 1, 4, 1, 6, 3, 4, 5, 3, 2, 6, 4, 1, 6, 5, 6, 6, 6, 4, 4, 3, 2, 6, 6, 4, 3, 2, 6, 4] [6, 4, 9, 7, 6, 4, 7, 3, 10, 10, 5, 9, 5, 6, 5, 10, 6, 8, 8, 6, 5, 10, 6, 8, 9, 7, 3, 5, 6, 7, 9, 7, 8, 7, 3, 6, 8, 5, 6, 8, 5, 7, 6, 7, 5, 5, 5, 5, 5, 5, 6, 9, 4, 6, 5, 9, 6, 8, 8, 7, 5, 10, 7, 3, 8, 8, 8, 8, 9, 8, 7, 6, 4, 10, 8, 7, 6, 6, 9, 8]
A_35 52.41000000000001 A 35 [3, 1, 4, 2, 6, 1, 1, 3, 6, 1, 3, 6, 6, 4, 5, 1, 1, 3, 3, 6, 1, 3, 5, 6, 2, 6, 1, 5, 6, 4, 5, 6, 2, 1, 3, 6, 3, 2, 3, 1, 1, 3, 6, 5, 5, 4, 1, 1, 3, 2, 2, 3, 2, 2, 5, 4, 5, 3, 3, 5, 4, 2, 6, 3, 2, 6, 3, 2, 4, 1, 2, 3, 5, 5, 5, 2, 2, 6, 4, 6] [6, 4, 8, 5, 9, 5, 5, 5, 9, 5, 7, 9, 8, 6, 8, 4, 4, 5, 7, 9, 5, 5, 9, 8, 4, 9, 4, 8, 9, 8, 7, 9, 4, 4, 6, 10, 6, 6, 7, 5, 3, 5, 8, 9, 7, 7, 4, 3, 5, 4, 4, 7, 6, 6, 7, 7, 8, 5, 5, 9, 7, 4, 8, 5, 6, 8, 6, 5, 8, 4, 5, 6, 9, 9, 7, 5, 6, 8, 6, 9]
A_36 54.19000000000001 A 36 [5, 2, 6, 3, 3, 1, 2, 1, 4, 5, 5, 2, 4, 4, 5, 5, 5, 4, 3, 6, 1, 5, 2, 3, 1, 3, 5, 4, 2, 3, 6, 3, 4, 1, 5, 3, 1, 4, 4, 6, 5, 6, 4, 1, 1, 6, 6, 5, 1, 2, 3, 6, 6, 1, 1, 2, 1, 2, 5, 1, 1, 3, 2, 2, 1, 5, 2, 6, 4, 3, 6, 1, 6, 4, 5, 1, 6, 5, 5, 4] [9, 5, 9, 7, 5, 4, 5, 4, 8, 8, 8, 6, 7, 7, 8, 9, 8, 8, 6, 8, 5, 8, 4, 7, 4, 6, 9, 6, 5, 5, 9, 7, 7, 3, 8, 6, 3, 8, 7, 9, 7, 8, 6, 5, 4, 9, 10, 9, 5, 4, 6, 8, 10, 5, 4, 5, 5, 5, 9, 4, 4, 5, 4, 4, 5, 7, 5, 10, 6, 7, 8, 4, 10, 8, 9, 5, 9, 9, 9, 7]
A_37 55.19000000000001 A 37 [4, 2, 1, 3, 4, 6, 3, 5, 6, 1, 1, 2, 5, 2, 4, 2, 6, 4, 6, 3, 3, 3, 5, 1, 4, 5, 6, 1, 1, 6, 2, 5, 1, 5, 3, 2, 4, 1, 4, 2, 1, 4, 6, 2, 6, 2, 5, 5, 6, 6, 6, 2, 2, 1, 2, 3, 2, 3, 5, 2, 2, 5, 4, 6, 5, 4, 2, 3, 5, 5, 2, 6, 3, 3, 4, 6, 6, 2, 4, 2] [7, 5, 3, 5, 8, 10, 5, 7, 8, 5, 3, 4, 7, 6, 8, 5, 8, 6, 8, 5, 5, 6, 8, 4, 7, 9, 10, 3, 5, 8, 5, 7, 3, 7, 5, 6, 8, 3, 8, 5, 5, 8, 9, 4, 8, 4, 9, 9, 8, 10, 8, 4, 4, 3, 6, 5, 5, 5, 9, 6, 6, 7, 8, 9, 8, 7, 5, 7, 8, 9, 5, 10, 5, 5, 8, 9, 9, 4, 7, 4]
A_38 56.19000000000001 A 38 [4, 1, 3, 1, 5, 2, 6, 5, 1, 5, 5, 2, 4, 5, 3, 3, 2, 1, 3, 5, 5, 1, 3, 5, 6, 2, 2, 5, 6, 4, 6, 4, 4, 2, 2, 3, 4, 4, 3, 4, 6, 3, 1, 3, 6, 4, 6, 5, 6, 4, 2, 6, 2, 2, 2, 6, 4, 5, 3, 6, 6, 2, 6, 1, 3, 3, 3, 6, 5, 4, 5, 2, 1, 6, 1, 4, 6, 3, 1, 1] [6, 4, 5, 3, 7, 5, 8, 9, 3, 8, 9, 4, 8, 8, 5, 5, 6, 4, 7, 9, 9, 5, 5, 8, 8, 5, 6, 7, 9, 6, 9, 8, 6, 4, 6, 7, 7, 8, 6, 7, 9, 6, 4, 7, 9, 8, 9, 7, 9, 8, 5, 10, 5, 4, 4, 9, 7, 8, 7, 9, 10, 5, 10, 4, 7, 5, 5, 10, 7, 8, 9, 5, 5, 10, 4, 7, 10, 7, 3, 4]
A_39 58.44000000000001 A 39 [2, 3, 1, 1, 2, 3, 5, 1, 4, 5, 2, 3, 5, 6, 5, 4, 5, 6, 3, 2, 2, 6, 3, 2, 5, 3, 2, 6, 2, 3, 4, 3, 6, 6, 4, 1, 6, 2, 4, 2, 3, 6, 3, 2, 1, 6, 4, 6, 3, 1, 4, 5, 1, 5, 6, 3, 5, 5, 4, 5, 1, 1, 2, 4, 5, 6, 3, 4, 3, 2, 6, 2, 3, 1, 1, 5, 4, 1, 1, 1] [4, 6, 5, 3, 6, 5, 7, 3, 6, 8, 5, 5, 9, 8, 8, 6, 8, 10, 5, 4, 6, 9, 5, 6, 7, 5, 6, 9, 6, 6, 7, 6, 9, 9, 8, 5, 9, 5, 7, 5, 7, 9, 5, 5, 5, 8, 7, 8, 5, 3, 8, 7, 3, 9, 9, 7, 8, 7, 7, 9, 4, 4, 4, 7, 9, 9, 6, 8, 6, 4, 8, 4, 7, 4, 3, 7, 6, 4, 4, 3]
B_0 1 B 40 [6, 5, 3, 1, 5, 4, 2, 6, 4, 5, 5, 5, 3, 2, 1, 4, 1, 4, 2, 2, 3, 4, 6, 1, 5, 3, 1, 1, 5, 6, 5, 3, 5, 3, 2, 1, 5, 1, 6, 3, 4, 2, 5, 1, 3, 4, 3, 5, 5, 2, 4, 2, 2, 6, 3, 1, 3, 5, 6, 6, 3, 1, 3, 3, 1, 3, 4, 3, 1, 1, 1, 4, 5, 5, 6, 1, 5, 2, 1, 2] [9, 7, 7, 5, 9, 8, 4, 8, 7, 7, 7, 7, 6, 5, 3, 6, 4, 7, 5, 5, 6, 6, 9, 5, 7, 6, 5, 4, 9, 9, 8, 6, 8, 5, 5, 3, 7, 5, 9, 7, 8, 5, 9, 4, 7, 8, 6, 8, 7, 4, 6, 5, 6, 8, 7, 5, 5, 7, 9, 9, 7, 3, 6, 7, 4, 6, 7, 7, 5, 3, 3, 6, 7, 8, 10, 5, 7, 4, 5, 5]
B_1 2 B 41 [1, 5, 6, 6, 5, 3, 2, 5, 3, 5, 1, 2, 1, 5, 4, 2, 5, 6, 5, 4, 5, 5, 6, 1, 1, 4, 6, 3, 6, 5, 4, 3, 6, 4, 5, 3, 6, 4, 3, 6, 2, 1, 6, 5, 4, 2, 3, 4, 1, 4, 4, 4, 2, 3, 6, 6, 6, 6, 6, 2, 3, 1, 2, 3, 1, 2, 6, 2, 4, 1, 1, 6, 1, 4, 4, 1, 2, 5, 6, 6] [3, 7, 10, 10, 9, 5, 5, 9, 6, 8, 5, 6, 5, 8, 8, 6, 8, 10, 8, 7, 9, 9, 8, 4, 5, 6, 8, 7, 8, 9, 7, 6, 10, 8, 7, 5, 8, 8, 6, 9, 5, 4, 8, 9, 7, 4, 6, 8, 4, 6, 8, 8, 5, 7, 10, 10, 10, 8, 10, 5, 5, 3, 5, 5, 5, 4, 10, 6, 8, 5, 4, 8, 3, 7, 8, 4, 4, 8, 10, 8]
B_2 3 B 42 [2, 6, 2, 6, 2, 1, 4, 3, 1, 3, 4, 3, 2, 6, 3, 4, 4, 2, 1, 3, 6, 1, 5, 5, 6, 3, 5, 6, 6, 3, 1, 5, 1, 3, 2, 6, 4, 6, 1, 3, 5, 6, 5, 3, 6, 5, 1, 1, 6, 5, 2, 3, 6, 3, 3, 1, 6, 2, 4, 4, 2, 2, 1, 6, 2, 3, 4, 5, 5, 6, 3, 2, 6, 3, 4, 6, 6, 4, 1, 5] [4, 9, 4, 8, 5, 3, 7, 7, 5, 5, 8, 6, 4, 10, 7, 6, 8, 6, 5, 5, 10, 5, 8, 7, 8, 7, 8, 10, 9, 7, 4, 9, 4, 7, 6, 8, 6, 9, 4, 5, 9, 8, 9, 7, 8, 9, 3, 4, 10, 9, 5, 7, 8, 7, 6, 5, 8, 5, 7, 7, 4, 6, 4, 9, 4, 5, 7, 8, 8, 8, 6, 4, 10, 5, 6, 8, 10, 6, 4, 7]
B_3 4 B 43 [3, 1, 6, 3, 4, 1, 1, 6, 1, 5, 4, 2, 2, 6, 4, 5, 6, 6, 5, 5, 3, 1, 5, 1, 6, 3, 5, 4, 1, 2, 6, 3, 4, 3, 4, 5, 1, 2, 3, 2, 1, 5, 3, 4, 2, 2, 4, 1, 4, 3, 2, 4, 2, 5, 3, 6, 5, 2, 3, 1, 1, 1, 1, 4, 6, 4, 5, 2, 5, 4, 2, 1, 1, 3, 5, 1, 3, 3, 2, 3] [7, 3, 10, 7, 8, 5, 4, 8, 5, 7, 7, 6, 4, 9, 8, 9, 8, 10, 7, 8, 7, 5, 9, 5, 10, 6, 8, 6, 4, 6, 9, 5, 8, 5, 7, 9, 5, 4, 7, 5, 4, 9, 7, 7, 5, 5, 8, 3, 6, 6, 5, 6, 5, 7, 6, 8, 9, 5, 5, 3, 3, 5, 3, 6, 8, 8, 7, 5, 7, 6, 4, 3, 3, 5, 7, 4, 6, 7, 5, 6]
B_4 5.28 B 44 [6, 5, 6, 6, 6, 6, 4, 5, 2, 5, 6, 5, 5, 4, 2, 5, 4, 3, 2, 5, 6, 1, 2, 3, 3, 5, 1, 6, 6, 2, 2, 2, 6, 3, 3, 5, 1, 6, 6, 1, 3, 4, 6, 2, 1, 5, 4, 2, 3, 4, 1, 5, 2, 3, 3, 5, 4, 5, 4, 4, 5, 1, 1, 2, 2, 2, 2, 6, 5, 6, 4, 4, 6, 4, 5, 1, 3, 5, 1, 4] [10, 7, 9, 10, 9, 8, 7, 8, 4, 9, 10, 9, 7, 6, 6, 9, 6, 5, 5, 7, 9, 3, 5, 7, 6, 8, 5, 10, 8, 5, 6, 6, 9, 5, 5, 7, 4, 8, 9, 5, 7, 7, 8, 5, 4, 9, 8, 4, 6, 8, 3, 7, 6, 6, 5, 9, 6, 9, 7, 7, 8, 4, 5, 5, 5, 6, 6, 10, 9, 10, 6, 7, 9, 7, 8, 4, 5, 9, 4, 7]
B_5 6.28 B 45 [3, 3, 6, 3, 2, 1, 5, 1, 1, 6, 1, 5, 6, 5, 4, 4, 6, 6, 1, 4, 5, 1, 4, 5, 4, 4, 6, 6, 1, 5, 5, 1, 2, 4, 3, 4, 6, 2, 4, 6, 4, 2, 5, 2, 5, 4, 4, 4, 1, 1, 2, 3, 5, 6, 5, 2, 1, 6, 2, 1, 5, 2, 6, 5, 3, 4, 1, 2, 4, 3, 5, 4, 6, 5, 5, 5, 6, 1, 4, 3] [5, 6, 9, 6, 4, 5, 7, 4, 4, 10, 3, 9, 9, 8, 7, 6, 8, 10, 4, 7, 7, 3, 8, 8, 7, 6, 8, 8, 4, 7, 9, 4, 4, 7, 5, 7, 9, 4, 8, 8, 8, 4, 9, 5, 9, 7, 8, 8, 4, 4, 5, 7, 8, 10, 7, 5, 5, 9, 4, 4, 8, 4, 10, 9, 7, 7, 4, 6, 8, 7, 9, 8, 10, 7, 9, 8, 8, 3, 6, 7]
B_6 8.56 B 46 [1, 1, 3, 3, 6, 3, 6, 6, 5, 5, 5, 4, 4, 5, 4, 2, 6, 1, 3, 5, 3, 2, 1, 5, 2, 5, 5, 3, 2, 6, 1, 2, 5, 4, 2, 1, 6, 5, 6, 4, 3, 3, 1, 4, 4, 4, 6, 1, 4, 5, 2, 4, 2, 5, 2, 5, 1, 3, 1, 4, 1, 2, 2, 1, 2, 3, 2, 1, 2, 4, 4, 6, 2, 6, 1, 3, 3, 2, 3, 3] [5, 4, 5, 6, 9, 7, 8, 8, 7, 8, 7, 7, 8, 8, 6, 5, 10, 5, 7, 9, 6, 4, 4, 7, 4, 9, 8, 7, 4, 8, 5, 6, 7, 7, 5, 4, 10, 9, 9, 7, 6, 6, 3, 8, 8, 8, 8, 3, 8, 8, 4, 8, 5, 9, 4, 8, 4, 5, 5, 8, 3, 4, 6, 3, 6, 7, 4, 4, 4, 6, 7, 8, 6, 10, 3, 5, 5, 4, 5, 7]
B_7 9.99 B 47 [4, 2, 2, 1, 6, 1, 1, 6, 3, 5, 4, 2, 5, 2, 1, 4, 1, 1, 4, 5, 2, 4, 3, 6, 2, 4, 2, 4, 2, 1, 2, 6, 4, 1, 1, 1, 5, 5, 5, 6, 5, 4, 1, 1, 2, 4, 1, 4, 4, 1, 3, 4, 4, 5, 1, 3, 6, 5, 5, 1, 4, 4, 3, 1, 5, 3, 5, 2, 1, 1, 5, 6, 5, 6, 3, 4, 1, 1, 4, 1] [8, 6, 6, 4, 9, 4, 3, 8, 7, 8, 6, 4, 7, 5, 3, 7, 3, 5, 6, 7, 5, 8, 6, 10, 5, 8, 6, 6, 5, 3, 6, 9, 8, 4, 5, 3, 9, 9, 7, 8, 8, 8, 4, 3, 4, 8, 3, 6, 6, 4, 5, 7, 7, 9, 4, 7, 10, 9, 8, 5, 6, 7, 6, 4, 7, 6, 7, 5, 4, 4, 8, 10, 9, 8, 7, 6, 3, 4, 8, 4]
B_8 11.22 B 48 [2, 4, 1, 6, 2, 4, 5, 6, 1, 2, 5, 2, 6, 4, 3, 2, 1, 6, 6, 3, 1, 5, 5, 3, 1, 2, 6, 2, 1, 5, 4, 4, 6, 5, 1, 3, 1, 6, 6, 3, 5, 1, 6, 4, 3, 1, 4, 4, 6, 1, 5, 1, 1, 6, 4, 5, 6, 4, 6, 3, 1, 2, 1, 1, 2, 3, 4, 4, 3, 4, 3, 6, 6, 1, 3, 6, 4, 2, 3, 3] [4, 7, 3, 8, 4, 8, 9, 8, 4, 4, 7, 6, 9, 7, 5, 5, 4, 8, 9, 6, 5, 9, 8, 7, 5, 4, 10, 6, 5, 9, 8, 7, 8, 8, 5, 5, 5, 8, 9, 5, 7, 4, 10, 6, 6, 4, 8, 6, 10, 5, 9, 5, 3, 9, 8, 8, 10, 8, 9, 7, 5, 5, 4, 4, 5, 6, 7, 8, 5, 8, 6, 9, 10, 5, 5, 8, 8, 6, 6, 7]
B_9 12.22 B 49 [5, 5, 3, 2, 5, 6, 5, 6, 5, 6, 6, 3, 4, 4, 4, 6, 3, 1, 6, 4, 5, 4, 5, 5, 4, 6, 3, 4, 1, 1, 2, 5, 3, 6, 2, 2, 2, 6, 4, 1, 2, 4, 5, 3, 4, 1, 5, 1, 1, 6, 6, 4, 3, 4, 6, 1, 2, 4, 5, 3, 2, 4, 6, 4, 2, 3, 4, 5, 4, 5, 1, 4, 3, 1, 2, 3, 6, 1, 1, 6] [8, 7, 5, 6, 8, 8, 8, 8, 8, 8, 9, 6, 7, 6, 6, 9, 7, 3, 10, 8, 8, 6, 8, 7, 6, 9, 6, 7, 4, 5, 5, 7, 7, 8, 5, 4, 4, 10, 8, 3, 4, 6, 9, 6, 8, 4, 8, 4, 5, 9, 10, 7, 6, 8, 8, 3, 5, 6, 8, 6, 4, 6, 10, 8, 4, 6, 6, 9, 8, 8, 4, 6, 7, 3, 5, 7, 9, 3, 4, 8]
B_10 13.22 B 50 [1, 2, 6, 6, 3, 6, 1, 2, 2, 3, 3, 5, 6, 1, 5, 6, 5, 5, 5, 1, 6, 3, 1, 1, 4, 5, 1, 3, 3, 6, 5, 5, 4, 4, 3, 2, 3, 6, 2, 4, 4, 4, 2, 2, 1, 2, 2, 3, 5, 6, 2, 2, 5, 4, 3, 4, 2, 6, 4, 1, 3, 5, 4, 2, 4, 4, 4, 3, 6, 3, 1, 4, 1, 6, 5, 3, 5, 5, 5, 1] [5, 5, 9, 9, 5, 9, 5, 6, 5, 6, 5, 8, 9, 3, 7, 8, 8, 8, 9, 5, 10, 5, 5, 5, 7, 8, 3, 7, 6, 8, 8, 8, 7, 6, 6, 4, 6, 8, 5, 8, 6, 8, 5, 5, 3, 5, 4, 5, 9, 10, 4, 5, 7, 7, 6, 6, 6, 10, 7, 5, 7, 8, 8, 6, 8, 8, 8, 5, 8, 7, 3, 7, 3, 9, 9, 6, 7, 7, 9, 5]
B_11 14.22 B 51 [2, 1, 6, 2, 5, 2, 2, 6, 1, 4, 1, 3, 4, 6, 2, 5, 1, 3, 5, 1, 1, 6, 6, 3, 5, 1, 4, 4, 5, 5, 4, 2, 6, 3, 5, 3, 6, 2, 6, 5, 2, 4, 3, 4, 5, 3, 4, 4, 1, 4, 2, 3, 6, 3, 5, 2, 3, 5, 6, 6, 2, 5, 1, 4, 4, 1, 2, 5, 6, 3, 1, 1, 5, 2, 4, 3, 2, 1, 5, 2] [6, 5, 10, 5, 9, 6, 4, 9, 5, 6, 4, 5, 6, 10, 6, 9, 4, 6, 7, 5, 5, 10, 10, 6, 8, 5, 6, 7, 7, 8, 7, 5, 8, 6, 9, 7, 8, 4, 10, 7, 5, 8, 7, 6, 7, 7, 8, 7, 5, 7, 5, 6, 10, 7, 8, 4, 7, 7, 8, 10, 6, 8, 3, 8, 8, 3, 5, 8, 8, 7, 3, 3, 9, 6, 6, 6, 4, 5, 7, 5]
B_12 15.22 B 52 [1, 4, 4, 2, 6, 4, 2, 2, 5, 1, 5, 4, 1, 5, 1, 1, 4, 1, 2, 5, 4, 2, 5, 5, 3, 4, 5, 3, 5, 6, 5, 4, 2, 2, 1, 2, 6, 2, 2, 1, 2, 2, 6, 2, 2, 5, 2, 4, 1, 3, 5, 6, 4, 4, 1, 6, 1, 1, 2, 4, 5, 1, 3, 3, 5, 4, 4, 6, 5, 4, 5, 4, 4, 4, 5, 5, 3, 4, 5, 5] [5, 8, 8, 5, 8, 6, 5, 4, 8, 4, 9, 7, 5, 7, 4, 5, 7, 3, 4, 9, 6, 6, 7, 8, 7, 6, 9, 5, 9, 10, 9, 6, 5, 5, 4, 6, 10, 4, 5, 3, 6, 5, 8, 5, 6, 8, 5, 7, 3, 6, 7, 10, 7, 6, 3, 9, 3, 4, 4, 7, 8, 4, 5, 6, 9, 8, 7, 9, 8, 6, 9, 6, 7, 6, 7, 7, 6, 8, 7, 8]
B_13 16.22 B 53 [6, 3, 3, 1, 3, 3, 3, 1, 3, 5, 4, 4, 5, 6, 4, 1, 2, 6, 3, 5, 6, 3, 2, 6, 6, 5, 4, 2, 2, 3, 3, 6, 5, 2, 4, 2, 1, 1, 2, 5, 6, 3, 3, 5, 3, 6, 5, 5, 6, 4, 4, 3, 4, 6, 1, 5, 2, 5, 2, 2, 4, 5, 2, 3, 3, 2, 1, 2, 4, 2, 6, 6, 6, 1, 5, 3, 6, 6, 1, 6] [10, 5, 6, 4, 6, 6, 5, 5, 5, 7, 6, 7, 7, 8, 8, 3, 6, 8, 6, 7, 9, 6, 5, 8, 10, 9, 6, 4, 4, 7, 5, 10, 7, 5, 6, 6, 5, 3, 4, 9, 8, 7, 7, 7, 6, 10, 9, 9, 9, 8, 7, 7, 6, 10, 3, 7, 6, 7, 4, 5, 8, 8, 4, 5, 7, 5, 3, 5, 8, 6, 10, 9, 10, 3, 9, 5, 9, 10, 4, 8]
B_14 17.22 B 54 [4, 5, 3, 2, 3, 2, 6, 3, 1, 4, 2, 1, 4, 6, 4, 5, 2, 4, 1, 4, 6, 3, 1, 5, 1, 6, 2, 6, 1, 5, 6, 4, 6, 1, 1, 5, 1, 2, 2, 6, 3, 6, 3, 3, 3, 5, 2, 1, 4, 6, 3, 5, 1, 1, 2, 3, 5, 2, 2, 2, 1, 6, 5, 2, 4, 1, 4, 1, 5, 4, 2, 4, 2, 6, 6, 3, 5, 1, 1, 4] [7, 8, 5, 4, 7, 5, 10, 6, 5, 6, 5, 5, 8, 9, 8, 8, 6, 7, 5, 6, 8, 7, 5, 9, 5, 9, 5, 9, 5, 8, 8, 6, 8, 3, 5, 7, 4, 6, 4, 9, 7, 10, 6, 6, 5, 7, 4, 4, 8, 8, 6, 8, 3, 3, 4, 7, 9, 6, 4, 5, 4, 8, 8, 6, 6, 5, 7, 4, 8, 8, 6, 8, 5, 8, 10, 7, 9, 4, 3, 7]
B_15 18.22 B 55 [3, 5, 4, 6, 6, 5, 3, 1, 3, 3, 6, 2, 1, 2, 3, 5, 3, 6, 1, 1, 5, 2, 4, 4, 3, 6, 4, 4, 1, 2, 6, 6, 6, 4, 6, 4, 2, 3, 6, 3, 1, 6, 1, 6, 5, 2, 5, 3, 5, 1, 4, 2, 6, 5, 3, 3, 5, 5, 3, 2, 2, 1, 4, 1, 1, 6, 6, 3, 5, 5, 3, 5, 1, 6, 5, 2, 6, 5, 6, 1] [7, 7, 8, 8, 10, 8, 7, 5, 6, 7, 9, 5, 3, 6, 5, 8, 6, 9, 3, 3, 9, 4, 7, 7, 5, 10, 6, 8, 3, 5, 10, 8, 8, 6, 9, 7, 5, 5, 9, 7, 5, 10, 5, 8, 9, 5, 8, 7, 8, 3, 6, 4, 9, 7, 7, 5, 8, 9, 7, 5, 6, 5, 7, 3, 3, 9, 9, 6, 7, 7, 5, 8, 4, 10, 9, 5, 9, 8, 8, 5]
B_16 19.22 B 56 [2, 1, 1, 5, 4, 2, 1, 3, 5, 6, 5, 2, 1, 3, 2, 4, 2, 2, 5, 5, 3, 1, 3, 4, 2, 5, 1, 3, 1, 5, 3, 4, 5, 1, 3, 5, 1, 2, 4, 5, 3, 6, 6, 5, 4, 1, 1, 6, 6, 2, 2, 3, 1, 2, 5, 5, 5, 2, 1, 6, 4, 1, 5, 2, 6, 1, 1, 4, 1, 1, 6, 1, 2, 4, 2, 1, 2, 6, 2, 5] [5, 5, 3, 9, 7, 5, 4, 5, 8, 10, 8, 4, 5, 7, 5, 6, 6, 4, 7, 7, 6, 3, 6, 6, 5, 7, 5, 6, 4, 8, 7, 7, 9, 4, 6, 8, 5, 5, 7, 8, 5, 10, 8, 9, 6, 5, 4, 10, 10, 5, 6, 7, 3, 6, 9, 8, 7, 6, 5, 10, 8, 5, 9, 6, 9, 5, 4, 7, 3, 4, 9, 3, 6, 6, 6, 5, 6, 8, 4, 9]
B_17 22.81 B 57 [6, 4, 4, 5, 6, 2, 2, 2, 2, 4, 2, 2, 1, 3, 5, 1, 1, 4, 2, 3, 4, 1, 2, 4, 2, 5, 5, 4, 3, 2, 5, 2, 3, 4, 4, 3, 2, 3, 5, 5, 5, 6, 2, 2, 5, 6, 3, 5, 4, 4, 6, 5, 1, 5, 2, 5, 2, 3, 1, 5, 5, 3, 6, 3, 6, 6, 4, 1, 1, 5, 1, 2, 3, 1, 4, 2, 4, 2, 5, 1] [9, 7, 6, 9, 9, 6, 5, 6, 6, 6, 6, 4, 3, 5, 8, 5, 4, 8, 5, 5, 7, 5, 5, 8, 5, 9, 7, 7, 7, 4, 8, 5, 5, 7, 8, 5, 5, 5, 8, 7, 7, 8, 5, 5, 9, 9, 5, 9, 8, 6, 10, 7, 4, 7, 6, 9, 6, 7, 5, 9, 9, 7, 10, 7, 9, 10, 7, 5, 4, 9, 5, 5, 5, 5, 8, 6, 7, 6, 9, 4]
B_18 25.47 B 58 [6, 3, 5, 6, 5, 5, 2, 2, 2, 2, 5, 6, 2, 5, 6, 1, 4, 2, 4, 3, 4, 2, 2, 5, 2, 5, 5, 1, 6, 6, 6, 4, 2, 3, 5, 3, 5, 5, 3, 4, 6, 6, 4, 3, 4, 2, 1, 5, 6, 5, 4, 6, 2, 2, 2, 3, 1, 1, 4, 2, 2, 4, 2, 2, 1, 6, 3, 3, 4, 3, 1, 3, 5, 3, 3, 2, 4, 6, 5, 3] [8, 5, 9, 9, 9, 7, 5, 6, 6, 5, 8, 9, 6, 7, 9, 5, 7, 6, 7, 6, 7, 4, 4, 8, 4, 7, 9, 4, 8, 8, 8, 7, 4, 5, 8, 5, 9, 9, 7, 7, 9, 10, 7, 5, 7, 4, 5, 8, 9, 8, 7, 8, 4, 4, 4, 7, 5, 5, 6, 6, 5, 7, 5, 5, 4, 9, 6, 5, 6, 6, 3, 5, 9, 6, 5, 6, 6, 10, 7, 6]
B_19 26.47 B 59 [6, 4, 5, 6, 1, 4, 5, 6, 3, 6, 2, 4, 6, 2, 2, 1, 5, 1, 6, 3, 2, 3, 1, 1, 5, 6, 2, 6, 1, 3, 3, 1, 2, 5, 3, 5, 1, 2, 6, 5, 6, 2, 4, 1, 4, 1, 4, 1, 3, 3, 1, 6, 4, 2, 2, 2, 6, 5, 2, 6, 4, 1, 1, 3, 4, 6, 1, 4, 5, 3, 3, 2, 3, 5, 3, 2, 2, 1, 2, 5] [10, 8, 8, 10, 4, 8, 7, 8, 6, 9, 6, 7, 9, 4, 4, 3, 8, 3, 8, 5, 6, 6, 4, 5, 8, 8, 4, 9, 4, 7, 6, 3, 5, 8, 7, 9, 4, 6, 9, 9, 9, 5, 7, 3, 7, 4, 8, 5, 7, 6, 5, 10, 7, 5, 5, 5, 10, 9, 6, 8, 8, 4, 3, 7, 7, 9, 4, 8, 8, 6, 6, 4, 7, 9, 5, 5, 5, 4, 6, 9]
B_20 27.91 B 60 [4, 2, 6, 6, 1, 1, 3, 3, 2, 6, 2, 1, 5, 3, 4, 2, 6, 4, 5, 1, 4, 4, 2, 4, 3, 6, 6, 5, 3, 2, 2, 4, 2, 3, 2, 4, 1, 2, 6, 1, 3, 3, 2, 1, 5, 5, 1, 4, 1, 2, 3, 2, 5, 4, 1, 2, 4, 5, 2, 4, 4, 3, 2, 1, 5, 3, 3, 6, 5, 6, 2, 1, 5, 5, 3, 5, 4, 1, 1, 2] [6, 5, 8, 10, 4, 5, 5, 5, 6, 10, 4, 4, 7, 6, 7, 4, 10, 8, 9, 5, 7, 6, 6, 7, 6, 10, 9, 8, 5, 6, 6, 6, 4, 5, 5, 7, 4, 6, 10, 4, 7, 5, 4, 3, 8, 8, 3, 6, 5, 4, 7, 6, 8, 8, 4, 6, 8, 9, 5, 8, 6, 7, 4, 4, 7, 6, 5, 9, 9, 10, 6, 4, 7, 9, 6, 7, 6, 3, 5, 6]
B_21 28.91 B 61 [5, 4, 6, 4, 2, 4, 6, 3, 3, 1, 3, 6, 3, 4, 3, 5, 1, 4, 1, 1, 6, 2, 4, 1, 6, 2, 6, 4, 2, 1, 6, 1, 4, 2, 6, 2, 3, 5, 2, 1, 1, 1, 2, 1, 1, 2, 2, 4, 2, 4, 5, 5, 1, 5, 6, 1, 1, 3, 4, 1, 3, 1, 1, 4, 4, 1, 5, 4, 4, 1, 5, 5, 5, 2, 3, 4, 6, 6, 4, 4] [9, 8, 9, 8, 5, 7, 10, 7, 6, 3, 5, 9, 5, 7, 7, 7, 4, 6, 4, 4, 8, 6, 8, 5, 8, 5, 9, 6, 4, 3, 9, 3, 6, 4, 10, 4, 5, 7, 5, 4, 3, 3, 6, 5, 4, 4, 4, 7, 5, 6, 8, 8, 4, 8, 8, 5, 5, 7, 7, 4, 7, 3, 3, 8, 7, 3, 8, 6, 8, 4, 8, 7, 7, 6, 5, 8, 8, 9, 8, 7]
B_22 29.91 B 62 [6, 1, 1, 4, 5, 5, 5, 3, 1, 4, 4, 6, 5, 2, 6, 1, 5, 1, 4, 3, 2, 5, 1, 1, 1, 1, 1, 6, 3, 2, 4, 6, 4, 6, 4, 6, 2, 4, 6, 2, 3, 2, 1, 1, 1, 6, 2, 3, 1, 6, 4, 1, 3, 2, 5, 4, 5, 6, 2, 1, 2, 1, 4, 1, 3, 3, 6, 5, 3, 5, 4, 5, 5, 6, 6, 6, 5, 5, 2, 1] [10, 3, 5, 6, 9, 9, 8, 6, 3, 8, 8, 10, 8, 5, 9, 5, 9, 3, 7, 6, 4, 9, 5, 4, 5, 5, 5, 9, 5, 6, 6, 10, 7, 10, 7, 8, 4, 8, 10, 4, 6, 5, 4, 3, 5, 10, 6, 6, 4, 10, 8, 3, 5, 4, 8, 7, 9, 10, 5, 3, 4, 3, 8, 5, 6, 5, 9, 7, 7, 8, 8, 7, 7, 10, 9, 8, 8, 8, 6, 3]
B_23 32.84 B 63 [6, 4, 6, 2, 6, 6, 5, 2, 2, 4, 1, 2, 1, 5, 5, 3, 2, 1, 1, 4, 3, 6, 1, 5, 1, 6, 2, 1, 4, 1, 6, 6, 5, 3, 1, 3, 2, 6, 1, 4, 3, 3, 6, 4, 2, 5, 1, 1, 1, 4, 2, 4, 3, 3, 2, 1, 2, 3, 2, 3, 1, 4, 1, 1, 4, 2, 3, 4, 6, 5, 3, 5, 2, 4, 6, 5, 3, 6, 3, 1] [10, 6, 8, 4, 9, 9, 7, 6, 6, 7, 3, 6, 5, 7, 8, 6, 4, 3, 4, 6, 7, 9, 5, 9, 3, 8, 4, 5, 7, 3, 9, 10, 8, 7, 3, 5, 4, 9, 4, 7, 7, 5, 9, 6, 5, 9, 3, 4, 4, 8, 6, 8, 6, 5, 6, 3, 6, 7, 5, 7, 4, 8, 5, 5, 6, 4, 5, 7, 8, 7, 6, 7, 6, 8, 10, 7, 7, 10, 7, 5]
B_24 35.830000000000005 B 64 [5, 6, 1, 6, 6, 3, 5, 6, 3, 1, 1, 6, 6, 5, 6, 6, 4, 5, 3, 6, 2, 4, 5, 5, 5, 1, 4, 2, 4, 6, 5, 3, 2, 5, 6, 2, 1, 5, 3, 5, 1, 1, 2, 6, 2, 3, 2, 5, 2, 2, 4, 4, 5, 3, 4, 1, 6, 6, 1, 4, 5, 4, 3, 4, 5, 5, 6, 1, 1, 1, 2, 6, 6, 1, 5, 4, 1, 3, 1, 2] [7, 10, 5, 10, 10, 7, 8, 9, 5, 4, 4, 10, 9, 9, 10, 9, 7, 8, 5, 10, 5, 6, 8, 7, 7, 5, 7, 4, 6, 9, 7, 7, 6, 8, 8, 6, 5, 8, 7, 9, 4, 5, 4, 8, 5, 7, 6, 7, 5, 4, 8, 8, 9, 7, 6, 3, 9, 9, 4, 7, 7, 7, 6, 6, 9, 7, 8, 5, 5, 5, 6, 8, 9, 3, 8, 7, 3, 6, 4, 6]
B_25 39.64000000000001 B 65 [1, 6, 3, 1, 3, 3, 5, 5, 3, 6, 1, 6, 4, 1, 3, 3, 1, 6, 3, 4, 5, 5, 6, 4, 3, 5, 1, 3, 4, 3, 3, 1, 1, 2, 5, 6, 5, 4, 3, 6, 3, 2, 3, 4, 2, 4, 3, 3, 3, 3, 4, 1, 4, 2, 1, 6, 1, 6, 6, 6, 3, 1, 3, 2, 5, 5, 5, 2, 1, 5, 3, 4, 5, 5, 2, 6, 6, 5, 2, 4] [3, 9, 5, 3, 6, 7, 9, 9, 6, 9, 4, 9, 7, 4, 6, 7, 3, 8, 7, 7, 7, 9, 10, 8, 6, 7, 3, 7, 7, 5, 7, 5, 3, 5, 8, 8, 7, 7, 5, 9, 6, 4, 5, 8, 6, 7, 7, 6, 6, 6, 8, 3, 8, 5, 5, 9, 5, 10, 9, 9, 6, 3, 5, 4, 7, 8, 9, 6, 5, 7, 5, 6, 7, 9, 5, 10, 8, 8, 6, 7]
B_26 41.43000000000001 B 66 [2, 6, 2, 1, 1, 3, 6, 2, 2, 6, 5, 6, 6, 4, 5, 1, 3, 5, 1, 1, 1, 3, 2, 6, 6, 6, 5, 5, 5, 1, 3, 1, 5, 2, 6, 3, 2, 2, 3, 3, 4, 6, 4, 5, 2, 1, 2, 5, 4, 4, 4, 2, 4, 1, 4, 6, 1, 4, 3, 1, 3, 5, 6, 3, 6, 5, 5, 5, 6, 4, 5, 4, 4, 6, 5, 3, 2, 1, 4, 6] [5, 9, 4, 3, 3, 5, 9, 6, 6, 8, 9, 8, 9, 8, 8, 5, 5, 7, 5, 4, 5, 7, 6, 9, 9, 8, 8, 7, 9, 3, 7, 3, 7, 5, 8, 6, 5, 5, 5, 6, 7, 10, 7, 7, 6, 4, 4, 7, 7, 6, 8, 5, 7, 3, 7, 9, 4, 7, 6, 4, 5, 8, 9, 5, 8, 9, 8, 8, 10, 8, 9, 8, 7, 9, 7, 6, 5, 3, 7, 9]
B_27 43.940000000000005 B 67 [2, 3, 2, 4, 4, 3, 3, 1, 5, 2, 1, 3, 5, 5, 5, 6, 1, 3, 3, 5, 2, 3, 1, 2, 5, 3, 2, 3, 1, 5, 3, 1, 4, 3, 6, 2, 6, 3, 6, 4, 3, 2, 5, 2, 6, 2, 1, 2, 4, 5, 3, 5, 6, 2, 1, 3, 4, 1, 3, 4, 6, 4, 5, 4, 1, 2, 5, 5, 1, 3, 3, 6, 3, 6, 4, 4, 1, 1, 6, 4] [4, 7, 6, 6, 8, 6, 5, 5, 8, 4, 4, 7, 7, 7, 8, 8, 5, 6, 5, 8, 6, 7, 4, 5, 9, 6, 4, 6, 3, 7, 7, 5, 7, 5, 8, 5, 10, 7, 10, 8, 7, 6, 8, 5, 10, 6, 4, 5, 8, 9, 5, 8, 9, 5, 4, 6, 7, 5, 5, 8, 9, 6, 7, 7, 5, 6, 8, 8, 5, 5, 7, 10, 5, 8, 7, 6, 5, 4, 10, 6]
B_28 44.940000000000005 B 68 [4, 3, 4, 2, 6, 2, 1, 2, 6, 5, 1, 4, 2, 2, 5, 3, 4, 4, 6, 4, 1, 2, 5, 5, 6, 3, 4, 1, 3, 5, 5, 2, 3, 3, 6, 4, 4, 5, 5, 3, 1, 4, 5, 5, 5, 4, 2, 1, 3, 4, 6, 6, 5, 4, 5, 5, 1, 1, 4, 5, 5, 4, 3, 6, 1, 1, 6, 1, 1, 4, 3, 5, 2, 4, 6, 5, 4, 3, 6, 6] [6, 5, 6, 4, 10, 5, 4, 4, 9, 9, 3, 7, 6, 4, 9, 7, 8, 6, 10, 8, 5, 4, 8, 8, 9, 6, 6, 5, 5, 9, 8, 5, 5, 6, 9, 8, 6, 8, 7, 6, 5, 8, 8, 7, 9, 8, 4, 4, 5, 8, 8, 8, 8, 8, 8, 7, 3, 4, 6, 8, 9, 8, 7, 8, 5, 5, 10, 5, 4, 7, 6, 9, 4, 6, 9, 9, 6, 6, 8, 10]
B_29 45.940000000000005 B 69 [6, 4, 1, 5, 1, 4, 2, 5, 1, 2, 4, 4, 2, 3, 1, 4, 6, 4, 1, 6, 2, 2, 5, 4, 4, 4, 5, 6, 4, 3, 5, 2, 3, 4, 4, 1, 3, 5, 4, 2, 1, 1, 6, 4, 6, 3, 4, 1, 4, 5, 3, 3, 4, 2, 4, 5, 1, 5, 3, 3, 6, 1, 5, 5, 1, 5, 4, 3, 4, 1, 2, 4, 3, 4, 3, 3, 4, 1, 3, 2] [10, 8, 3, 7, 3, 6, 6, 7, 4, 4, 8, 7, 6, 6, 4, 8, 9, 7, 3, 10, 6, 5, 7, 8, 6, 8, 8, 9, 6, 6, 9, 4, 7, 7, 8, 4, 7, 9, 8, 4, 3, 5, 8, 6, 10, 7, 6, 4, 8, 8, 7, 7, 6, 6, 8, 7, 4, 9, 6, 6, 10, 4, 8, 7, 5, 7, 8, 5, 7, 4, 4, 6, 5, 8, 5, 5, 6, 4, 6, 5]
B_30 46.970000000000006 B 70 [1, 3, 5, 2, 4, 1, 3, 6, 1, 3, 3, 2, 3, 3, 5, 1, 4, 1, 3, 2, 3, 1, 6, 2, 3, 1, 3, 6, 6, 4, 6, 2, 4, 6, 4, 2, 6, 2, 5, 6, 1, 1, 3, 2, 4, 5, 4, 5, 3, 1, 1, 1, 5, 6, 2, 3, 6, 1, 1, 3, 2, 5, 4, 3, 2, 3, 5, 3, 3, 2, 6, 2, 3, 4, 4, 3, 2, 3, 1, 2] [5, 6, 7, 5, 6, 3, 5, 8, 5, 5, 6, 6, 5, 5, 7, 4, 8, 5, 7, 4, 7, 3, 9, 6, 5, 5, 5, 9, 10, 6, 8, 5, 8, 8, 7, 5, 8, 5, 9, 8, 3, 4, 6, 4, 6, 9, 7, 8, 6, 4, 3, 3, 9, 10, 6, 5, 9, 5, 3, 6, 6, 8, 8, 6, 6, 5, 9, 7, 6, 4, 8, 6, 7, 7, 8, 7, 6, 7, 3, 4]
B_31 49.230000000000004 B 71 [1, 3, 4, 4, 2, 2, 2, 4, 2, 3, 3, 5, 4, 2, 2, 2, 6, 3, 1, 5, 1, 6, 2, 6, 1, 4, 5, 6, 1, 4, 1, 6, 3, 6, 3, 3, 1, 6, 2, 2, 4, 6, 2, 1, 4, 4, 6, 6, 6, 4, 4, 1, 4, 6, 4, 5, 1, 2, 3, 2, 1, 5, 5, 5, 6, 4, 4, 6, 5, 4, 2, 1, 1, 3, 5, 1, 5, 6, 2, 6] [3, 6, 7, 7, 6, 4, 6, 7, 5, 7, 6, 7, 7, 4, 5, 6, 9, 7, 3, 7, 5, 9, 6, 9, 3, 7, 9, 8, 4, 8, 3, 9, 7, 9, 6, 6, 4, 10, 5, 4, 6, 8, 4, 3, 7, 8, 8, 10, 9, 6, 7, 3, 6, 9, 8, 8, 3, 5, 5, 4, 4, 7, 7, 7, 8, 6, 8, 10, 9, 6, 6, 4, 4, 6, 9, 5, 9, 10, 4, 9]
B_32 50.36000000000001 B 72 [1, 3, 6, 5, 3, 1, 3, 5, 1, 3, 5, 6, 5, 2, 5, 3, 3, 4, 3, 4, 4, 6, 5, 5, 3, 4, 3, 6, 4, 6, 5, 4, 4, 6, 2, 5, 6, 3, 1, 3, 5, 1, 6, 1, 6, 6, 2, 5, 6, 3, 1, 5, 4, 6, 2, 1, 2, 3, 5, 3, 5, 5, 5, 2, 6, 5, 4, 3, 2, 3, 3, 1, 3, 1, 5, 6, 4, 3, 5, 5] [3, 5, 10, 9, 7, 5, 5, 9, 3, 7, 9, 9, 9, 5, 8, 6, 5, 8, 6, 8, 6, 8, 9, 8, 5, 8, 7, 9, 6, 8, 8, 7, 6, 8, 4, 9, 10, 5, 5, 7, 7, 3, 10, 3, 9, 10, 6, 9, 10, 7, 3, 9, 7, 10, 5, 4, 6, 5, 9, 7, 7, 7, 7, 6, 9, 7, 7, 5, 4, 5, 7, 4, 5, 3, 8, 9, 6, 7, 7, 9]
B_33 57.49000000000001 B 73 [5, 1, 5, 1, 4, 4, 2, 3, 6, 6, 1, 3, 2, 1, 2, 2, 4, 4, 1, 2, 1, 4, 1, 1, 2, 1, 6, 2, 2, 6, 5, 3, 1, 3, 6, 5, 4, 3, 6, 1, 5, 4, 3, 3, 4, 5, 6, 6, 1, 1, 6, 2, 4, 1, 6, 6, 4, 1, 3, 5, 5, 2, 6, 4, 1, 5, 6, 6, 4, 4, 4, 3, 1, 4, 3, 4, 1, 3, 1, 4] [7, 4, 8, 3, 8, 7, 5, 6, 9, 8, 5, 7, 6, 5, 4, 6, 8, 7, 4, 5, 4, 8, 3, 5, 4, 3, 9, 6, 6, 8, 8, 7, 4, 6, 10, 9, 8, 5, 10, 4, 8, 7, 5, 5, 7, 7, 10, 8, 5, 3, 9, 6, 6, 3, 8, 10, 6, 5, 6, 9, 9, 6, 10, 8, 3, 9, 9, 8, 6, 8, 7, 6, 3, 7, 5, 6, 3, 5, 5, 8]
B_34 62.17000000000001 B 74 [4, 3, 3, 6, 4, 1, 6, 6, 2, 4, 6, 2, 6, 5, 5, 4, 1, 3, 1, 4, 6, 3, 3, 4, 2, 3, 4, 4, 4, 5, 2, 3, 6, 2, 6, 5, 5, 4, 1, 1, 6, 4, 4, 5, 5, 5, 1, 3, 3, 2, 5, 4, 5, 5, 6, 5, 2, 4, 3, 3, 3, 3, 6, 6, 5, 2, 5, 4, 6, 3, 4, 5, 5, 3, 4, 5, 5, 2, 5, 2] [8, 7, 5, 9, 8, 4, 9, 10, 4, 7, 10, 5, 10, 7, 9, 6, 3, 7, 4, 8, 8, 7, 7, 6, 6, 5, 6, 8, 6, 7, 4, 7, 10, 5, 8, 7, 9, 8, 4, 3, 10, 8, 6, 7, 8, 9, 3, 7, 5, 5, 9, 6, 7, 9, 10, 9, 6, 8, 5, 5, 6, 5, 9, 10, 8, 5, 7, 7, 9, 5, 8, 9, 8, 5, 7, 7, 9, 5, 8, 5]
B_35 63.17000000000001 B 75 [6, 3, 1, 6, 2, 3, 2, 4, 4, 6, 1, 5, 5, 5, 6, 3, 1, 4, 2, 5, 2, 4, 2, 3, 3, 3, 1, 5, 1, 5, 5, 5, 4, 6, 4, 2, 1, 6, 4, 5, 1, 1, 6, 1, 1, 5, 3, 4, 6, 3, 3, 3, 5, 3, 3, 2, 1, 2, 2, 2, 5, 4, 6, 5, 4, 6, 3, 4, 5, 3, 3, 1, 6, 4, 5, 2, 6, 3, 2, 6] [10, 6, 5, 8, 5, 5, 4, 6, 7, 10, 5, 9, 8, 8, 10, 5, 4, 6, 4, 8, 5, 8, 4, 6, 6, 7, 4, 9, 4, 7, 9, 8, 6, 10, 7, 5, 5, 9, 7, 7, 5, 4, 8, 4, 4, 8, 5, 6, 8, 7, 6, 6, 7, 5, 7, 5, 5, 6, 6, 5, 7, 8, 8, 7, 7, 10, 6, 6, 9, 5, 7, 5, 9, 6, 7, 6, 8, 5, 6, 10]
B_36 64.2 B 76 [4, 5, 4, 5, 6, 6, 5, 5, 4, 2, 4, 3, 4, 4, 6, 1, 2, 6, 5, 3, 5, 5, 6, 5, 4, 2, 1, 1, 1, 5, 1, 3, 4, 4, 3, 2, 6, 6, 6, 4, 5, 2, 6, 3, 3, 6, 3, 1, 4, 6, 5, 2, 3, 6, 5, 6, 2, 4, 4, 2, 4, 6, 5, 3, 1, 6, 2, 1, 4, 4, 2, 5, 4, 1, 5, 6, 5, 4, 1, 1] [8, 9, 7, 9, 10, 8, 8, 7, 8, 5, 6, 5, 8, 7, 8, 5, 6, 10, 8, 5, 8, 9, 8, 7, 7, 4, 3, 5, 4, 9, 3, 5, 7, 7, 6, 6, 9, 9, 10, 6, 7, 4, 10, 6, 5, 8, 5, 3, 8, 9, 7, 4, 6, 9, 9, 9, 6, 7, 6, 5, 6, 8, 8, 7, 3, 8, 5, 5, 6, 6, 6, 9, 6, 3, 9, 8, 8, 6, 5, 4]
B_37 65.60000000000001 B 77 [3, 4, 3, 5, 1, 3, 6, 6, 3, 4, 2, 1, 2, 2, 4, 5, 6, 6, 6, 4, 2, 2, 1, 2, 6, 5, 5, 6, 1, 3, 5, 6, 3, 5, 2, 6, 5, 2, 3, 1, 2, 5, 4, 3, 5, 1, 2, 1, 2, 1, 5, 1, 4, 6, 1, 5, 6, 2, 6, 1, 1, 6, 5, 6, 3, 5, 1, 1, 3, 1, 3, 6, 3, 3, 2, 3, 4, 3, 6, 6] [5, 7, 6, 9, 3, 5, 10, 9, 6, 6, 4, 3, 5, 4, 7, 7, 8, 8, 9, 7, 6, 4, 4, 4, 9, 8, 8, 9, 3, 7, 7, 9, 5, 7, 6, 8, 9, 4, 7, 4, 4, 8, 6, 7, 9, 3, 4, 4, 6, 3, 7, 5, 8, 10, 4, 8, 8, 6, 10, 4, 3, 9, 8, 10, 6, 8, 3, 4, 6, 4, 7, 10, 7, 5, 5, 5, 6, 6, 8, 10]
B_38 68.15 B 78 [6, 5, 5, 3, 1, 2, 3, 3, 3, 1, 1, 3, 6, 5, 1, 3, 3, 2, 1, 1, 4, 5, 4, 2, 5, 1, 6, 2, 3, 1, 1, 2, 2, 5, 6, 4, 5, 4, 1, 1, 1, 6, 1, 2, 1, 4, 3, 4, 3, 1, 5, 5, 5, 1, 1, 6, 2, 5, 5, 2, 1, 4, 2, 3, 1, 2, 4, 6, 6, 3, 1, 2, 5, 1, 5, 2, 1, 6, 5, 5] [10, 9, 9, 5, 3, 6, 5, 5, 6, 4, 5, 6, 10, 7, 5, 6, 5, 4, 5, 3, 7, 8, 8, 6, 7, 5, 9, 4, 6, 4, 3, 4, 6, 9, 9, 6, 9, 7, 3, 4, 5, 10, 4, 5, 4, 6, 5, 8, 6, 4, 9, 7, 7, 4, 3, 8, 4, 9, 7, 6, 5, 8, 6, 7, 4, 6, 7, 10, 8, 6, 3, 4, 7, 5, 8, 6, 5, 8, 8, 8]
B_39 69.15 B 79 [2, 3, 3, 2, 5, 2, 5, 3, 4, 4, 4, 3, 3, 2, 5, 6, 2, 6, 6, 3, 5, 5, 2, 6, 6, 1, 1, 5, 1, 4, 5, 6, 5, 1, 4, 6, 4, 2, 1, 1, 2, 6, 5, 3, 4, 3, 3, 1, 3, 6, 1, 2, 5, 6, 4, 1, 5, 1, 3, 5, 2, 4, 1, 1, 2, 4, 6, 4, 6, 2, 2, 6, 5, 4, 2, 6, 1, 6, 5, 5] [4, 6, 6, 6, 8, 5, 7, 5, 7, 6, 7, 6, 7, 5, 7, 10, 6, 8, 9, 6, 8, 8, 4, 10, 9, 3, 3, 7, 5, 7, 8, 10, 9, 3, 8, 9, 7, 4, 4, 3, 5, 8, 7, 6, 7, 7, 7, 4, 7, 8, 5, 5, 8, 8, 7, 5, 9, 4, 6, 9, 6, 7, 3, 5, 6, 7, 9, 6, 10, 5, 4, 9, 9, 8, 5, 10, 4, 10, 8, 9]
