A_0 1 A 0 [5, 4, 2, 2, 3, 1, 3, 6, 4, 5, 6, 6, 6, 6, 5, 6, 2, 4, 3, 5, 1, 3, 5, 2, 5, 3, 4, 2, 2, 1, 3, 6, 2, 1, 5, 3, 6, 5, 6, 5, 1, 3, 4, 2, 1, 2, 4, 2, 6, 6, 6, 4, 1, 1, 6, 1, 4, 6, 3, 1, 1, 5, 5, 4, 5, 1, 1, 6, 1, 4, 5, 3, 2, 2, 1, 4, 2, 4, 3, 3] [7, 8, 6, 6, 7, 4, 6, 9, 6, 9, 10, 9, 9, 9, 8, 10, 6, 6, 7, 9, 5, 7, 9, 5, 7, 7, 6, 5, 5, 4, 6, 10, 6, 4, 7, 6, 10, 8, 8, 9, 5, 6, 7, 6, 4, 4, 7, 6, 10, 8, 10, 8, 5, 4, 8, 4, 7, 9, 7, 3, 5, 9, 9, 7, 9, 5, 4, 8, 3, 8, 7, 6, 6, 4, 4, 7, 6, 6, 7, 7]
A_1 2 A 1 [4, 1, 2, 4, 1, 5, 4, 1, 1, 5, 5, 4, 3, 6, 5, 4, 3, 5, 3, 4, 6, 3, 3, 3, 3, 3, 3, 5, 2, 5, 5, 1, 5, 3, 6, 3, 1, 5, 5, 1, 2, 6, 2, 6, 3, 2, 6, 1, 4, 2, 2, 1, 4, 3, 2, 5, 1, 2, 4, 5, 2, 1, 4, 4, 2, 1, 4, 2, 4, 3, 4, 3, 3, 4, 6, 2, 5, 6, 5, 5] [8, 5, 5, 6, 5, 7, 7, 5, 4, 8, 9, 6, 6, 9, 8, 6, 6, 7, 7, 8, 8, 6, 7, 7, 6, 5, 5, 7, 4, 9, 8, 4, 9, 6, 10, 6, 3, 7, 9, 3, 5, 9, 6, 9, 5, 6, 9, 5, 6, 5, 6, 4, 6, 7, 5, 7, 3, 5, 8, 7, 4, 3, 7, 7, 6, 4, 8, 5, 8, 7, 8, 6, 6, 8, 10, 4, 9, 10, 9, 9]
A_2 3 A 2 [2, 2, 1, 3, 2, 6, 3, 4, 4, 3, 2, 5, 1, 4, 3, 6, 2, 5, 2, 1, 5, 4, 4, 3, 1, 3, 3, 3, 3, 6, 6, 2, 4, 5, 2, 2, 1, 5, 6, 5, 3, 4, 2, 4, 2, 1, 6, 5, 3, 1, 5, 2, 3, 4, 6, 2, 3, 5, 1, 1, 3, 1, 1, 1, 3, 1, 6, 6, 5, 4, 1, 4, 5, 3, 2, 3, 2, 2, 2, 5] [6, 5, 5, 7, 4, 8, 6, 6, 8, 7, 4, 9, 4, 7, 6, 8, 4, 9, 6, 5, 8, 6, 7, 5, 3, 5, 7, 5, 7, 9, 10, 6, 7, 9, 4, 6, 4, 8, 10, 8, 6, 7, 6, 6, 4, 3, 10, 8, 7, 4, 8, 5, 6, 6, 10, 5, 7, 9, 3, 4, 5, 5, 3, 3, 7, 5, 9, 10, 8, 7, 3, 6, 7, 5, 6, 5, 6, 6, 6, 9]
A_3 4 A 3 [2, 4, 3, 3, 4, 1, 4, 3, 1, 4, 5, 2, 1, 1, 6, 4, 5, 1, 1, 6, 5, 2, 5, 1, 6, 2, 5, 1, 3, 6, 1, 1, 5, 3, 2, 2, 2, 2, 5, 1, 2, 4, 5, 3, 1, 2, 3, 4, 6, 6, 2, 2, 2, 5, 4, 1, 3, 1, 5, 4, 5, 5, 3, 2, 5, 5, 3, 1, 2, 4, 2, 4, 1, 6, 3, 6, 4, 5, 2, 5] [6, 6, 7, 5, 8, 3, 8, 7, 3, 8, 9, 6, 4, 5, 8, 8, 9, 3, 5, 8, 9, 5, 9, 4, 9, 5, 7, 3, 5, 8, 3, 4, 8, 6, 6, 6, 5, 5, 7, 5, 5, 7, 8, 6, 4, 4, 5, 6, 10, 9, 4, 5, 5, 9, 6, 4, 7, 4, 7, 7, 9, 7, 6, 5, 7, 9, 6, 4, 6, 8, 4, 7, 4, 9, 5, 9, 6, 8, 4, 7]
A_4 5 A 4 [3, 1, 2, 4, 2, 6, 3, 4, 6, 5, 3, 4, 5, 4, 2, 6, 2, 3, 2, 2, 2, 6, 3, 2, 5, 4, 2, 1, 2, 6, 3, 3, 6, 1, 2, 3, 2, 4, 1, 2, 1, 1, 5, 1, 1, 1, 4, 2, 1, 3, 6, 5, 1, 3, 2, 4, 2, 1, 2, 4, 3, 6, 4, 4, 3, 4, 6, 2, 3, 6, 3, 1, 6, 1, 1, 5, 2, 2, 1, 4] [7, 5, 4, 8, 4, 8, 5, 7, 9, 8, 6, 8, 9, 6, 6, 10, 4, 6, 5, 5, 6, 10, 6, 4, 7, 6, 5, 5, 6, 9, 5, 5, 8, 3, 6, 5, 6, 6, 4, 5, 5, 3, 7, 3, 5, 4, 6, 4, 3, 5, 10, 7, 5, 7, 6, 7, 6, 4, 5, 6, 7, 10, 8, 8, 6, 8, 9, 6, 5, 9, 6, 4, 8, 4, 5, 8, 6, 4, 3, 6]
A_5 7.75 A 5 [1, 5, 6, 1, 6, 4, 2, 4, 5, 3, 4, 2, 2, 2, 2, 6, 5, 3, 6, 1, 2, 4, 2, 2, 3, 6, 6, 6, 2, 1, 5, 6, 1, 3, 6, 4, 3, 4, 1, 3, 6, 4, 1, 2, 5, 1, 1, 3, 2, 6, 6, 3, 2, 3, 5, 2, 3, 2, 5, 5, 2, 2, 2, 2, 3, 5, 5, 5, 5, 1, 4, 2, 4, 2, 5, 2, 3, 6, 5, 5] [4, 7, 8, 3, 8, 7, 5, 8, 8, 5, 7, 4, 6, 6, 4, 10, 8, 6, 9, 3, 4, 6, 5, 4, 7, 9, 8, 9, 6, 3, 9, 8, 5, 5, 8, 8, 7, 7, 4, 7, 8, 6, 4, 5, 8, 5, 4, 6, 4, 8, 8, 5, 4, 5, 8, 5, 5, 6, 7, 8, 6, 4, 5, 6, 6, 8, 9, 7, 9, 4, 6, 4, 7, 6, 9, 5, 7, 10, 9, 8]
A_6 8.75 A 6 [3, 4, 3, 4, 3, 2, 3, 6, 2, 6, 4, 6, 2, 1, 2, 5, 6, 3, 5, 2, 6, 1, 2, 4, 3, 6, 3, 4, 5, 5, 4, 4, 5, 5, 6, 5, 4, 4, 4, 1, 4, 3, 3, 5, 1, 4, 2, 6, 5, 5, 5, 5, 3, 3, 3, 5, 1, 4, 5, 5, 5, 2, 4, 6, 1, 6, 6, 1, 3, 4, 4, 3, 1, 4, 5, 4, 1, 6, 4, 5] [6, 7, 6, 8, 5, 5, 6, 10, 5, 8, 8, 8, 4, 3, 4, 9, 10, 6, 7, 4, 9, 5, 4, 7, 7, 8, 5, 7, 9, 8, 7, 8, 9, 9, 10, 8, 8, 8, 7, 3, 8, 7, 5, 8, 3, 6, 6, 8, 9, 7, 8, 8, 5, 5, 7, 7, 5, 6, 8, 8, 9, 6, 8, 9, 3, 8, 8, 3, 5, 8, 6, 5, 5, 8, 8, 7, 4, 9, 8, 8]
A_7 9.75 A 7 [6, 1, 4, 3, 4, 4, 6, 4, 6, 4, 5, 2, 6, 2, 6, 5, 5, 2, 4, 1, 5, 6, 4, 4, 4, 2, 4, 2, 2, 4, 4, 1, 1, 6, 3, 5, 4, 3, 5, 3, 1, 1, 6, 6, 6, 5, 5, 5, 5, 1, 2, 3, 6, 6, 3, 1, 3, 2, 1, 4, 3, 1, 4, 2, 1, 2, 6, 1, 6, 6, 3, 1, 3, 5, 3, 4, 3, 5, 1, 6] [9, 5, 6, 7, 7, 8, 10, 8, 9, 7, 9, 4, 8, 6, 8, 9, 8, 5, 6, 4, 7, 8, 8, 8, 7, 5, 7, 5, 5, 6, 7, 3, 5, 10, 5, 9, 6, 5, 8, 7, 5, 3, 8, 8, 8, 8, 9, 9, 9, 5, 6, 6, 8, 8, 7, 5, 5, 5, 4, 6, 6, 3, 6, 4, 4, 5, 9, 5, 9, 10, 6, 4, 5, 9, 5, 7, 6, 7, 4, 9]
A_8 11.49 A 8 [4, 1, 4, 1, 6, 5, 2, 6, 3, 6, 4, 1, 6, 1, 2, 5, 6, 5, 2, 2, 1, 2, 6, 2, 3, 6, 3, 6, 1, 5, 5, 3, 3, 1, 3, 5, 4, 6, 6, 3, 2, 2, 5, 6, 3, 4, 1, 2, 4, 5, 6, 3, 3, 3, 1, 5, 3, 5, 1, 5, 3, 6, 4, 3, 2, 3, 6, 3, 1, 5, 1, 3, 3, 4, 2, 2, 1, 6, 1, 2] [6, 4, 8, 3, 9, 8, 5, 9, 6, 9, 8, 5, 8, 5, 4, 7, 10, 9, 4, 4, 4, 5, 9, 6, 6, 8, 7, 8, 5, 9, 7, 5, 5, 3, 5, 8, 8, 10, 10, 6, 4, 4, 8, 10, 5, 7, 3, 6, 6, 8, 9, 5, 6, 7, 3, 8, 5, 7, 5, 7, 5, 8, 7, 6, 5, 7, 10, 6, 3, 7, 4, 6, 6, 6, 6, 6, 4, 8, 3, 6]
A_9 13.89 A 9 [5, 5, 3, 4, 5, 3, 6, 4, 6, 1, 1, 3, 4, 2, 1, 6, 3, 1, 3, 2, 1, 4, 5, 5, 6, 5, 6, 5, 2, 2, 5, 1, 1, 3, 4, 6, 4, 4, 1, 1, 2, 2, 6, 4, 6, 1, 3, 5, 2, 2, 1, 3, 6, 3, 4, 3, 5, 6, 5, 2, 4, 3, 3, 3, 3, 1, 2, 1, 4, 3, 3, 1, 6, 5, 1, 5, 2, 5, 4, 3] [9, 8, 7, 8, 8, 5, 8, 7, 9, 3, 4, 6, 6, 5, 4, 8, 5, 3, 7, 6, 4, 6, 7, 8, 10, 9, 8, 8, 5, 4, 7, 5, 4, 5, 6, 9, 6, 7, 3, 3, 5, 6, 8, 6, 10, 3, 6, 8, 4, 4, 4, 7, 9, 7, 6, 5, 8, 10, 7, 5, 7, 7, 5, 6, 6, 3, 6, 3, 8, 6, 5, 5, 9, 7, 5, 7, 4, 8, 7, 7]
A_10 15.760000000000002 A 10 [6, 5, 2, 5, 3, 4, 4, 5, 4, 1, 6, 4, 5, 5, 5, 5, 6, 4, 2, 6, 5, 4, 6, 3, 5, 2, 2, 6, 3, 2, 3, 2, 5, 4, 5, 4, 4, 4, 2, 4, 2, 2, 4, 2, 2, 5, 2, 5, 2, 2, 6, 1, 1, 4, 5, 4, 5, 3, 2, 6, 2, 4, 2, 4, 3, 4, 6, 3, 1, 6, 5, 4, 1, 3, 5, 1, 2, 1, 5, 1] [10, 9, 4, 9, 6, 7, 8, 9, 8, 4, 8, 8, 7, 9, 9, 8, 9, 6, 6, 10, 7, 8, 9, 5, 8, 4, 4, 9, 5, 6, 6, 6, 9, 8, 9, 8, 6, 8, 6, 6, 4, 6, 6, 5, 5, 7, 4, 8, 4, 5, 8, 4, 3, 6, 9, 7, 7, 5, 6, 10, 6, 8, 6, 7, 6, 6, 8, 7, 4, 9, 7, 8, 4, 7, 7, 4, 6, 3, 8, 3]
A_11 16.76 A 11 [6, 4, 5, 2, 4, 2, 6, 2, 1, 3, 4, 6, 2, 3, 2, 6, 1, 3, 5, 1, 3, 6, 2, 3, 1, 3, 2, 5, 1, 6, 6, 5, 2, 6, 4, 6, 3, 2, 4, 2, 1, 5, 6, 2, 5, 3, 1, 4, 6, 2, 2, 2, 6, 1, 1, 2, 2, 4, 6, 4, 4, 4, 6, 5, 1, 3, 5, 2, 5, 3, 3, 4, 2, 6, 5, 4, 6, 2, 3, 6] [9, 6, 9, 6, 8, 4, 8, 4, 5, 6, 8, 10, 5, 7, 6, 9, 5, 6, 8, 4, 7, 9, 5, 7, 3, 5, 6, 8, 4, 9, 8, 9, 6, 9, 6, 8, 7, 5, 7, 6, 5, 7, 10, 6, 8, 7, 4, 6, 8, 4, 5, 6, 10, 5, 4, 6, 4, 8, 8, 7, 6, 8, 10, 9, 3, 6, 8, 6, 7, 6, 6, 6, 4, 9, 7, 7, 10, 5, 7, 8]
A_12 18.830000000000002 A 12 [6, 3, 1, 1, 5, 2, 2, 6, 6, 4, 5, 2, 4, 4, 4, 5, 3, 5, 1, 4, 5, 4, 2, 4, 5, 2, 6, 1, 1, 3, 2, 5, 5, 1, 4, 3, 3, 2, 5, 1, 1, 3, 2, 6, 5, 3, 5, 1, 6, 5, 6, 2, 3, 3, 6, 2, 1, 2, 3, 6, 3, 5, 2, 1, 4, 5, 3, 2, 6, 4, 2, 2, 5, 6, 6, 6, 5, 1, 1, 5] [9, 6, 4, 4, 9, 6, 4, 8, 8, 6, 7, 5, 6, 8, 7, 9, 7, 8, 5, 7, 7, 6, 4, 8, 7, 6, 9, 3, 5, 6, 6, 8, 9, 3, 6, 6, 7, 6, 8, 4, 4, 5, 6, 9, 9, 6, 8, 5, 9, 9, 9, 4, 6, 7, 9, 6, 4, 4, 6, 10, 6, 9, 5, 3, 7, 9, 5, 5, 9, 8, 5, 6, 9, 10, 10, 10, 7, 4, 5, 8]
A_13 21.580000000000002 A 13 [6, 6, 4, 1, 4, 2, 1, 2, 1, 2, 5, 3, 4, 5, 1, 4, 3, 4, 4, 2, 6, 5, 2, 1, 4, 1, 5, 6, 3, 2, 5, 2, 2, 6, 1, 2, 2, 6, 2, 2, 5, 1, 4, 5, 1, 5, 3, 1, 4, 2, 4, 2, 6, 5, 6, 6, 5, 4, 4, 1, 2, 3, 4, 2, 5, 3, 4, 1, 4, 1, 1, 6, 3, 2, 5, 2, 2, 1, 3, 1] [9, 9, 7, 5, 6, 6, 3, 6, 5, 5, 9, 7, 8, 7, 4, 7, 5, 6, 8, 4, 8, 8, 6, 4, 7, 5, 9, 10, 7, 5, 7, 5, 4, 8, 3, 5, 4, 10, 6, 5, 9, 3, 8, 9, 5, 9, 5, 4, 7, 4, 7, 4, 8, 9, 9, 8, 9, 6, 8, 3, 5, 5, 8, 6, 7, 5, 7, 4, 7, 5, 5, 8, 7, 4, 9, 4, 4, 5, 7, 4]
A_14 22.580000000000002 A 14 [5, 5, 3, 6, 2, 2, 2, 6, 2, 1, 5, 2, 4, 1, 2, 3, 5, 1, 4, 1, 1, 4, 1, 6, 4, 3, 6, 6, 6, 4, 2, 6, 3, 3, 5, 1, 6, 5, 2, 4, 6, 6, 1, 5, 4, 5, 3, 4, 6, 5, 5, 1, 1, 3, 1, 2, 4, 5, 4, 1, 3, 6, 4, 2, 4, 6, 1, 2, 6, 5, 6, 2, 4, 4, 2, 6, 5, 1, 1, 5] [8, 8, 6, 8, 6, 4, 4, 8, 4, 4, 9, 6, 7, 4, 4, 5, 9, 3, 7, 4, 4, 7, 4, 10, 8, 7, 8, 9, 8, 8, 4, 8, 6, 6, 8, 3, 10, 8, 4, 6, 10, 8, 4, 7, 6, 7, 7, 7, 8, 9, 9, 5, 3, 7, 4, 4, 6, 7, 8, 5, 6, 8, 6, 5, 7, 10, 4, 5, 10, 8, 10, 5, 8, 7, 5, 8, 7, 4, 4, 7]
A_15 23.700000000000003 A 15 [6, 4, 6, 4, 6, 6, 5, 5, 5, 6, 5, 6, 5, 4, 3, 6, 3, 4, 5, 4, 5, 5, 6, 1, 4, 6, 2, 3, 1, 5, 4, 1, 3, 3, 3, 6, 1, 1, 2, 4, 3, 3, 2, 4, 2, 2, 2, 4, 5, 1, 1, 1, 4, 3, 3, 6, 4, 2, 5, 5, 2, 1, 4, 6, 4, 2, 3, 6, 6, 5, 4, 5, 2, 1, 3, 1, 3, 5, 1, 1] [10, 6, 8, 8, 10, 10, 9, 9, 7, 8, 8, 9, 9, 7, 5, 10, 5, 8, 7, 8, 9, 9, 10, 4, 8, 8, 6, 7, 5, 8, 8, 3, 6, 7, 7, 10, 4, 5, 5, 8, 5, 5, 6, 7, 5, 4, 4, 8, 9, 5, 4, 5, 8, 6, 5, 10, 6, 5, 8, 9, 4, 5, 8, 9, 6, 5, 5, 8, 9, 9, 8, 8, 4, 5, 6, 5, 7, 9, 3, 4]
A_16 27.160000000000004 A 16 [2, 3, 2, 5, 2, 5, 6, 5, 6, 3, 6, 1, 3, 3, 5, 3, 3, 1, 4, 5, 5, 5, 3, 1, 5, 4, 5, 1, 2, 2, 2, 4, 3, 2, 5, 5, 6, 1, 6, 2, 4, 3, 6, 3, 1, 6, 1, 5, 1, 3, 5, 5, 5, 4, 5, 6, 4, 3, 4, 6, 5, 2, 5, 1, 2, 5, 6, 1, 1, 3, 2, 2, 3, 1, 4, 6, 6, 5, 2, 5] [6, 6, 4, 9, 4, 8, 10, 8, 10, 5, 9, 5, 7, 5, 9, 5, 5, 3, 6, 8, 7, 9, 7, 4, 7, 8, 7, 5, 5, 6, 4, 6, 7, 6, 7, 9, 8, 5, 9, 5, 8, 7, 8, 5, 5, 9, 4, 8, 4, 6, 7, 7, 7, 6, 9, 10, 6, 6, 7, 10, 8, 5, 9, 4, 5, 8, 10, 4, 4, 5, 4, 4, 5, 4, 8, 9, 8, 7, 4, 8]
A_17 28.610000000000003 A 17 [4, 5, 5, 1, 3, 3, 3, 2, 5, 1, 4, 3, 5, 4, 1, 4, 1, 4, 1, 6, 1, 5, 1, 2, 1, 4, 6, 2, 2, 1, 1, 5, 5, 2, 1, 3, 1, 2, 3, 2, 3, 4, 2, 4, 3, 4, 1, 2, 3, 6, 3, 1, 1, 5, 6, 4, 6, 4, 2, 6, 4, 1, 3, 5, 2, 1, 6, 1, 5, 6, 5, 1, 2, 4, 5, 3, 3, 1, 3, 6] [6, 7, 9, 3, 6, 6, 6, 5, 9, 3, 6, 6, 8, 6, 3, 8, 3, 7, 4, 10, 5, 7, 4, 4, 4, 8, 10, 5, 4, 4, 5, 7, 7, 4, 4, 6, 4, 4, 6, 5, 5, 7, 4, 7, 5, 6, 3, 6, 6, 8, 5, 5, 3, 9, 8, 8, 8, 7, 4, 9, 8, 5, 7, 7, 4, 3, 8, 5, 7, 8, 9, 3, 4, 7, 9, 7, 5, 5, 5, 8]
A_18 29.610000000000003 A 18 [3, 3, 2, 1, 2, 6, 5, 4, 2, 3, 2, 5, 1, 4, 4, 5, 4, 1, 2, 2, 5, 3, 1, 5, 3, 2, 2, 6, 2, 4, 3, 5, 1, 5, 6, 6, 2, 3, 4, 4, 3, 1, 3, 6, 5, 1, 1, 3, 2, 6, 2, 2, 5, 5, 4, 2, 6, 6, 4, 6, 5, 3, 6, 6, 5, 3, 5, 3, 5, 6, 2, 3, 1, 3, 3, 2, 6, 6, 4, 6] [7, 7, 6, 5, 5, 9, 7, 6, 4, 7, 6, 8, 5, 8, 7, 7, 6, 4, 6, 4, 8, 6, 5, 7, 7, 6, 6, 8, 6, 6, 6, 8, 3, 8, 10, 10, 6, 6, 6, 6, 6, 3, 7, 8, 7, 5, 4, 6, 5, 8, 5, 6, 9, 9, 6, 4, 9, 10, 7, 9, 9, 5, 8, 8, 9, 7, 9, 6, 7, 8, 6, 5, 5, 5, 7, 5, 9, 10, 6, 10]
A_19 30.610000000000003 A 19 [5, 4, 1, 6, 2, 1, 2, 1, 2, 2, 6, 1, 4, 2, 1, 4, 5, 6, 2, 4, 5, 4, 6, 2, 6, 2, 4, 3, 6, 4, 6, 4, 5, 2, 5, 3, 6, 3, 2, 4, 4, 4, 6, 3, 6, 4, 3, 2, 2, 3, 4, 4, 3, 3, 2, 5, 3, 5, 1, 1, 5, 4, 1, 5, 5, 5, 3, 6, 6, 3, 3, 3, 3, 3, 4, 6, 1, 6, 2, 3] [9, 8, 5, 8, 5, 3, 4, 4, 4, 6, 10, 4, 7, 4, 4, 8, 8, 10, 4, 8, 9, 8, 9, 4, 9, 4, 8, 5, 10, 6, 10, 8, 7, 4, 7, 5, 9, 6, 5, 6, 8, 7, 10, 7, 9, 7, 5, 4, 4, 6, 6, 6, 6, 7, 4, 8, 5, 8, 3, 3, 8, 8, 5, 7, 7, 7, 7, 9, 8, 5, 5, 7, 5, 5, 6, 10, 4, 9, 6, 7]
A_20 31.610000000000003 A 20 [1, 6, 5, 5, 2, 2, 6, 5, 1, 1, 5, 3, 5, 6, 1, 5, 5, 1, 5, 5, 2, 3, 2, 6, 5, 1, 1, 2, 4, 3, 4, 3, 4, 1, 3, 5, 1, 4, 2, 3, 2, 4, 5, 6, 6, 2, 2, 3, 1, 5, 4, 3, 1, 3, 4, 4, 6, 6, 4, 1, 5, 6, 6, 3, 6, 5, 1, 2, 2, 2, 1, 3, 1, 6, 4, 5, 5, 4, 1, 6] [5, 8, 8, 9, 6, 4, 9, 7, 4, 4, 7, 7, 7, 8, 4, 9, 7, 5, 8, 9, 5, 6, 6, 9, 7, 5, 3, 6, 8, 7, 7, 7, 8, 4, 5, 7, 4, 7, 5, 7, 6, 7, 8, 8, 8, 4, 4, 6, 4, 7, 6, 7, 5, 5, 8, 8, 9, 8, 8, 3, 8, 10, 9, 7, 10, 8, 4, 6, 4, 4, 3, 7, 5, 8, 6, 9, 7, 8, 3, 8]
A_21 32.61 A 21 [3, 3, 4, 2, 6, 4, 1, 6, 2, 4, 4, 6, 4, 5, 4, 5, 5, 5, 3, 4, 3, 4, 5, 6, 1, 3, 1, 6, 4, 1, 1, 4, 2, 2, 5, 4, 1, 5, 3, 2, 1, 6, 2, 2, 3, 6, 4, 6, 4, 1, 3, 6, 5, 2, 2, 2, 1, 5, 6, 5, 4, 3, 2, 2, 6, 6, 1, 6, 6, 6, 4, 5, 4, 3, 1, 6, 3, 2, 2, 4] [7, 6, 6, 5, 10, 6, 5, 8, 5, 6, 8, 9, 6, 8, 7, 9, 9, 7, 6, 8, 6, 6, 7, 10, 4, 7, 3, 8, 8, 3, 5, 7, 6, 5, 9, 8, 5, 9, 6, 4, 5, 9, 4, 4, 5, 9, 8, 9, 8, 5, 5, 9, 7, 4, 5, 4, 3, 7, 9, 8, 7, 6, 4, 4, 10, 8, 5, 8, 10, 8, 7, 7, 8, 5, 5, 10, 5, 5, 6, 7]
A_22 33.61 A 22 [5, 3, 4, 5, 3, 2, 2, 4, 6, 5, 6, 2, 2, 2, 1, 6, 3, 1, 1, 6, 2, 5, 1, 1, 4, 1, 1, 4, 3, 5, 2, 2, 2, 2, 3, 2, 1, 1, 5, 3, 4, 2, 2, 2, 5, 2, 2, 2, 5, 2, 4, 2, 3, 3, 2, 2, 2, 1, 2, 4, 3, 4, 5, 4, 5, 1, 3, 2, 4, 4, 4, 1, 3, 4, 2, 2, 2, 4, 3, 4] [9, 7, 7, 9, 6, 5, 4, 8, 9, 7, 9, 5, 4, 6, 4, 10, 7, 4, 5, 9, 6, 7, 3, 3, 8, 3, 3, 6, 7, 8, 4, 6, 5, 6, 7, 4, 5, 4, 8, 5, 7, 5, 5, 6, 8, 4, 6, 6, 9, 6, 8, 5, 6, 6, 6, 6, 6, 4, 6, 6, 6, 8, 7, 8, 9, 4, 7, 6, 7, 7, 8, 5, 6, 7, 4, 4, 4, 7, 5, 7]
A_23 34.72 A 23 [2, 3, 3, 1, 2, 2, 4, 4, 2, 5, 3, 3, 4, 1, 6, 1, 1, 2, 5, 2, 6, 6, 1, 3, 6, 5, 4, 1, 5, 6, 6, 6, 2, 4, 2, 4, 1, 3, 5, 2, 3, 4, 3, 1, 1, 4, 2, 5, 4, 1, 4, 1, 1, 5, 6, 1, 2, 5, 5, 6, 2, 6, 3, 4, 6, 6, 6, 3, 2, 5, 4, 1, 2, 6, 5, 6, 1, 3, 4, 1] [5, 7, 5, 4, 4, 4, 7, 8, 6, 8, 5, 7, 8, 4, 10, 4, 4, 4, 7, 4, 9, 10, 3, 6, 9, 9, 8, 3, 8, 9, 8, 9, 4, 6, 5, 8, 3, 6, 8, 5, 7, 7, 7, 3, 3, 6, 4, 9, 8, 5, 7, 5, 3, 7, 8, 4, 5, 9, 7, 9, 5, 8, 5, 6, 8, 10, 10, 5, 6, 7, 6, 3, 6, 9, 8, 9, 4, 6, 7, 5]
A_24 35.72 A 24 [5, 3, 1, 6, 5, 3, 3, 4, 3, 6, 5, 1, 5, 4, 4, 4, 5, 1, 3, 6, 5, 1, 4, 6, 6, 6, 6, 5, 5, 4, 5, 5, 5, 2, 1, 4, 3, 2, 1, 3, 6, 1, 5, 3, 6, 3, 6, 4, 3, 5, 4, 6, 3, 1, 6, 3, 1, 6, 6, 3, 3, 3, 1, 2, 2, 2, 1, 3, 4, 1, 6, 5, 1, 6, 3, 3, 5, 1, 5, 5] [7, 6, 3, 9, 7, 7, 7, 7, 6, 10, 8, 3, 7, 7, 8, 8, 7, 4, 7, 9, 7, 4, 8, 9, 9, 10, 8, 8, 8, 6, 8, 9, 9, 4, 5, 8, 5, 5, 3, 7, 9, 3, 8, 6, 8, 6, 9, 7, 6, 9, 6, 8, 6, 5, 9, 6, 5, 9, 10, 7, 6, 7, 5, 5, 6, 6, 5, 5, 8, 4, 8, 7, 4, 9, 5, 7, 7, 3, 9, 7]
A_25 37.74 A 25 [3, 3, 3, 2, 4, 6, 6, 2, 6, 5, 2, 3, 2, 1, 3, 6, 4, 4, 2, 2, 1, 3, 1, 5, 6, 1, 5, 6, 1, 1, 1, 1, 4, 4, 4, 5, 3, 1, 3, 6, 4, 5, 5, 2, 1, 6, 3, 3, 4, 3, 3, 3, 3, 1, 1, 2, 2, 3, 2, 5, 6, 3, 5, 4, 3, 2, 3, 2, 3, 1, 4, 4, 5, 6, 4, 1, 1, 5, 3, 4] [7, 5, 5, 5, 6, 9, 8, 5, 8, 9, 4, 5, 6, 5, 7, 8, 8, 8, 6, 4, 5, 7, 3, 9, 10, 3, 9, 9, 4, 4, 5, 3, 6, 7, 8, 7, 6, 4, 6, 10, 6, 9, 7, 6, 4, 8, 6, 7, 6, 5, 5, 5, 5, 3, 5, 5, 4, 7, 6, 9, 10, 5, 8, 7, 7, 6, 5, 5, 5, 3, 6, 8, 9, 8, 6, 3, 3, 8, 7, 8]
A_26 38.74 A 26 [4, 3, 3, 5, 2, 6, 3, 4, 3, 6, 2, 2, 6, 5, 6, 2, 5, 6, 2, 4, 1, 1, 1, 4, 6, 5, 1, 6, 4, 5, 5, 4, 6, 2, 2, 2, 2, 6, 6, 1, 5, 5, 1, 1, 4, 3, 3, 6, 5, 1, 1, 2, 4, 6, 2, 3, 1, 1, 2, 3, 4, 6, 5, 6, 1, 1, 5, 5, 4, 3, 3, 1, 6, 3, 1, 2, 4, 2, 6, 6] [6, 5, 7, 7, 5, 8, 5, 7, 7, 8, 4, 6, 9, 9, 8, 6, 7, 10, 6, 8, 3, 3, 3, 8, 8, 9, 4, 9, 7, 8, 8, 6, 8, 5, 5, 6, 4, 10, 9, 4, 9, 9, 4, 3, 6, 5, 5, 8, 7, 4, 3, 4, 8, 9, 6, 5, 3, 3, 4, 7, 6, 8, 8, 10, 4, 5, 9, 9, 7, 5, 6, 4, 10, 7, 4, 4, 7, 4, 9, 9]
A_27 41.730000000000004 A 27 [2, 5, 3, 1, 1, 6, 4, 2, 6, 5, 6, 5, 1, 6, 6, 3, 1, 2, 6, 3, 2, 6, 4, 1, 5, 6, 6, 1, 2, 3, 6, 5, 6, 4, 3, 4, 6, 3, 6, 4, 1, 5, 6, 5, 1, 4, 6, 3, 4, 4, 4, 4, 6, 5, 4, 6, 3, 2, 5, 1, 3, 1, 4, 2, 4, 5, 4, 3, 3, 6, 5, 5, 6, 5, 1, 5, 3, 6, 4, 5] [5, 7, 5, 3, 5, 9, 7, 5, 8, 8, 9, 8, 3, 10, 9, 7, 5, 5, 8, 5, 6, 8, 6, 3, 8, 9, 9, 4, 4, 6, 8, 9, 10, 8, 7, 8, 9, 7, 8, 8, 3, 9, 8, 9, 3, 6, 10, 7, 8, 7, 8, 8, 10, 8, 6, 9, 5, 4, 7, 3, 7, 5, 6, 4, 7, 7, 7, 5, 5, 9, 9, 8, 10, 7, 4, 9, 7, 8, 6, 8]
A_28 42.78 A 28 [2, 2, 3, 3, 2, 2, 5, 2, 1, 2, 3, 1, 1, 3, 6, 1, 2, 2, 2, 6, 4, 4, 3, 5, 5, 1, 4, 2, 4, 1, 1, 2, 1, 5, 5, 2, 4, 1, 3, 4, 3, 1, 1, 6, 3, 3, 6, 5, 5, 2, 5, 6, 4, 3, 3, 4, 6, 4, 2, 5, 6, 5, 5, 2, 6, 5, 3, 2, 4, 5, 6, 6, 5, 2, 5, 2, 2, 2, 1, 5] [5, 4, 7, 5, 6, 6, 9, 5, 5, 5, 5, 4, 5, 7, 8, 5, 5, 4, 6, 10, 8, 8, 7, 8, 8, 4, 7, 4, 7, 3, 3, 4, 4, 7, 7, 6, 6, 4, 5, 6, 6, 3, 4, 8, 7, 5, 10, 9, 8, 5, 9, 9, 8, 6, 6, 7, 9, 6, 4, 8, 9, 9, 9, 4, 9, 7, 5, 4, 7, 8, 10, 8, 8, 4, 7, 6, 6, 5, 3, 8]
A_29 43.78 A 29 [1, 5, 6, 6, 6, 1, 5, 4, 5, 2, 2, 6, 3, 2, 4, 5, 2, 1, 4, 4, 3, 1, 5, 6, 4, 1, 5, 3, 1, 6, 5, 1, 1, 5, 2, 1, 3, 1, 3, 3, 4, 2, 5, 3, 1, 6, 5, 3, 2, 2, 5, 5, 2, 5, 4, 4, 5, 4, 1, 4, 2, 6, 1, 5, 6, 2, 6, 6, 1, 4, 3, 6, 4, 2, 2, 2, 4, 4, 6, 2] [4, 9, 9, 8, 9, 3, 8, 6, 9, 4, 6, 9, 6, 5, 8, 8, 6, 4, 6, 6, 7, 3, 8, 9, 6, 4, 8, 6, 3, 8, 8, 4, 3, 7, 4, 3, 6, 5, 5, 7, 7, 4, 8, 7, 4, 10, 7, 7, 6, 6, 8, 7, 6, 7, 8, 8, 8, 7, 4, 6, 6, 8, 3, 9, 8, 6, 9, 9, 3, 7, 5, 9, 6, 4, 6, 5, 6, 7, 10, 6]
A_30 44.78 A 30 [3, 5, 6, 1, 3, 5, 4, 4, 5, 5, 3, 6, 2, 5, 2, 4, 2, 1, 3, 6, 4, 1, 2, 6, 5, 1, 5, 6, 1, 5, 4, 1, 2, 5, 2, 3, 5, 4, 3, 5, 2, 6, 6, 4, 4, 3, 3, 5, 1, 3, 3, 4, 3, 1, 3, 1, 1, 3, 1, 3, 5, 2, 2, 6, 6, 1, 5, 3, 2, 5, 6, 5, 3, 1, 3, 2, 4, 3, 1, 1] [6, 8, 10, 3, 5, 9, 7, 7, 7, 7, 6, 8, 6, 7, 4, 8, 4, 5, 6, 10, 7, 5, 4, 8, 8, 5, 8, 8, 3, 8, 7, 3, 5, 8, 4, 7, 7, 6, 6, 8, 4, 9, 8, 6, 7, 5, 6, 8, 3, 5, 5, 6, 5, 5, 7, 3, 4, 6, 3, 5, 9, 5, 5, 8, 10, 5, 7, 6, 5, 7, 10, 7, 7, 3, 7, 5, 8, 6, 5, 4]
A_31 46.980000000000004 A 31 [6, 1, 2, 1, 3, 6, 4, 1, 3, 1, 2, 5, 5, 2, 6, 1, 4, 5, 5, 4, 3, 4, 2, 6, 5, 1, 4, 5, 2, 1, 1, 2, 4, 4, 2, 1, 5, 2, 4, 2, 5, 2, 1, 2, 5, 6, 1, 6, 1, 2, 6, 2, 6, 4, 4, 1, 1, 4, 1, 4, 2, 3, 5, 6, 1, 5, 4, 6, 4, 6, 4, 1, 4, 5, 6, 5, 4, 1, 4, 4] [10, 4, 6, 4, 5, 8, 8, 3, 5, 5, 6, 9, 8, 5, 8, 3, 6, 7, 8, 8, 7, 7, 6, 9, 9, 3, 6, 9, 4, 4, 3, 5, 7, 7, 5, 4, 8, 5, 7, 6, 9, 6, 3, 6, 8, 9, 4, 9, 5, 6, 9, 6, 10, 8, 6, 5, 5, 7, 4, 8, 5, 6, 8, 10, 3, 8, 6, 10, 8, 10, 8, 4, 6, 8, 10, 9, 6, 3, 8, 7]
A_32 47.980000000000004 A 32 [2, 5, 4, 5, 6, 1, 5, 1, 3, 1, 5, 2, 5, 2, 3, 3, 3, 5, 1, 5, 4, 2, 2, 2, 5, 4, 6, 6, 1, 1, 2, 4, 2, 1, 4, 1, 1, 2, 1, 1, 5, 5, 3, 4, 2, 6, 3, 3, 3, 4, 2, 6, 1, 3, 3, 5, 1, 4, 2, 2, 3, 5, 2, 1, 4, 5, 3, 2, 1, 2, 1, 1, 4, 4, 5, 3, 1, 1, 5, 3] [6, 9, 7, 8, 8, 5, 9, 5, 5, 4, 9, 6, 9, 4, 6, 6, 7, 7, 3, 7, 8, 6, 5, 4, 9, 6, 8, 10, 4, 3, 5, 7, 6, 5, 8, 4, 5, 6, 3, 5, 7, 9, 5, 8, 6, 9, 5, 7, 7, 8, 5, 10, 3, 7, 7, 8, 5, 6, 4, 4, 5, 9, 6, 4, 8, 8, 7, 4, 3, 4, 5, 4, 7, 8, 9, 6, 3, 3, 8, 5]
A_33 50.28 A 33 [1, 3, 5, 3, 1, 3, 5, 6, 1, 3, 4, 6, 1, 6, 3, 3, 2, 2, 5, 2, 1, 2, 2, 4, 2, 4, 2, 4, 5, 5, 5, 4, 1, 1, 6, 3, 6, 6, 4, 3, 6, 3, 5, 1, 4, 4, 3, 4, 1, 1, 2, 6, 6, 1, 2, 4, 1, 6, 3, 2, 5, 1, 4, 6, 4, 1, 5, 5, 3, 5, 6, 5, 4, 1, 5, 1, 3, 2, 2, 5] [4, 6, 9, 6, 3, 5, 9, 10, 3, 5, 8, 9, 3, 8, 6, 7, 6, 4, 8, 4, 4, 5, 6, 6, 4, 7, 5, 8, 7, 7, 8, 7, 5, 5, 10, 6, 9, 9, 7, 5, 10, 7, 8, 5, 7, 6, 5, 8, 3, 4, 4, 8, 9, 3, 4, 8, 5, 10, 5, 4, 7, 3, 7, 9, 6, 5, 8, 9, 7, 9, 9, 8, 7, 3, 9, 4, 6, 4, 5, 7]
A_34 51.96 A 34 [5, 6, 2, 2, 2, 6, 6, 3, 3, 4, 5, 4, 4, 1, 5, 3, 5, 1, 6, 5, 3, 5, 3, 2, 1, 4, 2, 3, 5, 2, 2, 2, 4, 6, 4, 3, 3, 4, 1, 5, 5, 2, 5, 2, 6, 4, 2, 3, 3, 6, 1, 5, 1, 3, 3, 5, 3, 5, 4, 6, 5, 5, 3, 5, 2, 6, 4, 4, 5, 1, 6, 1, 1, 4, 3, 2, 2, 5, 5, 4] [7, 10, 4, 6, 6, 8, 10, 5, 5, 6, 9, 6, 6, 3, 8, 7, 7, 4, 10, 7, 5, 9, 7, 5, 5, 8, 5, 7, 7, 4, 4, 5, 8, 10, 6, 7, 5, 7, 5, 7, 8, 4, 9, 5, 9, 8, 5, 7, 7, 8, 3, 7, 5, 6, 6, 7, 6, 7, 8, 10, 7, 8, 6, 8, 6, 9, 8, 8, 8, 4, 10, 5, 5, 6, 7, 6, 4, 7, 9, 7]
A_35 52.96 A 35 [3, 3, 2, 2, 3, 4, 5, 5, 5, 6, 4, 6, 3, 2, 1, 6, 5, 3, 6, 3, 5, 4, 2, 4, 4, 5, 2, 4, 2, 1, 3, 1, 1, 3, 3, 6, 1, 2, 2, 6, 2, 1, 1, 3, 5, 1, 1, 3, 5, 5, 5, 5, 3, 5, 4, 2, 5, 2, 2, 2, 3, 2, 3, 4, 6, 2, 5, 2, 2, 3, 3, 2, 6, 1, 4, 4, 1, 4, 6, 4] [6, 6, 6, 6, 5, 8, 8, 9, 8, 9, 8, 8, 6, 5, 3, 10, 9, 6, 10, 5, 7, 8, 4, 8, 8, 7, 6, 8, 6, 3, 7, 4, 4, 6, 7, 9, 3, 5, 6, 8, 5, 3, 5, 6, 8, 5, 4, 7, 7, 8, 8, 7, 5, 9, 7, 5, 7, 4, 4, 6, 6, 6, 6, 6, 8, 6, 7, 6, 4, 6, 5, 4, 10, 4, 7, 7, 3, 6, 8, 8]
A_36 55.97 A 36 [6, 1, 1, 2, 2, 3, 4, 4, 4, 4, 4, 3, 3, 2, 6, 1, 6, 1, 2, 6, 1, 1, 1, 1, 3, 3, 2, 6, 4, 3, 5, 5, 1, 6, 3, 1, 1, 6, 6, 4, 3, 4, 3, 2, 3, 6, 2, 4, 6, 2, 6, 5, 4, 5, 4, 1, 5, 5, 6, 4, 3, 3, 6, 2, 1, 1, 5, 6, 1, 5, 4, 2, 3, 4, 6, 6, 2, 1, 3, 6] [10, 3, 4, 5, 6, 7, 8, 6, 8, 6, 6, 7, 7, 4, 10, 4, 8, 4, 6, 9, 4, 5, 5, 3, 5, 6, 4, 9, 6, 6, 7, 8, 5, 9, 5, 3, 3, 9, 10, 7, 6, 6, 6, 5, 6, 10, 6, 8, 8, 6, 9, 9, 7, 9, 6, 4, 9, 7, 10, 7, 5, 7, 9, 5, 3, 4, 9, 10, 3, 7, 7, 6, 5, 7, 10, 9, 4, 5, 5, 10]
A_37 58.19 A 37 [5, 5, 5, 2, 4, 4, 4, 3, 6, 4, 4, 2, 2, 6, 5, 1, 1, 2, 3, 3, 4, 5, 1, 3, 2, 1, 6, 3, 1, 1, 4, 2, 2, 6, 4, 2, 6, 3, 3, 5, 1, 2, 5, 4, 6, 4, 3, 2, 2, 4, 1, 1, 6, 6, 2, 4, 1, 1, 2, 6, 1, 2, 5, 4, 4, 4, 3, 5, 4, 6, 5, 6, 2, 4, 4, 3, 3, 4, 3, 3] [8, 7, 8, 5, 6, 7, 8, 5, 10, 7, 8, 5, 6, 10, 8, 5, 5, 4, 6, 6, 7, 9, 4, 6, 5, 4, 10, 7, 4, 5, 6, 5, 6, 9, 7, 5, 9, 7, 5, 9, 5, 6, 9, 6, 9, 7, 7, 6, 4, 8, 5, 4, 9, 10, 5, 6, 3, 3, 6, 9, 5, 5, 8, 8, 6, 6, 7, 7, 6, 10, 8, 8, 5, 8, 7, 5, 5, 6, 5, 6]
A_38 59.769999999999996 A 38 [6, 5, 6, 5, 1, 1, 4, 5, 6, 1, 2, 4, 5, 2, 2, 2, 6, 3, 4, 2, 2, 3, 5, 5, 1, 3, 6, 6, 3, 3, 3, 4, 1, 4, 1, 2, 6, 3, 6, 5, 4, 6, 4, 2, 3, 5, 6, 6, 5, 4, 2, 4, 1, 3, 6, 3, 5, 5, 3, 1, 5, 3, 2, 6, 2, 5, 4, 6, 5, 5, 1, 3, 2, 1, 1, 6, 6, 5, 4, 1] [8, 9, 10, 7, 4, 4, 7, 8, 10, 3, 6, 7, 8, 6, 4, 5, 9, 6, 6, 5, 5, 6, 8, 8, 3, 6, 9, 8, 5, 5, 6, 7, 3, 7, 5, 6, 10, 5, 9, 8, 8, 8, 6, 5, 5, 8, 8, 8, 9, 7, 4, 8, 3, 5, 9, 7, 7, 8, 6, 5, 7, 5, 4, 8, 6, 8, 7, 9, 7, 7, 5, 6, 5, 5, 5, 8, 8, 9, 8, 4]
A_39 61.13999999999999 A 39 [5, 1, 5, 1, 2, 3, 1, 3, 3, 1, 4, 2, 1, 2, 4, 4, 2, 2, 4, 4, 3, 2, 3, 2, 3, 6, 1, 4, 4, 3, 5, 2, 1, 3, 5, 6, 4, 5, 5, 6, 2, 6, 6, 5, 3, 1, 3, 2, 6, 1, 3, 3, 2, 2, 2, 4, 6, 1, 4, 2, 6, 6, 6, 5, 3, 5, 5, 5, 6, 1, 2, 4, 3, 2, 1, 3, 5, 6, 5, 2] [9, 3, 8, 5, 5, 7, 3, 7, 6, 3, 6, 6, 4, 5, 6, 8, 5, 5, 6, 6, 7, 4, 5, 5, 7, 10, 4, 8, 6, 7, 8, 6, 5, 5, 7, 8, 7, 9, 8, 10, 4, 9, 10, 8, 6, 3, 7, 4, 8, 4, 5, 7, 5, 6, 4, 7, 9, 5, 7, 4, 9, 10, 9, 8, 6, 9, 7, 7, 8, 4, 4, 6, 6, 5, 3, 5, 7, 8, 8, 5]
B_0 2.15 B 40 [1, 2, 3, 2, 1, 6, 4, 1, 2, 2, 2, 1, 1, 5, 6, 3, 4, 3, 3, 4, 2, 1, 4, 3, 6, 4, 5, 1, 3, 4, 2, 5, 5, 6, 5, 2, 3, 1, 4, 2, 2, 2, 6, 5, 6, 6, 4, 4, 1, 4, 2, 4, 6, 3, 1, 3, 1, 4, 3, 1, 4, 6, 3, 4, 3, 1, 3, 5, 3, 4, 2, 4, 6, 5, 1, 5, 3, 5, 5, 1] [5, 5, 6, 5, 5, 8, 8, 5, 4, 5, 4, 5, 4, 9, 10, 5, 8, 5, 6, 8, 6, 5, 7, 7, 9, 6, 9, 3, 6, 7, 4, 9, 7, 10, 8, 5, 6, 5, 8, 4, 4, 5, 8, 8, 9, 8, 8, 8, 4, 6, 6, 8, 8, 7, 3, 7, 5, 6, 5, 4, 7, 9, 5, 6, 6, 5, 6, 9, 6, 6, 4, 8, 9, 9, 4, 7, 6, 7, 7, 3]
B_1 3.15 B 41 [3, 6, 4, 4, 1, 4, 3, 1, 2, 2, 2, 5, 3, 1, 6, 3, 3, 4, 1, 4, 4, 6, 2, 4, 1, 5, 5, 5, 1, 2, 6, 2, 5, 3, 2, 1, 4, 2, 6, 6, 2, 6, 5, 2, 3, 4, 2, 1, 1, 5, 2, 1, 1, 3, 5, 2, 3, 2, 6, 1, 6, 1, 4, 6, 3, 3, 3, 6, 5, 2, 2, 6, 2, 1, 5, 4, 4, 5, 1, 3] [6, 9, 7, 7, 3, 6, 7, 3, 4, 6, 6, 7, 5, 3, 8, 5, 7, 7, 3, 7, 7, 9, 5, 7, 3, 9, 9, 9, 3, 4, 9, 6, 9, 7, 4, 3, 6, 6, 8, 9, 5, 10, 7, 5, 6, 8, 6, 4, 3, 9, 6, 5, 5, 5, 7, 4, 5, 5, 10, 5, 9, 3, 8, 8, 6, 7, 5, 8, 9, 5, 6, 8, 5, 4, 9, 6, 8, 8, 4, 5]
B_2 5.890000000000001 B 42 [4, 2, 2, 5, 5, 1, 3, 6, 5, 6, 4, 6, 2, 4, 1, 2, 6, 2, 3, 6, 5, 2, 2, 3, 5, 5, 1, 6, 1, 5, 6, 1, 3, 5, 5, 1, 3, 5, 4, 6, 6, 5, 6, 5, 2, 4, 4, 6, 2, 5, 5, 4, 4, 5, 5, 4, 5, 4, 4, 4, 4, 5, 3, 6, 3, 1, 2, 2, 6, 6, 1, 5, 6, 4, 3, 5, 3, 6, 2, 2] [7, 6, 6, 8, 7, 4, 5, 8, 8, 8, 6, 10, 6, 8, 4, 6, 8, 4, 7, 10, 8, 4, 5, 7, 8, 7, 4, 8, 4, 8, 8, 3, 5, 8, 9, 5, 6, 9, 6, 10, 8, 7, 8, 9, 4, 6, 6, 9, 5, 9, 8, 7, 6, 7, 9, 8, 9, 6, 8, 8, 8, 8, 6, 8, 7, 4, 6, 4, 8, 8, 5, 8, 10, 7, 5, 7, 7, 8, 6, 5]
B_3 7.250000000000001 B 43 [2, 6, 4, 3, 1, 2, 5, 6, 6, 4, 2, 2, 6, 5, 5, 4, 3, 4, 6, 3, 6, 2, 2, 1, 3, 2, 1, 5, 6, 3, 4, 2, 4, 1, 2, 3, 2, 4, 2, 5, 5, 2, 5, 2, 3, 3, 5, 3, 5, 6, 6, 5, 4, 6, 5, 6, 3, 1, 6, 3, 6, 3, 1, 4, 1, 2, 4, 6, 4, 2, 1, 4, 1, 1, 5, 1, 6, 6, 4, 3] [6, 9, 6, 6, 3, 5, 8, 8, 10, 6, 5, 6, 9, 9, 7, 7, 5, 7, 8, 7, 8, 4, 6, 3, 6, 6, 3, 9, 8, 7, 6, 6, 8, 5, 5, 6, 5, 6, 5, 8, 8, 5, 9, 6, 7, 6, 8, 7, 9, 10, 9, 9, 7, 9, 9, 10, 6, 4, 9, 7, 8, 6, 4, 8, 4, 4, 6, 8, 8, 6, 3, 8, 3, 4, 9, 3, 9, 10, 7, 6]
B_4 8.25 B 44 [1, 3, 2, 1, 1, 5, 1, 6, 3, 6, 2, 5, 5, 1, 4, 2, 1, 3, 5, 6, 6, 3, 5, 1, 6, 1, 4, 1, 3, 1, 4, 5, 2, 4, 6, 5, 3, 6, 3, 3, 6, 3, 2, 3, 2, 5, 3, 4, 3, 3, 5, 4, 5, 2, 1, 6, 2, 1, 6, 4, 2, 1, 4, 3, 4, 5, 5, 4, 5, 4, 3, 2, 4, 3, 5, 6, 1, 1, 4, 5] [4, 5, 4, 4, 5, 8, 3, 8, 5, 10, 5, 8, 9, 5, 6, 5, 5, 5, 7, 9, 8, 5, 8, 3, 8, 4, 6, 3, 7, 4, 7, 8, 6, 7, 9, 8, 6, 9, 5, 6, 9, 6, 4, 7, 5, 8, 7, 6, 7, 7, 7, 7, 8, 4, 3, 10, 5, 4, 9, 8, 4, 5, 7, 7, 8, 7, 9, 8, 8, 7, 6, 6, 8, 6, 7, 8, 3, 5, 8, 7]
B_5 9.25 B 45 [2, 2, 1, 2, 1, 1, 4, 5, 4, 1, 5, 3, 3, 5, 5, 2, 6, 4, 1, 4, 2, 6, 2, 4, 3, 6, 3, 4, 3, 6, 3, 6, 6, 4, 4, 1, 6, 4, 5, 1, 6, 4, 4, 3, 5, 2, 6, 3, 1, 3, 3, 1, 3, 4, 1, 2, 6, 3, 6, 1, 1, 3, 5, 6, 5, 1, 3, 4, 2, 2, 3, 1, 3, 2, 4, 2, 5, 3, 2, 3] [4, 6, 3, 4, 4, 5, 6, 8, 7, 3, 7, 7, 6, 9, 7, 4, 9, 6, 5, 7, 4, 9, 4, 6, 6, 8, 5, 6, 5, 10, 5, 9, 9, 6, 8, 5, 10, 7, 8, 3, 8, 8, 6, 6, 8, 4, 9, 7, 3, 6, 6, 3, 5, 8, 4, 4, 9, 7, 10, 4, 4, 7, 9, 10, 7, 5, 7, 7, 5, 5, 5, 3, 6, 6, 7, 6, 9, 6, 5, 7]
B_6 10.25 B 46 [4, 6, 6, 3, 4, 1, 2, 5, 1, 3, 2, 1, 5, 3, 3, 2, 1, 1, 1, 3, 2, 4, 2, 2, 6, 3, 3, 6, 6, 5, 3, 1, 3, 3, 2, 1, 2, 3, 6, 3, 4, 2, 4, 5, 3, 6, 6, 5, 3, 2, 2, 3, 1, 3, 4, 2, 2, 4, 1, 2, 5, 6, 4, 5, 2, 2, 6, 2, 5, 1, 2, 5, 1, 6, 3, 6, 2, 4, 5, 4] [7, 9, 10, 5, 6, 4, 6, 9, 3, 6, 4, 4, 8, 5, 7, 4, 4, 3, 4, 5, 4, 8, 6, 4, 9, 6, 5, 10, 10, 7, 6, 4, 5, 5, 5, 4, 6, 7, 8, 7, 8, 6, 6, 8, 7, 9, 8, 8, 5, 6, 4, 7, 3, 6, 8, 6, 5, 8, 5, 6, 9, 8, 6, 7, 6, 4, 8, 5, 8, 3, 4, 7, 3, 10, 6, 10, 5, 6, 7, 6]
B_7 11.46 B 47 [2, 1, 5, 4, 2, 3, 6, 5, 2, 5, 5, 4, 1, 1, 4, 4, 5, 2, 3, 2, 3, 6, 2, 5, 4, 3, 6, 3, 5, 3, 5, 6, 3, 4, 3, 3, 4, 2, 6, 2, 4, 1, 6, 3, 4, 3, 5, 4, 3, 3, 3, 5, 4, 3, 1, 3, 2, 2, 1, 5, 3, 2, 1, 4, 6, 4, 6, 6, 3, 4, 5, 4, 2, 5, 5, 3, 6, 3, 4, 6] [6, 5, 8, 6, 4, 6, 8, 9, 6, 8, 8, 6, 5, 4, 7, 8, 8, 6, 6, 4, 6, 9, 6, 9, 7, 7, 8, 7, 9, 7, 8, 9, 7, 8, 7, 7, 8, 6, 8, 4, 8, 4, 9, 7, 6, 7, 8, 8, 7, 5, 7, 7, 8, 5, 4, 6, 4, 4, 5, 9, 5, 5, 4, 8, 8, 6, 10, 9, 5, 8, 8, 6, 5, 9, 9, 7, 9, 5, 6, 8]
B_8 13.8 B 48 [6, 4, 3, 6, 1, 2, 5, 5, 4, 2, 2, 6, 6, 4, 6, 5, 1, 3, 2, 2, 1, 4, 5, 4, 3, 4, 5, 4, 5, 2, 1, 1, 3, 1, 3, 5, 6, 2, 5, 6, 1, 1, 2, 5, 3, 1, 3, 3, 4, 1, 2, 6, 2, 6, 1, 3, 3, 2, 3, 3, 3, 1, 2, 3, 3, 2, 2, 4, 3, 2, 3, 3, 4, 5, 4, 4, 2, 1, 3, 5] [10, 6, 7, 10, 3, 4, 9, 9, 6, 4, 4, 8, 9, 7, 8, 9, 4, 6, 5, 4, 4, 8, 9, 8, 6, 6, 7, 8, 8, 6, 3, 5, 7, 3, 7, 7, 8, 4, 9, 8, 4, 3, 5, 9, 7, 3, 5, 7, 8, 3, 6, 10, 5, 8, 3, 7, 7, 6, 5, 6, 6, 5, 4, 5, 5, 5, 5, 8, 7, 6, 5, 7, 7, 7, 6, 6, 6, 5, 6, 7]
B_9 16.380000000000003 B 49 [6, 2, 1, 6, 3, 6, 5, 1, 5, 2, 2, 2, 5, 2, 5, 1, 3, 6, 6, 3, 5, 1, 2, 1, 5, 3, 1, 4, 2, 2, 3, 2, 4, 1, 6, 5, 2, 4, 4, 1, 4, 5, 5, 6, 3, 3, 2, 3, 1, 1, 4, 4, 4, 2, 2, 3, 4, 4, 6, 1, 1, 2, 6, 1, 4, 4, 3, 5, 6, 5, 5, 3, 6, 6, 2, 3, 1, 3, 3, 2] [8, 5, 4, 9, 5, 8, 7, 5, 8, 4, 5, 4, 9, 4, 9, 5, 6, 8, 8, 6, 7, 5, 6, 5, 9, 5, 4, 7, 5, 6, 5, 6, 8, 4, 8, 8, 6, 8, 7, 4, 6, 9, 9, 10, 7, 6, 6, 5, 3, 3, 8, 8, 6, 4, 4, 7, 8, 8, 8, 5, 3, 4, 8, 4, 8, 7, 6, 9, 10, 9, 7, 6, 10, 10, 4, 7, 5, 6, 6, 6]
B_10 17.380000000000003 B 50 [6, 2, 5, 2, 6, 6, 5, 2, 6, 1, 6, 2, 6, 4, 5, 1, 5, 3, 2, 4, 4, 3, 4, 4, 4, 3, 1, 4, 5, 5, 3, 6, 2, 2, 1, 5, 6, 1, 2, 3, 2, 2, 5, 6, 5, 3, 2, 3, 2, 4, 4, 6, 2, 5, 4, 4, 5, 4, 4, 1, 5, 5, 3, 4, 5, 2, 3, 1, 1, 2, 5, 5, 1, 4, 4, 4, 3, 3, 2, 6] [10, 6, 8, 4, 10, 8, 8, 6, 9, 4, 8, 5, 9, 7, 9, 4, 7, 5, 5, 6, 6, 5, 8, 7, 6, 5, 3, 8, 9, 8, 5, 9, 5, 4, 3, 8, 9, 5, 4, 5, 6, 6, 8, 9, 7, 6, 4, 7, 6, 8, 7, 8, 4, 9, 8, 6, 8, 6, 8, 5, 8, 9, 6, 7, 9, 4, 5, 3, 3, 5, 8, 8, 4, 7, 6, 8, 7, 7, 5, 9]
B_11 18.380000000000003 B 51 [4, 1, 2, 2, 5, 3, 5, 3, 3, 3, 1, 2, 2, 2, 1, 1, 5, 1, 2, 4, 3, 6, 2, 1, 6, 3, 2, 4, 6, 5, 4, 2, 6, 6, 5, 5, 5, 1, 4, 3, 4, 1, 4, 5, 4, 1, 3, 5, 6, 4, 6, 5, 4, 5, 6, 5, 3, 1, 3, 2, 5, 4, 2, 1, 1, 2, 4, 5, 4, 6, 5, 4, 1, 5, 5, 2, 1, 2, 3, 5] [8, 4, 5, 5, 7, 5, 8, 6, 5, 7, 4, 6, 4, 4, 5, 5, 7, 5, 6, 6, 7, 9, 5, 5, 8, 5, 4, 8, 9, 7, 6, 6, 10, 8, 7, 7, 9, 4, 8, 7, 8, 5, 7, 9, 7, 3, 7, 7, 10, 8, 8, 7, 6, 7, 8, 9, 6, 5, 6, 4, 9, 7, 6, 3, 3, 4, 8, 9, 8, 9, 7, 8, 4, 8, 8, 5, 5, 4, 7, 9]
B_12 24.17 B 52 [1, 4, 3, 2, 1, 2, 3, 6, 3, 6, 1, 6, 3, 6, 1, 4, 5, 1, 5, 3, 1, 5, 3, 1, 3, 3, 4, 6, 4, 2, 3, 6, 1, 6, 1, 3, 4, 6, 1, 2, 6, 1, 4, 4, 5, 3, 1, 4, 2, 4, 2, 4, 6, 2, 1, 4, 5, 4, 6, 3, 3, 5, 6, 1, 2, 2, 6, 5, 2, 3, 6, 5, 5, 1, 3, 6, 5, 5, 4, 6] [5, 6, 6, 5, 5, 4, 5, 8, 6, 9, 3, 10, 6, 8, 3, 8, 7, 3, 9, 6, 5, 7, 6, 3, 6, 5, 8, 10, 8, 6, 5, 10, 3, 9, 5, 5, 7, 9, 3, 5, 8, 5, 6, 7, 8, 5, 3, 8, 5, 6, 4, 6, 10, 6, 4, 8, 7, 7, 9, 7, 7, 9, 8, 3, 4, 4, 8, 8, 4, 7, 10, 8, 8, 5, 7, 9, 9, 9, 6, 8]
B_13 26.0 B 53 [1, 3, 4, 5, 3, 3, 3, 6, 3, 3, 4, 1, 3, 5, 3, 3, 4, 5, 5, 3, 3, 2, 3, 5, 1, 1, 6, 5, 3, 5, 1, 4, 3, 1, 3, 5, 5, 6, 3, 2, 3, 3, 5, 6, 2, 4, 3, 3, 6, 2, 5, 5, 2, 5, 2, 2, 6, 2, 1, 5, 4, 4, 1, 2, 6, 2, 1, 5, 1, 6, 3, 5, 3, 2, 1, 5, 3, 3, 1, 5] [4, 7, 6, 9, 7, 5, 5, 8, 7, 7, 6, 5, 7, 9, 7, 6, 6, 9, 9, 7, 5, 4, 6, 7, 5, 3, 9, 8, 6, 7, 5, 8, 7, 3, 6, 9, 9, 10, 5, 6, 7, 5, 7, 9, 4, 8, 6, 5, 8, 4, 9, 7, 6, 8, 6, 4, 9, 5, 5, 9, 8, 6, 4, 5, 10, 6, 5, 9, 3, 9, 6, 9, 7, 5, 3, 7, 5, 7, 3, 9]
B_14 27.0 B 54 [6, 2, 6, 4, 2, 5, 3, 3, 1, 4, 5, 1, 6, 6, 1, 3, 5, 6, 4, 2, 4, 2, 2, 6, 6, 1, 2, 4, 3, 4, 3, 4, 3, 2, 3, 4, 4, 2, 6, 2, 1, 5, 5, 5, 1, 1, 4, 1, 1, 2, 4, 6, 1, 2, 3, 2, 3, 1, 5, 6, 5, 5, 4, 5, 6, 3, 2, 4, 6, 4, 5, 2, 4, 4, 1, 1, 4, 2, 3, 2] [8, 5, 10, 6, 6, 8, 7, 7, 3, 6, 9, 4, 9, 9, 4, 5, 9, 8, 6, 4, 8, 5, 6, 8, 9, 5, 6, 6, 6, 8, 7, 6, 7, 4, 6, 7, 6, 5, 9, 4, 3, 7, 9, 9, 3, 4, 8, 4, 3, 4, 8, 8, 4, 6, 5, 5, 5, 4, 8, 10, 9, 8, 6, 9, 9, 6, 5, 6, 9, 6, 8, 4, 6, 8, 3, 4, 8, 6, 7, 4]
B_15 28.0 B 55 [1, 5, 2, 1, 4, 2, 5, 1, 5, 3, 4, 2, 2, 6, 2, 6, 6, 4, 2, 5, 4, 2, 2, 1, 3, 2, 3, 6, 4, 4, 1, 1, 5, 4, 5, 2, 1, 4, 3, 4, 3, 2, 4, 6, 6, 2, 2, 3, 3, 3, 4, 5, 4, 2, 2, 2, 3, 6, 2, 5, 6, 4, 4, 5, 1, 1, 2, 1, 1, 1, 6, 1, 2, 2, 1, 4, 2, 5, 2, 5] [4, 7, 5, 4, 7, 5, 7, 5, 8, 5, 7, 6, 6, 8, 4, 10, 10, 8, 4, 8, 8, 4, 6, 4, 6, 5, 5, 9, 7, 8, 3, 5, 8, 8, 7, 5, 4, 6, 7, 7, 7, 4, 8, 10, 10, 4, 6, 6, 7, 7, 6, 9, 8, 4, 5, 6, 5, 10, 4, 8, 9, 6, 8, 9, 3, 4, 4, 5, 3, 3, 8, 5, 4, 6, 4, 7, 6, 7, 4, 8]
B_16 34.32 B 56 [4, 1, 3, 3, 2, 3, 1, 3, 3, 5, 5, 2, 1, 5, 4, 4, 4, 6, 6, 3, 6, 1, 2, 2, 1, 2, 1, 3, 6, 5, 1, 1, 1, 1, 3, 5, 5, 1, 5, 6, 1, 3, 5, 3, 2, 6, 2, 2, 3, 4, 5, 3, 5, 6, 3, 3, 6, 6, 3, 4, 5, 5, 1, 6, 4, 3, 6, 3, 1, 6, 2, 4, 6, 5, 1, 6, 1, 2, 6, 4] [7, 3, 7, 7, 6, 5, 5, 5, 5, 8, 7, 4, 4, 9, 6, 6, 6, 8, 9, 5, 9, 3, 6, 5, 5, 4, 3, 5, 9, 8, 4, 5, 5, 5, 6, 7, 9, 3, 7, 9, 5, 5, 9, 6, 5, 9, 5, 4, 7, 8, 8, 6, 7, 9, 5, 5, 10, 9, 6, 6, 9, 7, 3, 10, 6, 7, 9, 5, 5, 10, 6, 6, 8, 7, 4, 9, 3, 4, 10, 7]
B_17 36.68 B 57 [6, 2, 5, 1, 1, 2, 4, 2, 5, 6, 3, 4, 2, 4, 5, 2, 3, 4, 6, 5, 6, 5, 1, 5, 6, 3, 1, 2, 4, 4, 3, 4, 4, 6, 5, 2, 5, 1, 5, 1, 4, 2, 4, 1, 1, 3, 4, 2, 2, 4, 4, 1, 4, 2, 1, 6, 6, 4, 1, 2, 6, 6, 2, 6, 2, 3, 1, 2, 4, 2, 1, 2, 5, 2, 6, 2, 1, 2, 6, 6] [9, 5, 9, 4, 4, 6, 6, 5, 7, 10, 5, 8, 4, 6, 7, 5, 6, 7, 10, 8, 8, 7, 4, 9, 9, 7, 3, 4, 6, 7, 6, 7, 6, 10, 7, 4, 7, 3, 8, 5, 6, 5, 6, 4, 4, 7, 8, 4, 6, 8, 6, 5, 7, 5, 4, 10, 9, 7, 4, 6, 9, 9, 6, 10, 5, 6, 5, 6, 8, 6, 3, 5, 8, 5, 9, 6, 3, 6, 9, 10]
B_18 37.68 B 58 [3, 4, 1, 5, 2, 5, 5, 1, 1, 5, 2, 6, 3, 4, 4, 5, 4, 2, 4, 1, 4, 6, 2, 5, 6, 2, 2, 5, 2, 1, 1, 1, 2, 3, 4, 2, 6, 2, 3, 4, 3, 6, 4, 6, 6, 6, 1, 1, 3, 6, 4, 3, 6, 1, 5, 2, 3, 1, 1, 4, 5, 2, 2, 3, 1, 1, 4, 3, 6, 2, 3, 4, 4, 2, 2, 4, 5, 6, 3, 2] [7, 8, 3, 7, 5, 7, 8, 4, 5, 7, 6, 8, 6, 8, 8, 8, 7, 4, 7, 3, 8, 9, 6, 7, 10, 6, 4, 7, 4, 4, 3, 4, 4, 5, 8, 4, 10, 6, 6, 7, 5, 10, 8, 9, 9, 10, 5, 5, 5, 8, 8, 6, 9, 5, 8, 4, 6, 4, 5, 6, 7, 6, 4, 5, 5, 3, 6, 5, 9, 4, 6, 8, 6, 4, 6, 7, 9, 9, 7, 5]
B_19 41.01 B 59 [1, 5, 1, 4, 4, 5, 5, 4, 5, 2, 6, 4, 6, 1, 1, 5, 6, 6, 6, 1, 1, 5, 4, 6, 3, 5, 3, 1, 5, 4, 3, 4, 2, 2, 6, 2, 4, 6, 1, 2, 1, 1, 4, 3, 4, 1, 2, 5, 3, 1, 1, 2, 3, 5, 6, 5, 4, 2, 4, 5, 2, 4, 5, 2, 1, 4, 4, 4, 2, 4, 1, 5, 5, 6, 3, 6, 2, 4, 6, 6] [3, 7, 4, 7, 6, 8, 8, 6, 7, 5, 10, 7, 10, 3, 5, 9, 10, 9, 9, 3, 3, 8, 6, 9, 7, 9, 7, 3, 8, 6, 5, 8, 4, 4, 10, 6, 7, 9, 5, 4, 4, 5, 8, 7, 8, 4, 6, 9, 6, 5, 5, 4, 7, 9, 10, 8, 6, 6, 6, 7, 5, 6, 7, 5, 4, 6, 7, 6, 4, 8, 3, 9, 9, 10, 7, 8, 6, 8, 9, 10]
B_20 42.01 B 60 [1, 2, 3, 5, 3, 2, 5, 3, 3, 4, 2, 4, 3, 2, 3, 2, 5, 4, 5, 5, 5, 4, 3, 2, 3, 6, 4, 3, 6, 2, 5, 2, 3, 5, 5, 3, 3, 1, 5, 6, 4, 6, 4, 6, 2, 1, 5, 3, 3, 1, 5, 5, 3, 4, 5, 6, 5, 6, 5, 2, 3, 1, 6, 5, 3, 4, 2, 2, 4, 6, 4, 3, 1, 1, 5, 4, 1, 2, 3, 2] [5, 4, 5, 9, 7, 6, 9, 6, 5, 7, 6, 6, 6, 5, 6, 4, 8, 8, 9, 8, 8, 7, 6, 5, 6, 10, 6, 7, 9, 6, 9, 5, 5, 7, 7, 6, 5, 5, 7, 9, 7, 9, 8, 8, 4, 4, 9, 5, 6, 3, 8, 9, 7, 8, 9, 9, 9, 9, 7, 5, 7, 3, 8, 8, 5, 8, 4, 4, 7, 9, 7, 7, 3, 3, 7, 6, 5, 5, 6, 4]
B_21 43.01 B 61 [5, 1, 1, 5, 6, 2, 2, 1, 6, 3, 4, 4, 5, 3, 6, 1, 2, 1, 3, 4, 6, 3, 4, 6, 3, 3, 6, 1, 5, 6, 2, 3, 5, 1, 5, 2, 3, 2, 3, 6, 6, 1, 5, 3, 1, 3, 6, 2, 1, 2, 5, 4, 5, 4, 5, 4, 5, 6, 2, 4, 1, 4, 6, 2, 2, 3, 1, 6, 6, 3, 4, 2, 5, 6, 5, 1, 4, 1, 5, 3] [9, 3, 5, 7, 10, 4, 6, 3, 8, 7, 8, 8, 9, 5, 8, 5, 5, 5, 5, 8, 10, 6, 8, 8, 7, 5, 8, 5, 9, 8, 5, 6, 9, 3, 8, 6, 7, 5, 5, 10, 9, 3, 8, 6, 5, 7, 8, 5, 5, 4, 9, 7, 9, 6, 8, 6, 7, 9, 6, 6, 3, 8, 8, 5, 6, 5, 4, 8, 9, 6, 7, 5, 9, 9, 8, 3, 7, 4, 8, 7]
B_22 48.15 B 62 [5, 4, 1, 3, 4, 2, 4, 4, 4, 3, 2, 6, 2, 4, 4, 4, 5, 3, 6, 1, 6, 2, 5, 3, 1, 5, 5, 4, 5, 1, 2, 5, 2, 4, 3, 3, 6, 5, 2, 6, 3, 4, 3, 1, 4, 5, 4, 1, 2, 6, 3, 2, 6, 1, 4, 4, 1, 2, 2, 5, 6, 6, 4, 3, 2, 3, 4, 3, 4, 3, 3, 5, 4, 2, 6, 4, 1, 6, 1, 5] [9, 7, 3, 6, 8, 5, 8, 6, 7, 5, 6, 10, 5, 8, 6, 8, 9, 7, 8, 5, 9, 4, 7, 5, 5, 8, 8, 6, 9, 3, 5, 8, 6, 7, 6, 6, 9, 8, 4, 9, 5, 8, 6, 4, 7, 9, 6, 4, 4, 8, 6, 6, 8, 4, 6, 8, 3, 6, 4, 7, 8, 8, 8, 7, 5, 7, 8, 7, 7, 7, 5, 9, 7, 5, 10, 6, 3, 8, 3, 7]
B_23 49.15 B 63 [4, 4, 1, 2, 4, 2, 6, 2, 3, 3, 4, 5, 1, 2, 2, 6, 1, 5, 6, 5, 3, 2, 4, 4, 2, 4, 6, 2, 2, 5, 6, 6, 1, 6, 5, 4, 2, 4, 6, 5, 4, 6, 6, 4, 3, 6, 5, 4, 3, 1, 4, 1, 1, 2, 5, 5, 6, 6, 3, 2, 5, 2, 3, 3, 3, 1, 5, 6, 4, 5, 6, 1, 6, 2, 6, 6, 1, 3, 5, 5] [7, 7, 3, 5, 8, 6, 9, 4, 6, 6, 7, 9, 3, 6, 5, 9, 4, 7, 8, 7, 7, 4, 8, 6, 5, 7, 10, 4, 4, 9, 8, 10, 4, 9, 8, 6, 5, 8, 8, 8, 6, 8, 8, 8, 7, 10, 7, 8, 5, 4, 7, 3, 3, 5, 9, 9, 10, 10, 5, 5, 8, 5, 7, 7, 7, 3, 7, 9, 6, 8, 9, 4, 8, 4, 8, 9, 3, 7, 9, 7]
B_24 50.15 B 64 [5, 2, 3, 5, 3, 3, 1, 1, 2, 3, 3, 1, 4, 5, 4, 4, 2, 2, 5, 5, 6, 6, 5, 6, 2, 3, 1, 4, 6, 6, 6, 1, 4, 4, 2, 6, 1, 4, 2, 3, 3, 3, 3, 1, 4, 5, 2, 6, 3, 4, 5, 1, 2, 6, 6, 1, 4, 2, 1, 1, 3, 2, 2, 3, 6, 4, 1, 5, 2, 5, 1, 2, 3, 2, 4, 1, 4, 6, 2, 4] [9, 6, 7, 7, 6, 6, 3, 4, 5, 6, 6, 3, 7, 7, 7, 6, 5, 4, 9, 7, 10, 10, 9, 8, 6, 7, 4, 7, 9, 8, 10, 3, 8, 6, 6, 8, 3, 6, 6, 6, 6, 6, 7, 4, 8, 7, 6, 8, 5, 8, 9, 3, 4, 10, 9, 3, 6, 5, 5, 4, 5, 6, 5, 7, 9, 8, 4, 7, 5, 8, 5, 6, 5, 6, 6, 4, 7, 9, 4, 6]
B_25 51.15 B 65 [1, 1, 1, 5, 4, 5, 6, 2, 3, 1, 4, 3, 5, 3, 6, 2, 5, 1, 3, 5, 5, 6, 1, 6, 2, 2, 1, 5, 5, 2, 1, 5, 5, 1, 6, 2, 1, 4, 5, 5, 1, 3, 1, 2, 5, 1, 2, 4, 2, 4, 2, 2, 2, 2, 3, 1, 3, 3, 1, 4, 4, 3, 3, 1, 4, 2, 3, 2, 6, 4, 4, 6, 2, 3, 3, 4, 4, 4, 4, 3] [5, 4, 5, 9, 8, 8, 8, 5, 7, 3, 6, 6, 9, 5, 10, 5, 8, 3, 7, 7, 8, 8, 4, 10, 6, 6, 5, 7, 7, 6, 5, 8, 8, 5, 9, 6, 4, 6, 8, 9, 5, 7, 4, 4, 7, 5, 4, 6, 5, 7, 4, 4, 4, 6, 6, 4, 7, 6, 3, 6, 8, 5, 7, 3, 8, 6, 6, 6, 10, 8, 8, 8, 6, 5, 5, 6, 7, 6, 8, 6]
B_26 52.15 B 66 [1, 4, 6, 3, 6, 5, 6, 6, 6, 2, 6, 5, 3, 4, 1, 3, 6, 6, 5, 3, 1, 1, 3, 6, 1, 3, 5, 4, 3, 6, 5, 4, 3, 5, 4, 5, 5, 3, 4, 5, 3, 3, 2, 4, 5, 3, 6, 6, 2, 3, 3, 4, 6, 1, 2, 2, 6, 1, 4, 4, 2, 1, 4, 5, 1, 3, 2, 1, 3, 4, 5, 1, 5, 2, 3, 5, 3, 2, 3, 2] [4, 8, 9, 6, 9, 9, 8, 9, 10, 6, 8, 8, 5, 7, 4, 5, 10, 8, 9, 7, 4, 5, 7, 10, 5, 5, 9, 7, 5, 9, 7, 6, 7, 8, 8, 7, 9, 7, 7, 7, 6, 5, 6, 6, 9, 7, 8, 10, 5, 6, 5, 8, 8, 5, 5, 4, 9, 5, 6, 7, 4, 4, 8, 7, 4, 6, 6, 3, 5, 8, 8, 4, 7, 5, 7, 7, 7, 4, 6, 5]
B_27 53.15 B 67 [6, 2, 6, 1, 2, 5, 1, 1, 3, 1, 3, 2, 2, 1, 2, 6, 1, 1, 3, 6, 2, 6, 2, 3, 3, 2, 5, 3, 2, 6, 3, 6, 2, 5, 4, 2, 6, 5, 6, 5, 5, 6, 2, 6, 4, 4, 2, 6, 4, 5, 1, 5, 5, 5, 4, 1, 3, 2, 3, 4, 2, 6, 3, 6, 5, 2, 1, 5, 3, 2, 2, 5, 3, 3, 1, 1, 6, 3, 2, 2] [8, 5, 10, 4, 6, 7, 3, 5, 6, 3, 7, 6, 5, 4, 5, 8, 4, 5, 6, 9, 6, 8, 6, 5, 5, 5, 9, 5, 4, 9, 6, 10, 4, 9, 8, 6, 10, 7, 9, 7, 9, 8, 4, 8, 8, 7, 5, 9, 8, 9, 3, 9, 8, 9, 6, 5, 5, 6, 5, 6, 4, 8, 7, 9, 7, 6, 3, 7, 6, 4, 4, 8, 5, 6, 5, 4, 10, 5, 6, 6]
B_28 54.91 B 68 [1, 4, 5, 2, 3, 5, 3, 6, 1, 4, 1, 5, 6, 4, 6, 6, 1, 5, 5, 6, 2, 6, 4, 2, 4, 3, 4, 3, 4, 1, 2, 4, 1, 3, 5, 2, 1, 4, 5, 6, 3, 5, 6, 4, 5, 2, 5, 3, 3, 6, 1, 4, 2, 1, 6, 1, 1, 4, 6, 2, 4, 6, 4, 4, 2, 6, 3, 3, 3, 6, 4, 6, 4, 6, 5, 2, 3, 2, 6, 5] [3, 8, 8, 6, 5, 9, 5, 9, 3, 8, 4, 7, 9, 7, 10, 9, 4, 7, 7, 8, 4, 10, 7, 6, 8, 5, 7, 5, 7, 3, 5, 8, 3, 7, 8, 4, 3, 6, 7, 8, 6, 9, 8, 8, 8, 5, 8, 5, 7, 10, 3, 8, 4, 3, 9, 3, 5, 8, 9, 4, 7, 9, 7, 6, 5, 10, 5, 6, 7, 8, 7, 9, 7, 10, 7, 4, 6, 6, 9, 9]
B_29 56.059999999999995 B 69 [4, 3, 4, 4, 6, 1, 4, 6, 5, 3, 6, 3, 4, 1, 5, 5, 3, 6, 6, 3, 2, 6, 4, 5, 1, 1, 3, 6, 5, 4, 5, 6, 2, 5, 1, 3, 5, 6, 5, 1, 4, 2, 6, 2, 4, 2, 1, 4, 2, 5, 2, 6, 3, 6, 4, 1, 6, 2, 2, 4, 6, 3, 3, 5, 5, 4, 4, 2, 6, 1, 1, 2, 6, 4, 5, 6, 3, 6, 4, 5] [8, 7, 7, 8, 9, 4, 8, 10, 7, 6, 9, 6, 8, 5, 8, 9, 5, 8, 8, 5, 4, 8, 7, 7, 4, 3, 5, 9, 8, 7, 7, 10, 4, 9, 4, 6, 7, 10, 7, 4, 6, 5, 8, 6, 7, 5, 3, 8, 6, 9, 5, 9, 7, 9, 6, 3, 10, 6, 4, 8, 9, 6, 7, 8, 8, 8, 8, 4, 8, 3, 5, 6, 8, 6, 7, 10, 7, 8, 7, 7]
B_30 57.15 B 70 [5, 4, 1, 2, 3, 4, 4, 3, 1, 3, 5, 3, 2, 1, 6, 4, 2, 5, 2, 3, 1, 4, 4, 4, 6, 4, 3, 5, 6, 3, 6, 4, 1, 6, 6, 3, 4, 5, 1, 2, 2, 2, 1, 1, 3, 3, 2, 5, 3, 5, 5, 5, 6, 3, 5, 6, 2, 1, 3, 1, 4, 4, 3, 6, 1, 4, 5, 2, 4, 1, 1, 4, 4, 3, 6, 6, 1, 5, 2, 4] [7, 8, 3, 4, 6, 6, 6, 6, 4, 5, 7, 6, 5, 5, 10, 8, 4, 9, 6, 5, 3, 7, 8, 6, 8, 6, 6, 9, 10, 5, 10, 8, 5, 9, 10, 5, 7, 8, 5, 4, 4, 6, 5, 3, 6, 5, 4, 8, 5, 7, 8, 7, 10, 6, 8, 8, 6, 3, 6, 3, 7, 7, 5, 9, 5, 8, 8, 4, 7, 5, 4, 7, 7, 5, 10, 8, 5, 7, 4, 8]
B_31 58.15 B 71 [3, 3, 4, 4, 1, 2, 3, 1, 3, 1, 4, 4, 2, 6, 2, 5, 2, 1, 3, 3, 3, 5, 1, 1, 5, 4, 1, 5, 6, 6, 5, 1, 1, 5, 1, 2, 2, 6, 3, 4, 4, 6, 5, 4, 2, 1, 5, 4, 3, 3, 5, 4, 5, 5, 2, 1, 4, 2, 4, 5, 3, 2, 5, 1, 2, 6, 1, 5, 6, 2, 4, 2, 1, 5, 2, 3, 6, 6, 5, 3] [6, 6, 6, 7, 4, 4, 5, 4, 6, 5, 8, 6, 6, 8, 5, 8, 4, 3, 5, 7, 7, 7, 5, 3, 7, 8, 4, 8, 8, 9, 7, 4, 4, 8, 5, 4, 6, 8, 6, 6, 8, 8, 8, 8, 6, 3, 7, 6, 7, 6, 8, 8, 8, 9, 4, 5, 6, 5, 8, 9, 7, 5, 9, 4, 6, 8, 4, 8, 9, 6, 7, 4, 4, 7, 4, 7, 9, 8, 8, 6]
B_32 59.15 B 72 [2, 3, 5, 1, 6, 4, 1, 3, 3, 6, 1, 2, 5, 3, 4, 2, 3, 2, 1, 3, 1, 4, 3, 2, 1, 5, 6, 6, 5, 4, 3, 4, 4, 4, 1, 6, 3, 2, 2, 3, 6, 2, 6, 1, 4, 3, 1, 2, 4, 6, 1, 1, 5, 3, 4, 2, 6, 5, 4, 5, 1, 5, 4, 6, 3, 2, 5, 3, 4, 6, 4, 1, 5, 4, 3, 4, 2, 3, 6, 1] [6, 6, 7, 4, 8, 7, 5, 5, 6, 9, 4, 4, 9, 7, 8, 4, 5, 4, 5, 5, 5, 8, 6, 6, 4, 9, 10, 10, 8, 6, 7, 6, 7, 7, 5, 10, 5, 5, 5, 6, 9, 5, 10, 3, 8, 6, 3, 5, 7, 10, 4, 4, 8, 7, 6, 4, 8, 8, 6, 9, 3, 9, 7, 8, 5, 6, 7, 5, 7, 8, 7, 4, 7, 7, 6, 8, 4, 6, 8, 3]
B_33 60.15 B 73 [2, 4, 3, 6, 1, 2, 4, 5, 4, 5, 3, 6, 6, 2, 4, 1, 1, 4, 3, 3, 6, 3, 4, 6, 6, 6, 3, 5, 2, 2, 1, 5, 4, 1, 4, 1, 4, 4, 1, 2, 5, 1, 4, 1, 3, 2, 6, 5, 5, 6, 4, 5, 1, 2, 4, 2, 5, 2, 2, 6, 1, 6, 2, 2, 2, 3, 2, 3, 6, 4, 3, 5, 4, 6, 3, 5, 5, 1, 3, 2] [4, 8, 5, 9, 4, 6, 8, 9, 6, 7, 7, 9, 10, 4, 7, 5, 4, 7, 5, 5, 8, 5, 7, 9, 9, 8, 7, 7, 4, 4, 3, 8, 8, 3, 6, 4, 7, 8, 5, 5, 9, 4, 7, 4, 6, 6, 10, 9, 7, 10, 7, 8, 5, 5, 8, 6, 7, 5, 4, 10, 3, 9, 5, 4, 6, 5, 5, 6, 10, 6, 5, 7, 7, 10, 6, 9, 8, 5, 5, 4]
B_34 61.15 B 74 [1, 6, 2, 3, 1, 5, 5, 3, 2, 1, 5, 5, 6, 5, 2, 3, 4, 5, 3, 4, 4, 1, 2, 5, 3, 4, 1, 1, 5, 2, 3, 6, 5, 5, 3, 4, 6, 4, 1, 1, 1, 5, 3, 5, 5, 4, 3, 5, 4, 2, 4, 5, 3, 1, 1, 1, 1, 6, 2, 3, 5, 5, 6, 6, 4, 3, 3, 1, 5, 5, 6, 2, 3, 3, 3, 5, 3, 5, 4, 4] [4, 10, 6, 5, 5, 9, 8, 5, 6, 5, 7, 7, 10, 9, 5, 6, 8, 9, 7, 6, 6, 5, 4, 8, 5, 6, 4, 4, 7, 6, 7, 10, 9, 9, 7, 7, 10, 7, 5, 3, 4, 9, 5, 9, 7, 7, 6, 9, 6, 4, 6, 8, 7, 3, 3, 4, 4, 9, 6, 7, 7, 8, 10, 8, 6, 5, 7, 5, 7, 7, 10, 4, 6, 6, 5, 8, 6, 9, 8, 6]
B_35 62.15 B 75 [4, 2, 3, 6, 5, 2, 4, 4, 2, 5, 1, 4, 6, 2, 6, 1, 6, 3, 2, 6, 5, 6, 2, 6, 3, 1, 2, 5, 2, 2, 2, 5, 3, 1, 2, 4, 6, 3, 6, 3, 5, 4, 5, 1, 6, 2, 6, 3, 4, 3, 4, 2, 6, 5, 1, 4, 6, 2, 4, 6, 4, 1, 4, 6, 1, 4, 5, 1, 2, 6, 6, 3, 4, 5, 5, 1, 5, 3, 3, 4] [7, 4, 5, 9, 8, 5, 7, 7, 6, 7, 4, 7, 10, 4, 8, 5, 9, 7, 5, 10, 9, 10, 4, 9, 7, 3, 4, 9, 6, 5, 5, 9, 6, 4, 6, 7, 9, 5, 8, 5, 7, 6, 7, 3, 8, 6, 10, 7, 6, 7, 8, 5, 9, 7, 4, 7, 9, 6, 7, 8, 6, 3, 6, 9, 4, 6, 7, 4, 4, 10, 8, 7, 8, 9, 8, 3, 9, 6, 7, 7]
B_36 63.25 B 76 [2, 5, 2, 4, 2, 3, 1, 3, 1, 2, 2, 6, 5, 2, 5, 3, 6, 3, 6, 1, 5, 3, 2, 1, 5, 1, 4, 3, 2, 4, 4, 4, 1, 3, 2, 1, 2, 3, 6, 5, 3, 4, 3, 6, 1, 5, 2, 6, 2, 1, 3, 1, 5, 3, 4, 2, 1, 1, 5, 2, 1, 4, 1, 1, 4, 4, 3, 6, 3, 3, 1, 6, 2, 5, 3, 5, 5, 1, 5, 1] [6, 9, 6, 6, 6, 7, 4, 6, 4, 4, 6, 10, 7, 4, 7, 7, 8, 5, 9, 4, 7, 5, 4, 4, 7, 3, 7, 7, 6, 6, 8, 6, 3, 6, 4, 3, 4, 5, 8, 7, 6, 8, 7, 9, 3, 9, 5, 9, 6, 5, 7, 5, 9, 5, 8, 6, 3, 3, 9, 6, 5, 7, 3, 3, 7, 7, 7, 10, 6, 7, 5, 9, 4, 8, 6, 9, 8, 3, 8, 4]
B_37 64.25 B 77 [4, 6, 2, 5, 2, 6, 6, 5, 6, 5, 1, 2, 1, 1, 1, 5, 5, 1, 6, 6, 4, 2, 4, 3, 1, 5, 2, 6, 2, 4, 3, 1, 1, 2, 5, 4, 1, 4, 5, 6, 5, 5, 6, 6, 1, 3, 4, 3, 1, 3, 3, 2, 5, 3, 2, 5, 2, 2, 6, 4, 2, 1, 6, 3, 6, 4, 2, 3, 2, 6, 5, 6, 3, 1, 5, 3, 1, 5, 2, 6] [6, 10, 6, 8, 4, 10, 9, 7, 8, 8, 3, 5, 4, 5, 4, 9, 7, 5, 10, 9, 8, 5, 7, 6, 3, 8, 4, 8, 5, 7, 6, 3, 3, 4, 7, 6, 5, 6, 9, 8, 7, 8, 8, 10, 5, 6, 6, 5, 5, 6, 7, 4, 9, 7, 6, 7, 4, 6, 9, 8, 5, 4, 8, 7, 9, 6, 4, 5, 6, 8, 7, 8, 6, 5, 9, 6, 3, 7, 5, 8]
B_38 65.25 B 78 [3, 5, 2, 2, 1, 5, 4, 1, 1, 4, 5, 3, 1, 3, 1, 1, 2, 3, 4, 2, 1, 2, 3, 4, 5, 3, 6, 4, 1, 6, 1, 4, 5, 2, 5, 6, 3, 3, 4, 5, 5, 1, 2, 4, 4, 2, 5, 4, 3, 3, 2, 3, 4, 1, 3, 2, 6, 6, 3, 6, 3, 5, 1, 5, 2, 4, 3, 2, 6, 4, 2, 5, 6, 3, 4, 3, 5, 2, 2, 2] [7, 9, 6, 4, 3, 9, 8, 4, 3, 7, 8, 7, 5, 7, 4, 3, 4, 5, 6, 6, 3, 6, 5, 7, 9, 7, 9, 6, 3, 10, 5, 8, 8, 5, 9, 8, 5, 5, 8, 8, 7, 4, 6, 7, 8, 5, 7, 6, 6, 6, 5, 7, 6, 3, 7, 4, 10, 9, 7, 9, 6, 8, 3, 9, 4, 8, 6, 6, 9, 7, 4, 8, 8, 5, 8, 7, 8, 5, 6, 6]
B_39 66.25 B 79 [3, 5, 5, 5, 4, 5, 5, 6, 2, 3, 1, 6, 5, 1, 5, 1, 5, 6, 6, 3, 6, 4, 4, 1, 5, 4, 6, 5, 5, 2, 1, 4, 3, 5, 4, 4, 6, 3, 1, 2, 1, 3, 2, 3, 5, 3, 4, 6, 5, 2, 6, 5, 6, 5, 2, 5, 4, 6, 2, 6, 2, 3, 5, 5, 4, 3, 2, 2, 5, 5, 4, 3, 1, 2, 4, 4, 1, 6, 2, 4] [7, 9, 9, 7, 6, 8, 8, 9, 6, 7, 3, 8, 8, 4, 7, 4, 8, 8, 10, 7, 8, 7, 7, 5, 7, 8, 9, 8, 8, 6, 4, 7, 5, 7, 7, 8, 10, 6, 4, 5, 3, 5, 5, 6, 7, 7, 6, 8, 7, 6, 9, 9, 8, 9, 4, 8, 7, 10, 5, 10, 4, 7, 7, 7, 6, 6, 5, 6, 9, 7, 8, 6, 3, 4, 6, 7, 4, 8, 6, 6]
