A_0 2.17 A 0 [5, 1, 5, 4, 1, 4, 3, 2, 1, 1, 4, 4, 6, 6, 4, 2, 6, 6, 1, 6, 4, 2, 4, 3, 3, 2, 6, 2, 5, 4, 5, 4, 5, 1, 5, 1, 2, 2, 3, 6, 5, 5, 3, 2, 1, 6, 5, 5, 5, 4, 5, 2, 1, 3, 2, 5, 1, 2, 3, 1, 2, 2, 5, 1, 4, 5, 3, 2, 5, 4, 3, 4, 4, 2, 6, 4, 3, 1, 5, 1] [7, 2, 5, 6, 1, 4, 4, 4, 3, 1, 4, 6, 7, 8, 4, 3, 6, 6, 2, 6, 4, 3, 5, 5, 4, 3, 6, 2, 7, 5, 6, 6, 7, 3, 5, 1, 4, 3, 4, 6, 6, 6, 5, 2, 3, 8, 7, 7, 7, 6, 5, 2, 2, 3, 2, 6, 2, 3, 4, 3, 3, 3, 5, 1, 6, 6, 5, 4, 6, 6, 5, 4, 5, 3, 6, 4, 4, 1, 6, 2]
A_1 3.17 A 1 [1, 4, 2, 3, 2, 4, 1, 1, 2, 4, 2, 1, 6, 6, 1, 2, 6, 3, 4, 1, 4, 4, 6, 4, 2, 1, 2, 5, 3, 6, 5, 4, 6, 5, 6, 4, 4, 1, 2, 5, 1, 3, 4, 3, 5, 6, 3, 6, 5, 6, 1, 5, 1, 3, 2, 1, 1, 3, 1, 3, 4, 1, 2, 5, 6, 1, 6, 4, 2, 1, 5, 6, 6, 6, 6, 3, 6, 5, 3, 2] [2, 6, 3, 5, 2, 5, 2, 2, 4, 4, 3, 3, 7, 7, 3, 4, 7, 5, 6, 1, 4, 6, 8, 4, 2, 3, 2, 5, 5, 7, 5, 5, 7, 7, 6, 5, 6, 2, 2, 7, 2, 3, 5, 5, 6, 7, 4, 6, 6, 8, 3, 6, 3, 5, 4, 1, 1, 4, 1, 4, 5, 3, 3, 5, 6, 2, 7, 4, 3, 3, 6, 7, 7, 6, 8, 3, 8, 7, 3, 4]
A_2 4.17 A 2 [5, 2, 6, 6, 6, 3, 3, 5, 6, 4, 6, 1, 4, 5, 2, 4, 4, 3, 2, 4, 3, 4, 2, 4, 6, 4, 1, 1, 5, 5, 2, 4, 5, 3, 1, 2, 2, 2, 6, 3, 1, 5, 6, 6, 2, 1, 6, 4, 5, 4, 6, 1, 5, 4, 6, 3, 5, 4, 4, 6, 5, 1, 4, 3, 6, 5, 5, 3, 3, 5, 2, 3, 2, 6, 2, 1, 1, 4, 1, 4] [5, 3, 7, 6, 6, 4, 5, 5, 7, 4, 6, 1, 6, 6, 4, 4, 4, 5, 4, 5, 4, 4, 4, 5, 7, 4, 1, 3, 7, 7, 2, 6, 5, 5, 2, 4, 2, 4, 8, 4, 3, 7, 8, 6, 4, 2, 7, 6, 7, 5, 6, 2, 5, 6, 7, 4, 5, 4, 5, 6, 6, 3, 5, 3, 7, 5, 5, 4, 5, 5, 2, 5, 4, 6, 3, 2, 3, 6, 1, 5]
A_3 5.17 A 3 [4, 3, 6, 6, 1, 6, 1, 6, 4, 4, 5, 3, 6, 1, 3, 4, 5, 4, 3, 6, 4, 4, 6, 4, 1, 6, 1, 4, 6, 2, 5, 1, 1, 5, 1, 3, 4, 6, 3, 6, 3, 2, 2, 5, 1, 6, 1, 5, 5, 3, 1, 1, 5, 2, 1, 1, 2, 4, 6, 6, 3, 2, 2, 2, 2, 4, 6, 1, 3, 6, 3, 1, 4, 5, 1, 3, 4, 1, 6, 4] [6, 5, 6, 8, 3, 8, 1, 7, 6, 4, 7, 3, 7, 2, 4, 6, 6, 5, 4, 8, 6, 4, 7, 6, 3, 6, 1, 6, 6, 2, 7, 3, 1, 6, 3, 5, 5, 6, 4, 6, 4, 3, 3, 7, 3, 6, 2, 7, 6, 4, 1, 2, 7, 2, 1, 3, 3, 4, 8, 7, 5, 3, 3, 2, 2, 4, 6, 2, 5, 8, 5, 1, 5, 6, 1, 5, 6, 1, 6, 4]
A_4 6.87 A 4 [1, 2, 6, 1, 1, 3, 3, 4, 1, 5, 1, 1, 1, 6, 1, 2, 5, 3, 2, 5, 2, 2, 2, 5, 4, 6, 3, 4, 1, 6, 6, 2, 3, 6, 5, 3, 4, 2, 4, 4, 5, 6, 1, 3, 2, 4, 1, 6, 5, 1, 4, 3, 4, 3, 5, 4, 6, 6, 3, 6, 3, 5, 2, 3, 4, 2, 1, 5, 3, 6, 4, 1, 2, 6, 6, 5, 4, 1, 5, 4] [1, 2, 6, 3, 1, 5, 3, 4, 2, 7, 2, 1, 3, 6, 1, 4, 7, 5, 3, 6, 2, 4, 3, 5, 5, 7, 4, 4, 1, 8, 8, 2, 5, 6, 5, 3, 5, 3, 5, 6, 5, 8, 3, 3, 4, 5, 1, 8, 6, 1, 5, 3, 4, 3, 5, 4, 7, 8, 3, 8, 4, 7, 4, 3, 4, 3, 2, 5, 4, 7, 6, 1, 2, 7, 7, 5, 4, 1, 6, 6]
A_5 7.87 A 5 [4, 4, 3, 6, 3, 5, 1, 5, 3, 6, 1, 2, 6, 1, 6, 6, 4, 4, 2, 2, 3, 1, 1, 3, 1, 3, 2, 2, 5, 6, 2, 6, 6, 5, 3, 2, 3, 3, 3, 5, 2, 4, 4, 4, 1, 1, 2, 5, 5, 1, 1, 3, 6, 2, 3, 4, 6, 2, 1, 3, 1, 4, 1, 2, 4, 6, 3, 4, 4, 4, 5, 2, 3, 2, 3, 4, 2, 4, 6, 2] [4, 5, 4, 8, 5, 7, 2, 7, 5, 7, 1, 3, 8, 2, 7, 7, 5, 6, 3, 2, 4, 1, 3, 3, 1, 4, 3, 3, 5, 6, 4, 6, 7, 5, 3, 2, 4, 4, 5, 5, 3, 6, 4, 6, 1, 1, 3, 7, 5, 2, 1, 5, 7, 4, 5, 4, 6, 3, 1, 5, 3, 4, 2, 3, 4, 7, 5, 4, 5, 6, 7, 4, 5, 2, 4, 4, 3, 6, 6, 4]
A_6 9.33 A 6 [3, 1, 3, 1, 3, 1, 5, 6, 3, 1, 6, 1, 5, 5, 6, 2, 5, 4, 2, 3, 3, 6, 4, 3, 3, 5, 2, 2, 6, 5, 5, 1, 6, 6, 2, 4, 3, 1, 6, 6, 3, 6, 5, 6, 4, 1, 3, 2, 2, 3, 2, 1, 6, 3, 5, 5, 4, 6, 5, 3, 6, 4, 2, 1, 4, 2, 4, 2, 1, 6, 4, 6, 5, 2, 2, 3, 5, 4, 3, 2] [4, 2, 5, 1, 3, 2, 7, 8, 4, 2, 6, 1, 6, 6, 6, 2, 7, 6, 3, 5, 3, 6, 5, 4, 4, 5, 3, 3, 8, 6, 5, 1, 8, 8, 3, 4, 5, 1, 7, 7, 5, 8, 6, 8, 4, 1, 4, 2, 4, 3, 2, 2, 6, 4, 5, 7, 5, 8, 7, 3, 8, 4, 3, 3, 5, 2, 5, 3, 2, 6, 5, 8, 5, 2, 2, 5, 6, 5, 3, 2]
A_7 12.61 A 7 [2, 1, 5, 6, 4, 5, 6, 6, 1, 1, 4, 6, 4, 4, 1, 3, 5, 1, 3, 4, 5, 2, 4, 2, 2, 3, 6, 3, 3, 2, 5, 3, 6, 3, 4, 3, 3, 6, 5, 2, 2, 5, 5, 2, 5, 6, 3, 5, 1, 1, 2, 6, 5, 1, 4, 1, 1, 1, 4, 4, 2, 6, 3, 3, 5, 1, 6, 3, 6, 6, 6, 5, 4, 4, 3, 3, 5, 6, 4, 5] [4, 2, 5, 7, 4, 7, 8, 8, 1, 1, 5, 7, 4, 4, 2, 3, 7, 3, 4, 6, 5, 4, 6, 3, 2, 3, 6, 4, 3, 2, 6, 4, 8, 3, 5, 4, 5, 8, 6, 3, 2, 5, 6, 3, 5, 6, 4, 6, 3, 1, 3, 7, 7, 2, 5, 3, 1, 1, 6, 5, 2, 8, 5, 4, 5, 1, 8, 3, 8, 8, 8, 5, 4, 6, 4, 3, 7, 8, 5, 5]
A_8 13.61 A 8 [1, 2, 6, 4, 1, 3, 3, 1, 2, 3, 4, 2, 4, 1, 4, 6, 1, 3, 6, 4, 1, 5, 3, 6, 6, 4, 2, 6, 4, 5, 5, 5, 2, 5, 1, 3, 1, 2, 3, 6, 3, 6, 1, 3, 1, 5, 3, 3, 3, 5, 4, 3, 3, 3, 5, 1, 6, 3, 6, 4, 5, 3, 2, 1, 2, 6, 2, 2, 1, 6, 6, 6, 2, 5, 1, 1, 2, 3, 1, 1] [3, 4, 7, 6, 2, 5, 4, 1, 2, 5, 5, 4, 4, 2, 6, 8, 2, 3, 8, 4, 2, 5, 5, 7, 7, 5, 3, 6, 6, 6, 7, 7, 4, 5, 3, 4, 1, 3, 5, 8, 5, 8, 2, 3, 3, 7, 3, 5, 4, 5, 5, 5, 3, 3, 6, 3, 6, 3, 8, 5, 6, 5, 3, 2, 3, 7, 3, 2, 1, 8, 7, 8, 3, 5, 1, 3, 3, 4, 2, 1]
A_9 16.36 A 9 [1, 4, 4, 4, 5, 6, 1, 1, 3, 6, 3, 4, 5, 6, 2, 1, 5, 5, 4, 6, 3, 3, 2, 4, 6, 1, 4, 3, 3, 1, 3, 2, 3, 3, 1, 4, 4, 4, 2, 6, 6, 3, 5, 5, 2, 2, 2, 1, 1, 6, 3, 3, 4, 2, 5, 5, 3, 4, 6, 3, 5, 4, 6, 5, 4, 5, 6, 3, 1, 5, 6, 4, 4, 6, 1, 1, 4, 4, 2, 6] [1, 4, 4, 4, 7, 7, 2, 1, 5, 7, 5, 4, 6, 6, 3, 3, 6, 5, 6, 7, 3, 4, 2, 5, 7, 1, 6, 5, 4, 3, 5, 4, 5, 5, 2, 4, 5, 5, 2, 7, 7, 4, 5, 6, 3, 3, 3, 3, 2, 6, 5, 5, 5, 3, 5, 5, 3, 4, 7, 5, 7, 4, 7, 6, 4, 5, 8, 3, 2, 7, 8, 4, 4, 8, 3, 1, 4, 6, 2, 7]
A_10 17.36 A 10 [4, 2, 6, 5, 1, 1, 6, 4, 4, 3, 4, 6, 5, 3, 1, 2, 3, 1, 5, 2, 2, 1, 4, 2, 5, 2, 1, 2, 1, 5, 1, 3, 1, 4, 3, 6, 3, 2, 3, 1, 5, 4, 1, 4, 2, 6, 2, 6, 6, 6, 1, 6, 4, 5, 5, 6, 2, 4, 2, 5, 5, 3, 5, 2, 2, 5, 4, 3, 5, 1, 2, 2, 1, 6, 1, 6, 5, 4, 1, 6] [4, 3, 6, 7, 2, 1, 6, 5, 5, 5, 6, 8, 5, 5, 3, 2, 5, 2, 7, 2, 3, 2, 4, 4, 5, 3, 1, 2, 2, 6, 1, 3, 3, 4, 4, 7, 5, 2, 4, 2, 5, 6, 1, 5, 4, 7, 2, 7, 8, 6, 3, 6, 6, 6, 7, 8, 2, 5, 2, 6, 6, 3, 5, 3, 3, 6, 5, 5, 7, 2, 2, 4, 2, 7, 1, 8, 6, 5, 1, 6]
A_11 18.36 A 11 [4, 1, 1, 3, 1, 2, 1, 6, 2, 4, 6, 4, 3, 1, 3, 3, 5, 3, 4, 4, 4, 3, 6, 3, 1, 3, 5, 5, 4, 2, 2, 5, 6, 3, 6, 2, 3, 4, 1, 6, 3, 4, 4, 4, 1, 2, 4, 3, 5, 6, 2, 4, 5, 1, 3, 2, 1, 5, 1, 5, 4, 6, 2, 2, 1, 4, 4, 4, 6, 5, 6, 3, 6, 2, 1, 5, 4, 6, 3, 3] [6, 3, 1, 3, 1, 3, 1, 7, 4, 4, 8, 5, 5, 2, 4, 5, 5, 5, 4, 6, 4, 5, 7, 4, 2, 3, 6, 5, 6, 4, 4, 5, 7, 4, 7, 3, 3, 5, 3, 7, 5, 6, 4, 5, 2, 4, 5, 5, 6, 7, 2, 4, 5, 1, 3, 4, 1, 5, 2, 5, 6, 6, 4, 2, 3, 5, 4, 5, 8, 5, 8, 4, 6, 4, 1, 7, 4, 8, 3, 4]
A_12 19.36 A 12 [6, 6, 4, 6, 1, 6, 5, 4, 4, 5, 5, 3, 3, 2, 2, 2, 3, 5, 6, 2, 6, 6, 4, 2, 3, 3, 6, 3, 3, 1, 2, 2, 6, 4, 3, 4, 2, 3, 2, 2, 5, 4, 5, 5, 4, 5, 5, 3, 1, 1, 1, 4, 1, 3, 5, 3, 2, 3, 1, 3, 6, 3, 6, 5, 4, 3, 2, 1, 5, 2, 3, 5, 3, 1, 5, 1, 6, 4, 2, 2] [7, 7, 6, 7, 3, 8, 6, 4, 4, 6, 5, 5, 4, 2, 3, 4, 4, 5, 8, 3, 6, 6, 6, 2, 4, 3, 6, 4, 5, 1, 3, 3, 8, 4, 5, 5, 2, 3, 3, 3, 5, 5, 5, 7, 4, 5, 5, 5, 2, 3, 2, 4, 2, 3, 6, 3, 3, 3, 3, 3, 8, 5, 7, 7, 6, 3, 4, 1, 6, 2, 5, 7, 4, 2, 5, 1, 8, 6, 4, 3]
A_13 20.669999999999998 A 13 [6, 6, 5, 1, 6, 1, 5, 4, 1, 6, 3, 1, 2, 3, 6, 6, 6, 1, 4, 1, 3, 4, 5, 3, 1, 1, 6, 3, 3, 4, 3, 6, 1, 3, 1, 5, 5, 2, 3, 5, 2, 2, 4, 6, 6, 3, 6, 4, 4, 3, 6, 3, 5, 1, 5, 5, 2, 2, 2, 3, 2, 4, 4, 3, 1, 2, 6, 3, 3, 2, 1, 2, 3, 6, 1, 5, 1, 5, 2, 1] [8, 7, 6, 2, 6, 2, 6, 4, 2, 6, 5, 2, 2, 4, 7, 7, 7, 3, 6, 1, 3, 5, 7, 5, 1, 3, 7, 4, 3, 4, 5, 8, 2, 5, 2, 6, 5, 3, 5, 6, 2, 3, 4, 6, 8, 3, 6, 5, 5, 3, 6, 3, 6, 1, 5, 6, 3, 3, 4, 4, 3, 5, 4, 3, 2, 2, 6, 5, 3, 3, 2, 3, 5, 8, 1, 6, 1, 7, 2, 3]
A_14 21.669999999999998 A 14 [4, 1, 2, 3, 1, 6, 6, 1, 4, 2, 1, 3, 2, 6, 3, 6, 1, 4, 5, 5, 4, 5, 6, 6, 1, 4, 3, 3, 1, 6, 1, 5, 6, 1, 6, 1, 1, 5, 3, 1, 4, 3, 4, 6, 3, 3, 4, 3, 4, 1, 5, 4, 2, 5, 2, 6, 2, 3, 1, 4, 4, 6, 3, 5, 5, 3, 1, 6, 5, 4, 4, 5, 5, 5, 1, 6, 4, 3, 6, 5] [4, 3, 4, 4, 1, 7, 6, 2, 6, 3, 3, 4, 3, 7, 4, 7, 2, 5, 5, 7, 6, 7, 6, 8, 2, 6, 4, 3, 1, 7, 2, 7, 8, 2, 7, 3, 3, 7, 5, 2, 5, 4, 4, 6, 3, 3, 4, 5, 5, 3, 6, 6, 4, 7, 2, 7, 2, 4, 3, 4, 6, 6, 4, 5, 5, 4, 1, 8, 7, 6, 5, 7, 7, 5, 2, 6, 6, 4, 6, 6]
A_15 23.599999999999998 A 15 [2, 2, 4, 4, 2, 6, 2, 3, 6, 1, 2, 3, 2, 6, 6, 6, 3, 6, 2, 1, 1, 6, 4, 1, 6, 3, 1, 4, 2, 2, 6, 4, 3, 3, 3, 4, 5, 1, 4, 6, 3, 5, 2, 3, 5, 1, 2, 2, 4, 5, 3, 4, 5, 4, 3, 1, 6, 4, 6, 2, 5, 3, 3, 1, 1, 3, 2, 6, 5, 6, 2, 5, 3, 6, 3, 5, 5, 3, 1, 2] [3, 4, 4, 6, 4, 7, 2, 3, 8, 3, 2, 5, 4, 7, 7, 7, 4, 7, 3, 2, 2, 8, 6, 1, 6, 4, 1, 6, 4, 3, 6, 5, 5, 3, 3, 4, 5, 3, 6, 8, 5, 6, 4, 3, 6, 2, 4, 3, 6, 6, 4, 6, 7, 4, 5, 3, 8, 6, 6, 4, 5, 4, 4, 2, 1, 5, 4, 8, 6, 7, 3, 7, 5, 6, 5, 5, 6, 3, 1, 4]
A_16 26.299999999999997 A 16 [6, 6, 4, 5, 5, 4, 5, 5, 1, 5, 3, 5, 3, 6, 1, 3, 3, 3, 5, 1, 4, 3, 4, 2, 4, 3, 5, 4, 2, 3, 3, 3, 6, 3, 6, 3, 4, 2, 4, 4, 1, 2, 4, 5, 2, 4, 1, 2, 3, 6, 5, 2, 6, 4, 5, 6, 3, 2, 5, 5, 6, 6, 2, 4, 3, 6, 4, 2, 1, 4, 2, 6, 2, 5, 2, 5, 1, 5, 4, 4] [6, 7, 4, 6, 7, 5, 7, 7, 2, 6, 5, 5, 4, 7, 2, 4, 3, 3, 6, 2, 5, 5, 4, 2, 4, 5, 7, 4, 2, 5, 5, 3, 7, 5, 8, 4, 4, 4, 6, 6, 1, 4, 5, 7, 3, 5, 3, 4, 3, 8, 5, 2, 6, 5, 5, 6, 4, 3, 7, 5, 7, 8, 4, 5, 5, 8, 5, 2, 1, 4, 4, 6, 2, 7, 2, 6, 2, 7, 5, 4]
A_17 27.299999999999997 A 17 [6, 3, 3, 4, 3, 4, 4, 1, 3, 5, 1, 3, 5, 1, 4, 6, 3, 2, 4, 1, 4, 1, 6, 6, 3, 1, 4, 2, 2, 1, 4, 4, 3, 2, 5, 1, 2, 5, 1, 1, 1, 1, 6, 1, 6, 2, 6, 6, 3, 3, 2, 1, 3, 6, 1, 3, 2, 4, 1, 2, 4, 2, 2, 2, 4, 5, 1, 3, 3, 6, 4, 2, 6, 1, 3, 4, 3, 2, 4, 6] [6, 5, 5, 5, 5, 6, 6, 3, 3, 5, 2, 5, 5, 3, 5, 7, 3, 2, 6, 2, 4, 1, 6, 7, 5, 2, 5, 3, 2, 3, 4, 4, 5, 2, 7, 2, 2, 5, 2, 2, 2, 3, 8, 2, 7, 3, 6, 7, 3, 4, 2, 1, 5, 6, 2, 5, 2, 5, 2, 3, 5, 4, 4, 3, 6, 7, 3, 4, 4, 8, 5, 4, 7, 1, 5, 4, 5, 4, 4, 8]
A_18 29.279999999999998 A 18 [1, 4, 2, 3, 2, 2, 2, 3, 6, 4, 5, 4, 6, 4, 5, 2, 5, 4, 2, 2, 5, 3, 5, 2, 1, 2, 6, 6, 5, 3, 6, 3, 4, 5, 2, 2, 2, 5, 6, 5, 3, 3, 6, 6, 5, 3, 2, 2, 6, 5, 1, 5, 5, 6, 6, 6, 6, 4, 6, 3, 6, 2, 3, 3, 3, 3, 5, 3, 3, 1, 6, 5, 1, 4, 2, 5, 6, 5, 3, 4] [2, 6, 4, 4, 3, 3, 3, 4, 8, 6, 7, 4, 8, 6, 5, 3, 6, 6, 4, 3, 5, 4, 5, 2, 3, 2, 8, 7, 7, 5, 6, 4, 5, 5, 4, 4, 2, 6, 8, 5, 5, 5, 6, 6, 5, 4, 3, 4, 6, 6, 1, 5, 7, 8, 7, 7, 8, 6, 8, 4, 7, 3, 3, 3, 4, 3, 6, 5, 3, 1, 8, 6, 1, 4, 3, 6, 7, 5, 5, 5]
A_19 32.75 A 19 [6, 1, 4, 6, 5, 2, 3, 4, 4, 6, 2, 4, 2, 1, 5, 1, 1, 1, 2, 3, 2, 2, 6, 5, 1, 5, 4, 5, 5, 1, 3, 5, 5, 4, 6, 3, 1, 6, 5, 1, 4, 6, 2, 3, 4, 1, 3, 2, 1, 4, 5, 6, 4, 5, 3, 3, 2, 3, 2, 3, 4, 6, 1, 1, 5, 2, 3, 3, 2, 4, 3, 6, 2, 6, 5, 4, 1, 5, 3, 2] [6, 1, 5, 8, 6, 2, 5, 6, 4, 7, 2, 6, 3, 1, 7, 2, 2, 2, 3, 5, 3, 3, 8, 5, 2, 6, 6, 6, 7, 1, 5, 5, 7, 5, 7, 3, 3, 6, 6, 1, 6, 6, 3, 5, 4, 2, 3, 3, 3, 5, 7, 6, 4, 6, 5, 3, 4, 5, 2, 3, 5, 7, 1, 3, 6, 2, 5, 3, 4, 6, 4, 7, 4, 8, 7, 6, 2, 6, 5, 4]
A_20 33.97 A 20 [4, 4, 3, 4, 2, 3, 3, 5, 1, 3, 2, 4, 6, 3, 4, 1, 4, 4, 5, 2, 1, 3, 5, 2, 1, 5, 5, 6, 2, 1, 6, 5, 2, 5, 4, 6, 2, 1, 5, 6, 5, 5, 1, 5, 1, 1, 6, 5, 6, 3, 4, 2, 2, 6, 2, 1, 6, 3, 5, 2, 5, 6, 5, 2, 3, 3, 1, 4, 6, 4, 4, 3, 4, 1, 5, 2, 5, 6, 3, 4] [4, 4, 4, 6, 2, 4, 3, 5, 2, 3, 3, 4, 6, 3, 6, 2, 5, 4, 5, 3, 1, 5, 5, 3, 3, 6, 7, 6, 2, 2, 6, 6, 3, 6, 6, 8, 3, 3, 5, 6, 7, 6, 3, 6, 1, 2, 6, 7, 7, 3, 5, 3, 2, 6, 3, 1, 8, 4, 6, 3, 7, 8, 6, 2, 4, 3, 1, 5, 6, 4, 6, 4, 6, 3, 6, 4, 7, 7, 5, 4]
A_21 34.97 A 21 [2, 4, 4, 4, 2, 1, 6, 2, 5, 3, 1, 3, 6, 4, 5, 6, 3, 1, 3, 2, 3, 1, 6, 4, 2, 2, 4, 5, 4, 4, 4, 1, 4, 6, 6, 1, 5, 6, 3, 4, 5, 3, 3, 6, 4, 6, 5, 2, 5, 2, 3, 2, 1, 6, 3, 6, 6, 5, 2, 4, 3, 1, 2, 4, 2, 2, 1, 5, 3, 5, 1, 5, 1, 1, 2, 1, 6, 2, 1, 5] [3, 6, 4, 4, 4, 1, 6, 4, 5, 4, 2, 5, 6, 5, 7, 8, 5, 1, 4, 3, 5, 3, 8, 4, 2, 2, 6, 5, 6, 6, 5, 3, 4, 7, 8, 3, 6, 7, 5, 4, 6, 3, 5, 6, 6, 6, 5, 3, 5, 3, 5, 3, 1, 7, 4, 7, 8, 5, 4, 4, 4, 1, 3, 4, 2, 4, 2, 6, 3, 5, 3, 7, 2, 2, 4, 2, 6, 2, 3, 7]
A_22 35.97 A 22 [4, 6, 2, 6, 2, 1, 4, 4, 3, 2, 4, 6, 4, 5, 6, 4, 4, 6, 5, 6, 5, 6, 6, 4, 3, 2, 5, 3, 5, 3, 1, 3, 6, 5, 6, 2, 6, 5, 3, 2, 6, 5, 5, 6, 2, 4, 3, 5, 5, 6, 2, 2, 4, 2, 2, 2, 2, 4, 5, 1, 5, 2, 3, 5, 3, 3, 1, 4, 5, 4, 6, 4, 3, 3, 6, 5, 1, 4, 3, 3] [5, 8, 4, 7, 3, 3, 5, 6, 5, 2, 4, 7, 6, 7, 6, 6, 4, 6, 5, 8, 5, 8, 7, 6, 3, 4, 7, 5, 6, 4, 1, 4, 6, 7, 8, 4, 7, 5, 3, 4, 6, 5, 5, 8, 2, 5, 5, 7, 7, 8, 3, 2, 5, 2, 3, 3, 4, 4, 7, 3, 5, 2, 5, 5, 3, 5, 3, 6, 7, 6, 6, 5, 3, 4, 8, 7, 3, 6, 3, 5]
A_23 36.97 A 23 [3, 4, 4, 4, 5, 3, 3, 2, 6, 4, 2, 3, 2, 3, 6, 1, 2, 6, 2, 5, 2, 4, 4, 3, 1, 3, 5, 1, 5, 6, 6, 4, 4, 3, 2, 5, 2, 5, 4, 6, 1, 6, 2, 6, 4, 6, 4, 1, 3, 5, 4, 6, 5, 2, 6, 1, 2, 6, 5, 1, 6, 3, 6, 4, 4, 2, 1, 5, 6, 6, 3, 5, 1, 2, 6, 3, 4, 4, 5, 3] [5, 4, 5, 6, 5, 3, 4, 3, 7, 5, 4, 4, 2, 5, 8, 1, 2, 7, 2, 5, 3, 4, 6, 5, 1, 3, 6, 3, 5, 6, 8, 6, 5, 3, 3, 6, 3, 7, 4, 6, 2, 8, 2, 7, 5, 6, 6, 3, 5, 6, 5, 6, 7, 3, 6, 2, 2, 6, 6, 2, 8, 5, 6, 5, 6, 3, 3, 6, 7, 7, 4, 7, 3, 3, 7, 3, 5, 4, 6, 4]
A_24 38.93 A 24 [3, 2, 6, 1, 4, 1, 3, 2, 6, 6, 5, 1, 3, 1, 1, 6, 4, 3, 1, 1, 1, 2, 3, 1, 3, 3, 6, 6, 2, 4, 5, 5, 4, 4, 5, 5, 6, 5, 6, 1, 3, 3, 1, 3, 1, 4, 3, 2, 6, 1, 6, 5, 6, 5, 6, 5, 1, 4, 5, 2, 2, 6, 2, 5, 5, 5, 5, 6, 3, 6, 6, 2, 5, 5, 4, 4, 3, 1, 5, 6] [4, 2, 7, 3, 5, 1, 4, 2, 7, 7, 5, 2, 4, 1, 2, 6, 4, 5, 3, 2, 3, 2, 3, 1, 4, 4, 6, 7, 2, 5, 5, 6, 5, 5, 7, 5, 6, 5, 8, 2, 4, 4, 2, 3, 3, 4, 5, 3, 6, 2, 8, 5, 6, 5, 6, 6, 2, 6, 6, 3, 2, 8, 4, 5, 7, 7, 6, 8, 4, 6, 6, 4, 7, 5, 4, 5, 4, 3, 5, 8]
A_25 39.93 A 25 [2, 1, 4, 6, 6, 3, 5, 3, 4, 1, 2, 3, 3, 1, 4, 3, 3, 1, 2, 5, 5, 2, 2, 3, 3, 5, 4, 1, 6, 6, 4, 5, 4, 5, 4, 6, 5, 5, 1, 4, 3, 5, 5, 5, 5, 4, 1, 2, 3, 4, 3, 6, 6, 1, 3, 1, 4, 1, 1, 3, 5, 5, 4, 1, 5, 1, 2, 6, 5, 2, 4, 4, 2, 4, 6, 3, 2, 1, 3, 1] [3, 3, 4, 6, 7, 4, 5, 3, 5, 1, 3, 3, 3, 3, 6, 4, 5, 2, 2, 6, 6, 2, 4, 3, 4, 7, 4, 3, 7, 6, 5, 6, 6, 7, 5, 7, 5, 6, 1, 4, 4, 7, 6, 6, 6, 6, 3, 3, 5, 5, 4, 8, 6, 2, 3, 2, 5, 3, 1, 3, 5, 6, 4, 1, 5, 2, 4, 8, 5, 4, 4, 6, 3, 4, 6, 3, 3, 1, 3, 2]
A_26 42.05 A 26 [6, 2, 1, 1, 3, 2, 2, 6, 2, 4, 1, 5, 6, 6, 3, 1, 5, 4, 6, 4, 5, 4, 5, 5, 6, 4, 4, 5, 2, 5, 6, 5, 2, 1, 2, 1, 2, 1, 6, 4, 5, 3, 6, 1, 6, 1, 2, 4, 5, 2, 6, 6, 6, 3, 6, 4, 4, 2, 1, 1, 5, 6, 3, 2, 2, 1, 3, 4, 3, 1, 5, 4, 3, 4, 6, 5, 1, 4, 1, 1] [6, 2, 1, 1, 4, 3, 3, 6, 3, 6, 1, 6, 6, 7, 4, 1, 7, 5, 8, 6, 7, 6, 7, 6, 6, 4, 5, 5, 4, 6, 8, 7, 4, 1, 2, 2, 3, 1, 7, 5, 7, 4, 8, 1, 6, 1, 4, 4, 6, 3, 6, 8, 7, 3, 6, 6, 6, 2, 1, 1, 7, 7, 4, 2, 4, 3, 4, 6, 4, 1, 7, 5, 3, 6, 8, 7, 2, 5, 1, 2]
A_27 43.79 A 27 [2, 5, 1, 4, 4, 2, 2, 3, 6, 3, 2, 5, 3, 3, 3, 4, 4, 2, 6, 5, 6, 5, 3, 1, 6, 1, 5, 3, 6, 5, 3, 3, 2, 1, 5, 2, 1, 2, 6, 6, 4, 1, 6, 4, 2, 3, 2, 6, 4, 2, 6, 6, 4, 1, 6, 6, 1, 6, 1, 1, 5, 2, 6, 4, 3, 6, 3, 4, 4, 1, 6, 5, 2, 2, 5, 2, 1, 1, 3, 4] [2, 5, 3, 6, 4, 3, 3, 4, 6, 5, 2, 5, 4, 4, 3, 6, 4, 3, 7, 6, 6, 5, 5, 3, 7, 3, 5, 3, 8, 6, 3, 3, 2, 2, 6, 2, 2, 2, 8, 7, 4, 1, 8, 5, 3, 3, 2, 6, 6, 4, 6, 6, 6, 1, 6, 6, 2, 7, 3, 3, 5, 4, 6, 4, 3, 7, 4, 4, 5, 2, 7, 7, 4, 4, 6, 2, 3, 3, 5, 4]
A_28 44.79 A 28 [5, 3, 5, 6, 1, 5, 6, 3, 4, 3, 1, 4, 3, 3, 1, 2, 2, 2, 5, 5, 2, 4, 5, 5, 2, 6, 2, 6, 5, 3, 5, 6, 5, 5, 1, 3, 6, 3, 6, 4, 4, 3, 1, 5, 5, 3, 4, 3, 3, 6, 3, 1, 2, 1, 4, 2, 4, 6, 6, 1, 5, 1, 3, 6, 2, 3, 4, 1, 2, 3, 3, 6, 1, 5, 5, 3, 4, 1, 6, 5] [7, 5, 7, 6, 1, 5, 8, 3, 6, 4, 2, 6, 5, 3, 1, 4, 2, 2, 7, 7, 2, 6, 6, 5, 2, 7, 4, 8, 6, 5, 6, 6, 6, 6, 1, 5, 7, 5, 7, 5, 6, 3, 3, 5, 6, 5, 4, 4, 3, 7, 4, 1, 4, 2, 5, 3, 4, 8, 7, 3, 7, 2, 3, 6, 3, 5, 5, 2, 4, 3, 5, 8, 1, 5, 6, 5, 4, 1, 6, 6]
A_29 45.79 A 29 [4, 6, 5, 2, 6, 6, 5, 2, 5, 1, 5, 2, 1, 4, 6, 2, 3, 1, 3, 1, 1, 4, 3, 6, 4, 6, 5, 5, 3, 3, 5, 2, 6, 2, 1, 3, 5, 4, 1, 5, 3, 5, 3, 6, 2, 4, 3, 3, 1, 3, 4, 4, 1, 2, 3, 4, 5, 3, 3, 1, 3, 4, 2, 5, 4, 4, 2, 1, 5, 6, 4, 2, 1, 6, 5, 3, 6, 5, 2, 5] [5, 7, 7, 2, 8, 6, 6, 2, 6, 3, 6, 4, 1, 4, 7, 3, 5, 3, 5, 1, 2, 6, 4, 6, 5, 6, 6, 6, 5, 3, 6, 3, 7, 3, 1, 5, 6, 6, 2, 7, 4, 6, 4, 6, 4, 6, 3, 4, 3, 5, 4, 5, 1, 4, 5, 6, 5, 4, 4, 2, 5, 6, 3, 7, 6, 4, 3, 3, 6, 8, 6, 4, 3, 6, 5, 4, 8, 7, 4, 6]
A_30 46.79 A 30 [5, 5, 2, 5, 6, 2, 5, 5, 5, 3, 1, 2, 2, 3, 1, 6, 3, 4, 6, 3, 6, 4, 1, 6, 5, 4, 6, 3, 5, 5, 5, 1, 4, 6, 1, 5, 2, 1, 1, 3, 3, 3, 4, 5, 4, 1, 3, 3, 3, 6, 1, 3, 3, 6, 6, 5, 4, 4, 4, 6, 3, 3, 2, 5, 1, 5, 3, 3, 1, 3, 4, 6, 4, 6, 4, 5, 5, 1, 6, 3] [6, 5, 2, 7, 8, 4, 5, 6, 7, 5, 1, 4, 3, 5, 2, 6, 5, 4, 6, 5, 6, 5, 1, 8, 5, 5, 8, 3, 6, 6, 7, 1, 4, 6, 2, 5, 4, 1, 1, 5, 4, 3, 5, 5, 5, 3, 5, 4, 5, 7, 3, 5, 4, 7, 8, 6, 4, 6, 5, 7, 4, 5, 2, 7, 2, 7, 3, 5, 3, 4, 6, 6, 5, 7, 4, 6, 7, 3, 8, 5]
A_31 49.0 A 31 [4, 4, 4, 1, 2, 6, 1, 3, 5, 2, 3, 5, 2, 6, 5, 4, 3, 4, 3, 5, 5, 1, 3, 4, 5, 5, 5, 3, 6, 2, 1, 5, 2, 6, 3, 6, 2, 1, 6, 6, 1, 6, 4, 1, 3, 6, 2, 3, 2, 2, 6, 6, 3, 5, 2, 1, 1, 3, 3, 2, 4, 4, 1, 3, 3, 4, 4, 1, 5, 5, 6, 6, 4, 2, 4, 5, 6, 1, 4, 2] [6, 5, 6, 3, 2, 6, 1, 4, 7, 4, 3, 5, 3, 8, 7, 5, 3, 4, 4, 5, 6, 3, 4, 6, 6, 6, 7, 3, 6, 3, 1, 6, 3, 8, 3, 8, 4, 1, 8, 8, 3, 6, 5, 2, 4, 7, 3, 5, 2, 4, 8, 7, 3, 5, 2, 1, 1, 3, 3, 2, 6, 6, 3, 3, 5, 5, 4, 3, 6, 5, 7, 7, 5, 3, 5, 5, 8, 2, 5, 3]
A_32 50.0 A 32 [5, 6, 5, 1, 3, 6, 6, 6, 2, 3, 1, 6, 6, 1, 6, 3, 6, 3, 4, 5, 2, 4, 6, 4, 4, 4, 2, 2, 5, 6, 4, 2, 3, 4, 5, 1, 3, 4, 2, 4, 2, 6, 5, 3, 5, 4, 6, 2, 2, 6, 6, 4, 5, 6, 1, 6, 2, 2, 3, 5, 5, 3, 3, 3, 5, 2, 1, 5, 1, 4, 3, 4, 6, 3, 3, 6, 4, 2, 1, 4] [7, 7, 5, 1, 5, 7, 8, 8, 4, 5, 3, 7, 8, 2, 8, 5, 7, 5, 5, 7, 3, 4, 6, 5, 5, 6, 4, 2, 6, 7, 4, 3, 5, 6, 7, 2, 5, 4, 4, 4, 2, 6, 5, 4, 5, 6, 8, 4, 4, 8, 7, 5, 7, 6, 2, 8, 3, 2, 3, 6, 5, 4, 5, 5, 6, 4, 2, 6, 1, 5, 3, 5, 8, 5, 4, 7, 5, 2, 3, 5]
A_33 51.0 A 33 [1, 5, 3, 5, 6, 5, 6, 3, 5, 3, 4, 3, 4, 3, 1, 3, 3, 2, 5, 4, 5, 6, 5, 3, 4, 5, 1, 1, 5, 2, 6, 6, 4, 2, 2, 5, 2, 1, 4, 1, 4, 2, 6, 1, 6, 6, 5, 3, 4, 5, 5, 3, 6, 5, 3, 3, 1, 6, 1, 6, 5, 3, 3, 2, 2, 4, 5, 1, 1, 6, 6, 3, 3, 3, 5, 1, 1, 6, 1, 2] [3, 7, 5, 6, 6, 5, 8, 3, 5, 5, 4, 4, 4, 5, 2, 3, 5, 2, 5, 5, 6, 7, 7, 3, 5, 7, 1, 2, 6, 3, 6, 8, 6, 4, 4, 6, 3, 1, 5, 2, 5, 3, 8, 1, 7, 6, 6, 3, 4, 5, 5, 5, 8, 5, 5, 4, 1, 6, 3, 6, 7, 4, 5, 3, 3, 4, 5, 1, 1, 7, 6, 4, 4, 5, 7, 3, 3, 7, 3, 3]
A_34 52.0 A 34 [5, 6, 1, 1, 5, 3, 2, 4, 1, 1, 3, 6, 3, 1, 6, 3, 6, 5, 2, 6, 4, 6, 6, 2, 5, 4, 2, 5, 1, 1, 1, 3, 5, 2, 5, 2, 5, 5, 1, 5, 4, 2, 5, 5, 1, 5, 6, 5, 3, 3, 2, 2, 5, 1, 1, 1, 5, 4, 2, 4, 4, 2, 5, 1, 4, 1, 6, 6, 3, 1, 3, 1, 6, 1, 1, 4, 4, 4, 1, 1] [5, 6, 2, 3, 5, 3, 3, 5, 3, 2, 4, 7, 5, 2, 7, 3, 8, 7, 4, 7, 6, 8, 8, 3, 7, 5, 2, 6, 1, 1, 2, 3, 7, 4, 7, 2, 6, 7, 2, 7, 5, 4, 5, 6, 1, 5, 6, 5, 5, 5, 4, 2, 5, 2, 1, 3, 7, 4, 2, 4, 6, 4, 7, 1, 6, 3, 6, 7, 3, 3, 4, 1, 7, 2, 3, 4, 5, 4, 1, 2]
A_35 53.6 A 35 [1, 4, 2, 3, 3, 2, 4, 3, 3, 4, 6, 2, 4, 5, 1, 4, 3, 1, 2, 3, 6, 1, 2, 5, 5, 6, 1, 2, 3, 3, 5, 6, 1, 5, 2, 1, 3, 2, 4, 4, 4, 1, 6, 5, 5, 3, 6, 2, 3, 6, 1, 1, 6, 5, 2, 4, 5, 6, 1, 1, 3, 6, 6, 1, 1, 3, 3, 5, 6, 1, 5, 6, 5, 4, 4, 3, 1, 2, 2, 2] [1, 5, 4, 5, 3, 2, 4, 4, 4, 4, 7, 3, 5, 6, 3, 4, 4, 2, 4, 3, 8, 3, 4, 6, 5, 7, 2, 2, 5, 5, 5, 8, 2, 6, 2, 1, 3, 3, 6, 5, 5, 3, 8, 7, 5, 5, 8, 4, 3, 7, 1, 3, 7, 5, 3, 5, 5, 6, 1, 2, 3, 7, 6, 2, 1, 3, 3, 5, 8, 2, 5, 7, 6, 6, 5, 4, 2, 3, 4, 4]
A_36 54.6 A 36 [2, 4, 2, 4, 4, 3, 3, 3, 1, 4, 3, 3, 2, 5, 1, 5, 4, 2, 2, 1, 2, 5, 6, 2, 6, 5, 2, 1, 6, 5, 2, 2, 3, 2, 5, 3, 6, 3, 6, 1, 6, 4, 3, 3, 6, 5, 3, 2, 2, 6, 1, 5, 5, 5, 4, 6, 3, 4, 3, 6, 5, 6, 2, 3, 4, 5, 5, 3, 5, 4, 6, 3, 4, 1, 5, 2, 4, 2, 6, 2] [4, 6, 2, 5, 5, 4, 5, 5, 1, 5, 5, 3, 2, 5, 3, 5, 4, 2, 2, 3, 3, 6, 7, 3, 6, 5, 3, 2, 7, 6, 4, 4, 5, 3, 6, 3, 8, 5, 8, 1, 6, 6, 3, 3, 7, 5, 4, 2, 4, 8, 1, 5, 6, 7, 4, 7, 4, 5, 4, 6, 5, 7, 2, 3, 6, 6, 6, 3, 5, 5, 7, 4, 4, 1, 6, 3, 4, 2, 6, 2]
A_37 55.6 A 37 [2, 1, 2, 6, 2, 3, 1, 6, 2, 4, 2, 4, 3, 2, 5, 1, 2, 5, 5, 6, 1, 6, 5, 5, 5, 5, 1, 2, 3, 4, 1, 1, 4, 1, 5, 2, 3, 4, 4, 4, 3, 5, 6, 6, 2, 2, 6, 5, 4, 2, 1, 4, 5, 1, 3, 4, 5, 1, 4, 5, 2, 1, 4, 4, 6, 6, 6, 4, 6, 3, 6, 3, 5, 6, 6, 1, 3, 5, 2, 4] [3, 2, 4, 6, 3, 4, 1, 8, 3, 5, 2, 5, 3, 3, 7, 3, 4, 5, 6, 6, 3, 7, 5, 7, 5, 6, 1, 2, 5, 6, 1, 1, 4, 1, 7, 3, 5, 6, 4, 4, 3, 5, 7, 8, 2, 4, 8, 7, 5, 2, 3, 4, 7, 3, 5, 4, 5, 1, 5, 7, 3, 1, 5, 4, 7, 8, 7, 6, 8, 3, 8, 3, 7, 6, 6, 1, 4, 6, 2, 5]
A_38 56.6 A 38 [3, 2, 6, 3, 4, 3, 6, 5, 3, 2, 3, 1, 2, 3, 3, 4, 4, 1, 6, 5, 5, 3, 3, 4, 6, 1, 6, 6, 6, 1, 1, 6, 2, 4, 1, 4, 6, 4, 3, 5, 5, 1, 2, 3, 3, 4, 3, 6, 4, 5, 1, 2, 5, 2, 4, 6, 4, 1, 4, 5, 3, 2, 5, 5, 2, 4, 3, 4, 3, 5, 4, 2, 5, 1, 4, 4, 4, 4, 6, 6] [4, 2, 8, 4, 5, 5, 7, 6, 5, 2, 4, 3, 3, 5, 5, 6, 6, 2, 8, 6, 5, 5, 3, 4, 8, 1, 7, 8, 7, 2, 1, 8, 4, 5, 2, 6, 8, 4, 4, 7, 6, 2, 4, 4, 3, 5, 5, 6, 6, 6, 2, 3, 6, 3, 6, 6, 6, 2, 6, 5, 4, 4, 6, 7, 4, 6, 4, 4, 5, 5, 5, 3, 6, 2, 6, 6, 5, 5, 7, 8]
A_39 58.21 A 39 [6, 5, 3, 6, 4, 5, 6, 2, 6, 6, 1, 6, 2, 5, 1, 6, 4, 1, 5, 1, 6, 4, 2, 6, 1, 4, 4, 6, 4, 5, 3, 6, 4, 1, 5, 4, 1, 4, 5, 6, 3, 1, 2, 6, 1, 4, 2, 6, 6, 6, 6, 3, 1, 4, 5, 3, 6, 4, 2, 6, 3, 3, 4, 3, 6, 5, 4, 5, 2, 3, 2, 1, 4, 1, 2, 2, 3, 3, 6, 2] [6, 7, 4, 6, 6, 5, 7, 3, 8, 7, 2, 7, 3, 6, 2, 8, 6, 2, 5, 1, 6, 4, 4, 6, 2, 4, 5, 7, 5, 7, 5, 8, 4, 2, 7, 5, 1, 4, 7, 8, 4, 2, 4, 6, 1, 4, 3, 7, 7, 7, 6, 3, 3, 5, 7, 5, 6, 4, 3, 7, 3, 3, 5, 4, 8, 7, 4, 5, 2, 5, 2, 3, 5, 2, 4, 4, 3, 4, 6, 3]
B_0 1.39 B 40 [5, 1, 1, 3, 5, 2, 3, 2, 3, 6, 5, 3, 5, 2, 4, 3, 1, 1, 3, 4, 5, 5, 6, 1, 3, 3, 5, 4, 4, 3, 3, 1, 2, 4, 4, 4, 6, 3, 5, 3, 5, 1, 1, 1, 2, 1, 6, 3, 6, 1, 4, 4, 4, 3, 1, 3, 6, 2, 2, 4, 5, 2, 5, 3, 4, 3, 3, 5, 5, 1, 3, 2, 3, 6, 1, 6, 4, 1, 3, 3] [6, 2, 3, 4, 5, 3, 5, 2, 5, 7, 5, 5, 5, 2, 5, 5, 1, 2, 5, 6, 7, 6, 6, 2, 4, 4, 7, 4, 6, 4, 4, 3, 2, 5, 5, 5, 6, 3, 6, 4, 6, 3, 2, 2, 2, 2, 7, 4, 7, 2, 4, 5, 5, 3, 3, 5, 8, 2, 2, 6, 7, 4, 6, 4, 4, 3, 5, 6, 6, 2, 4, 4, 5, 7, 2, 8, 4, 1, 4, 5]
B_1 2.8 B 41 [5, 3, 5, 2, 6, 4, 6, 5, 6, 3, 4, 4, 4, 2, 3, 5, 2, 1, 3, 6, 5, 3, 5, 6, 3, 5, 3, 1, 3, 5, 3, 6, 6, 2, 2, 1, 4, 5, 1, 1, 1, 6, 6, 1, 4, 3, 5, 4, 1, 4, 5, 6, 4, 4, 1, 3, 4, 1, 2, 6, 2, 3, 1, 1, 5, 2, 3, 5, 4, 2, 4, 1, 6, 3, 3, 1, 5, 6, 1, 1] [6, 3, 7, 3, 8, 6, 8, 5, 8, 4, 6, 6, 5, 3, 4, 6, 4, 3, 5, 6, 6, 3, 5, 8, 4, 7, 4, 1, 3, 6, 3, 6, 6, 3, 4, 3, 6, 5, 2, 2, 3, 6, 6, 2, 4, 3, 5, 5, 3, 6, 6, 8, 5, 6, 2, 4, 4, 1, 3, 8, 2, 5, 1, 1, 5, 4, 4, 7, 6, 2, 4, 2, 8, 5, 5, 2, 6, 8, 3, 2]
B_2 3.8 B 42 [3, 4, 6, 2, 1, 4, 5, 5, 1, 5, 1, 4, 5, 4, 4, 2, 4, 6, 6, 2, 1, 3, 5, 2, 1, 5, 6, 6, 1, 3, 4, 4, 5, 6, 5, 6, 3, 6, 2, 2, 1, 6, 2, 5, 6, 4, 3, 6, 6, 1, 5, 4, 3, 6, 1, 2, 5, 4, 4, 6, 3, 4, 5, 2, 4, 1, 5, 2, 4, 5, 4, 1, 2, 6, 6, 6, 3, 4, 1, 2] [5, 5, 8, 3, 3, 4, 6, 6, 2, 5, 1, 4, 5, 4, 4, 4, 5, 8, 6, 3, 3, 5, 5, 2, 2, 6, 8, 8, 3, 4, 5, 5, 5, 8, 5, 8, 3, 7, 4, 4, 2, 6, 3, 5, 8, 5, 5, 8, 7, 1, 6, 5, 4, 7, 3, 4, 6, 6, 5, 6, 4, 6, 7, 2, 5, 1, 6, 3, 5, 7, 5, 3, 3, 6, 8, 8, 5, 5, 1, 4]
B_3 6.97 B 43 [2, 3, 6, 5, 3, 4, 6, 2, 3, 5, 4, 4, 5, 6, 6, 3, 5, 1, 6, 3, 5, 6, 6, 6, 3, 5, 1, 4, 5, 6, 5, 1, 3, 1, 5, 5, 3, 6, 3, 6, 1, 1, 5, 6, 2, 6, 5, 2, 4, 2, 4, 6, 4, 1, 6, 4, 1, 1, 1, 5, 1, 5, 1, 3, 6, 1, 6, 1, 2, 2, 2, 2, 3, 2, 3, 1, 6, 4, 4, 3] [2, 5, 6, 7, 3, 6, 8, 3, 3, 6, 5, 5, 7, 6, 6, 3, 7, 2, 6, 5, 6, 6, 8, 7, 3, 6, 1, 5, 5, 6, 5, 2, 4, 1, 6, 7, 3, 8, 4, 6, 2, 2, 5, 6, 4, 8, 6, 4, 4, 2, 4, 8, 5, 1, 8, 5, 1, 1, 2, 7, 1, 6, 2, 5, 8, 2, 8, 1, 4, 4, 3, 3, 3, 3, 3, 1, 7, 4, 4, 4]
B_4 7.97 B 44 [1, 5, 2, 1, 2, 1, 4, 5, 1, 2, 2, 1, 4, 6, 3, 5, 2, 6, 5, 4, 1, 4, 2, 4, 1, 5, 6, 2, 5, 2, 4, 3, 5, 6, 1, 5, 6, 2, 3, 1, 2, 4, 6, 2, 5, 2, 1, 3, 2, 4, 3, 5, 3, 6, 5, 1, 6, 2, 1, 5, 5, 6, 5, 1, 3, 5, 1, 4, 2, 1, 5, 4, 4, 4, 3, 3, 1, 3, 1, 4] [3, 6, 4, 3, 4, 1, 4, 5, 3, 3, 4, 2, 4, 8, 3, 6, 3, 7, 5, 4, 1, 6, 2, 5, 3, 6, 6, 3, 6, 4, 5, 4, 5, 7, 1, 5, 7, 2, 3, 1, 2, 4, 8, 4, 5, 2, 2, 5, 4, 5, 5, 5, 3, 6, 7, 3, 7, 2, 2, 6, 6, 7, 6, 3, 5, 5, 2, 5, 2, 3, 6, 4, 6, 4, 5, 5, 2, 4, 2, 5]
B_5 10.07 B 45 [6, 6, 1, 6, 4, 1, 1, 6, 5, 2, 6, 2, 5, 3, 3, 1, 4, 2, 3, 1, 1, 6, 4, 6, 4, 4, 1, 3, 3, 4, 1, 6, 4, 6, 5, 3, 5, 2, 4, 4, 1, 3, 4, 6, 2, 5, 2, 6, 5, 3, 3, 2, 3, 4, 4, 6, 3, 1, 4, 6, 6, 2, 6, 4, 4, 6, 2, 5, 2, 4, 2, 2, 4, 2, 1, 3, 1, 6, 3, 6] [8, 7, 2, 6, 5, 1, 1, 6, 7, 3, 7, 4, 5, 3, 3, 2, 5, 3, 4, 2, 2, 6, 5, 6, 4, 6, 1, 3, 5, 6, 3, 7, 6, 6, 5, 5, 5, 4, 5, 4, 2, 3, 5, 8, 2, 6, 3, 6, 6, 4, 4, 2, 3, 4, 6, 6, 4, 3, 5, 7, 8, 3, 6, 6, 4, 8, 3, 7, 3, 4, 3, 4, 5, 2, 1, 4, 2, 7, 3, 7]
B_6 12.1 B 46 [5, 3, 6, 1, 1, 2, 3, 3, 3, 2, 2, 4, 5, 6, 4, 2, 1, 6, 2, 3, 6, 5, 3, 4, 3, 1, 2, 2, 4, 3, 3, 2, 6, 5, 6, 6, 3, 6, 3, 2, 6, 5, 3, 5, 1, 2, 6, 4, 2, 6, 4, 6, 3, 6, 5, 5, 4, 2, 2, 2, 1, 5, 5, 3, 1, 1, 5, 2, 4, 4, 3, 6, 4, 4, 2, 2, 6, 1, 4, 2] [7, 4, 7, 2, 1, 3, 4, 4, 3, 3, 2, 5, 5, 6, 4, 4, 3, 6, 3, 3, 6, 5, 5, 6, 5, 3, 4, 2, 4, 3, 5, 3, 8, 6, 6, 8, 4, 8, 5, 3, 7, 5, 5, 6, 2, 3, 7, 6, 4, 7, 5, 7, 5, 8, 6, 5, 6, 4, 3, 3, 2, 6, 6, 3, 2, 1, 6, 2, 6, 5, 5, 8, 6, 5, 2, 3, 8, 2, 5, 4]
B_7 13.59 B 47 [5, 6, 4, 5, 6, 5, 2, 5, 3, 1, 6, 3, 3, 4, 3, 2, 2, 6, 2, 2, 5, 2, 5, 1, 2, 2, 4, 6, 3, 3, 3, 3, 2, 3, 5, 2, 2, 5, 6, 6, 3, 4, 6, 2, 3, 6, 4, 2, 6, 5, 5, 1, 6, 6, 1, 5, 3, 5, 6, 5, 3, 1, 5, 3, 3, 5, 6, 5, 5, 4, 2, 2, 6, 4, 2, 3, 6, 2, 2, 6] [7, 6, 6, 7, 8, 7, 2, 6, 5, 3, 7, 5, 5, 5, 5, 3, 4, 7, 4, 3, 7, 3, 7, 3, 3, 3, 4, 6, 4, 4, 4, 5, 4, 3, 5, 4, 2, 7, 6, 7, 4, 5, 8, 4, 5, 6, 6, 3, 7, 5, 6, 3, 7, 7, 2, 7, 3, 6, 6, 6, 5, 3, 6, 3, 5, 6, 6, 6, 6, 4, 4, 4, 7, 6, 3, 4, 6, 3, 4, 8]
B_8 14.6 B 48 [5, 5, 5, 5, 5, 5, 2, 1, 3, 1, 6, 5, 1, 4, 4, 4, 3, 3, 6, 1, 6, 5, 5, 3, 6, 3, 5, 4, 3, 1, 3, 2, 2, 4, 3, 3, 2, 4, 4, 6, 6, 1, 6, 4, 2, 5, 2, 6, 5, 4, 2, 6, 6, 2, 4, 1, 2, 2, 5, 6, 1, 2, 2, 6, 5, 3, 6, 3, 4, 3, 6, 1, 4, 2, 2, 3, 3, 5, 4, 2] [7, 6, 7, 6, 6, 5, 4, 3, 4, 2, 8, 6, 2, 5, 5, 6, 3, 3, 6, 3, 7, 5, 7, 5, 6, 5, 6, 6, 3, 3, 5, 2, 4, 4, 5, 3, 4, 5, 6, 7, 7, 3, 7, 4, 4, 6, 4, 7, 7, 5, 4, 6, 7, 3, 6, 2, 4, 4, 6, 7, 2, 4, 4, 6, 5, 3, 6, 5, 5, 5, 8, 2, 4, 2, 3, 3, 5, 5, 5, 3]
B_9 15.86 B 49 [4, 6, 4, 3, 1, 1, 3, 1, 5, 6, 6, 6, 1, 3, 1, 5, 6, 3, 5, 4, 3, 2, 6, 5, 1, 4, 2, 2, 6, 3, 6, 2, 6, 5, 3, 6, 6, 2, 5, 6, 1, 4, 1, 2, 4, 3, 6, 5, 4, 1, 6, 5, 4, 3, 3, 2, 6, 4, 5, 5, 4, 2, 3, 2, 3, 1, 2, 3, 5, 3, 4, 1, 4, 6, 4, 2, 4, 5, 4, 2] [6, 8, 5, 4, 1, 2, 3, 1, 5, 6, 6, 7, 3, 3, 3, 6, 8, 4, 6, 5, 3, 3, 8, 6, 2, 5, 3, 4, 7, 5, 7, 4, 8, 5, 5, 7, 8, 2, 6, 7, 2, 6, 1, 2, 5, 4, 7, 5, 5, 3, 6, 6, 5, 5, 5, 2, 6, 6, 6, 6, 4, 2, 3, 4, 3, 1, 4, 5, 6, 5, 6, 3, 4, 6, 6, 4, 4, 6, 4, 4]
B_10 19.25 B 50 [5, 1, 6, 1, 4, 1, 2, 2, 4, 3, 1, 2, 1, 6, 5, 3, 5, 2, 1, 5, 4, 3, 2, 4, 6, 3, 6, 6, 3, 4, 1, 6, 6, 5, 2, 1, 1, 1, 1, 6, 4, 5, 5, 4, 3, 3, 4, 5, 2, 6, 1, 5, 6, 6, 2, 4, 5, 3, 4, 3, 4, 2, 6, 3, 2, 3, 5, 3, 1, 6, 3, 4, 5, 2, 2, 4, 5, 2, 5, 1] [5, 3, 6, 1, 5, 1, 2, 3, 5, 5, 3, 2, 2, 6, 6, 4, 5, 2, 1, 7, 5, 5, 3, 5, 8, 4, 6, 6, 4, 4, 3, 8, 7, 5, 4, 1, 1, 3, 2, 6, 4, 6, 6, 4, 5, 4, 5, 6, 4, 6, 2, 5, 8, 8, 3, 6, 7, 5, 6, 4, 6, 2, 6, 3, 3, 5, 7, 3, 1, 6, 4, 5, 5, 2, 4, 4, 7, 3, 6, 3]
B_11 20.25 B 51 [2, 5, 1, 1, 3, 3, 1, 6, 3, 3, 6, 4, 4, 3, 4, 4, 2, 1, 5, 6, 2, 2, 2, 6, 5, 6, 6, 6, 1, 4, 3, 6, 4, 3, 2, 1, 5, 4, 2, 3, 4, 6, 4, 6, 5, 2, 6, 1, 6, 5, 5, 6, 3, 6, 4, 2, 2, 1, 2, 5, 4, 6, 6, 6, 5, 4, 1, 6, 3, 4, 5, 5, 3, 3, 1, 6, 3, 6, 3, 4] [2, 6, 2, 2, 3, 5, 2, 7, 5, 5, 6, 4, 4, 3, 6, 6, 2, 1, 5, 6, 3, 3, 2, 6, 5, 8, 8, 6, 1, 5, 5, 7, 5, 5, 2, 3, 5, 4, 3, 3, 5, 8, 5, 8, 5, 2, 7, 3, 6, 6, 5, 8, 5, 6, 5, 2, 2, 3, 4, 6, 6, 8, 7, 8, 5, 6, 1, 6, 5, 4, 7, 5, 5, 3, 3, 6, 3, 8, 5, 6]
B_12 21.25 B 52 [1, 1, 5, 5, 4, 6, 6, 5, 3, 4, 4, 5, 1, 5, 2, 5, 6, 3, 5, 4, 2, 1, 4, 5, 6, 6, 6, 4, 2, 1, 3, 3, 5, 6, 5, 6, 5, 5, 5, 1, 4, 4, 3, 4, 3, 3, 3, 6, 6, 4, 6, 3, 1, 6, 1, 2, 2, 3, 6, 3, 1, 6, 2, 1, 1, 3, 6, 3, 3, 1, 5, 4, 1, 5, 1, 1, 1, 2, 3, 6] [2, 3, 5, 7, 4, 7, 6, 7, 3, 5, 6, 5, 2, 6, 4, 7, 6, 5, 7, 4, 2, 1, 5, 7, 6, 6, 7, 6, 4, 1, 4, 3, 7, 8, 5, 7, 6, 7, 6, 3, 5, 5, 4, 5, 3, 3, 5, 7, 7, 5, 8, 5, 2, 6, 1, 2, 4, 3, 8, 5, 1, 6, 4, 3, 2, 3, 6, 5, 3, 3, 6, 4, 2, 7, 3, 3, 2, 3, 4, 6]
B_13 22.66 B 53 [3, 3, 4, 2, 3, 2, 3, 1, 3, 2, 5, 1, 3, 1, 5, 4, 4, 6, 6, 5, 6, 6, 2, 2, 5, 1, 3, 1, 1, 2, 6, 5, 6, 5, 1, 5, 5, 1, 2, 4, 3, 4, 6, 1, 6, 4, 6, 6, 2, 3, 6, 6, 6, 2, 3, 5, 4, 1, 3, 6, 5, 5, 5, 1, 6, 3, 6, 4, 2, 5, 3, 3, 3, 1, 1, 6, 3, 6, 1, 4] [3, 5, 6, 2, 3, 4, 4, 2, 3, 3, 6, 1, 3, 1, 7, 4, 5, 6, 8, 6, 6, 7, 2, 3, 5, 2, 3, 1, 2, 4, 7, 5, 6, 5, 2, 5, 7, 3, 3, 5, 3, 6, 7, 1, 6, 4, 8, 7, 3, 5, 8, 6, 6, 2, 5, 7, 4, 1, 5, 6, 5, 7, 6, 3, 7, 3, 6, 6, 2, 7, 4, 4, 3, 1, 1, 6, 5, 6, 3, 4]
B_14 23.66 B 54 [2, 2, 6, 1, 5, 3, 5, 4, 5, 5, 5, 3, 5, 5, 2, 3, 5, 1, 6, 3, 2, 3, 2, 6, 6, 3, 6, 6, 4, 3, 6, 2, 1, 3, 1, 2, 4, 3, 4, 5, 1, 1, 1, 6, 5, 4, 5, 1, 4, 3, 2, 4, 1, 3, 4, 6, 6, 3, 1, 4, 1, 4, 5, 3, 5, 3, 2, 5, 6, 6, 3, 3, 2, 3, 3, 3, 1, 3, 1, 4] [2, 4, 7, 1, 5, 5, 5, 5, 6, 5, 7, 3, 6, 5, 2, 5, 5, 2, 7, 5, 3, 4, 3, 6, 6, 3, 6, 6, 5, 5, 8, 2, 2, 5, 1, 3, 4, 5, 6, 7, 3, 2, 3, 8, 7, 6, 6, 2, 6, 5, 3, 5, 1, 5, 4, 7, 8, 3, 2, 5, 1, 4, 5, 4, 6, 5, 2, 5, 7, 8, 5, 3, 2, 3, 5, 3, 2, 5, 3, 6]
B_15 24.66 B 55 [5, 1, 3, 1, 4, 4, 5, 1, 1, 5, 6, 2, 3, 5, 6, 1, 6, 3, 6, 3, 1, 6, 2, 1, 5, 1, 4, 6, 2, 4, 5, 1, 6, 3, 1, 4, 6, 4, 6, 3, 3, 3, 2, 4, 1, 6, 5, 5, 1, 2, 4, 2, 2, 5, 6, 6, 5, 1, 4, 3, 6, 4, 3, 1, 3, 1, 5, 3, 5, 3, 4, 6, 1, 2, 4, 2, 4, 6, 6, 2] [6, 1, 4, 3, 4, 4, 7, 3, 3, 5, 8, 4, 3, 6, 7, 3, 6, 5, 7, 3, 1, 7, 3, 2, 6, 2, 6, 6, 3, 6, 6, 1, 8, 4, 3, 5, 7, 4, 6, 5, 5, 4, 4, 5, 3, 6, 5, 7, 2, 2, 6, 2, 2, 7, 7, 7, 5, 1, 6, 3, 6, 5, 3, 1, 4, 1, 6, 5, 5, 5, 4, 8, 1, 3, 5, 4, 6, 6, 8, 2]
B_16 25.66 B 56 [1, 1, 5, 2, 6, 6, 4, 1, 6, 3, 2, 1, 2, 2, 2, 6, 3, 2, 6, 2, 6, 6, 2, 2, 1, 4, 4, 1, 4, 5, 4, 1, 2, 1, 5, 5, 3, 5, 4, 6, 6, 4, 5, 1, 6, 3, 4, 3, 2, 6, 5, 2, 2, 4, 6, 5, 5, 3, 2, 2, 2, 3, 6, 4, 4, 4, 3, 1, 3, 2, 2, 2, 2, 5, 5, 2, 1, 3, 5, 2] [2, 1, 5, 3, 7, 6, 5, 1, 6, 3, 2, 1, 3, 3, 2, 8, 4, 2, 8, 4, 8, 8, 4, 2, 2, 5, 6, 2, 4, 5, 4, 1, 3, 1, 7, 5, 4, 5, 6, 6, 8, 4, 6, 1, 7, 4, 6, 3, 4, 6, 7, 2, 4, 4, 8, 5, 7, 3, 2, 4, 4, 4, 8, 5, 6, 5, 4, 3, 4, 3, 4, 2, 2, 7, 5, 2, 3, 4, 7, 3]
B_17 26.66 B 57 [2, 3, 4, 4, 6, 2, 6, 1, 3, 4, 4, 5, 3, 2, 3, 4, 2, 4, 4, 3, 3, 5, 4, 6, 4, 1, 2, 6, 6, 3, 4, 3, 2, 6, 4, 6, 4, 1, 1, 4, 2, 1, 4, 1, 2, 1, 2, 5, 2, 4, 3, 1, 3, 1, 3, 1, 3, 4, 5, 1, 1, 6, 2, 6, 1, 1, 6, 2, 5, 3, 1, 5, 5, 5, 3, 5, 2, 3, 6, 6] [3, 4, 4, 4, 8, 3, 8, 1, 3, 4, 5, 5, 3, 3, 4, 6, 3, 5, 6, 5, 4, 5, 4, 6, 6, 3, 2, 7, 8, 4, 6, 3, 2, 6, 4, 6, 5, 1, 2, 4, 2, 1, 6, 1, 2, 3, 4, 6, 4, 6, 5, 3, 3, 1, 3, 1, 3, 5, 5, 3, 3, 8, 3, 8, 3, 1, 6, 4, 5, 5, 2, 7, 5, 6, 4, 6, 3, 3, 8, 7]
B_18 27.66 B 58 [3, 1, 4, 6, 3, 1, 5, 4, 6, 6, 2, 1, 1, 2, 1, 6, 5, 1, 6, 2, 5, 2, 5, 5, 5, 1, 1, 1, 6, 3, 4, 3, 3, 1, 2, 1, 3, 4, 4, 2, 2, 2, 4, 1, 1, 4, 2, 6, 5, 5, 4, 2, 6, 3, 1, 4, 2, 5, 4, 5, 5, 2, 6, 4, 6, 2, 3, 6, 2, 1, 3, 3, 4, 4, 5, 6, 4, 4, 2, 6] [4, 1, 5, 8, 3, 1, 7, 6, 8, 7, 2, 2, 3, 4, 3, 6, 7, 2, 8, 2, 6, 4, 7, 6, 6, 1, 1, 3, 7, 4, 5, 3, 3, 3, 2, 1, 4, 5, 6, 3, 2, 3, 5, 2, 2, 5, 3, 6, 6, 6, 6, 4, 8, 5, 2, 6, 2, 5, 6, 7, 6, 2, 6, 4, 7, 4, 5, 8, 2, 3, 4, 3, 6, 4, 7, 7, 5, 5, 3, 7]
B_19 28.66 B 59 [1, 3, 6, 6, 6, 3, 3, 4, 4, 3, 5, 5, 3, 3, 4, 2, 5, 2, 3, 3, 2, 4, 1, 1, 2, 3, 1, 1, 1, 1, 6, 2, 5, 6, 4, 1, 6, 5, 5, 6, 4, 6, 6, 5, 5, 6, 2, 5, 6, 5, 3, 5, 3, 6, 4, 3, 2, 1, 5, 4, 5, 4, 3, 3, 2, 1, 3, 5, 6, 5, 3, 1, 1, 1, 1, 2, 1, 3, 2, 1] [3, 4, 6, 7, 8, 5, 3, 5, 5, 5, 6, 5, 3, 4, 4, 4, 5, 3, 4, 3, 3, 4, 3, 2, 3, 3, 1, 3, 3, 2, 7, 2, 6, 6, 4, 2, 6, 7, 5, 7, 6, 8, 6, 7, 6, 7, 3, 6, 7, 6, 4, 6, 5, 6, 5, 3, 4, 3, 7, 4, 5, 6, 4, 5, 3, 2, 5, 7, 6, 6, 5, 1, 1, 3, 3, 4, 3, 4, 2, 2]
B_20 29.66 B 60 [2, 4, 5, 3, 3, 1, 6, 2, 5, 5, 5, 4, 6, 2, 4, 5, 6, 4, 6, 4, 5, 3, 5, 6, 2, 5, 5, 5, 5, 3, 3, 4, 5, 5, 4, 3, 5, 2, 3, 3, 5, 2, 3, 1, 5, 6, 1, 3, 1, 4, 4, 4, 1, 5, 1, 6, 2, 1, 5, 5, 1, 3, 5, 2, 5, 3, 4, 3, 2, 6, 1, 2, 4, 4, 1, 1, 6, 4, 5, 4] [3, 5, 6, 5, 4, 3, 8, 2, 6, 7, 6, 6, 8, 3, 6, 5, 7, 5, 7, 5, 7, 4, 5, 8, 2, 5, 7, 5, 7, 5, 4, 6, 5, 7, 6, 3, 5, 3, 4, 3, 7, 2, 4, 1, 6, 8, 2, 5, 2, 4, 6, 6, 1, 5, 1, 6, 4, 3, 6, 5, 3, 4, 5, 3, 7, 3, 5, 5, 2, 6, 2, 3, 6, 4, 3, 3, 7, 6, 7, 6]
B_21 32.0 B 61 [2, 1, 1, 2, 5, 4, 4, 6, 3, 4, 3, 6, 3, 4, 6, 3, 6, 2, 2, 6, 6, 1, 2, 3, 6, 5, 6, 2, 1, 4, 3, 4, 3, 3, 2, 6, 6, 1, 2, 3, 2, 3, 4, 5, 6, 2, 5, 1, 2, 2, 2, 6, 6, 5, 4, 4, 3, 6, 2, 4, 3, 6, 1, 2, 4, 5, 2, 2, 4, 4, 5, 1, 3, 6, 2, 5, 2, 4, 3, 6] [3, 3, 3, 3, 7, 4, 4, 8, 5, 4, 3, 6, 5, 5, 6, 4, 8, 4, 3, 7, 8, 1, 2, 5, 8, 6, 7, 4, 2, 6, 5, 6, 4, 4, 4, 7, 7, 1, 4, 3, 4, 5, 6, 6, 7, 3, 6, 3, 4, 2, 2, 8, 6, 7, 4, 5, 4, 8, 2, 6, 4, 7, 3, 4, 4, 7, 4, 4, 5, 6, 6, 1, 3, 8, 2, 5, 2, 5, 5, 7]
B_22 33.0 B 62 [5, 2, 4, 2, 2, 1, 2, 3, 2, 6, 5, 2, 6, 4, 3, 3, 2, 2, 3, 1, 5, 2, 3, 6, 2, 4, 3, 6, 3, 2, 2, 1, 3, 3, 5, 6, 2, 4, 5, 4, 5, 1, 5, 1, 5, 6, 5, 5, 2, 3, 6, 6, 2, 5, 5, 3, 6, 2, 6, 3, 5, 1, 5, 6, 1, 3, 6, 5, 4, 3, 4, 5, 1, 1, 2, 6, 4, 4, 1, 2] [5, 3, 5, 3, 4, 2, 3, 5, 3, 7, 5, 4, 7, 4, 4, 4, 4, 4, 3, 1, 6, 3, 5, 6, 4, 4, 4, 6, 3, 3, 2, 3, 5, 5, 7, 6, 2, 5, 6, 5, 6, 1, 7, 2, 6, 6, 6, 6, 4, 3, 6, 7, 4, 6, 5, 3, 8, 3, 6, 4, 5, 3, 7, 6, 2, 5, 6, 6, 5, 3, 6, 5, 3, 2, 2, 6, 5, 4, 2, 2]
B_23 34.0 B 63 [1, 5, 3, 2, 3, 2, 1, 3, 1, 5, 2, 2, 5, 3, 5, 1, 4, 2, 3, 1, 2, 4, 5, 4, 5, 1, 2, 4, 6, 5, 5, 3, 3, 2, 1, 1, 3, 4, 5, 3, 3, 1, 2, 3, 1, 4, 3, 3, 6, 2, 3, 6, 1, 1, 3, 1, 4, 6, 4, 3, 2, 2, 6, 6, 1, 6, 4, 4, 2, 6, 3, 1, 3, 1, 1, 5, 5, 1, 4, 4] [1, 5, 3, 2, 3, 3, 3, 4, 2, 6, 3, 2, 7, 3, 5, 2, 5, 3, 3, 3, 2, 4, 5, 5, 5, 1, 2, 4, 6, 7, 7, 3, 5, 3, 1, 2, 3, 4, 7, 4, 4, 1, 2, 5, 3, 6, 3, 3, 6, 4, 3, 8, 3, 3, 4, 1, 5, 8, 4, 5, 3, 4, 6, 7, 3, 7, 5, 6, 2, 7, 5, 1, 3, 3, 3, 6, 6, 1, 4, 4]
B_24 35.0 B 64 [4, 6, 6, 2, 4, 4, 4, 5, 2, 4, 2, 1, 4, 1, 5, 1, 3, 4, 3, 5, 3, 2, 3, 4, 5, 5, 2, 3, 2, 4, 1, 3, 5, 2, 4, 1, 4, 6, 2, 6, 4, 5, 4, 6, 3, 4, 1, 3, 5, 3, 2, 5, 1, 6, 5, 3, 4, 1, 6, 2, 5, 4, 1, 1, 5, 6, 3, 4, 2, 2, 4, 2, 5, 6, 1, 6, 6, 1, 2, 2] [6, 6, 7, 2, 4, 4, 5, 5, 3, 4, 3, 3, 6, 2, 5, 1, 5, 6, 4, 6, 4, 2, 3, 6, 7, 5, 4, 3, 3, 6, 2, 5, 6, 3, 6, 1, 6, 7, 4, 8, 4, 5, 5, 8, 5, 4, 2, 5, 5, 3, 3, 5, 2, 7, 6, 4, 6, 3, 7, 3, 7, 4, 2, 3, 7, 6, 3, 4, 2, 4, 4, 3, 6, 7, 2, 6, 7, 1, 4, 4]
B_25 36.0 B 65 [5, 1, 5, 4, 2, 6, 2, 1, 6, 5, 5, 4, 3, 2, 3, 3, 6, 5, 3, 2, 3, 2, 3, 2, 5, 1, 1, 6, 3, 4, 5, 4, 2, 4, 1, 3, 5, 6, 4, 5, 3, 2, 1, 1, 5, 6, 1, 5, 3, 1, 3, 4, 3, 3, 3, 1, 4, 1, 2, 1, 3, 5, 3, 6, 6, 6, 4, 2, 1, 4, 6, 1, 4, 1, 2, 3, 2, 3, 6, 6] [6, 2, 5, 4, 3, 7, 2, 1, 7, 5, 6, 5, 3, 2, 4, 5, 8, 7, 3, 2, 3, 4, 5, 3, 7, 2, 3, 7, 5, 4, 7, 5, 4, 4, 3, 3, 6, 8, 6, 7, 3, 4, 1, 2, 5, 8, 1, 6, 3, 1, 5, 6, 3, 3, 5, 1, 5, 1, 4, 2, 3, 7, 5, 7, 6, 8, 6, 4, 2, 5, 8, 2, 4, 3, 2, 4, 2, 3, 6, 6]
B_26 37.0 B 66 [3, 6, 5, 6, 1, 3, 4, 6, 2, 6, 4, 4, 2, 6, 1, 2, 4, 1, 5, 3, 1, 1, 1, 1, 5, 2, 3, 3, 4, 2, 3, 4, 1, 5, 6, 3, 5, 6, 3, 4, 3, 3, 5, 6, 1, 2, 5, 6, 6, 2, 5, 1, 6, 6, 2, 5, 3, 6, 3, 3, 4, 2, 6, 4, 3, 4, 5, 2, 5, 1, 1, 2, 4, 6, 1, 3, 4, 5, 6, 6] [5, 7, 5, 6, 2, 5, 5, 8, 3, 8, 5, 4, 4, 6, 1, 4, 5, 3, 6, 5, 1, 2, 3, 3, 6, 4, 4, 4, 5, 3, 3, 4, 2, 5, 6, 3, 6, 7, 4, 4, 5, 4, 6, 8, 2, 3, 6, 6, 6, 4, 7, 1, 6, 6, 2, 6, 4, 6, 5, 5, 5, 4, 6, 5, 3, 6, 5, 3, 5, 3, 3, 4, 6, 7, 3, 3, 6, 6, 6, 8]
B_27 38.95 B 67 [2, 4, 3, 1, 5, 4, 2, 3, 2, 3, 3, 4, 1, 3, 6, 6, 2, 3, 3, 3, 4, 5, 4, 5, 6, 6, 4, 4, 1, 1, 3, 1, 5, 1, 6, 5, 3, 4, 4, 5, 5, 5, 2, 1, 4, 5, 2, 5, 3, 3, 3, 6, 3, 4, 5, 3, 1, 2, 6, 5, 3, 2, 5, 4, 4, 2, 2, 3, 2, 6, 2, 3, 4, 1, 2, 5, 2, 4, 2, 4] [4, 4, 4, 2, 5, 4, 3, 3, 2, 3, 5, 5, 1, 5, 8, 8, 2, 4, 5, 3, 5, 6, 6, 6, 8, 8, 6, 4, 2, 3, 5, 3, 6, 1, 7, 5, 3, 6, 4, 5, 6, 7, 3, 1, 5, 7, 2, 6, 5, 5, 3, 6, 5, 6, 5, 5, 3, 4, 8, 7, 5, 4, 6, 6, 4, 4, 3, 4, 4, 8, 2, 4, 4, 3, 4, 7, 2, 5, 3, 6]
B_28 39.95 B 68 [5, 2, 3, 3, 3, 4, 1, 6, 1, 1, 5, 6, 5, 3, 5, 5, 1, 3, 3, 2, 6, 3, 5, 6, 3, 5, 3, 4, 2, 5, 1, 5, 1, 1, 3, 6, 5, 6, 3, 2, 5, 4, 4, 2, 2, 2, 4, 5, 4, 5, 1, 3, 3, 2, 6, 5, 3, 5, 2, 6, 2, 4, 4, 2, 2, 1, 5, 2, 6, 1, 2, 1, 4, 4, 4, 1, 4, 5, 5, 4] [6, 3, 5, 5, 4, 5, 2, 8, 1, 2, 7, 8, 6, 3, 7, 6, 1, 4, 3, 4, 6, 3, 7, 7, 4, 5, 4, 5, 4, 6, 3, 6, 1, 1, 3, 8, 5, 8, 5, 2, 6, 6, 5, 4, 2, 3, 6, 6, 5, 6, 1, 5, 3, 2, 7, 5, 4, 5, 2, 6, 2, 5, 5, 2, 2, 2, 5, 4, 6, 2, 4, 3, 6, 5, 6, 3, 6, 7, 5, 4]
B_29 40.95 B 69 [4, 1, 5, 6, 6, 4, 6, 6, 6, 5, 1, 5, 2, 2, 4, 6, 4, 6, 1, 4, 4, 5, 4, 6, 6, 2, 1, 1, 3, 6, 3, 5, 4, 6, 1, 1, 4, 3, 5, 3, 1, 2, 5, 2, 1, 4, 4, 4, 3, 3, 6, 4, 1, 5, 6, 3, 2, 3, 1, 5, 6, 4, 3, 6, 2, 4, 1, 6, 1, 4, 6, 1, 3, 2, 5, 5, 3, 1, 2, 4] [6, 3, 5, 8, 7, 6, 6, 8, 8, 7, 2, 5, 2, 3, 6, 7, 4, 8, 1, 6, 4, 5, 6, 7, 6, 4, 1, 2, 3, 8, 4, 5, 5, 7, 3, 2, 5, 3, 5, 5, 2, 2, 7, 4, 3, 4, 5, 4, 5, 5, 6, 4, 3, 7, 8, 5, 3, 5, 3, 6, 6, 6, 3, 7, 4, 5, 3, 8, 2, 4, 8, 3, 4, 4, 6, 6, 4, 1, 2, 4]
B_30 41.95 B 70 [3, 5, 2, 3, 4, 5, 4, 6, 6, 6, 2, 6, 3, 1, 4, 2, 2, 4, 6, 3, 4, 1, 6, 3, 6, 4, 5, 6, 3, 4, 4, 6, 3, 6, 3, 5, 6, 6, 4, 2, 3, 4, 4, 2, 5, 2, 3, 2, 6, 4, 3, 5, 5, 3, 3, 4, 2, 1, 3, 3, 1, 5, 4, 3, 4, 6, 1, 2, 2, 6, 5, 6, 2, 3, 1, 5, 5, 3, 4, 2] [5, 6, 2, 5, 6, 7, 5, 8, 7, 8, 2, 8, 5, 2, 5, 3, 4, 5, 8, 4, 6, 3, 6, 4, 6, 4, 7, 7, 5, 6, 6, 7, 3, 6, 4, 5, 7, 8, 5, 2, 4, 4, 5, 3, 6, 3, 5, 4, 8, 6, 4, 7, 6, 4, 5, 4, 4, 2, 4, 5, 2, 6, 6, 5, 4, 8, 3, 2, 4, 8, 5, 8, 3, 3, 1, 7, 5, 5, 5, 4]
B_31 42.95 B 71 [4, 6, 3, 1, 1, 2, 6, 5, 6, 4, 2, 3, 5, 2, 5, 5, 6, 2, 5, 6, 3, 5, 4, 5, 2, 4, 4, 5, 6, 2, 6, 6, 4, 3, 1, 6, 3, 3, 2, 1, 2, 1, 1, 2, 4, 2, 6, 2, 1, 1, 4, 5, 4, 3, 3, 6, 2, 5, 3, 1, 2, 1, 5, 1, 2, 1, 2, 3, 1, 1, 6, 3, 2, 5, 5, 2, 2, 1, 2, 3] [4, 7, 5, 1, 1, 4, 8, 5, 8, 4, 4, 4, 7, 3, 7, 7, 6, 4, 6, 7, 4, 7, 5, 7, 4, 6, 5, 7, 8, 4, 6, 7, 5, 4, 1, 7, 4, 3, 3, 3, 4, 2, 3, 3, 4, 4, 8, 4, 2, 3, 5, 5, 4, 4, 3, 8, 2, 7, 3, 1, 3, 1, 5, 1, 3, 2, 4, 4, 3, 3, 8, 5, 2, 7, 5, 2, 4, 2, 2, 3]
B_32 44.010000000000005 B 72 [4, 6, 2, 4, 2, 3, 5, 4, 2, 4, 1, 6, 3, 3, 5, 3, 2, 6, 1, 2, 4, 1, 3, 1, 5, 2, 3, 2, 1, 1, 4, 4, 6, 3, 6, 5, 4, 5, 5, 4, 3, 6, 2, 3, 4, 4, 4, 6, 4, 4, 5, 3, 1, 3, 2, 1, 2, 5, 4, 1, 4, 3, 1, 3, 5, 4, 4, 4, 4, 3, 2, 2, 1, 6, 4, 4, 6, 2, 5, 2] [5, 7, 4, 5, 2, 5, 5, 4, 3, 4, 2, 6, 4, 5, 7, 5, 2, 7, 1, 4, 6, 2, 3, 3, 7, 3, 3, 4, 1, 3, 5, 5, 8, 4, 7, 6, 4, 7, 6, 5, 5, 8, 3, 3, 6, 5, 6, 7, 4, 4, 5, 5, 2, 3, 2, 1, 2, 5, 6, 1, 6, 3, 3, 3, 6, 4, 6, 4, 6, 4, 3, 2, 1, 8, 6, 6, 8, 4, 5, 2]
B_33 45.010000000000005 B 73 [2, 6, 6, 5, 6, 2, 2, 4, 5, 6, 6, 2, 1, 6, 5, 6, 5, 1, 4, 6, 1, 1, 3, 2, 5, 4, 4, 2, 5, 6, 6, 2, 3, 3, 1, 4, 1, 6, 1, 1, 6, 3, 6, 2, 4, 2, 4, 4, 2, 6, 2, 3, 5, 1, 3, 2, 5, 5, 4, 1, 4, 6, 1, 1, 6, 1, 6, 1, 4, 2, 3, 5, 6, 4, 4, 5, 1, 5, 3, 6] [3, 6, 6, 6, 7, 2, 2, 6, 5, 8, 7, 4, 2, 8, 5, 6, 7, 1, 4, 8, 3, 2, 4, 3, 5, 4, 6, 4, 5, 6, 7, 3, 5, 5, 2, 6, 1, 6, 2, 2, 7, 5, 6, 3, 4, 2, 5, 6, 2, 6, 2, 3, 7, 1, 3, 3, 7, 6, 4, 3, 4, 8, 2, 3, 7, 3, 7, 3, 5, 4, 3, 7, 8, 4, 4, 5, 1, 6, 5, 8]
B_34 46.010000000000005 B 74 [6, 6, 2, 1, 6, 3, 2, 3, 1, 1, 1, 1, 5, 1, 1, 3, 2, 3, 2, 5, 5, 2, 6, 6, 4, 6, 6, 5, 5, 5, 4, 4, 3, 5, 1, 4, 5, 6, 4, 2, 1, 3, 6, 3, 3, 1, 2, 2, 2, 4, 2, 1, 1, 1, 3, 4, 5, 3, 5, 1, 1, 2, 2, 1, 1, 2, 1, 2, 4, 5, 1, 5, 4, 4, 1, 1, 2, 4, 2, 3] [6, 8, 3, 1, 7, 4, 2, 4, 1, 3, 1, 1, 5, 1, 2, 5, 2, 5, 3, 7, 6, 4, 8, 7, 4, 6, 8, 6, 6, 5, 4, 5, 4, 7, 3, 5, 6, 6, 6, 4, 2, 5, 8, 3, 5, 1, 2, 3, 3, 6, 4, 3, 3, 1, 5, 5, 5, 4, 7, 3, 3, 2, 2, 3, 2, 2, 3, 4, 6, 6, 1, 5, 6, 4, 2, 1, 2, 6, 2, 4]
B_35 47.010000000000005 B 75 [4, 3, 1, 3, 5, 4, 3, 3, 1, 1, 6, 5, 1, 5, 6, 5, 5, 4, 5, 4, 2, 1, 5, 3, 4, 3, 5, 2, 3, 3, 5, 5, 6, 1, 4, 3, 2, 1, 4, 2, 6, 1, 6, 1, 3, 3, 2, 3, 3, 2, 4, 6, 1, 6, 3, 2, 2, 5, 6, 2, 1, 5, 6, 5, 6, 3, 3, 5, 1, 5, 5, 2, 4, 5, 1, 1, 2, 6, 4, 1] [4, 3, 2, 5, 5, 4, 5, 3, 3, 1, 8, 7, 1, 6, 6, 5, 6, 4, 6, 6, 4, 2, 7, 3, 5, 3, 7, 2, 5, 4, 6, 5, 7, 3, 4, 4, 3, 1, 6, 4, 8, 2, 8, 1, 5, 4, 3, 4, 3, 4, 4, 6, 3, 6, 3, 4, 2, 6, 7, 4, 3, 5, 6, 6, 6, 4, 3, 7, 3, 6, 7, 2, 6, 5, 1, 3, 3, 8, 4, 1]
B_36 48.010000000000005 B 76 [3, 6, 1, 4, 4, 2, 5, 5, 2, 4, 5, 4, 6, 1, 4, 5, 1, 3, 6, 1, 5, 6, 1, 4, 3, 2, 1, 1, 4, 6, 5, 6, 4, 1, 4, 1, 4, 3, 4, 3, 4, 5, 3, 6, 1, 1, 6, 6, 3, 4, 5, 3, 1, 3, 1, 4, 1, 2, 4, 1, 6, 2, 4, 5, 6, 2, 4, 2, 4, 3, 5, 2, 6, 1, 2, 2, 2, 6, 5, 3] [4, 8, 3, 6, 4, 3, 6, 7, 3, 4, 6, 4, 8, 1, 6, 6, 2, 5, 7, 2, 7, 6, 3, 5, 4, 3, 2, 3, 4, 8, 7, 8, 5, 3, 5, 2, 4, 4, 5, 3, 4, 6, 5, 7, 2, 2, 8, 6, 5, 4, 7, 3, 2, 5, 2, 6, 3, 3, 5, 3, 7, 2, 5, 6, 7, 2, 6, 2, 6, 4, 5, 4, 8, 1, 2, 3, 3, 8, 5, 5]
B_37 49.010000000000005 B 77 [1, 5, 4, 1, 1, 4, 4, 6, 3, 4, 4, 6, 4, 5, 3, 3, 5, 2, 5, 5, 6, 2, 4, 4, 1, 1, 4, 1, 1, 5, 1, 1, 2, 6, 4, 2, 2, 5, 4, 3, 1, 6, 4, 4, 3, 6, 1, 2, 5, 5, 2, 6, 2, 6, 3, 6, 3, 3, 4, 3, 4, 4, 4, 1, 1, 3, 5, 4, 5, 1, 3, 1, 2, 5, 4, 6, 6, 1, 3, 3] [1, 7, 6, 1, 1, 6, 5, 8, 4, 6, 5, 8, 6, 7, 4, 3, 7, 4, 5, 6, 7, 2, 6, 4, 3, 1, 5, 3, 1, 7, 3, 2, 2, 7, 4, 3, 2, 6, 5, 4, 1, 8, 5, 4, 4, 7, 2, 3, 5, 6, 3, 8, 3, 6, 5, 6, 4, 3, 5, 4, 6, 5, 4, 1, 1, 3, 6, 5, 7, 1, 5, 2, 4, 6, 6, 8, 8, 3, 5, 5]
B_38 50.010000000000005 B 78 [5, 3, 1, 6, 5, 6, 3, 4, 1, 2, 1, 3, 2, 2, 6, 1, 4, 4, 3, 3, 3, 1, 3, 5, 5, 3, 1, 3, 6, 2, 6, 4, 1, 1, 1, 2, 6, 2, 6, 6, 3, 1, 1, 4, 1, 3, 4, 2, 4, 4, 5, 3, 3, 1, 1, 6, 5, 6, 2, 2, 5, 3, 1, 4, 2, 6, 6, 2, 5, 2, 4, 2, 5, 3, 2, 4, 5, 3, 3, 5] [6, 3, 1, 6, 6, 6, 3, 5, 2, 2, 1, 3, 4, 2, 6, 1, 5, 4, 5, 5, 5, 3, 3, 6, 5, 3, 1, 5, 6, 4, 8, 5, 3, 3, 1, 4, 6, 2, 7, 6, 4, 3, 1, 4, 2, 3, 5, 4, 5, 4, 6, 5, 4, 3, 3, 8, 7, 8, 3, 2, 7, 5, 2, 4, 4, 6, 6, 3, 5, 2, 5, 2, 5, 5, 2, 4, 5, 5, 5, 5]
B_39 52.720000000000006 B 79 [1, 2, 4, 4, 4, 2, 2, 5, 1, 6, 6, 3, 2, 1, 5, 2, 4, 6, 4, 2, 4, 5, 3, 3, 6, 1, 1, 4, 5, 5, 3, 2, 4, 2, 1, 2, 2, 4, 6, 2, 3, 1, 2, 3, 4, 6, 2, 6, 2, 2, 1, 4, 6, 4, 4, 2, 2, 6, 6, 1, 4, 6, 2, 4, 2, 6, 6, 4, 4, 4, 2, 3, 2, 6, 3, 1, 3, 3, 5, 1] [2, 4, 5, 4, 6, 4, 2, 5, 1, 7, 6, 4, 3, 3, 6, 4, 4, 8, 5, 4, 4, 7, 5, 4, 8, 2, 2, 4, 6, 6, 5, 3, 5, 3, 2, 4, 2, 5, 8, 3, 5, 2, 4, 4, 5, 7, 4, 8, 3, 4, 3, 6, 6, 4, 6, 2, 3, 7, 7, 2, 6, 7, 2, 4, 4, 6, 8, 6, 4, 4, 4, 3, 2, 8, 4, 1, 5, 5, 5, 3]
