A_0 1.68 A 0 [3, 5, 2, 2, 3, 4, 3, 1, 5, 3, 1, 2, 1, 3, 6, 5, 3, 5, 6, 2, 4, 6, 3, 5, 5, 4, 5, 3, 2, 3, 5, 6, 3, 5, 2, 1, 1, 3, 3, 4, 6, 1, 5, 1, 6, 1, 1, 2, 3, 4, 5, 5, 2, 3, 4, 4, 2, 1, 5, 2, 6, 1, 3, 5, 6, 4, 4, 3, 5, 5, 2, 4, 5, 5, 3, 4, 3, 4, 5, 2] [5, 5, 2, 3, 4, 5, 5, 1, 5, 5, 1, 2, 2, 5, 6, 7, 4, 5, 7, 2, 5, 6, 3, 6, 5, 6, 5, 5, 4, 3, 6, 6, 5, 5, 3, 2, 2, 4, 3, 4, 6, 2, 6, 2, 8, 2, 1, 2, 5, 5, 5, 5, 2, 4, 5, 4, 2, 1, 5, 3, 7, 2, 3, 6, 7, 6, 6, 5, 7, 5, 4, 5, 6, 6, 3, 5, 3, 5, 6, 3]
A_1 2.6799999999999997 A 1 [5, 6, 2, 6, 1, 5, 4, 1, 5, 5, 2, 3, 5, 2, 2, 2, 3, 3, 3, 5, 5, 4, 5, 4, 3, 1, 2, 4, 1, 5, 1, 3, 4, 4, 4, 5, 6, 3, 1, 4, 4, 2, 3, 1, 2, 6, 1, 3, 5, 1, 1, 2, 3, 3, 2, 2, 1, 4, 3, 1, 2, 3, 2, 3, 6, 5, 6, 4, 2, 6, 5, 4, 6, 4, 1, 4, 1, 4, 3, 3] [5, 6, 3, 7, 3, 6, 4, 3, 5, 7, 3, 5, 7, 3, 2, 3, 5, 4, 4, 6, 5, 6, 7, 5, 5, 3, 2, 6, 3, 6, 1, 4, 5, 5, 4, 7, 8, 3, 1, 5, 6, 4, 5, 3, 4, 8, 2, 5, 6, 3, 1, 3, 4, 4, 3, 4, 1, 5, 4, 3, 2, 5, 2, 4, 8, 5, 8, 6, 4, 7, 6, 6, 7, 5, 1, 5, 2, 6, 5, 5]
A_2 3.6799999999999997 A 2 [2, 2, 3, 1, 5, 5, 6, 3, 5, 2, 1, 5, 4, 4, 6, 2, 2, 5, 2, 5, 4, 5, 1, 2, 3, 6, 6, 6, 3, 4, 4, 1, 6, 6, 5, 1, 4, 1, 3, 6, 1, 1, 4, 3, 3, 6, 6, 6, 3, 3, 2, 2, 5, 3, 6, 1, 3, 4, 6, 1, 2, 6, 1, 3, 6, 2, 3, 6, 2, 3, 1, 4, 6, 6, 5, 6, 5, 4, 5, 3] [2, 3, 4, 1, 6, 5, 6, 3, 7, 2, 1, 7, 4, 4, 7, 4, 4, 6, 4, 6, 4, 6, 1, 2, 3, 6, 8, 6, 3, 5, 6, 3, 7, 6, 7, 2, 6, 1, 4, 7, 3, 3, 5, 5, 4, 6, 8, 7, 4, 5, 4, 2, 5, 4, 8, 2, 3, 5, 8, 1, 3, 6, 2, 5, 8, 3, 5, 8, 3, 3, 3, 4, 6, 7, 5, 6, 7, 4, 7, 5]
A_3 5.26 A 3 [2, 6, 1, 5, 1, 4, 3, 3, 6, 4, 6, 5, 4, 2, 4, 1, 5, 2, 5, 5, 5, 3, 6, 4, 4, 5, 5, 2, 5, 4, 4, 3, 1, 3, 2, 4, 3, 5, 2, 6, 3, 5, 5, 3, 2, 6, 5, 2, 1, 5, 6, 4, 1, 3, 5, 3, 5, 5, 6, 3, 4, 1, 3, 4, 2, 4, 2, 3, 4, 4, 4, 6, 5, 3, 4, 3, 4, 2, 1, 3] [3, 7, 1, 7, 3, 5, 3, 4, 8, 6, 7, 5, 5, 3, 5, 3, 6, 2, 7, 7, 5, 4, 7, 6, 6, 7, 5, 4, 5, 5, 6, 3, 1, 3, 4, 4, 5, 6, 4, 8, 4, 7, 5, 4, 2, 6, 6, 4, 3, 5, 8, 6, 2, 4, 5, 4, 5, 5, 7, 3, 5, 2, 4, 4, 2, 6, 4, 4, 5, 6, 6, 7, 6, 4, 5, 5, 4, 3, 3, 5]
A_4 6.26 A 4 [3, 1, 5, 1, 6, 3, 3, 2, 6, 3, 6, 4, 6, 1, 4, 1, 6, 4, 6, 6, 1, 4, 5, 4, 2, 4, 2, 2, 1, 5, 5, 2, 3, 3, 6, 5, 4, 3, 2, 2, 2, 5, 5, 3, 5, 1, 1, 6, 4, 1, 4, 2, 1, 1, 2, 4, 2, 1, 6, 5, 3, 5, 2, 6, 4, 3, 4, 6, 4, 6, 4, 4, 2, 4, 4, 4, 1, 2, 4, 4] [4, 3, 6, 3, 8, 3, 4, 2, 6, 4, 6, 6, 6, 1, 6, 3, 6, 4, 7, 7, 3, 6, 7, 4, 2, 4, 4, 4, 3, 6, 5, 2, 5, 4, 6, 7, 4, 5, 2, 2, 2, 5, 6, 5, 7, 2, 1, 6, 5, 3, 4, 4, 2, 3, 4, 5, 2, 1, 8, 5, 5, 6, 2, 6, 5, 5, 4, 8, 4, 6, 6, 6, 3, 5, 4, 5, 1, 2, 5, 6]
A_5 7.26 A 5 [4, 5, 5, 4, 3, 1, 5, 2, 5, 2, 6, 5, 1, 6, 4, 1, 5, 3, 1, 3, 2, 2, 3, 2, 6, 2, 4, 1, 1, 6, 6, 3, 6, 3, 1, 4, 4, 1, 6, 2, 5, 3, 5, 5, 3, 6, 1, 3, 4, 5, 5, 5, 1, 4, 3, 3, 1, 1, 6, 1, 5, 6, 4, 5, 3, 3, 6, 3, 3, 6, 5, 6, 4, 1, 4, 6, 5, 6, 4, 2] [5, 6, 5, 5, 3, 2, 6, 4, 5, 3, 7, 6, 1, 7, 4, 3, 7, 3, 1, 3, 2, 3, 4, 4, 6, 3, 5, 1, 3, 8, 8, 3, 8, 3, 1, 5, 6, 1, 7, 2, 5, 5, 6, 7, 4, 8, 3, 3, 6, 6, 7, 5, 3, 5, 5, 3, 3, 2, 7, 1, 5, 8, 6, 7, 4, 5, 6, 4, 4, 6, 6, 6, 6, 1, 6, 8, 7, 7, 6, 3]
A_6 10.28 A 6 [3, 4, 6, 3, 3, 5, 1, 5, 4, 3, 4, 4, 1, 1, 3, 4, 4, 5, 6, 4, 4, 5, 5, 1, 6, 2, 1, 5, 4, 6, 6, 1, 2, 5, 3, 3, 4, 1, 2, 1, 5, 6, 3, 3, 3, 4, 3, 2, 2, 2, 6, 5, 3, 3, 6, 6, 5, 5, 4, 5, 1, 3, 5, 6, 2, 2, 2, 4, 1, 3, 2, 2, 2, 3, 1, 3, 6, 3, 1, 6] [5, 4, 6, 3, 4, 6, 3, 5, 4, 3, 4, 5, 1, 1, 5, 5, 5, 5, 8, 6, 6, 5, 5, 1, 8, 4, 3, 6, 4, 7, 7, 1, 4, 6, 3, 3, 5, 3, 3, 3, 5, 7, 4, 3, 5, 5, 3, 3, 2, 4, 7, 5, 4, 4, 8, 6, 7, 5, 6, 5, 2, 3, 7, 6, 4, 2, 2, 4, 1, 3, 2, 4, 2, 5, 1, 4, 8, 3, 2, 7]
A_7 11.28 A 7 [1, 1, 3, 3, 2, 2, 5, 1, 3, 6, 3, 1, 3, 2, 4, 5, 5, 2, 3, 2, 6, 2, 2, 6, 4, 4, 2, 4, 1, 4, 2, 1, 4, 2, 1, 6, 4, 5, 1, 4, 5, 4, 6, 1, 6, 2, 6, 1, 3, 6, 2, 3, 1, 4, 3, 1, 5, 3, 5, 4, 2, 2, 6, 1, 1, 1, 2, 5, 4, 2, 3, 3, 6, 6, 2, 2, 2, 1, 3, 1] [1, 3, 3, 4, 2, 4, 5, 1, 4, 7, 4, 2, 4, 4, 4, 6, 7, 3, 3, 4, 8, 3, 3, 8, 4, 5, 4, 6, 1, 4, 3, 1, 4, 2, 1, 6, 6, 6, 1, 4, 6, 6, 7, 2, 6, 3, 7, 2, 4, 7, 2, 5, 1, 6, 3, 2, 5, 5, 5, 6, 4, 3, 7, 1, 3, 3, 3, 6, 4, 2, 5, 4, 8, 6, 4, 4, 2, 3, 5, 3]
A_8 12.28 A 8 [5, 5, 5, 6, 6, 5, 4, 3, 6, 1, 4, 3, 3, 6, 6, 2, 6, 5, 2, 4, 5, 2, 6, 6, 6, 6, 1, 3, 4, 1, 4, 3, 4, 4, 6, 3, 6, 6, 4, 1, 4, 6, 6, 3, 1, 4, 5, 2, 6, 3, 3, 6, 3, 1, 6, 5, 6, 3, 5, 3, 6, 4, 5, 6, 2, 6, 5, 3, 2, 3, 3, 1, 1, 4, 4, 5, 3, 2, 3, 2] [5, 5, 7, 8, 6, 5, 4, 4, 8, 1, 5, 4, 5, 7, 7, 2, 7, 5, 3, 5, 6, 2, 8, 7, 8, 8, 1, 3, 4, 3, 6, 4, 4, 6, 8, 3, 8, 8, 6, 1, 6, 7, 8, 5, 2, 4, 6, 3, 7, 4, 4, 7, 5, 2, 8, 6, 7, 3, 6, 4, 7, 5, 6, 8, 4, 8, 6, 4, 3, 4, 5, 3, 3, 5, 4, 6, 3, 4, 5, 4]
A_9 13.799999999999999 A 9 [3, 5, 2, 4, 3, 2, 3, 6, 1, 6, 1, 4, 1, 5, 1, 1, 3, 4, 2, 5, 2, 6, 4, 4, 2, 6, 3, 3, 1, 2, 3, 6, 3, 6, 2, 3, 4, 3, 4, 2, 1, 2, 2, 2, 5, 5, 1, 3, 4, 6, 4, 6, 4, 1, 5, 1, 6, 5, 6, 2, 2, 5, 5, 3, 6, 4, 6, 6, 3, 2, 3, 6, 6, 2, 4, 6, 4, 3, 4, 2] [5, 7, 2, 6, 4, 3, 3, 7, 1, 6, 3, 4, 2, 5, 1, 2, 5, 4, 2, 5, 2, 6, 6, 5, 4, 8, 4, 3, 2, 3, 3, 8, 5, 7, 3, 5, 6, 4, 6, 3, 3, 3, 3, 4, 7, 7, 3, 3, 4, 8, 4, 8, 4, 1, 7, 1, 7, 5, 6, 2, 2, 5, 5, 5, 6, 5, 7, 6, 5, 3, 5, 7, 8, 2, 6, 6, 4, 4, 4, 2]
A_10 15.329999999999998 A 10 [1, 2, 1, 6, 6, 6, 4, 3, 4, 1, 2, 1, 2, 5, 1, 6, 6, 4, 5, 4, 1, 3, 2, 5, 5, 5, 3, 6, 1, 5, 2, 1, 3, 1, 3, 2, 5, 4, 1, 1, 2, 6, 4, 5, 4, 1, 6, 5, 3, 2, 3, 1, 6, 2, 5, 3, 4, 6, 6, 4, 3, 6, 2, 2, 3, 3, 5, 6, 5, 1, 5, 1, 4, 2, 4, 6, 1, 1, 2, 1] [1, 3, 1, 7, 6, 7, 4, 4, 5, 3, 4, 2, 2, 7, 2, 6, 8, 5, 7, 5, 1, 4, 3, 6, 6, 6, 5, 7, 1, 5, 3, 2, 5, 1, 4, 3, 7, 5, 2, 3, 3, 8, 6, 5, 5, 3, 6, 6, 5, 3, 5, 1, 7, 3, 7, 4, 5, 7, 6, 6, 4, 7, 2, 3, 4, 3, 6, 6, 5, 3, 5, 1, 5, 3, 5, 6, 3, 2, 2, 1]
A_11 16.33 A 11 [2, 3, 5, 5, 4, 5, 4, 1, 3, 4, 1, 2, 3, 1, 3, 3, 5, 4, 1, 5, 6, 2, 2, 2, 1, 3, 3, 3, 3, 2, 5, 5, 1, 3, 1, 2, 6, 6, 2, 1, 1, 4, 2, 6, 3, 3, 4, 2, 4, 1, 3, 5, 2, 5, 4, 4, 5, 1, 3, 1, 2, 2, 5, 5, 4, 3, 3, 2, 3, 3, 3, 5, 6, 5, 5, 4, 1, 3, 1, 4] [2, 5, 7, 5, 6, 6, 5, 2, 4, 4, 2, 2, 5, 1, 3, 4, 7, 4, 2, 5, 6, 4, 4, 2, 3, 4, 3, 4, 4, 2, 7, 7, 3, 5, 1, 3, 8, 6, 3, 2, 1, 6, 2, 6, 4, 4, 5, 3, 4, 3, 5, 6, 2, 7, 4, 5, 5, 1, 5, 3, 2, 4, 7, 6, 5, 3, 5, 3, 4, 4, 3, 5, 7, 6, 7, 5, 2, 4, 3, 5]
A_12 17.33 A 12 [1, 5, 4, 4, 6, 1, 1, 3, 3, 1, 2, 3, 3, 5, 5, 3, 6, 3, 2, 3, 1, 5, 3, 3, 5, 6, 5, 5, 6, 6, 1, 3, 3, 2, 6, 6, 1, 2, 3, 6, 4, 2, 6, 1, 6, 5, 2, 5, 5, 3, 4, 4, 2, 6, 1, 5, 4, 3, 1, 1, 3, 3, 2, 6, 4, 5, 2, 2, 3, 5, 5, 1, 5, 6, 2, 6, 1, 4, 1, 1] [2, 7, 4, 5, 6, 1, 1, 4, 5, 2, 2, 5, 5, 5, 6, 5, 8, 5, 3, 3, 3, 6, 4, 3, 6, 6, 6, 6, 8, 8, 1, 5, 5, 3, 8, 6, 1, 3, 4, 8, 6, 2, 6, 2, 8, 7, 3, 7, 7, 3, 4, 4, 4, 7, 2, 5, 6, 3, 1, 3, 3, 3, 3, 8, 5, 6, 2, 4, 4, 7, 5, 2, 6, 7, 3, 6, 1, 6, 1, 1]
A_13 20.74 A 13 [3, 2, 4, 2, 1, 6, 1, 2, 6, 5, 5, 1, 5, 1, 1, 6, 4, 3, 2, 2, 3, 1, 6, 5, 1, 3, 4, 2, 1, 4, 3, 1, 6, 5, 4, 1, 5, 2, 2, 1, 2, 6, 3, 6, 3, 4, 2, 6, 1, 5, 1, 6, 5, 1, 1, 5, 4, 3, 6, 1, 5, 4, 6, 4, 1, 4, 4, 1, 6, 6, 2, 3, 4, 4, 2, 3, 1, 1, 4, 6] [5, 3, 4, 3, 1, 7, 1, 4, 7, 5, 7, 1, 5, 3, 3, 8, 5, 5, 3, 2, 4, 1, 7, 6, 2, 4, 4, 4, 3, 4, 4, 3, 7, 5, 6, 3, 6, 4, 4, 1, 3, 7, 4, 7, 5, 5, 2, 7, 3, 6, 1, 7, 5, 2, 3, 5, 5, 3, 7, 1, 5, 4, 7, 6, 1, 5, 6, 1, 8, 8, 4, 5, 5, 5, 4, 5, 3, 1, 5, 7]
A_14 22.189999999999998 A 14 [6, 2, 6, 4, 4, 4, 3, 4, 6, 1, 1, 3, 5, 1, 4, 6, 2, 3, 4, 6, 6, 2, 6, 2, 3, 5, 2, 5, 2, 3, 5, 4, 2, 2, 4, 4, 5, 4, 6, 2, 6, 4, 1, 3, 1, 4, 5, 1, 1, 1, 4, 2, 2, 1, 1, 6, 4, 4, 4, 1, 2, 5, 3, 6, 4, 3, 4, 2, 1, 4, 1, 2, 1, 1, 5, 3, 4, 2, 6, 4] [6, 2, 7, 5, 6, 4, 5, 4, 7, 1, 2, 3, 6, 3, 4, 6, 2, 5, 6, 6, 6, 4, 7, 4, 5, 6, 4, 6, 4, 4, 7, 4, 4, 3, 4, 5, 6, 6, 7, 2, 8, 5, 1, 5, 3, 4, 6, 2, 3, 3, 4, 4, 2, 1, 2, 6, 4, 6, 4, 3, 2, 7, 4, 7, 5, 4, 6, 3, 3, 4, 1, 4, 3, 2, 6, 3, 6, 2, 7, 4]
A_15 23.189999999999998 A 15 [5, 2, 2, 1, 1, 1, 4, 5, 2, 1, 6, 3, 3, 6, 6, 5, 6, 4, 6, 3, 5, 1, 2, 2, 6, 3, 5, 5, 4, 6, 6, 6, 2, 4, 4, 3, 2, 4, 5, 6, 6, 2, 5, 1, 1, 3, 3, 4, 2, 2, 3, 1, 5, 1, 5, 2, 2, 3, 1, 3, 4, 2, 2, 1, 3, 1, 2, 3, 5, 3, 5, 4, 1, 5, 6, 2, 3, 1, 2, 3] [7, 3, 4, 3, 3, 3, 5, 6, 2, 2, 6, 4, 5, 8, 6, 6, 7, 5, 8, 4, 7, 3, 2, 3, 7, 4, 5, 5, 6, 7, 6, 8, 2, 4, 6, 5, 2, 5, 7, 8, 6, 3, 6, 2, 1, 5, 5, 6, 2, 3, 3, 3, 6, 3, 7, 2, 3, 3, 2, 5, 6, 4, 2, 2, 3, 2, 2, 4, 6, 5, 5, 5, 1, 7, 8, 2, 5, 2, 2, 5]
A_16 24.189999999999998 A 16 [3, 3, 2, 5, 6, 5, 4, 5, 6, 3, 6, 5, 6, 4, 2, 6, 4, 3, 1, 3, 4, 4, 5, 4, 4, 6, 1, 4, 1, 1, 6, 2, 1, 6, 5, 6, 1, 4, 6, 4, 2, 5, 1, 2, 2, 6, 4, 1, 6, 5, 4, 2, 1, 5, 1, 5, 5, 1, 3, 5, 5, 1, 1, 3, 1, 6, 1, 1, 3, 6, 4, 2, 1, 5, 3, 3, 1, 5, 1, 5] [4, 5, 4, 6, 6, 7, 5, 7, 7, 5, 8, 7, 8, 5, 2, 7, 5, 4, 1, 3, 4, 5, 5, 5, 5, 8, 3, 6, 3, 2, 6, 2, 1, 7, 6, 7, 2, 4, 8, 4, 2, 6, 3, 2, 4, 8, 4, 2, 7, 5, 5, 4, 2, 6, 3, 6, 5, 2, 4, 6, 7, 1, 2, 4, 3, 7, 2, 1, 3, 8, 6, 3, 1, 7, 3, 3, 1, 6, 2, 5]
A_17 25.189999999999998 A 17 [5, 3, 5, 2, 4, 3, 5, 2, 5, 4, 4, 4, 3, 3, 3, 4, 3, 3, 1, 3, 5, 6, 4, 3, 1, 2, 1, 5, 6, 1, 4, 5, 3, 4, 6, 1, 5, 1, 1, 4, 4, 3, 1, 4, 2, 4, 1, 3, 2, 5, 6, 6, 2, 5, 6, 1, 3, 6, 3, 2, 6, 2, 5, 2, 2, 3, 2, 5, 3, 1, 6, 1, 3, 3, 6, 1, 1, 4, 2, 5] [5, 4, 6, 2, 4, 3, 5, 3, 5, 4, 5, 4, 5, 5, 5, 5, 4, 4, 3, 4, 5, 8, 5, 3, 3, 4, 2, 5, 7, 2, 4, 6, 4, 6, 6, 3, 5, 1, 3, 6, 5, 5, 3, 5, 2, 4, 2, 3, 4, 7, 6, 6, 2, 6, 8, 1, 3, 6, 4, 4, 6, 4, 5, 2, 3, 5, 2, 6, 4, 1, 8, 2, 4, 5, 8, 2, 3, 6, 2, 6]
A_18 26.189999999999998 A 18 [6, 3, 2, 5, 6, 1, 6, 3, 2, 2, 5, 1, 2, 2, 4, 6, 1, 1, 5, 5, 1, 2, 5, 6, 6, 4, 6, 5, 2, 1, 6, 4, 4, 1, 4, 4, 4, 5, 4, 2, 4, 5, 2, 5, 1, 3, 4, 5, 1, 1, 3, 1, 2, 6, 1, 3, 5, 6, 2, 1, 6, 6, 5, 4, 4, 1, 6, 1, 4, 4, 5, 1, 2, 5, 5, 5, 6, 4, 6, 6] [7, 4, 4, 7, 7, 1, 8, 3, 3, 2, 7, 2, 3, 3, 6, 8, 1, 3, 6, 5, 1, 4, 7, 6, 6, 6, 7, 5, 3, 1, 8, 4, 6, 3, 5, 6, 4, 5, 5, 3, 6, 5, 3, 5, 3, 3, 5, 7, 2, 2, 5, 3, 2, 8, 2, 4, 6, 8, 2, 2, 7, 7, 7, 4, 4, 3, 6, 1, 6, 6, 5, 1, 3, 7, 7, 7, 8, 6, 6, 6]
A_19 27.65 A 19 [2, 5, 5, 5, 6, 3, 4, 2, 4, 5, 4, 5, 3, 2, 6, 3, 3, 3, 5, 2, 5, 4, 4, 2, 1, 4, 3, 1, 5, 2, 1, 1, 5, 6, 2, 3, 3, 1, 6, 2, 5, 1, 1, 3, 2, 6, 3, 3, 1, 2, 5, 2, 6, 2, 5, 1, 5, 3, 6, 5, 5, 2, 5, 6, 1, 5, 2, 5, 4, 6, 5, 3, 1, 5, 4, 5, 5, 1, 4, 1] [2, 6, 6, 7, 7, 3, 6, 4, 5, 5, 5, 5, 3, 2, 6, 4, 3, 4, 5, 2, 7, 4, 6, 4, 2, 5, 3, 1, 5, 3, 1, 2, 5, 8, 4, 4, 5, 2, 8, 2, 7, 1, 1, 3, 3, 8, 4, 4, 3, 4, 6, 2, 7, 4, 5, 2, 6, 3, 8, 5, 5, 2, 6, 8, 2, 7, 3, 5, 4, 7, 6, 3, 1, 6, 4, 7, 6, 3, 4, 3]
A_20 30.86 A 20 [4, 5, 4, 5, 1, 2, 4, 6, 5, 2, 1, 6, 1, 3, 6, 5, 4, 5, 1, 5, 5, 3, 6, 2, 1, 6, 1, 6, 1, 6, 1, 4, 3, 4, 2, 5, 6, 2, 4, 2, 2, 4, 6, 2, 4, 3, 4, 5, 4, 6, 1, 2, 4, 5, 1, 5, 5, 1, 1, 2, 1, 5, 3, 2, 3, 3, 2, 2, 5, 4, 1, 6, 4, 3, 2, 6, 6, 2, 3, 4] [5, 5, 4, 5, 3, 2, 6, 8, 6, 2, 1, 6, 3, 4, 6, 7, 4, 5, 1, 7, 5, 5, 7, 2, 3, 8, 1, 6, 1, 6, 1, 5, 3, 4, 4, 7, 8, 2, 5, 4, 4, 4, 7, 3, 5, 3, 5, 7, 6, 7, 1, 2, 4, 5, 3, 7, 6, 2, 1, 3, 1, 5, 5, 3, 3, 5, 2, 4, 6, 4, 1, 6, 5, 4, 2, 6, 6, 2, 4, 5]
A_21 32.2 A 21 [6, 4, 5, 3, 4, 2, 5, 2, 2, 6, 3, 2, 5, 1, 2, 1, 4, 6, 2, 4, 3, 3, 4, 1, 4, 3, 6, 1, 4, 4, 6, 1, 5, 5, 5, 3, 3, 3, 5, 1, 1, 4, 1, 4, 4, 2, 3, 6, 3, 6, 1, 1, 5, 3, 3, 1, 1, 1, 6, 5, 5, 3, 5, 5, 4, 1, 2, 5, 1, 6, 3, 2, 3, 5, 4, 5, 3, 6, 4, 2] [6, 6, 6, 4, 6, 3, 5, 3, 2, 6, 4, 4, 6, 1, 4, 3, 5, 8, 4, 4, 5, 4, 4, 1, 5, 5, 8, 3, 5, 6, 7, 1, 7, 6, 7, 3, 4, 4, 7, 2, 1, 6, 2, 6, 6, 3, 4, 6, 3, 7, 3, 2, 6, 5, 5, 2, 1, 3, 7, 7, 6, 5, 7, 6, 4, 3, 3, 6, 2, 6, 4, 4, 5, 6, 4, 5, 4, 7, 4, 3]
A_22 33.2 A 22 [3, 5, 1, 6, 5, 3, 5, 2, 6, 4, 2, 2, 3, 6, 6, 2, 5, 4, 5, 4, 6, 4, 1, 2, 5, 1, 2, 2, 6, 4, 6, 6, 2, 2, 3, 3, 6, 5, 1, 5, 5, 2, 4, 3, 3, 2, 6, 6, 3, 2, 1, 4, 5, 5, 1, 3, 3, 1, 4, 1, 3, 3, 2, 4, 6, 6, 1, 5, 6, 1, 3, 3, 5, 6, 1, 1, 1, 1, 3, 3] [3, 7, 1, 7, 7, 4, 5, 3, 8, 6, 3, 4, 4, 7, 7, 2, 5, 5, 7, 6, 7, 4, 3, 2, 7, 1, 2, 3, 7, 4, 6, 6, 4, 4, 3, 5, 6, 5, 1, 6, 5, 2, 4, 5, 5, 3, 7, 6, 4, 2, 2, 6, 6, 5, 3, 3, 4, 1, 6, 3, 5, 3, 4, 6, 7, 8, 2, 6, 7, 2, 5, 4, 5, 6, 3, 3, 3, 2, 4, 3]
A_23 34.35 A 23 [5, 4, 2, 4, 4, 2, 1, 6, 6, 4, 5, 2, 3, 5, 2, 2, 4, 3, 6, 2, 2, 1, 2, 3, 6, 3, 5, 6, 6, 5, 5, 3, 2, 5, 4, 1, 3, 5, 1, 5, 5, 2, 6, 5, 2, 4, 2, 4, 3, 2, 6, 6, 2, 2, 5, 6, 1, 6, 5, 1, 5, 2, 4, 1, 2, 2, 1, 4, 2, 5, 4, 2, 2, 2, 6, 5, 2, 3, 1, 3] [6, 5, 2, 6, 4, 4, 1, 8, 7, 5, 6, 2, 3, 6, 4, 3, 5, 3, 6, 4, 2, 1, 2, 4, 6, 4, 7, 7, 8, 6, 6, 4, 2, 7, 4, 3, 5, 5, 1, 5, 5, 3, 8, 6, 2, 4, 2, 4, 3, 2, 7, 7, 4, 4, 6, 8, 2, 7, 5, 1, 6, 2, 4, 1, 2, 3, 2, 4, 3, 6, 4, 2, 2, 3, 6, 5, 4, 4, 3, 4]
A_24 35.35 A 24 [5, 3, 3, 4, 2, 6, 6, 4, 6, 2, 5, 1, 5, 1, 3, 6, 4, 1, 6, 1, 1, 4, 5, 6, 1, 4, 5, 1, 1, 2, 5, 2, 2, 6, 6, 4, 2, 4, 1, 2, 1, 6, 3, 4, 6, 2, 3, 5, 4, 1, 4, 4, 1, 1, 6, 1, 6, 2, 4, 6, 5, 1, 6, 6, 2, 5, 3, 4, 4, 5, 1, 2, 4, 2, 1, 1, 6, 3, 6, 1] [5, 5, 3, 6, 2, 6, 8, 4, 8, 4, 6, 3, 6, 2, 5, 7, 5, 3, 6, 2, 3, 5, 7, 6, 2, 4, 6, 1, 3, 3, 5, 4, 4, 6, 8, 6, 4, 6, 2, 3, 2, 8, 5, 4, 7, 4, 4, 6, 4, 3, 6, 6, 2, 3, 7, 1, 7, 2, 6, 8, 5, 1, 7, 7, 3, 5, 3, 4, 4, 5, 1, 4, 4, 4, 3, 2, 7, 4, 8, 1]
A_25 36.35 A 25 [4, 1, 6, 5, 4, 2, 2, 4, 6, 6, 5, 3, 6, 3, 5, 3, 6, 2, 4, 4, 6, 3, 1, 3, 4, 1, 4, 4, 1, 5, 4, 4, 5, 6, 3, 3, 5, 3, 3, 5, 1, 4, 2, 5, 2, 4, 4, 6, 1, 2, 2, 1, 5, 6, 1, 2, 4, 2, 2, 5, 5, 4, 2, 4, 4, 4, 1, 3, 4, 3, 4, 6, 3, 6, 4, 6, 6, 1, 4, 4] [6, 3, 6, 7, 4, 3, 4, 5, 8, 8, 6, 4, 6, 4, 6, 4, 8, 4, 6, 5, 8, 5, 1, 4, 4, 1, 5, 4, 3, 5, 4, 6, 7, 8, 5, 5, 7, 5, 3, 6, 2, 6, 3, 5, 4, 6, 6, 8, 1, 2, 2, 1, 7, 8, 2, 4, 5, 2, 3, 6, 5, 4, 4, 4, 5, 4, 3, 3, 6, 5, 5, 7, 3, 6, 4, 7, 7, 3, 6, 6]
A_26 37.35 A 26 [5, 2, 6, 5, 2, 4, 1, 2, 1, 3, 3, 3, 5, 4, 2, 5, 1, 1, 6, 3, 1, 6, 2, 5, 5, 4, 6, 4, 2, 2, 4, 4, 2, 2, 1, 3, 2, 5, 3, 3, 6, 3, 5, 1, 5, 3, 4, 6, 3, 6, 5, 4, 3, 2, 2, 5, 6, 6, 5, 4, 1, 4, 4, 1, 5, 4, 6, 1, 5, 5, 5, 5, 5, 5, 4, 4, 4, 2, 1, 4] [5, 2, 8, 5, 4, 5, 3, 4, 1, 4, 5, 3, 6, 4, 4, 5, 3, 2, 7, 3, 1, 8, 2, 7, 6, 5, 8, 6, 3, 2, 6, 4, 2, 2, 2, 4, 4, 6, 5, 4, 6, 3, 6, 1, 5, 5, 6, 6, 5, 7, 7, 4, 5, 2, 2, 7, 8, 8, 6, 6, 3, 5, 5, 3, 6, 5, 7, 1, 7, 6, 7, 7, 5, 5, 4, 5, 4, 3, 2, 5]
A_27 38.35 A 27 [3, 4, 6, 2, 2, 1, 5, 4, 3, 3, 6, 3, 5, 2, 5, 5, 4, 5, 5, 1, 6, 1, 2, 6, 1, 4, 4, 3, 5, 1, 6, 2, 4, 3, 1, 4, 1, 3, 1, 3, 6, 2, 4, 1, 2, 2, 3, 2, 4, 1, 5, 5, 5, 4, 2, 5, 5, 1, 2, 3, 6, 3, 4, 6, 4, 6, 6, 5, 1, 4, 3, 2, 6, 6, 3, 1, 3, 1, 3, 5] [5, 6, 6, 4, 4, 1, 6, 6, 3, 3, 7, 4, 6, 4, 6, 5, 6, 5, 5, 1, 6, 3, 3, 7, 1, 4, 6, 3, 5, 2, 6, 4, 5, 3, 3, 6, 2, 5, 2, 5, 8, 4, 4, 1, 3, 2, 3, 4, 4, 3, 5, 6, 5, 4, 2, 7, 7, 1, 4, 5, 7, 3, 5, 8, 6, 7, 7, 7, 1, 5, 5, 2, 8, 8, 4, 1, 3, 3, 4, 7]
A_28 39.35 A 28 [2, 1, 3, 5, 1, 1, 4, 1, 4, 1, 1, 3, 6, 1, 2, 4, 1, 6, 2, 5, 1, 4, 6, 6, 1, 1, 2, 5, 4, 1, 3, 5, 4, 3, 5, 6, 2, 4, 5, 1, 1, 5, 2, 6, 4, 1, 5, 3, 5, 1, 6, 5, 4, 6, 1, 4, 5, 3, 5, 1, 5, 4, 3, 4, 5, 1, 6, 6, 6, 1, 6, 3, 3, 5, 1, 2, 5, 6, 1, 5] [4, 3, 3, 5, 3, 3, 4, 1, 4, 2, 1, 4, 8, 3, 4, 6, 3, 7, 3, 5, 1, 5, 7, 8, 3, 3, 3, 5, 5, 3, 4, 5, 4, 3, 6, 6, 4, 4, 7, 3, 2, 7, 3, 7, 6, 3, 5, 5, 5, 3, 6, 6, 6, 8, 3, 5, 5, 4, 6, 1, 6, 4, 4, 4, 7, 3, 7, 7, 8, 1, 8, 3, 4, 6, 3, 4, 6, 8, 3, 5]
A_29 40.870000000000005 A 29 [3, 5, 4, 4, 5, 6, 6, 4, 1, 2, 5, 2, 6, 4, 3, 6, 1, 1, 1, 2, 6, 4, 4, 5, 2, 5, 2, 1, 1, 5, 1, 1, 4, 1, 6, 1, 2, 1, 1, 3, 1, 2, 6, 6, 4, 6, 1, 5, 6, 4, 4, 4, 4, 2, 5, 3, 3, 5, 5, 3, 5, 6, 6, 3, 6, 6, 6, 1, 6, 6, 3, 2, 2, 6, 4, 6, 1, 5, 2, 3] [3, 6, 5, 5, 6, 8, 7, 4, 3, 3, 5, 2, 8, 4, 4, 7, 2, 2, 1, 3, 6, 6, 4, 6, 3, 5, 2, 2, 3, 6, 3, 1, 4, 1, 8, 3, 3, 3, 3, 3, 1, 2, 6, 7, 4, 7, 1, 7, 7, 6, 4, 4, 6, 2, 6, 4, 5, 7, 5, 3, 6, 8, 8, 4, 8, 6, 7, 2, 7, 8, 4, 2, 2, 8, 5, 6, 2, 5, 2, 5]
A_30 41.870000000000005 A 30 [5, 1, 4, 4, 5, 6, 6, 2, 4, 3, 2, 5, 1, 3, 5, 6, 6, 4, 6, 1, 1, 6, 6, 5, 5, 4, 4, 6, 3, 1, 4, 1, 4, 2, 3, 2, 6, 3, 5, 1, 1, 3, 2, 2, 4, 4, 1, 6, 3, 4, 4, 3, 3, 2, 2, 2, 3, 6, 6, 2, 4, 6, 6, 2, 6, 1, 6, 2, 3, 3, 1, 6, 1, 2, 3, 4, 5, 2, 3, 4] [6, 1, 6, 6, 5, 8, 7, 3, 6, 3, 3, 7, 1, 4, 7, 6, 6, 4, 8, 1, 1, 7, 6, 6, 5, 4, 6, 6, 4, 3, 4, 1, 4, 4, 5, 2, 8, 3, 6, 1, 2, 3, 4, 4, 5, 5, 2, 7, 3, 4, 6, 5, 3, 3, 3, 3, 4, 7, 7, 4, 6, 8, 7, 4, 8, 3, 7, 4, 4, 5, 3, 7, 1, 4, 3, 4, 6, 2, 3, 6]
A_31 42.870000000000005 A 31 [6, 3, 1, 3, 2, 3, 1, 1, 3, 6, 1, 5, 3, 1, 4, 6, 2, 5, 4, 1, 4, 1, 6, 3, 2, 4, 4, 2, 5, 1, 1, 4, 4, 3, 2, 2, 3, 4, 5, 5, 5, 6, 4, 3, 5, 5, 4, 1, 3, 5, 2, 3, 4, 1, 2, 4, 6, 1, 1, 5, 5, 1, 2, 5, 2, 6, 5, 2, 2, 4, 4, 3, 6, 1, 5, 4, 6, 3, 6, 6] [6, 4, 3, 3, 2, 3, 1, 1, 4, 8, 2, 7, 5, 3, 4, 8, 2, 6, 4, 2, 5, 1, 6, 4, 4, 6, 4, 4, 5, 1, 1, 4, 4, 5, 2, 2, 3, 5, 5, 7, 5, 7, 6, 5, 6, 7, 6, 3, 4, 7, 3, 4, 5, 1, 3, 6, 7, 1, 2, 7, 7, 1, 2, 5, 2, 7, 5, 3, 2, 5, 6, 3, 8, 1, 7, 5, 7, 4, 8, 7]
A_32 46.7 A 32 [3, 4, 6, 1, 3, 6, 2, 4, 4, 3, 3, 1, 3, 6, 2, 2, 1, 3, 4, 5, 3, 5, 2, 2, 2, 5, 2, 4, 4, 4, 4, 4, 4, 5, 6, 5, 3, 3, 5, 3, 4, 3, 2, 3, 3, 5, 5, 4, 4, 6, 3, 6, 5, 1, 5, 2, 3, 3, 2, 2, 5, 6, 1, 4, 3, 5, 6, 2, 3, 5, 3, 4, 3, 5, 2, 3, 6, 6, 4, 1] [5, 5, 7, 1, 5, 8, 4, 4, 4, 5, 5, 3, 5, 7, 4, 2, 1, 4, 6, 5, 3, 7, 4, 2, 4, 7, 2, 5, 4, 4, 4, 4, 6, 7, 8, 6, 4, 3, 7, 4, 5, 4, 3, 5, 5, 5, 7, 5, 4, 6, 5, 8, 7, 3, 5, 2, 3, 3, 3, 2, 5, 8, 1, 5, 3, 5, 6, 2, 5, 7, 5, 6, 4, 5, 2, 4, 6, 6, 5, 1]
A_33 53.540000000000006 A 33 [5, 4, 6, 3, 3, 3, 5, 2, 4, 6, 1, 3, 2, 5, 2, 4, 6, 4, 1, 6, 4, 5, 2, 5, 6, 6, 2, 3, 3, 1, 2, 3, 5, 4, 6, 2, 3, 4, 6, 3, 2, 2, 2, 3, 5, 3, 2, 2, 2, 1, 3, 5, 4, 3, 3, 4, 3, 3, 5, 1, 2, 2, 1, 4, 2, 3, 3, 4, 4, 5, 3, 4, 1, 6, 4, 1, 4, 4, 4, 3] [5, 5, 6, 3, 4, 3, 6, 2, 6, 7, 1, 5, 3, 5, 3, 4, 7, 6, 3, 8, 4, 6, 4, 7, 6, 8, 2, 3, 3, 1, 4, 5, 7, 5, 8, 4, 4, 6, 6, 3, 2, 3, 3, 4, 5, 3, 3, 3, 2, 2, 3, 5, 4, 3, 4, 4, 3, 4, 5, 3, 3, 3, 1, 6, 4, 3, 4, 5, 4, 6, 3, 4, 1, 6, 5, 3, 4, 5, 6, 4]
A_34 54.540000000000006 A 34 [2, 4, 5, 2, 6, 1, 3, 1, 6, 2, 3, 1, 6, 4, 4, 4, 5, 6, 4, 2, 2, 5, 3, 4, 6, 3, 1, 1, 5, 6, 3, 2, 6, 6, 6, 6, 1, 6, 3, 3, 5, 3, 2, 2, 6, 6, 6, 3, 6, 6, 1, 1, 1, 4, 6, 3, 2, 4, 3, 3, 3, 2, 5, 3, 5, 5, 5, 3, 6, 1, 2, 4, 2, 2, 3, 6, 3, 4, 4, 4] [3, 4, 7, 4, 6, 1, 3, 1, 8, 3, 4, 1, 8, 6, 4, 6, 6, 6, 5, 4, 4, 7, 3, 4, 8, 5, 2, 3, 6, 8, 5, 2, 8, 8, 8, 6, 2, 6, 3, 5, 7, 5, 2, 4, 7, 8, 8, 3, 6, 7, 1, 1, 1, 4, 8, 5, 3, 4, 3, 3, 4, 2, 5, 5, 5, 7, 5, 4, 8, 3, 4, 4, 2, 3, 3, 8, 5, 6, 5, 4]
A_35 55.540000000000006 A 35 [1, 5, 1, 4, 5, 4, 3, 6, 3, 3, 2, 2, 6, 1, 4, 3, 6, 1, 4, 3, 5, 3, 3, 1, 4, 3, 3, 4, 6, 1, 2, 2, 5, 2, 6, 1, 3, 1, 4, 5, 2, 4, 2, 2, 6, 1, 5, 3, 5, 1, 1, 1, 5, 3, 3, 3, 4, 5, 3, 5, 6, 6, 3, 5, 3, 2, 3, 4, 3, 4, 4, 2, 6, 5, 5, 4, 4, 6, 5, 4] [2, 7, 2, 4, 7, 5, 3, 6, 3, 5, 3, 3, 6, 3, 5, 5, 7, 3, 6, 4, 7, 3, 5, 3, 6, 5, 4, 6, 6, 3, 2, 2, 6, 4, 6, 2, 5, 2, 6, 6, 3, 4, 3, 2, 6, 1, 5, 3, 7, 1, 3, 1, 7, 3, 5, 3, 6, 7, 5, 6, 7, 8, 4, 6, 5, 4, 4, 6, 3, 4, 6, 2, 7, 7, 5, 6, 4, 8, 6, 5]
A_36 56.540000000000006 A 36 [1, 6, 4, 3, 4, 4, 4, 4, 6, 4, 5, 6, 1, 5, 5, 2, 1, 5, 4, 3, 6, 3, 6, 3, 2, 5, 2, 1, 2, 2, 6, 3, 3, 3, 1, 3, 5, 2, 3, 6, 1, 1, 6, 6, 3, 4, 6, 4, 5, 6, 4, 2, 2, 6, 4, 3, 5, 5, 1, 2, 1, 6, 2, 6, 5, 3, 4, 5, 2, 6, 2, 5, 2, 6, 5, 2, 3, 6, 2, 3] [2, 8, 6, 5, 4, 6, 5, 6, 8, 6, 7, 8, 1, 6, 6, 2, 2, 5, 4, 5, 8, 4, 6, 5, 4, 7, 4, 2, 4, 3, 8, 3, 4, 4, 2, 5, 7, 2, 5, 8, 1, 2, 7, 7, 4, 5, 6, 5, 6, 8, 5, 4, 2, 8, 5, 4, 7, 5, 3, 4, 1, 6, 4, 8, 7, 4, 4, 6, 2, 7, 2, 7, 4, 7, 6, 3, 5, 7, 3, 3]
A_37 57.540000000000006 A 37 [3, 3, 1, 5, 3, 1, 1, 5, 6, 3, 4, 6, 2, 2, 4, 4, 4, 1, 5, 1, 2, 3, 5, 5, 4, 3, 5, 3, 4, 1, 3, 4, 3, 4, 6, 1, 2, 6, 5, 4, 1, 2, 1, 1, 1, 2, 3, 2, 2, 6, 1, 5, 1, 5, 2, 6, 6, 5, 2, 3, 1, 5, 4, 5, 2, 2, 4, 5, 3, 6, 1, 5, 5, 2, 5, 1, 5, 5, 2, 3] [4, 3, 1, 6, 5, 1, 3, 6, 8, 4, 5, 6, 3, 4, 6, 5, 4, 1, 5, 2, 2, 4, 5, 5, 6, 5, 6, 5, 4, 3, 3, 5, 3, 6, 6, 2, 2, 8, 7, 6, 2, 3, 1, 1, 1, 3, 4, 3, 3, 6, 3, 7, 1, 5, 3, 6, 8, 5, 2, 3, 2, 5, 6, 6, 2, 3, 6, 6, 3, 8, 3, 5, 5, 2, 7, 1, 7, 7, 4, 3]
A_38 59.17000000000001 A 38 [3, 1, 3, 2, 2, 6, 2, 1, 4, 4, 1, 2, 3, 2, 6, 5, 6, 1, 4, 6, 4, 5, 1, 1, 1, 3, 3, 1, 5, 1, 5, 5, 5, 6, 3, 4, 3, 5, 1, 3, 2, 5, 5, 2, 2, 3, 1, 1, 5, 5, 2, 4, 3, 2, 2, 2, 2, 2, 1, 5, 5, 1, 2, 4, 2, 5, 2, 4, 5, 3, 6, 6, 2, 3, 3, 2, 5, 6, 6, 6] [3, 1, 4, 4, 2, 7, 3, 1, 6, 6, 2, 3, 4, 4, 7, 7, 8, 3, 5, 8, 5, 7, 1, 1, 2, 3, 5, 2, 7, 3, 6, 5, 7, 6, 3, 6, 5, 7, 2, 3, 3, 7, 6, 4, 4, 3, 3, 2, 7, 7, 4, 6, 5, 3, 2, 2, 2, 2, 1, 6, 5, 2, 4, 6, 2, 6, 3, 6, 5, 5, 8, 6, 3, 4, 3, 2, 6, 7, 8, 6]
A_39 60.17000000000001 A 39 [4, 4, 6, 6, 2, 2, 1, 4, 1, 2, 1, 1, 6, 1, 2, 6, 4, 4, 2, 2, 2, 1, 5, 5, 2, 5, 3, 3, 1, 3, 1, 5, 3, 3, 3, 5, 6, 4, 3, 3, 6, 1, 1, 3, 4, 3, 5, 3, 2, 5, 6, 5, 2, 4, 6, 5, 1, 2, 6, 1, 1, 3, 5, 3, 4, 6, 1, 3, 5, 6, 5, 1, 3, 5, 1, 3, 1, 2, 2, 2] [4, 5, 7, 8, 2, 2, 3, 4, 1, 3, 3, 2, 8, 1, 2, 8, 4, 6, 3, 2, 4, 2, 6, 5, 3, 6, 4, 5, 3, 3, 1, 7, 4, 3, 5, 6, 8, 6, 3, 3, 6, 3, 2, 4, 6, 4, 5, 4, 3, 7, 7, 6, 3, 4, 7, 7, 1, 4, 7, 2, 2, 5, 7, 3, 4, 7, 3, 4, 5, 7, 7, 2, 5, 5, 3, 3, 3, 4, 3, 3]
B_0 1 B 40 [6, 4, 1, 3, 2, 5, 5, 5, 4, 1, 2, 1, 4, 2, 6, 6, 2, 4, 4, 5, 2, 1, 5, 5, 1, 1, 6, 6, 1, 1, 1, 5, 4, 2, 5, 2, 1, 1, 2, 6, 2, 3, 2, 6, 6, 5, 4, 4, 5, 4, 5, 2, 5, 1, 1, 2, 4, 1, 6, 4, 1, 2, 2, 3, 2, 5, 2, 4, 3, 2, 1, 4, 6, 5, 2, 2, 1, 2, 3, 1] [6, 6, 3, 4, 2, 5, 5, 6, 6, 3, 3, 1, 6, 3, 8, 6, 2, 5, 6, 7, 4, 1, 5, 5, 2, 2, 6, 8, 2, 1, 2, 5, 5, 2, 7, 3, 1, 2, 3, 6, 4, 4, 4, 8, 8, 7, 6, 5, 5, 6, 6, 2, 5, 3, 2, 2, 4, 3, 7, 4, 1, 3, 4, 5, 3, 6, 2, 5, 5, 2, 2, 5, 6, 5, 3, 4, 1, 3, 4, 3]
B_1 2 B 41 [1, 2, 1, 5, 5, 3, 6, 4, 6, 2, 6, 4, 2, 6, 4, 2, 5, 3, 5, 1, 4, 4, 2, 2, 6, 4, 3, 2, 5, 2, 3, 6, 3, 2, 3, 4, 1, 2, 5, 1, 3, 4, 4, 6, 6, 5, 3, 6, 5, 6, 6, 2, 6, 5, 4, 3, 2, 6, 6, 5, 6, 6, 1, 5, 2, 5, 3, 5, 6, 2, 1, 4, 6, 5, 4, 5, 5, 4, 1, 5] [2, 4, 3, 7, 5, 5, 7, 6, 7, 3, 8, 6, 2, 7, 5, 3, 6, 5, 5, 1, 4, 6, 2, 3, 8, 6, 3, 4, 7, 2, 3, 7, 4, 3, 5, 4, 2, 3, 7, 3, 4, 6, 6, 7, 6, 5, 5, 6, 6, 7, 7, 3, 8, 6, 4, 4, 2, 8, 6, 6, 7, 6, 1, 6, 3, 7, 4, 7, 7, 4, 2, 4, 7, 5, 6, 6, 5, 5, 3, 5]
B_2 3 B 42 [5, 3, 4, 5, 5, 5, 3, 6, 6, 2, 4, 2, 6, 3, 1, 5, 1, 1, 2, 1, 6, 1, 4, 6, 3, 2, 5, 4, 2, 6, 2, 4, 2, 2, 2, 2, 6, 1, 5, 1, 2, 4, 2, 4, 5, 5, 5, 1, 4, 4, 5, 6, 2, 4, 5, 6, 2, 3, 4, 2, 5, 4, 6, 3, 5, 6, 4, 6, 4, 2, 6, 6, 6, 3, 6, 3, 5, 2, 2, 2] [6, 5, 5, 5, 6, 6, 4, 7, 8, 3, 6, 2, 6, 4, 1, 6, 3, 3, 3, 1, 7, 2, 4, 8, 5, 3, 6, 4, 3, 6, 4, 6, 3, 3, 2, 3, 7, 1, 6, 2, 4, 6, 4, 6, 5, 7, 7, 1, 5, 5, 5, 7, 2, 4, 5, 7, 4, 4, 4, 2, 6, 4, 6, 3, 6, 7, 6, 8, 4, 3, 8, 7, 6, 5, 6, 3, 7, 3, 4, 4]
B_3 6.04 B 43 [1, 1, 3, 3, 3, 5, 3, 1, 3, 2, 5, 6, 1, 6, 3, 1, 2, 4, 5, 3, 2, 4, 3, 5, 4, 5, 1, 1, 6, 6, 2, 3, 3, 3, 2, 2, 6, 1, 2, 3, 6, 6, 4, 4, 5, 1, 5, 5, 1, 6, 1, 3, 4, 1, 4, 3, 6, 1, 3, 3, 4, 2, 3, 2, 5, 1, 3, 6, 6, 1, 2, 2, 1, 3, 3, 1, 4, 6, 2, 2] [2, 3, 5, 4, 5, 7, 3, 2, 5, 4, 5, 6, 2, 7, 5, 2, 2, 5, 5, 3, 3, 6, 5, 6, 4, 5, 1, 1, 7, 7, 4, 5, 5, 4, 4, 2, 7, 1, 4, 4, 8, 7, 6, 4, 7, 1, 7, 7, 3, 8, 3, 5, 5, 1, 5, 4, 7, 3, 5, 5, 6, 2, 3, 2, 6, 1, 4, 7, 7, 2, 3, 4, 2, 5, 3, 2, 6, 6, 2, 4]
B_4 7.04 B 44 [6, 2, 3, 2, 5, 3, 3, 6, 1, 5, 4, 3, 6, 3, 1, 1, 2, 2, 1, 2, 4, 4, 3, 2, 6, 2, 5, 2, 4, 4, 4, 5, 3, 5, 6, 6, 3, 1, 2, 4, 6, 6, 5, 5, 1, 2, 2, 5, 5, 1, 3, 6, 5, 2, 3, 3, 5, 6, 6, 6, 3, 6, 6, 1, 4, 4, 3, 1, 2, 2, 1, 2, 6, 6, 1, 1, 6, 3, 3, 6] [8, 4, 4, 2, 7, 4, 5, 6, 2, 7, 5, 4, 8, 5, 3, 1, 4, 2, 3, 3, 5, 6, 5, 2, 7, 4, 5, 3, 6, 4, 5, 6, 5, 5, 7, 6, 4, 1, 4, 6, 8, 6, 5, 7, 3, 2, 4, 7, 5, 2, 4, 6, 6, 3, 5, 4, 5, 8, 6, 6, 3, 8, 6, 2, 4, 6, 4, 3, 4, 2, 3, 3, 8, 6, 2, 2, 8, 3, 4, 8]
B_5 8.04 B 45 [1, 6, 6, 6, 1, 6, 4, 2, 4, 5, 1, 3, 5, 4, 4, 3, 6, 4, 3, 6, 3, 2, 2, 4, 2, 4, 3, 2, 1, 6, 4, 5, 5, 3, 6, 1, 4, 2, 3, 3, 5, 5, 5, 1, 2, 3, 6, 3, 1, 5, 2, 5, 4, 3, 5, 6, 2, 3, 4, 3, 5, 5, 6, 2, 1, 6, 1, 4, 3, 5, 5, 2, 1, 2, 6, 1, 6, 2, 1, 5] [2, 8, 6, 6, 2, 8, 5, 3, 4, 7, 3, 4, 7, 5, 4, 5, 8, 4, 3, 8, 3, 3, 3, 4, 4, 6, 5, 2, 3, 7, 5, 7, 5, 3, 8, 1, 5, 3, 3, 4, 7, 5, 7, 1, 2, 4, 7, 5, 3, 5, 2, 5, 6, 3, 7, 8, 2, 3, 6, 3, 7, 5, 8, 4, 2, 6, 2, 4, 4, 7, 6, 4, 1, 2, 8, 3, 6, 3, 1, 5]
B_6 9.53 B 46 [1, 1, 6, 5, 1, 1, 3, 6, 5, 1, 6, 4, 2, 2, 5, 3, 4, 1, 4, 3, 4, 3, 6, 2, 3, 4, 4, 3, 5, 1, 1, 4, 5, 2, 6, 5, 6, 3, 1, 5, 4, 3, 5, 5, 2, 6, 2, 5, 4, 6, 2, 2, 5, 2, 4, 1, 4, 5, 3, 5, 6, 1, 1, 6, 4, 5, 4, 2, 3, 6, 3, 6, 5, 4, 4, 3, 2, 5, 3, 6] [1, 2, 8, 6, 1, 3, 3, 7, 6, 3, 6, 5, 3, 2, 6, 5, 4, 2, 5, 4, 5, 4, 7, 2, 4, 6, 6, 3, 5, 1, 2, 6, 7, 3, 8, 5, 6, 4, 3, 5, 6, 5, 7, 7, 4, 7, 2, 5, 6, 7, 3, 3, 7, 3, 5, 3, 4, 7, 4, 7, 6, 3, 1, 8, 6, 6, 6, 4, 5, 8, 5, 8, 7, 5, 5, 5, 4, 5, 5, 7]
B_7 10.53 B 47 [2, 3, 6, 2, 6, 3, 2, 1, 2, 3, 5, 2, 5, 6, 1, 4, 1, 3, 5, 3, 5, 6, 6, 4, 5, 6, 6, 2, 3, 5, 6, 1, 4, 2, 3, 3, 4, 2, 1, 3, 4, 6, 1, 5, 5, 3, 5, 5, 4, 4, 6, 5, 1, 3, 2, 1, 3, 1, 2, 2, 2, 3, 6, 6, 1, 6, 6, 6, 4, 3, 1, 2, 2, 3, 5, 3, 5, 4, 5, 5] [2, 5, 7, 4, 6, 3, 3, 2, 3, 3, 6, 3, 7, 7, 2, 6, 2, 3, 7, 4, 7, 6, 6, 4, 6, 8, 6, 4, 5, 7, 7, 3, 5, 3, 3, 3, 5, 3, 2, 4, 5, 6, 1, 7, 7, 5, 5, 6, 4, 4, 7, 5, 1, 4, 4, 2, 3, 3, 4, 2, 2, 4, 7, 7, 1, 7, 6, 6, 4, 3, 3, 4, 4, 5, 7, 4, 6, 5, 7, 7]
B_8 11.53 B 48 [3, 5, 3, 1, 4, 4, 2, 3, 6, 4, 3, 4, 5, 1, 1, 2, 6, 2, 1, 1, 4, 3, 3, 3, 4, 1, 3, 4, 5, 6, 3, 3, 4, 2, 6, 5, 5, 2, 5, 2, 5, 5, 4, 1, 5, 1, 4, 4, 1, 1, 2, 3, 6, 5, 4, 1, 5, 1, 2, 5, 6, 3, 1, 5, 2, 5, 4, 6, 6, 6, 1, 4, 6, 1, 3, 1, 2, 5, 4, 3] [5, 6, 4, 3, 5, 6, 2, 4, 7, 4, 5, 4, 7, 3, 3, 2, 7, 4, 2, 3, 6, 3, 4, 3, 4, 1, 5, 4, 5, 7, 3, 4, 4, 2, 6, 7, 6, 3, 7, 3, 5, 6, 5, 3, 5, 3, 6, 4, 3, 1, 3, 5, 8, 6, 6, 2, 7, 2, 3, 6, 6, 4, 3, 7, 4, 7, 5, 7, 6, 6, 3, 5, 6, 2, 3, 3, 2, 5, 6, 3]
B_9 12.53 B 49 [4, 1, 3, 5, 1, 5, 2, 6, 3, 6, 2, 1, 3, 5, 1, 2, 5, 5, 1, 2, 6, 6, 2, 2, 1, 2, 6, 1, 1, 4, 4, 5, 6, 1, 6, 1, 6, 6, 5, 5, 4, 6, 4, 6, 1, 5, 6, 4, 1, 4, 6, 6, 3, 1, 2, 5, 3, 2, 5, 4, 2, 3, 3, 1, 5, 3, 5, 5, 5, 4, 6, 2, 1, 4, 2, 4, 2, 5, 2, 6] [5, 3, 5, 5, 3, 6, 4, 7, 4, 8, 3, 3, 3, 6, 3, 3, 5, 7, 2, 4, 7, 7, 2, 2, 3, 2, 7, 3, 3, 6, 4, 7, 6, 2, 7, 1, 8, 6, 7, 7, 6, 7, 5, 8, 2, 5, 7, 4, 1, 6, 7, 6, 5, 3, 2, 6, 3, 4, 5, 6, 2, 5, 5, 1, 5, 4, 5, 7, 5, 5, 8, 3, 1, 5, 4, 5, 4, 7, 4, 8]
B_10 15.59 B 50 [5, 1, 2, 6, 4, 5, 6, 2, 3, 4, 3, 3, 4, 1, 4, 3, 4, 6, 3, 5, 1, 1, 1, 6, 4, 2, 5, 5, 6, 4, 4, 2, 3, 3, 1, 1, 4, 1, 2, 6, 5, 6, 5, 1, 3, 2, 2, 6, 2, 6, 5, 5, 6, 5, 4, 5, 1, 1, 2, 4, 6, 1, 2, 4, 5, 1, 1, 1, 6, 3, 6, 4, 6, 3, 1, 6, 2, 4, 3, 5] [5, 1, 4, 8, 4, 7, 7, 2, 4, 4, 5, 5, 4, 1, 4, 3, 5, 6, 5, 6, 1, 3, 2, 7, 6, 2, 7, 5, 6, 4, 6, 3, 5, 3, 1, 3, 5, 3, 4, 7, 6, 7, 5, 3, 4, 2, 3, 7, 3, 7, 7, 6, 6, 7, 4, 5, 2, 1, 4, 4, 7, 2, 2, 5, 7, 1, 2, 1, 6, 4, 6, 4, 7, 5, 1, 7, 4, 5, 5, 5]
B_11 16.64 B 51 [5, 2, 2, 4, 2, 5, 5, 3, 6, 6, 1, 5, 4, 6, 2, 1, 2, 6, 1, 2, 2, 1, 4, 6, 4, 1, 4, 5, 5, 4, 3, 3, 6, 5, 1, 1, 2, 5, 4, 5, 2, 2, 6, 3, 6, 5, 2, 5, 3, 6, 5, 1, 4, 1, 4, 6, 6, 2, 3, 5, 4, 3, 5, 4, 1, 1, 5, 6, 4, 6, 2, 4, 5, 4, 4, 3, 5, 1, 2, 1] [5, 3, 2, 6, 4, 5, 5, 5, 7, 8, 1, 6, 4, 7, 4, 3, 4, 6, 3, 2, 2, 2, 6, 7, 6, 1, 4, 6, 6, 4, 5, 4, 8, 5, 1, 1, 4, 7, 6, 6, 2, 3, 7, 5, 6, 5, 3, 5, 5, 6, 6, 2, 6, 3, 4, 7, 7, 4, 3, 6, 5, 3, 7, 4, 2, 2, 5, 7, 4, 6, 3, 5, 6, 6, 4, 4, 5, 1, 2, 3]
B_12 18.45 B 52 [2, 3, 5, 1, 1, 1, 3, 1, 3, 4, 6, 2, 2, 5, 2, 5, 1, 2, 2, 6, 4, 5, 5, 2, 1, 5, 3, 5, 4, 4, 3, 4, 5, 4, 1, 5, 2, 1, 3, 2, 5, 6, 2, 4, 5, 4, 5, 1, 6, 3, 6, 4, 4, 6, 3, 2, 1, 1, 3, 5, 1, 3, 5, 1, 1, 6, 4, 2, 4, 4, 2, 3, 2, 6, 3, 3, 1, 2, 6, 1] [2, 4, 5, 2, 2, 3, 4, 1, 5, 4, 7, 2, 4, 5, 2, 6, 2, 2, 2, 7, 4, 6, 6, 4, 2, 7, 5, 5, 6, 6, 3, 5, 7, 4, 1, 7, 2, 1, 5, 3, 5, 8, 2, 5, 6, 6, 7, 1, 8, 5, 6, 6, 4, 8, 3, 4, 3, 2, 4, 5, 1, 4, 5, 3, 2, 7, 5, 4, 5, 6, 4, 3, 4, 6, 3, 3, 2, 3, 7, 1]
B_13 19.45 B 53 [3, 3, 3, 3, 1, 4, 3, 4, 1, 1, 2, 5, 6, 1, 1, 1, 5, 5, 6, 2, 5, 3, 5, 2, 1, 6, 2, 4, 6, 2, 2, 1, 1, 3, 4, 3, 6, 5, 2, 4, 1, 5, 4, 1, 2, 3, 2, 3, 5, 1, 5, 1, 6, 2, 1, 6, 2, 4, 1, 3, 4, 2, 5, 6, 5, 3, 6, 1, 1, 1, 2, 2, 2, 2, 4, 6, 5, 4, 5, 4] [4, 4, 4, 4, 3, 5, 4, 6, 2, 1, 3, 7, 7, 2, 1, 3, 6, 6, 8, 4, 5, 5, 5, 4, 3, 8, 2, 4, 8, 2, 3, 1, 3, 3, 4, 3, 8, 5, 3, 4, 3, 6, 4, 1, 3, 3, 3, 4, 6, 3, 7, 3, 8, 4, 1, 7, 4, 6, 2, 3, 5, 4, 6, 7, 6, 3, 8, 1, 2, 2, 2, 2, 2, 4, 6, 8, 6, 4, 7, 4]
B_14 21.09 B 54 [4, 2, 6, 5, 2, 3, 6, 3, 6, 5, 5, 4, 1, 1, 1, 5, 1, 6, 1, 5, 1, 3, 1, 5, 6, 1, 2, 2, 1, 5, 2, 2, 5, 3, 6, 3, 4, 2, 2, 6, 1, 4, 5, 4, 3, 5, 4, 2, 4, 2, 4, 4, 3, 1, 2, 4, 4, 2, 4, 4, 6, 4, 3, 4, 1, 1, 4, 3, 6, 3, 3, 5, 3, 4, 2, 5, 2, 1, 4, 1] [5, 3, 8, 5, 4, 5, 8, 3, 8, 7, 7, 4, 2, 3, 2, 7, 3, 8, 2, 5, 3, 5, 3, 6, 7, 2, 2, 2, 3, 6, 3, 3, 5, 4, 8, 5, 5, 3, 2, 7, 2, 4, 5, 5, 5, 7, 5, 4, 6, 2, 4, 4, 3, 1, 3, 4, 5, 2, 5, 6, 7, 5, 3, 6, 1, 2, 5, 3, 8, 3, 4, 6, 4, 5, 2, 7, 3, 3, 6, 2]
B_15 22.88 B 55 [4, 2, 1, 3, 4, 3, 6, 1, 5, 1, 3, 4, 5, 5, 6, 2, 5, 1, 3, 1, 5, 1, 3, 6, 1, 2, 5, 5, 4, 3, 2, 4, 2, 4, 3, 3, 3, 6, 2, 5, 2, 3, 6, 3, 3, 6, 1, 1, 1, 5, 5, 6, 2, 6, 4, 4, 5, 5, 6, 6, 4, 6, 4, 5, 2, 4, 3, 6, 4, 1, 1, 2, 5, 3, 4, 3, 2, 1, 6, 5] [4, 4, 2, 4, 5, 3, 6, 2, 6, 1, 4, 5, 5, 5, 6, 2, 6, 1, 4, 2, 7, 2, 3, 8, 1, 4, 7, 7, 5, 4, 3, 6, 2, 4, 5, 3, 4, 6, 2, 7, 2, 4, 7, 4, 4, 8, 3, 2, 2, 6, 5, 7, 4, 7, 4, 5, 5, 7, 6, 6, 5, 7, 4, 5, 4, 6, 3, 6, 6, 1, 3, 2, 6, 5, 4, 4, 3, 1, 7, 6]
B_16 23.88 B 56 [2, 1, 3, 5, 2, 1, 5, 5, 6, 6, 4, 5, 4, 4, 4, 2, 5, 3, 5, 5, 5, 1, 3, 1, 6, 4, 6, 5, 5, 3, 3, 6, 3, 3, 2, 4, 5, 6, 2, 1, 4, 2, 2, 6, 5, 2, 4, 3, 5, 3, 1, 6, 1, 2, 4, 5, 6, 5, 6, 2, 3, 4, 1, 1, 5, 3, 1, 6, 1, 3, 3, 6, 4, 5, 1, 6, 2, 2, 2, 2] [2, 1, 3, 5, 2, 3, 7, 5, 7, 7, 5, 5, 6, 5, 4, 3, 5, 3, 6, 6, 6, 1, 4, 2, 7, 5, 8, 7, 5, 5, 4, 7, 3, 3, 3, 6, 7, 8, 2, 1, 4, 2, 4, 7, 5, 2, 4, 3, 7, 3, 2, 7, 3, 4, 5, 5, 7, 5, 6, 3, 3, 6, 3, 3, 6, 3, 3, 7, 3, 4, 4, 8, 5, 6, 1, 6, 3, 4, 2, 3]
B_17 25.33 B 57 [1, 4, 4, 5, 1, 1, 5, 3, 3, 5, 6, 1, 3, 3, 4, 3, 1, 6, 6, 3, 1, 1, 1, 6, 2, 2, 6, 1, 3, 5, 6, 1, 3, 3, 4, 5, 5, 5, 2, 2, 1, 6, 3, 1, 6, 3, 5, 1, 1, 2, 1, 2, 1, 4, 2, 5, 5, 3, 6, 5, 6, 4, 1, 1, 5, 2, 1, 3, 3, 2, 2, 5, 2, 5, 1, 3, 2, 1, 5, 4] [1, 5, 5, 5, 1, 2, 5, 5, 3, 5, 7, 1, 3, 3, 6, 3, 2, 6, 8, 3, 2, 3, 1, 7, 2, 2, 8, 1, 4, 7, 7, 1, 3, 4, 4, 7, 5, 5, 2, 4, 3, 8, 4, 3, 8, 3, 7, 3, 2, 4, 1, 4, 2, 6, 2, 7, 5, 4, 7, 6, 6, 4, 1, 1, 7, 3, 2, 5, 5, 2, 4, 6, 3, 6, 2, 4, 4, 3, 5, 5]
B_18 26.33 B 58 [5, 3, 6, 6, 6, 6, 4, 5, 5, 6, 6, 3, 1, 6, 4, 1, 3, 3, 2, 6, 1, 6, 4, 5, 4, 2, 5, 2, 5, 5, 6, 1, 2, 5, 3, 3, 1, 2, 1, 6, 6, 6, 4, 3, 6, 4, 3, 2, 2, 5, 2, 3, 3, 1, 4, 6, 6, 6, 4, 2, 3, 6, 4, 2, 4, 2, 6, 1, 4, 6, 3, 2, 4, 6, 6, 2, 2, 5, 2, 3] [5, 4, 8, 7, 8, 7, 6, 5, 6, 6, 6, 5, 1, 7, 4, 2, 4, 4, 2, 8, 1, 7, 6, 5, 6, 3, 6, 4, 6, 5, 7, 2, 3, 5, 3, 5, 3, 2, 1, 7, 7, 6, 4, 5, 6, 6, 4, 4, 3, 5, 4, 3, 4, 2, 5, 6, 6, 7, 5, 4, 4, 8, 5, 2, 6, 4, 6, 1, 4, 7, 3, 3, 6, 7, 8, 2, 4, 6, 2, 5]
B_19 27.33 B 59 [2, 1, 1, 3, 5, 1, 5, 4, 3, 2, 4, 1, 1, 1, 1, 3, 5, 2, 1, 5, 2, 5, 1, 1, 6, 5, 4, 3, 1, 3, 2, 5, 2, 1, 3, 5, 2, 3, 5, 1, 4, 5, 2, 3, 6, 3, 5, 2, 5, 4, 4, 5, 5, 3, 4, 6, 2, 5, 2, 1, 4, 5, 1, 3, 2, 5, 5, 1, 5, 6, 3, 6, 4, 2, 1, 3, 6, 2, 3, 1] [3, 3, 1, 3, 5, 1, 5, 6, 4, 2, 6, 3, 3, 1, 3, 5, 6, 4, 2, 5, 3, 7, 3, 1, 8, 6, 6, 5, 1, 3, 4, 7, 2, 3, 3, 6, 4, 3, 6, 2, 4, 6, 2, 5, 6, 3, 7, 2, 6, 6, 4, 6, 5, 3, 6, 6, 3, 6, 4, 3, 5, 6, 1, 4, 3, 7, 5, 1, 6, 8, 4, 6, 6, 2, 3, 3, 8, 4, 5, 1]
B_20 28.33 B 60 [6, 2, 2, 4, 3, 5, 1, 2, 6, 2, 3, 2, 3, 5, 2, 4, 5, 6, 6, 5, 1, 5, 3, 5, 5, 5, 1, 6, 5, 5, 4, 5, 5, 2, 3, 6, 1, 1, 5, 1, 1, 6, 5, 4, 3, 5, 6, 2, 6, 2, 6, 4, 1, 4, 6, 4, 3, 6, 3, 4, 5, 2, 6, 6, 3, 6, 4, 5, 6, 2, 6, 5, 2, 5, 2, 4, 5, 6, 4, 2] [7, 2, 3, 5, 5, 5, 2, 4, 7, 2, 4, 2, 3, 5, 2, 6, 7, 6, 7, 5, 1, 6, 5, 6, 5, 5, 3, 7, 6, 6, 6, 7, 5, 3, 4, 7, 1, 2, 5, 2, 1, 7, 6, 6, 3, 7, 6, 2, 6, 2, 7, 5, 1, 5, 7, 5, 3, 6, 4, 5, 7, 2, 6, 7, 4, 6, 5, 5, 8, 3, 8, 7, 2, 7, 4, 4, 7, 7, 4, 3]
B_21 29.33 B 61 [1, 3, 6, 1, 5, 6, 3, 2, 4, 5, 6, 2, 3, 4, 5, 2, 1, 2, 6, 2, 5, 3, 3, 2, 1, 4, 4, 3, 4, 6, 6, 1, 6, 2, 2, 6, 6, 5, 1, 3, 2, 6, 4, 2, 6, 5, 1, 3, 3, 3, 1, 3, 3, 2, 4, 6, 4, 4, 6, 5, 2, 4, 4, 2, 4, 6, 2, 2, 2, 3, 6, 1, 3, 1, 3, 2, 4, 4, 3, 2] [2, 5, 6, 2, 6, 8, 3, 3, 5, 5, 7, 4, 3, 4, 7, 4, 1, 4, 7, 2, 5, 5, 3, 2, 1, 4, 5, 3, 4, 8, 8, 1, 8, 3, 2, 8, 6, 5, 2, 5, 3, 6, 4, 2, 8, 5, 3, 4, 4, 5, 2, 3, 4, 4, 5, 7, 6, 4, 8, 6, 2, 5, 5, 2, 5, 8, 4, 4, 2, 4, 7, 2, 5, 1, 3, 3, 4, 4, 5, 3]
B_22 32.44 B 62 [3, 2, 1, 3, 2, 4, 5, 6, 5, 5, 2, 5, 2, 6, 3, 2, 1, 5, 5, 5, 3, 5, 2, 4, 6, 2, 4, 4, 3, 6, 6, 2, 1, 1, 5, 3, 2, 4, 2, 5, 2, 1, 6, 3, 6, 6, 1, 6, 1, 3, 2, 5, 5, 5, 3, 4, 1, 1, 4, 1, 6, 4, 1, 2, 3, 6, 2, 4, 1, 1, 5, 2, 5, 2, 6, 3, 4, 6, 6, 2] [3, 2, 2, 4, 2, 6, 7, 7, 6, 5, 2, 7, 3, 7, 4, 2, 2, 5, 7, 6, 5, 7, 4, 4, 7, 4, 5, 5, 4, 8, 7, 2, 1, 1, 5, 4, 4, 6, 4, 7, 4, 1, 6, 3, 6, 8, 1, 7, 3, 5, 2, 7, 5, 6, 3, 4, 3, 1, 5, 1, 6, 5, 1, 4, 3, 6, 3, 5, 2, 2, 7, 3, 6, 3, 7, 4, 5, 8, 8, 2]
B_23 34.41 B 63 [5, 3, 3, 4, 6, 5, 6, 1, 6, 3, 2, 5, 6, 4, 6, 1, 3, 2, 4, 6, 2, 5, 4, 1, 6, 4, 1, 6, 4, 3, 2, 5, 4, 4, 3, 5, 6, 5, 4, 3, 3, 5, 3, 2, 1, 2, 6, 6, 5, 1, 4, 4, 1, 6, 4, 5, 1, 1, 2, 3, 6, 2, 2, 4, 2, 1, 3, 4, 6, 6, 1, 6, 2, 5, 6, 6, 3, 1, 4, 1] [6, 4, 5, 4, 6, 7, 6, 1, 8, 5, 3, 6, 8, 6, 7, 2, 4, 2, 4, 8, 3, 6, 6, 1, 7, 4, 3, 8, 4, 4, 4, 5, 5, 6, 5, 6, 8, 6, 6, 3, 5, 6, 3, 2, 2, 4, 8, 7, 7, 1, 5, 4, 3, 7, 6, 5, 3, 1, 2, 4, 7, 2, 4, 6, 2, 2, 4, 4, 6, 7, 3, 8, 2, 6, 8, 8, 3, 3, 5, 1]
B_24 37.209999999999994 B 64 [6, 6, 6, 2, 4, 3, 2, 1, 2, 6, 3, 4, 4, 1, 4, 3, 1, 2, 4, 1, 3, 4, 6, 2, 2, 4, 5, 4, 5, 6, 6, 2, 3, 2, 5, 3, 5, 2, 2, 4, 2, 2, 5, 5, 4, 1, 4, 1, 2, 5, 5, 1, 1, 5, 1, 2, 5, 5, 4, 2, 3, 4, 3, 2, 4, 2, 2, 6, 1, 4, 4, 6, 2, 4, 5, 6, 2, 2, 2, 6] [7, 8, 8, 2, 5, 4, 4, 3, 4, 6, 4, 5, 5, 1, 5, 3, 3, 3, 4, 2, 3, 4, 7, 2, 3, 5, 6, 6, 7, 8, 8, 2, 3, 4, 5, 5, 7, 2, 2, 4, 3, 3, 6, 6, 4, 2, 6, 1, 4, 5, 7, 2, 2, 6, 1, 4, 6, 7, 6, 3, 4, 5, 3, 2, 4, 4, 2, 7, 3, 4, 4, 8, 3, 6, 5, 7, 3, 3, 3, 7]
B_25 38.209999999999994 B 65 [4, 5, 2, 4, 3, 3, 2, 1, 6, 4, 3, 3, 5, 4, 3, 1, 6, 3, 1, 5, 3, 1, 6, 2, 5, 4, 4, 6, 1, 6, 1, 6, 5, 3, 5, 2, 3, 2, 5, 6, 5, 5, 6, 1, 4, 6, 5, 6, 5, 3, 1, 1, 6, 3, 1, 4, 3, 2, 2, 5, 6, 6, 6, 1, 2, 6, 5, 1, 2, 3, 6, 4, 4, 5, 5, 2, 3, 3, 4, 6] [6, 5, 3, 6, 5, 5, 2, 3, 8, 5, 3, 3, 6, 5, 4, 2, 7, 5, 3, 7, 5, 3, 8, 3, 5, 4, 5, 7, 3, 6, 3, 7, 5, 3, 7, 4, 4, 3, 6, 7, 6, 7, 7, 1, 6, 6, 6, 7, 7, 4, 1, 2, 7, 3, 2, 6, 3, 3, 4, 7, 6, 8, 6, 2, 4, 8, 7, 3, 3, 5, 8, 6, 6, 5, 6, 4, 3, 5, 4, 8]
B_26 42.00999999999999 B 66 [4, 6, 3, 2, 4, 6, 2, 2, 5, 6, 5, 3, 2, 4, 4, 2, 1, 2, 6, 2, 2, 2, 1, 1, 3, 1, 6, 6, 6, 6, 6, 5, 6, 3, 5, 3, 4, 4, 2, 1, 2, 3, 4, 3, 3, 1, 4, 6, 4, 5, 1, 5, 4, 6, 4, 3, 1, 1, 6, 5, 4, 2, 2, 3, 2, 5, 1, 5, 2, 2, 4, 1, 1, 2, 3, 5, 6, 4, 1, 5] [6, 8, 5, 4, 4, 6, 2, 3, 6, 7, 6, 5, 2, 6, 6, 2, 2, 2, 6, 3, 2, 3, 2, 2, 3, 3, 7, 7, 7, 7, 7, 5, 6, 4, 5, 4, 4, 6, 3, 3, 2, 4, 6, 4, 4, 2, 6, 6, 5, 5, 2, 5, 5, 8, 5, 3, 3, 2, 6, 5, 5, 4, 3, 4, 2, 7, 2, 5, 4, 4, 6, 1, 2, 4, 4, 6, 7, 4, 2, 7]
B_27 43.00999999999999 B 67 [3, 4, 6, 3, 6, 3, 4, 5, 3, 6, 6, 2, 2, 1, 2, 3, 1, 5, 1, 5, 2, 5, 5, 4, 4, 3, 1, 5, 6, 1, 2, 2, 2, 4, 3, 4, 5, 5, 4, 3, 4, 5, 6, 6, 1, 4, 2, 6, 6, 5, 1, 6, 2, 1, 3, 6, 6, 3, 1, 1, 5, 2, 4, 4, 6, 1, 5, 1, 3, 3, 4, 5, 2, 6, 3, 5, 6, 5, 4, 6] [5, 6, 8, 4, 8, 4, 4, 6, 4, 6, 6, 3, 4, 1, 3, 4, 1, 6, 1, 5, 4, 6, 6, 4, 4, 3, 1, 7, 7, 2, 4, 3, 2, 5, 4, 6, 6, 6, 6, 4, 5, 7, 8, 7, 3, 4, 4, 6, 7, 7, 1, 7, 4, 1, 3, 6, 7, 5, 1, 1, 5, 4, 5, 4, 7, 3, 5, 1, 3, 5, 6, 7, 4, 7, 3, 7, 8, 6, 4, 6]
B_28 46.33999999999999 B 68 [5, 2, 2, 4, 4, 3, 1, 4, 2, 3, 5, 3, 3, 6, 1, 5, 3, 3, 4, 4, 5, 1, 6, 2, 4, 4, 5, 1, 6, 6, 3, 2, 3, 4, 6, 3, 2, 3, 5, 5, 3, 6, 4, 6, 2, 3, 3, 4, 6, 5, 6, 4, 4, 1, 6, 4, 1, 3, 4, 5, 6, 2, 1, 6, 1, 2, 2, 3, 3, 1, 5, 1, 2, 1, 4, 4, 1, 5, 4, 6] [7, 4, 3, 5, 4, 4, 1, 4, 3, 5, 5, 4, 4, 8, 3, 6, 3, 4, 6, 4, 6, 2, 7, 3, 4, 6, 7, 1, 8, 7, 4, 2, 5, 4, 8, 3, 2, 3, 5, 5, 5, 7, 4, 7, 4, 4, 5, 4, 6, 5, 6, 4, 5, 2, 8, 6, 3, 5, 4, 6, 8, 2, 2, 6, 3, 3, 4, 3, 5, 3, 6, 3, 2, 2, 5, 4, 3, 6, 6, 7]
B_29 47.33999999999999 B 69 [5, 6, 3, 4, 6, 6, 3, 2, 3, 2, 1, 3, 5, 6, 4, 3, 6, 1, 4, 6, 4, 6, 1, 5, 5, 3, 5, 4, 1, 6, 3, 4, 5, 5, 1, 4, 6, 6, 3, 6, 2, 2, 2, 1, 2, 5, 6, 3, 6, 4, 3, 6, 4, 1, 3, 1, 3, 2, 6, 6, 2, 3, 1, 6, 4, 3, 2, 3, 1, 4, 6, 3, 3, 4, 6, 2, 4, 4, 5, 4] [5, 7, 3, 6, 6, 6, 3, 2, 4, 3, 3, 4, 7, 8, 4, 5, 8, 1, 6, 7, 4, 6, 2, 6, 5, 5, 6, 5, 1, 8, 5, 5, 7, 6, 3, 4, 7, 8, 5, 7, 2, 4, 3, 2, 2, 7, 8, 3, 6, 5, 4, 6, 6, 2, 3, 1, 4, 2, 7, 8, 3, 4, 2, 7, 4, 5, 4, 5, 3, 6, 8, 4, 5, 5, 6, 3, 4, 4, 5, 6]
B_30 48.33999999999999 B 70 [2, 5, 1, 4, 4, 5, 2, 3, 3, 3, 5, 3, 5, 2, 1, 5, 4, 6, 5, 5, 1, 3, 3, 4, 1, 4, 5, 3, 6, 3, 1, 4, 3, 3, 2, 4, 2, 1, 6, 5, 1, 1, 6, 2, 1, 5, 3, 1, 1, 6, 6, 2, 2, 2, 3, 1, 3, 2, 3, 3, 6, 6, 5, 1, 4, 6, 4, 4, 5, 6, 5, 3, 3, 3, 5, 1, 4, 5, 5, 2] [4, 6, 3, 6, 6, 6, 2, 5, 5, 5, 5, 3, 5, 4, 1, 5, 6, 8, 5, 6, 1, 4, 5, 4, 1, 5, 7, 5, 8, 4, 3, 6, 5, 3, 4, 6, 2, 3, 8, 7, 2, 2, 8, 3, 3, 6, 5, 3, 3, 8, 6, 3, 4, 2, 4, 3, 4, 4, 3, 4, 8, 7, 7, 3, 4, 8, 6, 6, 6, 8, 7, 4, 4, 3, 6, 2, 5, 7, 6, 2]
B_31 50.32999999999999 B 71 [4, 4, 4, 6, 4, 6, 2, 3, 1, 6, 1, 5, 1, 3, 2, 4, 2, 1, 1, 3, 6, 2, 3, 2, 2, 6, 5, 2, 3, 2, 6, 3, 4, 4, 4, 2, 5, 5, 6, 1, 4, 4, 6, 2, 2, 2, 6, 2, 4, 2, 4, 4, 3, 2, 5, 2, 6, 5, 2, 6, 5, 1, 2, 6, 6, 4, 1, 5, 1, 3, 3, 3, 2, 2, 1, 6, 1, 1, 3, 2] [5, 6, 4, 7, 6, 6, 4, 4, 3, 7, 1, 5, 2, 5, 4, 5, 3, 2, 1, 3, 6, 4, 4, 2, 4, 7, 7, 2, 3, 2, 7, 3, 6, 4, 4, 2, 7, 5, 6, 2, 5, 4, 7, 4, 3, 4, 8, 4, 5, 3, 4, 5, 3, 2, 6, 2, 8, 6, 3, 6, 7, 2, 3, 8, 8, 6, 1, 7, 3, 4, 4, 3, 3, 2, 3, 6, 1, 3, 3, 3]
B_32 51.32999999999999 B 72 [5, 6, 6, 5, 2, 4, 2, 6, 1, 6, 4, 6, 5, 4, 1, 1, 1, 3, 2, 1, 4, 3, 5, 2, 4, 3, 5, 6, 3, 2, 1, 6, 3, 1, 2, 6, 2, 5, 2, 3, 6, 6, 6, 1, 6, 1, 5, 2, 6, 1, 6, 5, 2, 2, 3, 5, 4, 2, 4, 4, 2, 3, 5, 2, 2, 4, 1, 2, 2, 3, 3, 2, 2, 4, 1, 3, 5, 4, 5, 1] [6, 7, 6, 6, 3, 6, 2, 8, 3, 8, 5, 7, 6, 5, 3, 1, 1, 4, 3, 1, 5, 5, 5, 2, 4, 3, 5, 8, 4, 2, 1, 8, 4, 1, 2, 7, 4, 5, 3, 5, 6, 7, 6, 2, 8, 1, 7, 4, 6, 1, 7, 6, 4, 2, 4, 6, 5, 3, 6, 6, 2, 5, 6, 2, 3, 6, 2, 4, 2, 5, 4, 3, 2, 5, 3, 3, 7, 4, 7, 1]
B_33 52.32999999999999 B 73 [5, 4, 6, 3, 4, 1, 3, 6, 4, 2, 2, 5, 6, 4, 1, 5, 5, 3, 5, 5, 3, 5, 6, 2, 2, 6, 5, 6, 5, 6, 2, 1, 5, 6, 2, 5, 6, 2, 3, 5, 5, 5, 3, 3, 6, 2, 4, 3, 1, 4, 3, 4, 6, 2, 4, 3, 5, 5, 6, 2, 5, 1, 2, 5, 4, 5, 2, 6, 1, 4, 3, 2, 4, 4, 4, 1, 5, 3, 3, 3] [6, 5, 7, 4, 5, 1, 5, 6, 5, 2, 3, 6, 7, 5, 2, 7, 7, 5, 7, 6, 4, 6, 6, 3, 4, 6, 5, 8, 6, 8, 4, 1, 5, 6, 3, 7, 7, 2, 4, 5, 5, 5, 5, 5, 6, 2, 5, 5, 2, 5, 5, 6, 6, 4, 5, 5, 6, 6, 7, 2, 7, 1, 3, 6, 6, 5, 4, 7, 2, 5, 3, 2, 5, 5, 4, 2, 6, 5, 3, 5]
B_34 53.32999999999999 B 74 [3, 1, 5, 4, 4, 4, 1, 2, 4, 4, 4, 5, 2, 2, 5, 6, 3, 6, 5, 4, 2, 4, 1, 6, 1, 4, 4, 3, 1, 4, 3, 5, 2, 4, 3, 5, 5, 5, 3, 1, 2, 4, 6, 3, 1, 6, 4, 5, 3, 2, 1, 4, 3, 4, 2, 4, 1, 1, 6, 1, 2, 3, 6, 6, 5, 5, 3, 3, 4, 6, 5, 1, 1, 4, 6, 6, 5, 4, 4, 3] [3, 1, 5, 5, 4, 6, 1, 4, 4, 6, 5, 7, 3, 4, 6, 8, 3, 8, 7, 4, 2, 4, 3, 6, 3, 4, 4, 4, 3, 5, 3, 7, 2, 5, 3, 5, 6, 7, 3, 3, 3, 6, 6, 3, 2, 8, 5, 7, 3, 4, 1, 4, 3, 6, 2, 4, 1, 2, 8, 3, 4, 3, 7, 8, 5, 6, 4, 3, 5, 6, 6, 3, 3, 4, 8, 7, 5, 4, 4, 3]
B_35 54.32999999999999 B 75 [4, 4, 6, 3, 4, 6, 3, 2, 5, 6, 6, 4, 6, 3, 3, 2, 3, 1, 5, 5, 6, 5, 1, 5, 1, 6, 4, 1, 2, 6, 4, 4, 3, 1, 6, 4, 2, 1, 2, 3, 2, 5, 3, 1, 1, 1, 3, 3, 1, 4, 6, 3, 3, 6, 5, 3, 6, 3, 2, 3, 4, 2, 3, 6, 6, 2, 5, 5, 4, 2, 1, 6, 3, 1, 6, 3, 5, 4, 3, 4] [5, 5, 6, 5, 5, 8, 4, 4, 6, 6, 6, 5, 6, 5, 3, 2, 3, 2, 7, 7, 6, 5, 3, 5, 2, 7, 5, 1, 4, 6, 4, 5, 4, 3, 8, 6, 3, 1, 2, 3, 4, 6, 3, 2, 2, 3, 5, 4, 3, 5, 7, 4, 3, 8, 7, 4, 6, 4, 2, 3, 4, 3, 4, 8, 7, 4, 6, 7, 4, 3, 2, 6, 3, 2, 7, 4, 7, 5, 4, 6]
B_36 57.22999999999999 B 76 [3, 1, 5, 4, 1, 5, 6, 2, 3, 4, 1, 1, 1, 1, 4, 3, 1, 1, 6, 5, 6, 3, 1, 2, 6, 6, 4, 3, 5, 1, 5, 6, 6, 4, 3, 4, 3, 5, 5, 1, 1, 5, 5, 4, 6, 6, 2, 5, 2, 2, 2, 5, 1, 5, 2, 2, 2, 2, 2, 6, 5, 4, 4, 3, 2, 3, 6, 6, 1, 4, 4, 1, 5, 5, 5, 5, 3, 1, 1, 6] [3, 2, 7, 4, 1, 7, 8, 2, 3, 4, 3, 2, 1, 3, 6, 5, 1, 3, 8, 6, 6, 4, 3, 4, 7, 7, 4, 3, 6, 2, 6, 7, 6, 4, 5, 4, 5, 7, 6, 3, 1, 5, 7, 6, 8, 6, 4, 6, 2, 4, 4, 5, 2, 6, 3, 3, 3, 4, 4, 8, 7, 4, 5, 3, 3, 3, 7, 8, 3, 4, 5, 1, 7, 6, 5, 7, 3, 3, 1, 7]
B_37 58.25999999999999 B 77 [4, 4, 4, 2, 2, 6, 3, 1, 2, 3, 1, 3, 4, 1, 2, 1, 5, 4, 4, 1, 2, 6, 1, 3, 3, 1, 2, 1, 6, 5, 2, 3, 6, 4, 4, 6, 6, 5, 6, 2, 2, 4, 2, 6, 3, 2, 5, 4, 5, 5, 4, 1, 2, 4, 1, 1, 2, 1, 5, 2, 6, 4, 6, 1, 2, 3, 4, 5, 5, 4, 5, 1, 4, 3, 4, 4, 1, 5, 2, 2] [5, 6, 4, 3, 2, 7, 3, 3, 4, 4, 2, 4, 6, 1, 2, 2, 6, 6, 6, 3, 2, 7, 2, 4, 4, 3, 3, 3, 8, 5, 2, 4, 6, 5, 6, 8, 7, 7, 7, 4, 3, 5, 3, 6, 3, 3, 5, 5, 5, 7, 5, 1, 3, 4, 3, 1, 4, 3, 6, 4, 7, 4, 8, 3, 3, 5, 4, 6, 6, 4, 7, 3, 4, 5, 4, 5, 3, 7, 2, 2]
B_38 59.25999999999999 B 78 [5, 3, 5, 1, 4, 4, 1, 3, 3, 4, 2, 1, 1, 4, 6, 2, 1, 2, 6, 4, 3, 4, 3, 1, 6, 4, 1, 3, 1, 2, 3, 6, 4, 4, 4, 5, 2, 2, 6, 2, 3, 1, 2, 2, 3, 1, 3, 5, 4, 2, 3, 2, 6, 5, 4, 6, 2, 5, 2, 3, 4, 3, 6, 4, 2, 4, 1, 4, 4, 5, 5, 3, 5, 3, 4, 3, 1, 2, 1, 3] [6, 5, 7, 3, 5, 6, 2, 5, 5, 4, 2, 3, 1, 5, 7, 2, 2, 2, 6, 4, 4, 4, 4, 3, 8, 6, 2, 4, 3, 2, 3, 8, 5, 6, 5, 6, 3, 4, 8, 3, 4, 3, 4, 2, 4, 1, 5, 7, 6, 4, 5, 2, 7, 7, 6, 7, 2, 5, 2, 5, 4, 5, 8, 5, 3, 4, 2, 4, 6, 5, 6, 3, 7, 3, 4, 4, 1, 2, 2, 5]
B_39 63.15999999999999 B 79 [2, 3, 3, 3, 4, 2, 6, 1, 2, 2, 1, 4, 1, 6, 4, 3, 5, 5, 6, 1, 4, 2, 3, 3, 1, 4, 4, 5, 5, 3, 4, 6, 1, 3, 4, 4, 3, 3, 6, 2, 1, 5, 2, 2, 6, 5, 6, 5, 3, 6, 5, 1, 1, 4, 1, 5, 2, 4, 3, 1, 2, 2, 2, 1, 6, 6, 5, 6, 6, 4, 2, 2, 1, 3, 3, 4, 6, 2, 3, 4] [3, 5, 5, 5, 6, 3, 7, 3, 4, 2, 1, 5, 1, 7, 4, 5, 5, 6, 6, 3, 5, 3, 3, 4, 1, 6, 5, 7, 5, 5, 6, 7, 1, 4, 4, 5, 3, 3, 6, 3, 3, 5, 4, 4, 8, 5, 7, 7, 3, 8, 5, 3, 1, 4, 2, 6, 3, 5, 5, 1, 3, 3, 2, 1, 7, 8, 7, 6, 7, 6, 2, 3, 1, 5, 3, 6, 7, 2, 5, 4]
