A_0 1 A 0 [6, 3, 6, 3, 1, 4, 5, 6, 6, 1, 1, 3, 2, 6, 6, 6, 5, 2, 1, 5, 4, 6, 2, 4, 1, 4, 3, 6, 4, 6, 5, 4, 6, 3, 2, 3, 6, 4, 1, 3, 6, 4, 5, 3, 5, 5, 4, 3, 5, 2, 2, 2, 1, 6, 2, 3, 1, 2, 1, 3, 1, 6, 4, 4, 4, 4, 1, 6, 3, 3, 3, 5, 3, 3, 3, 1, 6, 5, 5, 1] [9, 7, 10, 5, 5, 7, 9, 9, 8, 3, 3, 7, 4, 8, 10, 8, 9, 4, 4, 8, 6, 10, 6, 8, 3, 7, 7, 8, 6, 10, 7, 7, 9, 7, 6, 7, 9, 7, 5, 5, 8, 6, 8, 5, 7, 9, 7, 6, 7, 6, 6, 4, 3, 10, 5, 6, 4, 5, 5, 6, 5, 8, 7, 7, 6, 8, 4, 9, 5, 7, 5, 7, 7, 7, 5, 3, 8, 7, 8, 4]
A_1 2 A 1 [3, 2, 4, 1, 1, 1, 2, 3, 4, 1, 6, 5, 1, 6, 3, 3, 3, 1, 4, 5, 1, 1, 2, 6, 3, 6, 6, 5, 6, 1, 1, 6, 1, 2, 1, 3, 6, 6, 3, 1, 1, 5, 3, 1, 6, 1, 6, 3, 6, 1, 5, 5, 3, 2, 2, 2, 5, 5, 2, 3, 5, 5, 2, 3, 2, 2, 6, 4, 2, 6, 3, 3, 4, 5, 6, 4, 2, 1, 3, 4] [7, 6, 8, 5, 3, 3, 6, 5, 6, 3, 9, 8, 3, 10, 5, 7, 5, 5, 6, 9, 5, 4, 4, 8, 7, 9, 8, 7, 8, 3, 3, 10, 3, 4, 4, 6, 10, 9, 6, 3, 4, 9, 7, 3, 10, 4, 8, 5, 8, 3, 9, 9, 7, 4, 6, 5, 9, 9, 6, 6, 7, 8, 5, 7, 6, 6, 8, 8, 5, 8, 6, 6, 6, 8, 10, 6, 6, 5, 5, 8]
A_2 3.8600000000000003 A 2 [6, 4, 1, 2, 6, 5, 1, 2, 6, 3, 3, 4, 6, 4, 5, 6, 2, 4, 2, 2, 3, 5, 4, 5, 2, 6, 1, 3, 2, 3, 3, 4, 6, 2, 1, 3, 5, 6, 4, 4, 3, 2, 2, 6, 5, 4, 6, 4, 1, 1, 2, 1, 4, 3, 4, 1, 2, 5, 5, 3, 5, 4, 4, 2, 1, 6, 1, 1, 6, 2, 6, 3, 2, 6, 5, 1, 3, 3, 6, 2] [10, 8, 3, 6, 10, 7, 3, 5, 9, 5, 5, 8, 9, 6, 8, 9, 6, 7, 5, 5, 6, 7, 7, 7, 5, 10, 5, 5, 6, 6, 6, 7, 9, 4, 3, 6, 9, 10, 8, 7, 5, 5, 5, 10, 9, 7, 9, 8, 3, 5, 6, 3, 7, 7, 6, 5, 4, 8, 8, 7, 8, 6, 6, 5, 4, 9, 4, 5, 9, 4, 10, 6, 4, 8, 9, 5, 6, 7, 10, 5]
A_3 4.970000000000001 A 3 [3, 1, 2, 2, 6, 6, 3, 1, 6, 3, 3, 2, 1, 1, 1, 4, 4, 4, 2, 3, 2, 4, 1, 5, 3, 4, 2, 5, 3, 6, 5, 2, 5, 4, 5, 4, 6, 3, 3, 1, 6, 4, 1, 1, 3, 2, 5, 6, 5, 2, 5, 3, 1, 1, 4, 3, 5, 4, 6, 1, 5, 3, 1, 5, 4, 6, 5, 3, 5, 5, 6, 6, 3, 1, 6, 3, 2, 1, 2, 6] [5, 5, 6, 4, 10, 8, 6, 4, 8, 5, 5, 6, 3, 5, 4, 7, 6, 7, 4, 5, 4, 7, 4, 9, 6, 7, 5, 7, 5, 9, 8, 5, 9, 6, 9, 6, 8, 6, 7, 5, 9, 6, 5, 3, 7, 4, 9, 10, 7, 5, 8, 6, 4, 5, 7, 5, 8, 6, 8, 5, 9, 5, 5, 7, 6, 10, 7, 5, 9, 9, 9, 10, 7, 5, 8, 6, 4, 4, 5, 10]
A_4 5.970000000000001 A 4 [1, 1, 6, 6, 6, 6, 3, 2, 5, 6, 3, 3, 4, 3, 3, 3, 4, 1, 4, 2, 5, 1, 5, 4, 4, 4, 5, 2, 4, 1, 6, 6, 3, 5, 2, 6, 2, 3, 4, 1, 1, 4, 3, 3, 3, 3, 3, 6, 6, 6, 5, 3, 5, 6, 1, 4, 1, 6, 6, 3, 6, 6, 4, 1, 1, 6, 3, 1, 5, 4, 1, 5, 3, 6, 4, 4, 2, 4, 5, 3] [5, 3, 10, 10, 10, 8, 7, 6, 7, 10, 5, 5, 6, 6, 5, 5, 7, 4, 8, 6, 8, 5, 8, 8, 8, 6, 9, 4, 7, 5, 8, 10, 7, 7, 6, 8, 4, 6, 8, 4, 3, 8, 5, 5, 6, 7, 6, 8, 10, 8, 9, 5, 9, 10, 5, 7, 5, 9, 8, 6, 9, 10, 6, 3, 3, 10, 7, 5, 9, 8, 4, 9, 5, 9, 7, 8, 6, 6, 8, 7]
A_5 10.49 A 5 [4, 1, 5, 6, 6, 6, 1, 3, 6, 3, 4, 3, 1, 4, 6, 4, 3, 2, 5, 1, 3, 3, 6, 4, 6, 2, 4, 4, 3, 6, 6, 1, 1, 1, 2, 6, 6, 5, 4, 2, 6, 4, 1, 1, 2, 5, 2, 3, 1, 3, 2, 3, 2, 3, 4, 5, 3, 1, 1, 3, 2, 5, 3, 3, 5, 2, 6, 5, 2, 1, 1, 3, 6, 6, 6, 1, 5, 4, 5, 3] [7, 3, 7, 8, 8, 9, 5, 6, 8, 5, 7, 6, 4, 8, 8, 6, 5, 4, 7, 4, 7, 6, 10, 7, 9, 5, 6, 6, 6, 9, 8, 3, 5, 3, 6, 9, 10, 7, 7, 4, 10, 7, 4, 5, 4, 7, 4, 7, 3, 6, 5, 5, 4, 5, 7, 8, 7, 4, 5, 7, 5, 7, 7, 5, 8, 5, 9, 9, 4, 3, 5, 7, 8, 9, 10, 3, 9, 8, 9, 5]
A_6 11.49 A 6 [5, 2, 1, 3, 3, 1, 1, 4, 2, 4, 3, 2, 5, 5, 5, 1, 4, 3, 3, 2, 3, 6, 5, 6, 5, 5, 1, 4, 3, 4, 3, 6, 6, 2, 2, 4, 6, 3, 4, 1, 6, 2, 6, 2, 3, 1, 6, 1, 5, 5, 3, 2, 3, 2, 2, 6, 2, 2, 1, 6, 5, 1, 6, 5, 2, 1, 3, 2, 3, 3, 1, 1, 4, 1, 5, 6, 2, 5, 1, 1] [9, 6, 3, 6, 7, 5, 4, 6, 6, 7, 7, 4, 7, 9, 9, 3, 8, 7, 6, 4, 5, 8, 7, 8, 9, 7, 3, 8, 5, 6, 7, 8, 9, 6, 5, 6, 8, 7, 8, 3, 8, 4, 8, 6, 5, 4, 9, 3, 9, 9, 7, 6, 6, 4, 4, 8, 4, 4, 5, 9, 8, 4, 9, 8, 5, 5, 6, 4, 6, 7, 5, 4, 6, 3, 8, 9, 6, 9, 5, 5]
A_7 12.49 A 7 [6, 3, 2, 1, 2, 3, 4, 1, 6, 5, 6, 1, 4, 5, 1, 4, 3, 5, 3, 4, 4, 6, 3, 6, 6, 3, 5, 4, 5, 4, 1, 6, 5, 1, 5, 1, 5, 6, 1, 4, 3, 6, 1, 4, 4, 3, 5, 5, 2, 4, 6, 3, 4, 4, 1, 3, 2, 4, 2, 2, 6, 1, 1, 1, 1, 3, 4, 1, 4, 1, 4, 4, 1, 3, 2, 6, 5, 2, 4, 2] [9, 5, 5, 4, 6, 6, 6, 5, 9, 7, 9, 5, 6, 8, 5, 7, 7, 8, 5, 6, 6, 10, 5, 9, 10, 6, 9, 6, 8, 7, 4, 10, 8, 4, 9, 5, 8, 10, 4, 6, 7, 9, 5, 7, 8, 7, 7, 8, 5, 7, 10, 6, 8, 6, 4, 7, 5, 6, 4, 5, 9, 5, 3, 3, 3, 5, 8, 5, 8, 4, 7, 6, 4, 7, 4, 9, 7, 6, 6, 5]
A_8 13.49 A 8 [6, 4, 6, 6, 5, 6, 2, 6, 6, 6, 5, 2, 2, 5, 5, 4, 4, 1, 3, 4, 1, 6, 4, 5, 5, 6, 6, 6, 1, 1, 4, 3, 1, 6, 4, 3, 5, 5, 3, 4, 3, 2, 4, 4, 5, 3, 2, 4, 3, 3, 4, 6, 2, 5, 2, 6, 3, 6, 5, 1, 3, 5, 2, 6, 5, 1, 1, 5, 6, 3, 3, 6, 3, 5, 2, 1, 6, 5, 3, 4] [8, 6, 9, 8, 7, 8, 6, 9, 9, 8, 8, 5, 4, 8, 9, 6, 8, 5, 6, 8, 3, 9, 6, 8, 9, 8, 10, 8, 5, 4, 6, 6, 3, 9, 7, 5, 7, 8, 6, 8, 6, 5, 7, 6, 9, 6, 6, 7, 6, 6, 8, 9, 6, 9, 4, 10, 7, 8, 7, 5, 7, 7, 6, 10, 7, 3, 5, 8, 9, 5, 5, 10, 5, 8, 6, 3, 9, 7, 6, 8]
A_9 17.25 A 9 [1, 1, 3, 3, 6, 3, 4, 5, 6, 5, 2, 3, 5, 5, 6, 3, 4, 6, 6, 4, 2, 4, 2, 3, 6, 3, 4, 3, 3, 1, 2, 4, 6, 4, 5, 1, 3, 1, 2, 5, 4, 3, 5, 5, 4, 4, 4, 1, 5, 5, 3, 6, 5, 1, 6, 3, 5, 2, 1, 1, 5, 2, 1, 5, 2, 1, 1, 3, 2, 6, 1, 5, 2, 2, 4, 5, 1, 5, 5, 3] [3, 3, 5, 5, 10, 5, 7, 7, 8, 8, 6, 7, 9, 9, 9, 7, 7, 10, 8, 8, 4, 8, 6, 7, 8, 5, 6, 5, 6, 3, 4, 8, 10, 6, 9, 4, 6, 4, 4, 7, 8, 6, 8, 9, 8, 6, 7, 4, 9, 8, 5, 10, 7, 4, 10, 5, 8, 5, 3, 3, 8, 4, 5, 7, 5, 5, 5, 5, 6, 9, 4, 8, 5, 6, 8, 8, 4, 7, 8, 7]
A_10 18.25 A 10 [1, 6, 3, 3, 3, 4, 3, 6, 5, 2, 1, 5, 2, 2, 3, 5, 6, 5, 6, 6, 6, 6, 2, 1, 5, 1, 1, 3, 3, 1, 1, 5, 1, 2, 1, 6, 5, 4, 5, 4, 3, 3, 6, 3, 3, 5, 6, 4, 6, 6, 1, 3, 6, 5, 6, 3, 6, 5, 6, 5, 1, 6, 2, 1, 4, 3, 6, 5, 1, 6, 3, 1, 2, 3, 4, 2, 4, 4, 2, 4] [3, 9, 5, 5, 5, 7, 7, 9, 8, 6, 5, 8, 6, 5, 7, 7, 10, 7, 10, 10, 10, 9, 4, 4, 8, 3, 4, 6, 7, 4, 4, 7, 3, 6, 4, 9, 9, 7, 7, 7, 6, 6, 8, 5, 7, 7, 10, 7, 8, 8, 3, 6, 10, 8, 8, 5, 10, 9, 10, 9, 4, 8, 4, 3, 8, 7, 8, 8, 4, 9, 7, 3, 5, 6, 6, 5, 6, 7, 6, 8]
A_11 19.7 A 11 [3, 5, 4, 2, 3, 3, 2, 1, 2, 3, 5, 1, 4, 2, 4, 3, 2, 1, 1, 4, 5, 6, 5, 3, 4, 6, 4, 5, 5, 1, 2, 1, 6, 1, 4, 4, 4, 5, 5, 6, 5, 6, 5, 5, 1, 1, 6, 2, 1, 5, 5, 6, 4, 6, 1, 5, 2, 3, 3, 1, 3, 4, 3, 3, 1, 4, 2, 1, 1, 6, 1, 3, 2, 5, 5, 3, 1, 3, 1, 4] [7, 8, 8, 6, 5, 6, 4, 5, 5, 7, 8, 4, 7, 6, 8, 7, 4, 4, 4, 6, 7, 8, 9, 6, 8, 9, 6, 9, 7, 4, 6, 3, 9, 5, 6, 6, 6, 7, 9, 10, 8, 8, 9, 7, 4, 3, 9, 6, 4, 8, 9, 9, 7, 9, 5, 8, 6, 6, 5, 5, 6, 7, 5, 7, 5, 7, 6, 5, 3, 8, 4, 7, 6, 9, 7, 7, 5, 6, 5, 7]
A_12 20.7 A 12 [2, 1, 6, 1, 4, 1, 5, 4, 2, 5, 2, 4, 5, 5, 6, 1, 5, 1, 5, 3, 1, 3, 4, 5, 5, 2, 3, 1, 2, 6, 4, 2, 2, 6, 3, 6, 3, 2, 3, 1, 6, 4, 4, 3, 6, 4, 3, 2, 3, 6, 2, 2, 1, 3, 5, 6, 1, 2, 5, 3, 6, 6, 6, 3, 4, 4, 3, 3, 4, 1, 3, 5, 2, 6, 3, 1, 2, 1, 4, 6] [4, 3, 9, 3, 6, 4, 7, 6, 4, 9, 6, 7, 9, 7, 9, 4, 8, 4, 7, 7, 3, 5, 8, 9, 9, 5, 5, 5, 6, 9, 6, 6, 6, 10, 5, 8, 5, 4, 7, 4, 10, 8, 6, 7, 8, 6, 6, 4, 7, 8, 5, 4, 5, 7, 8, 9, 5, 6, 9, 7, 9, 10, 8, 7, 6, 6, 6, 5, 7, 5, 7, 9, 4, 9, 5, 3, 6, 4, 6, 8]
A_13 21.83 A 13 [6, 6, 4, 1, 3, 4, 5, 5, 5, 5, 2, 2, 5, 1, 5, 4, 5, 6, 6, 5, 5, 6, 1, 2, 2, 4, 1, 3, 5, 1, 3, 6, 1, 1, 3, 5, 5, 6, 5, 4, 6, 1, 3, 6, 3, 1, 6, 5, 1, 1, 6, 2, 1, 3, 3, 1, 1, 2, 1, 1, 2, 5, 4, 3, 4, 5, 4, 5, 6, 4, 2, 6, 3, 3, 2, 6, 3, 4, 4, 2] [8, 10, 6, 5, 6, 8, 9, 8, 8, 9, 5, 6, 7, 5, 7, 6, 7, 9, 10, 9, 7, 10, 3, 6, 4, 7, 4, 5, 9, 5, 5, 10, 4, 3, 7, 7, 8, 8, 9, 6, 10, 5, 5, 9, 6, 5, 10, 7, 3, 5, 10, 5, 4, 7, 6, 3, 5, 6, 3, 5, 6, 8, 6, 7, 8, 8, 8, 9, 8, 6, 6, 10, 5, 7, 6, 9, 6, 8, 7, 5]
A_14 22.919999999999998 A 14 [6, 3, 5, 1, 3, 6, 5, 1, 5, 6, 3, 4, 6, 5, 4, 1, 4, 3, 2, 6, 4, 2, 6, 6, 6, 2, 3, 6, 3, 4, 6, 1, 2, 1, 1, 5, 2, 4, 4, 6, 3, 5, 2, 6, 3, 5, 6, 2, 4, 4, 1, 3, 4, 5, 6, 5, 4, 4, 5, 2, 6, 6, 2, 1, 3, 1, 1, 5, 4, 2, 2, 6, 1, 1, 5, 6, 5, 4, 5, 3] [10, 5, 8, 4, 5, 8, 9, 5, 9, 9, 7, 8, 9, 7, 7, 4, 8, 7, 5, 9, 8, 6, 9, 8, 9, 5, 7, 9, 7, 6, 8, 4, 5, 5, 5, 9, 5, 6, 8, 8, 5, 9, 6, 8, 7, 8, 10, 5, 8, 6, 5, 6, 8, 8, 8, 7, 8, 7, 7, 4, 8, 9, 5, 4, 6, 4, 5, 8, 6, 6, 5, 10, 3, 5, 7, 9, 7, 7, 9, 6]
A_15 23.919999999999998 A 15 [6, 3, 6, 4, 3, 4, 1, 4, 4, 3, 5, 3, 1, 4, 1, 1, 4, 1, 5, 2, 2, 1, 4, 1, 2, 4, 2, 4, 2, 4, 1, 1, 2, 1, 4, 3, 5, 2, 4, 3, 3, 3, 6, 5, 6, 3, 3, 1, 1, 3, 6, 2, 5, 4, 1, 5, 6, 3, 4, 3, 6, 4, 6, 1, 4, 3, 6, 5, 4, 6, 6, 5, 4, 2, 2, 4, 5, 3, 5, 3] [8, 7, 9, 7, 5, 6, 3, 7, 6, 7, 7, 7, 4, 6, 4, 4, 7, 4, 8, 4, 6, 5, 8, 3, 6, 7, 4, 8, 5, 7, 5, 5, 4, 4, 7, 7, 7, 6, 8, 6, 5, 7, 8, 8, 9, 6, 7, 3, 5, 7, 9, 5, 8, 8, 3, 9, 8, 7, 8, 7, 8, 6, 9, 5, 6, 6, 9, 8, 7, 8, 10, 7, 7, 6, 5, 8, 7, 6, 7, 5]
A_16 25.27 A 16 [5, 3, 2, 4, 4, 3, 4, 3, 4, 4, 6, 2, 5, 5, 4, 4, 4, 6, 2, 1, 6, 1, 1, 1, 6, 5, 5, 4, 2, 5, 1, 5, 6, 2, 3, 2, 5, 1, 5, 3, 6, 6, 3, 2, 3, 1, 3, 3, 5, 4, 5, 6, 2, 2, 5, 2, 1, 2, 2, 6, 4, 5, 5, 1, 4, 5, 1, 5, 4, 4, 1, 3, 3, 1, 2, 4, 2, 5, 6, 6] [9, 5, 6, 6, 7, 5, 8, 7, 8, 7, 10, 4, 8, 7, 8, 7, 8, 8, 5, 5, 8, 3, 3, 5, 10, 8, 7, 7, 6, 7, 5, 9, 10, 4, 7, 4, 8, 5, 7, 7, 10, 8, 5, 6, 7, 5, 5, 7, 9, 6, 9, 10, 5, 4, 9, 6, 5, 6, 5, 8, 7, 7, 9, 3, 6, 7, 3, 9, 6, 8, 4, 6, 6, 5, 6, 7, 5, 9, 10, 9]
A_17 26.27 A 17 [2, 1, 4, 4, 1, 2, 3, 5, 1, 6, 5, 1, 1, 6, 3, 1, 6, 6, 4, 4, 4, 5, 6, 3, 6, 1, 1, 1, 2, 3, 2, 6, 1, 1, 5, 5, 3, 6, 1, 1, 5, 1, 2, 2, 1, 6, 3, 6, 2, 4, 2, 3, 3, 3, 2, 1, 1, 5, 1, 1, 1, 6, 2, 5, 3, 6, 2, 6, 5, 2, 4, 2, 4, 3, 1, 5, 6, 5, 3, 4] [4, 5, 7, 7, 4, 4, 7, 8, 5, 10, 7, 4, 4, 9, 7, 4, 8, 10, 7, 7, 6, 7, 10, 6, 8, 3, 4, 5, 5, 7, 6, 9, 4, 3, 7, 8, 7, 10, 3, 4, 7, 4, 5, 4, 4, 9, 6, 9, 5, 7, 6, 5, 5, 5, 4, 4, 5, 7, 5, 5, 5, 10, 5, 7, 6, 8, 4, 9, 9, 5, 6, 6, 6, 5, 4, 9, 9, 7, 7, 6]
A_18 27.7 A 18 [1, 4, 2, 2, 4, 5, 3, 3, 3, 6, 6, 1, 5, 6, 2, 5, 2, 4, 6, 2, 2, 5, 1, 6, 1, 6, 5, 3, 4, 4, 1, 1, 3, 2, 6, 3, 4, 2, 1, 4, 4, 3, 5, 2, 3, 1, 6, 4, 3, 2, 4, 3, 3, 2, 2, 1, 2, 5, 1, 5, 2, 5, 3, 4, 2, 3, 2, 3, 1, 4, 3, 6, 5, 6, 3, 5, 3, 2, 2, 4] [4, 6, 5, 4, 8, 7, 6, 5, 6, 8, 10, 4, 7, 10, 5, 8, 5, 7, 8, 5, 4, 7, 3, 9, 5, 10, 9, 7, 6, 7, 5, 4, 7, 6, 9, 6, 8, 4, 3, 8, 8, 5, 9, 4, 5, 5, 10, 6, 6, 6, 8, 6, 5, 4, 6, 5, 5, 8, 4, 7, 4, 8, 6, 7, 4, 7, 6, 5, 4, 8, 5, 10, 9, 9, 5, 8, 7, 5, 6, 7]
A_19 28.7 A 19 [5, 5, 2, 3, 2, 1, 2, 4, 4, 4, 6, 4, 3, 5, 6, 2, 1, 4, 2, 2, 1, 6, 1, 6, 2, 4, 3, 5, 2, 6, 4, 6, 2, 6, 1, 5, 2, 4, 3, 5, 4, 3, 1, 3, 5, 6, 5, 4, 6, 3, 2, 4, 6, 6, 2, 3, 5, 6, 6, 2, 3, 4, 4, 6, 4, 6, 6, 6, 6, 3, 5, 3, 3, 6, 4, 3, 2, 4, 6, 4] [8, 9, 5, 5, 6, 4, 4, 6, 8, 8, 10, 6, 7, 9, 9, 4, 5, 7, 5, 5, 3, 8, 5, 8, 4, 7, 5, 8, 6, 8, 8, 9, 4, 10, 4, 8, 5, 7, 7, 7, 8, 6, 4, 6, 9, 10, 8, 6, 10, 6, 5, 7, 8, 10, 5, 7, 7, 10, 8, 4, 7, 6, 6, 10, 6, 10, 8, 9, 8, 5, 7, 5, 6, 8, 7, 5, 5, 6, 9, 7]
A_20 30.96 A 20 [4, 1, 3, 2, 5, 3, 3, 4, 1, 2, 6, 5, 1, 5, 4, 2, 6, 4, 2, 1, 6, 4, 5, 5, 2, 1, 5, 5, 6, 4, 3, 1, 6, 5, 5, 6, 6, 4, 1, 3, 5, 3, 4, 2, 3, 1, 1, 2, 3, 3, 3, 4, 5, 4, 3, 3, 6, 6, 3, 5, 3, 3, 2, 3, 3, 5, 2, 3, 5, 2, 4, 2, 5, 4, 3, 6, 2, 4, 2, 6] [6, 5, 6, 4, 8, 7, 5, 6, 3, 4, 10, 7, 3, 7, 8, 6, 8, 6, 4, 3, 9, 7, 7, 9, 4, 5, 9, 9, 9, 8, 7, 5, 9, 8, 9, 8, 9, 7, 3, 7, 9, 5, 8, 5, 5, 5, 5, 5, 7, 5, 7, 7, 8, 7, 6, 7, 9, 8, 6, 8, 7, 5, 4, 5, 6, 7, 5, 7, 8, 5, 6, 6, 8, 7, 6, 8, 5, 7, 6, 9]
A_21 32.62 A 21 [6, 1, 5, 4, 1, 3, 6, 6, 6, 4, 6, 6, 3, 6, 2, 1, 1, 5, 5, 6, 4, 1, 4, 3, 2, 5, 1, 5, 3, 1, 6, 4, 3, 2, 4, 4, 2, 5, 1, 1, 4, 6, 6, 3, 6, 1, 6, 3, 3, 3, 4, 1, 1, 3, 5, 2, 6, 2, 1, 6, 1, 1, 2, 1, 1, 6, 4, 3, 6, 3, 3, 5, 3, 5, 6, 5, 3, 4, 6, 3] [10, 4, 7, 7, 5, 6, 8, 10, 9, 8, 9, 8, 5, 10, 6, 5, 3, 7, 7, 8, 7, 4, 7, 5, 5, 7, 5, 9, 7, 3, 9, 7, 7, 4, 6, 7, 5, 8, 5, 4, 6, 10, 10, 6, 8, 5, 8, 5, 5, 5, 6, 3, 4, 6, 9, 4, 10, 6, 3, 9, 4, 4, 4, 3, 5, 10, 7, 5, 10, 7, 6, 8, 7, 9, 9, 7, 5, 6, 9, 7]
A_22 35.83 A 22 [2, 2, 4, 1, 5, 6, 5, 3, 4, 2, 2, 5, 4, 1, 6, 4, 1, 6, 1, 1, 5, 4, 5, 4, 3, 2, 3, 1, 2, 6, 2, 5, 1, 3, 3, 6, 2, 3, 3, 5, 3, 3, 3, 6, 2, 6, 1, 4, 2, 5, 5, 6, 4, 1, 6, 1, 6, 3, 4, 3, 1, 6, 4, 6, 4, 2, 4, 1, 5, 6, 4, 2, 2, 6, 2, 5, 4, 4, 3, 1] [6, 4, 7, 4, 8, 10, 7, 5, 6, 6, 4, 9, 8, 3, 9, 8, 3, 10, 3, 5, 7, 7, 8, 6, 5, 6, 7, 4, 5, 10, 4, 9, 3, 6, 5, 8, 4, 6, 6, 7, 7, 7, 6, 8, 6, 8, 4, 6, 4, 9, 9, 9, 6, 5, 10, 5, 9, 7, 8, 7, 4, 9, 7, 8, 8, 6, 7, 3, 7, 8, 7, 4, 4, 9, 4, 8, 7, 7, 6, 4]
A_23 37.91 A 23 [4, 6, 5, 5, 4, 4, 6, 6, 5, 3, 1, 3, 5, 2, 6, 1, 1, 3, 6, 6, 5, 3, 4, 2, 1, 2, 6, 2, 3, 5, 6, 2, 4, 6, 2, 1, 3, 2, 2, 4, 1, 6, 3, 5, 5, 6, 3, 1, 3, 6, 6, 1, 6, 6, 1, 3, 2, 4, 4, 6, 6, 3, 3, 3, 4, 4, 4, 2, 1, 1, 4, 3, 1, 5, 3, 6, 4, 3, 4, 5] [8, 8, 7, 9, 8, 7, 8, 9, 8, 7, 4, 6, 9, 6, 8, 3, 5, 6, 9, 8, 9, 5, 6, 5, 3, 5, 8, 4, 5, 8, 8, 4, 6, 8, 4, 4, 7, 4, 6, 6, 4, 10, 7, 8, 8, 8, 7, 5, 6, 9, 10, 4, 9, 8, 4, 7, 4, 6, 8, 10, 9, 6, 5, 7, 8, 7, 6, 4, 5, 5, 6, 5, 3, 9, 7, 8, 7, 6, 7, 9]
A_24 38.91 A 24 [1, 3, 2, 3, 4, 6, 5, 6, 5, 6, 5, 4, 5, 2, 6, 2, 6, 6, 1, 2, 2, 2, 3, 1, 3, 6, 4, 1, 6, 1, 5, 5, 2, 3, 6, 6, 2, 3, 3, 6, 1, 1, 4, 4, 5, 4, 3, 3, 6, 2, 5, 4, 5, 2, 3, 6, 6, 6, 2, 1, 3, 5, 4, 4, 4, 1, 5, 1, 2, 5, 1, 5, 2, 4, 3, 3, 3, 2, 6, 4] [3, 7, 5, 6, 8, 9, 9, 10, 9, 8, 8, 8, 9, 4, 9, 6, 10, 8, 5, 4, 4, 5, 5, 3, 7, 8, 7, 4, 9, 5, 8, 8, 4, 6, 8, 9, 6, 7, 7, 10, 5, 5, 7, 6, 8, 8, 7, 6, 10, 6, 9, 8, 9, 4, 5, 8, 8, 9, 5, 5, 5, 9, 8, 6, 8, 5, 7, 3, 4, 7, 5, 9, 6, 6, 5, 6, 6, 4, 10, 8]
A_25 40.019999999999996 A 25 [4, 6, 6, 4, 4, 2, 5, 3, 6, 3, 1, 6, 2, 4, 2, 4, 5, 1, 6, 4, 1, 5, 2, 2, 6, 5, 4, 1, 6, 1, 5, 5, 3, 5, 6, 2, 1, 5, 1, 4, 2, 5, 3, 4, 2, 5, 4, 3, 6, 3, 6, 1, 5, 3, 3, 1, 1, 1, 6, 6, 3, 4, 1, 4, 2, 5, 2, 4, 3, 2, 2, 1, 3, 5, 6, 4, 2, 5, 4, 4] [7, 9, 10, 7, 6, 5, 7, 6, 8, 5, 3, 9, 5, 7, 5, 7, 8, 3, 10, 7, 5, 7, 6, 5, 8, 7, 8, 4, 9, 5, 9, 7, 5, 8, 10, 5, 5, 9, 5, 7, 6, 8, 6, 7, 6, 7, 8, 6, 9, 6, 9, 4, 9, 5, 6, 3, 3, 5, 9, 9, 5, 8, 3, 6, 5, 7, 6, 7, 6, 4, 4, 4, 7, 9, 9, 6, 6, 8, 8, 7]
A_26 41.019999999999996 A 26 [3, 6, 1, 2, 5, 4, 1, 5, 6, 4, 1, 4, 3, 1, 3, 2, 5, 1, 5, 3, 5, 1, 3, 6, 4, 4, 3, 2, 4, 2, 4, 1, 5, 2, 5, 1, 3, 3, 1, 6, 5, 6, 5, 1, 2, 4, 2, 4, 5, 4, 2, 6, 4, 6, 2, 2, 2, 1, 1, 5, 6, 4, 3, 6, 2, 1, 2, 5, 4, 5, 3, 1, 4, 6, 3, 5, 1, 2, 5, 1] [7, 8, 5, 5, 9, 6, 3, 9, 10, 6, 4, 6, 5, 4, 7, 4, 7, 4, 9, 5, 9, 5, 7, 8, 7, 8, 6, 4, 6, 6, 8, 3, 9, 5, 8, 5, 6, 7, 5, 9, 8, 9, 8, 4, 5, 8, 4, 6, 9, 6, 4, 10, 6, 9, 4, 5, 4, 4, 5, 9, 9, 8, 6, 9, 5, 3, 4, 9, 6, 9, 7, 3, 7, 10, 7, 7, 4, 5, 9, 5]
A_27 42.019999999999996 A 27 [6, 5, 3, 5, 2, 4, 4, 4, 6, 3, 3, 5, 1, 3, 6, 4, 4, 1, 3, 5, 5, 5, 1, 2, 1, 1, 2, 6, 1, 6, 6, 3, 2, 3, 3, 2, 5, 2, 6, 1, 6, 5, 3, 2, 6, 4, 5, 6, 5, 4, 6, 6, 5, 2, 2, 4, 1, 5, 6, 4, 5, 1, 6, 4, 5, 2, 6, 1, 3, 6, 1, 1, 1, 6, 5, 4, 3, 6, 2, 1] [8, 7, 5, 7, 4, 6, 8, 6, 8, 5, 6, 9, 5, 5, 9, 8, 7, 5, 7, 8, 9, 9, 4, 4, 4, 4, 4, 8, 4, 10, 8, 5, 4, 5, 6, 5, 7, 4, 9, 5, 10, 8, 5, 6, 9, 7, 8, 10, 8, 6, 9, 9, 9, 6, 4, 8, 4, 7, 9, 7, 9, 5, 10, 7, 7, 4, 9, 3, 6, 8, 5, 4, 5, 10, 9, 6, 6, 9, 4, 4]
A_28 43.019999999999996 A 28 [4, 6, 2, 3, 4, 3, 3, 5, 1, 3, 3, 5, 2, 5, 3, 2, 2, 2, 4, 2, 6, 3, 2, 3, 6, 6, 4, 1, 2, 5, 3, 3, 3, 1, 3, 3, 4, 3, 5, 5, 5, 2, 1, 4, 5, 4, 3, 4, 4, 2, 1, 5, 1, 6, 2, 5, 1, 4, 6, 5, 1, 4, 6, 4, 4, 6, 4, 4, 5, 1, 5, 4, 6, 2, 4, 4, 6, 3, 3, 2] [6, 8, 6, 5, 7, 6, 5, 8, 5, 6, 7, 7, 6, 9, 7, 5, 6, 5, 6, 6, 9, 7, 5, 5, 9, 9, 6, 4, 4, 7, 6, 6, 5, 5, 6, 5, 7, 7, 7, 8, 9, 5, 5, 7, 9, 6, 7, 8, 7, 5, 3, 7, 3, 9, 4, 9, 4, 8, 10, 7, 4, 8, 9, 7, 8, 8, 6, 6, 7, 4, 8, 6, 8, 4, 6, 8, 10, 6, 7, 6]
A_29 44.019999999999996 A 29 [6, 1, 3, 6, 1, 6, 4, 4, 1, 1, 1, 1, 6, 1, 4, 4, 5, 3, 4, 6, 4, 1, 6, 5, 1, 1, 2, 6, 5, 1, 5, 4, 4, 2, 5, 1, 6, 1, 1, 1, 2, 5, 3, 2, 3, 4, 4, 2, 5, 3, 5, 1, 1, 5, 1, 2, 2, 1, 3, 2, 5, 3, 6, 6, 2, 5, 4, 1, 3, 2, 6, 2, 3, 1, 6, 2, 2, 4, 3, 2] [10, 3, 6, 9, 5, 9, 6, 7, 4, 3, 4, 4, 9, 5, 6, 7, 7, 7, 7, 8, 8, 3, 10, 8, 5, 5, 6, 10, 7, 4, 7, 8, 8, 4, 8, 5, 8, 5, 5, 3, 5, 9, 7, 6, 7, 8, 8, 4, 7, 6, 8, 5, 5, 8, 4, 5, 4, 5, 7, 5, 7, 5, 9, 8, 4, 8, 7, 4, 7, 5, 10, 4, 6, 4, 10, 5, 4, 8, 5, 6]
A_30 46.62 A 30 [5, 1, 3, 5, 6, 6, 3, 1, 4, 2, 1, 2, 4, 3, 6, 1, 1, 2, 1, 4, 3, 6, 2, 6, 5, 5, 4, 6, 3, 5, 1, 2, 3, 1, 5, 5, 5, 3, 6, 6, 1, 6, 5, 5, 3, 5, 2, 5, 1, 4, 6, 4, 3, 6, 3, 5, 5, 3, 4, 1, 1, 4, 6, 2, 2, 1, 6, 6, 6, 6, 4, 2, 5, 6, 5, 4, 1, 2, 5, 5] [7, 3, 6, 8, 8, 8, 7, 4, 6, 4, 4, 6, 6, 5, 8, 5, 5, 6, 5, 8, 7, 9, 4, 8, 8, 9, 8, 8, 6, 7, 3, 4, 5, 3, 9, 7, 9, 7, 8, 10, 3, 9, 8, 7, 6, 8, 4, 9, 3, 6, 10, 6, 5, 9, 7, 8, 7, 7, 7, 3, 3, 8, 9, 6, 6, 4, 9, 9, 10, 8, 6, 5, 9, 10, 7, 8, 5, 4, 8, 7]
A_31 47.62 A 31 [4, 6, 4, 2, 6, 1, 6, 6, 3, 4, 5, 1, 2, 6, 1, 1, 5, 6, 1, 6, 1, 4, 5, 2, 5, 5, 1, 3, 3, 4, 2, 6, 3, 2, 5, 5, 6, 2, 3, 4, 1, 2, 5, 1, 1, 4, 3, 4, 1, 2, 6, 6, 2, 2, 3, 2, 1, 6, 5, 3, 6, 5, 5, 1, 1, 1, 2, 2, 6, 5, 2, 3, 6, 6, 6, 3, 5, 6, 5, 3] [7, 10, 7, 5, 10, 3, 8, 10, 6, 8, 7, 3, 6, 10, 4, 5, 9, 9, 4, 9, 5, 7, 9, 4, 8, 7, 3, 5, 6, 8, 4, 10, 7, 4, 7, 7, 9, 6, 7, 7, 3, 6, 7, 5, 3, 6, 6, 8, 3, 5, 10, 9, 6, 4, 6, 6, 5, 10, 7, 5, 8, 7, 9, 4, 5, 3, 5, 4, 10, 9, 5, 6, 8, 10, 8, 6, 9, 10, 9, 5]
A_32 48.62 A 32 [6, 1, 6, 5, 3, 1, 6, 5, 1, 6, 1, 6, 2, 1, 2, 2, 6, 1, 3, 2, 6, 3, 1, 4, 2, 3, 5, 2, 3, 4, 3, 3, 6, 6, 1, 5, 3, 5, 5, 6, 5, 5, 5, 3, 2, 5, 3, 1, 4, 4, 1, 2, 4, 3, 6, 1, 6, 1, 6, 4, 3, 5, 3, 4, 3, 1, 3, 3, 2, 4, 5, 2, 1, 3, 6, 3, 2, 1, 4, 1] [9, 3, 9, 9, 7, 5, 9, 8, 3, 10, 3, 9, 6, 4, 5, 4, 10, 4, 7, 4, 9, 7, 3, 6, 4, 5, 9, 4, 5, 8, 5, 7, 10, 9, 3, 9, 6, 9, 7, 8, 9, 9, 9, 5, 5, 8, 6, 3, 8, 6, 5, 5, 8, 6, 8, 4, 10, 4, 10, 7, 6, 8, 7, 7, 5, 4, 5, 7, 6, 6, 7, 6, 3, 7, 9, 7, 6, 5, 8, 4]
A_33 49.62 A 33 [3, 2, 2, 4, 5, 1, 2, 1, 6, 4, 2, 1, 6, 1, 1, 1, 2, 1, 2, 6, 5, 2, 3, 6, 3, 5, 2, 3, 1, 2, 1, 2, 6, 5, 5, 4, 1, 2, 3, 6, 1, 5, 5, 5, 2, 4, 1, 5, 4, 4, 3, 1, 2, 1, 5, 6, 2, 4, 5, 3, 4, 4, 4, 5, 2, 4, 1, 5, 3, 5, 4, 1, 4, 1, 2, 6, 5, 1, 3, 4] [7, 4, 4, 6, 7, 3, 6, 4, 9, 6, 6, 5, 10, 3, 5, 4, 4, 3, 6, 10, 8, 4, 6, 8, 6, 8, 5, 5, 5, 4, 3, 4, 9, 8, 8, 6, 5, 4, 7, 9, 5, 9, 9, 8, 6, 7, 3, 9, 6, 6, 6, 4, 5, 5, 8, 10, 5, 6, 9, 6, 8, 7, 7, 9, 6, 6, 4, 8, 5, 7, 8, 5, 8, 4, 4, 10, 7, 5, 6, 8]
A_34 51.629999999999995 A 34 [2, 1, 1, 5, 2, 2, 2, 5, 4, 5, 1, 4, 3, 3, 1, 4, 3, 5, 6, 1, 5, 4, 3, 2, 6, 6, 5, 3, 3, 5, 5, 5, 1, 5, 2, 5, 3, 6, 3, 3, 3, 5, 4, 1, 1, 1, 4, 2, 4, 4, 6, 6, 2, 4, 1, 1, 4, 1, 1, 4, 2, 1, 6, 4, 4, 3, 2, 6, 1, 1, 1, 4, 3, 5, 1, 5, 3, 3, 5, 3] [6, 4, 3, 9, 6, 6, 5, 9, 7, 9, 4, 6, 5, 7, 5, 7, 7, 7, 9, 4, 9, 6, 5, 4, 8, 10, 8, 6, 6, 8, 9, 7, 3, 8, 5, 7, 7, 10, 6, 5, 5, 8, 6, 5, 5, 4, 7, 5, 8, 8, 10, 8, 5, 6, 5, 5, 8, 3, 4, 6, 5, 5, 10, 8, 8, 7, 4, 8, 5, 4, 5, 6, 7, 9, 3, 7, 6, 7, 8, 7]
A_35 54.33 A 35 [3, 3, 3, 4, 6, 6, 4, 1, 3, 1, 6, 4, 6, 5, 5, 3, 2, 5, 3, 5, 6, 4, 6, 1, 6, 2, 1, 2, 3, 1, 5, 5, 5, 4, 5, 3, 3, 3, 5, 4, 5, 1, 5, 5, 4, 2, 2, 1, 1, 6, 5, 3, 2, 1, 4, 5, 3, 3, 2, 3, 2, 5, 5, 3, 6, 4, 5, 1, 5, 1, 6, 2, 2, 5, 2, 6, 4, 4, 3, 4] [7, 6, 6, 6, 8, 9, 6, 5, 5, 4, 9, 6, 8, 7, 9, 7, 4, 8, 6, 8, 8, 7, 8, 4, 9, 5, 5, 5, 5, 5, 7, 7, 9, 6, 7, 5, 7, 5, 7, 8, 9, 3, 9, 7, 7, 4, 6, 3, 4, 8, 8, 6, 6, 4, 6, 8, 5, 6, 6, 5, 5, 7, 7, 5, 8, 8, 9, 5, 7, 4, 9, 6, 4, 9, 4, 10, 8, 7, 6, 8]
A_36 55.33 A 36 [6, 6, 5, 6, 2, 6, 6, 5, 5, 3, 5, 4, 3, 5, 2, 5, 5, 3, 4, 2, 6, 2, 2, 3, 2, 1, 3, 5, 4, 6, 5, 6, 3, 1, 3, 3, 4, 5, 4, 4, 1, 3, 6, 6, 5, 4, 6, 2, 4, 5, 5, 5, 3, 6, 5, 6, 3, 4, 5, 1, 5, 6, 3, 6, 1, 4, 1, 1, 2, 4, 5, 4, 1, 6, 6, 1, 2, 5, 3, 6] [9, 10, 9, 8, 4, 10, 8, 8, 7, 6, 9, 6, 5, 8, 5, 7, 8, 7, 8, 5, 9, 5, 4, 7, 6, 5, 6, 7, 7, 8, 9, 9, 6, 5, 7, 7, 6, 7, 7, 8, 4, 5, 9, 9, 9, 6, 9, 5, 8, 9, 8, 8, 5, 9, 7, 8, 7, 8, 8, 5, 9, 9, 5, 9, 3, 6, 3, 3, 5, 8, 7, 6, 5, 10, 9, 5, 6, 9, 6, 9]
A_37 56.33 A 37 [4, 6, 6, 3, 3, 5, 3, 6, 5, 1, 4, 5, 2, 6, 4, 2, 1, 6, 2, 4, 4, 5, 3, 2, 3, 5, 3, 2, 3, 1, 3, 2, 5, 2, 6, 3, 5, 4, 2, 4, 1, 2, 6, 1, 6, 1, 1, 4, 4, 2, 4, 1, 6, 4, 3, 1, 4, 4, 4, 1, 5, 5, 6, 3, 2, 1, 4, 5, 3, 5, 4, 3, 5, 6, 4, 6, 3, 3, 6, 5] [7, 9, 10, 6, 6, 7, 7, 10, 8, 4, 7, 7, 4, 8, 6, 6, 5, 10, 4, 7, 7, 8, 6, 4, 7, 9, 7, 4, 7, 5, 7, 6, 9, 4, 10, 5, 7, 8, 6, 6, 5, 4, 10, 5, 10, 4, 3, 6, 8, 6, 7, 3, 10, 8, 6, 3, 6, 6, 6, 3, 9, 9, 9, 7, 6, 4, 7, 7, 7, 7, 7, 7, 7, 8, 7, 9, 7, 7, 8, 8]
A_38 57.55 A 38 [1, 3, 4, 3, 4, 4, 4, 1, 3, 2, 5, 5, 3, 5, 4, 4, 5, 1, 1, 3, 1, 1, 3, 2, 3, 1, 1, 6, 5, 1, 6, 3, 5, 3, 3, 5, 4, 2, 5, 1, 2, 2, 5, 1, 3, 5, 3, 6, 5, 3, 6, 6, 5, 3, 3, 3, 2, 4, 6, 3, 3, 6, 4, 4, 2, 4, 1, 2, 6, 5, 5, 5, 4, 6, 4, 3, 1, 1, 3, 4] [5, 6, 8, 7, 8, 7, 8, 4, 6, 4, 7, 9, 7, 9, 8, 8, 7, 3, 3, 7, 3, 5, 6, 6, 7, 5, 5, 9, 7, 5, 8, 7, 7, 7, 6, 7, 7, 6, 7, 5, 6, 5, 9, 4, 7, 7, 6, 8, 8, 5, 9, 10, 9, 6, 6, 6, 5, 6, 10, 5, 5, 10, 8, 7, 4, 7, 5, 5, 8, 8, 7, 8, 6, 9, 6, 5, 4, 4, 7, 8]
A_39 60.419999999999995 A 39 [3, 1, 4, 1, 1, 2, 1, 4, 4, 5, 4, 6, 1, 4, 6, 3, 3, 1, 4, 5, 3, 1, 5, 4, 6, 4, 6, 1, 5, 1, 6, 4, 6, 6, 3, 4, 4, 4, 1, 5, 1, 3, 3, 3, 1, 4, 2, 6, 1, 1, 4, 1, 5, 2, 2, 4, 4, 3, 5, 2, 6, 3, 3, 2, 5, 2, 3, 2, 1, 6, 5, 2, 4, 5, 5, 4, 3, 5, 1, 4] [5, 3, 7, 5, 4, 4, 3, 6, 8, 7, 7, 10, 4, 6, 8, 6, 7, 4, 8, 7, 7, 4, 7, 6, 10, 7, 9, 5, 8, 3, 10, 7, 8, 9, 5, 8, 8, 6, 5, 9, 3, 7, 6, 6, 3, 6, 4, 8, 5, 3, 7, 4, 9, 5, 5, 6, 7, 7, 9, 6, 10, 6, 7, 6, 7, 5, 6, 5, 5, 10, 9, 4, 7, 9, 9, 8, 7, 9, 4, 6]
B_0 1 B 40 [6, 1, 3, 6, 1, 6, 6, 3, 3, 4, 3, 5, 6, 6, 3, 3, 6, 5, 4, 4, 5, 4, 3, 1, 1, 2, 5, 6, 5, 2, 1, 1, 5, 1, 3, 5, 1, 1, 2, 1, 2, 6, 6, 5, 2, 4, 5, 5, 5, 1, 2, 3, 4, 5, 1, 2, 5, 3, 1, 4, 3, 4, 6, 5, 5, 4, 2, 1, 5, 4, 6, 3, 6, 4, 6, 3, 5, 2, 2, 5] [8, 4, 5, 9, 3, 10, 8, 7, 6, 8, 6, 8, 10, 10, 5, 5, 10, 7, 8, 8, 9, 6, 7, 4, 5, 6, 8, 10, 9, 5, 3, 3, 9, 5, 5, 9, 4, 5, 6, 3, 5, 9, 9, 9, 4, 8, 9, 7, 9, 3, 6, 5, 6, 7, 5, 6, 7, 7, 4, 8, 6, 6, 8, 9, 8, 7, 6, 5, 7, 6, 8, 5, 8, 8, 9, 5, 8, 5, 6, 8]
B_1 2.41 B 41 [4, 5, 2, 4, 4, 4, 2, 6, 2, 3, 3, 6, 4, 1, 5, 3, 6, 1, 3, 3, 3, 6, 3, 6, 1, 5, 6, 5, 2, 5, 6, 2, 5, 5, 5, 1, 3, 2, 2, 3, 6, 6, 1, 2, 2, 1, 1, 2, 3, 1, 1, 1, 3, 4, 3, 1, 6, 1, 3, 5, 2, 2, 4, 3, 6, 2, 1, 6, 6, 4, 4, 2, 3, 4, 1, 1, 1, 3, 5, 6] [6, 9, 5, 6, 8, 7, 4, 9, 5, 6, 6, 8, 8, 5, 9, 7, 8, 4, 5, 6, 5, 10, 7, 10, 5, 8, 9, 8, 5, 9, 9, 6, 9, 9, 8, 3, 5, 4, 5, 7, 9, 8, 4, 6, 5, 3, 5, 6, 5, 5, 4, 4, 7, 6, 7, 3, 9, 3, 7, 7, 4, 4, 6, 6, 10, 5, 5, 9, 9, 8, 6, 4, 7, 7, 4, 4, 4, 5, 7, 9]
B_2 4.54 B 42 [5, 3, 2, 1, 3, 1, 6, 1, 4, 5, 6, 5, 4, 3, 2, 6, 3, 2, 5, 1, 4, 6, 3, 3, 4, 3, 5, 3, 1, 3, 5, 5, 5, 5, 4, 5, 6, 6, 5, 3, 6, 1, 5, 2, 6, 2, 5, 1, 3, 4, 1, 4, 1, 4, 6, 2, 6, 1, 5, 2, 1, 2, 2, 3, 4, 2, 4, 2, 3, 5, 4, 5, 3, 3, 3, 5, 1, 2, 1, 6] [8, 7, 5, 5, 5, 4, 8, 5, 7, 8, 8, 9, 6, 5, 6, 8, 5, 5, 9, 4, 8, 10, 6, 7, 7, 6, 8, 5, 5, 7, 8, 7, 9, 9, 6, 9, 9, 10, 9, 6, 9, 4, 9, 4, 10, 4, 9, 4, 7, 7, 5, 7, 4, 7, 10, 5, 10, 4, 8, 5, 5, 6, 6, 5, 7, 6, 6, 4, 7, 9, 7, 7, 7, 6, 6, 9, 5, 4, 3, 8]
B_3 5.54 B 43 [3, 1, 6, 1, 3, 1, 2, 4, 4, 5, 3, 5, 3, 6, 6, 5, 2, 2, 2, 3, 2, 3, 6, 5, 4, 4, 1, 2, 4, 2, 5, 1, 3, 5, 1, 5, 6, 1, 1, 3, 5, 2, 2, 2, 4, 5, 1, 1, 4, 2, 3, 5, 6, 2, 5, 6, 2, 3, 6, 1, 6, 4, 6, 2, 3, 5, 5, 4, 5, 3, 5, 1, 5, 5, 4, 3, 2, 3, 6, 3] [5, 3, 10, 3, 5, 5, 6, 7, 6, 9, 5, 7, 7, 9, 8, 8, 6, 4, 4, 6, 5, 6, 8, 8, 6, 7, 4, 6, 7, 6, 7, 5, 5, 8, 5, 7, 9, 5, 4, 6, 9, 6, 4, 5, 6, 8, 4, 4, 8, 6, 7, 7, 8, 4, 7, 10, 6, 5, 10, 4, 10, 8, 9, 5, 5, 7, 7, 6, 7, 6, 7, 3, 7, 9, 6, 7, 6, 6, 9, 6]
B_4 6.54 B 44 [5, 6, 5, 3, 3, 2, 3, 4, 5, 4, 3, 1, 6, 3, 3, 6, 3, 1, 3, 5, 3, 6, 2, 5, 5, 2, 2, 6, 5, 3, 3, 1, 2, 2, 1, 4, 5, 6, 3, 1, 2, 2, 6, 4, 6, 6, 5, 4, 5, 2, 6, 3, 4, 6, 1, 1, 4, 1, 6, 3, 2, 4, 3, 3, 3, 5, 4, 5, 1, 3, 1, 2, 5, 1, 1, 4, 5, 5, 1, 6] [7, 10, 9, 7, 6, 4, 5, 8, 9, 8, 7, 4, 8, 6, 7, 9, 7, 4, 5, 9, 5, 8, 6, 8, 8, 6, 5, 9, 9, 7, 6, 3, 5, 6, 5, 7, 9, 10, 7, 3, 4, 5, 10, 6, 8, 10, 9, 6, 7, 6, 10, 5, 6, 9, 3, 5, 6, 5, 9, 7, 4, 8, 6, 6, 5, 8, 7, 7, 5, 7, 4, 5, 9, 3, 5, 6, 7, 7, 3, 10]
B_5 8.19 B 45 [5, 1, 4, 2, 3, 5, 1, 3, 3, 4, 5, 1, 4, 1, 5, 3, 1, 6, 1, 6, 1, 1, 6, 6, 4, 5, 4, 4, 4, 4, 5, 4, 5, 4, 1, 2, 4, 1, 5, 4, 4, 1, 2, 5, 6, 1, 5, 3, 5, 2, 4, 4, 2, 1, 4, 5, 4, 4, 5, 4, 3, 3, 4, 4, 5, 1, 5, 5, 6, 4, 3, 6, 5, 2, 6, 1, 3, 6, 2, 5] [9, 4, 7, 4, 7, 7, 4, 7, 6, 6, 7, 3, 6, 5, 8, 6, 5, 9, 5, 10, 5, 5, 8, 8, 8, 7, 8, 7, 6, 8, 8, 6, 8, 7, 4, 4, 6, 4, 7, 6, 8, 3, 4, 8, 10, 5, 8, 5, 7, 6, 8, 7, 4, 3, 8, 9, 6, 8, 9, 8, 7, 5, 6, 8, 8, 4, 9, 7, 8, 6, 5, 8, 7, 4, 8, 4, 5, 10, 5, 7]
B_6 9.19 B 46 [4, 6, 6, 5, 3, 2, 6, 5, 2, 4, 6, 6, 3, 6, 6, 3, 3, 3, 6, 5, 1, 6, 1, 3, 3, 4, 2, 5, 3, 4, 2, 3, 3, 1, 4, 2, 6, 1, 3, 2, 5, 1, 5, 1, 5, 5, 3, 5, 5, 4, 3, 1, 1, 2, 1, 4, 6, 4, 4, 1, 4, 3, 1, 6, 1, 2, 6, 4, 2, 6, 1, 5, 4, 1, 3, 6, 2, 1, 1, 6] [7, 8, 9, 9, 6, 4, 9, 7, 6, 7, 10, 9, 6, 10, 10, 7, 5, 6, 10, 8, 5, 8, 4, 7, 7, 8, 4, 8, 7, 8, 4, 6, 6, 3, 7, 6, 9, 3, 6, 4, 9, 5, 9, 4, 9, 8, 6, 7, 9, 8, 7, 4, 3, 6, 3, 6, 9, 7, 6, 5, 7, 5, 3, 10, 4, 5, 8, 8, 4, 9, 5, 9, 6, 5, 5, 8, 5, 5, 3, 9]
B_7 10.19 B 47 [3, 3, 4, 6, 6, 3, 1, 5, 4, 1, 4, 2, 2, 5, 2, 1, 3, 6, 4, 4, 2, 3, 4, 1, 3, 3, 4, 6, 4, 2, 5, 4, 1, 5, 2, 1, 2, 4, 6, 6, 5, 2, 1, 1, 4, 3, 5, 3, 3, 5, 2, 3, 6, 6, 1, 6, 3, 6, 5, 4, 6, 5, 6, 2, 1, 1, 2, 1, 1, 4, 2, 6, 2, 2, 1, 2, 1, 1, 5, 2] [6, 5, 8, 10, 8, 7, 3, 8, 7, 4, 7, 6, 4, 7, 5, 3, 7, 9, 6, 6, 5, 5, 6, 5, 6, 6, 6, 10, 8, 4, 9, 8, 3, 9, 5, 3, 5, 6, 8, 8, 7, 6, 4, 4, 6, 5, 7, 6, 6, 7, 6, 6, 8, 9, 4, 8, 6, 10, 9, 6, 9, 9, 8, 5, 4, 3, 4, 5, 5, 6, 5, 10, 4, 4, 5, 4, 3, 3, 8, 5]
B_8 14.93 B 48 [5, 6, 1, 5, 6, 1, 5, 2, 3, 5, 6, 1, 3, 1, 4, 1, 5, 2, 3, 6, 3, 3, 2, 3, 6, 6, 5, 5, 4, 5, 1, 1, 4, 4, 4, 1, 4, 4, 5, 1, 5, 3, 3, 4, 5, 5, 5, 3, 6, 5, 5, 1, 5, 5, 4, 3, 2, 2, 3, 6, 3, 6, 2, 1, 2, 4, 6, 5, 1, 5, 2, 3, 4, 6, 6, 1, 3, 5, 3, 4] [7, 8, 3, 7, 10, 3, 9, 5, 6, 9, 8, 4, 7, 3, 8, 5, 9, 5, 6, 10, 7, 5, 4, 6, 10, 9, 9, 8, 7, 7, 3, 3, 8, 6, 8, 4, 8, 8, 8, 5, 9, 5, 7, 8, 7, 7, 9, 6, 10, 8, 8, 5, 7, 9, 8, 5, 5, 5, 6, 10, 7, 10, 5, 5, 5, 6, 9, 7, 3, 8, 5, 5, 7, 9, 8, 4, 7, 7, 6, 8]
B_9 15.93 B 49 [2, 1, 1, 2, 6, 3, 5, 4, 3, 5, 6, 5, 6, 1, 4, 3, 4, 4, 2, 3, 3, 3, 5, 6, 2, 3, 4, 4, 2, 3, 4, 2, 4, 4, 4, 6, 5, 2, 3, 1, 1, 1, 4, 2, 2, 2, 4, 5, 5, 5, 5, 2, 1, 1, 1, 2, 1, 3, 4, 1, 2, 6, 1, 4, 5, 3, 1, 3, 4, 5, 5, 1, 3, 5, 3, 2, 4, 2, 3, 2] [6, 3, 5, 5, 8, 6, 9, 7, 6, 8, 8, 8, 8, 5, 6, 7, 6, 7, 6, 6, 5, 5, 9, 9, 6, 6, 6, 6, 5, 6, 6, 5, 6, 6, 8, 8, 9, 6, 5, 3, 3, 5, 7, 6, 6, 6, 8, 7, 8, 8, 7, 6, 3, 5, 5, 4, 5, 7, 8, 5, 6, 9, 3, 7, 7, 7, 4, 5, 7, 9, 8, 4, 6, 9, 7, 6, 7, 4, 5, 5]
B_10 16.93 B 50 [2, 5, 2, 5, 5, 2, 3, 6, 4, 3, 1, 5, 2, 6, 1, 6, 5, 2, 4, 2, 3, 4, 5, 6, 5, 6, 2, 6, 1, 5, 6, 6, 1, 3, 6, 5, 5, 4, 6, 4, 2, 1, 1, 3, 6, 4, 3, 2, 5, 5, 2, 6, 6, 4, 6, 2, 6, 1, 2, 4, 3, 1, 3, 6, 6, 2, 1, 4, 1, 3, 1, 1, 6, 5, 2, 5, 2, 6, 5, 1] [6, 9, 6, 8, 9, 5, 7, 10, 8, 5, 3, 9, 5, 10, 5, 9, 9, 6, 8, 5, 7, 6, 9, 10, 9, 9, 4, 9, 3, 8, 10, 10, 5, 6, 10, 8, 8, 7, 9, 7, 6, 4, 5, 7, 10, 8, 7, 6, 8, 7, 5, 9, 10, 6, 8, 6, 9, 4, 6, 6, 7, 4, 7, 10, 9, 5, 4, 8, 3, 7, 4, 5, 9, 8, 5, 7, 4, 9, 8, 3]
B_11 17.93 B 51 [2, 5, 1, 3, 3, 3, 2, 3, 6, 6, 3, 6, 2, 2, 3, 2, 6, 3, 3, 4, 4, 1, 6, 1, 4, 1, 6, 6, 5, 1, 4, 6, 2, 1, 6, 3, 5, 1, 6, 1, 3, 1, 4, 5, 3, 4, 1, 3, 1, 2, 6, 3, 2, 3, 6, 5, 3, 3, 4, 6, 1, 5, 6, 6, 6, 4, 2, 1, 3, 2, 4, 1, 1, 2, 3, 1, 4, 6, 3, 1] [4, 9, 3, 6, 5, 5, 6, 6, 9, 10, 6, 9, 4, 5, 6, 5, 10, 5, 6, 7, 7, 3, 9, 4, 8, 4, 10, 9, 7, 5, 6, 9, 5, 4, 8, 6, 8, 3, 10, 4, 5, 4, 7, 7, 5, 7, 4, 6, 5, 6, 9, 6, 6, 6, 10, 7, 6, 7, 8, 9, 3, 8, 8, 10, 8, 8, 5, 4, 5, 6, 7, 5, 4, 4, 5, 3, 6, 10, 7, 3]
B_12 21.25 B 52 [1, 3, 4, 1, 5, 2, 3, 4, 2, 5, 6, 4, 1, 1, 4, 5, 2, 3, 3, 6, 5, 1, 4, 6, 5, 5, 4, 5, 1, 1, 3, 2, 4, 2, 2, 2, 3, 6, 5, 5, 4, 3, 1, 6, 4, 2, 1, 6, 5, 1, 6, 2, 5, 3, 5, 4, 4, 2, 3, 5, 1, 5, 2, 2, 6, 2, 1, 3, 4, 3, 1, 4, 3, 6, 3, 3, 6, 5, 6, 2] [3, 7, 7, 4, 9, 4, 6, 8, 6, 7, 10, 7, 5, 4, 8, 8, 5, 5, 5, 8, 8, 4, 6, 9, 9, 9, 6, 9, 3, 5, 5, 6, 8, 5, 5, 6, 5, 10, 9, 9, 6, 7, 4, 8, 6, 4, 3, 8, 7, 3, 10, 6, 9, 7, 9, 8, 7, 4, 5, 8, 4, 9, 4, 6, 8, 4, 3, 7, 7, 7, 5, 7, 7, 9, 6, 5, 8, 8, 9, 4]
B_13 24.35 B 53 [6, 2, 3, 1, 6, 3, 2, 4, 5, 1, 5, 6, 3, 3, 5, 4, 2, 3, 2, 6, 4, 3, 1, 6, 2, 3, 6, 2, 6, 5, 6, 2, 3, 1, 4, 1, 6, 4, 3, 2, 5, 4, 4, 2, 6, 1, 2, 6, 5, 1, 4, 3, 3, 3, 6, 3, 2, 6, 2, 3, 6, 3, 1, 2, 5, 1, 1, 6, 6, 1, 4, 4, 3, 1, 2, 2, 4, 6, 2, 5] [10, 4, 7, 5, 10, 5, 4, 6, 9, 4, 8, 9, 7, 7, 8, 8, 4, 5, 4, 10, 7, 6, 5, 8, 4, 5, 9, 6, 9, 8, 9, 4, 6, 5, 6, 4, 9, 8, 6, 5, 7, 6, 7, 4, 9, 3, 6, 9, 9, 5, 6, 6, 7, 5, 10, 7, 4, 10, 6, 5, 10, 5, 3, 4, 7, 5, 5, 9, 10, 5, 6, 7, 7, 4, 4, 5, 8, 8, 4, 8]
B_14 27.880000000000003 B 54 [2, 2, 4, 4, 1, 4, 2, 1, 2, 6, 6, 1, 5, 3, 6, 1, 5, 2, 2, 2, 3, 5, 6, 1, 3, 3, 2, 2, 2, 1, 3, 3, 6, 5, 1, 4, 5, 3, 3, 2, 1, 3, 6, 5, 1, 4, 1, 1, 4, 1, 6, 6, 5, 6, 3, 1, 3, 2, 4, 1, 4, 2, 5, 1, 3, 1, 1, 2, 2, 1, 3, 1, 1, 2, 5, 6, 1, 6, 1, 5] [5, 6, 6, 7, 5, 7, 4, 4, 4, 10, 8, 5, 8, 6, 8, 3, 9, 4, 6, 5, 6, 9, 10, 4, 5, 6, 4, 4, 4, 4, 7, 6, 8, 8, 5, 6, 7, 6, 6, 5, 5, 7, 10, 7, 3, 8, 3, 4, 8, 5, 8, 10, 9, 10, 7, 3, 7, 6, 8, 5, 8, 5, 7, 3, 5, 5, 3, 4, 4, 3, 7, 5, 3, 5, 9, 10, 4, 9, 3, 7]
B_15 28.880000000000003 B 55 [3, 2, 1, 3, 4, 5, 6, 3, 6, 3, 3, 5, 6, 1, 5, 5, 2, 1, 1, 3, 3, 2, 1, 3, 6, 1, 2, 4, 5, 2, 5, 2, 1, 6, 1, 5, 6, 1, 3, 4, 2, 1, 2, 6, 1, 5, 4, 6, 3, 2, 2, 5, 4, 3, 1, 2, 1, 1, 3, 2, 4, 6, 2, 1, 4, 4, 6, 3, 5, 6, 1, 6, 2, 2, 5, 4, 2, 4, 6, 1] [6, 5, 5, 5, 7, 8, 8, 7, 10, 5, 5, 8, 9, 3, 7, 9, 6, 4, 5, 7, 7, 4, 5, 7, 8, 3, 5, 8, 9, 5, 8, 6, 4, 10, 5, 8, 8, 3, 6, 6, 6, 3, 5, 10, 5, 9, 6, 8, 5, 4, 6, 7, 8, 7, 3, 6, 4, 3, 5, 4, 8, 10, 5, 3, 6, 8, 9, 7, 8, 10, 5, 9, 6, 6, 7, 7, 5, 8, 9, 4]
B_16 29.880000000000003 B 56 [1, 5, 2, 5, 1, 3, 2, 2, 3, 5, 6, 2, 1, 1, 4, 6, 1, 1, 2, 5, 6, 6, 6, 2, 6, 1, 2, 1, 1, 2, 5, 1, 6, 2, 4, 3, 3, 4, 2, 4, 5, 6, 6, 2, 4, 4, 6, 3, 2, 1, 6, 3, 4, 2, 3, 1, 4, 1, 3, 2, 4, 2, 3, 4, 1, 6, 1, 3, 4, 6, 5, 4, 6, 4, 1, 2, 4, 3, 4, 4] [4, 9, 4, 8, 5, 7, 4, 5, 7, 8, 10, 6, 5, 5, 8, 8, 5, 5, 5, 7, 9, 10, 9, 4, 8, 3, 4, 4, 4, 4, 7, 5, 10, 5, 8, 5, 7, 6, 5, 7, 7, 9, 10, 6, 6, 6, 9, 6, 5, 5, 9, 6, 7, 4, 7, 4, 8, 5, 5, 4, 6, 4, 5, 6, 5, 8, 3, 6, 7, 10, 8, 7, 9, 7, 5, 5, 6, 5, 7, 8]
B_17 30.880000000000003 B 57 [2, 5, 5, 4, 6, 1, 2, 4, 6, 2, 5, 3, 2, 2, 4, 3, 2, 5, 5, 6, 6, 2, 3, 4, 6, 1, 1, 5, 4, 1, 3, 6, 1, 4, 1, 3, 4, 4, 4, 3, 3, 1, 1, 3, 1, 4, 4, 6, 2, 3, 1, 3, 2, 6, 2, 1, 1, 5, 2, 4, 4, 5, 5, 1, 6, 2, 5, 3, 4, 6, 5, 6, 2, 2, 2, 2, 1, 2, 6, 5] [5, 9, 8, 6, 9, 4, 4, 6, 8, 5, 9, 6, 6, 6, 7, 7, 6, 7, 8, 10, 8, 6, 7, 6, 9, 5, 4, 7, 8, 5, 7, 10, 4, 6, 3, 6, 8, 6, 6, 7, 7, 3, 4, 5, 5, 8, 7, 10, 5, 7, 4, 7, 4, 10, 6, 3, 5, 7, 5, 8, 6, 9, 9, 3, 10, 6, 9, 6, 7, 9, 9, 8, 6, 6, 4, 4, 4, 6, 10, 8]
B_18 31.880000000000003 B 58 [1, 2, 5, 6, 6, 1, 1, 2, 5, 1, 6, 3, 5, 1, 5, 4, 2, 1, 1, 6, 3, 1, 4, 4, 2, 6, 1, 6, 6, 3, 4, 5, 6, 5, 1, 2, 5, 4, 6, 5, 1, 3, 5, 6, 6, 5, 4, 5, 3, 4, 2, 4, 3, 2, 4, 3, 3, 2, 2, 1, 4, 4, 3, 6, 4, 5, 6, 4, 1, 6, 5, 4, 2, 1, 6, 2, 3, 1, 5, 3] [5, 6, 8, 8, 8, 5, 5, 4, 7, 3, 10, 5, 9, 3, 7, 8, 5, 5, 4, 8, 6, 3, 8, 8, 5, 9, 5, 9, 10, 7, 7, 7, 10, 9, 4, 6, 8, 6, 10, 9, 4, 7, 8, 10, 9, 9, 6, 9, 6, 8, 6, 8, 5, 6, 8, 5, 5, 5, 4, 4, 8, 8, 7, 8, 6, 9, 10, 8, 4, 9, 7, 6, 6, 5, 10, 6, 5, 3, 8, 7]
B_19 32.88 B 59 [3, 3, 3, 1, 3, 3, 6, 2, 1, 1, 5, 1, 3, 1, 2, 3, 6, 1, 5, 2, 5, 6, 3, 6, 1, 6, 5, 4, 5, 2, 1, 3, 4, 3, 4, 3, 1, 1, 3, 2, 4, 5, 2, 1, 3, 4, 1, 4, 6, 1, 4, 6, 5, 3, 1, 2, 2, 4, 1, 3, 5, 5, 6, 6, 6, 2, 3, 1, 6, 1, 3, 5, 4, 3, 2, 1, 3, 3, 2, 2] [6, 6, 7, 5, 6, 7, 9, 5, 5, 3, 9, 5, 7, 5, 4, 7, 8, 5, 7, 4, 8, 9, 7, 10, 5, 9, 9, 7, 7, 5, 3, 5, 7, 6, 6, 5, 5, 3, 5, 6, 8, 7, 5, 4, 7, 8, 5, 6, 10, 5, 6, 9, 8, 5, 5, 4, 4, 8, 4, 5, 8, 9, 9, 9, 8, 5, 5, 5, 9, 4, 7, 9, 6, 6, 5, 4, 6, 6, 5, 5]
B_20 33.88 B 60 [1, 5, 5, 5, 6, 2, 5, 6, 3, 5, 1, 3, 6, 2, 6, 6, 4, 1, 2, 3, 3, 1, 1, 6, 3, 3, 6, 5, 1, 5, 1, 6, 3, 4, 2, 2, 5, 5, 3, 6, 3, 2, 1, 6, 2, 3, 4, 6, 3, 2, 3, 1, 1, 6, 4, 4, 4, 4, 4, 5, 5, 5, 6, 1, 4, 5, 4, 4, 4, 6, 5, 5, 2, 6, 6, 2, 4, 5, 3, 3] [5, 7, 8, 9, 9, 5, 8, 9, 7, 8, 4, 6, 9, 6, 8, 8, 7, 5, 4, 7, 7, 4, 4, 9, 5, 5, 9, 9, 4, 7, 3, 8, 6, 8, 5, 5, 9, 9, 5, 10, 6, 4, 5, 10, 4, 7, 7, 9, 7, 6, 7, 3, 4, 10, 8, 8, 6, 6, 8, 8, 9, 8, 8, 4, 8, 7, 7, 6, 8, 9, 8, 8, 6, 8, 9, 5, 6, 8, 5, 5]
B_21 34.88 B 61 [6, 5, 4, 3, 6, 5, 1, 1, 5, 2, 6, 4, 6, 5, 6, 4, 5, 6, 5, 4, 3, 1, 6, 3, 5, 4, 4, 1, 4, 3, 4, 5, 5, 4, 1, 5, 6, 5, 6, 3, 4, 2, 2, 4, 4, 3, 3, 5, 6, 6, 1, 5, 5, 3, 2, 6, 2, 5, 4, 5, 5, 5, 4, 2, 2, 5, 5, 1, 2, 1, 5, 5, 2, 5, 4, 2, 5, 3, 5, 3] [8, 8, 6, 5, 10, 7, 4, 5, 7, 4, 8, 7, 10, 8, 9, 6, 7, 10, 8, 6, 5, 4, 9, 6, 9, 8, 8, 5, 8, 5, 8, 7, 8, 7, 5, 7, 9, 9, 10, 6, 6, 4, 6, 8, 8, 5, 5, 9, 10, 9, 4, 8, 9, 5, 5, 10, 4, 9, 8, 9, 8, 8, 8, 4, 5, 8, 9, 3, 6, 5, 9, 7, 5, 8, 7, 6, 7, 5, 7, 5]
B_22 35.88 B 62 [4, 2, 4, 1, 4, 3, 6, 1, 2, 1, 2, 3, 6, 4, 2, 6, 5, 2, 3, 4, 2, 2, 4, 3, 4, 1, 3, 6, 6, 6, 6, 5, 3, 4, 6, 5, 3, 6, 4, 3, 6, 4, 2, 6, 3, 4, 1, 6, 2, 1, 3, 6, 2, 1, 5, 2, 3, 5, 3, 6, 6, 4, 6, 1, 3, 2, 6, 4, 3, 6, 3, 3, 4, 1, 4, 5, 5, 1, 1, 3] [7, 5, 6, 5, 6, 7, 9, 3, 6, 5, 4, 5, 8, 6, 5, 9, 9, 5, 6, 6, 4, 4, 7, 5, 8, 3, 6, 10, 9, 9, 9, 9, 7, 7, 10, 7, 5, 9, 8, 7, 8, 6, 6, 9, 6, 6, 3, 8, 5, 3, 7, 8, 4, 3, 7, 5, 5, 9, 7, 9, 8, 8, 10, 5, 5, 6, 9, 7, 6, 8, 6, 5, 6, 5, 7, 7, 8, 5, 3, 6]
B_23 36.88 B 63 [4, 3, 2, 5, 1, 3, 5, 1, 6, 5, 1, 3, 3, 3, 1, 1, 1, 5, 4, 6, 3, 1, 6, 3, 4, 4, 6, 4, 4, 6, 2, 1, 4, 5, 4, 3, 6, 3, 4, 2, 5, 3, 3, 2, 3, 4, 6, 2, 1, 4, 6, 6, 2, 2, 1, 1, 4, 1, 6, 6, 1, 2, 1, 4, 3, 2, 3, 3, 3, 6, 3, 1, 5, 2, 4, 6, 5, 1, 5, 1] [7, 7, 5, 7, 3, 5, 8, 3, 10, 7, 3, 7, 7, 7, 4, 5, 3, 7, 7, 10, 5, 3, 8, 7, 6, 6, 9, 7, 7, 8, 6, 4, 7, 9, 8, 5, 9, 7, 7, 6, 9, 6, 5, 5, 6, 8, 10, 5, 5, 7, 10, 10, 6, 4, 3, 3, 6, 3, 8, 9, 4, 4, 5, 8, 6, 4, 6, 6, 7, 10, 6, 5, 8, 6, 8, 10, 8, 4, 8, 4]
B_24 37.88 B 64 [4, 2, 1, 4, 1, 5, 2, 1, 5, 2, 4, 1, 4, 4, 3, 4, 4, 3, 2, 4, 3, 1, 4, 4, 4, 2, 2, 5, 4, 2, 2, 1, 3, 2, 4, 6, 1, 2, 2, 5, 5, 6, 4, 3, 3, 5, 1, 1, 2, 5, 6, 6, 6, 5, 3, 4, 1, 6, 4, 6, 4, 2, 3, 3, 5, 1, 5, 4, 4, 4, 3, 5, 6, 1, 5, 6, 3, 2, 6, 3] [6, 6, 4, 6, 3, 8, 5, 3, 7, 5, 8, 5, 6, 8, 6, 6, 6, 6, 4, 6, 6, 5, 8, 8, 8, 5, 5, 7, 8, 4, 6, 5, 5, 6, 8, 8, 3, 6, 4, 7, 8, 10, 7, 5, 5, 8, 4, 4, 5, 7, 9, 8, 8, 7, 5, 6, 5, 10, 6, 8, 8, 5, 5, 6, 8, 4, 9, 6, 6, 6, 5, 9, 10, 3, 7, 9, 5, 5, 8, 5]
B_25 38.88 B 65 [4, 2, 6, 6, 6, 2, 1, 3, 1, 1, 3, 4, 4, 5, 1, 3, 5, 6, 3, 6, 5, 6, 2, 4, 1, 5, 1, 2, 6, 5, 1, 1, 1, 4, 3, 4, 4, 1, 4, 2, 4, 2, 2, 5, 5, 1, 2, 1, 4, 3, 2, 4, 2, 1, 1, 4, 6, 2, 5, 2, 5, 5, 2, 2, 1, 5, 5, 6, 1, 5, 1, 5, 2, 6, 2, 3, 5, 6, 3, 6] [8, 6, 9, 10, 10, 5, 5, 5, 3, 5, 7, 7, 6, 8, 4, 6, 7, 8, 7, 10, 7, 10, 6, 7, 5, 7, 3, 4, 8, 8, 4, 3, 4, 6, 7, 8, 6, 4, 7, 5, 7, 5, 6, 7, 8, 4, 5, 3, 6, 7, 5, 8, 4, 5, 5, 8, 8, 6, 9, 5, 7, 8, 6, 4, 4, 7, 8, 9, 4, 7, 5, 9, 5, 8, 5, 7, 9, 8, 5, 9]
B_26 39.88 B 66 [1, 6, 1, 5, 3, 6, 3, 4, 1, 1, 6, 2, 3, 4, 1, 6, 1, 2, 2, 6, 2, 4, 4, 4, 5, 2, 2, 6, 4, 4, 6, 2, 3, 1, 2, 5, 1, 4, 1, 3, 2, 1, 4, 5, 4, 5, 6, 2, 6, 1, 1, 2, 1, 1, 1, 6, 1, 5, 6, 3, 4, 5, 6, 3, 5, 5, 3, 4, 1, 6, 1, 6, 4, 3, 4, 1, 4, 2, 3, 2] [4, 8, 4, 7, 7, 9, 6, 8, 5, 5, 8, 6, 6, 8, 5, 9, 3, 4, 6, 8, 5, 7, 7, 6, 7, 6, 4, 9, 6, 7, 9, 5, 5, 4, 4, 9, 3, 7, 5, 6, 6, 5, 6, 7, 7, 9, 8, 4, 9, 4, 4, 5, 3, 5, 3, 9, 3, 9, 10, 5, 7, 9, 9, 6, 9, 8, 5, 6, 3, 8, 3, 10, 7, 6, 8, 3, 7, 5, 5, 5]
B_27 42.92 B 67 [6, 4, 1, 3, 1, 5, 2, 1, 5, 3, 5, 1, 3, 5, 5, 5, 5, 6, 3, 6, 3, 3, 1, 2, 1, 4, 5, 1, 4, 1, 6, 2, 3, 5, 6, 1, 1, 5, 2, 2, 1, 6, 2, 4, 5, 5, 4, 1, 5, 3, 4, 1, 3, 6, 2, 3, 3, 3, 4, 1, 4, 1, 4, 3, 4, 6, 4, 4, 6, 4, 1, 3, 3, 4, 2, 6, 6, 3, 2, 5] [9, 8, 5, 5, 5, 9, 4, 5, 8, 5, 8, 5, 5, 9, 8, 8, 9, 9, 5, 9, 7, 5, 3, 4, 3, 7, 9, 3, 6, 4, 9, 4, 7, 8, 8, 5, 3, 7, 5, 5, 5, 9, 4, 6, 7, 7, 8, 5, 7, 5, 8, 4, 7, 9, 4, 7, 6, 6, 8, 5, 6, 3, 7, 6, 6, 9, 6, 7, 8, 8, 3, 6, 6, 8, 5, 8, 10, 5, 6, 8]
B_28 43.92 B 68 [3, 2, 6, 5, 5, 2, 3, 4, 6, 2, 1, 1, 4, 6, 4, 4, 4, 5, 1, 6, 5, 6, 5, 1, 2, 3, 4, 3, 5, 3, 6, 6, 2, 3, 1, 5, 2, 3, 6, 1, 5, 6, 3, 5, 1, 6, 2, 1, 1, 4, 1, 3, 4, 6, 2, 5, 4, 4, 1, 6, 4, 2, 3, 3, 4, 1, 1, 6, 1, 3, 2, 6, 4, 3, 4, 6, 5, 6, 1, 3] [5, 5, 9, 9, 9, 4, 6, 8, 9, 6, 4, 3, 7, 8, 6, 7, 6, 9, 4, 8, 8, 10, 7, 5, 4, 6, 6, 6, 7, 7, 10, 10, 6, 5, 5, 7, 5, 7, 8, 5, 7, 9, 7, 7, 5, 8, 4, 5, 3, 7, 3, 5, 7, 10, 4, 8, 7, 7, 4, 9, 8, 6, 6, 7, 6, 4, 3, 8, 5, 6, 4, 9, 6, 7, 8, 9, 8, 9, 3, 6]
B_29 44.92 B 69 [3, 6, 2, 5, 4, 1, 3, 1, 3, 6, 6, 6, 1, 4, 2, 6, 4, 2, 4, 3, 2, 3, 6, 1, 5, 2, 5, 6, 1, 2, 6, 5, 4, 5, 1, 1, 4, 5, 5, 6, 4, 4, 5, 3, 3, 4, 6, 4, 5, 5, 3, 2, 3, 1, 1, 6, 6, 6, 6, 1, 6, 1, 6, 6, 4, 5, 6, 4, 3, 1, 1, 3, 6, 2, 3, 2, 2, 5, 5, 2] [7, 8, 4, 9, 8, 3, 7, 4, 5, 9, 9, 8, 5, 6, 6, 8, 8, 5, 8, 5, 5, 7, 8, 5, 7, 4, 9, 8, 4, 5, 8, 9, 6, 7, 4, 4, 8, 7, 8, 10, 6, 8, 9, 6, 7, 6, 9, 6, 8, 9, 7, 6, 7, 5, 3, 10, 10, 9, 9, 4, 9, 5, 8, 10, 6, 7, 8, 8, 6, 3, 3, 6, 10, 6, 5, 6, 5, 7, 9, 4]
B_30 45.92 B 70 [3, 3, 6, 6, 1, 1, 1, 4, 3, 1, 3, 1, 3, 2, 2, 6, 1, 4, 3, 5, 4, 3, 4, 4, 1, 2, 3, 1, 5, 6, 4, 2, 5, 4, 1, 6, 5, 4, 5, 5, 6, 4, 4, 5, 1, 3, 1, 2, 2, 5, 1, 4, 1, 4, 3, 1, 5, 5, 5, 3, 5, 5, 3, 3, 3, 1, 1, 1, 2, 1, 4, 4, 3, 3, 2, 5, 1, 1, 4, 4] [5, 6, 10, 9, 4, 5, 5, 7, 5, 4, 7, 4, 7, 6, 5, 10, 4, 6, 5, 7, 6, 6, 7, 6, 5, 4, 7, 5, 8, 10, 6, 5, 7, 8, 5, 9, 7, 7, 7, 9, 8, 6, 7, 7, 4, 5, 5, 5, 5, 8, 4, 7, 5, 6, 7, 5, 8, 9, 7, 7, 8, 9, 6, 6, 5, 5, 3, 3, 4, 3, 6, 7, 5, 6, 5, 7, 3, 3, 6, 7]
B_31 47.33 B 71 [5, 3, 3, 6, 5, 3, 1, 4, 6, 5, 1, 3, 5, 6, 6, 5, 3, 2, 6, 3, 2, 5, 2, 3, 5, 1, 1, 1, 4, 2, 2, 3, 2, 1, 4, 2, 4, 3, 5, 2, 3, 2, 5, 1, 2, 6, 5, 6, 3, 1, 1, 1, 4, 4, 1, 6, 4, 6, 4, 5, 5, 5, 3, 1, 5, 5, 6, 3, 6, 3, 4, 5, 6, 6, 3, 4, 1, 4, 3, 5] [7, 6, 6, 10, 9, 7, 4, 6, 10, 8, 3, 7, 9, 10, 10, 7, 6, 6, 10, 5, 6, 8, 4, 5, 9, 4, 3, 4, 6, 4, 5, 6, 6, 5, 6, 6, 6, 7, 8, 4, 5, 4, 7, 3, 5, 8, 9, 10, 5, 4, 5, 5, 7, 7, 5, 9, 7, 8, 6, 9, 8, 7, 5, 5, 9, 9, 10, 6, 9, 6, 7, 7, 8, 8, 5, 7, 4, 6, 7, 7]
B_32 48.33 B 72 [3, 4, 2, 3, 3, 6, 4, 1, 3, 2, 2, 2, 2, 3, 1, 4, 3, 4, 5, 3, 5, 3, 2, 1, 2, 3, 4, 1, 6, 3, 5, 6, 1, 4, 3, 2, 1, 5, 4, 4, 6, 3, 3, 5, 5, 5, 4, 2, 4, 3, 6, 1, 3, 3, 1, 2, 6, 2, 2, 4, 2, 2, 4, 5, 6, 2, 4, 3, 4, 6, 3, 6, 3, 2, 2, 4, 1, 1, 5, 3] [7, 6, 4, 7, 5, 8, 6, 4, 5, 5, 5, 6, 4, 5, 3, 7, 6, 6, 9, 6, 8, 7, 4, 3, 6, 7, 7, 5, 8, 6, 9, 8, 3, 8, 7, 4, 5, 7, 6, 7, 8, 7, 7, 7, 9, 7, 6, 4, 7, 6, 9, 4, 7, 7, 3, 6, 9, 6, 6, 6, 6, 5, 6, 8, 10, 5, 7, 6, 6, 10, 5, 8, 6, 6, 4, 7, 5, 5, 7, 5]
B_33 54.53 B 73 [3, 5, 6, 1, 6, 6, 1, 3, 5, 2, 3, 5, 6, 3, 1, 2, 1, 3, 6, 6, 4, 5, 6, 5, 4, 5, 6, 6, 2, 1, 6, 6, 3, 1, 5, 5, 6, 6, 6, 5, 4, 4, 3, 5, 1, 2, 1, 2, 6, 5, 5, 2, 6, 1, 2, 2, 4, 2, 1, 3, 6, 5, 1, 2, 1, 6, 3, 4, 3, 2, 3, 6, 2, 5, 6, 4, 3, 5, 4, 3] [7, 8, 8, 5, 9, 9, 3, 7, 8, 6, 6, 9, 9, 7, 5, 6, 5, 5, 9, 8, 7, 9, 9, 9, 6, 9, 10, 10, 4, 4, 10, 10, 7, 4, 9, 9, 10, 8, 9, 9, 8, 7, 6, 9, 3, 4, 5, 4, 9, 9, 8, 4, 9, 4, 5, 6, 7, 6, 5, 6, 8, 8, 5, 6, 3, 8, 6, 8, 7, 6, 6, 8, 6, 7, 9, 7, 6, 7, 6, 5]
B_34 55.59 B 74 [3, 6, 5, 6, 4, 6, 5, 2, 2, 4, 4, 5, 3, 2, 5, 2, 2, 1, 3, 4, 3, 6, 2, 3, 3, 6, 3, 5, 4, 6, 5, 6, 6, 2, 1, 2, 6, 4, 4, 5, 6, 1, 3, 4, 1, 6, 3, 1, 6, 3, 2, 3, 3, 2, 5, 5, 1, 2, 6, 2, 6, 4, 4, 4, 5, 2, 4, 2, 4, 3, 2, 3, 2, 6, 3, 6, 4, 2, 1, 3] [5, 10, 9, 8, 7, 10, 8, 4, 6, 8, 6, 7, 5, 6, 7, 5, 6, 4, 5, 7, 6, 9, 4, 7, 5, 9, 7, 9, 6, 10, 7, 8, 9, 4, 3, 4, 9, 7, 6, 9, 9, 4, 6, 6, 5, 8, 5, 5, 8, 7, 5, 5, 6, 4, 9, 7, 5, 4, 10, 5, 9, 7, 7, 8, 7, 5, 8, 5, 8, 5, 5, 5, 4, 9, 7, 9, 7, 5, 4, 6]
B_35 56.59 B 75 [1, 4, 1, 3, 4, 1, 6, 6, 1, 5, 2, 3, 1, 6, 6, 4, 4, 5, 5, 3, 6, 5, 5, 6, 3, 4, 5, 4, 4, 2, 4, 3, 3, 6, 5, 6, 1, 6, 3, 4, 3, 1, 5, 3, 4, 1, 6, 2, 1, 2, 5, 1, 3, 2, 6, 4, 2, 2, 2, 1, 2, 2, 5, 6, 6, 3, 1, 6, 6, 2, 5, 4, 4, 4, 6, 4, 4, 6, 5, 6] [3, 6, 5, 6, 8, 3, 9, 9, 3, 8, 5, 7, 3, 9, 9, 8, 7, 9, 8, 5, 8, 7, 8, 8, 6, 6, 7, 6, 8, 5, 8, 6, 7, 10, 7, 10, 5, 9, 5, 8, 5, 4, 9, 7, 6, 4, 8, 4, 4, 6, 7, 3, 5, 5, 10, 7, 5, 4, 6, 4, 5, 6, 7, 10, 9, 7, 3, 8, 9, 6, 7, 7, 7, 7, 9, 8, 8, 10, 8, 10]
B_36 57.59 B 76 [6, 2, 3, 2, 2, 5, 2, 5, 6, 1, 4, 1, 2, 3, 5, 5, 2, 6, 3, 2, 2, 3, 4, 4, 3, 2, 1, 3, 6, 2, 1, 5, 2, 5, 3, 4, 2, 3, 1, 3, 5, 1, 1, 2, 5, 3, 2, 1, 3, 4, 2, 4, 6, 4, 1, 2, 4, 1, 3, 3, 4, 5, 5, 5, 3, 5, 4, 6, 5, 2, 1, 1, 1, 3, 4, 4, 3, 2, 4, 2] [8, 6, 6, 4, 6, 9, 6, 7, 9, 4, 6, 5, 6, 6, 7, 7, 5, 9, 7, 5, 5, 5, 7, 7, 6, 6, 4, 6, 10, 4, 5, 9, 6, 7, 6, 8, 6, 7, 4, 7, 8, 4, 5, 6, 7, 5, 5, 3, 7, 7, 4, 6, 8, 8, 4, 5, 6, 4, 5, 6, 6, 7, 8, 8, 5, 9, 7, 10, 8, 5, 3, 4, 5, 6, 7, 8, 7, 6, 6, 4]
B_37 58.59 B 77 [5, 1, 3, 1, 4, 4, 5, 2, 5, 5, 4, 3, 1, 4, 4, 3, 5, 5, 2, 4, 4, 4, 4, 3, 2, 5, 2, 6, 3, 4, 2, 6, 1, 1, 3, 4, 5, 3, 1, 5, 2, 3, 2, 3, 5, 6, 1, 1, 5, 2, 6, 6, 5, 6, 6, 4, 3, 2, 1, 3, 5, 3, 1, 1, 2, 6, 2, 3, 6, 5, 1, 4, 1, 5, 2, 6, 2, 3, 4, 1] [7, 5, 7, 4, 6, 8, 9, 6, 7, 7, 7, 6, 4, 8, 7, 6, 9, 7, 5, 6, 7, 6, 7, 6, 4, 8, 5, 9, 6, 8, 4, 10, 5, 5, 7, 7, 9, 7, 4, 9, 5, 5, 4, 6, 7, 10, 5, 3, 7, 4, 9, 10, 8, 8, 9, 8, 5, 6, 3, 6, 8, 5, 5, 4, 5, 8, 5, 5, 9, 7, 3, 6, 5, 7, 5, 10, 6, 5, 6, 5]
B_38 59.790000000000006 B 78 [5, 3, 6, 2, 5, 5, 1, 4, 3, 5, 2, 1, 4, 4, 5, 5, 6, 3, 2, 6, 2, 6, 3, 4, 6, 4, 5, 2, 3, 3, 5, 5, 4, 3, 5, 3, 3, 6, 3, 1, 2, 5, 1, 6, 1, 2, 1, 5, 3, 3, 5, 3, 6, 2, 1, 6, 4, 6, 5, 2, 3, 5, 1, 5, 6, 3, 3, 2, 1, 5, 4, 3, 5, 4, 1, 5, 4, 4, 5, 2] [8, 5, 10, 5, 8, 9, 5, 6, 6, 8, 6, 5, 6, 7, 9, 7, 10, 7, 6, 9, 6, 9, 6, 7, 10, 8, 9, 4, 7, 5, 8, 9, 8, 6, 8, 6, 6, 8, 7, 4, 6, 7, 3, 9, 3, 5, 3, 8, 6, 5, 8, 7, 9, 4, 3, 9, 7, 10, 8, 5, 5, 7, 3, 8, 8, 5, 5, 6, 3, 9, 6, 7, 7, 6, 4, 8, 6, 6, 8, 4]
B_39 60.790000000000006 B 79 [1, 4, 2, 6, 3, 3, 1, 2, 4, 3, 4, 4, 6, 2, 3, 3, 6, 4, 4, 4, 6, 3, 1, 5, 4, 4, 1, 1, 2, 2, 5, 3, 1, 4, 3, 4, 6, 5, 4, 4, 5, 6, 6, 3, 6, 5, 6, 2, 4, 2, 1, 1, 2, 5, 5, 1, 4, 5, 3, 2, 3, 3, 3, 1, 3, 6, 2, 5, 3, 2, 4, 5, 3, 3, 3, 6, 2, 1, 2, 6] [4, 8, 5, 10, 7, 5, 5, 5, 8, 7, 8, 7, 8, 5, 6, 5, 9, 6, 7, 7, 9, 7, 4, 9, 8, 7, 5, 4, 6, 6, 7, 5, 4, 8, 7, 8, 9, 8, 8, 6, 8, 9, 8, 6, 10, 7, 9, 5, 8, 5, 3, 3, 4, 8, 7, 4, 8, 8, 7, 5, 5, 5, 6, 4, 5, 9, 5, 8, 6, 4, 7, 7, 5, 5, 6, 10, 4, 5, 4, 8]
