A_0 1 A 0 [1, 6, 6, 5, 4, 5, 4, 4, 5, 1, 5, 1, 5, 1, 2, 6, 1, 1, 3, 5, 5, 3, 4, 5, 6, 4, 6, 1, 4, 3, 3, 3, 6, 5, 6, 6, 6, 3, 2, 5, 3, 1, 6, 6, 6, 3, 3, 1, 4, 2, 1, 5, 6, 3, 6, 2, 1, 4, 6, 6, 2, 1, 4, 2, 3, 6, 2, 5, 2, 1, 3, 2, 6, 6, 2, 2, 6, 1, 4, 1] [1, 7, 6, 5, 6, 7, 5, 4, 7, 1, 7, 1, 6, 2, 3, 7, 1, 3, 3, 5, 5, 5, 5, 7, 8, 5, 6, 2, 5, 5, 5, 5, 6, 7, 8, 6, 8, 3, 2, 6, 3, 3, 8, 8, 8, 3, 3, 3, 5, 2, 3, 6, 8, 3, 7, 4, 3, 5, 7, 7, 3, 3, 4, 4, 4, 8, 3, 6, 2, 3, 3, 2, 8, 8, 4, 4, 7, 1, 6, 1]
A_1 3.2 A 1 [6, 6, 3, 1, 3, 2, 5, 3, 6, 3, 4, 5, 2, 4, 6, 1, 3, 6, 5, 6, 1, 3, 1, 4, 2, 2, 5, 4, 1, 5, 6, 2, 1, 1, 5, 1, 2, 5, 4, 6, 6, 3, 6, 1, 1, 2, 4, 2, 4, 6, 4, 3, 2, 5, 1, 3, 5, 4, 5, 5, 2, 1, 2, 3, 6, 1, 6, 3, 1, 2, 2, 2, 4, 1, 5, 4, 4, 4, 4, 1] [7, 7, 3, 2, 5, 4, 7, 5, 7, 4, 6, 5, 3, 6, 6, 3, 4, 7, 7, 7, 3, 5, 3, 6, 2, 3, 5, 4, 2, 6, 7, 2, 1, 1, 7, 1, 2, 5, 5, 8, 8, 5, 6, 2, 3, 3, 6, 3, 5, 7, 5, 3, 2, 7, 2, 5, 5, 4, 7, 6, 3, 1, 4, 4, 8, 2, 7, 3, 1, 3, 3, 2, 4, 3, 6, 5, 5, 6, 5, 1]
A_2 4.2 A 2 [6, 3, 1, 6, 5, 5, 5, 4, 1, 3, 4, 5, 2, 4, 5, 4, 5, 5, 4, 3, 6, 5, 2, 1, 1, 4, 5, 1, 2, 3, 1, 4, 5, 6, 1, 5, 3, 6, 2, 5, 6, 4, 6, 1, 5, 6, 5, 6, 2, 4, 4, 1, 3, 2, 1, 6, 5, 6, 6, 5, 1, 3, 4, 2, 3, 2, 3, 5, 2, 5, 2, 1, 3, 2, 2, 6, 1, 6, 5, 2] [6, 3, 3, 6, 5, 6, 5, 5, 2, 4, 6, 5, 3, 6, 5, 4, 7, 7, 6, 5, 7, 7, 2, 2, 2, 5, 5, 3, 2, 4, 1, 4, 6, 6, 1, 6, 3, 8, 3, 6, 7, 5, 8, 1, 5, 8, 5, 6, 3, 5, 6, 1, 4, 2, 2, 6, 5, 7, 7, 6, 2, 3, 6, 4, 5, 2, 3, 7, 2, 7, 2, 2, 3, 2, 2, 6, 2, 6, 5, 2]
A_3 5.46 A 3 [5, 1, 6, 6, 6, 5, 1, 4, 3, 6, 3, 2, 3, 3, 4, 2, 5, 5, 6, 3, 4, 4, 3, 3, 2, 4, 1, 2, 1, 1, 5, 2, 5, 1, 3, 1, 5, 4, 2, 1, 5, 3, 4, 4, 4, 4, 2, 2, 3, 6, 3, 3, 6, 6, 4, 4, 5, 6, 6, 2, 2, 2, 3, 6, 3, 1, 4, 3, 6, 4, 4, 1, 2, 4, 1, 4, 2, 4, 3, 5] [5, 2, 6, 8, 7, 5, 1, 4, 4, 8, 4, 2, 3, 4, 5, 4, 6, 6, 8, 4, 5, 5, 5, 5, 2, 5, 2, 2, 3, 3, 5, 2, 7, 3, 5, 2, 7, 4, 3, 2, 6, 5, 5, 4, 4, 6, 2, 4, 3, 8, 4, 3, 8, 7, 5, 6, 6, 6, 6, 4, 2, 3, 5, 7, 5, 3, 5, 4, 8, 4, 6, 1, 4, 4, 3, 6, 3, 4, 5, 7]
A_4 6.46 A 4 [4, 3, 5, 6, 4, 3, 4, 5, 5, 5, 6, 6, 6, 6, 3, 1, 1, 5, 5, 3, 2, 4, 3, 6, 5, 6, 4, 4, 6, 5, 6, 4, 4, 3, 4, 5, 1, 6, 1, 4, 5, 2, 1, 3, 4, 2, 3, 4, 4, 5, 5, 2, 5, 2, 2, 6, 5, 2, 4, 6, 5, 3, 4, 6, 6, 4, 2, 2, 3, 5, 3, 3, 2, 5, 6, 2, 3, 5, 3, 6] [6, 5, 5, 7, 4, 3, 4, 5, 5, 5, 8, 8, 7, 8, 4, 3, 2, 7, 5, 3, 2, 6, 4, 8, 6, 8, 5, 6, 6, 5, 6, 6, 5, 4, 5, 7, 2, 8, 1, 6, 5, 2, 1, 5, 6, 3, 5, 4, 4, 7, 5, 4, 5, 3, 4, 8, 7, 3, 4, 6, 6, 3, 4, 7, 7, 6, 4, 2, 5, 7, 4, 3, 3, 7, 8, 2, 3, 5, 3, 6]
A_5 7.46 A 5 [5, 2, 5, 5, 3, 1, 1, 6, 4, 1, 6, 3, 6, 5, 4, 1, 5, 3, 4, 4, 3, 5, 3, 3, 1, 1, 4, 2, 5, 4, 5, 2, 2, 5, 3, 2, 6, 5, 1, 4, 3, 3, 1, 4, 2, 4, 1, 1, 4, 5, 1, 1, 5, 5, 1, 6, 3, 5, 2, 6, 3, 1, 2, 4, 3, 4, 3, 1, 4, 6, 3, 5, 4, 4, 5, 3, 3, 4, 5, 3] [7, 4, 6, 5, 3, 1, 2, 8, 6, 3, 6, 5, 6, 7, 6, 2, 5, 3, 4, 6, 5, 7, 3, 4, 2, 2, 4, 3, 7, 6, 5, 4, 2, 7, 5, 3, 7, 5, 2, 4, 5, 4, 3, 6, 4, 5, 3, 3, 4, 7, 1, 2, 7, 7, 1, 7, 4, 5, 4, 8, 5, 1, 2, 5, 5, 6, 3, 3, 5, 8, 5, 6, 6, 5, 7, 5, 5, 5, 6, 5]
A_6 11.59 A 6 [4, 5, 5, 1, 4, 1, 1, 5, 6, 3, 1, 5, 3, 6, 2, 1, 5, 2, 5, 5, 4, 4, 5, 4, 1, 2, 1, 1, 6, 6, 2, 5, 5, 3, 3, 5, 2, 2, 4, 6, 6, 3, 5, 2, 4, 4, 2, 2, 2, 4, 3, 3, 5, 2, 6, 1, 5, 6, 2, 4, 2, 6, 1, 6, 1, 2, 1, 6, 1, 1, 5, 3, 2, 2, 1, 3, 4, 1, 1, 1] [5, 7, 5, 1, 4, 2, 2, 5, 7, 5, 3, 7, 5, 8, 3, 2, 6, 4, 5, 5, 5, 4, 6, 5, 3, 4, 2, 3, 6, 8, 4, 6, 6, 5, 5, 7, 2, 3, 5, 6, 7, 5, 6, 3, 6, 4, 2, 3, 2, 5, 5, 3, 6, 4, 8, 3, 7, 7, 3, 5, 3, 8, 2, 7, 3, 2, 3, 6, 1, 2, 7, 5, 4, 3, 3, 3, 5, 2, 3, 1]
A_7 13.23 A 7 [4, 3, 4, 4, 5, 6, 5, 2, 6, 6, 4, 6, 4, 3, 2, 4, 3, 3, 2, 6, 6, 6, 2, 3, 3, 4, 4, 6, 6, 4, 5, 5, 3, 3, 2, 6, 5, 2, 1, 3, 2, 4, 4, 6, 3, 6, 2, 6, 6, 1, 5, 5, 6, 4, 6, 3, 3, 1, 2, 4, 1, 3, 3, 5, 2, 5, 1, 2, 3, 3, 2, 2, 2, 2, 2, 1, 2, 5, 5, 6] [4, 5, 5, 4, 5, 8, 5, 3, 6, 8, 5, 7, 6, 3, 3, 5, 5, 5, 3, 7, 7, 8, 3, 5, 3, 5, 5, 6, 6, 6, 5, 6, 4, 5, 3, 8, 7, 3, 2, 5, 2, 5, 5, 6, 4, 7, 2, 8, 6, 1, 6, 7, 7, 6, 7, 5, 3, 1, 3, 5, 1, 4, 3, 6, 2, 6, 1, 4, 4, 4, 2, 2, 4, 3, 4, 2, 3, 5, 7, 7]
A_8 14.23 A 8 [5, 6, 1, 3, 5, 4, 6, 6, 3, 4, 2, 6, 2, 3, 4, 6, 3, 2, 4, 4, 4, 3, 4, 1, 4, 4, 2, 2, 6, 6, 4, 5, 6, 6, 2, 6, 6, 4, 1, 6, 3, 4, 1, 2, 6, 1, 5, 4, 2, 1, 2, 6, 2, 5, 4, 3, 6, 4, 6, 3, 2, 3, 1, 3, 3, 3, 3, 5, 2, 2, 5, 5, 1, 6, 3, 5, 2, 5, 1, 6] [7, 7, 2, 4, 5, 6, 7, 6, 4, 4, 4, 7, 4, 3, 4, 7, 3, 2, 4, 4, 5, 3, 4, 2, 5, 4, 4, 3, 7, 8, 6, 5, 6, 7, 2, 8, 7, 5, 2, 8, 5, 5, 1, 3, 6, 3, 6, 6, 2, 1, 2, 6, 2, 5, 5, 5, 8, 6, 7, 5, 2, 5, 1, 4, 4, 5, 5, 5, 3, 2, 6, 7, 1, 8, 4, 5, 2, 6, 3, 8]
A_9 15.23 A 9 [1, 3, 3, 6, 5, 1, 3, 6, 4, 1, 1, 5, 6, 1, 2, 3, 4, 5, 1, 4, 6, 1, 1, 5, 1, 2, 3, 5, 1, 4, 1, 3, 6, 5, 1, 3, 4, 5, 6, 4, 2, 2, 5, 3, 5, 4, 2, 3, 6, 1, 2, 1, 5, 5, 1, 3, 3, 6, 4, 5, 5, 6, 3, 5, 3, 4, 6, 3, 5, 5, 4, 5, 5, 1, 6, 2, 4, 6, 6, 4] [1, 4, 4, 8, 5, 3, 5, 8, 4, 2, 3, 5, 8, 2, 4, 4, 5, 7, 1, 4, 7, 1, 1, 6, 3, 2, 4, 7, 3, 6, 1, 5, 6, 7, 2, 4, 4, 5, 8, 4, 3, 4, 7, 4, 5, 6, 3, 5, 7, 2, 4, 1, 5, 6, 1, 5, 4, 7, 6, 5, 5, 7, 3, 7, 3, 4, 8, 5, 5, 6, 5, 6, 5, 1, 7, 2, 6, 7, 7, 4]
A_10 19.42 A 10 [5, 4, 4, 3, 6, 6, 1, 4, 2, 1, 4, 4, 4, 4, 4, 5, 4, 1, 3, 6, 5, 1, 2, 1, 4, 5, 6, 6, 2, 4, 2, 4, 6, 2, 5, 3, 3, 4, 3, 1, 6, 6, 3, 2, 6, 4, 4, 1, 5, 3, 2, 5, 1, 6, 5, 6, 1, 6, 6, 2, 5, 6, 6, 6, 3, 6, 6, 4, 6, 3, 3, 5, 5, 1, 5, 5, 6, 6, 4, 5] [7, 6, 6, 4, 8, 6, 3, 5, 4, 3, 5, 5, 5, 6, 4, 5, 6, 3, 4, 7, 5, 3, 4, 2, 6, 5, 8, 6, 3, 6, 2, 5, 7, 3, 7, 3, 4, 4, 5, 2, 6, 7, 4, 3, 6, 6, 4, 3, 6, 3, 2, 6, 2, 7, 7, 7, 2, 8, 8, 2, 5, 6, 7, 7, 3, 7, 6, 4, 8, 4, 3, 5, 6, 2, 7, 5, 8, 7, 4, 7]
A_11 22.87 A 11 [1, 5, 5, 2, 6, 3, 5, 6, 6, 5, 4, 2, 4, 6, 4, 6, 1, 5, 6, 2, 4, 1, 6, 6, 5, 2, 2, 4, 6, 3, 6, 3, 2, 1, 3, 5, 6, 6, 3, 2, 3, 4, 1, 5, 1, 2, 3, 2, 1, 1, 2, 2, 4, 4, 2, 4, 2, 4, 5, 1, 1, 6, 2, 4, 4, 5, 1, 5, 6, 1, 3, 1, 6, 2, 3, 6, 4, 4, 4, 1] [1, 5, 5, 2, 8, 5, 7, 7, 7, 5, 5, 3, 5, 7, 5, 6, 2, 5, 8, 4, 4, 2, 8, 6, 5, 3, 3, 6, 6, 3, 6, 5, 4, 3, 5, 7, 7, 6, 5, 4, 4, 5, 2, 6, 1, 2, 4, 4, 3, 1, 3, 3, 5, 6, 2, 5, 3, 5, 5, 3, 1, 8, 4, 5, 6, 7, 1, 5, 7, 2, 5, 2, 6, 2, 4, 6, 4, 5, 5, 3]
A_12 23.87 A 12 [5, 2, 2, 3, 6, 6, 3, 4, 2, 6, 4, 4, 1, 2, 6, 3, 4, 2, 4, 2, 6, 3, 1, 1, 3, 6, 3, 5, 1, 3, 4, 5, 6, 1, 2, 1, 2, 4, 4, 4, 2, 1, 6, 2, 4, 5, 2, 3, 3, 1, 2, 4, 5, 5, 5, 3, 4, 1, 1, 2, 3, 4, 2, 5, 5, 4, 3, 1, 4, 5, 4, 2, 5, 4, 4, 1, 5, 6, 3, 2] [6, 3, 3, 3, 7, 6, 5, 6, 4, 8, 5, 5, 3, 4, 6, 5, 5, 4, 4, 4, 7, 3, 3, 1, 3, 7, 5, 7, 3, 5, 6, 7, 6, 1, 3, 2, 4, 5, 4, 5, 2, 2, 7, 3, 6, 6, 4, 3, 5, 2, 3, 4, 7, 5, 7, 4, 4, 1, 2, 3, 3, 6, 4, 7, 7, 5, 4, 1, 5, 6, 6, 2, 6, 5, 4, 1, 7, 6, 4, 4]
A_13 30.1 A 13 [1, 4, 4, 3, 6, 5, 6, 3, 3, 1, 4, 6, 2, 4, 5, 6, 6, 5, 4, 4, 3, 6, 1, 2, 1, 1, 6, 3, 3, 4, 6, 6, 4, 5, 1, 4, 6, 3, 6, 2, 3, 1, 6, 4, 4, 3, 5, 6, 5, 4, 2, 6, 4, 2, 4, 4, 2, 2, 6, 5, 1, 6, 6, 6, 6, 4, 3, 2, 1, 2, 6, 2, 6, 5, 1, 1, 2, 5, 1, 1] [2, 6, 6, 4, 8, 7, 8, 3, 3, 2, 6, 7, 4, 4, 5, 8, 8, 7, 6, 6, 5, 8, 2, 2, 3, 1, 7, 5, 4, 6, 6, 8, 4, 7, 3, 6, 6, 5, 6, 4, 4, 1, 8, 4, 4, 3, 7, 7, 6, 4, 3, 6, 5, 3, 5, 5, 4, 2, 8, 5, 2, 6, 6, 6, 8, 5, 3, 2, 2, 3, 6, 4, 6, 5, 1, 2, 4, 6, 2, 3]
A_14 31.1 A 14 [2, 6, 5, 4, 3, 4, 2, 2, 4, 2, 4, 4, 6, 5, 4, 2, 3, 5, 2, 2, 2, 4, 6, 5, 6, 3, 6, 3, 1, 1, 4, 1, 1, 3, 3, 2, 2, 4, 3, 6, 6, 6, 4, 3, 1, 3, 3, 4, 3, 1, 2, 5, 3, 2, 4, 4, 6, 1, 3, 2, 4, 5, 4, 2, 5, 4, 5, 2, 3, 6, 4, 5, 6, 4, 6, 6, 2, 3, 2, 6] [3, 6, 5, 5, 4, 6, 3, 3, 4, 4, 4, 5, 6, 5, 5, 3, 5, 6, 2, 2, 3, 4, 8, 6, 8, 4, 7, 5, 3, 1, 6, 3, 2, 4, 5, 2, 2, 4, 5, 7, 8, 8, 4, 3, 3, 3, 5, 4, 5, 1, 2, 5, 3, 3, 4, 6, 8, 2, 5, 3, 6, 7, 5, 3, 7, 6, 6, 2, 4, 6, 4, 5, 7, 5, 7, 7, 2, 4, 2, 6]
A_15 33.46 A 15 [6, 1, 4, 2, 1, 1, 1, 4, 6, 3, 5, 6, 3, 6, 2, 3, 4, 1, 2, 3, 3, 1, 5, 6, 2, 6, 2, 2, 1, 1, 3, 6, 5, 5, 3, 2, 2, 5, 6, 4, 1, 1, 1, 2, 5, 1, 1, 6, 4, 6, 6, 4, 6, 2, 4, 6, 6, 5, 4, 5, 5, 2, 2, 1, 6, 3, 4, 6, 4, 6, 2, 6, 6, 4, 2, 5, 1, 5, 6, 6] [7, 3, 4, 4, 3, 2, 2, 5, 7, 4, 5, 6, 5, 8, 3, 4, 6, 2, 2, 4, 4, 3, 6, 7, 3, 6, 3, 2, 1, 2, 3, 7, 7, 7, 3, 2, 2, 6, 8, 6, 2, 1, 2, 3, 5, 3, 3, 6, 6, 6, 8, 4, 8, 2, 5, 8, 8, 5, 6, 7, 7, 4, 2, 2, 8, 3, 6, 7, 6, 7, 4, 6, 6, 4, 3, 6, 3, 7, 6, 8]
A_16 34.63 A 16 [1, 3, 5, 5, 1, 5, 5, 3, 3, 4, 4, 1, 4, 6, 3, 4, 3, 1, 1, 1, 3, 2, 5, 6, 1, 4, 1, 2, 2, 4, 4, 4, 4, 6, 3, 5, 6, 1, 1, 3, 6, 1, 6, 4, 4, 1, 3, 6, 2, 3, 4, 5, 6, 2, 3, 1, 4, 4, 3, 4, 5, 4, 1, 3, 6, 6, 5, 1, 4, 6, 4, 4, 4, 3, 3, 5, 2, 2, 6, 4] [1, 4, 7, 6, 2, 5, 6, 5, 3, 5, 6, 2, 5, 8, 5, 6, 5, 3, 1, 2, 5, 3, 5, 6, 1, 5, 1, 2, 2, 5, 6, 4, 6, 7, 5, 6, 8, 3, 3, 3, 6, 3, 8, 6, 5, 3, 5, 6, 2, 4, 5, 5, 6, 2, 3, 1, 6, 5, 4, 6, 5, 4, 1, 3, 8, 6, 7, 2, 6, 7, 6, 6, 4, 4, 4, 5, 4, 3, 6, 6]
A_17 35.63 A 17 [1, 6, 5, 5, 5, 3, 2, 3, 2, 5, 1, 5, 2, 5, 5, 1, 1, 2, 5, 3, 6, 2, 5, 4, 6, 4, 6, 4, 2, 4, 1, 6, 6, 3, 1, 2, 6, 2, 5, 4, 1, 1, 2, 1, 4, 3, 6, 3, 1, 1, 3, 2, 4, 3, 1, 3, 4, 5, 6, 5, 4, 5, 4, 2, 5, 4, 6, 1, 4, 4, 5, 1, 3, 4, 1, 4, 3, 1, 3, 5] [3, 7, 7, 6, 7, 3, 4, 5, 2, 7, 3, 5, 4, 7, 6, 2, 3, 4, 5, 5, 8, 3, 5, 5, 8, 6, 7, 5, 3, 6, 1, 8, 8, 5, 3, 2, 7, 3, 6, 6, 2, 1, 2, 2, 4, 3, 6, 3, 3, 3, 4, 3, 4, 3, 3, 3, 4, 5, 7, 7, 4, 5, 5, 2, 6, 5, 7, 2, 5, 5, 7, 1, 3, 4, 2, 4, 5, 2, 4, 7]
A_18 36.63 A 18 [3, 5, 4, 6, 5, 4, 5, 2, 4, 1, 3, 6, 4, 4, 2, 2, 1, 5, 3, 4, 1, 3, 3, 3, 3, 5, 6, 4, 2, 3, 5, 2, 5, 3, 3, 1, 5, 1, 1, 1, 2, 3, 1, 6, 3, 4, 3, 6, 6, 5, 6, 1, 5, 4, 1, 3, 1, 3, 3, 1, 1, 6, 2, 1, 5, 4, 3, 2, 2, 1, 5, 4, 2, 2, 3, 4, 2, 6, 4, 1] [3, 7, 6, 8, 5, 4, 5, 3, 4, 1, 4, 8, 4, 6, 2, 2, 1, 5, 4, 4, 2, 3, 4, 3, 4, 6, 6, 5, 2, 4, 6, 2, 5, 4, 4, 3, 5, 2, 1, 1, 4, 3, 2, 8, 3, 5, 3, 6, 7, 6, 8, 3, 7, 6, 1, 5, 3, 3, 4, 2, 1, 6, 2, 1, 6, 5, 4, 3, 3, 3, 7, 5, 3, 2, 4, 5, 3, 8, 6, 1]
A_19 37.63 A 19 [5, 6, 3, 3, 3, 4, 5, 6, 4, 4, 6, 2, 2, 4, 2, 3, 1, 3, 4, 6, 3, 2, 1, 5, 4, 5, 3, 2, 5, 2, 2, 1, 2, 4, 6, 4, 4, 6, 3, 4, 5, 1, 5, 1, 5, 3, 4, 5, 2, 5, 5, 1, 5, 5, 5, 5, 2, 6, 5, 4, 2, 3, 2, 3, 6, 1, 3, 4, 6, 1, 2, 4, 5, 3, 5, 5, 3, 1, 6, 5] [5, 7, 5, 4, 3, 6, 5, 7, 4, 4, 7, 4, 4, 6, 2, 4, 2, 5, 4, 7, 3, 3, 1, 7, 4, 6, 4, 2, 5, 2, 3, 3, 4, 4, 8, 4, 4, 6, 3, 4, 7, 3, 7, 3, 5, 3, 5, 6, 2, 5, 5, 2, 5, 5, 6, 5, 2, 7, 7, 6, 4, 3, 3, 5, 6, 3, 3, 5, 6, 1, 3, 6, 7, 4, 6, 5, 5, 1, 8, 5]
A_20 40.24 A 20 [5, 1, 6, 4, 2, 3, 4, 6, 4, 6, 5, 4, 6, 3, 2, 3, 3, 6, 1, 3, 2, 1, 5, 5, 2, 5, 3, 5, 2, 2, 5, 5, 4, 1, 3, 2, 6, 5, 2, 5, 4, 6, 6, 4, 2, 6, 5, 5, 4, 6, 6, 3, 2, 3, 3, 4, 3, 6, 1, 3, 2, 4, 4, 3, 5, 3, 2, 4, 2, 4, 1, 3, 2, 6, 5, 1, 4, 6, 4, 5] [5, 3, 7, 5, 2, 5, 5, 7, 5, 7, 5, 4, 7, 5, 3, 4, 5, 8, 2, 3, 2, 2, 6, 7, 4, 7, 3, 6, 4, 4, 7, 7, 5, 2, 3, 3, 8, 5, 2, 6, 5, 6, 7, 4, 3, 8, 6, 5, 6, 8, 6, 3, 2, 5, 5, 4, 4, 6, 2, 5, 3, 5, 4, 3, 7, 3, 3, 5, 3, 6, 1, 4, 3, 6, 6, 1, 4, 8, 5, 5]
A_21 41.24 A 21 [3, 3, 5, 4, 4, 5, 4, 6, 3, 1, 1, 1, 3, 6, 4, 1, 2, 2, 3, 2, 1, 4, 6, 2, 6, 3, 2, 3, 6, 6, 1, 6, 6, 2, 1, 6, 6, 3, 3, 3, 1, 5, 4, 1, 1, 5, 3, 4, 2, 6, 1, 3, 5, 4, 4, 2, 3, 6, 5, 3, 2, 2, 5, 5, 5, 6, 3, 4, 6, 4, 5, 3, 3, 6, 2, 5, 4, 5, 4, 5] [5, 5, 7, 5, 6, 7, 4, 8, 3, 1, 3, 2, 3, 8, 4, 3, 3, 3, 3, 3, 2, 5, 8, 4, 8, 3, 2, 3, 7, 8, 1, 7, 8, 2, 2, 6, 6, 5, 3, 3, 2, 7, 5, 3, 1, 5, 5, 6, 3, 6, 3, 4, 6, 6, 6, 3, 4, 8, 7, 3, 3, 3, 7, 6, 6, 8, 4, 4, 6, 4, 7, 4, 3, 7, 3, 6, 5, 5, 5, 5]
A_22 44.440000000000005 A 22 [4, 1, 2, 3, 3, 3, 5, 2, 4, 1, 2, 6, 1, 1, 6, 5, 5, 5, 3, 1, 5, 6, 4, 4, 3, 2, 2, 6, 4, 2, 5, 1, 3, 6, 1, 2, 2, 4, 6, 4, 1, 4, 5, 4, 6, 4, 6, 4, 4, 3, 2, 5, 6, 3, 3, 6, 6, 4, 4, 6, 4, 3, 2, 5, 5, 5, 1, 5, 5, 1, 3, 4, 3, 6, 1, 2, 2, 1, 3, 6] [5, 3, 2, 5, 4, 3, 6, 3, 4, 1, 4, 8, 3, 2, 8, 6, 5, 5, 4, 1, 6, 8, 6, 5, 5, 3, 4, 7, 4, 2, 5, 2, 4, 7, 3, 2, 2, 4, 6, 5, 2, 6, 6, 6, 7, 6, 8, 5, 5, 3, 2, 6, 8, 4, 5, 7, 6, 5, 4, 8, 4, 4, 4, 6, 7, 5, 3, 6, 5, 1, 5, 4, 5, 7, 1, 4, 3, 1, 3, 6]
A_23 45.6 A 23 [5, 4, 1, 3, 6, 3, 4, 3, 1, 5, 1, 6, 1, 2, 5, 6, 6, 4, 3, 5, 5, 2, 4, 3, 5, 6, 5, 2, 4, 1, 2, 2, 5, 2, 6, 6, 3, 4, 3, 4, 2, 5, 2, 3, 5, 5, 6, 1, 4, 5, 6, 5, 2, 5, 6, 4, 4, 5, 5, 3, 3, 6, 6, 6, 3, 3, 5, 3, 1, 6, 4, 3, 5, 4, 6, 5, 6, 6, 4, 1] [7, 6, 2, 5, 8, 4, 5, 5, 2, 6, 2, 6, 1, 2, 6, 7, 6, 5, 3, 7, 7, 4, 5, 4, 5, 6, 7, 3, 5, 1, 3, 4, 7, 2, 7, 8, 3, 6, 3, 4, 2, 5, 4, 4, 7, 6, 7, 2, 5, 5, 6, 5, 2, 6, 7, 5, 4, 7, 7, 4, 3, 6, 6, 8, 3, 3, 7, 4, 2, 8, 6, 4, 5, 6, 8, 7, 6, 8, 4, 1]
A_24 47.870000000000005 A 24 [6, 2, 1, 2, 5, 1, 1, 3, 4, 1, 4, 5, 3, 1, 6, 2, 1, 6, 3, 4, 2, 6, 3, 5, 1, 6, 6, 6, 5, 3, 3, 5, 5, 1, 6, 3, 5, 2, 2, 4, 4, 6, 2, 5, 5, 2, 4, 1, 1, 1, 1, 2, 3, 1, 3, 2, 1, 3, 4, 4, 5, 5, 6, 3, 1, 6, 1, 4, 6, 5, 3, 3, 5, 5, 1, 6, 4, 5, 5, 1] [8, 2, 2, 2, 6, 2, 3, 3, 5, 3, 6, 5, 3, 3, 8, 3, 1, 8, 4, 4, 4, 8, 5, 5, 3, 7, 8, 6, 6, 4, 4, 7, 7, 2, 8, 4, 6, 3, 4, 6, 6, 8, 4, 7, 5, 3, 6, 1, 2, 3, 2, 3, 5, 3, 5, 4, 2, 5, 5, 4, 6, 5, 6, 3, 3, 6, 2, 5, 8, 5, 4, 3, 7, 7, 1, 6, 6, 5, 6, 2]
A_25 48.870000000000005 A 25 [4, 2, 4, 4, 6, 1, 2, 4, 4, 2, 5, 2, 6, 1, 3, 6, 4, 4, 5, 5, 5, 3, 2, 6, 6, 3, 4, 6, 4, 3, 2, 2, 1, 2, 3, 3, 3, 4, 1, 3, 1, 3, 5, 4, 5, 4, 3, 1, 3, 3, 5, 2, 3, 4, 4, 3, 3, 5, 2, 3, 2, 1, 5, 1, 3, 3, 2, 5, 3, 1, 4, 2, 6, 1, 3, 2, 4, 6, 4, 6] [5, 3, 5, 5, 8, 2, 4, 5, 4, 2, 5, 3, 7, 1, 4, 6, 5, 6, 6, 6, 7, 3, 3, 6, 7, 4, 4, 8, 6, 5, 4, 2, 1, 4, 3, 4, 5, 5, 1, 4, 1, 5, 5, 5, 7, 5, 4, 1, 5, 4, 7, 2, 3, 6, 5, 3, 5, 7, 2, 5, 3, 3, 5, 1, 3, 4, 3, 5, 4, 2, 4, 2, 8, 3, 5, 3, 5, 8, 4, 8]
A_26 49.870000000000005 A 26 [6, 5, 5, 1, 4, 4, 1, 4, 2, 3, 6, 2, 3, 6, 6, 2, 1, 6, 6, 3, 3, 2, 2, 5, 6, 4, 5, 1, 5, 5, 5, 1, 2, 4, 3, 1, 1, 4, 2, 6, 1, 3, 4, 5, 1, 5, 5, 1, 3, 4, 6, 6, 4, 1, 3, 2, 3, 4, 2, 4, 2, 2, 2, 4, 4, 2, 3, 2, 4, 6, 3, 6, 1, 3, 1, 4, 6, 1, 6, 6] [6, 5, 5, 2, 5, 4, 2, 5, 4, 4, 8, 3, 5, 7, 7, 3, 1, 7, 6, 4, 3, 2, 4, 7, 8, 4, 5, 2, 7, 7, 5, 3, 4, 5, 3, 1, 2, 5, 4, 7, 3, 3, 4, 5, 2, 5, 7, 2, 4, 6, 8, 7, 5, 3, 3, 2, 3, 5, 3, 4, 2, 4, 2, 4, 4, 3, 3, 4, 5, 7, 5, 7, 1, 3, 3, 6, 7, 3, 6, 7]
A_27 50.870000000000005 A 27 [1, 4, 1, 2, 4, 2, 1, 6, 2, 5, 6, 4, 5, 3, 3, 2, 2, 4, 4, 2, 5, 3, 6, 2, 6, 6, 1, 2, 4, 6, 2, 1, 4, 1, 1, 1, 4, 6, 5, 2, 1, 5, 3, 3, 4, 4, 3, 5, 2, 5, 5, 1, 5, 5, 6, 4, 1, 2, 6, 6, 5, 6, 6, 5, 3, 3, 6, 3, 1, 5, 6, 4, 4, 1, 6, 1, 1, 1, 1, 4] [2, 4, 3, 2, 6, 3, 3, 6, 3, 7, 6, 6, 7, 5, 5, 2, 2, 5, 5, 2, 6, 3, 7, 3, 6, 8, 2, 4, 6, 8, 2, 1, 4, 3, 3, 3, 4, 7, 6, 4, 2, 5, 3, 4, 6, 4, 4, 7, 3, 5, 6, 2, 6, 6, 7, 4, 1, 2, 8, 6, 7, 7, 8, 6, 4, 3, 6, 4, 3, 7, 8, 5, 6, 2, 6, 1, 1, 3, 1, 6]
A_28 53.6 A 28 [4, 1, 2, 1, 6, 5, 6, 6, 6, 1, 2, 6, 1, 3, 1, 1, 2, 2, 2, 5, 2, 6, 4, 4, 5, 4, 5, 4, 6, 1, 5, 4, 2, 4, 1, 1, 5, 4, 3, 6, 6, 5, 5, 6, 1, 5, 1, 2, 6, 2, 3, 3, 3, 2, 5, 4, 3, 1, 4, 4, 1, 6, 4, 1, 5, 5, 1, 3, 4, 1, 3, 2, 4, 6, 5, 5, 4, 5, 5, 1] [5, 2, 2, 3, 6, 7, 6, 6, 7, 3, 3, 6, 3, 4, 3, 1, 2, 3, 2, 5, 4, 7, 4, 5, 6, 6, 7, 6, 7, 2, 6, 4, 4, 5, 3, 2, 7, 5, 5, 6, 7, 7, 6, 7, 2, 5, 2, 3, 8, 3, 4, 5, 5, 4, 5, 4, 3, 2, 6, 5, 2, 7, 6, 3, 6, 6, 3, 4, 5, 1, 3, 4, 6, 7, 5, 7, 6, 5, 6, 1]
A_29 54.6 A 29 [3, 5, 3, 1, 5, 4, 6, 4, 6, 4, 4, 3, 3, 4, 1, 1, 4, 4, 3, 2, 2, 6, 2, 1, 3, 3, 5, 6, 1, 2, 3, 1, 2, 1, 6, 6, 2, 2, 3, 4, 1, 5, 3, 6, 5, 6, 4, 2, 2, 4, 5, 1, 1, 3, 4, 5, 2, 5, 2, 2, 1, 6, 5, 2, 6, 5, 5, 2, 2, 4, 1, 3, 5, 4, 1, 3, 3, 2, 6, 2] [5, 6, 4, 3, 5, 6, 8, 6, 8, 6, 6, 3, 5, 6, 1, 2, 5, 6, 4, 2, 4, 8, 2, 1, 4, 5, 7, 8, 2, 2, 3, 3, 4, 2, 8, 8, 4, 2, 5, 4, 2, 6, 4, 6, 6, 8, 5, 4, 4, 5, 7, 2, 2, 4, 4, 6, 4, 5, 2, 4, 3, 7, 6, 3, 7, 6, 5, 2, 3, 6, 3, 3, 6, 6, 1, 5, 3, 3, 7, 4]
A_30 57.0 A 30 [3, 6, 1, 5, 6, 5, 2, 5, 4, 1, 2, 6, 4, 6, 4, 3, 4, 1, 5, 2, 5, 1, 5, 2, 3, 2, 5, 2, 5, 3, 6, 4, 1, 3, 1, 3, 4, 4, 5, 5, 6, 2, 1, 1, 2, 2, 3, 6, 2, 5, 1, 5, 2, 6, 5, 2, 5, 5, 4, 6, 6, 5, 3, 6, 2, 3, 6, 6, 4, 6, 1, 3, 6, 3, 3, 1, 2, 6, 6, 6] [5, 7, 1, 5, 6, 5, 4, 5, 6, 1, 2, 6, 6, 6, 6, 3, 6, 1, 6, 3, 7, 1, 5, 3, 4, 4, 5, 2, 6, 3, 7, 5, 1, 3, 2, 3, 6, 6, 6, 5, 6, 3, 1, 2, 2, 2, 4, 8, 4, 5, 1, 5, 2, 8, 5, 4, 5, 5, 6, 8, 6, 7, 3, 6, 4, 4, 8, 7, 4, 7, 2, 4, 8, 4, 3, 1, 3, 7, 7, 6]
A_31 58.19 A 31 [3, 2, 4, 2, 4, 2, 5, 5, 5, 3, 4, 3, 5, 6, 1, 6, 4, 6, 2, 1, 5, 6, 1, 2, 5, 2, 1, 1, 4, 1, 4, 1, 1, 5, 3, 3, 4, 3, 4, 4, 3, 6, 4, 4, 2, 3, 1, 2, 6, 2, 5, 2, 2, 4, 4, 4, 2, 6, 5, 2, 3, 3, 2, 4, 5, 1, 1, 3, 6, 2, 6, 6, 3, 5, 5, 6, 5, 2, 5, 3] [5, 2, 4, 2, 6, 4, 6, 6, 5, 5, 5, 5, 7, 8, 3, 7, 4, 8, 2, 3, 7, 7, 2, 4, 7, 2, 3, 1, 4, 3, 5, 3, 3, 7, 3, 3, 5, 4, 4, 6, 5, 8, 4, 5, 4, 4, 2, 3, 7, 3, 7, 3, 2, 6, 6, 4, 3, 7, 7, 3, 5, 4, 4, 5, 7, 2, 2, 5, 6, 4, 6, 8, 4, 7, 6, 7, 5, 4, 7, 5]
A_32 59.19 A 32 [6, 1, 5, 5, 4, 2, 5, 3, 6, 6, 6, 2, 6, 4, 1, 5, 4, 6, 5, 2, 4, 6, 3, 5, 5, 1, 2, 4, 2, 2, 1, 1, 3, 1, 4, 5, 3, 2, 5, 3, 6, 2, 5, 5, 1, 3, 5, 3, 3, 1, 6, 2, 2, 3, 5, 4, 2, 4, 3, 3, 6, 1, 2, 6, 4, 6, 2, 4, 4, 1, 4, 5, 1, 2, 4, 1, 2, 5, 3, 4] [6, 1, 6, 7, 5, 2, 6, 4, 6, 6, 7, 4, 6, 4, 2, 7, 6, 8, 5, 4, 5, 8, 4, 7, 7, 1, 4, 4, 4, 4, 1, 3, 4, 2, 5, 6, 3, 3, 6, 3, 7, 4, 6, 5, 1, 3, 6, 3, 4, 3, 7, 2, 3, 5, 7, 6, 4, 6, 5, 4, 8, 2, 3, 7, 5, 6, 3, 5, 6, 3, 6, 7, 2, 2, 5, 1, 2, 5, 4, 6]
A_33 60.54 A 33 [5, 1, 6, 1, 3, 5, 3, 3, 6, 5, 2, 1, 1, 5, 3, 5, 6, 3, 3, 4, 1, 2, 6, 2, 1, 2, 4, 1, 4, 1, 3, 5, 1, 6, 5, 5, 4, 4, 2, 3, 2, 3, 3, 5, 6, 1, 3, 5, 3, 6, 6, 3, 1, 6, 4, 3, 3, 1, 6, 3, 5, 3, 6, 4, 5, 2, 6, 4, 5, 4, 4, 4, 2, 4, 4, 1, 4, 1, 1, 3] [7, 1, 6, 3, 4, 7, 5, 5, 7, 7, 3, 3, 1, 7, 4, 7, 7, 5, 4, 4, 2, 2, 7, 2, 2, 4, 5, 3, 5, 2, 3, 7, 2, 7, 6, 6, 4, 4, 4, 3, 2, 3, 3, 5, 8, 3, 5, 5, 3, 6, 7, 4, 3, 6, 4, 3, 5, 1, 6, 4, 7, 4, 8, 5, 7, 3, 6, 6, 5, 6, 5, 4, 2, 5, 4, 2, 5, 2, 1, 4]
A_34 61.54 A 34 [6, 5, 1, 3, 4, 3, 3, 2, 2, 1, 5, 3, 2, 1, 3, 3, 3, 1, 3, 6, 3, 1, 1, 6, 6, 3, 3, 1, 1, 6, 1, 3, 4, 5, 5, 5, 1, 2, 2, 4, 6, 6, 4, 2, 4, 6, 4, 2, 2, 1, 1, 4, 2, 4, 3, 4, 1, 2, 5, 5, 6, 1, 1, 2, 5, 5, 3, 5, 1, 3, 1, 4, 3, 5, 4, 1, 6, 6, 1, 3] [8, 7, 1, 5, 5, 5, 5, 3, 2, 2, 7, 5, 3, 3, 5, 3, 5, 3, 4, 8, 3, 2, 3, 7, 8, 3, 3, 3, 3, 8, 2, 3, 5, 6, 5, 6, 3, 4, 2, 6, 7, 6, 6, 4, 5, 8, 5, 2, 3, 1, 2, 4, 2, 6, 3, 5, 1, 3, 6, 5, 8, 1, 2, 3, 7, 7, 5, 6, 2, 5, 1, 5, 4, 6, 4, 1, 7, 7, 2, 3]
A_35 62.54 A 35 [6, 1, 5, 1, 5, 2, 5, 6, 6, 3, 3, 5, 1, 4, 2, 2, 5, 2, 1, 4, 2, 6, 2, 6, 3, 3, 1, 1, 1, 6, 3, 3, 5, 5, 5, 3, 4, 4, 1, 1, 3, 1, 6, 5, 4, 2, 1, 4, 4, 5, 4, 4, 6, 3, 2, 6, 2, 1, 4, 6, 3, 3, 3, 5, 5, 5, 4, 1, 4, 5, 1, 3, 3, 5, 3, 6, 1, 3, 3, 1] [6, 1, 6, 2, 7, 3, 7, 8, 8, 4, 3, 7, 2, 6, 2, 2, 6, 2, 3, 4, 3, 6, 2, 8, 4, 4, 1, 3, 2, 8, 3, 3, 6, 6, 6, 4, 6, 5, 3, 1, 4, 1, 8, 7, 5, 4, 3, 6, 6, 7, 5, 4, 7, 5, 4, 7, 4, 2, 4, 8, 5, 3, 4, 5, 6, 5, 4, 3, 5, 5, 2, 3, 3, 5, 3, 7, 2, 4, 3, 1]
A_36 64.63 A 36 [6, 2, 3, 5, 1, 6, 2, 5, 6, 4, 3, 6, 2, 6, 2, 2, 6, 6, 5, 4, 6, 6, 2, 3, 5, 3, 1, 4, 5, 2, 4, 4, 3, 4, 1, 4, 2, 1, 5, 4, 1, 4, 5, 1, 6, 1, 6, 5, 4, 6, 2, 5, 6, 3, 6, 1, 4, 5, 5, 2, 4, 4, 3, 6, 1, 2, 6, 2, 6, 3, 2, 1, 1, 1, 5, 1, 1, 5, 3, 5] [8, 2, 3, 7, 2, 7, 2, 7, 7, 4, 4, 7, 4, 6, 2, 2, 8, 7, 5, 4, 8, 6, 2, 3, 6, 5, 2, 4, 7, 4, 6, 5, 3, 4, 3, 6, 2, 3, 6, 4, 1, 5, 6, 2, 8, 3, 8, 6, 5, 6, 4, 5, 6, 5, 6, 3, 4, 5, 5, 2, 5, 6, 3, 6, 3, 4, 8, 2, 8, 5, 4, 2, 3, 3, 6, 3, 1, 5, 5, 5]
A_37 66.78999999999999 A 37 [3, 5, 6, 4, 6, 5, 2, 2, 4, 5, 4, 6, 4, 3, 4, 5, 1, 2, 1, 6, 5, 3, 4, 4, 2, 4, 4, 6, 4, 2, 4, 3, 2, 4, 2, 4, 1, 5, 5, 1, 1, 2, 5, 6, 2, 5, 2, 3, 4, 4, 2, 6, 5, 4, 2, 6, 5, 3, 5, 3, 6, 3, 4, 3, 4, 1, 2, 3, 2, 4, 6, 3, 3, 2, 5, 4, 6, 4, 2, 4] [3, 5, 8, 4, 8, 5, 3, 3, 5, 5, 4, 6, 5, 5, 4, 6, 3, 3, 2, 6, 5, 5, 4, 6, 3, 5, 5, 7, 5, 2, 6, 4, 3, 4, 4, 5, 3, 7, 5, 1, 3, 3, 5, 6, 3, 5, 2, 3, 4, 6, 3, 8, 7, 5, 3, 8, 5, 3, 6, 3, 8, 4, 4, 5, 4, 3, 3, 5, 4, 5, 6, 5, 5, 4, 6, 6, 8, 6, 2, 4]
A_38 68.72999999999999 A 38 [2, 4, 2, 2, 1, 1, 4, 1, 1, 6, 3, 3, 4, 6, 3, 6, 1, 5, 1, 3, 2, 3, 6, 3, 2, 1, 2, 5, 3, 3, 5, 4, 5, 2, 2, 1, 5, 5, 3, 5, 3, 2, 5, 1, 4, 2, 6, 2, 5, 5, 2, 5, 4, 4, 3, 4, 5, 6, 4, 3, 6, 2, 2, 4, 6, 1, 5, 3, 2, 5, 3, 6, 6, 2, 4, 3, 4, 3, 3, 3] [2, 5, 3, 3, 1, 2, 5, 2, 2, 8, 5, 5, 4, 6, 5, 8, 3, 6, 1, 3, 2, 3, 6, 3, 4, 1, 4, 6, 5, 5, 6, 4, 6, 4, 2, 3, 6, 5, 5, 7, 4, 4, 6, 1, 6, 3, 6, 4, 7, 6, 3, 7, 4, 5, 5, 4, 6, 6, 5, 3, 7, 3, 4, 5, 6, 2, 7, 4, 4, 7, 3, 8, 7, 3, 4, 4, 6, 5, 5, 3]
A_39 69.72999999999999 A 39 [5, 6, 5, 1, 4, 4, 6, 3, 6, 4, 1, 2, 4, 2, 6, 4, 3, 4, 1, 4, 5, 3, 4, 4, 4, 3, 6, 2, 6, 4, 5, 4, 3, 3, 4, 1, 4, 1, 5, 3, 1, 3, 5, 4, 2, 4, 6, 3, 6, 6, 1, 4, 3, 5, 4, 3, 4, 3, 5, 5, 1, 5, 4, 5, 2, 4, 5, 2, 1, 5, 2, 4, 6, 3, 3, 2, 6, 3, 3, 5] [6, 8, 6, 2, 6, 4, 6, 5, 8, 4, 2, 4, 5, 4, 7, 6, 3, 6, 1, 4, 6, 3, 5, 4, 6, 4, 7, 4, 6, 4, 5, 6, 3, 3, 6, 1, 4, 1, 7, 3, 3, 3, 6, 5, 3, 6, 8, 5, 6, 6, 3, 5, 3, 7, 5, 3, 5, 3, 5, 5, 3, 7, 5, 5, 4, 6, 6, 3, 2, 7, 3, 6, 7, 5, 4, 4, 8, 5, 5, 7]
B_0 1 B 40 [3, 6, 6, 5, 5, 3, 6, 2, 3, 2, 6, 3, 2, 3, 6, 1, 6, 1, 2, 5, 4, 1, 1, 2, 4, 1, 1, 1, 6, 1, 6, 3, 6, 2, 6, 3, 1, 1, 3, 1, 1, 4, 1, 1, 2, 4, 2, 2, 4, 3, 2, 4, 4, 6, 2, 5, 2, 3, 1, 4, 1, 4, 4, 2, 3, 4, 6, 1, 2, 1, 5, 1, 3, 6, 3, 3, 1, 2, 2, 2] [3, 8, 7, 6, 5, 5, 7, 2, 5, 3, 6, 4, 2, 4, 8, 2, 6, 2, 4, 7, 5, 2, 2, 2, 6, 1, 3, 2, 7, 2, 6, 5, 7, 2, 7, 4, 1, 3, 4, 3, 2, 6, 1, 3, 2, 5, 3, 4, 5, 4, 3, 5, 5, 8, 3, 5, 2, 3, 2, 4, 3, 4, 5, 3, 3, 4, 6, 1, 2, 2, 5, 3, 5, 8, 4, 5, 3, 2, 4, 4]
B_1 2 B 41 [1, 3, 4, 3, 2, 3, 3, 4, 4, 2, 6, 4, 1, 1, 6, 1, 1, 1, 3, 1, 6, 5, 4, 5, 6, 3, 3, 5, 5, 5, 2, 6, 2, 3, 6, 1, 4, 2, 2, 3, 4, 6, 1, 3, 1, 4, 2, 3, 5, 3, 5, 6, 4, 5, 6, 2, 6, 2, 1, 6, 4, 4, 5, 1, 4, 4, 6, 4, 1, 6, 4, 6, 4, 5, 2, 4, 2, 6, 4, 4] [3, 5, 5, 5, 2, 4, 5, 5, 5, 4, 7, 5, 2, 1, 8, 1, 3, 1, 3, 3, 6, 7, 6, 5, 8, 5, 3, 5, 7, 6, 3, 8, 4, 3, 6, 1, 5, 3, 4, 3, 6, 7, 1, 3, 3, 5, 2, 5, 5, 4, 6, 7, 6, 7, 6, 3, 6, 2, 2, 6, 6, 5, 6, 1, 4, 6, 6, 5, 2, 7, 5, 8, 4, 6, 4, 5, 2, 6, 6, 4]
B_2 3.59 B 42 [6, 6, 6, 4, 1, 1, 5, 4, 1, 5, 3, 1, 6, 6, 4, 1, 6, 2, 1, 5, 6, 4, 5, 2, 2, 5, 4, 3, 5, 3, 1, 4, 5, 3, 4, 6, 5, 5, 5, 5, 1, 1, 2, 3, 5, 3, 2, 1, 3, 1, 5, 5, 2, 2, 3, 1, 5, 5, 1, 6, 3, 4, 3, 1, 5, 5, 4, 5, 1, 1, 6, 4, 4, 6, 6, 3, 4, 1, 4, 4] [8, 6, 8, 5, 1, 3, 6, 5, 1, 7, 4, 2, 7, 8, 4, 2, 8, 2, 2, 7, 7, 5, 6, 4, 4, 5, 4, 3, 6, 4, 1, 4, 6, 3, 6, 8, 6, 5, 6, 6, 1, 1, 4, 5, 6, 3, 4, 1, 3, 2, 7, 5, 2, 4, 5, 2, 7, 5, 1, 8, 4, 4, 5, 3, 7, 5, 4, 7, 2, 2, 8, 4, 5, 8, 7, 4, 4, 3, 5, 5]
B_3 4.59 B 43 [6, 1, 1, 4, 3, 4, 2, 6, 2, 3, 2, 5, 2, 4, 3, 2, 4, 1, 6, 1, 4, 1, 4, 3, 5, 4, 5, 3, 6, 6, 1, 4, 5, 5, 2, 5, 1, 6, 1, 4, 1, 3, 3, 5, 3, 5, 4, 6, 4, 4, 2, 2, 1, 2, 6, 3, 1, 1, 4, 2, 4, 5, 4, 5, 4, 6, 5, 4, 6, 2, 4, 3, 6, 4, 3, 2, 2, 2, 1, 3] [8, 2, 1, 4, 5, 6, 3, 6, 3, 4, 3, 6, 3, 4, 3, 3, 6, 2, 8, 3, 4, 3, 6, 4, 7, 5, 5, 4, 7, 6, 2, 5, 5, 5, 4, 7, 2, 6, 1, 5, 3, 3, 5, 5, 3, 7, 4, 7, 4, 4, 3, 2, 2, 4, 6, 5, 1, 2, 4, 4, 5, 6, 6, 7, 5, 6, 6, 5, 8, 2, 5, 4, 6, 4, 4, 3, 2, 3, 2, 4]
B_4 5.59 B 44 [6, 1, 5, 4, 4, 2, 4, 3, 6, 5, 6, 1, 4, 4, 1, 5, 4, 4, 3, 5, 2, 1, 6, 5, 5, 5, 1, 4, 1, 5, 2, 2, 1, 6, 4, 4, 6, 2, 4, 2, 2, 1, 5, 3, 6, 6, 6, 2, 6, 5, 6, 3, 3, 3, 6, 6, 6, 5, 4, 5, 5, 4, 1, 6, 3, 4, 6, 1, 1, 3, 5, 2, 1, 3, 3, 6, 3, 4, 4, 3] [8, 3, 5, 4, 6, 4, 6, 4, 6, 5, 6, 1, 6, 4, 3, 5, 5, 4, 3, 5, 3, 1, 7, 7, 5, 7, 2, 6, 2, 6, 2, 4, 1, 8, 5, 5, 8, 3, 6, 3, 2, 3, 6, 3, 6, 6, 8, 2, 6, 7, 6, 5, 5, 3, 7, 7, 7, 7, 6, 7, 7, 5, 1, 8, 4, 5, 6, 2, 3, 5, 5, 4, 2, 4, 3, 8, 5, 6, 6, 5]
B_5 6.59 B 45 [3, 2, 6, 4, 2, 4, 4, 6, 1, 4, 4, 2, 5, 3, 3, 1, 1, 3, 4, 3, 6, 5, 4, 5, 2, 4, 5, 4, 5, 6, 2, 3, 3, 1, 6, 2, 1, 5, 2, 4, 4, 4, 3, 5, 6, 3, 5, 4, 4, 5, 6, 1, 4, 3, 6, 2, 4, 4, 1, 5, 3, 5, 2, 5, 1, 3, 6, 2, 4, 5, 4, 6, 2, 5, 5, 4, 5, 1, 6, 6] [3, 3, 8, 6, 3, 5, 4, 7, 3, 6, 6, 2, 6, 3, 3, 3, 3, 3, 5, 3, 8, 5, 6, 6, 3, 5, 5, 4, 5, 8, 2, 4, 3, 3, 8, 4, 3, 5, 3, 6, 5, 5, 3, 7, 6, 5, 7, 5, 5, 6, 6, 3, 4, 4, 7, 4, 5, 6, 1, 6, 4, 5, 2, 7, 2, 4, 8, 3, 5, 6, 6, 7, 2, 6, 7, 6, 6, 1, 8, 7]
B_6 8.39 B 46 [3, 4, 5, 2, 3, 1, 2, 2, 5, 2, 4, 3, 2, 5, 3, 1, 3, 6, 3, 4, 5, 3, 6, 6, 4, 3, 5, 3, 1, 4, 3, 1, 5, 3, 4, 1, 6, 2, 6, 6, 2, 2, 2, 4, 6, 5, 4, 3, 5, 1, 5, 4, 5, 5, 1, 4, 2, 4, 3, 2, 4, 6, 6, 1, 1, 3, 4, 1, 1, 3, 6, 5, 4, 4, 6, 3, 3, 3, 5, 6] [3, 6, 5, 2, 5, 3, 2, 2, 6, 3, 4, 4, 4, 7, 5, 3, 5, 6, 3, 5, 6, 5, 8, 7, 6, 4, 7, 4, 2, 5, 4, 2, 6, 5, 5, 3, 8, 2, 6, 8, 3, 2, 4, 4, 8, 7, 5, 4, 6, 1, 5, 5, 6, 6, 1, 4, 3, 4, 3, 3, 4, 6, 7, 3, 3, 3, 4, 1, 3, 5, 7, 6, 4, 4, 7, 5, 3, 5, 7, 6]
B_7 13.5 B 47 [1, 2, 6, 2, 4, 1, 2, 6, 4, 3, 1, 2, 3, 6, 4, 6, 6, 3, 6, 5, 5, 4, 4, 1, 1, 1, 1, 5, 2, 2, 6, 2, 3, 5, 2, 4, 5, 3, 2, 3, 2, 3, 1, 6, 2, 4, 3, 6, 1, 2, 1, 4, 1, 5, 6, 1, 6, 5, 3, 3, 4, 5, 3, 5, 5, 4, 4, 4, 5, 4, 4, 6, 1, 1, 4, 4, 6, 3, 6, 5] [3, 3, 6, 4, 4, 3, 3, 8, 6, 5, 3, 4, 3, 7, 4, 6, 6, 3, 6, 6, 5, 6, 5, 2, 1, 1, 2, 7, 3, 4, 8, 3, 3, 5, 2, 6, 6, 3, 4, 5, 4, 5, 1, 7, 2, 5, 4, 7, 2, 4, 3, 4, 1, 5, 6, 3, 7, 7, 5, 4, 6, 6, 5, 7, 6, 5, 6, 5, 6, 6, 6, 8, 1, 2, 5, 6, 8, 4, 8, 7]
B_8 14.879999999999999 B 48 [4, 4, 2, 3, 4, 4, 2, 6, 2, 6, 5, 1, 3, 5, 3, 4, 2, 1, 6, 2, 4, 2, 4, 4, 1, 3, 3, 2, 6, 2, 2, 6, 3, 3, 2, 4, 4, 4, 5, 6, 4, 5, 3, 4, 6, 4, 5, 1, 2, 2, 3, 1, 6, 6, 1, 3, 1, 2, 3, 5, 4, 5, 3, 4, 3, 4, 5, 2, 1, 6, 6, 6, 3, 1, 5, 6, 5, 3, 3, 3] [5, 5, 3, 3, 4, 4, 2, 6, 2, 7, 6, 3, 5, 6, 5, 6, 2, 3, 7, 2, 6, 3, 5, 5, 2, 5, 4, 3, 8, 4, 4, 7, 4, 3, 3, 6, 5, 4, 7, 6, 5, 5, 3, 4, 6, 5, 6, 2, 3, 3, 3, 3, 8, 7, 3, 4, 2, 4, 4, 6, 6, 6, 5, 4, 4, 4, 5, 3, 1, 6, 7, 7, 5, 1, 7, 8, 6, 4, 4, 4]
B_9 15.959999999999999 B 49 [2, 6, 4, 6, 5, 5, 4, 1, 1, 1, 3, 1, 1, 4, 1, 6, 3, 1, 5, 5, 6, 6, 3, 5, 1, 3, 4, 5, 2, 4, 5, 2, 1, 6, 1, 5, 6, 4, 5, 6, 3, 3, 1, 4, 5, 5, 1, 2, 2, 1, 5, 3, 6, 1, 4, 3, 2, 5, 4, 3, 4, 6, 5, 5, 3, 3, 3, 6, 1, 4, 3, 4, 6, 5, 4, 1, 5, 2, 1, 5] [2, 7, 5, 8, 7, 7, 5, 1, 1, 2, 3, 1, 2, 4, 1, 6, 4, 3, 6, 5, 8, 6, 3, 5, 3, 4, 6, 5, 3, 5, 5, 3, 3, 6, 1, 7, 6, 6, 6, 6, 4, 4, 2, 4, 7, 6, 1, 4, 3, 2, 7, 4, 7, 2, 6, 5, 2, 7, 4, 5, 6, 6, 7, 5, 5, 3, 3, 7, 1, 4, 3, 6, 6, 7, 5, 3, 6, 2, 3, 6]
B_10 16.96 B 50 [1, 4, 4, 3, 5, 1, 3, 5, 2, 2, 2, 2, 2, 2, 2, 6, 4, 3, 6, 5, 6, 1, 2, 6, 1, 5, 6, 5, 3, 5, 1, 5, 6, 6, 1, 4, 2, 2, 2, 1, 2, 5, 5, 2, 6, 6, 5, 1, 3, 5, 3, 3, 3, 3, 1, 2, 2, 3, 4, 2, 4, 1, 6, 2, 4, 6, 6, 5, 2, 1, 6, 2, 5, 1, 4, 4, 4, 3, 5, 3] [3, 5, 6, 4, 5, 1, 5, 6, 2, 4, 2, 3, 3, 3, 2, 8, 5, 4, 8, 5, 6, 3, 2, 6, 2, 7, 8, 6, 4, 7, 1, 7, 7, 7, 2, 5, 4, 3, 3, 3, 3, 6, 7, 3, 6, 6, 5, 3, 3, 7, 5, 5, 4, 3, 3, 4, 3, 3, 6, 4, 5, 1, 8, 3, 6, 8, 6, 7, 4, 2, 8, 2, 7, 1, 6, 5, 5, 5, 7, 5]
B_11 18.59 B 51 [5, 3, 1, 3, 2, 1, 3, 5, 6, 1, 5, 2, 4, 6, 5, 4, 5, 2, 1, 1, 3, 3, 5, 5, 2, 2, 6, 1, 3, 1, 5, 2, 2, 3, 4, 4, 5, 6, 5, 4, 4, 6, 5, 2, 3, 1, 4, 4, 1, 3, 3, 6, 3, 2, 1, 2, 5, 1, 2, 6, 5, 3, 4, 3, 6, 5, 1, 1, 4, 1, 2, 2, 5, 2, 3, 1, 2, 1, 6, 5] [6, 3, 1, 3, 4, 2, 3, 7, 6, 1, 6, 3, 4, 6, 5, 4, 5, 3, 3, 2, 3, 4, 6, 5, 3, 2, 7, 2, 5, 2, 5, 3, 2, 4, 4, 4, 5, 8, 7, 5, 5, 7, 5, 2, 5, 3, 5, 4, 3, 4, 5, 7, 4, 4, 1, 3, 5, 2, 4, 6, 7, 4, 6, 5, 7, 7, 1, 3, 5, 1, 3, 4, 7, 3, 4, 3, 4, 3, 6, 6]
B_12 19.59 B 52 [6, 2, 3, 6, 5, 5, 5, 6, 2, 5, 1, 4, 5, 4, 3, 6, 6, 4, 5, 5, 2, 5, 6, 2, 3, 3, 4, 5, 3, 1, 2, 2, 2, 1, 2, 6, 6, 5, 4, 3, 4, 4, 2, 1, 3, 4, 5, 1, 6, 6, 3, 3, 4, 4, 4, 2, 5, 1, 5, 2, 1, 5, 4, 3, 6, 3, 2, 2, 5, 4, 2, 6, 4, 5, 6, 3, 3, 5, 2, 5] [8, 2, 4, 8, 5, 7, 6, 7, 2, 5, 2, 5, 7, 5, 3, 8, 6, 4, 7, 5, 2, 6, 8, 2, 5, 3, 5, 6, 5, 2, 2, 2, 3, 3, 2, 7, 6, 7, 4, 3, 5, 6, 2, 2, 5, 4, 6, 1, 8, 7, 4, 4, 6, 5, 4, 4, 5, 2, 5, 3, 3, 6, 4, 4, 7, 4, 2, 2, 7, 4, 3, 7, 6, 6, 6, 3, 4, 6, 2, 6]
B_13 20.59 B 53 [3, 5, 2, 6, 2, 5, 2, 4, 5, 5, 6, 4, 5, 2, 2, 2, 2, 3, 4, 5, 3, 4, 3, 5, 1, 4, 1, 5, 2, 3, 6, 4, 3, 6, 4, 3, 3, 4, 4, 5, 6, 5, 2, 2, 3, 3, 5, 5, 6, 1, 3, 2, 4, 1, 5, 3, 1, 5, 1, 2, 6, 6, 5, 1, 2, 2, 3, 4, 2, 5, 4, 1, 3, 4, 2, 4, 5, 3, 1, 2] [3, 7, 2, 7, 3, 7, 4, 6, 5, 6, 7, 6, 5, 3, 3, 2, 2, 3, 6, 5, 5, 6, 4, 6, 3, 6, 3, 6, 4, 4, 8, 6, 5, 6, 6, 5, 5, 5, 5, 7, 8, 7, 4, 4, 3, 4, 6, 5, 7, 2, 3, 4, 5, 3, 5, 5, 3, 7, 3, 3, 8, 7, 6, 1, 4, 4, 4, 4, 4, 7, 4, 3, 4, 4, 3, 6, 7, 5, 3, 3]
B_14 22.43 B 54 [6, 1, 1, 4, 2, 1, 6, 6, 4, 1, 5, 2, 5, 4, 4, 4, 3, 1, 1, 5, 3, 4, 3, 6, 3, 4, 3, 6, 5, 4, 5, 4, 5, 4, 3, 2, 6, 2, 3, 4, 2, 6, 3, 6, 6, 6, 1, 6, 1, 4, 1, 1, 4, 5, 6, 1, 6, 4, 5, 1, 3, 3, 3, 5, 6, 6, 1, 6, 2, 6, 6, 4, 5, 6, 3, 2, 4, 5, 6, 6] [7, 2, 2, 5, 4, 1, 8, 7, 5, 1, 7, 2, 7, 5, 4, 5, 3, 3, 1, 6, 5, 6, 5, 7, 5, 5, 3, 7, 5, 4, 5, 6, 7, 4, 3, 4, 6, 3, 5, 5, 3, 6, 5, 6, 7, 7, 1, 6, 3, 6, 3, 1, 4, 5, 8, 2, 8, 4, 6, 1, 3, 4, 3, 5, 8, 8, 1, 7, 2, 8, 6, 4, 5, 8, 3, 3, 5, 6, 6, 8]
B_15 23.43 B 55 [2, 3, 6, 4, 6, 6, 1, 3, 3, 3, 6, 4, 3, 4, 4, 6, 1, 3, 3, 5, 4, 2, 6, 4, 2, 3, 2, 4, 4, 5, 2, 4, 4, 3, 4, 6, 1, 6, 4, 3, 5, 2, 1, 3, 6, 2, 4, 1, 3, 3, 2, 2, 2, 3, 1, 4, 4, 4, 6, 4, 1, 3, 3, 3, 1, 6, 1, 1, 5, 2, 1, 1, 5, 6, 1, 1, 2, 3, 2, 2] [4, 5, 6, 6, 8, 7, 3, 5, 5, 5, 7, 5, 4, 5, 6, 8, 1, 3, 5, 5, 4, 3, 7, 5, 4, 3, 2, 4, 4, 6, 4, 4, 6, 3, 5, 7, 3, 8, 4, 3, 5, 3, 2, 5, 7, 4, 4, 3, 4, 5, 4, 3, 4, 5, 2, 4, 5, 6, 6, 4, 2, 5, 4, 5, 3, 8, 1, 1, 6, 4, 2, 2, 6, 7, 1, 2, 4, 5, 2, 4]
B_16 24.78 B 56 [1, 5, 5, 5, 5, 3, 5, 3, 6, 3, 1, 2, 4, 2, 6, 6, 4, 4, 1, 2, 3, 3, 6, 4, 1, 3, 3, 1, 3, 2, 5, 2, 2, 3, 1, 2, 4, 5, 5, 4, 2, 6, 5, 1, 6, 4, 2, 6, 1, 2, 2, 5, 5, 1, 6, 4, 6, 1, 6, 1, 3, 1, 2, 6, 6, 2, 3, 4, 1, 3, 6, 6, 3, 2, 6, 2, 5, 6, 1, 1] [3, 5, 5, 6, 7, 4, 7, 3, 8, 4, 2, 3, 4, 4, 8, 8, 6, 4, 3, 2, 4, 4, 6, 4, 2, 5, 3, 1, 3, 4, 5, 3, 4, 5, 1, 4, 4, 5, 6, 5, 2, 6, 7, 1, 7, 5, 3, 7, 2, 2, 3, 5, 5, 3, 8, 5, 7, 1, 8, 3, 5, 2, 2, 7, 7, 4, 3, 6, 2, 3, 8, 6, 4, 3, 7, 2, 5, 7, 2, 1]
B_17 26.46 B 57 [4, 4, 6, 6, 2, 5, 6, 1, 4, 6, 6, 4, 1, 2, 1, 5, 4, 5, 3, 6, 6, 6, 4, 5, 3, 5, 4, 2, 1, 5, 5, 6, 4, 1, 2, 1, 5, 3, 6, 3, 3, 2, 5, 1, 5, 4, 4, 5, 2, 5, 3, 1, 1, 5, 4, 4, 1, 1, 5, 4, 2, 5, 6, 3, 2, 6, 5, 3, 2, 2, 2, 3, 4, 4, 6, 6, 1, 5, 4, 2] [5, 4, 7, 6, 3, 5, 7, 1, 6, 7, 8, 5, 1, 2, 2, 5, 5, 5, 3, 7, 6, 8, 5, 7, 5, 7, 5, 2, 2, 5, 5, 7, 6, 1, 3, 2, 5, 3, 6, 3, 3, 2, 5, 2, 7, 6, 4, 7, 4, 7, 3, 2, 2, 7, 4, 6, 1, 1, 5, 6, 3, 5, 7, 3, 2, 7, 6, 3, 4, 4, 4, 4, 5, 4, 7, 6, 1, 7, 4, 3]
B_18 27.46 B 58 [6, 5, 6, 6, 4, 2, 2, 2, 6, 4, 6, 5, 1, 6, 3, 4, 3, 6, 3, 5, 1, 5, 4, 5, 4, 2, 2, 6, 4, 2, 4, 5, 3, 6, 5, 4, 5, 5, 4, 5, 1, 1, 1, 4, 4, 1, 3, 3, 3, 4, 4, 2, 5, 1, 5, 6, 6, 5, 4, 2, 6, 4, 2, 6, 5, 2, 2, 2, 1, 2, 3, 1, 3, 1, 5, 4, 3, 1, 4, 6] [7, 7, 7, 6, 4, 4, 3, 3, 7, 6, 8, 5, 2, 8, 5, 6, 4, 7, 4, 7, 2, 7, 4, 7, 5, 2, 3, 8, 6, 2, 6, 7, 5, 6, 6, 4, 5, 6, 5, 5, 2, 2, 1, 4, 6, 1, 3, 5, 4, 4, 6, 4, 5, 3, 6, 6, 8, 5, 5, 3, 8, 6, 2, 7, 5, 4, 4, 3, 2, 4, 5, 1, 3, 1, 7, 5, 3, 1, 6, 7]
B_19 28.46 B 59 [6, 5, 5, 2, 6, 6, 4, 4, 3, 5, 2, 1, 2, 5, 2, 5, 4, 5, 1, 4, 3, 3, 6, 3, 4, 3, 4, 6, 4, 2, 6, 2, 3, 3, 5, 6, 2, 3, 3, 5, 4, 6, 6, 2, 5, 5, 2, 3, 5, 3, 2, 6, 2, 2, 1, 4, 1, 4, 2, 2, 2, 4, 2, 4, 6, 6, 6, 5, 5, 5, 3, 4, 1, 6, 6, 4, 4, 4, 2, 2] [7, 6, 6, 4, 6, 8, 5, 5, 5, 5, 2, 3, 3, 5, 3, 7, 6, 7, 2, 6, 5, 3, 8, 4, 4, 5, 4, 6, 5, 4, 8, 3, 4, 4, 5, 8, 2, 3, 3, 5, 4, 6, 8, 4, 7, 6, 3, 4, 6, 5, 4, 6, 3, 3, 1, 4, 3, 6, 3, 2, 2, 4, 2, 5, 7, 7, 7, 7, 5, 5, 3, 4, 2, 7, 7, 4, 5, 4, 2, 3]
B_20 29.46 B 60 [2, 2, 1, 2, 5, 3, 2, 1, 2, 5, 5, 1, 3, 1, 4, 5, 5, 4, 1, 2, 2, 2, 4, 3, 5, 2, 2, 5, 1, 1, 6, 3, 6, 5, 6, 3, 4, 6, 6, 1, 1, 4, 3, 4, 5, 3, 4, 4, 4, 4, 4, 5, 1, 6, 3, 1, 3, 2, 6, 2, 4, 3, 5, 5, 1, 3, 6, 6, 3, 1, 5, 5, 3, 1, 2, 6, 4, 6, 3, 3] [3, 3, 2, 2, 6, 5, 3, 1, 2, 5, 5, 1, 3, 2, 6, 7, 5, 4, 1, 4, 3, 3, 4, 3, 6, 3, 2, 7, 2, 3, 6, 5, 8, 7, 8, 5, 5, 8, 7, 3, 3, 6, 4, 5, 7, 4, 4, 6, 6, 6, 5, 7, 3, 8, 3, 2, 5, 3, 8, 2, 6, 5, 5, 7, 3, 4, 8, 7, 5, 3, 6, 6, 5, 1, 2, 6, 6, 6, 5, 4]
B_21 30.46 B 61 [1, 1, 3, 2, 3, 1, 6, 3, 3, 6, 6, 6, 4, 6, 5, 2, 4, 5, 6, 3, 4, 2, 3, 6, 5, 1, 2, 6, 6, 6, 5, 3, 1, 3, 1, 3, 4, 3, 2, 5, 4, 4, 4, 5, 4, 5, 6, 5, 5, 6, 1, 3, 5, 6, 3, 3, 1, 5, 4, 4, 3, 4, 6, 1, 1, 2, 2, 1, 1, 2, 4, 5, 2, 1, 3, 1, 3, 1, 5, 1] [3, 1, 3, 3, 3, 1, 8, 4, 5, 7, 6, 8, 6, 6, 7, 4, 4, 5, 6, 3, 5, 3, 4, 6, 5, 3, 4, 7, 7, 7, 7, 4, 2, 4, 1, 3, 6, 4, 3, 7, 4, 5, 4, 6, 5, 5, 6, 6, 6, 6, 1, 4, 6, 7, 4, 5, 2, 5, 6, 4, 5, 4, 7, 3, 1, 2, 4, 3, 2, 4, 6, 7, 4, 1, 3, 1, 5, 1, 7, 3]
B_22 31.46 B 62 [4, 2, 4, 3, 4, 2, 1, 3, 1, 3, 6, 2, 2, 6, 4, 2, 1, 4, 2, 2, 4, 5, 2, 6, 6, 5, 2, 6, 4, 5, 3, 2, 2, 6, 1, 3, 3, 4, 2, 4, 4, 5, 3, 4, 1, 2, 6, 3, 3, 5, 6, 4, 4, 5, 3, 3, 2, 6, 2, 2, 5, 6, 1, 2, 1, 2, 4, 6, 5, 1, 4, 3, 2, 6, 2, 5, 2, 5, 4, 4] [4, 4, 6, 5, 4, 2, 2, 3, 1, 3, 7, 4, 4, 6, 5, 2, 1, 5, 2, 3, 4, 7, 4, 6, 6, 5, 2, 8, 6, 6, 3, 4, 3, 8, 2, 4, 3, 4, 4, 5, 5, 6, 5, 6, 1, 2, 7, 5, 5, 7, 8, 6, 4, 6, 3, 4, 2, 7, 2, 2, 5, 7, 3, 4, 2, 4, 6, 7, 7, 2, 6, 4, 4, 8, 2, 7, 2, 6, 4, 4]
B_23 33.410000000000004 B 63 [2, 3, 2, 6, 6, 4, 6, 5, 3, 5, 6, 4, 5, 6, 2, 1, 3, 2, 1, 3, 3, 5, 5, 6, 3, 1, 4, 5, 1, 2, 6, 4, 6, 4, 2, 5, 6, 3, 4, 5, 2, 1, 1, 5, 6, 5, 1, 5, 4, 5, 2, 3, 3, 1, 5, 3, 6, 3, 6, 4, 5, 1, 2, 2, 1, 6, 4, 1, 1, 2, 1, 6, 3, 1, 1, 3, 2, 5, 4, 2] [4, 4, 4, 7, 7, 5, 7, 6, 4, 7, 7, 5, 7, 6, 3, 2, 3, 2, 1, 5, 3, 6, 6, 8, 3, 1, 4, 6, 3, 3, 6, 5, 7, 5, 3, 5, 6, 5, 5, 5, 3, 1, 3, 7, 8, 7, 3, 7, 4, 5, 3, 5, 4, 1, 5, 5, 7, 3, 7, 5, 7, 3, 4, 4, 2, 8, 5, 2, 2, 4, 2, 8, 5, 1, 3, 4, 2, 5, 6, 4]
B_24 36.2 B 64 [3, 6, 3, 3, 6, 3, 1, 2, 3, 3, 3, 4, 5, 6, 5, 6, 6, 5, 5, 6, 5, 5, 5, 3, 1, 3, 4, 3, 5, 6, 2, 5, 4, 5, 5, 5, 1, 4, 6, 2, 3, 4, 5, 4, 3, 1, 1, 5, 3, 3, 4, 6, 6, 2, 6, 1, 6, 2, 5, 6, 1, 1, 1, 1, 3, 2, 1, 3, 2, 3, 5, 4, 4, 2, 5, 6, 6, 6, 5, 5] [4, 8, 5, 5, 7, 5, 3, 2, 4, 3, 3, 6, 7, 8, 7, 8, 8, 6, 6, 6, 7, 6, 7, 3, 3, 3, 4, 4, 6, 7, 4, 7, 5, 7, 7, 6, 3, 4, 6, 4, 3, 4, 7, 5, 4, 2, 3, 6, 4, 5, 6, 7, 7, 4, 8, 3, 7, 2, 5, 7, 3, 1, 2, 2, 5, 4, 2, 3, 2, 5, 5, 5, 4, 4, 7, 6, 6, 8, 6, 6]
B_25 38.25 B 65 [6, 1, 2, 1, 4, 4, 2, 5, 3, 4, 6, 5, 4, 4, 4, 3, 6, 4, 4, 1, 3, 6, 5, 3, 6, 3, 2, 3, 5, 5, 3, 1, 6, 2, 5, 5, 2, 1, 1, 4, 4, 4, 5, 6, 4, 3, 3, 4, 4, 3, 6, 5, 3, 2, 6, 6, 2, 6, 2, 6, 3, 2, 2, 6, 2, 5, 4, 3, 1, 4, 3, 2, 1, 1, 3, 3, 5, 6, 5, 4] [8, 2, 2, 3, 6, 6, 2, 6, 5, 4, 7, 7, 5, 5, 6, 3, 6, 5, 5, 3, 3, 8, 5, 3, 6, 4, 3, 3, 6, 6, 4, 2, 6, 3, 7, 5, 4, 3, 2, 6, 4, 6, 5, 6, 5, 4, 3, 5, 4, 3, 8, 7, 4, 4, 8, 8, 4, 7, 4, 7, 4, 2, 4, 8, 4, 7, 5, 4, 1, 5, 4, 2, 3, 3, 3, 5, 6, 8, 5, 6]
B_26 39.25 B 66 [2, 6, 3, 4, 2, 3, 1, 1, 3, 6, 6, 1, 3, 3, 5, 4, 5, 6, 3, 3, 2, 3, 1, 5, 1, 2, 3, 6, 1, 5, 6, 1, 2, 6, 3, 4, 6, 2, 5, 5, 6, 6, 4, 5, 6, 6, 4, 4, 5, 3, 6, 1, 2, 3, 1, 1, 3, 5, 2, 6, 6, 2, 4, 4, 1, 4, 6, 5, 2, 5, 2, 5, 5, 5, 4, 1, 3, 6, 2, 6] [3, 7, 3, 5, 4, 3, 3, 1, 5, 8, 6, 1, 4, 3, 6, 6, 7, 7, 4, 3, 3, 4, 3, 7, 2, 3, 3, 6, 3, 5, 8, 2, 3, 6, 5, 4, 8, 3, 7, 6, 6, 6, 4, 6, 6, 8, 4, 6, 5, 3, 6, 1, 2, 4, 1, 1, 3, 6, 4, 7, 8, 4, 6, 5, 2, 5, 8, 7, 2, 5, 2, 5, 5, 6, 5, 3, 5, 6, 4, 7]
B_27 40.42 B 67 [5, 3, 5, 3, 2, 1, 6, 2, 5, 3, 4, 5, 1, 2, 2, 6, 1, 1, 2, 4, 4, 4, 5, 3, 4, 5, 2, 3, 3, 2, 6, 3, 4, 4, 5, 1, 2, 3, 3, 2, 1, 4, 5, 4, 1, 2, 1, 4, 2, 6, 5, 1, 2, 4, 6, 1, 4, 3, 2, 5, 6, 1, 6, 1, 3, 3, 5, 2, 5, 2, 4, 4, 6, 1, 2, 3, 5, 4, 4, 2] [6, 3, 7, 4, 2, 3, 6, 4, 5, 5, 4, 5, 1, 2, 2, 7, 2, 2, 3, 5, 5, 4, 6, 4, 5, 5, 4, 4, 4, 2, 7, 5, 5, 6, 6, 3, 2, 5, 4, 3, 1, 5, 7, 5, 2, 3, 1, 5, 3, 7, 7, 3, 2, 4, 7, 1, 6, 3, 3, 7, 7, 3, 7, 2, 3, 4, 7, 3, 7, 2, 5, 6, 8, 1, 3, 3, 7, 6, 5, 4]
B_28 43.870000000000005 B 68 [2, 1, 2, 6, 3, 4, 1, 3, 2, 5, 6, 6, 4, 1, 3, 4, 4, 4, 2, 6, 2, 6, 5, 1, 6, 3, 4, 1, 4, 2, 4, 6, 4, 5, 1, 4, 6, 2, 2, 1, 2, 1, 1, 6, 1, 4, 1, 5, 1, 1, 2, 4, 5, 2, 2, 5, 1, 2, 1, 5, 3, 1, 5, 1, 2, 1, 2, 5, 4, 3, 6, 1, 5, 6, 4, 5, 6, 3, 2, 1] [2, 1, 2, 8, 5, 5, 1, 4, 3, 5, 8, 7, 5, 2, 4, 6, 6, 5, 3, 6, 3, 6, 5, 2, 8, 4, 5, 3, 5, 3, 4, 6, 6, 5, 2, 5, 8, 4, 4, 2, 2, 2, 2, 8, 3, 5, 3, 6, 1, 1, 4, 5, 7, 4, 2, 6, 2, 4, 2, 5, 5, 2, 7, 2, 2, 1, 2, 7, 4, 5, 6, 2, 7, 7, 5, 7, 7, 4, 4, 2]
B_29 44.870000000000005 B 69 [1, 2, 5, 4, 5, 6, 1, 3, 2, 5, 3, 1, 5, 2, 6, 6, 6, 4, 1, 1, 4, 4, 1, 6, 5, 1, 6, 5, 1, 4, 6, 2, 1, 4, 3, 5, 3, 4, 5, 5, 1, 6, 1, 2, 3, 5, 3, 4, 6, 4, 1, 1, 4, 5, 6, 2, 3, 2, 2, 5, 1, 2, 1, 2, 3, 4, 5, 2, 3, 4, 3, 4, 5, 4, 4, 4, 1, 2, 6, 4] [3, 3, 7, 4, 7, 8, 2, 4, 2, 6, 4, 2, 6, 3, 6, 7, 7, 5, 3, 1, 6, 4, 1, 8, 5, 2, 7, 7, 1, 6, 7, 4, 3, 6, 5, 5, 5, 5, 7, 7, 2, 7, 2, 2, 5, 6, 5, 6, 6, 4, 2, 1, 4, 7, 8, 4, 3, 4, 4, 5, 3, 4, 2, 4, 5, 5, 5, 2, 5, 6, 3, 6, 5, 5, 4, 6, 1, 3, 8, 5]
B_30 46.06 B 70 [3, 2, 2, 4, 3, 3, 5, 2, 5, 4, 3, 3, 4, 6, 4, 2, 4, 5, 5, 2, 1, 5, 3, 4, 3, 4, 3, 6, 3, 1, 1, 6, 4, 4, 1, 1, 2, 6, 3, 2, 5, 4, 6, 4, 5, 4, 6, 4, 6, 3, 6, 2, 2, 4, 6, 1, 6, 2, 3, 3, 5, 4, 4, 1, 5, 3, 2, 4, 6, 3, 6, 4, 3, 1, 6, 6, 2, 6, 5, 4] [3, 3, 2, 6, 4, 5, 7, 2, 6, 5, 3, 5, 6, 6, 4, 4, 6, 7, 7, 3, 1, 7, 5, 6, 4, 4, 5, 8, 3, 3, 2, 6, 6, 5, 1, 2, 4, 6, 3, 3, 5, 5, 8, 5, 5, 6, 7, 6, 7, 3, 8, 3, 3, 4, 6, 2, 8, 4, 5, 3, 6, 6, 6, 2, 5, 4, 2, 5, 6, 3, 7, 4, 3, 1, 7, 6, 2, 6, 6, 5]
B_31 47.72 B 71 [2, 2, 1, 1, 3, 5, 3, 2, 5, 5, 5, 1, 2, 2, 5, 6, 4, 1, 4, 4, 3, 3, 4, 3, 3, 2, 6, 4, 2, 3, 3, 6, 5, 4, 4, 3, 1, 3, 6, 4, 1, 6, 4, 3, 2, 6, 5, 6, 6, 4, 2, 2, 6, 1, 4, 1, 6, 3, 1, 4, 5, 5, 3, 6, 4, 2, 5, 4, 1, 4, 4, 4, 2, 3, 6, 5, 2, 1, 5, 6] [2, 2, 2, 1, 3, 6, 5, 2, 7, 6, 5, 2, 2, 4, 5, 6, 6, 1, 5, 6, 4, 4, 4, 4, 3, 2, 7, 5, 4, 3, 4, 8, 7, 4, 5, 3, 2, 5, 8, 6, 3, 8, 4, 4, 4, 7, 6, 8, 7, 6, 2, 4, 7, 3, 4, 2, 6, 4, 1, 4, 6, 7, 4, 8, 5, 2, 5, 6, 2, 6, 4, 5, 3, 4, 6, 6, 2, 3, 6, 6]
B_32 48.72 B 72 [6, 4, 3, 2, 2, 4, 2, 2, 1, 5, 5, 6, 5, 6, 6, 6, 4, 3, 2, 5, 2, 3, 3, 5, 5, 6, 1, 4, 4, 5, 6, 3, 1, 2, 3, 3, 1, 3, 6, 6, 3, 4, 4, 6, 1, 2, 4, 1, 3, 6, 5, 5, 4, 3, 5, 5, 3, 4, 3, 1, 3, 2, 2, 3, 4, 1, 5, 6, 5, 5, 3, 2, 6, 5, 5, 5, 4, 4, 2, 4] [8, 4, 3, 4, 3, 6, 4, 4, 1, 5, 6, 6, 6, 6, 7, 6, 4, 3, 3, 7, 3, 3, 5, 5, 7, 8, 1, 6, 6, 6, 8, 4, 2, 2, 4, 3, 3, 5, 7, 7, 5, 4, 5, 6, 2, 2, 4, 1, 5, 6, 7, 7, 6, 4, 5, 6, 4, 5, 3, 2, 5, 4, 4, 5, 4, 3, 5, 8, 7, 5, 3, 3, 6, 7, 6, 5, 5, 5, 4, 4]
B_33 50.44 B 73 [6, 1, 2, 4, 5, 4, 2, 2, 6, 1, 1, 2, 4, 5, 4, 4, 3, 4, 2, 3, 6, 6, 6, 4, 5, 1, 3, 1, 6, 4, 3, 5, 2, 4, 5, 5, 1, 2, 2, 3, 6, 5, 6, 4, 3, 5, 4, 1, 1, 5, 1, 2, 5, 4, 6, 6, 2, 4, 1, 6, 1, 1, 6, 1, 2, 1, 5, 1, 6, 4, 1, 3, 5, 4, 5, 6, 5, 4, 5, 2] [8, 3, 2, 4, 7, 5, 3, 3, 8, 1, 2, 2, 5, 5, 5, 4, 4, 4, 2, 4, 6, 7, 7, 6, 7, 3, 3, 2, 7, 6, 4, 7, 2, 5, 6, 5, 3, 4, 3, 5, 8, 6, 8, 4, 4, 6, 4, 2, 1, 7, 1, 3, 6, 4, 8, 7, 3, 4, 1, 7, 1, 1, 8, 1, 4, 3, 6, 1, 7, 5, 1, 4, 7, 5, 7, 8, 7, 6, 5, 4]
B_34 51.44 B 74 [2, 5, 2, 1, 6, 5, 1, 2, 3, 6, 5, 3, 4, 1, 6, 2, 3, 1, 3, 5, 5, 2, 1, 6, 1, 3, 1, 6, 5, 1, 3, 5, 4, 4, 4, 3, 5, 5, 4, 3, 3, 2, 6, 3, 3, 5, 6, 4, 5, 4, 4, 3, 6, 2, 3, 1, 6, 6, 5, 6, 2, 3, 2, 1, 5, 3, 4, 2, 4, 4, 6, 6, 5, 5, 1, 4, 2, 1, 5, 4] [4, 6, 2, 3, 8, 7, 3, 4, 4, 7, 7, 4, 4, 1, 7, 3, 4, 2, 4, 6, 6, 3, 1, 8, 1, 5, 3, 6, 5, 1, 3, 6, 5, 4, 4, 3, 6, 6, 4, 4, 4, 4, 7, 4, 3, 7, 7, 5, 7, 5, 6, 4, 6, 3, 3, 1, 7, 7, 7, 7, 2, 3, 2, 3, 7, 3, 5, 3, 5, 4, 7, 6, 6, 7, 3, 6, 3, 2, 7, 4]
B_35 52.44 B 75 [2, 4, 6, 4, 2, 3, 3, 1, 5, 2, 5, 6, 1, 1, 6, 5, 5, 4, 4, 5, 1, 5, 2, 5, 6, 2, 4, 1, 5, 3, 1, 6, 1, 1, 1, 6, 1, 4, 3, 2, 3, 4, 3, 2, 6, 4, 3, 4, 6, 1, 4, 1, 3, 4, 2, 1, 2, 6, 4, 4, 6, 1, 5, 3, 6, 3, 1, 3, 5, 4, 6, 5, 5, 6, 4, 5, 1, 4, 6, 5] [4, 5, 6, 6, 2, 5, 3, 2, 5, 2, 5, 6, 1, 2, 7, 6, 5, 4, 5, 5, 1, 6, 4, 7, 6, 3, 6, 1, 7, 5, 1, 7, 1, 2, 1, 7, 3, 6, 4, 4, 5, 5, 4, 3, 8, 6, 5, 6, 8, 3, 5, 3, 3, 6, 3, 2, 2, 6, 5, 4, 6, 1, 7, 4, 6, 5, 3, 3, 7, 6, 6, 6, 5, 8, 6, 7, 1, 4, 7, 6]
B_36 53.44 B 76 [6, 4, 1, 2, 3, 3, 4, 2, 2, 4, 6, 4, 5, 2, 2, 1, 2, 3, 2, 3, 4, 4, 2, 6, 4, 4, 6, 1, 4, 3, 2, 5, 2, 4, 6, 1, 1, 6, 4, 6, 1, 2, 4, 2, 3, 5, 3, 6, 5, 5, 4, 2, 3, 5, 4, 2, 5, 1, 3, 4, 4, 3, 2, 2, 6, 5, 3, 5, 6, 1, 2, 2, 4, 5, 2, 1, 4, 1, 2, 5] [7, 5, 2, 3, 3, 5, 5, 3, 2, 6, 8, 4, 7, 4, 2, 3, 4, 5, 3, 5, 4, 5, 3, 6, 6, 5, 7, 1, 6, 3, 3, 5, 2, 5, 7, 2, 1, 8, 6, 8, 3, 2, 4, 2, 5, 6, 3, 8, 6, 6, 5, 4, 4, 7, 5, 4, 5, 1, 3, 5, 6, 5, 2, 2, 6, 6, 5, 7, 7, 1, 2, 2, 5, 7, 3, 1, 5, 3, 4, 7]
B_37 54.44 B 77 [1, 4, 6, 4, 5, 4, 1, 5, 5, 6, 6, 4, 6, 5, 3, 5, 2, 1, 6, 1, 6, 5, 1, 6, 5, 6, 1, 1, 5, 2, 6, 2, 5, 1, 6, 3, 5, 4, 3, 3, 2, 6, 1, 2, 4, 1, 3, 3, 3, 2, 3, 1, 5, 3, 5, 3, 6, 5, 1, 4, 6, 1, 5, 5, 6, 6, 6, 4, 3, 2, 6, 1, 4, 4, 1, 4, 1, 3, 1, 1] [1, 6, 6, 4, 5, 5, 2, 5, 6, 7, 7, 5, 6, 6, 4, 7, 3, 2, 8, 1, 8, 5, 1, 8, 5, 8, 3, 3, 5, 3, 7, 4, 5, 2, 7, 4, 5, 6, 5, 5, 2, 6, 3, 3, 6, 1, 5, 4, 4, 2, 5, 3, 6, 5, 6, 5, 7, 7, 1, 4, 6, 1, 6, 5, 8, 8, 6, 6, 4, 3, 6, 3, 5, 6, 2, 4, 3, 4, 2, 2]
B_38 56.099999999999994 B 78 [4, 4, 5, 3, 3, 5, 1, 5, 1, 6, 4, 4, 3, 1, 2, 6, 6, 3, 4, 6, 4, 4, 3, 4, 5, 4, 6, 1, 5, 6, 6, 5, 3, 1, 1, 3, 3, 2, 3, 3, 2, 4, 4, 1, 4, 6, 5, 6, 3, 1, 5, 6, 2, 1, 6, 2, 1, 4, 4, 2, 3, 5, 4, 4, 5, 5, 2, 4, 2, 6, 5, 5, 2, 5, 5, 6, 2, 1, 2, 6] [6, 5, 5, 5, 3, 6, 3, 7, 3, 7, 4, 5, 4, 2, 2, 6, 6, 4, 6, 8, 5, 5, 3, 4, 6, 4, 6, 1, 6, 7, 7, 7, 4, 1, 2, 3, 5, 2, 5, 5, 4, 6, 5, 2, 6, 8, 7, 8, 4, 3, 7, 6, 2, 3, 6, 2, 2, 4, 6, 2, 5, 7, 4, 6, 6, 5, 4, 5, 4, 8, 6, 6, 4, 5, 7, 7, 4, 2, 4, 6]
B_39 57.099999999999994 B 79 [1, 1, 2, 5, 6, 3, 1, 6, 6, 4, 5, 1, 2, 1, 6, 6, 4, 5, 1, 5, 5, 5, 6, 1, 1, 6, 6, 4, 1, 2, 6, 3, 4, 3, 3, 1, 5, 4, 3, 5, 2, 4, 4, 3, 3, 6, 6, 5, 3, 5, 3, 5, 5, 2, 6, 2, 1, 2, 6, 2, 3, 1, 4, 2, 5, 4, 6, 2, 1, 4, 4, 6, 4, 2, 4, 5, 5, 1, 6, 6] [1, 1, 2, 7, 6, 5, 1, 7, 8, 4, 7, 3, 4, 3, 6, 8, 6, 7, 1, 5, 5, 5, 6, 1, 2, 8, 7, 6, 1, 4, 6, 5, 6, 4, 3, 1, 5, 4, 3, 7, 4, 4, 5, 4, 5, 7, 6, 7, 4, 6, 5, 6, 6, 3, 8, 4, 1, 3, 7, 3, 4, 3, 4, 4, 6, 6, 7, 4, 2, 5, 5, 6, 4, 4, 4, 6, 7, 2, 6, 7]
