0
0 A_0 82 0 0
5 B_0 87 0 1
3 A_1 90 0 2
4 A_2 94 0 3
4 B_1 98 0 4
1 B_2 99 0 5
3 A_3 102 0 6
6 B_3 108 0 7
7 A_4 115 0 8
7 B_4 122 0 9
7 A_5 129 0 10
6 B_5 135 0 11
3 B_6 138 0 12
1 B_7 139 0 13
4 A_6 143 0 14
5 B_8 148 0 15
2 B_9 150 0 16
4 B_10 154 0 17
7 A_7 161 0 18
5 B_11 166 0 19
7 A_8 173 0 20
4 A_9 177 0 21
3 B_12 180 0 22
4 B_13 184 0 23
4 B_14 188 0 24
5 A_10 193 0 25
4 B_15 197 0 26
4 A_11 201 0 27
4 A_12 205 0 28
6 B_16 211 0 29
6 A_13 217 0 30
1 A_14 218 0 31
2 A_15 220 0 32
7 B_17 227 0 33
3 B_18 230 0 34
2 B_19 232 0 35
5 A_16 237 0 36
3 A_17 240 0 37
3 A_18 243 0 38
3 A_19 246 0 39
No lane change: 246 151.42574999999997 3.814697265625e-05
---------------------
in formation_2
pass
---------------------
in formation_3
pass
---------------------
in formation_4
pass
---------------------
in formation_5
pass
---------------------
in formation_6
pass
---------------------
in formation_7
pass
error in formulation  []
