1
0 B_0 81 0 0
2 B_1 83 0 1
5 B_2 88 0 2
2 A_0 90 1 3
1 B_3 91 0 4
5 A_1 96 1 5
6 B_4 102 0 6
1 A_2 103 1 7
4 B_5 107 0 8
3 A_3 111 1 9
6 B_6 117 0 10
4 A_4 121 1 11
2 B_7 123 0 12
6 B_8 129 0 13
5 A_5 134 1 14
3 A_6 137 1 15
4 A_7 141 1 16
1 A_8 142 1 17
3 B_9 145 0 18
6 A_9 151 1 19
2 A_10 153 1 20
2 B_10 156 0 21
4 A_11 160 1 22
1 B_11 164 0 23
4 A_12 168 1 24
5 B_12 173 0 25
6 A_13 179 1 26
3 B_13 182 0 27
2 A_14 184 1 28
3 B_14 188 0 29
6 A_15 194 1 30
3 B_15 197 1 31
5 A_16 202 0 32
1 B_16 204 1 33
2 B_17 208 1 34
3 A_17 212 0 35
5 B_18 217 1 36
2 B_19 220 1 37
3 A_18 224 1 38
6 A_19 230 1 39
greedy: 230
---------------------
in formation_2
pass
---------------------
in formation_3
pass
---------------------
in formation_4
pass
---------------------
in formation_5
pass
---------------------
in formation_6
pass
---------------------
in formation_7
pass
error in formulation  []
