2
[2, 2, 2, 2, 2, 0, 0, 0, 0, 0, 0, 0, 3, 0, 0, 0, 0, 0, 0, 0, 3, 0, 3, 0, 0, 0, 0, 3, 1, 2, 2, 2, 2, 2, 2, 2, 2, 2, 2, 2]
0 B_0 81 0 0
2 B_1 83 0 1
5 B_2 88 0 2
1 B_3 89 0 3
5 B_4 94 0 4
4 A_0 98 0 5
2 A_1 100 0 6
1 A_2 101 0 7
3 A_3 104 0 8
1 A_4 105 0 9
2 A_5 107 0 10
3 A_6 110 0 11
2 B_5 112 1 12
3 A_7 115 0 13
1 A_8 116 0 14
4 A_9 120 0 15
2 A_10 122 0 16
1 A_11 123 0 17
4 A_12 127 0 18
3 A_13 130 0 19
2 B_6 132 1 20
2 A_14 134 0 21
3 B_7 137 1 22
3 A_15 140 0 23
1 A_16 141 0 24
3 A_17 144 0 25
1 A_18 145 0 26
2 B_8 147 1 27
4 A_19 151 1 28
2 B_9 153 0 29
5 B_10 158 0 30
1 B_11 159 0 31
1 B_12 160 0 32
3 B_13 163 0 33
5 B_14 168 0 34
5 B_15 173 0 35
4 B_16 177 0 36
2 B_17 179 0 37
4 B_18 183 0 38
2 B_19 185 0 39
dp: 185
---------------------
in formation_2
pass
---------------------
in formation_3
pass
---------------------
in formation_4
pass
---------------------
in formation_5
pass
---------------------
in formation_6
pass
---------------------
in formation_7
pass
error in formulation  []
