3
0 A_0 85 0 0
2 A_1 87 0 1
1 A_2 88 0 2
3 A_3 91 0 3
1 A_4 92 0 4
2 A_5 94 0 5
3 A_6 97 0 6
4 A_7 101 0 7
1 A_8 102 0 8
4 A_9 106 0 9
2 A_10 108 0 10
1 A_11 109 0 11
4 A_12 113 0 12
3 A_13 116 0 13
5 B_0 121 0 14
2 B_1 123 0 15
8 A_14 131 0 16
3 B_2 134 0 17
1 B_3 135 0 18
4 A_15 139 0 19
1 A_16 140 0 20
3 A_17 143 0 21
1 A_18 144 0 22
4 B_4 148 0 23
3 A_19 151 0 24
4 B_5 155 0 25
6 B_6 161 0 26
6 B_7 167 0 27
6 B_8 173 0 28
5 B_9 178 0 29
5 B_10 183 0 30
1 B_11 184 0 31
1 B_12 185 0 32
3 B_13 188 0 33
5 B_14 193 0 34
5 B_15 198 0 35
4 B_16 202 0 36
2 B_17 204 0 37
4 B_18 208 0 38
2 B_19 210 0 39
nldp: 210
---------------------
in formation_2
pass
---------------------
in formation_3
pass
---------------------
in formation_4
pass
---------------------
in formation_5
pass
---------------------
in formation_6
pass
---------------------
in formation_7
pass
error in formulation  []
