0
0 A_0 82 0 0
3 A_1 85 0 1
3 A_2 88 0 2
7 B_0 95 0 3
5 A_3 100 0 4
5 B_1 105 0 5
6 A_4 111 0 6
4 B_2 115 0 7
4 A_5 119 0 8
4 B_3 123 0 9
4 B_4 127 0 10
4 A_6 131 0 11
4 A_7 135 0 12
3 A_8 138 0 13
4 B_5 142 0 14
1 B_6 143 0 15
4 A_9 147 0 16
6 B_7 153 0 17
4 A_10 157 0 18
1 A_11 158 0 19
4 B_8 162 0 20
4 A_12 166 0 21
4 A_13 170 0 22
6 B_9 176 0 23
7 A_14 183 0 24
5 B_10 188 0 25
2 B_11 190 0 26
5 A_15 195 0 27
4 A_16 199 0 28
5 B_12 204 0 29
6 A_17 210 0 30
6 B_13 216 0 31
6 A_18 222 0 32
5 B_14 227 0 33
2 B_15 229 0 34
4 A_19 233 0 35
4 B_16 237 0 36
2 B_17 239 0 37
2 B_18 241 0 38
2 B_19 243 0 39
No lane change: 243 147.3915 6.890296936035156e-05
---------------------
in formation_2
pass
---------------------
in formation_3
pass
---------------------
in formation_4
pass
---------------------
in formation_5
pass
---------------------
in formation_6
pass
---------------------
in formation_7
pass
error in formulation  []
