1
0 A_0 81 0 0
6 B_0 87 1 1
2 A_1 89 0 2
3 B_1 93 1 3
5 A_2 98 0 4
6 A_3 104 0 5
4 A_4 108 0 6
6 B_2 114 1 7
6 B_3 120 1 8
4 A_5 124 0 9
5 B_4 129 1 10
3 A_6 132 0 11
5 A_7 137 0 12
6 A_8 143 0 13
3 B_5 146 1 14
6 A_9 152 0 15
5 A_10 157 0 16
2 B_6 159 1 17
3 B_7 162 1 18
1 A_11 163 0 19
6 B_8 169 1 20
1 B_9 170 1 21
4 A_12 174 0 22
3 B_10 177 1 23
3 A_13 180 1 24
1 A_14 181 1 25
6 A_15 187 1 26
3 B_11 190 0 27
5 B_12 195 0 28
5 A_16 200 1 29
1 A_17 201 1 30
6 B_13 207 0 31
4 A_18 211 1 32
1 A_19 212 1 33
2 B_14 214 0 34
3 B_15 217 0 35
1 B_16 218 0 36
6 B_17 224 0 37
4 B_18 228 0 38
6 B_19 234 0 39
greedy: 234
---------------------
in formation_2
pass
---------------------
in formation_3
pass
---------------------
in formation_4
pass
---------------------
in formation_5
pass
---------------------
in formation_6
pass
---------------------
in formation_7
pass
error in formulation  []
