2
[0, 0, 2, 2, 2, 2, 1, 2, 2, 2, 2, 2, 2, 2, 2, 2, 2, 2, 2, 2, 2, 2, 2, 0, 0, 0, 0, 0, 0, 0, 0, 0, 0, 0, 0, 0, 0, 0, 0, 0]
0 A_0 82 0 0
3 A_1 85 0 1
4 B_0 89 0 2
4 B_1 93 0 3
1 B_2 94 0 4
1 B_3 95 0 5
2 A_2 97 1 6
3 B_4 100 0 7
1 B_5 101 0 8
1 B_6 102 0 9
3 B_7 105 0 10
3 B_8 108 0 11
1 B_9 109 0 12
3 B_10 112 0 13
2 B_11 114 0 14
2 B_12 116 0 15
1 B_13 117 0 16
1 B_14 118 0 17
2 B_15 120 0 18
1 B_16 121 0 19
2 B_17 123 0 20
2 B_18 125 0 21
2 B_19 127 0 22
3 A_3 130 0 23
3 A_4 133 0 24
3 A_5 136 0 25
2 A_6 138 0 26
4 A_7 142 0 27
3 A_8 145 0 28
4 A_9 149 0 29
1 A_10 150 0 30
1 A_11 151 0 31
3 A_12 154 0 32
4 A_13 158 0 33
3 A_14 161 0 34
3 A_15 164 0 35
4 A_16 168 0 36
2 A_17 170 0 37
2 A_18 172 0 38
2 A_19 174 0 39
dp: 174 108.99150000000004 0.020461082458496094
---------------------
in formation_2
pass
---------------------
in formation_3
pass
---------------------
in formation_4
pass
---------------------
in formation_5
pass
---------------------
in formation_6
pass
---------------------
in formation_7
pass
error in formulation  []
