3
0 A_0 81 0 0
3 A_1 84 0 1
3 A_2 87 0 2
4 B_0 91 0 3
6 B_1 97 0 4
2 B_2 99 0 5
6 B_3 105 0 6
2 B_4 107 0 7
1 B_5 108 0 8
3 B_6 111 0 9
3 B_7 114 0 10
4 B_8 118 0 11
1 B_9 119 0 12
3 B_10 122 0 13
2 B_11 124 0 14
5 B_12 129 0 15
1 B_13 130 0 16
3 A_3 133 0 17
4 A_4 137 0 18
1 A_5 138 0 19
2 A_6 140 0 20
6 B_14 146 0 21
3 B_15 149 0 22
1 B_16 150 0 23
6 B_17 156 0 24
4 B_18 160 0 25
4 A_7 164 0 26
3 B_19 167 0 27
6 A_8 173 0 28
4 A_9 177 0 29
5 A_10 182 0 30
2 A_11 184 0 31
1 A_12 185 0 32
3 A_13 188 0 33
1 A_14 189 0 34
6 A_15 195 0 35
1 A_16 196 0 36
1 A_17 197 0 37
6 A_18 203 0 38
1 A_19 204 0 39
nldp: 204
---------------------
in formation_2
pass
---------------------
in formation_3
pass
---------------------
in formation_4
pass
---------------------
in formation_5
pass
---------------------
in formation_6
pass
---------------------
in formation_7
pass
error in formulation  []
