0
0 B_0 82 0 0
8 A_0 90 0 1
4 A_1 94 0 2
3 B_1 97 0 3
5 A_2 102 0 4
9 B_2 111 0 5
5 B_3 116 0 6
7 A_3 123 0 7
4 A_4 127 0 8
5 B_4 132 0 9
7 A_5 139 0 10
5 A_6 144 0 11
2 A_7 146 0 12
4 A_8 150 0 13
6 A_9 156 0 14
1 A_10 157 0 15
4 B_5 161 0 16
7 A_11 168 0 17
3 B_6 171 0 18
5 B_7 176 0 19
5 A_12 181 0 20
10 B_8 191 0 21
6 A_13 197 0 22
9 B_9 206 0 23
4 A_14 210 0 24
6 A_15 216 0 25
6 B_10 222 0 26
8 A_16 230 0 27
8 B_11 238 0 28
7 A_17 245 0 29
6 A_18 251 0 30
2 A_19 253 0 31
3 B_12 256 0 32
6 A_20 262 0 33
5 A_21 267 0 34
1 A_22 268 0 35
7 B_13 275 0 36
6 A_23 281 0 37
3 A_24 284 0 38
8 B_14 292 0 39
2 B_15 294 0 40
4 A_25 298 0 41
1 A_26 299 0 42
10 B_16 309 0 43
7 A_27 316 0 44
6 B_17 322 0 45
7 A_28 329 0 46
7 B_18 336 0 47
8 A_29 344 0 48
5 B_19 349 0 49
4 B_20 353 0 50
7 A_30 360 0 51
5 B_21 365 0 52
9 A_31 374 0 53
7 B_22 381 0 54
6 A_32 387 0 55
1 A_33 388 0 56
6 B_23 394 0 57
6 A_34 400 0 58
8 B_24 408 0 59
1 B_25 409 0 60
6 A_35 415 0 61
4 A_36 419 0 62
9 B_26 428 0 63
2 B_27 430 0 64
8 A_37 438 0 65
4 B_28 442 0 66
6 A_38 448 0 67
3 B_29 451 0 68
5 A_39 456 0 69
4 A_40 460 0 70
5 B_30 465 0 71
8 A_41 473 0 72
4 B_31 477 0 73
6 A_42 483 0 74
5 A_43 488 0 75
10 B_32 498 0 76
8 A_44 506 0 77
8 B_33 514 0 78
8 A_45 522 0 79
3 A_46 525 0 80
4 A_47 529 0 81
5 A_48 534 0 82
7 B_34 541 0 83
6 B_35 547 0 84
5 B_36 552 0 85
6 B_37 558 0 86
5 A_49 563 0 87
5 A_50 568 0 88
7 B_38 575 0 89
5 A_51 580 0 90
8 B_39 588 0 91
6 B_40 594 0 92
6 B_41 600 0 93
7 A_52 607 0 94
5 B_42 612 0 95
2 B_43 614 0 96
6 B_44 620 0 97
1 B_45 621 0 98
5 B_46 626 0 99
3 B_47 629 0 100
8 A_53 637 0 101
8 B_48 645 0 102
1 B_49 646 0 103
5 A_54 651 0 104
7 B_50 658 0 105
5 B_51 663 0 106
7 A_55 670 0 107
3 B_52 673 0 108
8 A_56 681 0 109
10 B_53 691 0 110
9 A_57 700 0 111
3 B_54 703 0 112
8 A_58 711 0 113
7 B_55 718 0 114
8 A_59 726 0 115
5 B_56 731 0 116
4 B_57 735 0 117
2 B_58 737 0 118
1 B_59 738 0 119
No lane change: 738
---------------------
in formation_2
pass
---------------------
in formation_3
pass
---------------------
in formation_4
pass
---------------------
in formation_5
pass
---------------------
in formation_6
pass
---------------------
in formation_7
pass
error in formulation  []
