1
0 B_0 81 0 0
2 B_1 83 0 1
1 A_0 85 1 2
4 B_2 89 0 3
3 B_3 92 0 4
4 A_1 96 1 5
4 A_2 100 1 6
2 B_4 102 0 7
3 A_3 105 1 8
2 B_5 107 0 9
2 B_6 109 0 10
3 A_4 112 1 11
2 B_7 114 0 12
3 A_5 117 0 13
1 A_6 118 0 14
4 B_8 122 1 15
4 A_7 126 0 16
3 A_8 129 0 17
2 B_9 131 1 18
4 B_10 135 1 19
4 B_11 139 1 20
3 B_12 142 1 21
3 A_9 145 1 22
3 B_13 148 1 23
3 A_10 151 0 24
3 B_14 154 1 25
3 A_11 157 0 26
4 A_12 161 0 27
4 A_13 165 0 28
1 B_15 166 1 29
3 A_14 169 1 30
3 B_16 172 0 31
3 A_15 175 0 32
2 B_17 177 1 33
4 B_18 181 1 34
3 A_16 184 0 35
3 A_17 187 0 36
2 B_19 189 1 37
1 A_18 190 0 38
3 B_20 193 0 39
3 A_19 196 1 40
3 B_21 199 0 41
3 A_20 202 1 42
2 B_22 204 0 43
4 A_21 208 1 44
2 B_23 210 0 45
3 A_22 213 0 46
3 B_24 216 1 47
2 A_23 218 0 48
4 B_25 222 1 49
1 A_24 223 0 50
4 B_26 227 1 51
1 B_27 228 1 52
1 B_28 229 1 53
2 B_29 231 1 54
4 B_30 235 1 55
3 A_25 238 0 56
1 A_26 239 0 57
4 A_27 243 0 58
2 A_28 245 0 59
3 A_29 248 0 60
4 B_31 252 1 61
1 A_30 253 0 62
4 B_32 257 1 63
4 A_31 261 0 64
4 A_32 265 0 65
3 B_33 268 1 66
3 A_33 271 0 67
1 A_34 272 0 68
3 A_35 275 0 69
3 B_34 278 1 70
4 A_36 282 0 71
3 B_35 285 1 72
2 A_37 287 0 73
4 B_36 291 1 74
3 A_38 294 1 75
1 B_37 295 0 76
1 A_39 296 1 77
3 A_40 299 1 78
3 A_41 302 1 79
3 B_38 305 0 80
4 A_42 309 1 81
4 A_43 313 1 82
1 A_44 314 1 83
4 A_45 318 1 84
4 A_46 322 1 85
4 B_39 326 0 86
3 B_40 329 0 87
2 A_47 331 1 88
2 B_41 333 0 89
4 A_48 337 1 90
4 B_42 341 0 91
4 A_49 345 1 92
4 B_43 349 0 93
3 A_50 352 1 94
4 B_44 356 0 95
2 B_45 358 0 96
3 B_46 361 0 97
2 B_47 363 0 98
4 A_51 367 1 99
3 B_48 370 1 100
2 A_52 372 0 101
4 A_53 376 0 102
3 A_54 379 0 103
4 B_49 383 1 104
3 B_50 386 1 105
3 A_55 389 1 106
2 B_51 391 0 107
2 B_52 393 0 108
2 A_56 395 1 109
4 A_57 399 1 110
4 A_58 403 1 111
4 A_59 407 1 112
4 B_53 411 0 113
1 B_54 412 0 114
3 B_55 415 0 115
1 B_56 416 0 116
1 B_57 417 0 117
4 B_58 421 0 118
1 B_59 422 0 119
greedy: 422 192.14108333333326 0.0011839866638183594
---------------------
in formation_2
pass
---------------------
in formation_3
pass
---------------------
in formation_4
pass
---------------------
in formation_5
pass
---------------------
in formation_6
pass
---------------------
in formation_7
pass
error in formulation  []
