2
[2, 2, 2, 2, 2, 2, 2, 2, 2, 2, 2, 1, 2, 2, 2, 2, 2, 2, 2, 0, 0, 0, 0, 0, 0, 0, 0, 0, 0, 0, 2, 2, 2, 2, 2, 2, 0, 0, 0, 0, 0, 0, 0, 0, 0, 0, 0, 0, 0, 0, 0, 0, 0, 0, 0, 0, 2, 2, 2, 2, 2, 2, 0, 0, 0, 0, 0, 0, 0, 0, 0, 0, 0, 2, 2, 2, 2, 2, 2, 2, 2, 0, 0, 2, 2, 2, 2, 2, 2, 2, 2, 2, 2, 2, 2, 2, 2, 2, 2, 2, 2, 2, 2, 0, 0, 0, 0, 0, 0, 0, 0, 0, 0, 0, 2, 2, 0, 0, 0, 0]
0 B_0 81 0 0
2 B_1 83 0 1
4 B_2 87 0 2
3 B_3 90 0 3
1 B_4 91 0 4
4 B_5 95 0 5
2 B_6 97 0 6
3 B_7 100 0 7
3 B_8 103 0 8
1 B_9 104 0 9
4 B_10 108 0 10
2 A_0 110 1 11
1 B_11 111 0 12
3 B_12 114 0 13
1 B_13 115 0 14
1 B_14 116 0 15
2 B_15 118 0 16
1 B_16 119 0 17
2 B_17 121 0 18
4 A_1 125 0 19
4 A_2 129 0 20
1 A_3 130 0 21
3 A_4 133 0 22
2 A_5 135 0 23
1 A_6 136 0 24
2 A_7 138 0 25
3 A_8 141 0 26
2 A_9 143 0 27
2 A_10 145 0 28
1 A_11 146 0 29
4 B_18 150 0 30
3 B_19 153 0 31
2 B_20 155 0 32
1 B_21 156 0 33
4 B_22 160 0 34
2 B_23 162 0 35
3 A_12 165 0 36
4 A_13 169 0 37
3 A_14 172 0 38
2 A_15 174 0 39
3 A_16 177 0 40
3 A_17 180 0 41
3 A_18 183 0 42
4 A_19 187 0 43
1 A_20 188 0 44
1 A_21 189 0 45
2 A_22 191 0 46
1 A_23 192 0 47
2 A_24 194 0 48
3 A_25 197 0 49
1 A_26 198 0 50
4 A_27 202 0 51
2 A_28 204 0 52
3 A_29 207 0 53
2 A_30 209 0 54
3 A_31 212 0 55
4 B_24 216 0 56
3 B_25 219 0 57
1 B_26 220 0 58
1 B_27 221 0 59
1 B_28 222 0 60
2 B_29 224 0 61
3 A_32 227 0 62
3 A_33 230 0 63
1 A_34 231 0 64
3 A_35 234 0 65
2 A_36 236 0 66
3 A_37 239 0 67
1 A_38 240 0 68
3 A_39 243 0 69
3 A_40 246 0 70
3 A_41 249 0 71
1 A_42 250 0 72
6 B_30 256 0 73
2 B_31 258 0 74
3 B_32 261 0 75
1 B_33 262 0 76
2 B_34 264 0 77
3 B_35 267 0 78
1 B_36 268 0 79
1 B_37 269 0 80
3 A_43 272 0 81
1 A_44 273 0 82
6 B_38 279 0 83
1 B_39 280 0 84
3 B_40 283 0 85
1 B_41 284 0 86
3 B_42 287 0 87
3 B_43 290 0 88
2 B_44 292 0 89
2 B_45 294 0 90
3 B_46 297 0 91
2 B_47 299 0 92
4 B_48 303 0 93
4 B_49 307 0 94
3 B_50 310 0 95
4 B_51 314 0 96
2 B_52 316 0 97
4 B_53 320 0 98
1 B_54 321 0 99
3 B_55 324 0 100
1 B_56 325 0 101
1 B_57 326 0 102
3 A_45 329 0 103
4 A_46 333 0 104
3 A_47 336 0 105
3 A_48 339 0 106
3 A_49 342 0 107
3 A_50 345 0 108
2 A_51 347 0 109
4 A_52 351 0 110
4 A_53 355 0 111
3 A_54 358 0 112
2 A_55 360 0 113
6 B_58 366 0 114
1 B_59 367 0 115
3 A_56 370 0 116
4 A_57 374 0 117
4 A_58 378 0 118
4 A_59 382 0 119
dp: 382 164.88275000000004 0.18167400360107422
---------------------
in formation_2
pass
---------------------
in formation_3
pass
---------------------
in formation_4
pass
---------------------
in formation_5
pass
---------------------
in formation_6
pass
---------------------
in formation_7
pass
error in formulation  []
