3
0 A_0 84 0 0
5 B_0 89 0 1
2 B_1 91 0 2
4 B_2 95 0 3
3 B_3 98 0 4
1 B_4 99 0 5
3 A_1 102 0 6
4 B_5 106 0 7
2 B_6 108 0 8
3 B_7 111 0 9
3 B_8 114 0 10
1 B_9 115 0 11
4 B_10 119 0 12
4 B_11 123 0 13
3 B_12 126 0 14
1 B_13 127 0 15
1 B_14 128 0 16
2 B_15 130 0 17
1 B_16 131 0 18
2 B_17 133 0 19
4 B_18 137 0 20
3 B_19 140 0 21
2 B_20 142 0 22
1 B_21 143 0 23
3 A_2 146 0 24
1 A_3 147 0 25
3 B_22 150 0 26
2 B_23 152 0 27
3 A_4 155 0 28
2 A_5 157 0 29
1 A_6 158 0 30
2 A_7 160 0 31
3 A_8 163 0 32
2 A_9 165 0 33
2 A_10 167 0 34
1 A_11 168 0 35
4 A_12 172 0 36
4 A_13 176 0 37
3 A_14 179 0 38
2 A_15 181 0 39
3 A_16 184 0 40
3 A_17 187 0 41
3 A_18 190 0 42
4 A_19 194 0 43
1 A_20 195 0 44
1 A_21 196 0 45
2 A_22 198 0 46
1 A_23 199 0 47
2 A_24 201 0 48
3 A_25 204 0 49
1 A_26 205 0 50
4 A_27 209 0 51
2 A_28 211 0 52
3 A_29 214 0 53
2 A_30 216 0 54
3 A_31 219 0 55
4 B_24 223 0 56
3 B_25 226 0 57
1 B_26 227 0 58
1 B_27 228 0 59
1 B_28 229 0 60
2 B_29 231 0 61
3 A_32 234 0 62
3 A_33 237 0 63
1 A_34 238 0 64
3 A_35 241 0 65
2 A_36 243 0 66
3 A_37 246 0 67
1 A_38 247 0 68
3 B_30 250 0 69
2 B_31 252 0 70
3 B_32 255 0 71
1 B_33 256 0 72
2 B_34 258 0 73
3 B_35 261 0 74
1 B_36 262 0 75
1 B_37 263 0 76
3 B_38 266 0 77
1 B_39 267 0 78
3 A_39 270 0 79
3 A_40 273 0 80
3 A_41 276 0 81
1 A_42 277 0 82
4 A_43 281 0 83
1 A_44 282 0 84
3 B_40 285 0 85
1 B_41 286 0 86
3 B_42 289 0 87
3 B_43 292 0 88
2 B_44 294 0 89
2 B_45 296 0 90
3 B_46 299 0 91
2 B_47 301 0 92
4 B_48 305 0 93
4 B_49 309 0 94
3 B_50 312 0 95
4 B_51 316 0 96
2 B_52 318 0 97
3 A_45 321 0 98
4 A_46 325 0 99
3 A_47 328 0 100
3 A_48 331 0 101
3 A_49 334 0 102
3 A_50 337 0 103
2 A_51 339 0 104
4 B_53 343 0 105
1 B_54 344 0 106
3 B_55 347 0 107
1 B_56 348 0 108
1 B_57 349 0 109
3 A_52 352 0 110
3 B_58 355 0 111
1 B_59 356 0 112
4 A_53 360 0 113
3 A_54 363 0 114
2 A_55 365 0 115
4 A_56 369 0 116
4 A_57 373 0 117
4 A_58 377 0 118
4 A_59 381 0 119
nldp: 381 170.1910833333333 0.027565956115722656
---------------------
in formation_2
pass
---------------------
in formation_3
pass
---------------------
in formation_4
pass
---------------------
in formation_5
pass
---------------------
in formation_6
pass
---------------------
in formation_7
pass
error in formulation  []
