0
0 A_0 82 0 0
7 B_0 89 0 1
2 B_1 91 0 2
3 B_2 94 0 3
7 A_1 101 0 4
3 A_2 104 0 5
6 A_3 110 0 6
9 B_3 119 0 7
6 A_4 125 0 8
6 B_4 131 0 9
7 A_5 138 0 10
9 B_5 147 0 11
3 A_6 150 0 12
3 A_7 153 0 13
8 B_6 161 0 14
7 A_8 168 0 15
2 A_9 170 0 16
8 B_7 178 0 17
3 A_10 181 0 18
4 B_8 185 0 19
6 B_9 191 0 20
2 B_10 193 0 21
3 A_11 196 0 22
8 B_11 204 0 23
6 A_12 210 0 24
5 A_13 215 0 25
6 A_14 221 0 26
9 B_12 230 0 27
5 A_15 235 0 28
4 A_16 239 0 29
4 A_17 243 0 30
2 A_18 245 0 31
6 B_13 251 0 32
6 B_14 257 0 33
5 B_15 262 0 34
5 A_19 267 0 35
2 A_20 269 0 36
2 A_21 271 0 37
4 A_22 275 0 38
2 A_23 277 0 39
6 B_16 283 0 40
9 A_24 292 0 41
4 A_25 296 0 42
3 A_26 299 0 43
5 A_27 304 0 44
5 A_28 309 0 45
3 B_17 312 0 46
5 A_29 317 0 47
10 B_18 327 0 48
4 B_19 331 0 49
4 B_20 335 0 50
6 A_30 341 0 51
9 B_21 350 0 52
4 B_22 354 0 53
8 A_31 362 0 54
4 B_23 366 0 55
5 A_32 371 0 56
6 B_24 377 0 57
6 A_33 383 0 58
6 B_25 389 0 59
4 B_26 393 0 60
6 A_34 399 0 61
3 A_35 402 0 62
10 B_27 412 0 63
8 A_36 420 0 64
3 B_28 423 0 65
3 A_37 426 0 66
6 A_38 432 0 67
5 B_29 437 0 68
6 A_39 443 0 69
4 B_30 447 0 70
5 B_31 452 0 71
2 B_32 454 0 72
1 B_33 455 0 73
3 B_34 458 0 74
3 B_35 461 0 75
4 B_36 465 0 76
5 B_37 470 0 77
3 B_38 473 0 78
1 B_39 474 0 79
No lane change: 474
---------------------
in formation_2
pass
---------------------
in formation_3
pass
---------------------
in formation_4
pass
---------------------
in formation_5
pass
---------------------
in formation_6
pass
---------------------
in formation_7
pass
error in formulation  []
