1
0 A_0 81 0 0
2 B_0 83 1 1
4 B_1 87 1 2
4 A_1 91 0 3
2 A_2 93 0 4
2 B_2 95 1 5
3 A_3 98 1 6
4 B_3 102 0 7
2 A_4 104 1 8
3 B_4 107 1 9
2 A_5 109 0 10
2 A_6 111 0 11
1 B_5 112 1 12
2 A_7 114 0 13
4 B_6 118 1 14
4 A_8 122 0 15
3 B_7 125 1 16
1 B_8 126 1 17
3 A_9 129 0 18
1 B_9 130 1 19
3 B_10 133 1 20
3 B_11 136 1 21
4 A_10 140 0 22
3 B_12 143 0 23
3 A_11 146 1 24
1 A_12 147 1 25
1 A_13 148 1 26
4 B_13 152 0 27
3 A_14 155 1 28
3 B_14 158 1 29
1 A_15 159 0 30
2 B_15 161 1 31
4 A_16 165 0 32
4 B_16 169 1 33
3 A_17 172 1 34
3 B_17 175 0 35
4 A_18 179 1 36
2 A_19 181 1 37
2 B_18 183 0 38
3 B_19 186 0 39
4 B_20 190 0 40
3 A_20 193 1 41
3 A_21 196 1 42
3 B_21 199 1 43
3 A_22 202 0 44
3 B_22 205 0 45
4 A_23 209 1 46
2 A_24 211 1 47
2 B_23 213 0 48
4 B_24 217 0 49
4 B_25 221 0 50
3 A_25 224 1 51
3 B_26 227 0 52
4 A_26 231 1 53
3 B_27 234 0 54
2 A_27 236 1 55
2 B_28 238 0 56
3 B_29 241 0 57
2 A_28 243 1 58
3 A_29 246 1 59
1 A_30 247 1 60
2 A_31 249 1 61
1 B_30 250 0 62
4 A_32 254 1 63
2 B_31 256 0 64
4 A_33 260 1 65
1 A_34 261 1 66
1 B_32 262 0 67
3 A_35 265 1 68
2 B_33 267 0 69
2 A_36 269 1 70
2 B_34 271 0 71
2 A_37 273 1 72
4 B_35 277 0 73
3 A_38 280 0 74
2 A_39 282 0 75
2 B_36 284 1 76
2 B_37 286 1 77
1 B_38 287 1 78
3 B_39 290 1 79
greedy: 290 156.19625 0.0006909370422363281
---------------------
in formation_2
pass
---------------------
in formation_3
pass
---------------------
in formation_4
pass
---------------------
in formation_5
pass
---------------------
in formation_6
pass
---------------------
in formation_7
pass
error in formulation  []
