2
[2, 2, 0, 0, 0, 0, 0, 0, 0, 0, 0, 0, 0, 0, 0, 0, 0, 0, 0, 0, 0, 0, 0, 0, 2, 2, 2, 2, 2, 2, 2, 2, 2, 2, 2, 2, 2, 2, 2, 2, 2, 2, 2, 0, 0, 0, 0, 0, 0, 0, 0, 0, 0, 2, 2, 2, 0, 0, 0, 2, 2, 2, 2, 2, 2, 2, 2, 0, 0, 0, 0, 0, 2, 2, 2, 2, 2, 2, 2, 2]
0 B_0 81 0 0
4 B_1 85 0 1
3 A_0 88 0 2
4 A_1 92 0 3
2 A_2 94 0 4
2 A_3 96 0 5
3 A_4 99 0 6
2 A_5 101 0 7
2 A_6 103 0 8
1 A_7 104 0 9
3 A_8 107 0 10
2 A_9 109 0 11
4 A_10 113 0 12
1 A_11 114 0 13
1 A_12 115 0 14
1 A_13 116 0 15
2 A_14 118 0 16
1 A_15 119 0 17
4 A_16 123 0 18
3 A_17 126 0 19
2 A_18 128 0 20
2 A_19 130 0 21
1 A_20 131 0 22
3 A_21 134 0 23
5 B_2 139 0 24
1 B_3 140 0 25
2 B_4 142 0 26
2 B_5 144 0 27
1 B_6 145 0 28
3 B_7 148 0 29
1 B_8 149 0 30
1 B_9 150 0 31
3 B_10 153 0 32
3 B_11 156 0 33
1 B_12 157 0 34
2 B_13 159 0 35
3 B_14 162 0 36
1 B_15 163 0 37
4 B_16 167 0 38
3 B_17 170 0 39
1 B_18 171 0 40
3 B_19 174 0 41
4 B_20 178 0 42
3 A_22 181 0 43
4 A_23 185 0 44
2 A_24 187 0 45
3 A_25 190 0 46
2 A_26 192 0 47
2 A_27 194 0 48
1 A_28 195 0 49
3 A_29 198 0 50
1 A_30 199 0 51
2 A_31 201 0 52
3 B_21 204 0 53
2 B_22 206 0 54
1 B_23 207 0 55
3 A_32 210 0 56
2 A_33 212 0 57
1 A_34 213 0 58
7 B_24 220 0 59
4 B_25 224 0 60
4 B_26 228 0 61
3 B_27 231 0 62
4 B_28 235 0 63
3 B_29 238 0 64
2 B_30 240 0 65
1 B_31 241 0 66
3 A_35 244 0 67
1 A_36 245 0 68
2 A_37 247 0 69
2 A_38 249 0 70
2 A_39 251 0 71
4 B_32 255 0 72
1 B_33 256 0 73
2 B_34 258 0 74
1 B_35 259 0 75
2 B_36 261 0 76
2 B_37 263 0 77
1 B_38 264 0 78
3 B_39 267 0 79
dp: 267 142.09625 0.06607675552368164
---------------------
in formation_2
pass
---------------------
in formation_3
pass
---------------------
in formation_4
pass
---------------------
in formation_5
pass
---------------------
in formation_6
pass
---------------------
in formation_7
pass
error in formulation  []
