3
0 A_0 81 0 0
4 B_0 85 0 1
4 B_1 89 0 2
3 B_2 92 0 3
1 B_3 93 0 4
2 B_4 95 0 5
2 B_5 97 0 6
1 B_6 98 0 7
3 B_7 101 0 8
1 B_8 102 0 9
1 B_9 103 0 10
3 B_10 106 0 11
3 B_11 109 0 12
1 B_12 110 0 13
2 B_13 112 0 14
3 B_14 115 0 15
1 B_15 116 0 16
4 B_16 120 0 17
3 B_17 123 0 18
1 B_18 124 0 19
3 B_19 127 0 20
4 B_20 131 0 21
4 B_21 135 0 22
2 B_22 137 0 23
1 B_23 138 0 24
4 A_1 142 0 25
2 A_2 144 0 26
2 A_3 146 0 27
3 A_4 149 0 28
2 A_5 151 0 29
2 A_6 153 0 30
1 A_7 154 0 31
3 A_8 157 0 32
2 A_9 159 0 33
3 B_24 162 0 34
4 B_25 166 0 35
3 A_10 169 0 36
1 A_11 170 0 37
1 A_12 171 0 38
1 A_13 172 0 39
2 A_14 174 0 40
1 A_15 175 0 41
4 A_16 179 0 42
3 B_26 182 0 43
3 B_27 185 0 44
3 A_17 188 0 45
2 A_18 190 0 46
2 A_19 192 0 47
1 A_20 193 0 48
3 A_21 196 0 49
4 A_22 200 0 50
4 A_23 204 0 51
2 A_24 206 0 52
3 A_25 209 0 53
2 A_26 211 0 54
2 A_27 213 0 55
1 A_28 214 0 56
3 A_29 217 0 57
1 A_30 218 0 58
2 A_31 220 0 59
4 A_32 224 0 60
2 A_33 226 0 61
1 A_34 227 0 62
3 A_35 230 0 63
1 A_36 231 0 64
2 A_37 233 0 65
2 A_38 235 0 66
2 A_39 237 0 67
3 B_28 240 0 68
3 B_29 243 0 69
2 B_30 245 0 70
1 B_31 246 0 71
4 B_32 250 0 72
1 B_33 251 0 73
2 B_34 253 0 74
1 B_35 254 0 75
2 B_36 256 0 76
2 B_37 258 0 77
1 B_38 259 0 78
3 B_39 262 0 79
nldp: 262 141.93374999999997 0.011236190795898438
---------------------
in formation_2
pass
---------------------
in formation_3
pass
---------------------
in formation_4
pass
---------------------
in formation_5
pass
---------------------
in formation_6
pass
---------------------
in formation_7
pass
error in formulation  []
