0
0 B_0 81 0 0
5 A_0 86 0 1
2 A_1 88 0 2
6 B_1 94 0 3
6 A_2 100 0 4
1 A_3 101 0 5
5 B_2 106 0 6
4 B_3 110 0 7
5 A_4 115 0 8
5 B_4 120 0 9
4 B_5 124 0 10
1 B_6 125 0 11
4 B_7 129 0 12
4 A_5 133 0 13
7 B_8 140 0 14
1 B_9 141 0 15
5 A_6 146 0 16
1 A_7 147 0 17
2 A_8 149 0 18
1 A_9 150 0 19
5 B_10 155 0 20
7 A_10 162 0 21
7 B_11 169 0 22
4 A_11 173 0 23
4 B_12 177 0 24
7 A_12 184 0 25
6 B_13 190 0 26
6 A_13 196 0 27
7 B_14 203 0 28
3 A_14 206 0 29
6 B_15 212 0 30
4 B_16 216 0 31
3 B_17 219 0 32
7 A_15 226 0 33
4 B_18 230 0 34
5 A_16 235 0 35
3 B_19 238 0 36
5 A_17 243 0 37
4 B_20 247 0 38
6 A_18 253 0 39
4 A_19 257 0 40
4 A_20 261 0 41
5 B_21 266 0 42
5 A_21 271 0 43
5 B_22 276 0 44
7 A_22 283 0 45
7 B_23 290 0 46
5 A_23 295 0 47
4 B_24 299 0 48
3 A_24 302 0 49
2 A_25 304 0 50
3 A_26 307 0 51
5 B_25 312 0 52
6 A_27 318 0 53
1 A_28 319 0 54
5 B_26 324 0 55
6 A_29 330 0 56
4 B_27 334 0 57
1 B_28 335 0 58
6 A_30 341 0 59
6 B_29 347 0 60
4 A_31 351 0 61
7 B_30 358 0 62
4 A_32 362 0 63
4 B_31 366 0 64
4 A_33 370 0 65
2 A_34 372 0 66
4 B_32 376 0 67
5 A_35 381 0 68
5 B_33 386 0 69
6 A_36 392 0 70
4 B_34 396 0 71
4 A_37 400 0 72
5 B_35 405 0 73
5 A_38 410 0 74
5 B_36 415 0 75
4 B_37 419 0 76
1 B_38 420 0 77
5 A_39 425 0 78
5 B_39 430 0 79
5 A_40 435 0 80
1 A_41 436 0 81
4 B_40 440 0 82
4 A_42 444 0 83
5 B_41 449 0 84
3 A_43 452 0 85
4 B_42 456 0 86
5 A_44 461 0 87
6 B_43 467 0 88
6 A_45 473 0 89
5 B_44 478 0 90
3 A_46 481 0 91
5 B_45 486 0 92
4 A_47 490 0 93
3 B_46 493 0 94
5 A_48 498 0 95
6 B_47 504 0 96
7 A_49 511 0 97
4 B_48 515 0 98
7 A_50 522 0 99
4 A_51 526 0 100
1 A_52 527 0 101
5 B_49 532 0 102
3 B_50 535 0 103
3 B_51 538 0 104
5 A_53 543 0 105
4 B_52 547 0 106
4 A_54 551 0 107
3 B_53 554 0 108
6 A_55 560 0 109
4 A_56 564 0 110
6 B_54 570 0 111
4 A_57 574 0 112
5 B_55 579 0 113
1 B_56 580 0 114
3 B_57 583 0 115
5 A_58 588 0 116
6 B_58 594 0 117
2 B_59 596 0 118
6 A_59 602 0 119
No lane change: 602 292.04916666666657 0.00021505355834960938
---------------------
in formation_2
pass
---------------------
in formation_3
pass
---------------------
in formation_4
pass
---------------------
in formation_5
pass
---------------------
in formation_6
pass
---------------------
in formation_7
pass
error in formulation  []
