1
0 B_0 81 0 0
3 A_0 84 1 1
2 A_1 86 1 2
4 B_1 90 0 3
4 A_2 94 1 4
1 A_3 95 1 5
2 B_2 97 0 6
4 B_3 101 0 7
2 A_4 103 1 8
3 B_4 106 0 9
4 B_5 110 0 10
1 B_6 111 0 11
4 B_7 115 0 12
1 A_5 116 1 13
4 B_8 120 0 14
1 B_9 121 0 15
3 A_6 124 1 16
1 A_7 125 1 17
2 A_8 127 1 18
1 A_9 128 1 19
2 B_10 130 0 20
4 A_10 134 1 21
4 B_11 138 0 22
1 A_11 139 1 23
1 B_12 140 0 24
4 A_12 144 1 25
3 B_13 147 0 26
3 A_13 150 1 27
4 B_14 154 0 28
3 A_14 157 0 29
3 B_15 160 1 30
4 B_16 164 1 31
3 B_17 167 1 32
4 A_15 171 0 33
1 B_18 172 1 34
2 A_16 174 0 35
3 B_19 177 0 36
3 A_17 180 1 37
1 B_20 181 0 38
3 A_18 184 1 39
4 A_19 188 1 40
4 A_20 192 1 41
2 B_21 194 0 42
2 A_21 196 1 43
2 B_22 198 0 44
4 A_22 202 1 45
4 B_23 206 0 46
2 A_23 208 1 47
2 B_24 210 0 48
3 A_24 213 0 49
2 A_25 215 0 50
3 A_26 218 0 51
3 B_25 221 1 52
4 A_27 225 0 53
1 A_28 226 0 54
2 B_26 228 1 55
3 A_29 231 0 56
2 B_27 233 1 57
1 B_28 234 1 58
3 A_30 237 0 59
4 B_29 241 1 60
2 A_31 243 0 61
4 B_30 247 1 62
2 A_32 249 0 63
1 B_31 250 1 64
2 A_33 252 0 65
2 A_34 254 0 66
2 B_32 256 1 67
3 A_35 259 0 68
2 B_33 261 1 69
3 A_36 264 0 70
1 B_34 265 1 71
1 A_37 266 0 72
3 B_35 269 1 73
2 A_38 271 0 74
2 B_36 273 1 75
4 B_37 277 1 76
1 B_38 278 1 77
2 A_39 280 0 78
2 B_39 282 1 79
2 A_40 284 0 80
1 A_41 285 0 81
1 B_40 286 1 82
2 A_42 288 0 83
3 B_41 291 1 84
3 A_43 294 1 85
1 B_42 295 0 86
3 A_44 298 1 87
4 B_43 302 0 88
3 A_45 305 1 89
2 B_44 307 0 90
3 A_46 310 0 91
3 B_45 313 1 92
2 A_47 315 0 93
3 B_46 318 0 94
2 A_48 320 1 95
3 B_47 323 0 96
4 A_49 327 1 97
1 B_48 328 0 98
4 A_50 332 1 99
4 A_51 336 1 100
1 A_52 337 1 101
2 B_49 339 0 102
3 B_50 342 0 103
3 B_51 345 0 104
2 A_53 347 1 105
1 B_52 348 0 106
2 A_54 350 1 107
3 B_53 353 1 108
4 A_55 357 0 109
4 A_56 361 0 110
4 B_54 365 1 111
2 A_57 367 0 112
3 B_55 370 1 113
1 B_56 371 1 114
3 B_57 374 1 115
2 A_58 376 0 116
3 B_58 379 1 117
2 B_59 381 1 118
4 A_59 385 0 119
greedy: 385 184.17416666666665 0.0006341934204101562
---------------------
in formation_2
pass
---------------------
in formation_3
pass
---------------------
in formation_4
pass
---------------------
in formation_5
pass
---------------------
in formation_6
pass
---------------------
in formation_7
pass
error in formulation  []
