2
[2, 2, 2, 0, 0, 0, 0, 0, 0, 2, 2, 2, 2, 2, 2, 2, 2, 2, 2, 2, 2, 0, 0, 0, 0, 0, 0, 0, 0, 0, 2, 0, 0, 0, 0, 2, 2, 2, 2, 2, 2, 2, 2, 2, 2, 2, 2, 2, 2, 2, 2, 2, 2, 2, 2, 2, 2, 2, 2, 2, 2, 2, 1, 2, 0, 0, 0, 0, 0, 0, 0, 0, 0, 0, 0, 0, 0, 0, 0, 0, 0, 0, 0, 0, 0, 0, 0, 0, 0, 0, 0, 0, 0, 0, 0, 2, 2, 2, 2, 0, 0, 0, 0, 0, 0, 0, 0, 2, 2, 2, 2, 2, 2, 2, 0, 2, 2, 2, 2, 2]
0 B_0 81 0 0
3 B_1 84 0 1
3 B_2 87 0 2
3 A_0 90 0 3
2 A_1 92 0 4
4 A_2 96 0 5
1 A_3 97 0 6
2 A_4 99 0 7
3 A_5 102 0 8
5 B_3 107 0 9
2 B_4 109 0 10
4 B_5 113 0 11
1 B_6 114 0 12
4 B_7 118 0 13
3 B_8 121 0 14
1 B_9 122 0 15
3 B_10 125 0 16
1 B_11 126 0 17
4 B_12 130 0 18
3 B_13 133 0 19
2 B_14 135 0 20
3 A_6 138 0 21
1 A_7 139 0 22
2 A_8 141 0 23
1 A_9 142 0 24
3 A_10 145 0 25
3 A_11 148 0 26
3 A_12 151 0 27
2 A_13 153 0 28
4 A_14 157 0 29
6 B_15 163 0 30
3 A_15 166 0 31
2 A_16 168 0 32
2 A_17 170 0 33
3 A_18 173 0 34
5 B_16 178 0 35
3 B_17 181 0 36
4 B_18 185 0 37
3 B_19 188 0 38
1 B_20 189 0 39
1 B_21 190 0 40
3 B_22 193 0 41
4 B_23 197 0 42
1 B_24 198 0 43
3 B_25 201 0 44
2 B_26 203 0 45
4 B_27 207 0 46
1 B_28 208 0 47
3 B_29 211 0 48
3 B_30 214 0 49
4 B_31 218 0 50
3 B_32 221 0 51
4 B_33 225 0 52
3 B_34 228 0 53
2 B_35 230 0 54
1 B_36 231 0 55
4 B_37 235 0 56
1 B_38 236 0 57
2 B_39 238 0 58
4 B_40 242 0 59
3 B_41 245 0 60
2 B_42 247 0 61
2 A_19 249 1 62
4 B_43 253 0 63
3 A_20 256 0 64
4 A_21 260 0 65
4 A_22 264 0 66
2 A_23 266 0 67
3 A_24 269 0 68
2 A_25 271 0 69
3 A_26 274 0 70
1 A_27 275 0 71
1 A_28 276 0 72
4 A_29 280 0 73
1 A_30 281 0 74
2 A_31 283 0 75
1 A_32 284 0 76
3 A_33 287 0 77
2 A_34 289 0 78
2 A_35 291 0 79
2 A_36 293 0 80
1 A_37 294 0 81
1 A_38 295 0 82
4 A_39 299 0 83
1 A_40 300 0 84
1 A_41 301 0 85
3 A_42 304 0 86
3 A_43 307 0 87
2 A_44 309 0 88
3 A_45 312 0 89
2 A_46 314 0 90
4 A_47 318 0 91
2 A_48 320 0 92
4 A_49 324 0 93
3 A_50 327 0 94
5 B_44 332 0 95
3 B_45 335 0 96
3 B_46 338 0 97
2 B_47 340 0 98
3 A_51 343 0 99
1 A_52 344 0 100
1 A_53 345 0 101
2 A_54 347 0 102
2 A_55 349 0 103
4 A_56 353 0 104
2 A_57 355 0 105
3 A_58 358 0 106
6 B_48 364 0 107
1 B_49 365 0 108
3 B_50 368 0 109
3 B_51 371 0 110
1 B_52 372 0 111
2 B_53 374 0 112
4 B_54 378 0 113
3 A_59 381 0 114
3 B_55 384 0 115
1 B_56 385 0 116
3 B_57 388 0 117
3 B_58 391 0 118
2 B_59 393 0 119
dp: 393 189.49916666666667 0.11043500900268555
---------------------
in formation_2
pass
---------------------
in formation_3
pass
---------------------
in formation_4
pass
---------------------
in formation_5
pass
---------------------
in formation_6
pass
---------------------
in formation_7
pass
error in formulation  []
