3
0 A_0 81 0 0
2 A_1 83 0 1
4 A_2 87 0 2
1 A_3 88 0 3
6 A_4 94 0 4
6 B_0 100 0 5
5 B_1 105 0 6
5 A_5 110 0 7
3 A_6 113 0 8
2 A_7 115 0 9
2 A_8 117 0 10
1 A_9 118 0 11
1 A_10 119 0 12
5 A_11 124 0 13
4 B_2 128 0 14
3 A_12 131 0 15
4 A_13 135 0 16
1 A_14 136 0 17
2 A_15 138 0 18
5 A_16 143 0 19
2 A_17 145 0 20
6 A_18 151 0 21
1 A_19 152 0 22
1 A_20 153 0 23
1 A_21 154 0 24
4 B_3 158 0 25
6 B_4 164 0 26
2 B_5 166 0 27
3 A_22 169 0 28
3 A_23 172 0 29
4 B_6 176 0 30
1 B_7 177 0 31
3 B_8 180 0 32
2 B_9 182 0 33
1 B_10 183 0 34
4 B_11 187 0 35
7 A_24 194 0 36
5 A_25 199 0 37
3 A_26 202 0 38
4 A_27 206 0 39
3 B_12 209 0 40
6 B_13 215 0 41
3 B_14 218 0 42
2 B_15 220 0 43
4 B_16 224 0 44
2 B_17 226 0 45
3 B_18 229 0 46
4 A_28 233 0 47
4 B_19 237 0 48
3 A_29 240 0 49
3 B_20 243 0 50
5 B_21 248 0 51
2 B_22 250 0 52
5 B_23 255 0 53
3 A_30 258 0 54
1 A_31 259 0 55
5 A_32 264 0 56
4 A_33 268 0 57
1 A_34 269 0 58
6 A_35 275 0 59
1 A_36 276 0 60
4 B_24 280 0 61
5 A_37 285 0 62
4 B_25 289 0 63
6 B_26 295 0 64
1 B_27 296 0 65
5 B_28 301 0 66
3 B_29 304 0 67
4 B_30 308 0 68
3 A_38 311 0 69
3 A_39 314 0 70
5 B_31 319 0 71
4 A_40 323 0 72
3 A_41 326 0 73
3 A_42 329 0 74
2 A_43 331 0 75
1 A_44 332 0 76
2 A_45 334 0 77
2 A_46 336 0 78
3 B_32 339 0 79
1 B_33 340 0 80
4 A_47 344 0 81
3 A_48 347 0 82
3 B_34 350 0 83
1 B_35 351 0 84
3 B_36 354 0 85
3 B_37 357 0 86
6 B_38 363 0 87
1 B_39 364 0 88
6 B_40 370 0 89
3 B_41 373 0 90
5 A_49 378 0 91
4 A_50 382 0 92
1 A_51 383 0 93
4 A_52 387 0 94
4 B_42 391 0 95
5 B_43 396 0 96
3 A_53 399 0 97
5 A_54 404 0 98
5 A_55 409 0 99
4 B_44 413 0 100
4 B_45 417 0 101
4 A_56 421 0 102
3 A_57 424 0 103
1 A_58 425 0 104
2 A_59 427 0 105
5 B_46 432 0 106
5 B_47 437 0 107
5 B_48 442 0 108
1 B_49 443 0 109
1 B_50 444 0 110
4 B_51 448 0 111
3 B_52 451 0 112
5 B_53 456 0 113
1 B_54 457 0 114
4 B_55 461 0 115
2 B_56 463 0 116
2 B_57 465 0 117
1 B_58 466 0 118
2 B_59 468 0 119
nldp: 468
---------------------
in formation_2
pass
---------------------
in formation_3
pass
---------------------
in formation_4
pass
---------------------
in formation_5
pass
---------------------
in formation_6
pass
---------------------
in formation_7
pass
error in formulation  []
