0
0 B_0 83 0 0
3 B_1 86 0 1
5 A_0 91 0 2
4 B_2 95 0 3
2 B_3 97 0 4
5 A_1 102 0 5
3 A_2 105 0 6
6 B_4 111 0 7
2 B_5 113 0 8
6 A_3 119 0 9
6 B_6 125 0 10
2 B_7 127 0 11
6 A_4 133 0 12
6 B_8 139 0 13
4 B_9 143 0 14
4 A_5 147 0 15
5 B_10 152 0 16
7 A_6 159 0 17
6 B_11 165 0 18
6 A_7 171 0 19
7 B_12 178 0 20
4 A_8 182 0 21
5 B_13 187 0 22
3 A_9 190 0 23
5 B_14 195 0 24
5 A_10 200 0 25
4 A_11 204 0 26
4 B_15 208 0 27
4 B_16 212 0 28
7 A_12 219 0 29
5 B_17 224 0 30
3 B_18 227 0 31
4 A_13 231 0 32
6 B_19 237 0 33
4 B_20 241 0 34
6 A_14 247 0 35
7 B_21 254 0 36
2 B_22 256 0 37
4 A_15 260 0 38
3 B_23 263 0 39
2 B_24 265 0 40
5 A_16 270 0 41
1 A_17 271 0 42
7 B_25 278 0 43
2 B_26 280 0 44
3 B_27 283 0 45
3 B_28 286 0 46
6 A_18 292 0 47
6 B_29 298 0 48
3 A_19 301 0 49
7 B_30 308 0 50
2 B_31 310 0 51
3 A_20 313 0 52
1 A_21 314 0 53
1 A_22 315 0 54
7 B_32 322 0 55
3 B_33 325 0 56
1 B_34 326 0 57
3 B_35 329 0 58
6 A_23 335 0 59
5 B_36 340 0 60
5 A_24 345 0 61
2 A_25 347 0 62
4 B_37 351 0 63
5 A_26 356 0 64
2 A_27 358 0 65
6 B_38 364 0 66
5 A_28 369 0 67
2 A_29 371 0 68
5 B_39 376 0 69
2 B_40 378 0 70
5 A_30 383 0 71
5 B_41 388 0 72
5 A_31 393 0 73
1 A_32 394 0 74
6 B_42 400 0 75
1 B_43 401 0 76
3 A_33 404 0 77
5 B_44 409 0 78
6 A_34 415 0 79
6 B_45 421 0 80
1 B_46 422 0 81
4 A_35 426 0 82
2 A_36 428 0 83
6 B_47 434 0 84
3 A_37 437 0 85
1 A_38 438 0 86
2 A_39 440 0 87
4 A_40 444 0 88
3 A_41 447 0 89
4 B_48 451 0 90
4 A_42 455 0 91
3 A_43 458 0 92
1 A_44 459 0 93
4 A_45 463 0 94
1 A_46 464 0 95
3 A_47 467 0 96
4 B_49 471 0 97
5 A_48 476 0 98
4 B_50 480 0 99
3 A_49 483 0 100
5 B_51 488 0 101
4 A_50 492 0 102
4 A_51 496 0 103
1 A_52 497 0 104
6 B_52 503 0 105
5 A_53 508 0 106
4 A_54 512 0 107
5 B_53 517 0 108
5 A_55 522 0 109
1 A_56 523 0 110
1 A_57 524 0 111
3 B_54 527 0 112
4 B_55 531 0 113
3 B_56 534 0 114
5 A_58 539 0 115
2 A_59 541 0 116
4 B_57 545 0 117
2 B_58 547 0 118
2 B_59 549 0 119
No lane change: 549 248.89458333333332 0.0004019737243652344
---------------------
in formation_2
pass
---------------------
in formation_3
pass
---------------------
in formation_4
pass
---------------------
in formation_5
pass
---------------------
in formation_6
pass
---------------------
in formation_7
pass
error in formulation  []
