1
0 B_0 83 0 0
3 B_1 86 0 1
2 A_0 88 1 2
2 B_2 90 0 3
2 B_3 92 0 4
3 A_1 95 1 5
3 A_2 98 1 6
4 B_4 102 0 7
2 B_5 104 0 8
4 A_3 108 1 9
4 B_6 112 0 10
2 B_7 114 0 11
4 A_4 118 1 12
4 B_8 122 0 13
4 B_9 126 0 14
2 A_5 128 1 15
2 B_10 130 0 16
4 A_6 134 1 17
4 B_11 138 0 18
3 A_7 141 1 19
4 B_12 145 0 20
2 A_8 147 1 21
3 B_13 150 0 22
3 A_9 153 0 23
3 B_14 156 1 24
3 A_10 159 0 25
4 A_11 163 0 26
1 B_15 164 1 27
4 B_16 168 1 28
4 A_12 172 0 29
2 B_17 174 1 30
3 B_18 177 1 31
1 A_13 178 0 32
4 B_19 182 1 33
4 B_20 186 1 34
3 A_14 189 0 35
4 B_21 193 1 36
2 B_22 195 1 37
1 A_15 196 0 38
3 B_23 199 0 39
2 B_24 201 0 40
2 A_16 203 1 41
1 A_17 204 1 42
4 B_25 208 0 43
2 B_26 210 0 44
3 B_27 213 0 45
3 B_28 216 0 46
3 A_18 219 1 47
4 B_29 223 0 48
3 A_19 226 0 49
4 B_30 230 1 50
2 B_31 232 1 51
3 A_20 235 1 52
1 A_21 236 1 53
1 A_22 237 1 54
4 B_32 241 0 55
3 B_33 244 0 56
1 B_34 245 0 57
3 B_35 248 0 58
4 A_23 252 1 59
2 B_36 254 0 60
3 A_24 257 1 61
2 A_25 259 1 62
2 B_37 261 0 63
2 A_26 263 1 64
2 A_27 265 1 65
4 B_38 269 0 66
2 A_28 271 1 67
2 A_29 273 1 68
3 B_39 276 0 69
2 B_40 278 0 70
2 A_30 280 1 71
3 B_41 283 0 72
3 A_31 286 1 73
1 A_32 287 1 74
4 B_42 291 0 75
1 B_43 292 0 76
3 A_33 295 0 77
2 B_44 297 1 78
4 A_34 301 0 79
3 B_45 304 1 80
1 B_46 305 1 81
2 A_35 307 0 82
2 A_36 309 0 83
3 B_47 312 1 84
3 A_37 315 1 85
1 A_38 316 1 86
2 A_39 318 1 87
4 A_40 322 1 88
3 A_41 325 1 89
2 B_48 327 0 90
1 A_42 328 1 91
3 A_43 331 1 92
1 A_44 332 1 93
4 A_45 336 1 94
1 A_46 337 1 95
3 A_47 340 1 96
2 B_49 342 0 97
3 A_48 345 1 98
1 B_50 346 0 99
3 A_49 349 0 100
3 B_51 352 1 101
1 A_50 353 0 102
4 A_51 357 0 103
1 A_52 358 0 104
3 B_52 361 1 105
2 A_53 363 0 106
4 A_54 367 0 107
3 B_53 370 1 108
2 A_55 372 0 109
1 A_56 373 0 110
1 A_57 374 0 111
3 B_54 377 0 112
4 B_55 381 0 113
3 B_56 384 0 114
2 A_58 386 1 115
2 A_59 388 1 116
2 B_57 390 0 117
2 B_58 392 0 118
2 B_59 394 0 119
greedy: 394 164.3445833333333 0.0006041526794433594
---------------------
in formation_2
pass
---------------------
in formation_3
pass
---------------------
in formation_4
pass
---------------------
in formation_5
pass
---------------------
in formation_6
pass
---------------------
in formation_7
pass
error in formulation  []
