2
[2, 2, 2, 0, 0, 0, 0, 2, 2, 2, 2, 2, 2, 2, 2, 2, 2, 2, 0, 0, 0, 0, 0, 0, 2, 2, 2, 0, 2, 0, 0, 0, 2, 2, 2, 2, 2, 2, 0, 0, 2, 2, 2, 2, 2, 2, 2, 2, 2, 0, 0, 0, 0, 0, 0, 0, 0, 0, 0, 0, 0, 0, 0, 0, 0, 0, 0, 0, 0, 0, 0, 0, 0, 0, 0, 0, 0, 0, 2, 2, 2, 2, 2, 2, 2, 2, 2, 2, 2, 2, 2, 2, 2, 2, 0, 0, 0, 0, 0, 0, 0, 0, 0, 2, 2, 2, 2, 2, 2, 2, 2, 2, 2, 2, 0, 0, 0, 0, 0, 0]
0 B_0 83 0 0
3 B_1 86 0 1
3 B_2 89 0 2
4 A_0 93 0 3
4 A_1 97 0 4
3 A_2 100 0 5
2 A_3 102 0 6
4 B_3 106 0 7
1 B_4 107 0 8
2 B_5 109 0 9
1 B_6 110 0 10
2 B_7 112 0 11
4 B_8 116 0 12
4 B_9 120 0 13
4 B_10 124 0 14
2 B_11 126 0 15
3 B_12 129 0 16
4 B_13 133 0 17
3 A_4 136 0 18
1 A_5 137 0 19
2 A_6 139 0 20
4 A_7 143 0 21
2 A_8 145 0 22
1 A_9 146 0 23
5 B_14 151 0 24
1 B_15 152 0 25
4 B_16 156 0 26
3 A_10 159 0 27
5 B_17 164 0 28
3 A_11 167 0 29
2 A_12 169 0 30
2 A_13 171 0 31
4 B_18 175 0 32
4 B_19 179 0 33
4 B_20 183 0 34
3 B_21 186 0 35
2 B_22 188 0 36
4 B_23 192 0 37
3 A_14 195 0 38
2 A_15 197 0 39
4 B_24 201 0 40
3 B_25 204 0 41
2 B_26 206 0 42
3 B_27 209 0 43
3 B_28 212 0 44
4 B_29 216 0 45
3 B_30 219 0 46
2 B_31 221 0 47
2 B_32 223 0 48
3 A_16 226 0 49
1 A_17 227 0 50
1 A_18 228 0 51
4 A_19 232 0 52
3 A_20 235 0 53
1 A_21 236 0 54
1 A_22 237 0 55
1 A_23 238 0 56
1 A_24 239 0 57
2 A_25 241 0 58
3 A_26 244 0 59
2 A_27 246 0 60
2 A_28 248 0 61
2 A_29 250 0 62
3 A_30 253 0 63
1 A_31 254 0 64
1 A_32 255 0 65
4 A_33 259 0 66
3 A_34 262 0 67
2 A_35 264 0 68
2 A_36 266 0 69
2 A_37 268 0 70
1 A_38 269 0 71
2 A_39 271 0 72
4 A_40 275 0 73
3 A_41 278 0 74
4 A_42 282 0 75
3 A_43 285 0 76
1 A_44 286 0 77
7 B_33 293 0 78
1 B_34 294 0 79
3 B_35 297 0 80
1 B_36 298 0 81
2 B_37 300 0 82
4 B_38 304 0 83
1 B_39 305 0 84
2 B_40 307 0 85
4 B_41 311 0 86
3 B_42 314 0 87
1 B_43 315 0 88
1 B_44 316 0 89
1 B_45 317 0 90
1 B_46 318 0 91
2 B_47 320 0 92
3 B_48 323 0 93
3 A_45 326 0 94
1 A_46 327 0 95
3 A_47 330 0 96
4 A_48 334 0 97
3 A_49 337 0 98
3 A_50 340 0 99
4 A_51 344 0 100
1 A_52 345 0 101
2 A_53 347 0 102
6 B_49 353 0 103
3 B_50 356 0 104
4 B_51 360 0 105
4 B_52 364 0 106
4 B_53 368 0 107
2 B_54 370 0 108
4 B_55 374 0 109
3 B_56 377 0 110
3 B_57 380 0 111
2 B_58 382 0 112
2 B_59 384 0 113
3 A_54 387 0 114
3 A_55 390 0 115
1 A_56 391 0 116
1 A_57 392 0 117
3 A_58 395 0 118
2 A_59 397 0 119
dp: 397 160.71958333333322 0.10224699974060059
---------------------
in formation_2
pass
---------------------
in formation_3
pass
---------------------
in formation_4
pass
---------------------
in formation_5
pass
---------------------
in formation_6
pass
---------------------
in formation_7
pass
error in formulation  []
