3
0 A_0 85 0 0
4 B_0 89 0 1
3 B_1 92 0 2
3 B_2 95 0 3
5 A_1 100 0 4
3 A_2 103 0 5
3 B_3 106 0 6
1 B_4 107 0 7
2 B_5 109 0 8
1 B_6 110 0 9
2 B_7 112 0 10
4 B_8 116 0 11
4 B_9 120 0 12
4 B_10 124 0 13
2 B_11 126 0 14
3 B_12 129 0 15
4 B_13 133 0 16
4 B_14 137 0 17
1 B_15 138 0 18
3 A_3 141 0 19
4 A_4 145 0 20
1 A_5 146 0 21
2 A_6 148 0 22
4 A_7 152 0 23
2 A_8 154 0 24
1 A_9 155 0 25
4 A_10 159 0 26
3 B_16 162 0 27
3 B_17 165 0 28
3 B_18 168 0 29
4 B_19 172 0 30
4 B_20 176 0 31
3 B_21 179 0 32
2 B_22 181 0 33
3 A_11 184 0 34
2 A_12 186 0 35
2 A_13 188 0 36
4 A_14 192 0 37
2 A_15 194 0 38
3 B_23 197 0 39
2 B_24 199 0 40
3 B_25 202 0 41
2 B_26 204 0 42
3 B_27 207 0 43
3 B_28 210 0 44
4 B_29 214 0 45
3 B_30 217 0 46
2 B_31 219 0 47
2 B_32 221 0 48
3 A_16 224 0 49
1 A_17 225 0 50
1 A_18 226 0 51
4 A_19 230 0 52
3 A_20 233 0 53
1 A_21 234 0 54
1 A_22 235 0 55
1 A_23 236 0 56
1 A_24 237 0 57
2 A_25 239 0 58
3 A_26 242 0 59
2 A_27 244 0 60
2 A_28 246 0 61
2 A_29 248 0 62
3 A_30 251 0 63
1 A_31 252 0 64
1 A_32 253 0 65
4 A_33 257 0 66
3 B_33 260 0 67
1 B_34 261 0 68
3 A_34 264 0 69
2 A_35 266 0 70
2 A_36 268 0 71
2 A_37 270 0 72
1 A_38 271 0 73
2 A_39 273 0 74
3 B_35 276 0 75
1 B_36 277 0 76
2 B_37 279 0 77
4 B_38 283 0 78
1 B_39 284 0 79
2 B_40 286 0 80
3 A_40 289 0 81
3 B_41 292 0 82
3 B_42 295 0 83
1 B_43 296 0 84
1 B_44 297 0 85
1 B_45 298 0 86
1 B_46 299 0 87
2 B_47 301 0 88
3 B_48 304 0 89
4 A_41 308 0 90
4 B_49 312 0 91
3 B_50 315 0 92
4 A_42 319 0 93
3 A_43 322 0 94
1 A_44 323 0 95
3 B_51 326 0 96
4 B_52 330 0 97
4 A_45 334 0 98
1 A_46 335 0 99
3 A_47 338 0 100
3 B_53 341 0 101
2 B_54 343 0 102
4 A_48 347 0 103
3 A_49 350 0 104
3 A_50 353 0 105
3 B_55 356 0 106
3 B_56 359 0 107
3 A_51 362 0 108
1 A_52 363 0 109
2 A_53 365 0 110
3 B_57 368 0 111
2 B_58 370 0 112
2 B_59 372 0 113
3 A_54 375 0 114
3 A_55 378 0 115
1 A_56 379 0 116
1 A_57 380 0 117
3 A_58 383 0 118
2 A_59 385 0 119
nldp: 385 157.7279166666666 0.03508305549621582
---------------------
in formation_2
pass
---------------------
in formation_3
pass
---------------------
in formation_4
pass
---------------------
in formation_5
pass
---------------------
in formation_6
pass
---------------------
in formation_7
pass
error in formulation  []
