0
0 A_0 82 0 0
6 B_0 88 0 1
5 A_1 93 0 2
4 B_1 97 0 3
2 B_2 99 0 4
3 B_3 102 0 5
6 A_2 108 0 6
4 B_4 112 0 7
3 B_5 115 0 8
5 A_3 120 0 9
4 B_6 124 0 10
2 B_7 126 0 11
5 A_4 131 0 12
6 B_8 137 0 13
4 A_5 141 0 14
4 B_9 145 0 15
6 A_6 151 0 16
4 B_10 155 0 17
2 B_11 157 0 18
5 A_7 162 0 19
3 B_12 165 0 20
3 A_8 168 0 21
3 B_13 171 0 22
5 A_9 176 0 23
4 B_14 180 0 24
4 A_10 184 0 25
7 B_15 191 0 26
1 B_16 192 0 27
6 A_11 198 0 28
5 B_17 203 0 29
6 A_12 209 0 30
2 A_13 211 0 31
3 A_14 214 0 32
4 B_18 218 0 33
6 A_15 224 0 34
3 B_19 227 0 35
5 A_16 232 0 36
4 B_20 236 0 37
4 A_17 240 0 38
3 A_18 243 0 39
5 B_21 248 0 40
6 A_19 254 0 41
3 B_22 257 0 42
5 A_20 262 0 43
4 B_23 266 0 44
6 A_21 272 0 45
6 B_24 278 0 46
2 B_25 280 0 47
3 B_26 283 0 48
1 B_27 284 0 49
6 A_22 290 0 50
5 B_28 295 0 51
4 B_29 299 0 52
4 B_30 303 0 53
4 A_23 307 0 54
7 B_31 314 0 55
6 A_24 320 0 56
6 B_32 326 0 57
6 A_25 332 0 58
5 B_33 337 0 59
4 A_26 341 0 60
5 B_34 346 0 61
7 A_27 353 0 62
5 B_35 358 0 63
5 A_28 363 0 64
6 B_36 369 0 65
3 A_29 372 0 66
7 B_37 379 0 67
7 A_30 386 0 68
7 B_38 393 0 69
6 A_31 399 0 70
4 B_39 403 0 71
6 A_32 409 0 72
1 A_33 410 0 73
4 B_40 414 0 74
4 A_34 418 0 75
1 A_35 419 0 76
5 B_41 424 0 77
6 A_36 430 0 78
3 A_37 433 0 79
4 B_42 437 0 80
3 B_43 440 0 81
3 A_38 443 0 82
4 A_39 447 0 83
4 B_44 451 0 84
3 A_40 454 0 85
2 A_41 456 0 86
3 A_42 459 0 87
1 A_43 460 0 88
6 B_45 466 0 89
4 B_46 470 0 90
6 A_44 476 0 91
6 B_47 482 0 92
5 A_45 487 0 93
6 B_48 493 0 94
5 A_46 498 0 95
1 A_47 499 0 96
7 B_49 506 0 97
4 A_48 510 0 98
5 B_50 515 0 99
6 A_49 521 0 100
6 B_51 527 0 101
4 A_50 531 0 102
2 A_51 533 0 103
7 B_52 540 0 104
3 B_53 543 0 105
4 B_54 547 0 106
4 A_52 551 0 107
3 B_55 554 0 108
4 A_53 558 0 109
4 B_56 562 0 110
6 A_54 568 0 111
1 A_55 569 0 112
5 B_57 574 0 113
4 A_56 578 0 114
4 B_58 582 0 115
6 A_57 588 0 116
4 B_59 592 0 117
7 A_58 599 0 118
4 A_59 603 0 119
No lane change: 603 290.17566666666676 0.0003972053527832031
---------------------
in formation_2
pass
---------------------
in formation_3
pass
---------------------
in formation_4
pass
---------------------
in formation_5
pass
---------------------
in formation_6
pass
---------------------
in formation_7
pass
error in formulation  []
