1
0 A_0 82 0 0
3 B_0 85 1 1
2 A_1 87 0 2
1 B_1 88 1 3
2 B_2 90 1 4
3 B_3 93 1 5
4 A_2 97 0 6
1 B_4 98 1 7
3 B_5 101 1 8
2 A_3 103 0 9
2 B_6 105 1 10
2 B_7 107 1 11
3 A_4 110 0 12
4 B_8 114 1 13
1 A_5 115 0 14
1 B_9 116 1 15
3 A_6 119 0 16
1 B_10 120 1 17
2 B_11 122 1 18
2 A_7 124 0 19
3 B_12 127 0 20
3 A_8 130 0 21
3 B_13 133 0 22
3 A_9 136 1 23
1 B_14 137 0 24
1 A_10 138 1 25
4 B_15 142 0 26
1 B_16 143 0 27
3 A_11 146 1 28
2 B_17 148 0 29
4 A_12 152 1 30
2 A_13 154 1 31
3 A_14 157 1 32
1 B_18 158 0 33
3 A_15 161 1 34
3 B_19 164 1 35
2 A_16 166 0 36
1 B_20 167 1 37
2 A_17 169 0 38
3 A_18 172 0 39
2 B_21 174 1 40
3 A_19 177 0 41
3 B_22 180 0 42
2 A_20 182 1 43
2 B_23 184 0 44
4 A_21 188 1 45
4 B_24 192 0 46
2 B_25 194 0 47
3 B_26 197 0 48
1 B_27 198 0 49
3 A_22 201 1 50
2 B_28 203 0 51
4 B_29 207 0 52
4 B_30 211 0 53
1 A_23 212 1 54
4 B_31 216 0 55
4 A_24 220 1 56
3 B_32 223 0 57
3 A_25 226 1 58
3 B_33 229 0 59
2 A_26 231 1 60
2 B_34 233 0 61
4 A_27 237 1 62
3 B_35 240 0 63
3 A_28 243 1 64
3 B_36 246 0 65
3 A_29 249 0 66
4 B_37 253 1 67
4 A_30 257 0 68
4 B_38 261 1 69
3 A_31 264 0 70
1 B_39 265 1 71
3 A_32 268 0 72
1 A_33 269 0 73
2 B_40 271 1 74
1 A_34 272 0 75
1 A_35 273 0 76
2 B_41 275 1 77
4 A_36 279 0 78
3 A_37 282 0 79
2 B_42 284 1 80
3 B_43 287 1 81
3 A_38 290 1 82
4 A_39 294 1 83
1 B_44 295 0 84
3 A_40 298 0 85
2 A_41 300 0 86
3 A_42 303 0 87
1 A_43 304 0 88
4 B_45 308 1 89
4 B_46 312 1 90
4 A_44 316 0 91
4 B_47 320 1 92
2 A_45 322 0 93
4 B_48 326 1 94
2 A_46 328 0 95
1 A_47 329 0 96
4 B_49 333 1 97
2 A_48 335 0 98
3 B_50 338 1 99
4 A_49 342 0 100
4 B_51 346 1 101
1 A_50 347 0 102
2 A_51 349 0 103
4 B_52 353 1 104
3 B_53 356 1 105
4 B_54 360 1 106
1 A_52 361 0 107
3 B_55 364 0 108
1 A_53 365 1 109
2 B_56 367 0 110
4 A_54 371 1 111
1 A_55 372 1 112
2 B_57 374 0 113
2 A_56 376 1 114
2 B_58 378 0 115
4 A_57 382 1 116
2 B_59 384 0 117
4 A_58 388 1 118
4 A_59 392 1 119
greedy: 392 181.71733333333333 0.0006320476531982422
---------------------
in formation_2
pass
---------------------
in formation_3
pass
---------------------
in formation_4
pass
---------------------
in formation_5
pass
---------------------
in formation_6
pass
---------------------
in formation_7
pass
error in formulation  []
