2
[1, 2, 2, 2, 2, 2, 2, 2, 2, 2, 2, 2, 2, 2, 2, 2, 2, 2, 2, 2, 2, 2, 2, 2, 2, 2, 2, 2, 2, 2, 2, 2, 2, 2, 2, 2, 2, 2, 0, 0, 0, 0, 0, 2, 2, 2, 2, 0, 0, 2, 2, 2, 2, 2, 0, 3, 0, 0, 0, 0, 0, 0, 0, 0, 0, 2, 2, 2, 2, 0, 0, 0, 0, 0, 0, 0, 2, 0, 0, 2, 2, 0, 0, 0, 0, 0, 0, 0, 0, 0, 0, 0, 0, 3, 1, 2, 2, 2, 2, 2, 0, 0, 0, 0, 0, 0, 0, 0, 0, 0, 0, 0, 0, 0, 0, 0, 0, 0, 0, 0]
0 A_0 82 1 0
3 B_0 85 0 1
2 B_1 87 0 2
2 B_2 89 0 3
3 B_3 92 0 4
1 B_4 93 0 5
3 B_5 96 0 6
1 B_6 97 0 7
2 B_7 99 0 8
1 B_8 100 0 9
4 B_9 104 0 10
3 B_10 107 0 11
2 B_11 109 0 12
1 B_12 110 0 13
3 B_13 113 0 14
4 B_14 117 0 15
2 B_15 119 0 16
1 B_16 120 0 17
4 B_17 124 0 18
3 B_18 127 0 19
3 B_19 130 0 20
1 B_20 131 0 21
2 B_21 133 0 22
1 B_22 134 0 23
1 B_23 135 0 24
2 B_24 137 0 25
2 B_25 139 0 26
3 B_26 142 0 27
1 B_27 143 0 28
1 B_28 144 0 29
4 B_29 148 0 30
4 B_30 152 0 31
2 B_31 154 0 32
3 B_32 157 0 33
4 B_33 161 0 34
2 B_34 163 0 35
3 B_35 166 0 36
4 B_36 170 0 37
4 A_1 174 0 38
4 A_2 178 0 39
2 A_3 180 0 40
2 A_4 182 0 41
4 A_5 186 0 42
4 B_37 190 0 43
3 B_38 193 0 44
3 B_39 196 0 45
1 B_40 197 0 46
3 A_6 200 0 47
1 A_7 201 0 48
6 B_41 207 0 49
2 B_42 209 0 50
3 B_43 212 0 51
3 B_44 215 0 52
3 B_45 218 0 53
3 A_8 221 0 54
2 B_46 223 1 55
1 A_9 224 0 56
2 A_10 226 0 57
2 A_11 228 0 58
4 A_12 232 0 59
2 A_13 234 0 60
3 A_14 237 0 61
1 A_15 238 0 62
1 A_16 239 0 63
1 A_17 240 0 64
3 B_47 243 0 65
4 B_48 247 0 66
3 B_49 250 0 67
2 B_50 252 0 68
3 A_18 255 0 69
4 A_19 259 0 70
2 A_20 261 0 71
2 A_21 263 0 72
3 A_22 266 0 73
1 A_23 267 0 74
3 A_24 270 0 75
5 B_51 275 0 76
3 A_25 278 0 77
2 A_26 280 0 78
4 B_52 284 0 79
3 B_53 287 0 80
3 A_27 290 0 81
4 A_28 294 0 82
3 A_29 297 0 83
3 A_30 300 0 84
2 A_31 302 0 85
1 A_32 303 0 86
1 A_33 304 0 87
3 A_34 307 0 88
1 A_35 308 0 89
3 A_36 311 0 90
3 A_37 314 0 91
1 A_38 315 0 92
1 B_54 316 1 93
4 A_39 320 1 94
3 B_55 323 0 95
2 B_56 325 0 96
3 B_57 328 0 97
2 B_58 330 0 98
3 B_59 333 0 99
3 A_40 336 0 100
2 A_41 338 0 101
3 A_42 341 0 102
1 A_43 342 0 103
2 A_44 344 0 104
3 A_45 347 0 105
2 A_46 349 0 106
1 A_47 350 0 107
2 A_48 352 0 108
2 A_49 354 0 109
1 A_50 355 0 110
2 A_51 357 0 111
4 A_52 361 0 112
1 A_53 362 0 113
4 A_54 366 0 114
1 A_55 367 0 115
1 A_56 368 0 116
3 A_57 371 0 117
1 A_58 372 0 118
4 A_59 376 0 119
dp: 376 180.44233333333335 0.15498018264770508
---------------------
in formation_2
pass
---------------------
in formation_3
pass
---------------------
in formation_4
pass
---------------------
in formation_5
pass
---------------------
in formation_6
pass
---------------------
in formation_7
pass
error in formulation  []
