3
0 A_0 83 0 0
1 A_1 88 0 1
2 A_2 90 0 2
3 A_3 93 0 3
6 A_4 99 0 4
5 B_0 104 0 5
3 B_1 107 0 6
3 B_2 110 0 7
2 B_3 112 0 8
5 A_5 117 0 9
3 B_4 120 0 10
3 B_5 123 0 11
3 B_6 126 0 12
2 B_7 128 0 13
1 B_8 129 0 14
2 B_9 131 0 15
1 B_10 132 0 16
3 B_11 135 0 17
1 B_12 136 0 18
4 B_13 140 0 19
4 B_14 144 0 20
3 B_15 147 0 21
2 B_16 149 0 22
4 B_17 153 0 23
2 B_18 155 0 24
2 B_19 157 0 25
3 B_20 160 0 26
3 A_6 163 0 27
1 A_7 164 0 28
1 A_8 165 0 29
1 A_9 166 0 30
6 A_10 172 0 31
3 A_11 175 0 32
3 A_12 178 0 33
1 A_13 179 0 34
4 A_14 183 0 35
1 A_15 184 0 36
3 B_21 187 0 37
1 B_22 188 0 38
4 B_23 192 0 39
2 B_24 194 0 40
2 B_25 196 0 41
2 B_26 198 0 42
2 B_27 200 0 43
3 A_16 203 0 44
2 A_17 205 0 45
1 A_18 206 0 46
2 A_19 208 0 47
6 A_20 214 0 48
2 A_21 216 0 49
1 A_22 217 0 50
4 A_23 221 0 51
2 A_24 223 0 52
2 A_25 225 0 53
6 A_26 231 0 54
3 A_27 234 0 55
3 B_28 237 0 56
2 B_29 239 0 57
6 A_28 245 0 58
1 A_29 246 0 59
4 A_30 250 0 60
5 A_31 255 0 61
5 A_32 260 0 62
2 A_33 262 0 63
6 A_34 268 0 64
3 B_30 271 0 65
1 B_31 272 0 66
6 B_32 278 0 67
4 B_33 282 0 68
3 B_34 285 0 69
3 A_35 288 0 70
7 B_35 295 0 71
3 B_36 298 0 72
4 B_37 302 0 73
3 A_36 305 0 74
4 B_38 309 0 75
4 B_39 313 0 76
4 A_37 317 0 77
1 A_38 318 0 78
1 A_39 319 0 79
4 A_40 323 0 80
5 A_41 328 0 81
5 B_40 333 0 82
1 B_41 334 0 83
1 B_42 335 0 84
3 B_43 338 0 85
2 B_44 340 0 86
4 B_45 344 0 87
3 A_42 347 0 88
1 A_43 348 0 89
4 B_46 352 0 90
3 B_47 355 0 91
6 B_48 361 0 92
7 A_44 368 0 93
2 A_45 370 0 94
1 A_46 371 0 95
4 B_49 375 0 96
3 A_47 378 0 97
1 A_48 379 0 98
1 A_49 380 0 99
2 A_50 382 0 100
3 A_51 385 0 101
4 B_50 389 0 102
2 B_51 391 0 103
4 B_52 395 0 104
6 B_53 401 0 105
4 A_52 405 0 106
1 A_53 406 0 107
5 A_54 411 0 108
4 A_55 415 0 109
5 A_56 420 0 110
5 B_54 425 0 111
2 B_55 427 0 112
6 B_56 433 0 113
3 B_57 436 0 114
3 B_58 439 0 115
3 A_57 442 0 116
6 B_59 448 0 117
3 A_58 451 0 118
2 A_59 453 0 119
nldp: 453
---------------------
in formation_2
pass
---------------------
in formation_3
pass
---------------------
in formation_4
pass
---------------------
in formation_5
pass
---------------------
in formation_6
pass
---------------------
in formation_7
pass
error in formulation  []
