0
0 B_0 81 0 0
3 A_0 84 0 1
3 B_1 87 0 2
5 A_1 92 0 3
3 A_2 95 0 4
5 B_2 100 0 5
6 A_3 106 0 6
5 B_3 111 0 7
5 A_4 116 0 8
5 B_4 121 0 9
2 B_5 123 0 10
6 A_5 129 0 11
2 A_6 131 0 12
4 A_7 135 0 13
1 A_8 136 0 14
4 A_9 140 0 15
2 A_10 142 0 16
4 A_11 146 0 17
6 B_6 152 0 18
6 A_12 158 0 19
5 B_7 163 0 20
5 A_13 168 0 21
3 B_8 171 0 22
2 B_9 173 0 23
3 A_14 176 0 24
4 A_15 180 0 25
1 A_16 181 0 26
5 B_10 186 0 27
1 B_11 187 0 28
7 A_17 194 0 29
4 A_18 198 0 30
3 A_19 201 0 31
3 B_12 204 0 32
4 B_13 208 0 33
2 B_14 210 0 34
3 B_15 213 0 35
4 B_16 217 0 36
4 B_17 221 0 37
4 B_18 225 0 38
1 B_19 226 0 39
No lane change: 226 136.54225000000002 4.100799560546875e-05
---------------------
in formation_2
pass
---------------------
in formation_3
pass
---------------------
in formation_4
pass
---------------------
in formation_5
pass
---------------------
in formation_6
pass
---------------------
in formation_7
pass
error in formulation  []
