1
0 A_0 81 0 0
2 B_0 85 1 1
3 B_1 89 1 2
1 B_2 93 1 3
2 A_1 97 0 4
3 B_3 100 0 5
2 A_2 102 1 6
2 B_4 106 0 7
4 B_5 110 0 8
1 A_3 111 1 9
4 B_6 115 0 10
3 A_4 119 1 11
5 A_5 124 1 12
4 A_6 128 1 13
6 A_7 134 1 14
1 A_8 135 1 15
2 B_7 139 0 16
4 A_9 143 1 17
2 B_8 147 0 18
1 A_10 151 1 19
6 B_9 157 0 20
5 A_11 162 1 21
3 B_10 165 1 22
5 A_12 170 0 23
6 A_13 176 0 24
3 B_11 179 1 25
6 B_12 185 1 26
5 B_13 190 1 27
1 A_14 191 0 28
3 B_14 194 1 29
4 B_15 198 1 30
4 A_15 202 0 31
5 B_16 207 1 32
6 A_16 213 0 33
3 B_17 216 1 34
3 B_18 219 1 35
3 B_19 222 1 36
6 A_17 228 0 37
4 A_18 232 0 38
3 A_19 235 0 39
greedy: 235
---------------------
in formation_2
pass
---------------------
in formation_3
pass
---------------------
in formation_4
pass
---------------------
in formation_5
pass
---------------------
in formation_6
pass
---------------------
in formation_7
pass
error in formulation  []
