2
[2, 0, 0, 0, 0, 0, 0, 0, 2, 2, 2, 2, 2, 0, 0, 2, 2, 2, 2, 2, 2, 2, 2, 2, 2, 0, 0, 2, 2, 2, 2, 0, 0, 0, 0, 0, 0, 0, 0, 0]
0 B_0 81 0 0
3 A_0 84 0 1
1 A_1 85 0 2
3 A_2 88 0 3
1 A_3 89 0 4
3 A_4 92 0 5
3 A_5 95 0 6
2 A_6 97 0 7
3 B_1 100 0 8
3 B_2 103 0 9
4 B_3 107 0 10
1 B_4 108 0 11
2 B_5 110 0 12
4 A_7 114 0 13
1 A_8 115 0 14
5 B_6 120 0 15
1 B_7 121 0 16
1 B_8 122 0 17
2 B_9 124 0 18
4 B_10 128 0 19
1 B_11 129 0 20
3 B_12 132 0 21
4 B_13 136 0 22
2 B_14 138 0 23
3 B_15 141 0 24
3 A_9 144 0 25
2 A_10 146 0 26
5 B_16 151 0 27
4 B_17 155 0 28
4 B_18 159 0 29
1 B_19 160 0 30
4 A_11 164 0 31
3 A_12 167 0 32
1 A_13 168 0 33
1 A_14 169 0 34
4 A_15 173 0 35
1 A_16 174 0 36
3 A_17 177 0 37
4 A_18 181 0 38
3 A_19 184 0 39
dp: 184 110.14224999999999 0.019038915634155273
---------------------
in formation_2
pass
---------------------
in formation_3
pass
---------------------
in formation_4
pass
---------------------
in formation_5
pass
---------------------
in formation_6
pass
---------------------
in formation_7
pass
error in formulation  []
