3
0 B_0 81 0 0
3 A_0 84 0 1
1 A_1 85 0 2
3 A_2 88 0 3
1 A_3 89 0 4
3 A_4 92 0 5
3 A_5 95 0 6
2 A_6 97 0 7
3 B_1 100 0 8
3 A_7 103 0 9
1 A_8 104 0 10
4 A_9 108 0 11
2 A_10 110 0 12
3 B_2 113 0 13
4 B_3 117 0 14
1 B_4 118 0 15
2 B_5 120 0 16
4 B_6 124 0 17
1 B_7 125 0 18
1 B_8 126 0 19
2 B_9 128 0 20
4 B_10 132 0 21
1 B_11 133 0 22
3 A_11 136 0 23
3 A_12 139 0 24
1 A_13 140 0 25
1 A_14 141 0 26
4 A_15 145 0 27
1 A_16 146 0 28
3 A_17 149 0 29
4 A_18 153 0 30
3 A_19 156 0 31
3 B_12 159 0 32
4 B_13 163 0 33
2 B_14 165 0 34
3 B_15 168 0 35
4 B_16 172 0 36
4 B_17 176 0 37
4 B_18 180 0 38
1 B_19 181 0 39
nldp: 181 107.89224999999999 0.0036568641662597656
---------------------
in formation_2
pass
---------------------
in formation_3
pass
---------------------
in formation_4
pass
---------------------
in formation_5
pass
---------------------
in formation_6
pass
---------------------
in formation_7
pass
error in formulation  []
