0
0 A_0 81 0 0
6 B_0 87 0 1
4 B_1 91 0 2
7 A_1 98 0 3
3 A_2 101 0 4
6 B_2 107 0 5
6 A_3 113 0 6
2 A_4 115 0 7
4 A_5 119 0 8
5 B_3 124 0 9
3 A_6 127 0 10
4 B_4 131 0 11
1 B_5 132 0 12
3 B_6 135 0 13
5 A_7 140 0 14
6 B_7 146 0 15
2 B_8 148 0 16
2 B_9 150 0 17
2 B_10 152 0 18
3 A_8 155 0 19
4 A_9 159 0 20
3 A_10 162 0 21
3 A_11 165 0 22
3 B_11 168 0 23
3 A_12 171 0 24
5 B_12 176 0 25
5 A_13 181 0 26
6 B_13 187 0 27
5 A_14 192 0 28
1 A_15 193 0 29
7 B_14 200 0 30
3 A_16 203 0 31
6 B_15 209 0 32
4 A_17 213 0 33
2 A_18 215 0 34
3 B_16 218 0 35
5 A_19 223 0 36
4 B_17 227 0 37
3 B_18 230 0 38
1 B_19 231 0 39
No lane change: 231 139.05299999999994 4.100799560546875e-05
---------------------
in formation_2
pass
---------------------
in formation_3
pass
---------------------
in formation_4
pass
---------------------
in formation_5
pass
---------------------
in formation_6
pass
---------------------
in formation_7
pass
error in formulation  []
