1
0 A_0 81 0 0
3 B_0 84 1 1
4 B_1 88 1 2
4 A_1 92 0 3
3 A_2 95 0 4
4 B_2 99 1 5
3 A_3 102 0 6
2 A_4 104 0 7
4 A_5 108 0 8
3 B_3 111 1 9
3 A_6 114 1 10
2 B_4 116 0 11
1 B_5 117 0 12
3 B_6 120 0 13
3 A_7 123 1 14
4 B_7 127 0 15
2 B_8 129 0 16
2 B_9 131 0 17
2 B_10 133 0 18
3 A_8 136 0 19
4 A_9 140 0 20
3 A_10 143 0 21
3 A_11 146 0 22
3 B_11 149 0 23
3 A_12 152 0 24
2 B_12 154 1 25
2 A_13 156 0 26
3 B_13 159 1 27
3 A_14 162 0 28
1 A_15 163 0 29
4 B_14 167 1 30
3 A_16 170 1 31
3 B_15 173 0 32
2 A_17 175 1 33
2 A_18 177 1 34
3 B_16 180 1 35
3 A_19 183 0 36
1 B_17 184 1 37
3 B_18 187 1 38
1 B_19 188 1 39
greedy: 188 117.62799999999997 0.0001468658447265625
---------------------
in formation_2
pass
---------------------
in formation_3
pass
---------------------
in formation_4
pass
---------------------
in formation_5
pass
---------------------
in formation_6
pass
---------------------
in formation_7
pass
error in formulation  []
