2
[0, 0, 0, 2, 2, 2, 2, 2, 2, 0, 2, 1, 1, 2, 2, 2, 1, 2, 0, 0, 0, 0, 3, 0, 0, 0, 2, 2, 2, 2, 2, 2, 2, 0, 0, 0, 0, 0, 0, 3]
0 A_0 81 0 0
2 A_1 83 0 1
3 A_2 86 0 2
5 B_0 91 0 3
1 B_1 92 0 4
3 B_2 95 0 5
4 B_3 99 0 6
2 B_4 101 0 7
4 B_5 105 0 8
4 A_3 109 0 9
3 B_6 112 0 10
2 A_4 114 1 11
6 A_5 120 1 12
4 B_7 124 0 13
1 B_8 125 0 14
3 B_9 128 0 15
2 A_6 130 1 16
5 B_10 135 0 17
3 A_7 138 0 18
2 A_8 140 0 19
5 A_9 145 0 20
3 A_10 148 0 21
4 B_11 152 1 22
6 A_11 158 0 23
3 A_12 161 0 24
1 A_13 162 0 25
7 B_12 169 0 26
1 B_13 170 0 27
3 B_14 173 0 28
2 B_15 175 0 29
3 B_16 178 0 30
1 B_17 179 0 31
2 B_18 181 0 32
3 A_14 184 0 33
2 A_15 186 0 34
1 A_16 187 0 35
2 A_17 189 0 36
4 A_18 193 0 37
1 A_19 194 0 38
4 B_19 198 1 39
dp: 198
---------------------
in formation_2
pass
---------------------
in formation_3
pass
---------------------
in formation_4
pass
---------------------
in formation_5
pass
---------------------
in formation_6
pass
---------------------
in formation_7
pass
error in formulation  []
