3
0 A_0 81 0 0
2 A_1 83 0 1
3 A_2 86 0 2
5 B_0 91 0 3
1 B_1 92 0 4
3 B_2 95 0 5
4 B_3 99 0 6
2 B_4 101 0 7
4 B_5 105 0 8
4 A_3 109 0 9
3 B_6 112 0 10
5 B_7 117 0 11
1 B_8 118 0 12
4 A_4 122 0 13
6 A_5 128 0 14
5 A_6 133 0 15
5 B_9 138 0 16
6 B_10 144 0 17
3 A_7 147 0 18
2 A_8 149 0 19
5 B_11 154 0 20
5 B_12 159 0 21
1 B_13 160 0 22
3 B_14 163 0 23
2 B_15 165 0 24
3 B_16 168 0 25
1 B_17 169 0 26
2 B_18 171 0 27
6 A_9 177 0 28
3 A_10 180 0 29
3 B_19 183 0 30
6 A_11 189 0 31
3 A_12 192 0 32
1 A_13 193 0 33
5 A_14 198 0 34
2 A_15 200 0 35
1 A_16 201 0 36
2 A_17 203 0 37
4 A_18 207 0 38
1 A_19 208 0 39
nldp: 208
---------------------
in formation_2
pass
---------------------
in formation_3
pass
---------------------
in formation_4
pass
---------------------
in formation_5
pass
---------------------
in formation_6
pass
---------------------
in formation_7
pass
error in formulation  []
