A_0 1 A 0 [2, 2, 2, 2, 2, 4, 4, 2, 3, 4, 4, 4, 2, 1, 1, 4, 3, 4, 3, 1, 4, 1, 4, 4, 3, 3, 4, 1, 3, 3, 3, 2, 3, 1, 4, 4, 3, 2, 4, 4, 4, 4, 1, 1, 1, 4, 2, 1, 1, 2, 1, 2, 1, 4, 4, 3, 2, 4, 2, 2, 4, 2, 2, 3, 1, 3, 4, 3, 1, 3, 3, 2, 1, 3, 4, 3, 2, 3, 2, 2] [4, 6, 5, 5, 6, 6, 7, 5, 6, 6, 8, 8, 6, 5, 5, 7, 6, 6, 5, 4, 7, 4, 6, 6, 6, 5, 8, 5, 5, 6, 6, 6, 7, 5, 6, 7, 7, 5, 8, 7, 8, 6, 3, 5, 3, 8, 4, 3, 4, 6, 4, 4, 3, 7, 8, 7, 4, 6, 5, 6, 6, 5, 5, 5, 3, 6, 6, 6, 3, 6, 7, 6, 4, 6, 7, 6, 6, 5, 4, 6]
A_1 2 A 1 [2, 1, 4, 3, 1, 2, 3, 3, 3, 2, 3, 2, 3, 4, 1, 4, 1, 1, 4, 1, 1, 1, 4, 1, 3, 3, 4, 3, 4, 1, 4, 4, 3, 2, 4, 3, 4, 3, 4, 3, 3, 2, 1, 2, 4, 4, 3, 2, 2, 3, 3, 2, 2, 2, 3, 1, 3, 1, 1, 4, 4, 1, 4, 4, 4, 4, 1, 2, 4, 3, 1, 1, 2, 1, 3, 2, 1, 2, 2, 2] [6, 4, 8, 7, 3, 5, 7, 5, 6, 5, 6, 5, 5, 6, 3, 8, 5, 5, 6, 4, 5, 4, 6, 5, 6, 5, 6, 5, 8, 3, 8, 7, 6, 4, 7, 6, 6, 7, 6, 7, 7, 5, 3, 6, 6, 8, 7, 6, 5, 6, 5, 4, 6, 4, 5, 4, 7, 3, 3, 8, 6, 3, 8, 6, 8, 6, 5, 5, 7, 5, 3, 4, 6, 5, 5, 6, 3, 5, 5, 6]
A_2 3 A 2 [2, 4, 4, 3, 4, 1, 4, 4, 1, 4, 1, 2, 1, 1, 1, 4, 2, 4, 1, 4, 2, 3, 3, 4, 2, 3, 1, 4, 3, 4, 4, 1, 3, 3, 1, 1, 2, 1, 1, 2, 1, 4, 1, 1, 2, 1, 2, 4, 1, 2, 3, 1, 2, 1, 2, 2, 2, 1, 2, 2, 2, 4, 3, 1, 1, 4, 4, 3, 3, 3, 1, 3, 1, 1, 3, 2, 2, 1, 2, 1] [5, 8, 6, 7, 8, 3, 8, 6, 3, 8, 4, 6, 4, 3, 5, 8, 5, 8, 5, 8, 4, 6, 5, 6, 4, 5, 3, 8, 6, 6, 7, 4, 6, 7, 4, 4, 5, 3, 3, 4, 5, 6, 4, 4, 4, 5, 4, 6, 5, 5, 7, 5, 5, 5, 5, 4, 6, 5, 6, 5, 6, 7, 7, 3, 4, 8, 7, 5, 6, 5, 3, 7, 5, 3, 7, 5, 5, 5, 5, 4]
A_3 4 A 3 [2, 3, 3, 3, 4, 2, 4, 1, 3, 3, 3, 4, 1, 4, 1, 1, 3, 4, 1, 4, 2, 1, 2, 4, 3, 3, 3, 4, 4, 1, 3, 4, 1, 1, 2, 3, 3, 1, 3, 1, 4, 1, 3, 4, 2, 3, 3, 1, 3, 1, 2, 3, 3, 4, 2, 1, 3, 1, 2, 2, 2, 1, 4, 1, 4, 1, 1, 4, 3, 4, 2, 3, 4, 3, 2, 2, 2, 3, 1, 1] [5, 7, 7, 5, 6, 5, 8, 3, 6, 6, 6, 8, 3, 6, 3, 4, 6, 6, 3, 7, 4, 4, 6, 8, 6, 5, 7, 8, 7, 3, 5, 8, 4, 3, 5, 6, 5, 3, 7, 5, 8, 5, 5, 8, 6, 6, 6, 3, 5, 4, 5, 7, 6, 7, 4, 3, 6, 5, 4, 5, 6, 3, 6, 3, 8, 3, 4, 6, 5, 6, 4, 6, 7, 6, 4, 4, 4, 5, 4, 4]
A_4 5 A 4 [2, 1, 4, 4, 1, 3, 1, 4, 2, 2, 4, 1, 1, 3, 2, 3, 1, 4, 2, 4, 3, 1, 1, 1, 2, 2, 3, 1, 4, 2, 4, 3, 1, 1, 1, 4, 2, 2, 2, 2, 1, 1, 4, 4, 3, 4, 3, 2, 4, 4, 3, 1, 3, 2, 4, 4, 3, 2, 2, 3, 3, 2, 4, 3, 4, 4, 2, 4, 2, 2, 1, 3, 1, 4, 1, 3, 2, 1, 3, 2] [6, 3, 8, 6, 5, 6, 3, 6, 6, 4, 7, 3, 4, 7, 6, 5, 5, 7, 4, 8, 6, 4, 3, 4, 4, 6, 6, 4, 8, 5, 7, 7, 3, 5, 5, 6, 6, 5, 6, 5, 4, 4, 8, 8, 5, 7, 5, 5, 7, 7, 7, 5, 6, 4, 8, 6, 7, 6, 6, 7, 7, 5, 7, 6, 7, 6, 4, 6, 5, 5, 4, 7, 4, 6, 5, 7, 6, 4, 7, 5]
A_5 6 A 5 [4, 2, 1, 2, 3, 3, 4, 3, 1, 3, 3, 4, 1, 1, 1, 4, 4, 3, 3, 1, 1, 3, 1, 2, 1, 2, 3, 4, 2, 3, 1, 1, 4, 3, 4, 1, 1, 2, 3, 4, 2, 2, 2, 2, 2, 1, 3, 4, 3, 4, 3, 1, 2, 4, 4, 4, 3, 2, 2, 1, 1, 3, 1, 3, 3, 1, 1, 3, 3, 3, 3, 2, 2, 3, 1, 3, 1, 3, 1, 3] [6, 5, 3, 5, 6, 7, 8, 7, 5, 6, 7, 8, 3, 4, 5, 8, 7, 7, 6, 4, 3, 7, 4, 6, 3, 5, 5, 7, 4, 5, 3, 5, 6, 7, 8, 3, 5, 5, 7, 8, 4, 6, 6, 6, 4, 3, 6, 7, 5, 8, 6, 5, 6, 7, 7, 8, 5, 4, 4, 5, 3, 7, 5, 6, 7, 5, 3, 7, 6, 5, 6, 5, 4, 7, 3, 6, 4, 5, 3, 6]
A_6 7 A 6 [4, 3, 4, 4, 1, 4, 3, 3, 2, 4, 4, 2, 4, 4, 2, 2, 2, 4, 2, 2, 1, 1, 3, 3, 1, 1, 3, 4, 4, 4, 1, 4, 2, 4, 1, 1, 3, 3, 4, 3, 3, 1, 2, 1, 1, 1, 3, 1, 4, 4, 4, 1, 1, 1, 3, 1, 4, 1, 1, 1, 1, 2, 3, 1, 3, 1, 3, 3, 4, 1, 3, 4, 2, 3, 3, 4, 3, 4, 2, 4] [7, 7, 8, 8, 3, 8, 7, 7, 6, 7, 8, 4, 8, 6, 5, 5, 4, 7, 4, 5, 5, 3, 5, 7, 3, 5, 5, 6, 7, 7, 3, 8, 4, 8, 3, 3, 7, 7, 7, 6, 5, 3, 4, 3, 3, 4, 6, 4, 7, 7, 7, 4, 3, 3, 5, 3, 7, 4, 4, 3, 4, 5, 7, 5, 5, 3, 6, 6, 6, 4, 5, 7, 6, 7, 5, 6, 5, 7, 5, 7]
A_7 8 A 7 [2, 3, 4, 1, 4, 3, 3, 2, 3, 2, 4, 2, 1, 4, 4, 1, 1, 3, 4, 4, 3, 4, 2, 1, 2, 3, 4, 4, 3, 2, 4, 3, 4, 4, 3, 1, 3, 4, 1, 4, 4, 4, 2, 3, 3, 4, 2, 4, 3, 2, 1, 2, 4, 2, 4, 1, 3, 2, 2, 1, 2, 1, 2, 1, 1, 2, 3, 4, 2, 1, 3, 4, 4, 1, 1, 4, 1, 2, 2, 3] [5, 5, 6, 3, 6, 7, 7, 5, 6, 5, 6, 5, 4, 6, 7, 5, 4, 7, 7, 8, 6, 8, 5, 3, 6, 5, 6, 6, 6, 4, 8, 5, 8, 6, 5, 3, 5, 7, 3, 6, 7, 8, 4, 6, 5, 6, 4, 8, 5, 4, 5, 4, 7, 6, 6, 4, 5, 4, 6, 5, 5, 4, 4, 5, 5, 4, 5, 6, 6, 5, 6, 6, 7, 4, 3, 6, 4, 6, 5, 7]
A_8 9 A 8 [3, 3, 1, 3, 2, 1, 2, 3, 2, 4, 3, 2, 3, 2, 1, 4, 4, 2, 4, 4, 1, 3, 2, 1, 1, 3, 2, 2, 3, 2, 4, 4, 1, 4, 3, 3, 2, 1, 4, 1, 1, 2, 1, 3, 3, 3, 1, 2, 2, 4, 2, 4, 2, 4, 1, 2, 2, 2, 1, 2, 2, 2, 4, 1, 4, 3, 4, 2, 2, 2, 4, 3, 3, 2, 3, 1, 3, 1, 1, 2] [6, 6, 3, 6, 6, 5, 6, 6, 5, 8, 5, 4, 6, 5, 5, 7, 6, 6, 8, 8, 4, 5, 4, 5, 4, 5, 4, 6, 6, 5, 8, 8, 5, 8, 6, 6, 5, 3, 8, 5, 4, 5, 3, 5, 5, 7, 4, 4, 4, 8, 6, 8, 4, 6, 5, 6, 4, 6, 4, 6, 6, 5, 7, 4, 8, 7, 6, 5, 6, 5, 7, 6, 7, 4, 5, 5, 6, 3, 4, 4]
A_9 10 A 9 [4, 2, 4, 3, 2, 3, 4, 2, 4, 3, 3, 1, 1, 4, 1, 3, 4, 2, 4, 4, 4, 4, 2, 4, 3, 3, 1, 2, 1, 2, 4, 3, 1, 1, 2, 2, 4, 3, 3, 4, 1, 3, 2, 1, 4, 2, 4, 4, 2, 4, 3, 1, 1, 2, 2, 3, 4, 3, 4, 2, 4, 4, 1, 1, 2, 2, 2, 1, 1, 3, 4, 1, 4, 1, 4, 4, 1, 3, 3, 3] [6, 5, 8, 6, 4, 6, 7, 5, 8, 7, 6, 4, 4, 7, 4, 7, 8, 6, 8, 6, 6, 8, 6, 6, 7, 7, 5, 6, 3, 5, 7, 7, 5, 4, 5, 5, 6, 5, 5, 7, 5, 5, 5, 3, 6, 4, 8, 8, 6, 7, 6, 3, 3, 4, 4, 7, 8, 7, 7, 5, 8, 6, 4, 5, 5, 6, 5, 3, 5, 5, 7, 5, 6, 5, 7, 6, 5, 6, 6, 7]
A_10 11 A 10 [4, 3, 1, 3, 4, 3, 4, 4, 3, 3, 3, 4, 2, 3, 4, 2, 3, 4, 2, 4, 1, 2, 4, 2, 4, 2, 2, 3, 4, 3, 3, 4, 1, 2, 4, 1, 3, 1, 1, 3, 3, 2, 1, 2, 4, 4, 4, 1, 2, 3, 3, 1, 2, 1, 3, 3, 4, 3, 3, 3, 2, 4, 2, 1, 3, 3, 1, 2, 1, 3, 1, 4, 4, 3, 1, 2, 1, 2, 3, 3] [8, 6, 4, 6, 7, 7, 8, 6, 5, 6, 5, 8, 4, 7, 8, 5, 5, 8, 5, 8, 3, 4, 6, 5, 8, 6, 6, 6, 6, 5, 6, 8, 5, 5, 7, 3, 6, 4, 5, 6, 6, 4, 5, 5, 8, 7, 8, 4, 5, 5, 5, 3, 6, 4, 5, 5, 7, 6, 6, 6, 6, 6, 6, 4, 5, 7, 5, 5, 5, 6, 4, 7, 7, 6, 4, 6, 5, 5, 5, 5]
A_11 12 A 11 [4, 2, 2, 4, 1, 4, 2, 2, 2, 1, 4, 3, 4, 4, 3, 3, 3, 1, 4, 1, 2, 1, 4, 1, 3, 3, 4, 2, 1, 3, 3, 2, 2, 4, 3, 1, 3, 2, 3, 4, 2, 3, 1, 2, 2, 1, 2, 1, 1, 1, 1, 3, 3, 2, 4, 1, 3, 4, 2, 1, 4, 3, 4, 1, 2, 1, 4, 1, 4, 4, 2, 1, 4, 3, 1, 1, 1, 3, 3, 3] [8, 5, 6, 8, 3, 8, 4, 5, 4, 4, 8, 5, 7, 8, 7, 6, 7, 3, 7, 3, 6, 5, 6, 5, 5, 7, 8, 6, 4, 6, 5, 5, 5, 6, 6, 4, 5, 4, 5, 8, 4, 5, 4, 4, 5, 5, 4, 4, 3, 4, 4, 7, 7, 6, 8, 5, 5, 6, 6, 4, 6, 6, 7, 3, 5, 3, 6, 3, 6, 6, 6, 3, 8, 6, 5, 4, 3, 7, 7, 7]
A_12 13 A 12 [2, 3, 1, 1, 1, 1, 4, 1, 3, 1, 2, 4, 4, 2, 1, 4, 1, 4, 2, 2, 2, 2, 3, 1, 4, 1, 2, 4, 4, 1, 4, 3, 3, 3, 3, 2, 3, 3, 3, 2, 2, 2, 3, 2, 1, 3, 1, 4, 3, 1, 2, 3, 3, 3, 4, 4, 3, 4, 3, 4, 4, 2, 1, 3, 2, 2, 4, 2, 3, 2, 1, 3, 2, 3, 3, 3, 3, 1, 1, 1] [6, 5, 4, 3, 4, 3, 8, 4, 6, 4, 4, 7, 8, 4, 3, 7, 3, 8, 4, 4, 5, 5, 5, 3, 7, 4, 5, 6, 8, 3, 8, 7, 7, 6, 7, 5, 7, 6, 7, 4, 6, 6, 7, 5, 5, 7, 5, 6, 6, 3, 4, 5, 6, 6, 7, 6, 6, 6, 6, 8, 8, 4, 3, 7, 4, 6, 7, 5, 7, 6, 3, 7, 5, 5, 6, 5, 6, 4, 3, 4]
A_13 14 A 13 [1, 4, 1, 4, 3, 1, 4, 4, 2, 4, 3, 4, 2, 2, 1, 2, 4, 1, 1, 4, 2, 1, 4, 4, 1, 3, 1, 2, 1, 2, 2, 2, 3, 4, 2, 3, 4, 1, 1, 1, 4, 3, 4, 2, 2, 4, 1, 4, 4, 2, 4, 3, 3, 2, 1, 1, 3, 4, 1, 2, 4, 3, 3, 2, 4, 4, 2, 1, 1, 4, 2, 4, 4, 4, 3, 2, 4, 3, 3, 2] [5, 6, 3, 6, 7, 4, 6, 6, 5, 7, 7, 8, 4, 5, 5, 5, 7, 5, 4, 6, 6, 3, 7, 8, 4, 5, 4, 5, 5, 5, 4, 4, 7, 7, 4, 7, 6, 3, 4, 5, 6, 6, 6, 5, 5, 7, 3, 7, 8, 6, 8, 6, 5, 4, 4, 3, 5, 7, 3, 5, 6, 6, 6, 4, 7, 6, 4, 3, 4, 8, 4, 6, 8, 6, 5, 6, 8, 6, 6, 5]
A_14 15 A 14 [1, 1, 1, 1, 2, 1, 2, 4, 1, 1, 4, 3, 1, 1, 2, 4, 2, 2, 2, 1, 4, 1, 2, 2, 3, 2, 2, 3, 2, 2, 3, 1, 2, 4, 1, 1, 1, 4, 4, 3, 2, 1, 4, 2, 2, 2, 1, 1, 3, 1, 2, 3, 3, 4, 2, 3, 2, 3, 3, 3, 4, 1, 4, 3, 2, 1, 4, 1, 4, 2, 4, 3, 1, 1, 1, 4, 1, 3, 3, 1] [5, 3, 5, 3, 6, 5, 5, 7, 5, 4, 8, 7, 3, 5, 6, 6, 6, 6, 4, 5, 8, 3, 4, 4, 6, 5, 6, 7, 5, 6, 6, 5, 5, 8, 4, 4, 4, 8, 8, 5, 5, 4, 8, 6, 5, 4, 5, 3, 7, 5, 4, 6, 6, 7, 5, 6, 6, 6, 6, 6, 7, 4, 7, 6, 4, 3, 7, 5, 6, 5, 7, 7, 4, 5, 4, 7, 4, 5, 5, 3]
A_15 16 A 15 [4, 4, 4, 1, 3, 4, 2, 1, 4, 3, 2, 3, 4, 2, 4, 1, 2, 4, 2, 4, 2, 3, 2, 4, 3, 3, 3, 2, 1, 1, 4, 3, 3, 4, 1, 4, 3, 3, 3, 4, 3, 2, 2, 3, 1, 4, 1, 2, 1, 2, 4, 1, 2, 1, 3, 2, 1, 1, 2, 1, 4, 1, 2, 4, 1, 3, 1, 1, 4, 1, 3, 1, 3, 1, 1, 3, 3, 2, 3, 4] [7, 8, 8, 4, 5, 8, 5, 5, 7, 7, 5, 6, 7, 5, 6, 4, 6, 8, 6, 7, 6, 7, 6, 6, 6, 7, 5, 5, 4, 4, 6, 7, 7, 6, 3, 7, 6, 5, 6, 7, 5, 4, 5, 7, 5, 6, 4, 5, 3, 5, 8, 5, 6, 4, 6, 6, 3, 4, 4, 3, 8, 4, 5, 6, 5, 7, 4, 3, 8, 4, 7, 3, 5, 5, 3, 5, 5, 5, 5, 8]
A_16 17 A 16 [3, 1, 2, 3, 1, 4, 2, 1, 4, 4, 3, 3, 1, 4, 2, 2, 4, 4, 4, 2, 1, 4, 1, 4, 2, 2, 2, 4, 4, 2, 2, 3, 2, 1, 3, 1, 2, 4, 3, 4, 3, 3, 2, 3, 2, 2, 2, 3, 2, 2, 4, 2, 4, 3, 1, 2, 1, 2, 4, 1, 2, 3, 1, 4, 4, 1, 1, 1, 2, 1, 2, 4, 1, 4, 1, 4, 4, 2, 3, 3] [6, 5, 5, 6, 5, 7, 4, 4, 6, 8, 5, 7, 3, 7, 6, 6, 6, 7, 8, 6, 4, 6, 5, 6, 5, 5, 5, 8, 8, 4, 4, 5, 6, 5, 6, 5, 4, 6, 6, 6, 5, 7, 5, 6, 5, 6, 5, 6, 6, 6, 6, 5, 6, 5, 5, 6, 5, 6, 7, 3, 5, 7, 3, 8, 8, 5, 5, 3, 4, 5, 4, 6, 3, 7, 3, 7, 6, 4, 6, 7]
A_17 19.58 A 17 [4, 1, 4, 4, 4, 3, 4, 3, 2, 2, 4, 1, 4, 1, 2, 4, 4, 3, 4, 1, 2, 3, 3, 3, 3, 4, 1, 2, 1, 4, 1, 4, 3, 1, 1, 3, 3, 1, 2, 3, 2, 3, 3, 3, 2, 4, 1, 4, 3, 2, 2, 4, 4, 1, 3, 1, 1, 2, 3, 1, 3, 2, 1, 1, 3, 1, 2, 4, 3, 2, 2, 2, 4, 3, 2, 1, 1, 1, 1, 2] [6, 5, 8, 6, 7, 7, 7, 7, 6, 6, 8, 3, 8, 5, 6, 8, 7, 5, 6, 5, 6, 5, 5, 7, 6, 6, 5, 6, 4, 6, 3, 6, 5, 4, 3, 5, 6, 3, 4, 7, 5, 5, 5, 7, 5, 8, 4, 6, 6, 6, 6, 6, 6, 5, 6, 5, 4, 4, 6, 3, 6, 6, 4, 3, 5, 3, 4, 6, 7, 6, 6, 5, 7, 6, 6, 5, 3, 5, 4, 5]
A_18 20.58 A 18 [3, 4, 1, 1, 2, 3, 2, 4, 4, 4, 2, 4, 2, 1, 2, 2, 4, 4, 1, 4, 4, 3, 2, 2, 4, 3, 4, 1, 3, 2, 2, 4, 3, 2, 1, 4, 3, 3, 1, 1, 1, 4, 4, 2, 4, 1, 1, 4, 3, 2, 4, 2, 1, 1, 3, 1, 3, 3, 4, 4, 2, 4, 3, 1, 4, 1, 1, 4, 2, 4, 2, 3, 3, 1, 4, 4, 4, 4, 3, 2] [5, 6, 5, 3, 4, 6, 4, 7, 8, 8, 5, 7, 4, 4, 4, 6, 8, 6, 4, 8, 8, 5, 6, 4, 6, 7, 7, 3, 7, 5, 5, 8, 5, 5, 3, 8, 6, 6, 5, 5, 5, 7, 7, 6, 8, 5, 3, 6, 7, 6, 6, 4, 5, 5, 5, 4, 5, 6, 8, 7, 6, 7, 6, 4, 8, 4, 5, 8, 5, 7, 5, 6, 6, 5, 6, 8, 8, 6, 5, 4]
A_19 21.58 A 19 [1, 1, 4, 4, 4, 1, 2, 4, 4, 4, 4, 1, 2, 4, 1, 4, 2, 1, 4, 4, 2, 4, 1, 3, 1, 3, 2, 2, 4, 4, 3, 4, 1, 3, 4, 2, 1, 2, 2, 2, 3, 4, 2, 2, 1, 4, 4, 1, 2, 4, 2, 4, 3, 3, 3, 2, 4, 3, 3, 2, 3, 1, 3, 3, 4, 2, 2, 3, 1, 2, 3, 2, 4, 3, 1, 2, 3, 2, 4, 1] [4, 4, 8, 7, 8, 4, 5, 8, 8, 6, 8, 3, 4, 6, 5, 7, 6, 5, 8, 7, 4, 8, 5, 6, 3, 6, 6, 4, 6, 8, 5, 8, 3, 7, 6, 4, 4, 4, 6, 5, 6, 6, 5, 5, 4, 7, 8, 4, 4, 6, 4, 8, 5, 7, 6, 5, 8, 5, 7, 6, 6, 3, 5, 5, 8, 6, 6, 5, 4, 5, 6, 6, 7, 5, 4, 5, 7, 4, 6, 4]
A_20 22.72 A 20 [4, 1, 2, 2, 3, 1, 1, 3, 1, 4, 1, 2, 2, 2, 4, 2, 1, 2, 4, 2, 3, 1, 1, 4, 2, 2, 2, 3, 3, 4, 1, 3, 2, 2, 2, 4, 3, 2, 3, 4, 4, 3, 2, 3, 2, 4, 4, 2, 4, 1, 2, 4, 2, 1, 2, 3, 4, 3, 3, 4, 2, 4, 2, 1, 3, 2, 1, 3, 1, 1, 2, 1, 3, 1, 2, 4, 2, 1, 1, 4] [7, 5, 4, 4, 6, 3, 5, 6, 4, 6, 3, 6, 5, 6, 8, 6, 4, 6, 8, 4, 7, 5, 3, 8, 5, 4, 4, 5, 5, 7, 4, 5, 5, 4, 5, 7, 7, 5, 7, 7, 8, 7, 5, 5, 6, 6, 7, 6, 7, 3, 4, 7, 5, 5, 4, 5, 8, 6, 5, 6, 4, 7, 6, 5, 7, 5, 3, 5, 4, 3, 4, 4, 7, 5, 4, 8, 6, 5, 5, 6]
A_21 23.72 A 21 [1, 1, 3, 1, 1, 3, 1, 4, 3, 4, 2, 1, 2, 1, 1, 3, 4, 3, 3, 4, 1, 2, 1, 1, 4, 3, 1, 2, 2, 4, 3, 2, 4, 3, 4, 4, 1, 3, 2, 2, 2, 1, 2, 2, 2, 2, 4, 1, 2, 1, 1, 2, 1, 1, 1, 1, 1, 4, 2, 4, 2, 2, 2, 2, 4, 4, 4, 3, 4, 1, 2, 1, 3, 4, 4, 2, 3, 1, 3, 4] [4, 4, 6, 4, 4, 7, 3, 8, 5, 8, 4, 5, 5, 3, 3, 7, 6, 5, 5, 8, 5, 5, 5, 3, 8, 5, 4, 4, 5, 7, 5, 5, 8, 7, 6, 8, 4, 7, 6, 4, 6, 3, 4, 6, 4, 5, 7, 3, 5, 5, 3, 4, 4, 5, 3, 3, 5, 8, 5, 8, 4, 6, 6, 5, 7, 7, 8, 5, 6, 3, 6, 3, 7, 6, 7, 4, 6, 3, 7, 8]
A_22 25.45 A 22 [4, 4, 3, 2, 1, 1, 3, 2, 2, 2, 4, 4, 3, 4, 2, 2, 1, 3, 2, 1, 1, 1, 3, 4, 1, 1, 4, 2, 3, 2, 4, 1, 2, 2, 2, 2, 1, 3, 1, 1, 4, 1, 2, 4, 1, 2, 2, 3, 3, 3, 1, 3, 1, 1, 3, 4, 3, 4, 3, 1, 3, 1, 4, 4, 4, 4, 4, 2, 3, 4, 3, 4, 4, 1, 4, 3, 4, 3, 1, 1] [6, 6, 5, 6, 3, 4, 5, 5, 4, 6, 6, 6, 5, 7, 4, 6, 5, 5, 6, 5, 3, 5, 5, 6, 4, 5, 8, 4, 5, 6, 8, 4, 6, 4, 5, 5, 5, 6, 5, 3, 7, 3, 4, 8, 3, 4, 4, 7, 7, 5, 4, 7, 4, 4, 6, 8, 7, 7, 5, 4, 6, 3, 7, 6, 8, 6, 6, 5, 7, 8, 7, 8, 6, 4, 7, 7, 6, 6, 3, 5]
A_23 26.45 A 23 [4, 1, 4, 4, 1, 2, 3, 1, 1, 4, 2, 1, 1, 4, 2, 4, 4, 3, 2, 3, 4, 1, 4, 3, 3, 3, 2, 1, 4, 4, 4, 2, 2, 2, 1, 2, 2, 1, 3, 2, 4, 2, 4, 2, 4, 4, 2, 2, 4, 3, 2, 1, 2, 4, 2, 2, 4, 3, 3, 2, 2, 3, 4, 1, 3, 2, 4, 3, 1, 3, 1, 2, 2, 3, 2, 3, 4, 4, 1, 4] [6, 5, 6, 8, 4, 6, 7, 3, 5, 6, 5, 5, 3, 8, 4, 6, 6, 7, 4, 6, 8, 3, 6, 5, 6, 7, 6, 3, 6, 8, 8, 6, 5, 6, 3, 6, 6, 3, 5, 5, 6, 6, 7, 6, 6, 8, 5, 5, 7, 6, 5, 3, 5, 7, 4, 6, 8, 5, 5, 4, 6, 5, 6, 3, 5, 4, 7, 6, 5, 6, 4, 5, 6, 6, 4, 6, 8, 8, 4, 7]
A_24 27.45 A 24 [3, 3, 2, 3, 2, 1, 1, 2, 1, 3, 4, 3, 4, 1, 3, 3, 2, 3, 4, 1, 2, 4, 1, 3, 3, 1, 1, 4, 4, 3, 2, 3, 3, 3, 1, 4, 2, 2, 3, 3, 4, 3, 2, 1, 2, 4, 3, 4, 2, 4, 4, 2, 3, 4, 3, 4, 1, 4, 1, 3, 2, 3, 4, 3, 2, 2, 1, 1, 3, 4, 2, 1, 3, 2, 1, 4, 4, 1, 2, 2] [6, 6, 4, 6, 4, 3, 3, 6, 4, 7, 8, 5, 7, 4, 6, 6, 5, 6, 6, 3, 5, 8, 4, 6, 5, 3, 5, 6, 8, 6, 4, 5, 5, 6, 3, 7, 6, 4, 6, 5, 8, 7, 6, 3, 4, 8, 5, 6, 6, 8, 8, 4, 5, 7, 6, 8, 4, 6, 3, 6, 5, 5, 7, 7, 4, 6, 3, 3, 5, 7, 6, 5, 7, 5, 3, 6, 8, 4, 6, 4]
A_25 29.41 A 25 [3, 3, 3, 3, 2, 2, 1, 3, 3, 3, 2, 3, 1, 3, 2, 3, 2, 4, 3, 3, 2, 3, 1, 3, 1, 2, 1, 2, 2, 4, 4, 2, 1, 2, 2, 2, 3, 3, 3, 2, 2, 1, 3, 4, 2, 3, 4, 3, 3, 4, 4, 1, 4, 3, 4, 1, 1, 2, 4, 4, 2, 3, 1, 3, 3, 2, 4, 2, 1, 2, 4, 4, 1, 1, 1, 4, 4, 4, 4, 1] [5, 5, 5, 5, 6, 5, 5, 5, 5, 7, 6, 7, 4, 5, 5, 7, 5, 6, 7, 6, 4, 5, 5, 7, 3, 4, 3, 6, 4, 6, 6, 5, 5, 5, 5, 4, 7, 5, 6, 6, 4, 3, 5, 7, 6, 6, 7, 6, 6, 7, 6, 4, 8, 5, 7, 3, 3, 4, 8, 8, 4, 5, 4, 5, 7, 5, 6, 6, 4, 6, 7, 8, 4, 3, 5, 8, 7, 6, 8, 5]
A_26 32.33 A 26 [4, 4, 1, 3, 3, 3, 3, 4, 2, 1, 2, 4, 2, 1, 2, 3, 2, 1, 4, 2, 2, 1, 4, 2, 1, 1, 2, 4, 4, 2, 3, 2, 1, 4, 1, 3, 1, 2, 2, 4, 3, 1, 2, 1, 2, 2, 2, 2, 1, 4, 3, 2, 4, 3, 4, 1, 3, 2, 2, 1, 1, 4, 2, 2, 3, 1, 3, 1, 1, 4, 3, 1, 3, 4, 1, 3, 4, 2, 3, 2] [8, 6, 3, 7, 6, 5, 5, 6, 4, 5, 6, 8, 5, 4, 6, 5, 5, 5, 7, 6, 4, 4, 8, 6, 5, 3, 5, 6, 7, 6, 5, 6, 3, 7, 3, 6, 3, 4, 5, 6, 7, 4, 6, 5, 6, 5, 5, 6, 4, 8, 6, 4, 8, 6, 6, 4, 5, 4, 5, 5, 4, 8, 5, 6, 5, 3, 6, 3, 4, 8, 5, 3, 6, 6, 4, 6, 8, 5, 5, 4]
A_27 33.33 A 27 [1, 3, 4, 4, 1, 4, 4, 4, 2, 2, 3, 2, 4, 2, 3, 2, 4, 2, 1, 2, 3, 2, 2, 1, 4, 2, 4, 1, 1, 3, 1, 2, 2, 1, 3, 1, 3, 2, 3, 1, 1, 2, 4, 3, 2, 2, 4, 2, 4, 2, 2, 1, 4, 4, 3, 1, 1, 2, 2, 4, 4, 3, 2, 1, 3, 4, 3, 2, 2, 4, 2, 1, 3, 2, 2, 1, 2, 1, 3, 4] [5, 5, 8, 8, 4, 7, 6, 6, 6, 6, 6, 6, 6, 5, 7, 5, 8, 6, 3, 4, 5, 4, 4, 3, 6, 6, 6, 3, 5, 6, 5, 5, 6, 3, 6, 4, 6, 6, 7, 4, 3, 4, 8, 7, 6, 4, 8, 6, 6, 6, 6, 4, 6, 7, 7, 5, 4, 5, 6, 8, 6, 5, 6, 5, 6, 6, 6, 4, 6, 6, 6, 3, 6, 5, 4, 3, 4, 3, 6, 8]
A_28 34.33 A 28 [3, 4, 3, 4, 4, 2, 4, 3, 3, 1, 4, 1, 4, 1, 2, 1, 4, 1, 3, 4, 3, 2, 3, 4, 4, 2, 4, 1, 3, 4, 4, 3, 3, 2, 2, 2, 4, 1, 3, 2, 1, 4, 2, 2, 2, 3, 2, 3, 2, 1, 3, 4, 3, 1, 4, 1, 3, 4, 3, 1, 3, 3, 4, 3, 3, 2, 3, 2, 1, 4, 2, 1, 1, 1, 2, 1, 1, 4, 2, 2] [5, 8, 6, 7, 8, 4, 7, 6, 6, 3, 6, 4, 8, 5, 5, 4, 8, 4, 7, 6, 5, 5, 5, 6, 8, 4, 7, 5, 6, 8, 8, 7, 7, 6, 6, 4, 7, 4, 5, 6, 3, 6, 4, 4, 6, 6, 6, 6, 4, 4, 5, 7, 7, 5, 7, 3, 6, 7, 5, 3, 7, 6, 7, 5, 7, 6, 5, 5, 4, 6, 5, 4, 4, 4, 5, 5, 3, 8, 6, 4]
A_29 35.33 A 29 [3, 1, 4, 1, 2, 3, 4, 2, 2, 2, 3, 3, 1, 2, 2, 1, 2, 4, 2, 4, 4, 4, 2, 4, 3, 4, 2, 3, 4, 1, 1, 1, 2, 1, 4, 3, 3, 1, 1, 4, 1, 3, 1, 4, 2, 2, 4, 2, 2, 1, 2, 3, 4, 3, 4, 2, 4, 2, 2, 2, 3, 1, 1, 4, 1, 3, 4, 4, 1, 1, 1, 3, 3, 4, 3, 4, 4, 3, 1, 1] [6, 3, 6, 3, 5, 5, 7, 4, 5, 5, 5, 6, 3, 5, 6, 4, 4, 6, 5, 8, 7, 7, 6, 8, 6, 6, 6, 6, 8, 4, 4, 5, 5, 4, 6, 5, 7, 5, 4, 7, 5, 6, 3, 7, 5, 5, 6, 6, 6, 5, 6, 5, 6, 7, 7, 6, 8, 4, 5, 6, 5, 4, 5, 7, 4, 6, 6, 6, 3, 4, 3, 6, 7, 8, 5, 6, 8, 6, 5, 5]
A_30 36.33 A 30 [3, 4, 4, 3, 4, 1, 1, 4, 4, 4, 3, 3, 4, 2, 3, 4, 2, 1, 2, 3, 1, 3, 4, 4, 2, 4, 3, 1, 4, 1, 2, 4, 3, 3, 3, 2, 3, 2, 1, 2, 3, 3, 1, 2, 1, 4, 4, 2, 4, 2, 3, 1, 1, 2, 3, 3, 2, 2, 3, 3, 4, 3, 2, 3, 2, 2, 3, 2, 3, 1, 2, 2, 4, 3, 3, 1, 3, 1, 1, 4] [6, 8, 7, 5, 7, 3, 3, 8, 8, 7, 6, 5, 8, 4, 6, 6, 4, 3, 5, 5, 4, 5, 8, 8, 4, 6, 5, 5, 8, 4, 5, 7, 5, 6, 5, 5, 5, 4, 4, 5, 7, 7, 4, 4, 5, 6, 8, 5, 7, 4, 7, 5, 4, 6, 5, 7, 4, 5, 7, 5, 7, 7, 6, 7, 4, 6, 5, 5, 7, 5, 4, 4, 7, 5, 6, 5, 6, 4, 4, 7]
A_31 37.33 A 31 [2, 4, 1, 4, 3, 1, 4, 3, 4, 3, 4, 2, 3, 2, 1, 3, 3, 4, 4, 4, 3, 2, 1, 2, 3, 2, 2, 2, 3, 1, 4, 3, 2, 4, 2, 4, 3, 3, 4, 1, 4, 1, 3, 2, 1, 2, 2, 2, 4, 4, 3, 3, 4, 2, 2, 1, 4, 3, 2, 2, 4, 2, 4, 1, 4, 1, 4, 3, 3, 3, 4, 4, 1, 1, 4, 1, 2, 4, 4, 1] [6, 7, 4, 8, 7, 5, 8, 5, 8, 7, 8, 5, 7, 4, 5, 7, 5, 6, 8, 8, 5, 5, 4, 6, 5, 5, 6, 5, 7, 5, 7, 6, 5, 7, 5, 7, 7, 6, 7, 4, 8, 4, 7, 5, 5, 5, 5, 4, 8, 7, 5, 6, 6, 4, 4, 3, 8, 7, 6, 6, 7, 4, 7, 5, 8, 3, 7, 5, 5, 5, 8, 6, 5, 3, 6, 5, 6, 8, 6, 4]
A_32 38.33 A 32 [3, 3, 3, 1, 1, 4, 2, 4, 1, 1, 1, 2, 3, 3, 2, 3, 2, 3, 3, 1, 2, 4, 2, 2, 3, 1, 1, 2, 3, 2, 3, 2, 2, 3, 2, 2, 3, 3, 4, 3, 1, 3, 1, 3, 1, 1, 4, 2, 4, 3, 1, 3, 2, 1, 1, 2, 1, 1, 1, 1, 3, 3, 3, 2, 4, 1, 3, 4, 2, 1, 4, 4, 4, 4, 4, 4, 4, 4, 3, 3] [7, 6, 6, 4, 3, 6, 4, 8, 5, 5, 5, 5, 7, 7, 5, 7, 6, 5, 5, 3, 5, 8, 6, 5, 5, 5, 3, 6, 7, 5, 5, 5, 6, 7, 4, 6, 6, 5, 8, 7, 5, 6, 3, 7, 5, 4, 7, 5, 7, 6, 4, 7, 6, 5, 5, 6, 4, 3, 3, 5, 5, 7, 6, 6, 8, 4, 6, 8, 4, 3, 6, 6, 6, 6, 7, 8, 6, 7, 5, 5]
A_33 39.33 A 33 [1, 2, 3, 1, 1, 3, 4, 4, 4, 1, 2, 4, 3, 4, 4, 4, 1, 1, 2, 3, 2, 3, 2, 2, 3, 2, 4, 1, 2, 1, 3, 4, 3, 3, 3, 1, 1, 3, 3, 3, 4, 3, 3, 3, 2, 4, 4, 1, 2, 3, 2, 1, 3, 1, 1, 1, 2, 3, 3, 2, 4, 3, 1, 4, 4, 3, 3, 3, 4, 4, 1, 2, 2, 1, 1, 1, 4, 1, 2, 2] [5, 4, 7, 3, 5, 7, 8, 6, 8, 4, 5, 6, 6, 7, 8, 6, 5, 4, 5, 7, 4, 7, 4, 6, 6, 5, 7, 3, 6, 4, 6, 7, 7, 5, 5, 5, 3, 5, 7, 6, 8, 6, 6, 5, 5, 8, 7, 4, 5, 7, 4, 3, 5, 5, 5, 4, 6, 6, 5, 4, 7, 5, 3, 8, 7, 7, 6, 7, 8, 7, 5, 6, 5, 5, 4, 5, 7, 3, 4, 6]
A_34 41.21 A 34 [4, 4, 1, 2, 1, 4, 1, 3, 3, 2, 4, 3, 3, 2, 1, 1, 3, 1, 1, 4, 2, 4, 2, 1, 1, 2, 1, 3, 2, 4, 3, 2, 2, 3, 3, 4, 3, 3, 3, 2, 2, 3, 2, 2, 2, 3, 4, 2, 2, 3, 1, 3, 4, 3, 1, 3, 1, 4, 2, 4, 2, 2, 3, 3, 2, 2, 4, 1, 1, 2, 1, 2, 4, 3, 4, 2, 3, 1, 3, 1] [6, 7, 4, 5, 5, 8, 3, 5, 6, 5, 7, 6, 7, 4, 4, 3, 6, 3, 3, 6, 5, 6, 5, 3, 3, 5, 3, 6, 6, 6, 5, 5, 4, 5, 7, 8, 5, 6, 7, 5, 4, 6, 4, 4, 5, 6, 8, 6, 5, 5, 3, 5, 7, 7, 5, 5, 3, 7, 5, 8, 6, 6, 6, 7, 6, 5, 7, 4, 3, 6, 5, 6, 7, 6, 8, 5, 6, 4, 7, 3]
A_35 42.21 A 35 [4, 3, 1, 3, 4, 1, 1, 1, 3, 2, 1, 1, 2, 3, 1, 4, 1, 3, 4, 2, 4, 4, 2, 2, 4, 2, 3, 1, 2, 3, 2, 4, 2, 1, 4, 4, 3, 2, 1, 2, 1, 4, 4, 1, 2, 3, 3, 2, 1, 4, 2, 3, 4, 1, 4, 1, 3, 2, 2, 4, 2, 3, 1, 4, 4, 2, 4, 1, 4, 4, 3, 4, 4, 2, 1, 1, 2, 1, 2, 3] [7, 6, 4, 6, 6, 3, 3, 3, 6, 5, 3, 4, 5, 7, 4, 7, 5, 5, 8, 4, 7, 8, 5, 6, 7, 4, 6, 4, 4, 5, 5, 7, 6, 5, 8, 7, 6, 5, 4, 6, 5, 7, 7, 5, 4, 7, 6, 4, 4, 7, 5, 7, 8, 4, 6, 5, 5, 6, 6, 7, 4, 7, 5, 7, 8, 6, 8, 5, 8, 6, 6, 8, 8, 6, 5, 3, 6, 3, 4, 5]
A_36 44.660000000000004 A 36 [3, 4, 2, 3, 2, 1, 3, 3, 2, 4, 3, 3, 3, 4, 1, 3, 2, 3, 3, 1, 3, 1, 1, 2, 2, 3, 1, 3, 4, 3, 3, 3, 3, 1, 3, 3, 1, 4, 1, 2, 2, 1, 3, 2, 4, 3, 2, 3, 2, 1, 3, 4, 3, 4, 2, 1, 1, 4, 4, 2, 4, 2, 1, 2, 3, 3, 3, 3, 4, 1, 1, 3, 2, 2, 2, 3, 2, 3, 4, 3] [7, 6, 5, 5, 6, 5, 7, 5, 5, 6, 6, 5, 7, 6, 4, 6, 4, 6, 6, 4, 7, 4, 5, 6, 6, 7, 3, 6, 7, 7, 5, 7, 6, 3, 5, 6, 3, 7, 4, 6, 6, 4, 7, 5, 8, 6, 4, 6, 6, 4, 5, 7, 7, 7, 6, 3, 3, 7, 6, 6, 8, 4, 4, 6, 6, 6, 6, 6, 7, 4, 5, 5, 5, 4, 5, 7, 5, 7, 8, 5]
A_37 45.660000000000004 A 37 [2, 3, 1, 1, 2, 2, 3, 4, 1, 3, 1, 2, 3, 1, 4, 3, 4, 1, 3, 2, 2, 3, 3, 1, 2, 3, 2, 2, 1, 1, 2, 3, 3, 3, 3, 2, 4, 2, 1, 3, 2, 1, 2, 1, 1, 4, 1, 1, 3, 2, 4, 1, 4, 1, 2, 1, 1, 3, 4, 2, 3, 3, 1, 3, 2, 3, 1, 1, 3, 4, 4, 4, 3, 1, 3, 3, 4, 4, 4, 1] [5, 7, 3, 3, 5, 5, 7, 7, 3, 5, 4, 4, 6, 3, 8, 5, 6, 3, 6, 4, 5, 7, 6, 3, 4, 5, 4, 6, 4, 5, 4, 6, 5, 5, 6, 5, 7, 6, 3, 6, 6, 4, 6, 3, 3, 6, 5, 4, 7, 4, 7, 5, 7, 3, 4, 3, 5, 5, 7, 5, 7, 5, 4, 6, 6, 6, 5, 3, 7, 6, 6, 6, 6, 5, 7, 7, 8, 6, 8, 5]
A_38 46.660000000000004 A 38 [4, 4, 1, 3, 2, 3, 4, 1, 4, 3, 1, 3, 3, 1, 4, 3, 3, 2, 1, 2, 3, 2, 1, 3, 3, 3, 2, 3, 3, 1, 1, 4, 4, 3, 3, 1, 1, 1, 2, 1, 4, 4, 1, 1, 4, 2, 1, 3, 3, 2, 1, 1, 2, 1, 1, 2, 4, 1, 4, 4, 1, 1, 1, 2, 2, 4, 1, 1, 3, 1, 1, 1, 4, 1, 4, 1, 4, 2, 1, 1] [8, 6, 3, 7, 6, 7, 7, 3, 8, 5, 5, 5, 7, 4, 8, 6, 6, 4, 5, 6, 7, 6, 5, 5, 6, 6, 5, 7, 5, 4, 4, 7, 8, 7, 7, 4, 4, 3, 5, 4, 7, 6, 5, 4, 6, 5, 4, 7, 5, 6, 3, 5, 4, 3, 5, 5, 7, 3, 6, 7, 4, 4, 4, 5, 5, 7, 5, 3, 5, 3, 5, 3, 8, 3, 7, 3, 7, 4, 5, 4]
A_39 47.660000000000004 A 39 [4, 3, 2, 1, 2, 4, 3, 4, 1, 4, 3, 4, 2, 1, 3, 4, 4, 3, 1, 2, 4, 2, 1, 2, 3, 2, 4, 1, 2, 4, 2, 1, 3, 3, 2, 2, 2, 3, 1, 4, 4, 3, 1, 3, 1, 4, 3, 3, 3, 4, 3, 3, 1, 1, 1, 4, 1, 4, 4, 4, 4, 1, 2, 1, 1, 1, 4, 3, 3, 1, 2, 2, 2, 1, 4, 2, 2, 4, 1, 3] [7, 7, 4, 5, 5, 8, 6, 6, 5, 7, 6, 8, 4, 5, 5, 7, 6, 7, 5, 5, 7, 4, 3, 5, 5, 6, 6, 4, 6, 7, 5, 4, 7, 6, 5, 6, 6, 6, 4, 6, 6, 6, 5, 5, 4, 7, 5, 7, 6, 7, 6, 6, 5, 3, 5, 8, 4, 7, 6, 6, 7, 3, 6, 5, 5, 5, 7, 7, 6, 4, 6, 6, 5, 4, 6, 6, 5, 6, 4, 7]
B_0 1 B 40 [4, 3, 1, 4, 1, 2, 3, 4, 1, 1, 3, 2, 2, 4, 2, 3, 3, 2, 1, 3, 4, 2, 4, 4, 4, 2, 3, 1, 1, 1, 3, 4, 1, 4, 2, 1, 2, 2, 4, 4, 2, 4, 1, 3, 2, 3, 4, 2, 4, 4, 2, 3, 3, 3, 1, 3, 2, 4, 1, 1, 1, 3, 1, 1, 1, 4, 4, 4, 3, 3, 2, 1, 3, 3, 1, 1, 3, 2, 3, 2] [8, 7, 5, 8, 4, 4, 5, 7, 4, 5, 6, 4, 6, 6, 5, 5, 5, 5, 5, 6, 8, 6, 7, 6, 8, 4, 7, 3, 3, 5, 7, 8, 5, 8, 4, 5, 6, 6, 7, 6, 6, 6, 3, 6, 6, 5, 7, 4, 8, 7, 4, 6, 5, 7, 4, 5, 6, 8, 5, 4, 4, 5, 4, 4, 3, 7, 7, 8, 5, 5, 5, 4, 7, 6, 3, 4, 7, 6, 6, 4]
B_1 2 B 41 [4, 2, 4, 1, 1, 2, 1, 4, 2, 3, 2, 3, 2, 3, 1, 2, 3, 3, 4, 4, 3, 1, 1, 2, 3, 1, 1, 2, 4, 3, 3, 1, 3, 3, 3, 4, 1, 1, 4, 3, 4, 2, 2, 2, 2, 3, 2, 3, 1, 1, 2, 4, 3, 3, 2, 4, 2, 3, 3, 3, 2, 4, 4, 1, 1, 2, 3, 2, 1, 2, 2, 2, 1, 2, 3, 4, 2, 4, 4, 1] [6, 5, 6, 5, 4, 6, 3, 8, 5, 5, 4, 5, 6, 6, 4, 4, 7, 5, 7, 6, 7, 3, 3, 6, 7, 3, 4, 4, 6, 6, 7, 4, 6, 6, 6, 7, 4, 4, 6, 6, 6, 6, 4, 4, 6, 7, 5, 5, 5, 4, 4, 8, 5, 5, 5, 7, 6, 6, 6, 5, 6, 6, 8, 4, 5, 6, 5, 5, 4, 5, 6, 5, 4, 6, 5, 6, 5, 6, 8, 5]
B_2 3.65 B 42 [1, 1, 1, 3, 4, 2, 2, 2, 1, 2, 1, 1, 3, 4, 4, 2, 2, 3, 4, 2, 2, 2, 2, 4, 2, 3, 2, 4, 2, 1, 1, 3, 1, 3, 2, 4, 3, 2, 1, 1, 1, 2, 2, 2, 3, 2, 4, 1, 4, 2, 1, 4, 2, 2, 2, 4, 1, 4, 2, 1, 4, 2, 1, 3, 2, 2, 2, 4, 4, 1, 2, 2, 3, 1, 4, 4, 4, 3, 3, 1] [3, 3, 4, 5, 8, 6, 4, 4, 3, 5, 5, 4, 7, 6, 8, 5, 5, 5, 7, 5, 5, 4, 4, 7, 6, 5, 6, 8, 4, 3, 4, 7, 3, 6, 4, 7, 7, 6, 5, 5, 3, 4, 5, 6, 7, 4, 6, 4, 6, 5, 3, 6, 6, 4, 5, 8, 4, 7, 5, 3, 7, 5, 3, 7, 5, 4, 5, 7, 8, 5, 6, 5, 5, 5, 7, 8, 7, 7, 6, 5]
B_3 4.85 B 43 [1, 2, 1, 4, 4, 2, 1, 3, 3, 1, 2, 2, 2, 2, 2, 3, 3, 3, 2, 2, 3, 2, 4, 2, 1, 4, 1, 3, 2, 4, 2, 2, 3, 3, 2, 1, 2, 1, 1, 3, 3, 2, 2, 3, 3, 4, 3, 4, 1, 2, 4, 3, 4, 3, 3, 1, 1, 2, 1, 2, 3, 4, 3, 4, 2, 2, 4, 3, 4, 4, 4, 3, 1, 2, 2, 4, 2, 3, 1, 1] [5, 6, 4, 8, 8, 6, 3, 6, 5, 3, 5, 4, 5, 5, 6, 7, 6, 7, 6, 5, 5, 6, 8, 6, 3, 7, 5, 7, 4, 7, 4, 5, 7, 5, 4, 5, 5, 3, 4, 5, 6, 4, 6, 6, 6, 8, 5, 8, 3, 5, 7, 5, 8, 6, 6, 5, 4, 4, 5, 6, 5, 7, 6, 7, 4, 4, 7, 7, 7, 8, 8, 7, 5, 6, 4, 6, 5, 5, 4, 4]
B_4 5.85 B 44 [1, 4, 2, 2, 3, 2, 1, 3, 3, 4, 4, 2, 1, 2, 2, 1, 2, 2, 4, 1, 2, 2, 1, 4, 2, 2, 2, 2, 2, 2, 1, 1, 1, 2, 2, 2, 4, 1, 4, 1, 2, 2, 3, 3, 4, 3, 4, 3, 2, 3, 1, 3, 1, 3, 3, 4, 3, 4, 2, 1, 1, 4, 3, 2, 1, 4, 4, 2, 1, 3, 3, 4, 1, 4, 2, 3, 2, 3, 1, 1] [3, 6, 4, 6, 5, 4, 3, 5, 5, 6, 8, 5, 5, 5, 5, 5, 5, 5, 8, 4, 6, 4, 3, 6, 4, 6, 6, 6, 6, 5, 5, 5, 5, 5, 5, 4, 8, 3, 6, 4, 6, 6, 7, 6, 7, 5, 6, 6, 5, 7, 4, 6, 3, 7, 6, 6, 5, 7, 5, 5, 5, 8, 6, 5, 4, 6, 7, 5, 5, 6, 5, 8, 5, 6, 4, 7, 6, 5, 3, 5]
B_5 10.879999999999999 B 45 [4, 4, 1, 3, 4, 1, 1, 4, 3, 2, 4, 1, 3, 4, 2, 4, 2, 4, 1, 4, 4, 2, 2, 4, 4, 3, 2, 2, 3, 2, 4, 2, 1, 4, 3, 3, 3, 4, 2, 4, 3, 3, 2, 4, 3, 3, 4, 1, 3, 3, 1, 3, 3, 3, 4, 4, 2, 2, 2, 1, 4, 3, 1, 1, 4, 3, 2, 3, 3, 1, 3, 3, 3, 4, 3, 3, 3, 1, 4, 2] [8, 8, 5, 6, 7, 3, 4, 6, 7, 4, 7, 5, 7, 7, 4, 6, 6, 8, 5, 7, 6, 5, 4, 8, 8, 6, 5, 4, 6, 5, 6, 5, 4, 8, 6, 7, 6, 6, 5, 7, 5, 7, 4, 8, 5, 5, 8, 4, 7, 5, 3, 7, 7, 6, 8, 8, 5, 6, 4, 3, 6, 6, 5, 4, 7, 7, 4, 7, 6, 5, 7, 7, 7, 6, 7, 5, 7, 3, 7, 4]
B_6 13.85 B 46 [2, 3, 2, 3, 3, 3, 3, 2, 1, 4, 4, 2, 1, 1, 1, 1, 2, 1, 1, 4, 4, 4, 2, 2, 3, 4, 2, 4, 2, 4, 4, 2, 4, 4, 4, 3, 2, 1, 1, 3, 4, 2, 4, 3, 4, 4, 1, 4, 2, 1, 3, 2, 2, 2, 1, 3, 1, 3, 1, 1, 2, 1, 1, 1, 3, 2, 2, 1, 2, 4, 4, 3, 4, 1, 3, 4, 4, 4, 1, 4] [4, 7, 4, 6, 5, 6, 6, 4, 4, 8, 8, 4, 5, 3, 5, 4, 5, 4, 3, 8, 7, 7, 4, 5, 5, 7, 5, 8, 6, 6, 8, 5, 7, 7, 8, 6, 4, 5, 4, 5, 7, 5, 6, 5, 6, 8, 3, 7, 5, 3, 7, 5, 5, 4, 3, 7, 4, 5, 5, 4, 5, 4, 3, 3, 6, 5, 6, 4, 6, 6, 7, 6, 6, 5, 6, 7, 7, 8, 3, 8]
B_7 15.29 B 47 [1, 2, 4, 1, 2, 4, 1, 4, 2, 4, 1, 1, 4, 4, 1, 2, 3, 4, 4, 1, 2, 1, 3, 2, 4, 3, 2, 2, 3, 2, 2, 2, 2, 1, 2, 2, 3, 1, 3, 3, 2, 3, 1, 4, 3, 1, 4, 3, 4, 3, 4, 4, 3, 3, 1, 2, 3, 3, 4, 3, 1, 1, 3, 3, 1, 3, 4, 1, 1, 3, 2, 3, 3, 4, 4, 2, 1, 2, 3, 3] [3, 6, 6, 3, 5, 7, 4, 8, 4, 8, 4, 4, 6, 7, 3, 5, 6, 6, 6, 4, 6, 3, 7, 5, 6, 6, 6, 6, 6, 6, 5, 4, 5, 4, 6, 4, 6, 4, 7, 7, 4, 5, 4, 8, 6, 4, 7, 7, 6, 7, 7, 7, 6, 5, 3, 5, 6, 7, 6, 7, 5, 5, 6, 5, 4, 7, 6, 5, 5, 7, 6, 5, 6, 8, 8, 5, 3, 5, 6, 7]
B_8 16.29 B 48 [1, 2, 1, 3, 4, 3, 4, 3, 2, 2, 2, 1, 3, 4, 3, 1, 2, 3, 3, 2, 4, 2, 3, 4, 2, 3, 1, 4, 2, 2, 4, 4, 4, 2, 2, 1, 2, 3, 3, 3, 4, 1, 4, 1, 2, 3, 2, 4, 2, 3, 2, 3, 1, 3, 3, 2, 3, 4, 3, 4, 4, 1, 1, 3, 3, 1, 4, 1, 1, 3, 1, 2, 1, 4, 1, 4, 3, 4, 4, 4] [4, 5, 5, 5, 7, 5, 7, 5, 4, 6, 5, 3, 6, 8, 7, 3, 6, 6, 7, 4, 7, 5, 7, 7, 6, 6, 4, 6, 4, 6, 7, 8, 7, 5, 5, 4, 6, 7, 5, 6, 8, 5, 6, 3, 5, 7, 5, 6, 5, 7, 5, 5, 4, 7, 6, 4, 7, 6, 7, 8, 6, 5, 3, 7, 6, 4, 7, 5, 4, 6, 4, 5, 3, 8, 4, 7, 7, 7, 7, 6]
B_9 17.29 B 49 [2, 3, 2, 1, 4, 4, 4, 2, 4, 4, 3, 1, 1, 2, 1, 2, 2, 2, 2, 4, 1, 1, 3, 3, 4, 4, 4, 2, 1, 1, 2, 4, 3, 3, 3, 4, 1, 2, 2, 4, 4, 1, 2, 2, 3, 3, 1, 3, 3, 1, 2, 1, 1, 4, 2, 4, 2, 4, 4, 3, 2, 3, 2, 4, 4, 4, 2, 4, 1, 2, 2, 1, 1, 3, 4, 1, 3, 4, 4, 1] [6, 6, 5, 4, 7, 8, 7, 4, 8, 7, 5, 4, 3, 6, 5, 5, 6, 6, 6, 6, 3, 5, 5, 6, 8, 7, 8, 6, 4, 5, 4, 7, 6, 7, 5, 7, 4, 4, 6, 7, 7, 4, 5, 5, 7, 5, 3, 7, 7, 5, 5, 3, 3, 8, 4, 6, 5, 8, 7, 7, 5, 5, 6, 6, 6, 7, 6, 8, 4, 4, 5, 4, 3, 5, 7, 3, 7, 6, 8, 4]
B_10 18.29 B 50 [1, 3, 3, 2, 3, 3, 4, 1, 2, 3, 3, 1, 2, 4, 2, 4, 4, 2, 4, 2, 2, 1, 1, 2, 4, 4, 3, 2, 3, 2, 3, 3, 1, 2, 1, 2, 3, 4, 1, 3, 2, 2, 1, 4, 1, 1, 3, 4, 2, 2, 1, 4, 3, 4, 4, 4, 2, 3, 2, 3, 1, 4, 3, 3, 1, 3, 3, 3, 4, 2, 3, 2, 2, 4, 4, 3, 1, 4, 4, 4] [4, 5, 7, 5, 7, 6, 7, 5, 6, 6, 5, 4, 4, 8, 4, 8, 6, 6, 6, 4, 4, 3, 4, 5, 8, 6, 6, 6, 5, 6, 7, 5, 4, 4, 3, 5, 5, 7, 3, 6, 4, 4, 3, 7, 4, 3, 7, 7, 5, 5, 3, 6, 5, 7, 7, 6, 4, 6, 4, 6, 5, 8, 5, 6, 3, 6, 5, 6, 6, 5, 6, 4, 4, 8, 6, 7, 4, 6, 6, 6]
B_11 21.549999999999997 B 51 [2, 2, 1, 3, 1, 1, 1, 2, 4, 1, 1, 3, 3, 3, 3, 1, 2, 4, 2, 4, 4, 2, 3, 1, 2, 1, 2, 1, 4, 3, 1, 3, 3, 1, 3, 3, 4, 1, 1, 3, 3, 4, 4, 3, 3, 3, 2, 4, 3, 1, 4, 1, 4, 1, 4, 4, 3, 2, 3, 3, 4, 1, 3, 3, 3, 2, 4, 3, 1, 1, 3, 4, 4, 3, 4, 4, 1, 2, 2, 2] [4, 4, 5, 7, 5, 5, 4, 4, 8, 3, 3, 7, 5, 6, 6, 5, 5, 6, 4, 8, 7, 4, 7, 3, 4, 4, 4, 4, 7, 5, 5, 6, 7, 3, 5, 7, 7, 5, 5, 6, 6, 8, 6, 5, 6, 7, 5, 7, 5, 3, 6, 5, 6, 5, 7, 7, 7, 4, 5, 7, 7, 5, 7, 6, 5, 5, 6, 7, 4, 3, 7, 6, 6, 5, 8, 7, 5, 5, 6, 4]
B_12 25.4 B 52 [1, 2, 2, 3, 3, 2, 1, 4, 2, 1, 2, 3, 3, 3, 3, 2, 4, 4, 1, 3, 2, 1, 1, 2, 3, 4, 4, 4, 3, 4, 1, 4, 2, 3, 4, 4, 3, 4, 2, 1, 3, 3, 2, 4, 1, 3, 2, 3, 1, 1, 3, 4, 4, 3, 2, 1, 2, 1, 1, 2, 2, 3, 3, 4, 1, 4, 3, 2, 3, 1, 4, 4, 4, 1, 2, 2, 3, 3, 2, 4] [3, 6, 5, 6, 6, 6, 3, 7, 4, 3, 6, 7, 6, 5, 6, 6, 6, 6, 5, 5, 5, 4, 4, 5, 5, 8, 8, 6, 7, 6, 4, 6, 6, 5, 7, 8, 7, 7, 4, 5, 5, 5, 6, 8, 3, 7, 5, 6, 4, 3, 5, 6, 8, 7, 4, 3, 5, 3, 5, 4, 5, 5, 7, 8, 3, 6, 5, 6, 7, 3, 6, 8, 8, 5, 4, 4, 6, 5, 6, 7]
B_13 27.24 B 53 [4, 2, 1, 4, 2, 4, 1, 2, 4, 2, 1, 2, 3, 2, 4, 1, 3, 1, 1, 3, 1, 1, 1, 4, 4, 3, 3, 4, 1, 3, 2, 2, 1, 1, 3, 1, 4, 1, 1, 1, 3, 3, 2, 3, 3, 3, 2, 3, 3, 4, 4, 1, 3, 2, 3, 1, 3, 4, 2, 4, 2, 3, 4, 3, 2, 1, 3, 3, 2, 3, 1, 1, 4, 2, 2, 1, 1, 4, 3, 3] [7, 4, 5, 7, 4, 7, 3, 6, 6, 4, 4, 6, 6, 4, 7, 4, 5, 5, 5, 7, 5, 5, 4, 7, 7, 5, 6, 7, 5, 7, 6, 4, 5, 5, 7, 4, 7, 3, 3, 3, 7, 5, 4, 6, 7, 6, 4, 5, 7, 8, 7, 5, 7, 4, 6, 4, 5, 6, 6, 8, 6, 7, 6, 5, 5, 4, 6, 5, 6, 6, 4, 4, 7, 6, 4, 5, 3, 6, 7, 5]
B_14 29.009999999999998 B 54 [4, 3, 2, 2, 4, 4, 3, 4, 1, 2, 3, 4, 4, 1, 2, 3, 1, 3, 3, 3, 2, 1, 3, 2, 3, 4, 4, 3, 4, 4, 3, 2, 1, 1, 1, 4, 2, 2, 1, 1, 1, 2, 2, 3, 3, 4, 1, 1, 3, 2, 4, 4, 2, 3, 3, 3, 1, 1, 4, 3, 1, 2, 3, 4, 4, 1, 2, 2, 3, 4, 1, 4, 1, 1, 4, 1, 1, 3, 4, 4] [8, 5, 5, 4, 8, 7, 5, 6, 5, 4, 5, 8, 7, 4, 5, 6, 5, 6, 5, 6, 4, 3, 6, 4, 6, 7, 6, 7, 7, 7, 5, 4, 5, 5, 5, 6, 6, 4, 5, 5, 4, 5, 5, 6, 6, 8, 3, 3, 6, 4, 7, 7, 4, 6, 5, 7, 5, 5, 6, 5, 4, 5, 5, 7, 7, 3, 5, 6, 7, 6, 3, 8, 5, 4, 8, 5, 4, 5, 8, 7]
B_15 30.009999999999998 B 55 [3, 1, 2, 1, 4, 4, 1, 1, 2, 3, 3, 1, 4, 1, 3, 2, 2, 1, 1, 2, 3, 1, 4, 2, 4, 1, 1, 1, 1, 2, 3, 1, 2, 1, 3, 1, 1, 1, 2, 4, 3, 4, 4, 1, 4, 4, 3, 2, 2, 4, 4, 4, 1, 1, 3, 2, 2, 2, 3, 2, 3, 2, 1, 3, 3, 1, 3, 4, 2, 3, 2, 2, 2, 3, 4, 3, 2, 4, 3, 2] [7, 4, 4, 3, 6, 8, 3, 4, 6, 7, 5, 5, 6, 3, 6, 6, 6, 5, 4, 5, 5, 3, 8, 6, 8, 3, 4, 5, 3, 6, 7, 3, 6, 4, 5, 5, 3, 3, 5, 8, 5, 7, 8, 5, 6, 8, 7, 5, 4, 6, 6, 7, 3, 4, 7, 6, 6, 4, 7, 5, 5, 4, 3, 5, 6, 4, 5, 6, 6, 7, 5, 4, 5, 5, 6, 5, 4, 8, 5, 6]
B_16 31.06 B 56 [2, 3, 2, 3, 3, 3, 4, 3, 2, 4, 4, 3, 3, 3, 2, 1, 1, 1, 3, 4, 4, 1, 3, 4, 1, 1, 3, 1, 3, 4, 2, 4, 1, 2, 1, 3, 1, 1, 4, 1, 2, 2, 1, 1, 3, 2, 1, 3, 3, 2, 2, 3, 2, 3, 1, 2, 3, 3, 4, 3, 1, 2, 1, 3, 4, 2, 3, 3, 3, 2, 4, 2, 1, 1, 4, 4, 4, 4, 1, 2] [4, 7, 6, 6, 7, 5, 7, 5, 4, 8, 7, 5, 6, 5, 6, 3, 5, 4, 5, 8, 8, 5, 7, 8, 4, 3, 5, 4, 6, 8, 4, 8, 4, 6, 3, 5, 3, 5, 7, 4, 6, 6, 4, 4, 5, 5, 4, 6, 7, 5, 4, 7, 5, 5, 5, 6, 7, 5, 8, 6, 3, 4, 5, 7, 8, 4, 6, 6, 5, 6, 8, 6, 4, 5, 8, 7, 6, 8, 4, 4]
B_17 32.339999999999996 B 57 [4, 1, 1, 1, 2, 2, 1, 2, 2, 3, 3, 4, 4, 4, 3, 1, 2, 2, 3, 3, 3, 4, 4, 3, 4, 2, 2, 2, 4, 2, 2, 3, 1, 3, 4, 2, 4, 3, 1, 4, 4, 3, 4, 2, 4, 2, 3, 3, 4, 4, 3, 2, 1, 4, 1, 2, 3, 3, 3, 3, 3, 2, 2, 1, 3, 4, 1, 1, 2, 4, 3, 1, 1, 3, 2, 1, 1, 1, 4, 4] [6, 3, 5, 5, 6, 4, 4, 4, 6, 7, 6, 6, 6, 7, 6, 4, 6, 4, 6, 5, 6, 8, 7, 5, 6, 4, 4, 5, 7, 4, 5, 7, 3, 6, 7, 6, 7, 5, 3, 7, 8, 6, 7, 4, 7, 6, 5, 7, 6, 8, 6, 4, 3, 6, 5, 4, 5, 6, 7, 5, 5, 5, 4, 4, 5, 8, 5, 3, 4, 7, 5, 5, 3, 6, 6, 5, 5, 3, 7, 8]
B_18 33.339999999999996 B 58 [2, 1, 2, 2, 2, 2, 1, 2, 1, 4, 3, 2, 3, 1, 3, 2, 4, 3, 4, 3, 3, 2, 3, 3, 1, 4, 2, 2, 3, 2, 3, 2, 1, 3, 2, 2, 4, 4, 4, 4, 1, 3, 2, 1, 2, 2, 1, 4, 3, 4, 2, 3, 1, 2, 4, 3, 4, 3, 3, 4, 4, 4, 4, 1, 4, 3, 2, 4, 4, 1, 1, 4, 2, 3, 4, 3, 4, 3, 3, 1] [5, 3, 6, 4, 6, 4, 4, 6, 4, 7, 6, 6, 6, 3, 6, 4, 7, 6, 8, 7, 5, 5, 5, 5, 3, 8, 5, 6, 5, 5, 7, 6, 3, 5, 5, 6, 6, 7, 6, 6, 5, 6, 5, 5, 5, 4, 5, 6, 7, 7, 4, 5, 5, 6, 6, 7, 8, 7, 6, 8, 8, 6, 7, 3, 7, 7, 4, 8, 7, 4, 4, 8, 6, 5, 8, 5, 8, 7, 6, 4]
B_19 34.339999999999996 B 59 [2, 4, 2, 2, 3, 1, 1, 1, 2, 2, 3, 1, 4, 2, 3, 1, 1, 1, 4, 2, 4, 4, 1, 2, 3, 4, 1, 4, 1, 2, 3, 2, 1, 2, 4, 4, 2, 2, 4, 4, 1, 3, 1, 2, 1, 1, 1, 3, 4, 3, 3, 3, 2, 4, 3, 2, 3, 3, 4, 4, 2, 3, 2, 2, 1, 3, 1, 4, 2, 4, 1, 1, 1, 4, 1, 3, 1, 3, 4, 3] [6, 8, 5, 5, 7, 5, 3, 5, 6, 5, 6, 4, 8, 5, 6, 3, 3, 3, 7, 6, 6, 8, 4, 4, 6, 8, 5, 8, 3, 6, 5, 6, 5, 4, 8, 7, 6, 5, 7, 6, 4, 5, 3, 6, 5, 3, 4, 7, 8, 7, 6, 7, 4, 8, 5, 5, 6, 5, 8, 8, 6, 5, 4, 5, 4, 6, 4, 7, 4, 8, 5, 3, 4, 8, 5, 7, 5, 6, 7, 5]
B_20 35.339999999999996 B 60 [4, 4, 2, 2, 3, 1, 1, 2, 2, 4, 2, 4, 4, 4, 4, 4, 2, 3, 2, 3, 2, 2, 3, 2, 2, 2, 1, 4, 3, 3, 4, 4, 3, 4, 2, 2, 4, 3, 1, 4, 1, 2, 4, 3, 1, 4, 2, 1, 4, 2, 1, 4, 2, 2, 1, 3, 1, 3, 4, 2, 2, 2, 1, 4, 2, 2, 2, 1, 4, 4, 3, 2, 1, 4, 2, 2, 3, 3, 2, 3] [6, 6, 6, 6, 7, 3, 4, 5, 6, 8, 6, 6, 8, 6, 7, 8, 5, 6, 6, 6, 4, 4, 6, 6, 5, 4, 4, 6, 7, 5, 7, 7, 5, 7, 6, 4, 8, 7, 4, 7, 4, 6, 7, 5, 5, 6, 5, 5, 6, 5, 5, 7, 5, 6, 4, 5, 3, 5, 8, 6, 6, 6, 5, 6, 5, 6, 4, 4, 7, 6, 7, 6, 5, 6, 4, 4, 7, 6, 4, 5]
B_21 36.61 B 61 [2, 1, 4, 1, 2, 3, 2, 1, 2, 4, 4, 3, 2, 3, 1, 1, 3, 2, 4, 1, 4, 2, 1, 3, 3, 3, 4, 3, 3, 1, 3, 2, 3, 3, 2, 3, 2, 3, 1, 1, 3, 4, 2, 4, 4, 3, 1, 1, 1, 3, 4, 1, 3, 3, 2, 2, 2, 2, 4, 3, 2, 4, 1, 2, 3, 1, 2, 4, 2, 4, 2, 2, 3, 4, 2, 4, 1, 2, 1, 3] [5, 3, 7, 3, 5, 7, 5, 4, 5, 6, 6, 6, 4, 6, 4, 4, 7, 6, 7, 3, 7, 6, 3, 5, 5, 5, 8, 5, 6, 4, 7, 4, 7, 5, 6, 7, 4, 5, 4, 3, 5, 6, 5, 7, 8, 6, 4, 5, 5, 5, 8, 5, 5, 7, 5, 4, 4, 5, 6, 5, 6, 6, 5, 4, 6, 3, 6, 8, 6, 7, 4, 4, 6, 8, 5, 7, 5, 6, 5, 6]
B_22 37.68 B 62 [2, 4, 3, 4, 4, 1, 3, 2, 4, 1, 2, 4, 1, 3, 4, 2, 1, 1, 3, 3, 2, 2, 4, 4, 4, 1, 2, 2, 4, 1, 2, 4, 3, 1, 3, 1, 1, 1, 1, 2, 1, 4, 1, 3, 3, 1, 1, 3, 1, 2, 3, 3, 3, 4, 3, 1, 1, 2, 4, 2, 1, 1, 3, 2, 4, 2, 4, 4, 4, 1, 2, 2, 1, 3, 1, 1, 3, 2, 4, 1] [5, 8, 7, 6, 7, 5, 7, 4, 7, 4, 6, 7, 3, 6, 7, 5, 3, 4, 6, 5, 6, 6, 7, 6, 7, 4, 5, 6, 7, 5, 6, 7, 6, 3, 6, 5, 4, 4, 4, 6, 4, 8, 3, 6, 6, 5, 3, 6, 3, 6, 5, 7, 7, 6, 5, 3, 5, 4, 7, 4, 5, 5, 7, 4, 7, 4, 6, 6, 8, 5, 5, 4, 4, 7, 4, 3, 7, 4, 7, 4]
B_23 38.68 B 63 [3, 4, 1, 1, 3, 3, 1, 1, 1, 1, 1, 1, 3, 2, 3, 4, 4, 1, 1, 3, 1, 2, 4, 1, 3, 3, 2, 1, 3, 4, 3, 1, 2, 4, 3, 4, 2, 3, 2, 1, 1, 1, 3, 4, 2, 1, 1, 3, 3, 4, 3, 3, 4, 3, 4, 3, 3, 1, 1, 2, 4, 2, 2, 3, 2, 2, 2, 1, 4, 3, 2, 2, 3, 3, 3, 3, 2, 3, 4, 2] [5, 6, 3, 3, 6, 6, 5, 5, 4, 5, 4, 3, 7, 4, 6, 6, 8, 3, 4, 5, 5, 5, 6, 3, 7, 5, 6, 5, 5, 7, 7, 5, 6, 8, 7, 7, 6, 6, 5, 5, 4, 4, 7, 7, 5, 4, 3, 5, 7, 6, 6, 6, 8, 5, 7, 5, 7, 4, 3, 5, 6, 4, 4, 6, 4, 6, 5, 5, 6, 6, 4, 4, 5, 6, 7, 7, 6, 7, 6, 4]
B_24 40.2 B 64 [1, 4, 1, 4, 4, 3, 3, 1, 4, 2, 3, 2, 2, 4, 2, 1, 4, 3, 4, 4, 3, 4, 4, 3, 2, 3, 3, 3, 3, 1, 2, 4, 4, 4, 2, 4, 3, 2, 2, 1, 1, 1, 2, 2, 1, 4, 3, 1, 3, 4, 1, 3, 1, 2, 4, 3, 4, 3, 4, 1, 2, 3, 4, 2, 3, 2, 3, 1, 3, 1, 2, 1, 1, 3, 1, 1, 2, 1, 4, 3] [3, 8, 4, 8, 7, 7, 5, 5, 8, 5, 5, 5, 4, 7, 4, 5, 8, 5, 8, 8, 7, 7, 8, 5, 4, 7, 5, 6, 7, 4, 4, 8, 8, 7, 6, 8, 6, 6, 5, 5, 3, 5, 5, 4, 4, 7, 6, 4, 6, 6, 3, 5, 3, 5, 7, 6, 8, 5, 7, 4, 5, 6, 7, 4, 7, 5, 6, 5, 7, 3, 5, 5, 4, 5, 5, 5, 6, 5, 8, 6]
B_25 41.690000000000005 B 65 [3, 4, 4, 1, 4, 1, 1, 2, 3, 2, 3, 1, 2, 4, 1, 3, 1, 1, 1, 2, 2, 4, 4, 2, 2, 2, 1, 4, 2, 3, 2, 1, 1, 3, 2, 2, 3, 3, 4, 1, 4, 2, 2, 2, 4, 3, 2, 3, 1, 4, 3, 2, 4, 1, 1, 1, 2, 4, 3, 3, 2, 1, 2, 2, 2, 2, 3, 2, 3, 3, 2, 2, 1, 4, 2, 4, 1, 4, 1, 1] [6, 6, 8, 3, 6, 5, 3, 4, 7, 6, 7, 3, 6, 6, 3, 7, 5, 3, 4, 6, 5, 7, 6, 4, 6, 5, 3, 6, 6, 6, 6, 3, 4, 7, 5, 6, 6, 6, 7, 5, 7, 6, 4, 4, 6, 7, 5, 7, 4, 7, 6, 5, 6, 4, 3, 4, 4, 8, 7, 6, 6, 3, 4, 6, 5, 4, 7, 4, 7, 6, 5, 4, 3, 8, 6, 6, 4, 8, 4, 5]
B_26 42.690000000000005 B 66 [4, 1, 4, 1, 2, 1, 3, 3, 4, 2, 1, 4, 4, 2, 4, 1, 1, 2, 1, 2, 1, 4, 4, 4, 1, 4, 3, 3, 3, 4, 3, 4, 3, 3, 4, 4, 3, 1, 1, 4, 4, 3, 2, 4, 4, 2, 2, 4, 4, 2, 3, 4, 3, 3, 2, 3, 3, 1, 2, 1, 2, 2, 4, 2, 3, 3, 3, 1, 1, 4, 3, 3, 1, 1, 2, 3, 1, 1, 1, 3] [6, 5, 7, 4, 4, 3, 6, 5, 6, 5, 5, 6, 7, 4, 7, 4, 5, 4, 5, 6, 3, 8, 6, 7, 3, 6, 6, 6, 5, 6, 5, 7, 6, 6, 7, 8, 6, 5, 5, 7, 7, 5, 5, 7, 7, 4, 6, 6, 7, 6, 5, 6, 5, 6, 5, 5, 6, 5, 4, 4, 4, 6, 6, 5, 6, 7, 7, 5, 3, 8, 5, 7, 3, 3, 6, 5, 5, 5, 4, 6]
B_27 46.010000000000005 B 67 [3, 2, 3, 4, 4, 3, 3, 4, 2, 1, 2, 1, 2, 1, 1, 1, 1, 4, 4, 3, 3, 3, 2, 3, 1, 2, 1, 2, 2, 4, 2, 3, 4, 3, 1, 1, 3, 1, 1, 3, 4, 2, 4, 3, 2, 3, 1, 1, 1, 4, 3, 3, 2, 3, 2, 4, 3, 1, 4, 4, 1, 4, 4, 1, 1, 2, 1, 4, 4, 4, 3, 4, 3, 2, 2, 3, 2, 1, 2, 1] [6, 5, 5, 6, 6, 7, 6, 6, 5, 3, 5, 3, 5, 3, 5, 3, 3, 6, 8, 5, 5, 5, 5, 6, 3, 6, 3, 4, 5, 6, 5, 5, 8, 7, 4, 5, 6, 3, 3, 7, 8, 5, 7, 7, 5, 7, 4, 5, 5, 8, 6, 7, 6, 5, 6, 6, 6, 3, 8, 7, 4, 8, 6, 5, 5, 4, 5, 7, 7, 7, 5, 8, 5, 5, 6, 7, 4, 3, 5, 4]
B_28 47.24 B 68 [1, 4, 3, 3, 2, 3, 4, 2, 2, 1, 1, 4, 3, 1, 4, 4, 2, 3, 2, 1, 1, 4, 3, 1, 3, 1, 1, 2, 1, 1, 3, 3, 2, 4, 1, 4, 4, 3, 3, 3, 3, 1, 4, 4, 1, 3, 2, 1, 1, 1, 4, 1, 3, 2, 3, 2, 3, 2, 4, 2, 4, 2, 4, 4, 3, 3, 1, 4, 4, 1, 3, 2, 1, 2, 4, 4, 1, 4, 1, 4] [3, 7, 6, 5, 5, 6, 6, 6, 6, 5, 5, 6, 7, 4, 6, 8, 4, 7, 5, 4, 4, 6, 7, 5, 5, 4, 4, 6, 4, 3, 7, 5, 4, 8, 3, 8, 7, 7, 5, 6, 5, 4, 8, 7, 5, 6, 6, 5, 4, 4, 6, 4, 7, 6, 7, 6, 5, 4, 7, 4, 7, 6, 8, 6, 7, 7, 3, 7, 7, 3, 7, 5, 4, 6, 6, 7, 3, 7, 4, 7]
B_29 48.24 B 69 [3, 3, 3, 4, 2, 3, 1, 1, 2, 3, 3, 4, 2, 4, 2, 1, 1, 2, 4, 2, 1, 1, 4, 3, 4, 2, 4, 4, 4, 1, 1, 3, 1, 4, 2, 4, 1, 4, 1, 1, 3, 2, 1, 4, 3, 1, 4, 3, 3, 2, 2, 1, 1, 3, 4, 3, 2, 4, 1, 4, 4, 4, 1, 3, 1, 3, 4, 4, 1, 1, 1, 3, 2, 2, 3, 4, 1, 2, 4, 1] [6, 5, 5, 6, 5, 5, 4, 5, 5, 5, 6, 6, 6, 8, 5, 4, 5, 6, 7, 5, 3, 3, 8, 6, 7, 6, 8, 6, 6, 4, 5, 5, 3, 7, 6, 6, 4, 6, 3, 4, 5, 5, 5, 8, 6, 5, 6, 7, 6, 4, 5, 3, 3, 6, 6, 7, 6, 7, 4, 8, 6, 7, 5, 6, 3, 6, 8, 7, 3, 5, 4, 7, 5, 5, 7, 6, 5, 4, 7, 4]
B_30 50.1 B 70 [3, 1, 1, 2, 1, 3, 3, 3, 4, 4, 1, 2, 1, 2, 4, 3, 2, 2, 2, 3, 2, 2, 3, 1, 2, 4, 3, 2, 2, 1, 2, 4, 4, 1, 1, 3, 1, 4, 1, 2, 2, 2, 2, 4, 3, 3, 4, 2, 1, 2, 3, 3, 4, 1, 1, 2, 4, 3, 1, 1, 3, 2, 2, 2, 2, 2, 3, 3, 3, 1, 4, 1, 2, 1, 4, 3, 1, 2, 3, 2] [7, 3, 3, 4, 4, 6, 5, 6, 7, 7, 4, 6, 3, 4, 7, 7, 4, 6, 5, 6, 4, 6, 7, 4, 6, 7, 5, 6, 5, 3, 4, 8, 6, 5, 5, 6, 5, 6, 5, 6, 5, 6, 6, 8, 5, 7, 7, 6, 4, 5, 6, 7, 6, 4, 3, 5, 8, 5, 4, 5, 7, 4, 5, 4, 5, 5, 5, 5, 7, 4, 8, 5, 4, 5, 6, 6, 4, 5, 6, 5]
B_31 52.29 B 71 [2, 1, 3, 3, 3, 2, 4, 4, 3, 1, 4, 1, 3, 4, 3, 1, 4, 2, 3, 2, 1, 1, 4, 2, 1, 4, 1, 1, 1, 3, 2, 4, 4, 2, 2, 4, 3, 4, 1, 2, 1, 2, 2, 3, 4, 3, 3, 3, 2, 1, 2, 4, 4, 1, 4, 2, 2, 1, 4, 1, 2, 2, 2, 2, 1, 2, 3, 4, 2, 3, 1, 1, 2, 3, 4, 2, 3, 1, 3, 3] [6, 4, 7, 6, 7, 5, 7, 6, 6, 5, 7, 3, 7, 6, 7, 3, 6, 5, 6, 6, 4, 3, 8, 5, 5, 8, 3, 3, 4, 6, 4, 6, 6, 6, 6, 8, 5, 6, 3, 6, 4, 5, 5, 7, 8, 7, 6, 5, 5, 4, 4, 6, 8, 4, 8, 4, 6, 5, 8, 3, 6, 4, 4, 4, 5, 4, 7, 8, 5, 7, 5, 5, 4, 6, 7, 6, 5, 5, 7, 5]
B_32 53.29 B 72 [1, 2, 1, 4, 1, 2, 2, 4, 3, 4, 4, 4, 2, 4, 1, 3, 1, 4, 3, 4, 3, 3, 4, 2, 3, 1, 3, 3, 1, 3, 4, 1, 4, 2, 4, 4, 2, 3, 4, 2, 3, 1, 3, 1, 1, 3, 4, 3, 1, 1, 2, 4, 4, 4, 1, 2, 1, 1, 2, 1, 1, 3, 1, 3, 1, 1, 1, 3, 1, 2, 2, 2, 2, 1, 1, 2, 4, 4, 4, 1] [4, 6, 5, 7, 4, 4, 6, 7, 7, 6, 7, 8, 5, 8, 4, 5, 3, 7, 6, 7, 7, 7, 6, 6, 7, 4, 6, 6, 4, 7, 7, 5, 6, 5, 7, 8, 5, 6, 8, 5, 7, 4, 5, 5, 5, 7, 6, 6, 3, 3, 4, 6, 8, 7, 5, 5, 4, 3, 6, 4, 5, 6, 4, 5, 4, 3, 3, 5, 4, 5, 4, 4, 5, 4, 5, 5, 7, 7, 8, 4]
B_33 55.04 B 73 [3, 1, 1, 3, 4, 3, 3, 1, 2, 1, 3, 3, 3, 4, 1, 1, 4, 3, 1, 3, 1, 4, 1, 3, 2, 1, 4, 2, 1, 4, 3, 1, 4, 1, 3, 2, 2, 1, 1, 1, 3, 2, 1, 2, 4, 4, 1, 4, 4, 3, 4, 3, 1, 2, 1, 3, 1, 3, 3, 4, 4, 4, 3, 3, 3, 4, 1, 2, 2, 2, 1, 3, 1, 2, 3, 1, 1, 3, 4, 4] [6, 5, 3, 6, 6, 7, 7, 4, 4, 5, 6, 6, 5, 6, 5, 5, 7, 6, 5, 5, 5, 6, 4, 6, 5, 3, 6, 5, 4, 8, 5, 3, 6, 5, 6, 6, 4, 5, 3, 4, 6, 6, 5, 6, 6, 6, 5, 8, 8, 5, 8, 5, 5, 6, 4, 5, 5, 6, 5, 8, 6, 8, 7, 6, 5, 8, 3, 5, 6, 5, 5, 6, 4, 4, 6, 4, 3, 5, 7, 7]
B_34 56.04 B 74 [4, 3, 3, 2, 1, 1, 3, 1, 3, 4, 1, 1, 3, 3, 1, 1, 1, 2, 4, 1, 2, 4, 4, 2, 1, 1, 1, 2, 2, 3, 3, 4, 4, 1, 4, 1, 2, 3, 4, 4, 1, 3, 4, 2, 2, 3, 3, 4, 1, 4, 4, 4, 2, 2, 4, 4, 4, 2, 4, 1, 2, 2, 1, 3, 1, 2, 2, 2, 4, 3, 4, 4, 1, 3, 4, 2, 2, 2, 4, 3] [7, 5, 7, 4, 5, 3, 5, 3, 5, 7, 4, 5, 6, 5, 4, 3, 3, 6, 6, 4, 4, 7, 7, 4, 3, 5, 4, 4, 5, 5, 6, 6, 7, 4, 8, 5, 5, 7, 7, 6, 3, 5, 7, 4, 4, 7, 6, 8, 4, 7, 6, 8, 4, 4, 8, 6, 8, 6, 8, 5, 4, 5, 4, 7, 5, 6, 6, 6, 6, 7, 6, 7, 5, 6, 6, 6, 6, 6, 6, 7]
B_35 57.92 B 75 [3, 2, 2, 2, 3, 3, 4, 4, 1, 4, 2, 1, 3, 2, 4, 3, 4, 1, 4, 2, 4, 2, 3, 3, 4, 4, 3, 1, 1, 4, 1, 1, 4, 1, 2, 1, 3, 3, 1, 2, 1, 4, 4, 4, 3, 3, 4, 2, 4, 1, 3, 4, 2, 1, 1, 3, 4, 1, 3, 3, 2, 4, 1, 3, 1, 4, 3, 3, 4, 4, 3, 2, 2, 1, 2, 2, 1, 1, 2, 3] [6, 6, 5, 4, 7, 6, 6, 6, 5, 6, 6, 4, 5, 6, 7, 5, 7, 5, 8, 5, 8, 4, 7, 6, 6, 8, 6, 3, 5, 6, 5, 5, 8, 5, 5, 3, 7, 7, 3, 6, 4, 6, 8, 6, 7, 5, 7, 5, 7, 3, 7, 7, 4, 5, 5, 5, 7, 5, 5, 7, 4, 7, 3, 7, 5, 6, 5, 7, 7, 6, 6, 6, 5, 4, 6, 5, 3, 5, 6, 6]
B_36 58.92 B 76 [2, 1, 2, 2, 2, 1, 3, 1, 3, 1, 1, 1, 3, 4, 1, 3, 4, 1, 4, 3, 2, 3, 4, 4, 4, 4, 4, 2, 1, 4, 3, 2, 4, 4, 3, 2, 2, 4, 4, 2, 3, 2, 4, 2, 2, 3, 4, 1, 3, 3, 1, 1, 3, 1, 1, 2, 4, 1, 4, 1, 3, 1, 3, 2, 2, 1, 1, 2, 1, 1, 1, 3, 4, 1, 2, 1, 1, 4, 3, 2] [6, 3, 5, 4, 6, 4, 5, 4, 6, 5, 5, 3, 6, 8, 4, 5, 6, 3, 8, 7, 6, 6, 6, 8, 8, 7, 8, 4, 3, 8, 6, 6, 6, 7, 6, 6, 5, 8, 7, 5, 7, 5, 7, 5, 6, 7, 7, 3, 7, 7, 4, 5, 6, 3, 4, 4, 6, 5, 8, 5, 7, 5, 7, 6, 6, 4, 5, 4, 3, 5, 4, 5, 7, 3, 6, 3, 4, 6, 6, 5]
B_37 60.88 B 77 [3, 2, 1, 3, 1, 3, 4, 2, 1, 3, 2, 3, 1, 3, 3, 2, 2, 1, 4, 2, 1, 1, 3, 4, 1, 4, 2, 1, 4, 3, 1, 4, 4, 1, 1, 1, 3, 4, 2, 4, 2, 4, 3, 3, 3, 1, 4, 2, 4, 4, 4, 2, 3, 4, 3, 4, 4, 1, 3, 3, 3, 2, 2, 3, 1, 4, 1, 1, 4, 2, 2, 1, 4, 3, 2, 1, 4, 2, 4, 4] [5, 5, 5, 5, 4, 5, 7, 6, 3, 6, 5, 7, 4, 6, 5, 5, 4, 5, 6, 4, 5, 3, 6, 8, 4, 6, 5, 3, 8, 6, 4, 8, 7, 3, 4, 3, 7, 6, 4, 6, 6, 6, 7, 5, 5, 3, 8, 5, 7, 6, 6, 5, 5, 6, 5, 8, 8, 3, 7, 6, 6, 6, 4, 7, 5, 8, 5, 3, 7, 4, 5, 5, 7, 5, 6, 5, 6, 5, 6, 7]
B_38 63.760000000000005 B 78 [2, 2, 2, 1, 3, 1, 2, 2, 1, 3, 3, 3, 1, 3, 3, 3, 3, 1, 3, 4, 1, 3, 1, 1, 2, 4, 3, 3, 2, 1, 1, 4, 3, 2, 3, 2, 4, 4, 1, 1, 3, 4, 3, 1, 1, 4, 1, 3, 4, 4, 4, 2, 2, 3, 4, 3, 1, 4, 3, 4, 2, 1, 4, 4, 4, 1, 1, 2, 1, 4, 3, 3, 4, 4, 4, 2, 3, 4, 2, 4] [4, 5, 5, 4, 7, 3, 5, 5, 4, 6, 5, 7, 3, 6, 5, 5, 6, 4, 5, 6, 5, 7, 3, 4, 6, 8, 5, 6, 6, 5, 4, 6, 5, 4, 7, 4, 8, 8, 5, 4, 6, 8, 6, 4, 3, 7, 3, 6, 7, 8, 6, 6, 6, 7, 8, 5, 4, 7, 6, 7, 4, 5, 7, 6, 8, 4, 4, 5, 4, 7, 6, 7, 8, 7, 6, 6, 6, 6, 6, 8]
B_39 64.76 B 79 [2, 2, 1, 1, 2, 3, 4, 3, 2, 3, 3, 3, 1, 2, 1, 4, 3, 2, 2, 1, 4, 4, 1, 4, 2, 1, 2, 4, 2, 1, 4, 1, 3, 2, 1, 3, 3, 1, 1, 3, 2, 1, 1, 1, 1, 2, 4, 3, 4, 1, 4, 2, 4, 3, 4, 2, 2, 4, 1, 3, 3, 3, 1, 2, 3, 1, 3, 1, 4, 1, 2, 3, 1, 4, 3, 3, 2, 4, 4, 1] [6, 6, 4, 4, 5, 6, 7, 7, 4, 7, 5, 7, 4, 5, 3, 8, 7, 5, 4, 4, 6, 8, 5, 7, 4, 5, 4, 8, 4, 5, 7, 4, 5, 6, 3, 5, 5, 5, 4, 7, 4, 5, 5, 4, 5, 4, 8, 7, 6, 4, 6, 4, 7, 5, 7, 6, 4, 8, 4, 5, 5, 6, 4, 4, 6, 5, 6, 4, 7, 4, 5, 5, 4, 7, 7, 6, 5, 7, 8, 5]
