A_0 1.45 A 0 [1, 2, 1, 1, 1, 1, 4, 1, 3, 1, 2, 1, 1, 1, 3, 2, 2, 1, 2, 1, 1, 3, 1, 3, 1, 1, 4, 4, 2, 1, 1, 2, 4, 3, 2, 2, 3, 2, 2, 2, 3, 3, 4, 2, 3, 3, 4, 4, 4, 4, 1, 3, 4, 4, 1, 1, 1, 2, 2, 1, 3, 2, 3, 4, 2, 3, 2, 2, 3, 4, 4, 1, 1, 1, 2, 3, 1, 4, 1, 1] [5, 4, 4, 3, 3, 4, 8, 3, 7, 4, 6, 4, 5, 5, 7, 5, 4, 5, 4, 5, 5, 5, 4, 7, 4, 5, 6, 8, 5, 4, 4, 5, 6, 7, 4, 5, 7, 5, 6, 5, 7, 5, 6, 6, 7, 5, 7, 8, 6, 8, 4, 5, 6, 7, 3, 3, 3, 5, 5, 5, 5, 4, 5, 7, 5, 7, 5, 6, 7, 6, 6, 4, 4, 3, 5, 5, 3, 7, 5, 3]
A_1 2.45 A 1 [2, 3, 4, 4, 1, 2, 1, 2, 2, 4, 1, 4, 4, 3, 1, 1, 3, 3, 2, 1, 1, 1, 4, 3, 3, 4, 3, 4, 4, 2, 4, 1, 3, 1, 2, 4, 3, 4, 3, 1, 4, 4, 1, 4, 4, 3, 4, 4, 2, 4, 1, 2, 4, 3, 1, 4, 3, 1, 4, 4, 3, 1, 3, 4, 3, 1, 1, 3, 4, 3, 3, 1, 1, 4, 2, 4, 1, 2, 4, 4] [4, 6, 6, 8, 5, 4, 4, 4, 5, 7, 3, 8, 7, 6, 4, 4, 6, 7, 6, 5, 5, 5, 8, 5, 7, 7, 6, 7, 6, 6, 6, 5, 7, 4, 4, 6, 5, 6, 7, 5, 7, 7, 4, 6, 6, 6, 7, 8, 6, 6, 3, 5, 6, 7, 5, 6, 5, 5, 6, 6, 7, 4, 6, 7, 6, 5, 4, 7, 7, 6, 7, 4, 3, 7, 4, 8, 3, 5, 6, 7]
A_2 3.6500000000000004 A 2 [1, 4, 2, 2, 1, 1, 4, 4, 2, 4, 1, 2, 1, 3, 3, 4, 4, 2, 4, 2, 3, 4, 3, 1, 4, 2, 1, 3, 4, 3, 4, 1, 4, 2, 1, 3, 4, 3, 4, 1, 4, 3, 3, 3, 4, 1, 4, 4, 2, 1, 1, 2, 1, 3, 2, 1, 1, 4, 2, 3, 1, 1, 4, 1, 4, 1, 1, 1, 1, 4, 2, 4, 3, 1, 4, 2, 2, 1, 3, 2] [4, 6, 5, 6, 3, 4, 6, 7, 6, 8, 4, 4, 4, 7, 7, 7, 6, 5, 7, 5, 7, 6, 7, 3, 6, 6, 3, 6, 8, 6, 8, 4, 7, 4, 4, 5, 7, 5, 6, 3, 7, 6, 5, 5, 8, 5, 6, 7, 5, 4, 3, 5, 3, 5, 4, 4, 3, 7, 4, 7, 3, 4, 8, 4, 7, 4, 3, 3, 5, 7, 6, 7, 6, 5, 6, 6, 6, 4, 5, 4]
A_3 4.65 A 3 [1, 4, 2, 4, 1, 3, 3, 2, 2, 1, 4, 2, 1, 3, 4, 4, 4, 4, 1, 3, 2, 2, 2, 3, 4, 2, 4, 1, 2, 3, 2, 1, 3, 3, 1, 4, 2, 3, 4, 1, 3, 1, 2, 3, 1, 1, 4, 4, 4, 2, 3, 4, 3, 1, 2, 4, 2, 4, 3, 1, 4, 3, 3, 1, 2, 4, 2, 1, 4, 3, 1, 4, 1, 3, 4, 4, 4, 1, 2, 1] [3, 8, 6, 8, 3, 7, 5, 4, 5, 3, 6, 4, 3, 5, 6, 7, 6, 6, 5, 7, 5, 5, 5, 5, 6, 4, 7, 4, 6, 7, 5, 5, 6, 5, 4, 8, 5, 5, 8, 5, 6, 5, 5, 6, 3, 4, 6, 7, 6, 5, 7, 8, 7, 4, 6, 7, 5, 7, 5, 5, 6, 5, 5, 4, 6, 7, 5, 3, 6, 6, 5, 6, 4, 6, 6, 8, 8, 3, 4, 5]
A_4 7.2700000000000005 A 4 [1, 1, 1, 1, 3, 1, 1, 3, 1, 4, 4, 2, 1, 4, 3, 4, 3, 1, 1, 3, 3, 1, 4, 2, 2, 3, 2, 3, 4, 3, 3, 4, 2, 2, 2, 1, 2, 4, 4, 2, 3, 4, 1, 4, 1, 4, 2, 3, 1, 1, 2, 4, 4, 2, 1, 3, 2, 3, 3, 3, 1, 2, 4, 1, 1, 1, 2, 2, 1, 4, 4, 2, 4, 2, 4, 1, 3, 4, 2, 2] [3, 5, 3, 3, 7, 4, 3, 6, 4, 6, 6, 4, 5, 7, 6, 8, 6, 4, 4, 5, 6, 5, 6, 5, 5, 7, 6, 6, 8, 5, 5, 8, 5, 6, 4, 4, 5, 7, 7, 4, 5, 6, 4, 7, 4, 6, 4, 6, 3, 3, 4, 7, 6, 5, 4, 7, 6, 5, 5, 6, 5, 5, 7, 3, 5, 4, 5, 6, 3, 6, 8, 6, 6, 6, 8, 5, 6, 7, 5, 4]
A_5 8.27 A 5 [1, 2, 1, 3, 1, 3, 2, 1, 3, 1, 3, 3, 2, 1, 4, 2, 2, 1, 2, 1, 1, 1, 2, 1, 1, 3, 1, 4, 2, 1, 4, 1, 3, 1, 4, 2, 1, 2, 1, 2, 1, 1, 1, 4, 2, 2, 3, 3, 2, 4, 2, 1, 2, 1, 3, 4, 2, 2, 1, 2, 2, 2, 1, 1, 1, 2, 1, 2, 3, 2, 4, 2, 2, 1, 3, 1, 1, 1, 2, 2] [4, 4, 4, 7, 4, 7, 6, 3, 5, 5, 7, 5, 4, 3, 8, 5, 4, 4, 5, 4, 3, 3, 6, 3, 3, 6, 5, 7, 4, 5, 7, 4, 6, 5, 6, 5, 3, 5, 4, 4, 5, 3, 3, 6, 5, 5, 7, 5, 4, 6, 6, 5, 4, 4, 6, 8, 4, 4, 5, 6, 5, 4, 5, 5, 5, 5, 3, 6, 7, 5, 8, 5, 4, 4, 7, 4, 4, 4, 6, 5]
A_6 9.27 A 6 [4, 1, 4, 3, 1, 2, 1, 4, 4, 3, 3, 3, 4, 2, 3, 4, 2, 2, 2, 1, 4, 1, 2, 1, 2, 1, 3, 4, 4, 4, 3, 3, 3, 4, 3, 4, 4, 1, 1, 2, 1, 2, 1, 1, 4, 4, 2, 2, 2, 1, 2, 2, 4, 2, 1, 1, 1, 4, 4, 2, 1, 2, 2, 2, 4, 4, 1, 4, 4, 3, 4, 3, 4, 1, 4, 3, 1, 3, 4, 3] [8, 4, 6, 5, 3, 6, 4, 8, 8, 6, 5, 7, 8, 4, 7, 7, 4, 4, 6, 4, 6, 3, 4, 3, 4, 4, 6, 7, 7, 7, 5, 5, 5, 6, 5, 7, 6, 3, 5, 5, 3, 4, 3, 4, 8, 6, 6, 4, 5, 4, 6, 5, 7, 5, 5, 3, 5, 8, 7, 6, 5, 6, 6, 5, 7, 7, 5, 6, 8, 6, 6, 7, 7, 3, 8, 6, 3, 7, 7, 5]
A_7 10.48 A 7 [1, 2, 4, 2, 3, 1, 4, 4, 4, 1, 3, 2, 4, 1, 3, 2, 3, 1, 4, 2, 4, 1, 3, 3, 2, 3, 4, 2, 2, 2, 2, 1, 2, 4, 4, 4, 3, 2, 3, 4, 1, 3, 1, 2, 2, 1, 2, 4, 2, 3, 2, 4, 1, 1, 3, 4, 2, 2, 2, 4, 4, 1, 2, 3, 1, 3, 3, 3, 2, 3, 4, 3, 3, 1, 2, 1, 1, 2, 3, 2] [3, 4, 7, 4, 6, 3, 8, 7, 6, 4, 6, 4, 7, 4, 6, 4, 5, 4, 8, 4, 7, 5, 6, 7, 4, 7, 6, 4, 6, 6, 6, 5, 4, 7, 8, 6, 7, 6, 5, 7, 5, 5, 5, 5, 5, 4, 6, 7, 4, 7, 6, 6, 3, 4, 7, 7, 5, 6, 4, 6, 6, 3, 5, 7, 5, 7, 5, 7, 5, 7, 8, 6, 6, 4, 5, 5, 4, 5, 7, 5]
A_8 11.48 A 8 [3, 2, 2, 2, 1, 3, 4, 4, 2, 4, 3, 2, 1, 4, 2, 2, 2, 1, 4, 2, 4, 3, 4, 2, 1, 3, 4, 1, 2, 2, 4, 4, 1, 4, 2, 2, 1, 3, 2, 3, 3, 1, 3, 3, 1, 2, 2, 3, 2, 2, 2, 3, 3, 4, 1, 3, 1, 3, 2, 4, 4, 4, 2, 1, 4, 1, 4, 1, 3, 4, 3, 1, 1, 1, 2, 1, 1, 1, 4, 4] [7, 5, 6, 5, 4, 5, 8, 6, 4, 7, 5, 6, 5, 8, 6, 6, 4, 4, 7, 4, 8, 6, 7, 6, 5, 5, 7, 3, 5, 5, 6, 6, 3, 7, 5, 6, 4, 6, 4, 7, 7, 5, 6, 6, 3, 6, 6, 5, 6, 6, 6, 7, 6, 6, 3, 5, 4, 6, 5, 6, 6, 7, 4, 3, 6, 3, 6, 4, 7, 8, 6, 5, 3, 3, 6, 3, 5, 3, 6, 8]
A_9 13.72 A 9 [1, 4, 4, 1, 4, 1, 3, 1, 4, 2, 3, 3, 2, 3, 1, 1, 2, 3, 3, 3, 3, 2, 4, 2, 1, 4, 2, 1, 1, 3, 1, 1, 3, 3, 2, 4, 2, 4, 1, 3, 4, 4, 2, 1, 4, 1, 1, 2, 4, 1, 3, 4, 4, 2, 2, 1, 3, 4, 1, 1, 2, 4, 1, 2, 2, 3, 3, 4, 3, 4, 2, 3, 4, 4, 1, 4, 4, 2, 2, 2] [4, 7, 8, 3, 6, 5, 6, 4, 7, 6, 6, 7, 6, 7, 3, 4, 4, 7, 6, 5, 6, 6, 7, 6, 3, 7, 4, 4, 3, 6, 4, 4, 5, 7, 6, 6, 6, 8, 5, 5, 7, 6, 4, 5, 7, 4, 4, 5, 8, 5, 6, 6, 6, 5, 5, 3, 6, 7, 5, 4, 5, 6, 3, 5, 6, 6, 5, 8, 7, 6, 5, 7, 7, 7, 4, 7, 7, 4, 6, 4]
A_10 18.66 A 10 [2, 1, 1, 4, 4, 3, 3, 3, 3, 3, 4, 1, 1, 2, 3, 1, 1, 4, 3, 4, 2, 1, 4, 2, 2, 4, 2, 4, 1, 4, 2, 4, 4, 4, 4, 3, 4, 4, 1, 4, 3, 3, 1, 2, 3, 4, 2, 4, 1, 4, 1, 2, 1, 3, 1, 2, 3, 3, 1, 2, 1, 1, 4, 4, 1, 1, 1, 2, 2, 3, 1, 1, 1, 3, 3, 2, 3, 3, 1, 4] [6, 3, 4, 6, 6, 7, 5, 6, 5, 6, 6, 5, 3, 5, 7, 3, 5, 7, 7, 6, 5, 4, 8, 4, 4, 8, 5, 7, 3, 6, 4, 7, 7, 8, 7, 5, 7, 6, 4, 6, 5, 6, 4, 4, 5, 8, 4, 6, 4, 8, 3, 5, 3, 7, 4, 4, 6, 5, 3, 4, 5, 4, 8, 7, 4, 3, 5, 5, 5, 6, 5, 4, 5, 5, 5, 4, 5, 6, 5, 6]
A_11 20.15 A 11 [1, 4, 2, 2, 2, 3, 3, 2, 2, 3, 1, 4, 3, 2, 2, 4, 1, 1, 4, 4, 2, 1, 2, 1, 1, 1, 1, 1, 2, 4, 4, 2, 1, 4, 2, 4, 2, 1, 2, 1, 2, 1, 3, 1, 1, 1, 2, 2, 2, 1, 4, 1, 1, 2, 2, 1, 3, 4, 1, 4, 1, 4, 2, 3, 2, 4, 3, 2, 2, 4, 4, 3, 3, 2, 1, 3, 2, 4, 2, 1] [4, 8, 4, 4, 4, 5, 7, 4, 6, 7, 5, 6, 6, 6, 4, 6, 4, 3, 7, 6, 6, 4, 5, 5, 5, 5, 4, 3, 5, 6, 7, 6, 4, 7, 5, 7, 4, 3, 6, 5, 5, 5, 7, 4, 4, 4, 6, 5, 4, 4, 6, 3, 3, 4, 5, 3, 5, 8, 4, 6, 4, 6, 6, 5, 5, 8, 6, 6, 4, 6, 8, 6, 5, 5, 5, 6, 6, 6, 5, 4]
A_12 21.15 A 12 [1, 4, 1, 1, 1, 2, 4, 4, 1, 2, 1, 3, 3, 2, 3, 4, 3, 4, 1, 2, 2, 1, 2, 4, 2, 4, 4, 4, 2, 4, 3, 1, 3, 2, 2, 4, 4, 4, 4, 1, 3, 1, 3, 1, 1, 3, 1, 4, 2, 1, 3, 4, 3, 3, 4, 3, 1, 3, 4, 4, 2, 1, 4, 1, 4, 4, 2, 1, 3, 3, 1, 1, 3, 2, 3, 2, 1, 1, 3, 2] [5, 7, 4, 3, 5, 4, 8, 7, 5, 6, 3, 6, 5, 5, 6, 6, 7, 6, 3, 6, 4, 4, 4, 6, 5, 7, 6, 8, 5, 7, 7, 3, 7, 5, 4, 6, 6, 6, 6, 4, 7, 5, 5, 5, 3, 6, 4, 6, 6, 3, 7, 7, 6, 6, 6, 7, 5, 7, 7, 8, 4, 3, 8, 5, 8, 7, 6, 4, 6, 6, 4, 4, 7, 6, 7, 5, 3, 4, 6, 6]
A_13 23.39 A 13 [1, 3, 3, 3, 4, 1, 2, 1, 4, 3, 2, 2, 2, 4, 4, 3, 1, 3, 1, 2, 4, 4, 4, 3, 3, 1, 2, 4, 2, 1, 3, 2, 2, 2, 1, 1, 3, 4, 3, 2, 4, 1, 1, 3, 2, 1, 1, 3, 2, 3, 3, 4, 1, 2, 4, 3, 2, 1, 3, 4, 2, 4, 2, 3, 4, 1, 3, 3, 2, 1, 3, 1, 2, 2, 1, 4, 1, 4, 4, 3] [5, 6, 7, 5, 7, 3, 4, 4, 8, 7, 5, 6, 5, 8, 7, 7, 5, 5, 4, 5, 8, 7, 8, 6, 6, 3, 5, 8, 6, 3, 7, 4, 5, 5, 4, 3, 7, 8, 6, 6, 6, 3, 4, 5, 6, 5, 5, 6, 4, 7, 7, 7, 5, 5, 7, 5, 6, 3, 7, 7, 5, 7, 4, 6, 8, 5, 7, 5, 6, 3, 7, 3, 5, 6, 3, 6, 3, 6, 8, 7]
A_14 26.35 A 14 [3, 1, 3, 4, 3, 4, 3, 3, 2, 1, 3, 2, 3, 4, 2, 1, 2, 4, 1, 2, 1, 3, 3, 3, 1, 1, 1, 3, 4, 4, 3, 4, 4, 4, 3, 2, 1, 2, 4, 1, 3, 1, 4, 4, 2, 1, 4, 1, 4, 4, 4, 3, 1, 3, 1, 2, 1, 1, 3, 2, 3, 2, 1, 4, 3, 1, 4, 1, 1, 3, 4, 1, 2, 2, 3, 1, 4, 3, 4, 1] [7, 4, 7, 6, 6, 8, 7, 6, 6, 3, 7, 4, 6, 7, 4, 5, 6, 8, 4, 4, 5, 6, 5, 7, 3, 3, 5, 7, 7, 8, 7, 7, 7, 8, 5, 6, 5, 4, 6, 5, 7, 5, 8, 7, 5, 4, 6, 4, 8, 8, 7, 6, 5, 5, 4, 5, 4, 3, 6, 5, 5, 6, 5, 8, 6, 4, 8, 4, 5, 6, 7, 5, 5, 4, 5, 5, 8, 5, 7, 5]
A_15 27.35 A 15 [2, 1, 4, 4, 4, 2, 4, 2, 2, 1, 1, 4, 4, 3, 1, 2, 3, 4, 3, 4, 4, 4, 1, 1, 1, 1, 4, 2, 4, 2, 3, 4, 4, 2, 2, 4, 1, 4, 2, 4, 4, 2, 3, 3, 4, 1, 4, 1, 4, 1, 1, 2, 3, 4, 3, 4, 2, 4, 2, 2, 3, 4, 4, 4, 3, 2, 1, 4, 2, 3, 3, 4, 1, 4, 3, 1, 4, 4, 2, 4] [5, 4, 7, 7, 8, 5, 7, 4, 6, 4, 3, 6, 6, 7, 5, 6, 5, 6, 7, 7, 7, 8, 5, 3, 5, 3, 8, 4, 7, 5, 7, 7, 8, 6, 5, 6, 5, 6, 4, 7, 6, 6, 6, 7, 7, 3, 6, 3, 6, 4, 5, 6, 5, 8, 6, 7, 6, 8, 5, 4, 7, 7, 8, 6, 7, 6, 5, 6, 6, 6, 6, 6, 5, 8, 6, 4, 8, 6, 4, 6]
A_16 28.35 A 16 [2, 3, 4, 4, 3, 2, 2, 3, 2, 2, 1, 1, 3, 1, 2, 3, 1, 3, 3, 2, 4, 1, 1, 3, 3, 2, 4, 1, 4, 4, 2, 3, 2, 3, 2, 3, 3, 1, 4, 1, 1, 4, 3, 3, 2, 1, 4, 2, 4, 3, 1, 3, 1, 3, 2, 1, 2, 4, 1, 1, 4, 3, 1, 2, 3, 4, 1, 2, 2, 2, 3, 4, 2, 3, 1, 3, 4, 2, 1, 4] [4, 6, 6, 6, 6, 4, 4, 5, 4, 4, 5, 4, 7, 5, 6, 5, 5, 5, 7, 5, 6, 3, 4, 7, 6, 6, 6, 4, 7, 7, 4, 5, 5, 5, 6, 7, 6, 3, 7, 5, 3, 8, 7, 5, 5, 5, 6, 4, 7, 7, 5, 7, 3, 7, 5, 5, 4, 8, 3, 3, 8, 5, 4, 6, 7, 7, 5, 4, 6, 5, 5, 8, 6, 7, 4, 6, 8, 5, 5, 8]
A_17 29.35 A 17 [1, 3, 2, 4, 1, 1, 2, 1, 1, 3, 4, 1, 4, 3, 4, 4, 3, 1, 3, 1, 3, 4, 3, 2, 2, 3, 2, 4, 4, 3, 3, 3, 2, 3, 4, 1, 1, 3, 1, 3, 2, 2, 3, 2, 4, 2, 3, 1, 1, 4, 4, 2, 2, 1, 3, 4, 4, 4, 1, 2, 2, 3, 4, 1, 3, 2, 1, 4, 4, 1, 2, 2, 4, 3, 2, 3, 1, 4, 3, 2] [5, 7, 5, 6, 4, 4, 4, 4, 4, 7, 7, 3, 6, 5, 8, 6, 5, 5, 6, 4, 6, 8, 5, 6, 6, 7, 5, 8, 8, 6, 5, 5, 4, 7, 6, 5, 5, 5, 4, 7, 5, 4, 7, 4, 6, 5, 6, 4, 4, 8, 7, 5, 4, 5, 5, 6, 8, 8, 4, 5, 5, 7, 7, 5, 7, 4, 5, 8, 7, 3, 5, 6, 8, 5, 6, 7, 4, 7, 5, 4]
A_18 31.18 A 18 [2, 2, 4, 1, 1, 2, 2, 4, 4, 3, 3, 4, 1, 1, 1, 3, 3, 3, 1, 1, 1, 3, 3, 2, 1, 4, 4, 1, 1, 4, 2, 3, 4, 2, 4, 1, 4, 4, 4, 1, 2, 4, 1, 1, 3, 1, 4, 1, 1, 1, 1, 3, 2, 3, 3, 1, 4, 2, 1, 4, 4, 2, 2, 2, 4, 2, 4, 4, 1, 4, 2, 4, 3, 1, 1, 2, 3, 4, 1, 2] [4, 6, 7, 5, 4, 5, 6, 8, 7, 6, 7, 7, 3, 4, 4, 7, 7, 6, 5, 5, 5, 7, 7, 6, 4, 7, 8, 3, 5, 6, 5, 7, 8, 4, 6, 5, 6, 8, 7, 5, 4, 8, 5, 3, 5, 4, 8, 4, 3, 5, 5, 7, 4, 6, 5, 3, 6, 5, 5, 7, 7, 6, 4, 6, 6, 6, 8, 7, 4, 7, 6, 8, 6, 4, 3, 6, 5, 7, 4, 6]
A_19 32.18 A 19 [1, 1, 2, 3, 3, 1, 1, 2, 2, 3, 4, 4, 2, 2, 2, 4, 2, 1, 1, 4, 4, 2, 2, 3, 4, 4, 4, 3, 1, 2, 1, 3, 2, 1, 2, 2, 3, 3, 2, 2, 4, 3, 3, 4, 4, 4, 4, 2, 4, 1, 2, 3, 1, 3, 1, 4, 2, 3, 1, 2, 2, 2, 2, 1, 1, 2, 2, 1, 3, 2, 1, 2, 2, 1, 3, 4, 3, 1, 3, 1] [5, 5, 5, 7, 5, 4, 4, 4, 4, 5, 6, 6, 6, 5, 4, 7, 5, 4, 5, 8, 8, 6, 6, 7, 7, 6, 7, 5, 5, 4, 5, 7, 4, 3, 5, 4, 7, 7, 5, 4, 7, 7, 6, 8, 7, 6, 8, 6, 6, 4, 6, 6, 3, 5, 5, 7, 6, 5, 5, 5, 4, 6, 6, 3, 4, 6, 4, 5, 7, 6, 4, 5, 5, 5, 5, 7, 6, 5, 5, 5]
A_20 33.18 A 20 [1, 1, 3, 2, 3, 1, 4, 4, 4, 3, 2, 2, 2, 4, 1, 4, 4, 3, 1, 4, 4, 1, 4, 3, 2, 1, 4, 2, 2, 1, 1, 2, 2, 2, 1, 1, 2, 4, 1, 1, 4, 3, 3, 4, 3, 1, 1, 1, 1, 3, 1, 1, 3, 3, 3, 1, 4, 4, 4, 3, 1, 1, 4, 2, 2, 4, 3, 1, 3, 3, 2, 3, 4, 1, 2, 1, 3, 1, 2, 1] [5, 5, 7, 5, 6, 3, 6, 7, 8, 6, 5, 6, 4, 8, 5, 7, 6, 6, 5, 8, 7, 5, 6, 7, 5, 4, 7, 6, 4, 4, 5, 6, 4, 4, 5, 5, 5, 6, 4, 4, 8, 5, 6, 7, 6, 3, 5, 3, 3, 7, 4, 3, 6, 7, 6, 5, 6, 7, 6, 5, 4, 4, 7, 4, 6, 8, 6, 5, 5, 5, 5, 7, 7, 4, 5, 5, 5, 5, 5, 4]
A_21 34.18 A 21 [3, 1, 4, 2, 1, 1, 1, 1, 3, 2, 1, 1, 1, 4, 3, 4, 1, 4, 3, 2, 1, 2, 4, 4, 2, 4, 1, 1, 2, 1, 2, 3, 3, 4, 2, 4, 4, 2, 2, 4, 3, 4, 3, 2, 3, 1, 3, 4, 2, 3, 1, 3, 3, 3, 1, 1, 4, 1, 4, 4, 1, 2, 3, 1, 2, 3, 1, 2, 1, 1, 1, 4, 4, 4, 1, 4, 2, 1, 2, 2] [5, 5, 6, 5, 5, 3, 3, 5, 6, 6, 4, 4, 4, 7, 6, 8, 3, 8, 7, 6, 5, 5, 8, 7, 5, 7, 5, 4, 5, 4, 4, 5, 6, 8, 4, 7, 7, 5, 6, 7, 7, 6, 7, 4, 6, 3, 6, 6, 6, 7, 5, 5, 5, 5, 4, 4, 7, 3, 6, 7, 4, 5, 5, 4, 6, 7, 5, 6, 5, 5, 3, 8, 6, 6, 4, 6, 6, 5, 6, 5]
A_22 35.18 A 22 [1, 4, 3, 2, 4, 2, 2, 3, 4, 4, 4, 2, 2, 4, 3, 1, 1, 3, 3, 2, 4, 4, 1, 3, 3, 3, 1, 2, 4, 2, 4, 2, 4, 4, 3, 1, 1, 1, 4, 4, 3, 1, 3, 2, 1, 3, 4, 3, 4, 3, 4, 4, 4, 3, 3, 1, 3, 2, 4, 2, 1, 1, 2, 2, 4, 1, 3, 1, 3, 1, 2, 2, 2, 2, 1, 1, 1, 1, 1, 4] [4, 8, 7, 5, 6, 6, 4, 6, 7, 7, 8, 5, 4, 8, 5, 5, 4, 5, 7, 6, 6, 8, 4, 5, 7, 5, 4, 6, 6, 4, 6, 5, 6, 6, 6, 3, 3, 3, 7, 7, 6, 3, 6, 4, 3, 5, 6, 6, 6, 5, 7, 6, 8, 5, 6, 4, 7, 4, 7, 5, 4, 5, 4, 6, 8, 4, 5, 5, 7, 5, 5, 4, 5, 4, 5, 5, 3, 4, 3, 6]
A_23 38.42 A 23 [3, 3, 1, 3, 2, 1, 1, 3, 2, 2, 2, 1, 4, 3, 3, 1, 3, 2, 2, 3, 3, 4, 3, 1, 4, 1, 3, 3, 1, 1, 2, 3, 3, 2, 2, 3, 4, 1, 4, 4, 4, 1, 2, 3, 3, 4, 4, 2, 3, 2, 3, 2, 1, 1, 4, 3, 1, 2, 4, 4, 3, 1, 4, 1, 3, 1, 3, 3, 3, 4, 3, 4, 1, 4, 2, 1, 1, 4, 2, 4] [7, 5, 3, 5, 5, 3, 3, 7, 6, 6, 4, 5, 6, 6, 7, 3, 7, 6, 6, 7, 7, 7, 5, 3, 7, 3, 6, 6, 3, 5, 6, 6, 6, 4, 4, 7, 6, 5, 6, 8, 6, 3, 6, 7, 6, 6, 6, 5, 6, 5, 5, 4, 5, 5, 7, 7, 5, 6, 6, 8, 5, 5, 6, 3, 7, 4, 7, 6, 5, 8, 6, 8, 3, 8, 6, 5, 4, 6, 5, 8]
A_24 39.88 A 24 [1, 3, 4, 4, 2, 1, 2, 2, 1, 1, 2, 1, 2, 3, 1, 1, 3, 2, 1, 4, 2, 2, 3, 4, 3, 3, 3, 3, 3, 4, 4, 2, 2, 4, 4, 4, 2, 2, 3, 1, 1, 3, 1, 1, 1, 2, 2, 3, 1, 1, 2, 4, 4, 3, 2, 4, 2, 4, 3, 2, 2, 4, 1, 2, 3, 3, 2, 2, 3, 3, 3, 4, 1, 4, 1, 4, 1, 3, 2, 4] [4, 7, 6, 6, 5, 3, 4, 4, 5, 3, 4, 5, 5, 6, 3, 5, 6, 6, 4, 7, 5, 5, 7, 7, 5, 7, 7, 5, 5, 7, 6, 4, 6, 6, 7, 7, 6, 5, 5, 4, 5, 5, 4, 5, 3, 6, 6, 7, 5, 3, 6, 7, 7, 6, 6, 8, 6, 8, 7, 6, 4, 7, 4, 4, 6, 5, 5, 6, 6, 7, 6, 8, 5, 7, 4, 6, 4, 7, 5, 6]
A_25 40.88 A 25 [1, 4, 2, 2, 3, 3, 1, 3, 3, 4, 4, 1, 4, 1, 1, 1, 2, 3, 4, 4, 1, 4, 3, 1, 3, 1, 2, 4, 3, 2, 2, 2, 1, 1, 1, 4, 4, 3, 1, 1, 1, 1, 4, 1, 1, 1, 4, 4, 2, 4, 1, 2, 1, 4, 4, 4, 1, 1, 1, 3, 2, 3, 4, 3, 3, 2, 2, 2, 2, 2, 4, 4, 4, 1, 1, 2, 2, 1, 4, 2] [5, 7, 6, 4, 7, 6, 4, 7, 5, 7, 8, 5, 7, 3, 3, 3, 6, 7, 7, 6, 4, 7, 5, 3, 7, 3, 4, 8, 5, 5, 5, 5, 4, 4, 4, 6, 6, 7, 3, 3, 4, 5, 8, 3, 3, 5, 8, 8, 4, 8, 3, 6, 5, 6, 7, 7, 3, 3, 4, 5, 4, 7, 8, 7, 5, 4, 6, 5, 4, 5, 8, 7, 6, 4, 5, 5, 5, 3, 6, 5]
A_26 41.88 A 26 [4, 3, 1, 4, 2, 1, 3, 4, 4, 2, 2, 1, 4, 2, 1, 4, 4, 2, 4, 4, 4, 1, 1, 3, 3, 2, 4, 1, 1, 4, 4, 3, 2, 4, 3, 4, 4, 3, 2, 2, 3, 3, 4, 4, 1, 2, 3, 1, 4, 3, 3, 2, 1, 2, 2, 4, 4, 1, 4, 3, 3, 3, 2, 2, 4, 1, 2, 2, 3, 4, 2, 2, 2, 3, 4, 3, 4, 4, 1, 2] [6, 6, 3, 7, 6, 5, 6, 6, 7, 4, 5, 4, 6, 5, 5, 8, 6, 5, 8, 7, 7, 5, 4, 6, 7, 4, 6, 3, 5, 8, 7, 7, 6, 7, 5, 7, 7, 7, 5, 6, 5, 5, 8, 8, 4, 4, 5, 5, 7, 7, 7, 5, 5, 5, 5, 8, 6, 4, 6, 7, 5, 7, 5, 4, 6, 3, 6, 5, 5, 8, 6, 4, 4, 6, 7, 5, 7, 7, 4, 5]
A_27 44.35 A 27 [4, 4, 3, 1, 3, 4, 4, 2, 1, 1, 4, 1, 4, 4, 3, 2, 1, 4, 1, 3, 2, 1, 2, 3, 3, 4, 1, 2, 2, 1, 3, 2, 3, 3, 1, 2, 4, 1, 4, 4, 3, 3, 4, 1, 1, 3, 2, 1, 3, 4, 1, 3, 3, 4, 2, 2, 4, 4, 3, 4, 3, 1, 3, 2, 1, 4, 2, 2, 3, 4, 4, 3, 1, 2, 4, 2, 2, 1, 4, 3] [8, 7, 6, 4, 6, 7, 7, 4, 3, 4, 7, 3, 8, 8, 7, 4, 4, 8, 3, 5, 6, 4, 6, 6, 5, 8, 3, 5, 5, 5, 7, 4, 6, 7, 4, 4, 8, 3, 8, 7, 7, 7, 8, 4, 3, 5, 5, 3, 7, 6, 5, 6, 5, 7, 5, 6, 7, 6, 6, 6, 6, 5, 6, 5, 3, 6, 4, 5, 6, 8, 7, 6, 4, 4, 6, 4, 5, 4, 7, 6]
A_28 45.92 A 28 [2, 4, 4, 2, 4, 2, 4, 2, 2, 1, 1, 2, 2, 2, 4, 4, 4, 4, 1, 1, 2, 2, 4, 1, 3, 3, 1, 2, 1, 2, 4, 2, 1, 4, 1, 4, 2, 1, 2, 3, 4, 4, 1, 4, 2, 1, 1, 3, 1, 1, 1, 4, 2, 2, 4, 4, 1, 2, 3, 4, 3, 1, 1, 2, 2, 2, 3, 1, 4, 1, 4, 2, 4, 1, 2, 3, 2, 3, 2, 4] [5, 6, 8, 6, 8, 4, 7, 6, 5, 3, 3, 5, 5, 6, 7, 7, 7, 8, 5, 5, 4, 5, 6, 3, 5, 5, 5, 5, 3, 5, 6, 6, 3, 7, 5, 7, 4, 4, 6, 5, 8, 6, 4, 6, 4, 3, 5, 6, 4, 3, 4, 7, 5, 6, 7, 7, 3, 6, 5, 7, 5, 5, 3, 4, 6, 4, 5, 5, 8, 5, 8, 4, 6, 3, 5, 7, 5, 5, 5, 7]
A_29 46.92 A 29 [1, 2, 3, 3, 3, 1, 4, 2, 2, 3, 4, 4, 4, 1, 4, 2, 4, 3, 4, 2, 1, 1, 2, 1, 4, 2, 4, 1, 2, 2, 2, 1, 4, 1, 2, 4, 3, 3, 2, 1, 4, 2, 1, 3, 3, 4, 4, 2, 2, 2, 2, 2, 3, 1, 2, 3, 3, 4, 2, 3, 2, 2, 2, 3, 1, 4, 3, 4, 3, 4, 1, 3, 1, 1, 3, 1, 1, 3, 3, 4] [4, 6, 6, 7, 5, 5, 7, 6, 5, 6, 6, 6, 7, 3, 8, 5, 7, 6, 6, 4, 4, 4, 4, 5, 7, 5, 8, 5, 5, 5, 6, 4, 7, 4, 5, 6, 5, 7, 5, 5, 7, 4, 5, 6, 5, 6, 6, 4, 5, 5, 6, 4, 5, 5, 4, 7, 7, 6, 5, 5, 4, 6, 6, 7, 4, 6, 6, 7, 6, 7, 5, 6, 5, 5, 5, 5, 4, 6, 7, 7]
A_30 47.92 A 30 [1, 4, 4, 2, 3, 4, 3, 2, 4, 1, 2, 4, 3, 3, 3, 3, 2, 3, 2, 1, 1, 2, 4, 2, 4, 2, 4, 3, 4, 2, 3, 3, 1, 4, 2, 1, 4, 2, 1, 1, 4, 2, 2, 4, 3, 1, 4, 1, 3, 4, 1, 4, 3, 3, 3, 4, 4, 1, 4, 4, 3, 2, 4, 3, 3, 3, 1, 4, 2, 3, 3, 2, 3, 1, 1, 2, 3, 3, 4, 1] [4, 6, 8, 5, 5, 7, 5, 6, 6, 4, 4, 7, 7, 7, 7, 7, 4, 5, 5, 5, 5, 4, 6, 6, 6, 5, 7, 7, 6, 6, 7, 5, 4, 6, 5, 4, 7, 5, 3, 4, 6, 5, 5, 6, 6, 3, 7, 3, 7, 7, 3, 6, 7, 5, 6, 6, 7, 4, 7, 7, 6, 6, 6, 7, 7, 5, 3, 6, 6, 6, 5, 4, 5, 4, 5, 6, 6, 5, 6, 5]
A_31 48.92 A 31 [2, 1, 1, 1, 4, 1, 3, 1, 4, 1, 4, 2, 1, 2, 4, 4, 3, 3, 3, 3, 2, 3, 2, 3, 2, 2, 3, 2, 2, 1, 3, 1, 3, 1, 4, 3, 2, 1, 1, 1, 4, 4, 2, 4, 4, 3, 1, 3, 3, 2, 4, 4, 1, 1, 1, 1, 1, 3, 2, 4, 1, 3, 3, 2, 1, 1, 1, 1, 2, 4, 2, 3, 4, 3, 4, 4, 1, 3, 3, 3] [5, 5, 4, 5, 8, 4, 5, 5, 6, 4, 7, 6, 3, 4, 7, 7, 5, 5, 7, 7, 6, 5, 5, 6, 4, 5, 7, 4, 6, 4, 5, 4, 7, 4, 7, 6, 4, 5, 4, 3, 6, 6, 4, 7, 8, 6, 4, 5, 5, 4, 6, 7, 4, 5, 3, 5, 5, 6, 5, 6, 3, 6, 5, 4, 5, 4, 5, 5, 6, 8, 5, 6, 6, 6, 6, 7, 5, 6, 5, 5]
A_32 49.92 A 32 [4, 3, 4, 3, 2, 3, 3, 2, 1, 3, 4, 1, 3, 2, 4, 4, 2, 2, 4, 2, 2, 3, 4, 3, 2, 1, 2, 3, 1, 4, 1, 3, 2, 4, 2, 3, 3, 2, 3, 1, 4, 3, 1, 4, 3, 4, 2, 2, 3, 3, 2, 4, 2, 1, 3, 4, 3, 1, 2, 2, 1, 4, 2, 4, 3, 2, 1, 2, 2, 1, 3, 4, 1, 2, 2, 4, 2, 4, 3, 1] [6, 7, 7, 6, 5, 6, 5, 4, 3, 5, 7, 4, 7, 5, 7, 8, 5, 4, 8, 4, 4, 6, 6, 6, 6, 4, 6, 6, 3, 7, 4, 7, 5, 7, 6, 7, 7, 6, 6, 3, 8, 7, 5, 6, 7, 6, 4, 6, 5, 6, 6, 8, 4, 5, 7, 8, 5, 5, 5, 4, 4, 8, 6, 8, 6, 5, 3, 4, 5, 4, 6, 8, 3, 4, 4, 7, 4, 6, 5, 5]
A_33 52.59 A 33 [3, 1, 2, 3, 2, 1, 4, 4, 4, 3, 4, 4, 2, 2, 4, 2, 3, 3, 2, 1, 2, 4, 4, 2, 4, 1, 4, 3, 4, 1, 4, 1, 4, 3, 2, 2, 1, 3, 1, 4, 1, 4, 4, 4, 2, 2, 2, 4, 1, 4, 4, 1, 3, 4, 2, 2, 2, 2, 2, 4, 1, 3, 2, 3, 4, 1, 2, 3, 4, 4, 1, 3, 3, 2, 3, 1, 1, 3, 2, 1] [7, 4, 4, 5, 6, 5, 6, 7, 7, 7, 8, 7, 5, 5, 8, 6, 5, 7, 4, 3, 4, 8, 6, 4, 6, 4, 7, 7, 7, 4, 6, 4, 7, 6, 5, 5, 4, 7, 5, 6, 3, 8, 8, 7, 4, 5, 5, 6, 4, 8, 8, 4, 5, 8, 6, 6, 4, 5, 5, 7, 4, 5, 4, 7, 6, 5, 4, 7, 8, 7, 3, 6, 5, 4, 6, 4, 4, 7, 5, 5]
A_34 53.59 A 34 [2, 2, 1, 1, 2, 4, 3, 4, 2, 2, 4, 2, 2, 1, 3, 2, 2, 4, 4, 2, 1, 2, 3, 2, 4, 1, 3, 1, 1, 2, 2, 4, 2, 2, 4, 3, 2, 3, 2, 1, 2, 3, 4, 4, 1, 2, 1, 4, 4, 2, 1, 3, 3, 1, 3, 1, 3, 3, 1, 3, 3, 3, 1, 4, 2, 1, 3, 2, 2, 4, 3, 4, 1, 2, 3, 2, 1, 1, 3, 1] [4, 4, 4, 4, 4, 6, 5, 8, 5, 6, 7, 5, 4, 4, 5, 5, 6, 6, 6, 5, 5, 4, 6, 4, 7, 4, 5, 4, 5, 5, 5, 7, 6, 5, 6, 6, 6, 6, 6, 3, 4, 5, 7, 7, 4, 4, 4, 6, 6, 6, 3, 7, 5, 5, 7, 4, 7, 5, 3, 5, 5, 7, 3, 6, 6, 5, 7, 6, 6, 8, 7, 7, 4, 6, 7, 6, 5, 3, 6, 3]
A_35 54.59 A 35 [2, 4, 3, 4, 1, 2, 4, 4, 2, 4, 3, 4, 4, 1, 2, 4, 3, 1, 1, 2, 1, 4, 1, 3, 4, 4, 4, 2, 4, 4, 1, 3, 3, 2, 3, 1, 3, 4, 1, 3, 2, 3, 1, 1, 3, 4, 4, 3, 4, 3, 2, 3, 2, 4, 2, 4, 4, 1, 3, 1, 1, 3, 1, 1, 1, 2, 2, 1, 3, 1, 1, 4, 1, 4, 4, 4, 4, 3, 3, 3] [5, 6, 5, 8, 4, 5, 7, 6, 6, 6, 5, 7, 6, 3, 6, 6, 7, 5, 5, 4, 5, 7, 3, 7, 7, 6, 7, 4, 7, 6, 4, 6, 7, 5, 6, 4, 6, 7, 5, 6, 4, 5, 4, 4, 7, 8, 8, 7, 8, 7, 4, 6, 4, 8, 6, 6, 7, 3, 5, 4, 3, 5, 5, 5, 3, 4, 5, 3, 5, 3, 3, 8, 5, 8, 8, 6, 7, 6, 5, 7]
A_36 55.59 A 36 [3, 3, 4, 2, 2, 1, 4, 3, 1, 2, 4, 2, 4, 3, 1, 1, 3, 1, 4, 3, 2, 4, 1, 4, 2, 4, 4, 4, 2, 3, 4, 2, 3, 1, 2, 3, 3, 1, 4, 4, 3, 2, 4, 2, 1, 4, 2, 2, 3, 3, 4, 2, 3, 1, 2, 3, 1, 4, 1, 2, 1, 4, 3, 4, 3, 4, 2, 2, 1, 4, 2, 3, 3, 4, 1, 3, 2, 1, 4, 1] [7, 5, 7, 5, 5, 3, 6, 7, 4, 6, 7, 4, 6, 7, 5, 5, 6, 5, 6, 7, 5, 7, 3, 6, 6, 6, 7, 8, 4, 5, 7, 4, 7, 4, 6, 6, 5, 5, 7, 8, 5, 5, 6, 6, 3, 6, 4, 5, 7, 5, 6, 6, 5, 5, 5, 6, 5, 8, 4, 4, 4, 8, 6, 7, 7, 7, 4, 6, 5, 8, 5, 6, 6, 6, 3, 7, 5, 5, 6, 3]
A_37 56.59 A 37 [2, 4, 3, 3, 4, 2, 1, 2, 3, 4, 4, 1, 4, 4, 2, 4, 1, 3, 4, 3, 4, 2, 1, 1, 2, 3, 3, 1, 1, 3, 2, 1, 2, 3, 3, 4, 1, 1, 2, 3, 1, 3, 3, 1, 3, 1, 1, 1, 2, 1, 4, 1, 4, 4, 3, 1, 2, 3, 2, 1, 3, 4, 2, 3, 4, 1, 2, 3, 3, 2, 4, 4, 3, 1, 3, 3, 2, 2, 2, 2] [5, 6, 5, 5, 7, 5, 3, 6, 6, 8, 6, 3, 6, 8, 4, 6, 3, 5, 8, 7, 6, 5, 3, 5, 5, 7, 7, 3, 4, 7, 5, 5, 6, 7, 6, 7, 5, 5, 5, 7, 4, 5, 6, 4, 6, 3, 3, 5, 5, 5, 8, 4, 6, 6, 5, 5, 5, 6, 4, 4, 7, 6, 4, 7, 8, 3, 5, 5, 7, 4, 8, 8, 5, 3, 5, 6, 6, 5, 5, 5]
A_38 61.07000000000001 A 38 [2, 3, 4, 4, 4, 1, 1, 3, 2, 1, 1, 2, 4, 3, 4, 2, 4, 1, 4, 2, 1, 2, 4, 4, 3, 1, 2, 4, 2, 2, 1, 1, 3, 1, 2, 1, 4, 2, 2, 1, 3, 1, 3, 2, 4, 3, 1, 3, 1, 2, 4, 4, 2, 3, 4, 2, 2, 3, 2, 1, 3, 3, 1, 4, 2, 2, 4, 4, 4, 4, 1, 1, 1, 2, 2, 4, 1, 4, 2, 2] [6, 7, 6, 8, 7, 4, 5, 5, 4, 5, 4, 6, 6, 6, 6, 4, 7, 4, 7, 5, 4, 6, 7, 6, 5, 3, 5, 8, 6, 5, 3, 4, 6, 5, 6, 5, 7, 5, 5, 3, 7, 3, 6, 6, 6, 7, 3, 5, 5, 6, 8, 6, 5, 6, 6, 4, 4, 7, 6, 3, 6, 7, 4, 8, 5, 6, 6, 7, 8, 7, 5, 5, 3, 5, 6, 8, 3, 7, 6, 6]
A_39 62.07000000000001 A 39 [2, 1, 1, 1, 2, 2, 2, 4, 3, 3, 4, 1, 1, 2, 1, 4, 1, 3, 1, 2, 1, 4, 4, 4, 1, 1, 2, 4, 3, 1, 1, 1, 1, 4, 1, 3, 4, 3, 1, 2, 3, 3, 3, 1, 1, 1, 4, 1, 4, 1, 1, 3, 4, 4, 3, 3, 3, 2, 4, 1, 2, 3, 4, 2, 2, 4, 1, 4, 3, 4, 2, 2, 1, 2, 1, 2, 1, 3, 4, 2] [5, 5, 3, 5, 4, 4, 5, 7, 7, 5, 6, 5, 4, 6, 5, 7, 5, 7, 5, 4, 4, 7, 7, 8, 4, 3, 6, 7, 5, 5, 4, 3, 3, 6, 3, 6, 8, 7, 3, 5, 7, 7, 7, 4, 4, 4, 6, 5, 6, 3, 5, 6, 6, 8, 6, 5, 7, 5, 8, 3, 6, 6, 8, 6, 6, 6, 4, 6, 6, 7, 4, 5, 5, 4, 4, 4, 4, 7, 6, 6]
B_0 1 B 40 [3, 4, 4, 3, 3, 1, 1, 1, 3, 4, 3, 2, 3, 4, 3, 4, 1, 2, 2, 4, 4, 3, 3, 4, 1, 1, 3, 3, 4, 4, 4, 4, 4, 1, 2, 2, 3, 1, 3, 3, 3, 4, 3, 4, 3, 3, 1, 3, 2, 2, 1, 3, 2, 4, 4, 3, 3, 2, 1, 4, 4, 1, 1, 3, 4, 2, 1, 2, 4, 3, 1, 3, 3, 2, 2, 4, 4, 1, 1, 1] [7, 7, 7, 6, 5, 5, 3, 5, 7, 7, 5, 5, 7, 6, 7, 6, 3, 5, 4, 7, 8, 7, 6, 6, 5, 4, 5, 7, 8, 7, 6, 6, 8, 3, 4, 4, 5, 4, 7, 7, 6, 6, 5, 6, 7, 5, 4, 5, 4, 5, 3, 5, 4, 6, 8, 7, 7, 5, 3, 8, 8, 3, 4, 5, 6, 6, 4, 6, 6, 5, 5, 6, 6, 4, 4, 8, 6, 3, 3, 5]
B_1 5.69 B 41 [3, 4, 3, 1, 4, 1, 2, 3, 1, 4, 3, 1, 1, 1, 1, 2, 4, 2, 4, 3, 3, 4, 1, 1, 3, 1, 3, 3, 4, 2, 2, 4, 3, 4, 3, 3, 2, 3, 1, 3, 4, 2, 2, 1, 2, 1, 3, 4, 3, 4, 3, 4, 3, 2, 3, 2, 1, 3, 4, 2, 3, 1, 2, 2, 3, 4, 2, 1, 2, 2, 3, 2, 2, 2, 1, 3, 3, 4, 2, 4] [5, 7, 6, 5, 6, 3, 4, 5, 5, 6, 6, 5, 5, 3, 5, 6, 8, 4, 8, 7, 5, 6, 3, 3, 5, 5, 5, 7, 6, 4, 5, 6, 7, 8, 5, 5, 5, 5, 3, 7, 6, 4, 4, 5, 6, 5, 6, 8, 7, 7, 6, 8, 7, 6, 5, 5, 5, 7, 6, 5, 5, 3, 4, 6, 5, 6, 6, 4, 6, 4, 6, 5, 5, 5, 3, 7, 5, 7, 6, 7]
B_2 7.48 B 42 [4, 1, 3, 2, 1, 1, 1, 1, 3, 2, 1, 3, 3, 1, 4, 3, 3, 3, 1, 3, 3, 3, 3, 2, 1, 4, 4, 4, 1, 1, 2, 2, 1, 4, 4, 1, 4, 3, 3, 3, 3, 2, 3, 4, 2, 2, 3, 2, 4, 3, 3, 2, 3, 1, 4, 4, 3, 4, 3, 1, 4, 3, 4, 2, 1, 2, 4, 1, 1, 4, 3, 3, 4, 3, 2, 2, 2, 4, 1, 1] [6, 4, 5, 5, 4, 3, 3, 5, 6, 4, 4, 7, 5, 4, 8, 6, 7, 7, 5, 6, 6, 7, 6, 6, 4, 8, 8, 8, 4, 5, 5, 4, 5, 8, 7, 4, 6, 6, 6, 7, 5, 4, 5, 7, 4, 4, 6, 5, 7, 7, 6, 5, 7, 3, 7, 8, 6, 6, 5, 5, 8, 6, 8, 4, 3, 5, 8, 4, 5, 8, 6, 6, 6, 6, 5, 4, 6, 7, 3, 5]
B_3 8.48 B 43 [2, 4, 3, 3, 4, 4, 1, 2, 3, 1, 2, 1, 1, 3, 4, 3, 3, 2, 1, 4, 4, 2, 2, 3, 1, 1, 4, 1, 4, 3, 4, 4, 4, 4, 4, 1, 2, 1, 2, 1, 4, 1, 4, 4, 1, 2, 2, 2, 2, 2, 1, 2, 1, 2, 3, 1, 2, 1, 3, 3, 2, 4, 3, 4, 2, 3, 1, 1, 4, 1, 4, 1, 4, 4, 3, 2, 3, 2, 2, 3] [6, 6, 5, 6, 7, 6, 4, 5, 6, 5, 4, 4, 5, 5, 7, 7, 5, 4, 3, 8, 7, 4, 4, 7, 5, 3, 8, 4, 6, 6, 6, 7, 6, 7, 7, 4, 6, 4, 6, 4, 6, 5, 7, 8, 4, 6, 6, 4, 5, 6, 4, 6, 3, 6, 7, 5, 5, 3, 5, 6, 6, 8, 6, 8, 4, 5, 4, 3, 7, 3, 8, 4, 6, 8, 6, 6, 6, 5, 4, 6]
B_4 9.48 B 44 [3, 4, 4, 1, 1, 2, 4, 2, 1, 4, 3, 1, 1, 2, 2, 4, 2, 4, 3, 4, 3, 3, 1, 3, 1, 1, 1, 1, 2, 3, 3, 4, 3, 2, 1, 3, 1, 3, 4, 1, 3, 2, 2, 1, 1, 3, 4, 1, 4, 3, 2, 3, 1, 3, 2, 4, 4, 2, 1, 3, 1, 1, 2, 4, 4, 4, 4, 1, 2, 1, 1, 1, 2, 4, 3, 1, 3, 3, 4, 4] [7, 6, 8, 3, 4, 5, 8, 5, 3, 7, 5, 4, 3, 6, 5, 7, 5, 6, 5, 7, 6, 6, 3, 6, 3, 3, 4, 3, 4, 5, 6, 8, 7, 4, 4, 7, 3, 6, 6, 4, 7, 6, 4, 4, 3, 5, 6, 5, 8, 6, 4, 6, 3, 7, 6, 8, 7, 6, 4, 7, 4, 5, 6, 6, 8, 8, 6, 3, 5, 4, 3, 3, 6, 8, 7, 5, 6, 6, 8, 7]
B_5 10.48 B 45 [3, 3, 1, 1, 4, 2, 4, 1, 2, 1, 4, 1, 3, 1, 1, 1, 1, 2, 1, 4, 1, 1, 3, 4, 2, 1, 2, 3, 1, 4, 1, 3, 4, 2, 2, 4, 4, 1, 3, 1, 3, 1, 2, 2, 3, 4, 4, 4, 3, 3, 1, 4, 3, 3, 1, 2, 1, 2, 2, 1, 2, 1, 1, 4, 1, 3, 4, 1, 1, 3, 1, 2, 3, 4, 4, 3, 2, 1, 4, 4] [5, 6, 5, 4, 6, 5, 6, 4, 6, 4, 8, 4, 6, 5, 4, 3, 5, 5, 4, 6, 3, 3, 5, 6, 6, 5, 4, 5, 3, 6, 3, 6, 6, 5, 4, 8, 6, 3, 7, 4, 5, 5, 4, 6, 5, 6, 7, 8, 6, 5, 4, 7, 6, 6, 3, 6, 4, 6, 5, 5, 4, 5, 3, 8, 3, 5, 7, 5, 4, 5, 5, 4, 7, 8, 6, 6, 5, 4, 8, 7]
B_6 14.36 B 46 [4, 4, 4, 4, 2, 3, 2, 2, 2, 1, 2, 2, 1, 1, 4, 4, 4, 3, 4, 4, 1, 3, 4, 4, 2, 4, 3, 2, 1, 4, 4, 1, 2, 2, 1, 4, 2, 1, 1, 4, 1, 3, 3, 2, 4, 4, 2, 2, 2, 3, 3, 3, 4, 2, 2, 1, 4, 4, 1, 3, 3, 4, 4, 1, 2, 3, 2, 4, 1, 3, 3, 3, 4, 1, 3, 4, 2, 4, 1, 3] [7, 7, 6, 6, 4, 7, 6, 6, 6, 4, 4, 6, 4, 5, 6, 6, 6, 6, 8, 8, 5, 6, 6, 6, 6, 8, 5, 5, 5, 6, 7, 4, 4, 5, 4, 8, 4, 3, 3, 6, 4, 6, 6, 6, 6, 7, 5, 4, 5, 7, 5, 5, 8, 5, 4, 3, 7, 7, 5, 5, 7, 7, 6, 4, 4, 6, 4, 8, 5, 6, 6, 7, 8, 4, 7, 8, 5, 8, 3, 5]
B_7 15.54 B 47 [4, 4, 4, 4, 3, 3, 2, 4, 3, 2, 4, 2, 4, 3, 1, 1, 2, 1, 1, 2, 1, 4, 3, 2, 3, 4, 1, 1, 3, 2, 1, 3, 2, 4, 4, 3, 2, 1, 3, 1, 3, 4, 2, 2, 1, 4, 2, 3, 4, 4, 4, 2, 2, 3, 4, 3, 1, 3, 3, 1, 1, 2, 4, 1, 4, 4, 2, 1, 3, 3, 4, 2, 1, 2, 3, 3, 2, 4, 1, 2] [8, 8, 7, 7, 6, 5, 4, 7, 5, 5, 6, 5, 6, 6, 4, 3, 4, 4, 4, 6, 3, 6, 6, 5, 7, 8, 5, 3, 6, 4, 3, 5, 6, 6, 6, 7, 5, 5, 5, 5, 5, 8, 5, 4, 5, 8, 4, 6, 8, 8, 8, 5, 4, 6, 7, 7, 4, 7, 5, 5, 5, 6, 6, 3, 7, 7, 5, 4, 6, 7, 7, 5, 3, 5, 7, 7, 5, 8, 3, 6]
B_8 16.54 B 48 [4, 2, 2, 4, 1, 2, 2, 2, 2, 4, 1, 2, 2, 2, 4, 4, 4, 1, 1, 4, 1, 2, 4, 3, 1, 2, 4, 3, 1, 2, 3, 3, 3, 1, 4, 4, 3, 2, 1, 4, 2, 3, 4, 2, 4, 3, 2, 4, 2, 3, 2, 2, 3, 2, 2, 4, 1, 2, 3, 3, 4, 2, 1, 4, 3, 2, 1, 4, 2, 1, 4, 1, 4, 1, 3, 2, 2, 3, 3, 2] [6, 6, 5, 6, 3, 4, 5, 4, 6, 8, 4, 4, 6, 4, 8, 6, 7, 4, 3, 6, 3, 6, 6, 6, 5, 4, 7, 7, 4, 5, 7, 5, 5, 4, 6, 8, 7, 5, 5, 6, 4, 7, 7, 5, 8, 6, 5, 8, 5, 5, 5, 6, 6, 5, 6, 7, 5, 4, 6, 7, 7, 5, 4, 6, 7, 4, 4, 7, 4, 3, 7, 4, 8, 3, 6, 6, 5, 5, 6, 4]
B_9 18.32 B 49 [4, 4, 1, 2, 1, 4, 1, 3, 2, 1, 4, 1, 1, 3, 4, 1, 3, 4, 1, 1, 3, 3, 3, 2, 1, 4, 3, 4, 1, 2, 4, 2, 3, 4, 2, 3, 3, 1, 2, 1, 2, 4, 3, 2, 3, 3, 3, 4, 3, 2, 2, 4, 3, 4, 3, 1, 3, 1, 3, 2, 3, 3, 2, 2, 3, 3, 2, 1, 1, 1, 2, 1, 3, 2, 4, 1, 3, 2, 4, 3] [8, 6, 4, 5, 3, 6, 4, 7, 6, 5, 8, 4, 3, 7, 8, 4, 7, 8, 5, 4, 7, 7, 5, 5, 3, 8, 7, 6, 3, 5, 7, 4, 6, 8, 6, 7, 5, 5, 6, 3, 5, 7, 7, 6, 6, 5, 7, 8, 5, 6, 5, 6, 6, 8, 7, 5, 5, 5, 7, 5, 5, 7, 4, 4, 5, 6, 5, 4, 4, 5, 5, 5, 5, 6, 7, 3, 5, 6, 6, 7]
B_10 19.32 B 50 [1, 1, 1, 3, 2, 2, 2, 2, 2, 3, 1, 4, 3, 3, 4, 1, 1, 4, 1, 2, 1, 1, 4, 3, 2, 1, 3, 1, 1, 2, 1, 4, 2, 4, 1, 2, 4, 4, 4, 1, 1, 3, 3, 1, 2, 1, 3, 4, 2, 2, 2, 2, 2, 1, 4, 4, 3, 2, 3, 3, 4, 2, 2, 4, 3, 4, 1, 1, 1, 2, 4, 3, 2, 1, 2, 1, 3, 2, 1, 2] [4, 3, 3, 7, 4, 6, 6, 6, 6, 6, 3, 6, 7, 7, 7, 5, 5, 7, 5, 6, 4, 5, 7, 5, 6, 3, 7, 5, 4, 6, 3, 6, 6, 8, 3, 4, 6, 8, 8, 5, 3, 6, 6, 4, 4, 4, 5, 8, 5, 5, 5, 4, 4, 3, 6, 6, 6, 4, 6, 5, 6, 4, 4, 6, 7, 6, 5, 3, 5, 6, 8, 6, 6, 5, 4, 4, 5, 5, 5, 5]
B_11 20.32 B 51 [3, 2, 2, 4, 4, 1, 2, 4, 3, 4, 2, 1, 4, 4, 3, 2, 3, 2, 3, 3, 1, 3, 4, 2, 4, 2, 2, 3, 4, 2, 4, 4, 4, 1, 3, 3, 2, 1, 4, 3, 3, 4, 2, 2, 3, 4, 3, 2, 2, 4, 2, 4, 4, 2, 2, 3, 2, 3, 2, 2, 4, 1, 2, 2, 3, 3, 2, 3, 3, 1, 1, 2, 4, 4, 1, 1, 3, 2, 2, 2] [5, 5, 5, 8, 7, 5, 5, 6, 7, 6, 5, 3, 7, 7, 6, 6, 7, 5, 7, 6, 3, 5, 6, 4, 7, 6, 5, 6, 7, 4, 6, 7, 8, 4, 7, 6, 6, 4, 6, 6, 5, 8, 5, 6, 6, 7, 5, 5, 6, 6, 4, 7, 8, 5, 4, 6, 4, 6, 4, 5, 7, 3, 4, 6, 6, 6, 6, 5, 6, 3, 3, 6, 7, 8, 4, 5, 6, 5, 5, 6]
B_12 21.32 B 52 [4, 4, 1, 3, 4, 2, 4, 1, 3, 4, 1, 1, 3, 1, 1, 3, 1, 2, 2, 1, 3, 3, 4, 1, 4, 1, 1, 3, 2, 3, 3, 1, 2, 3, 3, 2, 3, 4, 2, 4, 2, 3, 3, 1, 1, 3, 4, 2, 3, 3, 2, 4, 3, 1, 4, 4, 4, 2, 3, 3, 1, 1, 4, 1, 3, 2, 3, 3, 4, 3, 4, 2, 2, 2, 3, 1, 4, 2, 4, 4] [6, 6, 3, 7, 6, 4, 7, 3, 6, 6, 3, 3, 6, 5, 5, 5, 3, 4, 4, 3, 6, 5, 8, 5, 7, 5, 5, 5, 5, 5, 7, 4, 4, 5, 5, 4, 5, 6, 5, 6, 4, 7, 7, 3, 3, 6, 8, 4, 6, 6, 4, 8, 7, 3, 7, 6, 7, 4, 6, 5, 5, 5, 7, 5, 6, 5, 7, 6, 8, 6, 6, 4, 5, 6, 7, 4, 6, 4, 7, 6]
B_13 23.3 B 53 [4, 3, 3, 1, 2, 1, 2, 1, 4, 2, 3, 2, 3, 2, 3, 4, 3, 1, 3, 3, 3, 3, 3, 1, 3, 4, 2, 4, 2, 1, 3, 1, 1, 4, 1, 4, 1, 4, 3, 4, 4, 2, 1, 2, 3, 3, 2, 3, 2, 4, 1, 2, 1, 2, 4, 3, 3, 3, 4, 2, 2, 1, 4, 4, 1, 4, 4, 1, 1, 3, 4, 1, 4, 2, 2, 1, 2, 1, 4, 2] [7, 7, 5, 4, 5, 4, 5, 4, 6, 5, 7, 4, 6, 5, 5, 8, 7, 5, 6, 5, 7, 5, 5, 5, 6, 6, 5, 7, 6, 5, 5, 5, 5, 8, 5, 8, 5, 6, 6, 8, 6, 6, 3, 6, 7, 6, 5, 6, 5, 8, 3, 5, 3, 5, 7, 7, 5, 7, 6, 5, 4, 3, 7, 6, 3, 8, 8, 5, 4, 6, 7, 5, 6, 4, 6, 3, 6, 5, 6, 5]
B_14 24.3 B 54 [1, 1, 2, 2, 1, 3, 1, 3, 1, 2, 1, 2, 4, 4, 1, 3, 2, 3, 3, 1, 3, 1, 3, 4, 2, 4, 2, 2, 4, 2, 3, 1, 3, 2, 3, 2, 2, 3, 4, 3, 4, 3, 4, 3, 2, 1, 2, 4, 2, 3, 4, 2, 4, 4, 1, 1, 2, 4, 2, 4, 1, 4, 1, 4, 2, 2, 3, 3, 1, 1, 3, 3, 4, 2, 4, 3, 3, 4, 4, 1] [3, 5, 4, 6, 4, 6, 5, 7, 3, 5, 4, 5, 6, 7, 4, 6, 5, 5, 5, 5, 6, 4, 6, 7, 6, 7, 5, 5, 7, 4, 6, 3, 7, 6, 7, 6, 5, 5, 6, 6, 8, 5, 7, 7, 6, 3, 4, 7, 6, 7, 6, 4, 7, 7, 4, 3, 6, 6, 6, 7, 5, 6, 3, 7, 4, 4, 7, 5, 3, 4, 7, 7, 8, 5, 7, 6, 5, 7, 6, 4]
B_15 25.46 B 55 [1, 4, 1, 4, 3, 4, 1, 4, 3, 1, 2, 1, 3, 3, 2, 4, 1, 4, 1, 4, 1, 1, 1, 3, 4, 4, 4, 2, 4, 3, 4, 1, 4, 2, 1, 4, 3, 1, 2, 3, 3, 2, 4, 1, 4, 2, 1, 3, 4, 1, 4, 3, 4, 3, 1, 4, 3, 2, 4, 2, 2, 3, 4, 4, 2, 2, 1, 1, 4, 3, 2, 2, 3, 1, 3, 2, 3, 2, 4, 3] [3, 6, 4, 7, 7, 8, 3, 7, 5, 3, 4, 3, 7, 5, 5, 7, 5, 6, 3, 7, 5, 4, 4, 7, 8, 7, 8, 6, 7, 7, 6, 5, 8, 6, 4, 6, 6, 5, 4, 5, 7, 5, 8, 5, 8, 6, 3, 7, 7, 5, 6, 6, 6, 7, 3, 6, 6, 6, 7, 5, 5, 7, 8, 6, 6, 5, 5, 5, 6, 6, 5, 4, 7, 3, 6, 4, 7, 5, 6, 5]
B_16 26.46 B 56 [1, 3, 1, 2, 2, 2, 1, 2, 1, 3, 3, 3, 1, 2, 1, 2, 2, 4, 4, 2, 4, 4, 3, 1, 2, 1, 4, 4, 1, 3, 4, 1, 3, 2, 3, 4, 1, 2, 2, 3, 3, 1, 3, 2, 4, 1, 4, 1, 1, 3, 3, 2, 4, 3, 2, 3, 3, 3, 2, 1, 4, 3, 2, 4, 3, 3, 1, 4, 4, 2, 2, 4, 3, 1, 3, 1, 4, 2, 1, 2] [3, 5, 3, 5, 6, 4, 5, 5, 4, 6, 6, 5, 5, 6, 4, 6, 4, 8, 6, 6, 6, 7, 7, 5, 6, 3, 6, 7, 3, 7, 7, 5, 5, 4, 7, 7, 5, 5, 4, 7, 7, 5, 6, 5, 7, 4, 7, 4, 5, 5, 6, 4, 7, 5, 6, 6, 6, 6, 6, 4, 7, 6, 4, 6, 6, 7, 5, 8, 6, 6, 4, 8, 6, 5, 5, 3, 7, 6, 3, 5]
B_17 27.46 B 57 [2, 1, 4, 4, 3, 2, 4, 2, 3, 4, 3, 4, 3, 1, 1, 4, 4, 4, 2, 3, 4, 1, 2, 2, 4, 1, 1, 4, 2, 4, 1, 3, 1, 2, 3, 1, 4, 3, 3, 2, 2, 3, 4, 1, 2, 2, 4, 3, 2, 1, 2, 3, 2, 3, 4, 2, 3, 4, 3, 3, 2, 4, 1, 3, 2, 4, 4, 2, 1, 1, 4, 4, 4, 4, 1, 2, 1, 4, 2, 3] [5, 5, 7, 7, 5, 4, 8, 6, 6, 7, 5, 8, 7, 3, 3, 8, 8, 8, 5, 5, 7, 3, 4, 6, 8, 3, 4, 6, 6, 6, 4, 6, 5, 5, 5, 3, 8, 6, 7, 5, 5, 7, 6, 3, 6, 6, 7, 7, 4, 5, 4, 6, 4, 7, 6, 6, 6, 6, 5, 6, 5, 6, 3, 6, 6, 7, 6, 5, 3, 4, 8, 6, 6, 8, 5, 4, 3, 6, 6, 7]
B_18 28.46 B 58 [2, 4, 2, 3, 3, 1, 4, 2, 2, 1, 1, 1, 4, 3, 3, 2, 1, 1, 1, 1, 4, 4, 4, 4, 3, 1, 4, 3, 3, 2, 4, 2, 2, 2, 1, 3, 1, 2, 2, 4, 1, 4, 3, 3, 1, 2, 1, 3, 3, 3, 3, 2, 3, 4, 2, 4, 2, 3, 3, 4, 2, 1, 2, 2, 3, 2, 4, 3, 3, 2, 4, 3, 4, 1, 4, 3, 3, 1, 4, 4] [5, 6, 4, 5, 5, 5, 7, 4, 5, 5, 3, 4, 7, 7, 6, 5, 3, 4, 5, 5, 6, 6, 7, 6, 7, 4, 6, 6, 5, 5, 7, 5, 5, 5, 3, 5, 4, 4, 6, 8, 3, 6, 5, 5, 4, 5, 5, 5, 6, 7, 6, 4, 6, 6, 6, 7, 6, 5, 5, 8, 5, 4, 6, 6, 6, 6, 7, 7, 7, 5, 8, 5, 7, 4, 8, 6, 6, 5, 6, 8]
B_19 29.46 B 59 [1, 4, 3, 1, 3, 2, 2, 4, 4, 1, 2, 4, 4, 4, 2, 2, 1, 2, 4, 2, 3, 4, 2, 4, 2, 3, 3, 4, 4, 3, 4, 4, 2, 4, 3, 1, 2, 1, 1, 1, 4, 2, 1, 3, 3, 1, 3, 1, 3, 2, 3, 2, 3, 2, 4, 2, 1, 3, 4, 3, 1, 1, 4, 2, 1, 3, 3, 2, 4, 4, 1, 2, 3, 1, 1, 1, 4, 4, 2, 3] [5, 6, 7, 5, 6, 6, 6, 6, 6, 4, 4, 6, 8, 7, 5, 4, 3, 5, 7, 5, 5, 7, 5, 8, 6, 5, 7, 6, 7, 5, 7, 6, 4, 7, 5, 4, 4, 4, 3, 3, 8, 5, 5, 6, 7, 5, 5, 5, 7, 5, 5, 5, 5, 5, 7, 5, 4, 6, 8, 7, 3, 3, 8, 6, 3, 5, 6, 4, 8, 6, 3, 6, 7, 3, 5, 5, 8, 6, 5, 5]
B_20 30.46 B 60 [3, 3, 1, 4, 1, 2, 1, 4, 4, 2, 1, 1, 2, 2, 3, 3, 4, 2, 4, 2, 1, 1, 1, 3, 2, 2, 3, 3, 3, 2, 3, 1, 1, 1, 3, 1, 1, 3, 3, 2, 4, 3, 4, 2, 1, 2, 3, 1, 4, 3, 4, 4, 1, 2, 1, 2, 4, 2, 2, 1, 1, 1, 2, 3, 4, 3, 4, 2, 1, 3, 2, 3, 3, 3, 2, 4, 1, 1, 3, 2] [5, 7, 3, 6, 5, 5, 5, 6, 6, 5, 5, 4, 4, 5, 5, 7, 8, 5, 7, 4, 4, 4, 4, 5, 4, 4, 5, 6, 5, 4, 6, 3, 4, 4, 5, 3, 4, 7, 6, 6, 8, 5, 8, 6, 4, 4, 7, 5, 7, 5, 6, 7, 5, 4, 5, 5, 7, 5, 5, 3, 3, 4, 4, 6, 6, 5, 7, 6, 5, 6, 4, 7, 6, 7, 6, 8, 4, 4, 7, 5]
B_21 33.1 B 61 [2, 1, 1, 3, 2, 2, 2, 1, 4, 4, 1, 4, 1, 4, 2, 4, 3, 3, 2, 2, 1, 2, 1, 1, 4, 3, 3, 1, 1, 2, 2, 3, 4, 3, 3, 3, 4, 4, 3, 3, 1, 1, 3, 4, 1, 1, 4, 2, 2, 3, 2, 1, 1, 1, 4, 3, 3, 4, 1, 1, 1, 1, 3, 1, 1, 4, 2, 3, 2, 3, 2, 2, 4, 3, 4, 2, 3, 3, 4, 2] [4, 4, 4, 5, 5, 4, 6, 3, 7, 6, 4, 6, 3, 7, 6, 7, 5, 7, 6, 6, 4, 5, 5, 5, 7, 7, 7, 5, 5, 6, 6, 6, 8, 5, 7, 5, 8, 6, 7, 6, 3, 3, 6, 8, 5, 5, 7, 6, 5, 7, 4, 3, 5, 3, 6, 7, 6, 6, 4, 3, 4, 5, 7, 3, 5, 8, 4, 5, 4, 5, 6, 6, 7, 5, 7, 4, 7, 5, 8, 6]
B_22 34.1 B 62 [3, 3, 4, 3, 4, 1, 2, 2, 2, 1, 4, 2, 4, 2, 1, 4, 1, 4, 2, 2, 4, 3, 2, 4, 1, 4, 2, 3, 1, 2, 4, 3, 2, 2, 1, 1, 3, 2, 1, 4, 1, 2, 4, 3, 2, 1, 4, 4, 1, 2, 2, 2, 4, 4, 1, 4, 2, 1, 2, 4, 2, 3, 2, 4, 1, 3, 1, 2, 2, 2, 1, 4, 1, 1, 1, 2, 2, 4, 4, 2] [5, 6, 8, 5, 7, 5, 6, 5, 4, 3, 8, 6, 8, 4, 5, 8, 4, 7, 4, 6, 7, 5, 4, 6, 4, 8, 5, 6, 3, 6, 6, 5, 6, 4, 3, 5, 6, 4, 4, 8, 4, 4, 8, 6, 6, 3, 6, 6, 4, 4, 4, 4, 7, 7, 3, 8, 4, 3, 6, 8, 4, 7, 6, 6, 3, 6, 3, 4, 6, 4, 3, 8, 5, 5, 5, 6, 6, 8, 7, 4]
B_23 37.81 B 63 [4, 4, 1, 1, 1, 1, 2, 3, 1, 2, 4, 3, 1, 3, 4, 4, 2, 1, 2, 1, 2, 1, 2, 1, 2, 3, 2, 2, 2, 3, 3, 2, 4, 3, 4, 1, 4, 3, 4, 2, 3, 2, 2, 4, 4, 4, 1, 1, 4, 2, 4, 2, 1, 4, 4, 4, 4, 3, 2, 2, 3, 1, 4, 4, 2, 2, 1, 1, 2, 1, 2, 3, 1, 2, 4, 1, 4, 2, 1, 1] [7, 7, 4, 4, 3, 5, 5, 7, 3, 5, 7, 5, 5, 6, 8, 6, 6, 5, 6, 3, 4, 4, 6, 3, 4, 7, 4, 5, 4, 7, 7, 4, 8, 7, 6, 5, 7, 7, 8, 6, 5, 6, 4, 8, 6, 8, 4, 3, 6, 4, 6, 6, 5, 6, 7, 6, 6, 6, 6, 6, 6, 3, 6, 7, 5, 4, 4, 4, 5, 3, 5, 6, 4, 5, 6, 5, 6, 5, 3, 5]
B_24 38.81 B 64 [2, 3, 4, 2, 1, 1, 4, 1, 4, 2, 1, 2, 4, 4, 3, 3, 3, 3, 4, 1, 2, 2, 4, 3, 3, 3, 4, 1, 2, 1, 3, 1, 3, 4, 2, 1, 3, 4, 2, 2, 4, 3, 1, 2, 4, 1, 2, 4, 3, 3, 3, 3, 3, 1, 2, 2, 3, 2, 3, 1, 4, 1, 1, 2, 1, 4, 2, 3, 3, 4, 2, 2, 4, 3, 2, 3, 4, 2, 4, 3] [5, 6, 7, 6, 5, 5, 7, 5, 6, 6, 4, 5, 8, 8, 6, 7, 7, 7, 6, 4, 6, 6, 8, 7, 6, 5, 6, 3, 6, 4, 7, 5, 6, 6, 6, 3, 7, 8, 5, 6, 6, 5, 3, 4, 8, 3, 4, 7, 7, 5, 7, 6, 6, 3, 4, 6, 6, 6, 6, 3, 6, 5, 3, 5, 4, 8, 5, 7, 5, 7, 5, 4, 8, 6, 6, 6, 8, 5, 7, 6]
B_25 39.81 B 65 [3, 1, 1, 4, 1, 2, 4, 3, 1, 3, 1, 4, 4, 1, 1, 2, 4, 2, 2, 2, 4, 3, 1, 1, 3, 2, 1, 4, 2, 4, 3, 1, 2, 1, 1, 2, 4, 1, 2, 4, 2, 4, 2, 3, 4, 3, 3, 4, 2, 3, 4, 3, 2, 4, 2, 2, 3, 4, 2, 3, 3, 4, 3, 2, 4, 1, 4, 4, 4, 3, 2, 1, 1, 4, 1, 3, 1, 3, 4, 1] [7, 5, 4, 7, 4, 5, 7, 7, 3, 6, 3, 8, 7, 5, 4, 6, 7, 4, 6, 6, 8, 7, 4, 4, 5, 4, 3, 6, 4, 6, 5, 4, 5, 5, 5, 4, 7, 3, 6, 6, 6, 6, 5, 5, 8, 5, 6, 7, 4, 6, 6, 6, 5, 8, 4, 5, 7, 7, 6, 5, 5, 8, 6, 4, 8, 3, 7, 6, 7, 5, 5, 3, 4, 6, 3, 5, 5, 6, 6, 5]
B_26 45.800000000000004 B 66 [2, 1, 1, 2, 2, 1, 1, 3, 4, 3, 1, 3, 2, 3, 4, 1, 1, 1, 4, 2, 3, 1, 3, 3, 2, 2, 2, 2, 3, 3, 1, 1, 1, 2, 3, 2, 2, 2, 4, 1, 1, 2, 4, 1, 4, 4, 2, 2, 1, 2, 1, 2, 3, 4, 3, 1, 1, 4, 4, 3, 4, 2, 1, 1, 2, 4, 3, 4, 4, 2, 3, 2, 4, 1, 3, 1, 4, 1, 3, 4] [5, 4, 3, 5, 5, 3, 5, 5, 6, 5, 5, 6, 6, 7, 8, 5, 5, 5, 8, 4, 6, 5, 5, 7, 5, 6, 6, 4, 5, 6, 3, 5, 3, 4, 7, 5, 4, 5, 6, 4, 4, 6, 8, 4, 6, 7, 4, 5, 4, 5, 5, 6, 7, 8, 7, 5, 5, 6, 7, 6, 7, 4, 3, 4, 5, 7, 7, 7, 6, 6, 5, 6, 6, 4, 7, 5, 8, 5, 7, 6]
B_27 47.74 B 67 [2, 3, 1, 1, 2, 2, 4, 3, 1, 4, 2, 2, 1, 3, 1, 4, 2, 4, 4, 1, 1, 2, 1, 3, 2, 2, 2, 2, 1, 4, 4, 1, 2, 3, 2, 1, 2, 3, 4, 4, 2, 1, 1, 1, 1, 1, 4, 1, 4, 1, 1, 3, 3, 1, 3, 1, 4, 2, 3, 2, 2, 3, 2, 1, 3, 4, 4, 2, 2, 4, 1, 2, 3, 1, 2, 3, 4, 2, 2, 2] [6, 7, 3, 3, 6, 6, 6, 7, 4, 8, 5, 6, 4, 5, 4, 6, 4, 8, 7, 5, 5, 6, 5, 6, 6, 5, 5, 5, 5, 7, 6, 5, 4, 7, 6, 3, 6, 5, 7, 6, 6, 4, 4, 3, 3, 5, 8, 4, 7, 4, 3, 5, 6, 5, 5, 5, 8, 5, 7, 4, 6, 5, 4, 4, 7, 6, 7, 5, 5, 8, 5, 4, 6, 4, 5, 6, 7, 4, 4, 5]
B_28 51.28 B 68 [3, 4, 1, 4, 1, 3, 4, 2, 3, 3, 2, 2, 3, 2, 1, 2, 2, 4, 1, 3, 3, 1, 3, 3, 3, 2, 3, 3, 4, 3, 2, 2, 2, 4, 2, 3, 1, 3, 4, 3, 4, 2, 1, 4, 2, 1, 1, 3, 2, 1, 1, 3, 4, 1, 1, 4, 4, 1, 3, 4, 1, 2, 2, 2, 3, 4, 4, 2, 4, 2, 2, 4, 1, 2, 3, 4, 4, 4, 2, 1] [7, 7, 5, 6, 3, 7, 8, 5, 7, 7, 5, 4, 6, 6, 5, 6, 6, 7, 4, 7, 5, 5, 7, 5, 6, 4, 5, 6, 8, 6, 6, 6, 5, 8, 6, 5, 5, 7, 8, 6, 6, 6, 5, 7, 5, 4, 5, 6, 4, 4, 5, 6, 8, 4, 3, 6, 6, 3, 7, 8, 5, 4, 6, 5, 5, 7, 6, 5, 7, 6, 6, 6, 4, 4, 6, 6, 6, 6, 6, 4]
B_29 52.28 B 69 [4, 3, 4, 3, 4, 2, 3, 3, 4, 4, 3, 4, 3, 1, 3, 3, 2, 1, 4, 2, 3, 1, 1, 4, 3, 2, 4, 4, 1, 4, 3, 4, 1, 4, 4, 1, 4, 2, 4, 4, 3, 2, 4, 1, 1, 3, 3, 3, 1, 1, 2, 1, 3, 3, 1, 3, 2, 1, 2, 4, 3, 3, 2, 1, 4, 3, 2, 4, 2, 4, 1, 2, 3, 4, 4, 2, 3, 2, 2, 3] [6, 6, 7, 6, 6, 5, 6, 7, 8, 6, 6, 6, 6, 3, 6, 6, 5, 3, 7, 6, 5, 5, 5, 8, 7, 5, 8, 8, 5, 7, 6, 8, 4, 7, 8, 3, 8, 4, 7, 7, 5, 4, 8, 3, 4, 5, 6, 7, 3, 5, 6, 3, 6, 6, 4, 6, 6, 4, 5, 6, 6, 5, 4, 3, 7, 5, 6, 8, 6, 7, 5, 5, 7, 6, 7, 4, 7, 6, 6, 5]
B_30 53.52 B 70 [4, 3, 2, 1, 4, 4, 4, 4, 3, 2, 1, 4, 1, 3, 4, 3, 3, 2, 2, 1, 2, 1, 2, 3, 3, 4, 2, 4, 4, 1, 3, 2, 3, 1, 3, 1, 2, 4, 1, 2, 1, 3, 3, 4, 1, 1, 3, 4, 4, 2, 4, 1, 4, 4, 3, 2, 2, 4, 4, 1, 2, 2, 1, 2, 2, 2, 3, 1, 2, 1, 2, 3, 1, 3, 1, 4, 2, 3, 4, 3] [6, 7, 6, 5, 8, 8, 6, 8, 6, 5, 5, 8, 4, 7, 7, 6, 5, 5, 6, 4, 5, 3, 5, 6, 6, 8, 6, 7, 8, 5, 5, 5, 6, 3, 7, 3, 5, 8, 5, 4, 5, 6, 6, 8, 3, 5, 6, 7, 7, 5, 8, 3, 6, 7, 7, 5, 4, 8, 8, 3, 4, 6, 3, 5, 5, 5, 5, 5, 6, 5, 4, 6, 4, 6, 4, 7, 6, 7, 8, 6]
B_31 54.690000000000005 B 71 [1, 1, 4, 4, 2, 2, 3, 3, 1, 3, 1, 3, 1, 1, 1, 4, 4, 2, 4, 2, 3, 4, 2, 4, 4, 4, 2, 3, 2, 3, 2, 3, 4, 3, 4, 4, 3, 4, 1, 2, 3, 2, 3, 1, 1, 2, 3, 2, 1, 1, 3, 2, 2, 1, 3, 2, 4, 4, 3, 2, 3, 2, 4, 3, 2, 1, 2, 2, 4, 2, 3, 4, 1, 2, 3, 2, 1, 1, 1, 2] [4, 4, 7, 6, 6, 5, 7, 6, 5, 7, 4, 6, 4, 3, 5, 6, 8, 6, 8, 5, 7, 8, 4, 8, 8, 7, 4, 6, 4, 6, 4, 6, 8, 6, 7, 8, 6, 8, 5, 5, 6, 5, 6, 4, 3, 4, 7, 5, 4, 5, 6, 6, 4, 5, 7, 4, 8, 6, 5, 6, 7, 6, 8, 6, 4, 3, 6, 4, 6, 5, 6, 6, 3, 5, 5, 5, 5, 5, 5, 6]
B_32 56.43000000000001 B 72 [1, 1, 3, 1, 4, 2, 4, 3, 1, 4, 1, 3, 3, 2, 2, 1, 2, 4, 3, 2, 4, 4, 2, 1, 1, 4, 2, 1, 4, 1, 3, 4, 1, 3, 1, 1, 3, 3, 1, 1, 3, 2, 4, 4, 2, 3, 4, 1, 4, 3, 2, 4, 2, 4, 4, 3, 3, 4, 4, 3, 3, 4, 1, 1, 4, 1, 4, 3, 1, 3, 1, 1, 1, 4, 1, 3, 4, 2, 1, 3] [4, 3, 6, 4, 6, 4, 7, 6, 3, 7, 5, 5, 7, 5, 5, 5, 6, 8, 6, 5, 7, 6, 5, 3, 5, 6, 4, 4, 6, 5, 5, 6, 3, 5, 4, 5, 6, 5, 3, 5, 6, 5, 6, 6, 6, 7, 8, 3, 8, 5, 6, 7, 5, 6, 8, 7, 6, 6, 7, 7, 6, 7, 5, 4, 8, 4, 6, 6, 4, 7, 4, 3, 3, 8, 5, 6, 6, 5, 5, 5]
B_33 59.660000000000004 B 73 [1, 4, 1, 3, 2, 1, 1, 1, 1, 4, 3, 2, 2, 2, 2, 4, 3, 3, 1, 1, 1, 4, 2, 4, 4, 1, 3, 2, 1, 1, 1, 3, 2, 2, 2, 4, 4, 1, 2, 2, 2, 2, 3, 4, 4, 4, 1, 2, 1, 2, 1, 4, 2, 2, 2, 1, 1, 4, 1, 1, 3, 3, 1, 2, 3, 4, 1, 1, 2, 4, 3, 2, 4, 3, 1, 2, 3, 4, 3, 4] [3, 7, 5, 6, 6, 4, 3, 4, 3, 7, 5, 5, 6, 6, 4, 8, 7, 5, 4, 5, 4, 6, 4, 8, 7, 4, 6, 4, 3, 5, 4, 6, 4, 4, 6, 8, 6, 3, 5, 4, 4, 5, 6, 8, 8, 8, 4, 5, 3, 6, 5, 8, 6, 4, 5, 3, 5, 8, 4, 3, 7, 5, 5, 5, 6, 6, 4, 4, 4, 6, 6, 5, 8, 7, 3, 4, 6, 6, 5, 8]
B_34 62.900000000000006 B 74 [2, 2, 4, 4, 4, 3, 4, 2, 2, 1, 3, 1, 3, 1, 3, 3, 1, 2, 1, 3, 2, 1, 1, 2, 1, 1, 4, 4, 2, 3, 1, 4, 2, 3, 3, 4, 1, 3, 2, 1, 2, 1, 2, 3, 3, 4, 3, 3, 3, 4, 2, 1, 3, 2, 4, 3, 3, 1, 4, 1, 2, 4, 1, 4, 2, 1, 3, 2, 3, 4, 1, 3, 1, 1, 2, 2, 4, 2, 4, 4] [5, 4, 6, 6, 8, 7, 8, 5, 6, 4, 5, 5, 7, 3, 5, 6, 4, 6, 3, 5, 5, 4, 5, 6, 4, 5, 7, 6, 5, 5, 5, 6, 4, 6, 7, 8, 3, 5, 6, 4, 4, 3, 5, 6, 7, 6, 7, 7, 6, 7, 4, 4, 7, 6, 7, 6, 5, 5, 8, 5, 6, 7, 5, 6, 6, 3, 7, 5, 6, 7, 4, 5, 5, 3, 6, 6, 8, 4, 8, 7]
B_35 63.900000000000006 B 75 [3, 4, 2, 4, 1, 1, 3, 1, 1, 4, 2, 3, 2, 4, 1, 1, 3, 3, 2, 4, 1, 4, 1, 1, 4, 2, 3, 2, 3, 1, 2, 4, 4, 1, 2, 4, 3, 3, 4, 2, 4, 3, 2, 2, 1, 3, 4, 3, 2, 1, 1, 1, 1, 1, 3, 2, 1, 2, 3, 1, 4, 2, 2, 1, 3, 3, 1, 3, 4, 2, 4, 2, 3, 2, 2, 4, 3, 1, 1, 3] [5, 8, 6, 8, 5, 4, 6, 5, 3, 7, 4, 6, 5, 6, 5, 4, 6, 7, 6, 7, 5, 6, 5, 5, 6, 5, 5, 4, 7, 5, 6, 7, 7, 4, 6, 6, 7, 6, 8, 4, 8, 7, 4, 6, 5, 6, 8, 7, 6, 3, 4, 5, 4, 3, 6, 4, 3, 4, 6, 5, 8, 4, 6, 5, 6, 5, 5, 6, 6, 4, 7, 5, 6, 4, 6, 8, 5, 3, 3, 5]
B_36 66.34 B 76 [1, 1, 2, 4, 3, 1, 1, 1, 1, 4, 3, 2, 1, 1, 4, 4, 4, 1, 3, 3, 3, 2, 1, 1, 1, 2, 4, 2, 2, 1, 3, 1, 2, 1, 1, 4, 2, 2, 1, 1, 4, 3, 2, 3, 3, 2, 2, 2, 2, 3, 3, 3, 4, 2, 3, 3, 4, 1, 3, 4, 1, 3, 2, 4, 4, 1, 4, 4, 4, 3, 2, 1, 4, 3, 4, 3, 1, 4, 1, 1] [3, 3, 6, 8, 6, 4, 3, 4, 5, 7, 5, 6, 3, 3, 8, 8, 8, 4, 5, 6, 5, 6, 3, 4, 4, 5, 7, 5, 5, 4, 6, 5, 4, 4, 5, 7, 5, 6, 3, 4, 6, 5, 6, 6, 6, 5, 5, 5, 5, 5, 5, 6, 6, 6, 5, 7, 7, 3, 6, 8, 4, 7, 6, 6, 8, 5, 8, 7, 6, 7, 6, 5, 6, 6, 8, 5, 3, 8, 5, 3]
B_37 69.08 B 77 [4, 2, 1, 1, 4, 1, 3, 2, 1, 2, 3, 4, 1, 4, 3, 4, 2, 4, 4, 1, 1, 1, 1, 4, 3, 1, 4, 1, 3, 3, 3, 3, 4, 3, 1, 3, 1, 2, 4, 3, 1, 4, 4, 2, 3, 1, 4, 4, 3, 2, 2, 2, 2, 1, 4, 2, 2, 4, 1, 4, 1, 3, 4, 2, 2, 3, 1, 2, 4, 2, 3, 1, 2, 4, 2, 1, 4, 4, 2, 1] [7, 5, 4, 3, 7, 4, 7, 5, 3, 4, 6, 6, 4, 6, 5, 6, 5, 7, 7, 5, 5, 5, 4, 6, 7, 3, 7, 4, 5, 6, 5, 6, 6, 7, 3, 6, 5, 5, 7, 7, 3, 7, 7, 5, 6, 4, 8, 8, 5, 6, 5, 5, 4, 5, 7, 5, 6, 6, 5, 6, 4, 5, 8, 5, 5, 6, 5, 4, 6, 6, 7, 5, 5, 6, 4, 3, 8, 8, 5, 3]
B_38 74.22 B 78 [1, 4, 3, 2, 2, 2, 4, 3, 4, 2, 1, 2, 3, 4, 4, 2, 1, 3, 1, 3, 2, 2, 1, 2, 2, 4, 1, 4, 2, 3, 4, 3, 3, 2, 3, 3, 4, 2, 2, 4, 1, 2, 1, 2, 4, 4, 1, 1, 3, 4, 1, 2, 4, 4, 4, 4, 1, 2, 4, 2, 3, 4, 4, 1, 4, 4, 3, 2, 2, 2, 4, 1, 1, 3, 4, 1, 1, 2, 4, 3] [5, 6, 5, 4, 5, 6, 7, 7, 6, 6, 5, 5, 6, 8, 7, 4, 5, 5, 4, 5, 5, 6, 3, 5, 5, 6, 4, 7, 5, 7, 6, 5, 5, 5, 6, 5, 6, 5, 6, 6, 3, 6, 3, 4, 8, 8, 3, 3, 6, 6, 5, 5, 7, 6, 6, 6, 3, 6, 6, 5, 7, 8, 7, 3, 7, 6, 7, 4, 6, 6, 8, 5, 5, 5, 8, 3, 5, 5, 6, 6]
B_39 75.22 B 79 [1, 4, 2, 1, 2, 2, 3, 2, 4, 2, 4, 1, 2, 3, 1, 4, 4, 2, 2, 1, 1, 2, 4, 4, 4, 2, 2, 3, 4, 4, 1, 3, 1, 1, 1, 3, 1, 2, 2, 2, 1, 4, 1, 3, 4, 4, 3, 2, 2, 3, 2, 2, 4, 2, 1, 3, 2, 3, 4, 3, 2, 2, 2, 1, 3, 1, 4, 2, 1, 3, 3, 2, 3, 4, 4, 3, 1, 1, 3, 2] [3, 7, 4, 5, 4, 5, 5, 5, 8, 4, 6, 4, 6, 7, 5, 6, 8, 4, 6, 5, 4, 5, 6, 8, 6, 5, 5, 6, 7, 7, 5, 5, 5, 5, 3, 7, 3, 5, 6, 6, 5, 7, 5, 6, 7, 7, 5, 6, 4, 7, 5, 6, 6, 5, 4, 5, 5, 7, 8, 5, 5, 6, 4, 5, 6, 5, 6, 5, 4, 5, 6, 6, 5, 8, 7, 5, 3, 3, 6, 6]
