A_0 2.3 A 0 [1, 1, 1, 1, 2, 2, 3, 1, 1, 3, 2, 1, 3, 2, 3, 4, 2, 1, 1, 4, 2, 1, 1, 1, 4, 1, 1, 2, 2, 1, 1, 4, 4, 2, 2, 2, 4, 1, 3, 3, 2, 1, 4, 2, 4, 3, 2, 1, 3, 3, 2, 1, 4, 4, 1, 3, 1, 1, 1, 4, 4, 3, 1, 4, 3, 3, 1, 3, 3, 1, 1, 1, 3, 2, 3, 3, 4, 1, 2, 3] [3, 5, 5, 5, 5, 5, 7, 5, 4, 7, 5, 3, 6, 6, 5, 6, 6, 3, 5, 8, 4, 3, 5, 5, 6, 5, 4, 5, 4, 3, 5, 6, 6, 4, 6, 4, 8, 5, 6, 6, 5, 3, 6, 4, 7, 6, 6, 4, 6, 5, 4, 5, 6, 6, 3, 5, 5, 5, 4, 8, 7, 7, 5, 7, 6, 6, 5, 5, 7, 4, 5, 4, 5, 4, 6, 5, 8, 3, 6, 6]
A_1 4.73 A 1 [1, 3, 2, 1, 4, 1, 3, 1, 4, 2, 3, 3, 4, 4, 2, 4, 2, 4, 4, 4, 1, 2, 4, 1, 3, 1, 1, 1, 1, 3, 2, 2, 3, 2, 2, 2, 2, 2, 3, 4, 4, 4, 2, 4, 1, 1, 2, 3, 4, 2, 2, 4, 2, 2, 1, 2, 3, 3, 4, 3, 1, 3, 3, 4, 3, 4, 3, 2, 1, 4, 3, 1, 1, 1, 4, 2, 1, 4, 2, 2] [5, 6, 5, 3, 6, 3, 5, 4, 6, 5, 5, 5, 6, 7, 5, 7, 5, 7, 8, 8, 3, 5, 7, 3, 5, 4, 5, 4, 5, 6, 5, 4, 5, 4, 6, 6, 5, 4, 6, 7, 6, 7, 6, 8, 5, 3, 5, 6, 8, 6, 6, 6, 5, 5, 5, 6, 5, 7, 8, 7, 5, 6, 7, 8, 5, 6, 6, 6, 5, 7, 7, 5, 3, 4, 7, 6, 5, 6, 6, 5]
A_2 6.0600000000000005 A 2 [1, 2, 2, 4, 3, 2, 1, 1, 2, 1, 2, 4, 1, 4, 3, 2, 1, 2, 4, 3, 3, 4, 2, 2, 2, 3, 2, 3, 1, 1, 3, 3, 1, 2, 2, 4, 4, 3, 3, 4, 1, 2, 1, 3, 3, 2, 2, 4, 2, 1, 3, 3, 2, 1, 2, 3, 4, 2, 2, 1, 4, 3, 1, 3, 2, 4, 4, 3, 2, 2, 1, 4, 4, 2, 1, 1, 4, 3, 1, 1] [5, 5, 4, 7, 5, 6, 5, 3, 6, 3, 6, 8, 3, 8, 7, 6, 5, 6, 8, 5, 7, 7, 6, 4, 6, 6, 4, 6, 5, 3, 6, 5, 3, 6, 6, 6, 7, 6, 6, 6, 4, 6, 4, 7, 5, 6, 6, 7, 5, 5, 5, 6, 6, 5, 5, 6, 6, 5, 6, 3, 7, 6, 3, 6, 4, 6, 7, 7, 5, 4, 3, 7, 6, 4, 5, 3, 7, 5, 3, 3]
A_3 8.75 A 3 [1, 1, 4, 4, 4, 4, 2, 1, 2, 1, 3, 4, 3, 2, 4, 3, 2, 1, 1, 2, 1, 4, 2, 3, 2, 1, 1, 1, 3, 4, 2, 4, 1, 3, 3, 4, 4, 3, 2, 2, 4, 2, 2, 1, 3, 2, 1, 1, 3, 1, 4, 2, 2, 3, 1, 1, 1, 3, 1, 1, 1, 2, 4, 2, 2, 3, 4, 1, 3, 1, 4, 1, 4, 3, 1, 1, 1, 3, 1, 1] [5, 3, 7, 7, 6, 7, 5, 5, 5, 4, 6, 8, 7, 4, 7, 7, 4, 4, 5, 4, 5, 6, 5, 7, 6, 4, 3, 5, 5, 6, 5, 6, 5, 7, 5, 7, 6, 6, 4, 6, 6, 4, 4, 3, 6, 6, 5, 4, 7, 3, 6, 6, 4, 7, 5, 3, 3, 5, 4, 5, 3, 5, 8, 5, 6, 7, 6, 3, 6, 3, 6, 5, 7, 6, 4, 4, 4, 7, 3, 3]
A_4 9.96 A 4 [2, 4, 3, 4, 1, 1, 2, 4, 2, 1, 1, 2, 3, 2, 1, 4, 3, 1, 1, 4, 2, 3, 4, 2, 2, 3, 4, 4, 1, 1, 1, 1, 4, 1, 2, 3, 2, 3, 4, 4, 4, 2, 4, 3, 2, 4, 2, 3, 2, 3, 1, 4, 2, 2, 3, 1, 4, 1, 2, 4, 2, 4, 4, 3, 4, 2, 4, 4, 4, 1, 2, 2, 4, 4, 2, 3, 1, 4, 3, 2] [5, 6, 5, 6, 3, 4, 4, 8, 4, 4, 3, 4, 6, 4, 3, 8, 5, 3, 5, 8, 4, 5, 7, 4, 6, 6, 8, 7, 4, 4, 5, 4, 7, 4, 6, 5, 4, 6, 8, 6, 8, 4, 7, 7, 4, 6, 5, 7, 4, 6, 5, 8, 6, 5, 6, 5, 6, 4, 4, 7, 4, 6, 8, 7, 6, 4, 6, 8, 8, 5, 5, 5, 8, 8, 5, 5, 3, 6, 6, 5]
A_5 11.120000000000001 A 5 [2, 1, 2, 4, 1, 4, 4, 3, 2, 2, 2, 1, 3, 2, 1, 4, 2, 3, 4, 1, 1, 2, 1, 2, 2, 3, 1, 2, 1, 3, 1, 3, 4, 4, 2, 4, 3, 4, 1, 1, 4, 1, 2, 2, 2, 1, 1, 4, 1, 2, 3, 4, 1, 3, 4, 4, 4, 2, 1, 4, 1, 1, 3, 1, 3, 4, 1, 2, 2, 1, 1, 1, 3, 2, 4, 1, 2, 4, 2, 1] [5, 3, 6, 7, 4, 8, 7, 5, 5, 6, 4, 3, 5, 5, 4, 6, 5, 6, 7, 3, 3, 6, 5, 4, 5, 6, 3, 5, 4, 7, 3, 5, 8, 6, 6, 7, 5, 6, 4, 3, 7, 5, 6, 5, 5, 5, 4, 8, 4, 5, 7, 6, 3, 6, 8, 6, 6, 5, 4, 7, 5, 4, 6, 3, 5, 7, 4, 4, 4, 4, 5, 4, 5, 5, 8, 4, 5, 6, 6, 5]
A_6 12.120000000000001 A 6 [3, 3, 1, 2, 2, 4, 1, 4, 2, 3, 4, 3, 1, 4, 3, 1, 4, 4, 1, 2, 2, 3, 3, 3, 2, 1, 2, 2, 2, 4, 3, 4, 1, 3, 3, 2, 4, 3, 1, 3, 1, 4, 3, 2, 1, 1, 3, 4, 2, 2, 4, 2, 3, 4, 3, 2, 2, 2, 3, 2, 2, 1, 4, 3, 2, 3, 2, 4, 1, 3, 4, 3, 3, 2, 4, 3, 1, 4, 4, 1] [7, 5, 5, 5, 4, 7, 3, 8, 4, 7, 7, 5, 4, 6, 5, 4, 8, 8, 3, 5, 5, 6, 7, 6, 5, 5, 4, 6, 6, 6, 6, 8, 3, 6, 6, 6, 7, 6, 3, 7, 4, 7, 5, 4, 5, 3, 6, 8, 6, 4, 7, 4, 6, 6, 5, 6, 6, 5, 7, 5, 6, 5, 7, 6, 6, 5, 4, 7, 4, 6, 8, 7, 5, 4, 7, 6, 4, 7, 6, 5]
A_7 13.420000000000002 A 7 [1, 1, 1, 1, 4, 3, 4, 3, 4, 1, 3, 3, 3, 4, 3, 1, 4, 1, 1, 4, 3, 2, 1, 1, 1, 2, 1, 3, 1, 2, 1, 2, 2, 3, 3, 2, 2, 2, 4, 4, 3, 3, 2, 4, 4, 1, 1, 3, 2, 1, 2, 4, 2, 2, 2, 1, 3, 1, 2, 3, 4, 2, 4, 2, 3, 2, 1, 4, 3, 3, 1, 3, 2, 2, 3, 4, 4, 1, 4, 3] [5, 4, 3, 5, 8, 5, 8, 7, 7, 5, 6, 7, 6, 7, 5, 4, 8, 5, 3, 6, 6, 5, 5, 3, 3, 5, 3, 5, 5, 5, 5, 4, 4, 7, 6, 4, 6, 6, 6, 7, 7, 6, 6, 6, 8, 4, 4, 6, 6, 3, 6, 7, 5, 4, 6, 5, 7, 3, 6, 5, 7, 6, 7, 6, 7, 6, 5, 8, 6, 7, 5, 7, 5, 6, 7, 7, 7, 4, 7, 5]
A_8 16.060000000000002 A 8 [1, 4, 2, 2, 2, 2, 2, 4, 1, 2, 4, 4, 3, 3, 3, 1, 3, 3, 2, 3, 2, 2, 3, 3, 1, 4, 2, 2, 4, 1, 1, 2, 2, 3, 4, 2, 2, 4, 3, 4, 3, 2, 1, 2, 1, 4, 1, 2, 2, 1, 1, 1, 2, 3, 2, 1, 3, 3, 2, 2, 1, 2, 3, 2, 4, 3, 3, 2, 2, 1, 2, 2, 3, 1, 3, 2, 3, 4, 2, 3] [4, 6, 6, 5, 4, 5, 4, 7, 5, 6, 7, 6, 6, 5, 6, 5, 7, 7, 6, 7, 6, 4, 5, 5, 4, 7, 4, 5, 7, 4, 3, 4, 5, 5, 7, 4, 6, 6, 6, 7, 5, 4, 3, 5, 3, 6, 5, 5, 5, 3, 5, 5, 4, 6, 5, 3, 7, 7, 6, 6, 4, 4, 5, 5, 7, 7, 7, 6, 4, 4, 5, 6, 5, 3, 6, 4, 6, 6, 5, 6]
A_9 17.060000000000002 A 9 [3, 2, 1, 1, 1, 2, 3, 1, 2, 1, 2, 3, 2, 3, 1, 3, 4, 2, 2, 4, 4, 4, 4, 4, 3, 4, 4, 4, 4, 4, 3, 2, 3, 1, 2, 3, 4, 1, 2, 4, 2, 4, 4, 1, 1, 2, 3, 1, 4, 2, 1, 2, 1, 2, 2, 1, 4, 4, 1, 2, 2, 1, 2, 3, 1, 4, 1, 1, 3, 4, 1, 3, 1, 2, 3, 2, 4, 1, 1, 2] [7, 5, 3, 4, 4, 6, 7, 5, 6, 3, 5, 5, 6, 6, 3, 6, 6, 4, 4, 6, 7, 7, 7, 8, 7, 6, 7, 7, 8, 7, 5, 4, 7, 4, 6, 5, 7, 5, 5, 6, 6, 7, 7, 5, 3, 6, 5, 3, 8, 4, 5, 5, 3, 6, 5, 5, 8, 7, 4, 6, 5, 4, 4, 5, 4, 8, 4, 4, 5, 7, 3, 6, 5, 6, 6, 5, 7, 4, 4, 6]
A_10 18.290000000000003 A 10 [2, 3, 2, 3, 1, 2, 4, 3, 4, 2, 2, 4, 3, 2, 2, 2, 4, 3, 2, 1, 4, 4, 1, 1, 4, 4, 2, 2, 2, 3, 1, 1, 3, 4, 1, 1, 3, 2, 1, 3, 2, 4, 1, 3, 3, 1, 3, 1, 2, 1, 1, 4, 4, 2, 4, 4, 4, 2, 2, 2, 2, 1, 2, 2, 1, 4, 3, 3, 4, 1, 4, 4, 1, 4, 4, 2, 3, 2, 3, 1] [5, 5, 6, 6, 3, 4, 7, 6, 7, 5, 5, 8, 6, 5, 4, 6, 6, 5, 4, 4, 8, 7, 3, 5, 8, 8, 6, 6, 4, 7, 3, 4, 7, 7, 5, 3, 7, 4, 4, 7, 5, 7, 5, 6, 7, 4, 7, 5, 4, 5, 3, 8, 7, 5, 8, 8, 6, 5, 4, 6, 5, 3, 6, 4, 3, 6, 7, 6, 6, 4, 8, 7, 5, 7, 6, 4, 7, 5, 7, 3]
A_11 19.720000000000002 A 11 [1, 3, 4, 4, 2, 1, 3, 3, 4, 3, 4, 2, 2, 2, 2, 3, 1, 2, 1, 3, 1, 2, 1, 4, 1, 1, 2, 2, 2, 4, 3, 4, 1, 2, 4, 1, 1, 4, 3, 2, 2, 4, 4, 2, 4, 4, 3, 2, 4, 3, 3, 3, 4, 1, 3, 1, 3, 2, 1, 1, 2, 2, 2, 3, 4, 4, 4, 1, 2, 3, 1, 1, 3, 3, 4, 1, 2, 3, 4, 4] [3, 5, 8, 8, 4, 3, 5, 7, 6, 5, 8, 6, 5, 5, 5, 7, 3, 6, 5, 5, 4, 5, 3, 6, 4, 3, 6, 6, 6, 8, 5, 7, 4, 6, 8, 5, 3, 8, 7, 4, 5, 7, 8, 5, 7, 7, 5, 5, 8, 7, 5, 6, 8, 3, 5, 3, 6, 6, 5, 5, 5, 5, 5, 7, 6, 8, 7, 3, 5, 6, 4, 5, 7, 5, 8, 4, 6, 6, 6, 8]
A_12 20.720000000000002 A 12 [3, 4, 1, 3, 3, 3, 1, 3, 3, 2, 3, 2, 3, 2, 2, 4, 4, 1, 4, 1, 2, 1, 3, 4, 2, 3, 4, 3, 2, 4, 2, 4, 2, 2, 3, 4, 2, 4, 4, 3, 3, 3, 4, 2, 2, 3, 3, 2, 4, 4, 2, 2, 2, 3, 1, 2, 3, 1, 4, 1, 1, 1, 1, 4, 2, 1, 2, 1, 4, 1, 4, 4, 1, 2, 1, 1, 1, 2, 1, 2] [6, 6, 3, 7, 6, 5, 4, 6, 6, 6, 6, 5, 5, 5, 4, 6, 8, 5, 8, 3, 5, 5, 6, 7, 6, 7, 6, 5, 6, 7, 6, 6, 5, 6, 7, 8, 6, 7, 6, 7, 5, 7, 8, 4, 6, 7, 5, 6, 7, 8, 6, 4, 6, 5, 3, 4, 7, 5, 7, 5, 3, 3, 3, 8, 5, 3, 5, 5, 6, 3, 7, 6, 4, 6, 5, 5, 3, 4, 4, 6]
A_13 21.720000000000002 A 13 [2, 4, 4, 2, 2, 2, 4, 4, 3, 3, 2, 2, 2, 3, 1, 1, 3, 3, 3, 4, 4, 1, 2, 2, 1, 1, 3, 3, 1, 2, 2, 1, 3, 4, 1, 3, 1, 2, 3, 2, 2, 3, 3, 1, 3, 3, 1, 2, 4, 3, 1, 3, 3, 4, 3, 2, 2, 3, 3, 1, 2, 3, 4, 2, 1, 1, 1, 3, 2, 2, 3, 3, 4, 1, 1, 2, 4, 4, 3, 4] [6, 7, 8, 4, 4, 5, 6, 7, 5, 6, 5, 5, 5, 7, 5, 3, 6, 5, 5, 8, 6, 3, 5, 4, 5, 4, 7, 6, 3, 4, 6, 4, 5, 8, 5, 6, 5, 5, 7, 5, 5, 6, 5, 5, 6, 6, 3, 5, 6, 6, 3, 5, 5, 8, 5, 6, 4, 6, 7, 5, 5, 7, 7, 6, 4, 4, 5, 7, 5, 5, 7, 6, 8, 4, 3, 5, 6, 7, 7, 7]
A_14 22.720000000000002 A 14 [3, 2, 3, 4, 1, 1, 3, 3, 3, 1, 2, 2, 2, 1, 4, 4, 1, 1, 2, 3, 4, 3, 1, 4, 1, 2, 2, 4, 4, 4, 3, 3, 1, 4, 3, 4, 2, 1, 3, 4, 3, 2, 4, 1, 3, 3, 4, 3, 4, 1, 2, 3, 2, 4, 1, 2, 2, 4, 2, 4, 3, 3, 4, 1, 2, 2, 1, 2, 3, 2, 1, 4, 2, 2, 1, 1, 1, 2, 3, 2] [5, 5, 7, 7, 3, 4, 5, 5, 6, 3, 4, 5, 4, 5, 7, 6, 4, 4, 4, 7, 6, 6, 3, 8, 4, 4, 6, 6, 6, 7, 5, 6, 3, 6, 6, 7, 4, 4, 7, 7, 6, 6, 7, 3, 6, 5, 7, 5, 6, 5, 5, 5, 6, 8, 4, 4, 6, 6, 5, 8, 5, 6, 6, 3, 5, 5, 4, 6, 7, 4, 5, 8, 5, 4, 4, 4, 3, 6, 6, 5]
A_15 25.250000000000004 A 15 [4, 4, 2, 3, 4, 4, 1, 1, 1, 3, 2, 3, 4, 1, 4, 4, 3, 4, 3, 4, 1, 3, 4, 1, 3, 4, 3, 1, 2, 1, 1, 1, 1, 3, 2, 3, 2, 4, 1, 3, 1, 3, 4, 3, 3, 2, 1, 2, 4, 3, 4, 1, 1, 3, 3, 4, 2, 2, 4, 4, 3, 4, 1, 1, 2, 1, 2, 3, 3, 4, 4, 4, 1, 4, 1, 3, 4, 1, 1, 1] [6, 7, 6, 7, 8, 6, 4, 4, 5, 6, 6, 7, 6, 3, 6, 8, 6, 8, 5, 8, 3, 7, 6, 5, 7, 7, 7, 5, 5, 4, 4, 5, 4, 7, 5, 7, 4, 6, 3, 5, 4, 5, 8, 5, 7, 4, 4, 5, 8, 6, 8, 3, 4, 7, 5, 6, 5, 5, 6, 6, 5, 8, 4, 3, 6, 5, 6, 7, 6, 8, 7, 8, 5, 7, 4, 5, 6, 4, 4, 5]
A_16 27.410000000000004 A 16 [2, 2, 1, 2, 3, 2, 4, 4, 3, 4, 4, 1, 4, 3, 1, 3, 1, 1, 3, 1, 3, 3, 2, 1, 4, 4, 3, 4, 2, 3, 2, 2, 2, 4, 3, 4, 4, 3, 3, 4, 1, 3, 1, 2, 4, 1, 3, 3, 2, 2, 4, 4, 3, 4, 2, 1, 4, 1, 1, 2, 2, 2, 3, 1, 1, 1, 3, 4, 4, 1, 3, 2, 4, 3, 2, 2, 4, 3, 1, 2] [6, 5, 5, 4, 5, 5, 8, 8, 7, 6, 6, 3, 8, 6, 4, 6, 4, 3, 5, 5, 5, 5, 5, 5, 8, 8, 5, 6, 4, 5, 5, 4, 5, 6, 5, 8, 8, 5, 5, 6, 3, 6, 5, 6, 6, 5, 6, 5, 5, 5, 6, 6, 7, 8, 6, 4, 6, 5, 5, 4, 6, 5, 6, 5, 5, 5, 6, 7, 6, 4, 6, 5, 7, 6, 5, 4, 8, 6, 3, 5]
A_17 28.410000000000004 A 17 [1, 4, 2, 1, 1, 3, 4, 1, 3, 2, 3, 2, 1, 3, 1, 4, 1, 2, 2, 2, 4, 2, 2, 4, 3, 1, 3, 2, 3, 1, 1, 3, 4, 4, 1, 4, 3, 3, 3, 4, 2, 3, 1, 2, 1, 3, 4, 4, 3, 4, 4, 1, 2, 4, 4, 2, 3, 2, 3, 4, 2, 1, 2, 2, 4, 3, 4, 2, 1, 3, 1, 2, 4, 4, 1, 2, 1, 4, 3, 1] [3, 7, 6, 4, 3, 6, 8, 5, 7, 4, 5, 6, 5, 5, 4, 8, 3, 5, 4, 4, 7, 5, 4, 8, 6, 3, 7, 5, 5, 4, 5, 7, 6, 7, 3, 6, 5, 5, 7, 6, 4, 5, 3, 4, 3, 7, 6, 8, 7, 7, 6, 5, 4, 8, 8, 5, 5, 5, 5, 6, 6, 5, 4, 5, 6, 5, 7, 6, 3, 5, 4, 6, 8, 6, 4, 5, 3, 7, 6, 3]
A_18 30.000000000000004 A 18 [1, 4, 4, 1, 1, 4, 1, 1, 2, 2, 2, 1, 4, 3, 2, 3, 3, 2, 2, 3, 2, 3, 4, 1, 2, 1, 3, 1, 1, 2, 4, 1, 2, 3, 3, 2, 3, 4, 2, 4, 3, 2, 2, 1, 1, 3, 1, 3, 3, 2, 4, 3, 1, 1, 1, 1, 3, 2, 4, 1, 1, 4, 1, 4, 1, 1, 2, 4, 2, 4, 1, 3, 3, 4, 4, 4, 4, 1, 1, 3] [5, 8, 8, 5, 5, 7, 3, 3, 6, 4, 4, 5, 8, 5, 4, 5, 5, 4, 4, 5, 5, 5, 7, 5, 6, 3, 7, 3, 4, 6, 7, 5, 6, 6, 7, 6, 5, 7, 6, 8, 6, 4, 5, 3, 4, 7, 4, 6, 6, 6, 7, 6, 4, 3, 5, 4, 7, 4, 7, 3, 5, 6, 4, 8, 4, 3, 5, 7, 6, 6, 5, 5, 7, 8, 8, 8, 6, 4, 5, 7]
A_19 31.080000000000005 A 19 [4, 4, 3, 2, 4, 1, 2, 4, 3, 4, 1, 3, 1, 4, 3, 4, 1, 2, 3, 3, 4, 3, 1, 2, 3, 3, 3, 4, 2, 4, 3, 2, 3, 2, 2, 3, 1, 4, 2, 1, 4, 4, 4, 2, 1, 1, 3, 2, 3, 3, 3, 3, 2, 1, 1, 2, 4, 1, 1, 1, 2, 3, 2, 2, 4, 1, 2, 2, 1, 3, 4, 4, 4, 1, 2, 3, 4, 2, 4, 1] [8, 8, 5, 4, 8, 3, 5, 6, 7, 6, 4, 5, 3, 8, 7, 8, 5, 4, 5, 5, 6, 7, 5, 6, 5, 6, 7, 8, 6, 8, 6, 5, 7, 5, 6, 6, 5, 8, 4, 4, 8, 6, 6, 5, 5, 5, 5, 6, 6, 5, 6, 6, 4, 4, 5, 6, 6, 5, 3, 4, 6, 5, 5, 6, 8, 3, 6, 5, 5, 7, 7, 8, 8, 4, 5, 7, 6, 5, 8, 5]
A_20 32.080000000000005 A 20 [2, 1, 3, 1, 2, 1, 2, 3, 2, 4, 4, 1, 2, 4, 4, 1, 3, 4, 2, 4, 1, 3, 2, 4, 2, 2, 2, 2, 2, 4, 4, 1, 2, 2, 4, 4, 3, 2, 1, 4, 3, 4, 1, 4, 1, 3, 2, 3, 3, 2, 3, 4, 4, 1, 3, 1, 1, 2, 2, 3, 1, 4, 1, 3, 2, 1, 4, 3, 3, 1, 2, 3, 4, 1, 1, 1, 1, 3, 4, 4] [4, 3, 7, 5, 4, 3, 5, 6, 6, 7, 8, 4, 5, 6, 6, 3, 5, 7, 5, 6, 3, 5, 4, 7, 4, 6, 5, 6, 4, 8, 7, 4, 4, 6, 7, 7, 6, 4, 5, 8, 6, 8, 5, 6, 4, 6, 5, 6, 5, 5, 7, 6, 8, 3, 7, 5, 4, 6, 4, 6, 3, 7, 3, 5, 4, 3, 6, 5, 6, 5, 6, 7, 8, 4, 4, 3, 3, 5, 7, 7]
A_21 33.43000000000001 A 21 [1, 2, 4, 4, 3, 2, 3, 2, 2, 4, 4, 2, 1, 1, 3, 3, 3, 2, 3, 3, 3, 3, 4, 4, 3, 4, 1, 4, 3, 1, 4, 3, 2, 2, 1, 3, 1, 3, 3, 1, 3, 2, 3, 3, 4, 3, 4, 4, 4, 2, 1, 3, 4, 4, 1, 2, 4, 2, 2, 4, 1, 3, 2, 1, 2, 3, 4, 4, 3, 3, 2, 1, 4, 2, 4, 3, 1, 4, 4, 2] [3, 5, 7, 6, 5, 6, 6, 5, 4, 7, 7, 5, 5, 3, 6, 7, 5, 5, 5, 7, 5, 7, 8, 8, 7, 7, 3, 8, 6, 5, 6, 6, 5, 5, 4, 6, 3, 6, 7, 5, 5, 6, 7, 6, 8, 7, 6, 7, 7, 6, 5, 5, 8, 7, 4, 4, 8, 4, 5, 6, 3, 5, 4, 4, 6, 6, 7, 8, 5, 7, 6, 4, 8, 4, 7, 6, 5, 8, 8, 5]
A_22 34.43000000000001 A 22 [1, 4, 2, 2, 4, 1, 3, 1, 3, 4, 1, 1, 3, 2, 1, 4, 2, 2, 4, 1, 2, 4, 1, 4, 3, 3, 4, 3, 1, 4, 2, 4, 3, 3, 2, 4, 4, 4, 3, 3, 1, 3, 3, 4, 4, 1, 4, 3, 2, 1, 4, 2, 2, 4, 2, 3, 3, 4, 2, 3, 2, 4, 3, 1, 1, 4, 3, 4, 2, 2, 4, 3, 2, 3, 2, 3, 3, 1, 3, 3] [5, 7, 6, 5, 7, 5, 7, 5, 5, 7, 3, 3, 6, 5, 3, 6, 5, 4, 7, 5, 4, 8, 4, 7, 5, 5, 8, 5, 5, 7, 5, 7, 6, 5, 4, 6, 8, 7, 7, 7, 4, 5, 6, 7, 8, 4, 6, 5, 6, 3, 7, 5, 4, 8, 5, 5, 5, 7, 5, 7, 4, 7, 6, 4, 5, 8, 5, 6, 5, 4, 8, 6, 6, 5, 6, 7, 7, 4, 5, 6]
A_23 37.830000000000005 A 23 [1, 1, 2, 3, 2, 2, 3, 1, 3, 4, 1, 4, 4, 2, 4, 1, 1, 4, 1, 2, 4, 4, 4, 2, 2, 1, 1, 1, 3, 4, 3, 1, 2, 3, 2, 4, 3, 4, 1, 2, 2, 1, 2, 4, 4, 4, 1, 1, 4, 1, 1, 2, 4, 1, 4, 4, 2, 3, 4, 4, 1, 1, 2, 4, 1, 3, 4, 4, 3, 2, 3, 4, 1, 1, 2, 1, 1, 2, 4, 4] [5, 3, 4, 7, 4, 4, 6, 3, 5, 8, 5, 6, 7, 4, 8, 5, 5, 8, 5, 6, 7, 8, 7, 5, 5, 3, 5, 5, 5, 7, 7, 3, 6, 6, 6, 6, 6, 7, 5, 4, 6, 5, 6, 7, 6, 7, 3, 5, 8, 3, 3, 5, 7, 5, 6, 7, 6, 5, 7, 7, 5, 4, 5, 6, 3, 7, 6, 8, 7, 6, 7, 6, 3, 3, 6, 5, 4, 4, 8, 8]
A_24 38.830000000000005 A 24 [4, 3, 2, 2, 2, 2, 2, 1, 1, 3, 4, 1, 2, 1, 1, 3, 4, 3, 2, 3, 2, 3, 3, 2, 4, 4, 1, 3, 1, 4, 4, 4, 2, 3, 4, 4, 3, 1, 4, 1, 3, 2, 1, 3, 1, 1, 4, 3, 4, 3, 4, 4, 2, 4, 3, 4, 2, 3, 4, 2, 1, 3, 3, 2, 3, 1, 3, 1, 2, 1, 1, 3, 2, 1, 1, 3, 4, 4, 3, 3] [6, 5, 6, 6, 6, 5, 5, 3, 4, 7, 8, 4, 6, 5, 4, 7, 8, 6, 6, 5, 4, 7, 5, 5, 7, 8, 4, 7, 5, 6, 8, 8, 5, 6, 8, 8, 5, 4, 8, 4, 5, 6, 3, 6, 4, 3, 6, 5, 6, 7, 6, 8, 5, 6, 6, 7, 4, 6, 7, 6, 5, 5, 7, 4, 6, 5, 5, 3, 4, 4, 3, 7, 6, 4, 3, 6, 8, 6, 6, 7]
A_25 39.830000000000005 A 25 [1, 1, 3, 1, 3, 3, 1, 2, 4, 4, 4, 1, 3, 1, 2, 4, 4, 1, 1, 3, 2, 4, 3, 1, 4, 3, 3, 4, 1, 2, 3, 2, 4, 4, 3, 4, 3, 3, 2, 4, 2, 2, 4, 1, 3, 3, 2, 3, 2, 4, 4, 1, 2, 2, 2, 2, 2, 4, 1, 3, 3, 3, 3, 4, 1, 3, 1, 4, 2, 3, 3, 4, 4, 4, 1, 1, 2, 3, 2, 1] [5, 4, 6, 4, 6, 6, 5, 5, 7, 6, 8, 3, 7, 4, 4, 7, 8, 3, 3, 6, 6, 7, 5, 3, 8, 7, 5, 8, 4, 4, 7, 6, 6, 7, 5, 6, 5, 5, 6, 7, 6, 5, 6, 4, 7, 7, 6, 7, 5, 7, 6, 4, 6, 6, 6, 6, 6, 6, 4, 7, 6, 5, 5, 7, 5, 6, 4, 6, 5, 7, 5, 6, 6, 8, 3, 4, 5, 5, 4, 4]
A_26 42.800000000000004 A 26 [1, 1, 2, 1, 4, 1, 2, 1, 2, 4, 2, 2, 4, 3, 2, 3, 3, 3, 3, 3, 2, 1, 4, 1, 1, 3, 4, 1, 2, 3, 4, 4, 1, 2, 2, 1, 1, 2, 2, 1, 4, 4, 1, 3, 2, 4, 1, 1, 3, 1, 4, 2, 1, 3, 2, 2, 4, 2, 2, 2, 1, 3, 1, 2, 2, 4, 2, 3, 4, 4, 1, 3, 4, 4, 1, 1, 2, 3, 4, 1] [4, 5, 4, 3, 8, 3, 4, 3, 4, 7, 6, 6, 6, 7, 6, 7, 5, 7, 7, 7, 5, 3, 8, 5, 4, 5, 8, 4, 6, 7, 8, 7, 4, 6, 5, 3, 5, 6, 5, 4, 7, 6, 3, 5, 5, 8, 4, 4, 7, 3, 6, 6, 4, 6, 4, 4, 8, 4, 5, 4, 4, 5, 5, 6, 6, 6, 6, 5, 8, 8, 4, 7, 6, 7, 3, 5, 5, 6, 6, 5]
A_27 43.800000000000004 A 27 [2, 1, 3, 1, 4, 2, 2, 3, 2, 4, 2, 2, 3, 3, 4, 1, 4, 2, 1, 4, 2, 4, 3, 1, 3, 4, 1, 3, 3, 1, 2, 1, 3, 3, 3, 4, 3, 1, 3, 4, 3, 4, 1, 4, 1, 1, 3, 1, 1, 4, 2, 3, 3, 1, 3, 3, 2, 4, 4, 3, 3, 2, 2, 1, 3, 4, 1, 1, 1, 1, 1, 4, 2, 4, 1, 4, 3, 3, 1, 2] [5, 4, 6, 5, 7, 5, 6, 5, 5, 7, 6, 6, 5, 6, 6, 5, 6, 5, 3, 8, 6, 8, 5, 5, 7, 8, 4, 7, 6, 4, 4, 3, 6, 6, 7, 8, 5, 5, 5, 7, 5, 7, 3, 7, 4, 3, 7, 4, 5, 7, 4, 6, 7, 4, 5, 6, 4, 7, 8, 5, 7, 4, 6, 4, 5, 7, 3, 4, 3, 3, 5, 8, 4, 7, 3, 7, 5, 7, 3, 4]
A_28 44.800000000000004 A 28 [2, 1, 1, 3, 1, 1, 2, 1, 4, 4, 2, 2, 2, 1, 4, 2, 2, 3, 1, 2, 2, 3, 1, 3, 1, 1, 2, 3, 2, 4, 3, 1, 3, 3, 4, 3, 2, 2, 1, 4, 2, 2, 2, 1, 2, 2, 1, 4, 2, 4, 2, 2, 3, 2, 4, 1, 4, 3, 3, 2, 3, 3, 2, 3, 2, 3, 2, 3, 3, 1, 1, 3, 1, 4, 1, 4, 4, 2, 1, 2] [4, 5, 5, 5, 4, 4, 6, 5, 7, 8, 4, 6, 6, 3, 6, 5, 4, 5, 4, 6, 4, 6, 5, 5, 5, 4, 6, 6, 6, 7, 6, 4, 6, 7, 8, 5, 6, 6, 4, 6, 6, 6, 6, 4, 6, 5, 3, 6, 5, 8, 6, 5, 7, 4, 6, 5, 6, 5, 7, 4, 6, 6, 4, 5, 6, 6, 4, 5, 5, 5, 4, 6, 5, 8, 4, 8, 8, 4, 5, 4]
A_29 47.14 A 29 [1, 3, 1, 4, 1, 3, 4, 2, 1, 4, 3, 4, 4, 2, 4, 1, 3, 1, 2, 4, 4, 1, 4, 4, 4, 2, 3, 1, 4, 3, 1, 3, 3, 1, 3, 4, 1, 3, 4, 3, 1, 4, 1, 3, 1, 1, 1, 1, 2, 3, 2, 1, 1, 4, 1, 3, 2, 1, 1, 4, 3, 1, 4, 4, 3, 4, 2, 2, 1, 4, 3, 3, 2, 2, 3, 4, 2, 2, 3, 1] [3, 6, 3, 6, 4, 7, 6, 5, 4, 7, 7, 8, 7, 4, 7, 4, 5, 4, 6, 8, 8, 5, 7, 7, 6, 4, 7, 4, 7, 7, 5, 7, 5, 4, 7, 8, 5, 6, 7, 6, 4, 8, 3, 7, 5, 4, 5, 5, 4, 6, 4, 3, 4, 6, 4, 7, 5, 5, 3, 7, 6, 3, 8, 8, 7, 8, 5, 6, 4, 8, 5, 5, 4, 4, 6, 7, 4, 5, 7, 5]
A_30 48.14 A 30 [1, 2, 3, 2, 1, 1, 3, 1, 1, 3, 1, 3, 2, 2, 3, 1, 2, 1, 4, 3, 4, 4, 2, 3, 4, 3, 4, 2, 3, 1, 4, 1, 3, 4, 4, 3, 4, 3, 4, 4, 1, 1, 4, 2, 1, 4, 3, 3, 4, 4, 3, 4, 2, 1, 4, 3, 4, 4, 3, 1, 4, 3, 1, 4, 1, 4, 4, 4, 4, 2, 3, 1, 2, 3, 2, 3, 4, 3, 3, 3] [5, 5, 6, 5, 5, 3, 6, 5, 3, 5, 3, 5, 6, 6, 5, 4, 5, 5, 7, 6, 7, 6, 5, 7, 8, 7, 8, 4, 6, 5, 6, 3, 5, 7, 6, 5, 6, 6, 6, 8, 3, 5, 7, 4, 3, 7, 5, 7, 6, 8, 6, 7, 5, 4, 6, 7, 8, 6, 5, 4, 6, 6, 4, 8, 4, 8, 8, 6, 6, 5, 7, 4, 5, 6, 5, 6, 7, 7, 6, 5]
A_31 49.14 A 31 [4, 2, 3, 4, 1, 3, 4, 2, 2, 2, 1, 4, 4, 1, 3, 1, 2, 3, 1, 2, 1, 3, 4, 1, 4, 2, 4, 1, 1, 3, 1, 2, 1, 1, 3, 3, 4, 1, 2, 1, 2, 2, 3, 1, 3, 4, 2, 3, 2, 3, 1, 4, 1, 4, 2, 4, 3, 2, 1, 1, 2, 4, 2, 4, 1, 4, 2, 4, 1, 4, 1, 3, 4, 3, 1, 4, 3, 4, 2, 3] [6, 4, 5, 6, 4, 5, 8, 4, 4, 4, 4, 7, 6, 4, 6, 5, 4, 7, 5, 5, 4, 6, 7, 3, 8, 6, 7, 3, 4, 7, 3, 5, 3, 4, 5, 6, 8, 4, 6, 4, 5, 5, 6, 3, 6, 7, 5, 7, 6, 5, 3, 7, 4, 6, 5, 6, 5, 5, 4, 3, 6, 8, 6, 8, 3, 7, 6, 7, 4, 7, 3, 6, 7, 6, 4, 7, 5, 8, 5, 5]
A_32 50.52 A 32 [4, 3, 1, 1, 4, 4, 1, 2, 2, 3, 3, 1, 2, 3, 1, 1, 2, 4, 2, 3, 2, 2, 3, 2, 2, 4, 1, 3, 3, 3, 3, 1, 1, 2, 3, 2, 2, 3, 4, 4, 2, 2, 2, 4, 4, 1, 3, 3, 4, 2, 1, 1, 1, 3, 2, 2, 4, 2, 3, 1, 1, 1, 3, 4, 1, 4, 3, 1, 4, 1, 1, 1, 4, 3, 1, 3, 2, 4, 4, 3] [6, 5, 3, 5, 7, 8, 3, 4, 5, 7, 7, 4, 5, 5, 3, 4, 5, 6, 6, 7, 4, 5, 6, 6, 5, 6, 4, 6, 6, 5, 5, 3, 3, 5, 7, 4, 4, 7, 7, 6, 5, 5, 4, 7, 6, 5, 7, 6, 6, 5, 3, 3, 3, 5, 4, 4, 6, 5, 5, 3, 3, 5, 5, 8, 5, 7, 5, 4, 6, 5, 5, 4, 6, 7, 5, 5, 4, 6, 6, 7]
A_33 52.89 A 33 [2, 2, 2, 3, 1, 4, 3, 3, 3, 1, 4, 2, 2, 4, 4, 3, 4, 4, 3, 2, 2, 2, 3, 3, 3, 4, 2, 3, 3, 1, 4, 1, 2, 3, 1, 2, 4, 2, 2, 1, 1, 1, 4, 4, 3, 1, 2, 2, 3, 3, 1, 1, 3, 4, 1, 2, 4, 2, 2, 2, 3, 1, 1, 2, 1, 4, 1, 3, 1, 4, 4, 3, 1, 1, 3, 3, 4, 1, 2, 3] [4, 4, 6, 7, 4, 6, 6, 7, 5, 4, 7, 6, 6, 8, 6, 7, 6, 7, 6, 5, 6, 5, 5, 6, 6, 7, 6, 6, 7, 4, 7, 4, 5, 5, 4, 5, 7, 4, 6, 3, 4, 3, 7, 8, 7, 5, 5, 5, 5, 6, 5, 3, 5, 7, 5, 4, 6, 5, 5, 5, 7, 5, 4, 6, 5, 6, 4, 6, 3, 7, 7, 7, 4, 5, 5, 6, 6, 5, 5, 6]
A_34 53.89 A 34 [2, 2, 2, 3, 2, 2, 3, 3, 4, 2, 1, 4, 3, 1, 3, 2, 3, 1, 3, 2, 4, 1, 2, 2, 4, 3, 2, 3, 4, 3, 4, 3, 3, 1, 2, 1, 4, 3, 3, 3, 3, 4, 1, 2, 4, 4, 4, 1, 3, 2, 2, 1, 2, 3, 4, 1, 3, 4, 2, 2, 4, 1, 1, 1, 3, 3, 1, 4, 4, 2, 2, 3, 1, 2, 2, 2, 3, 3, 1, 4] [6, 6, 6, 5, 6, 6, 6, 6, 7, 6, 5, 8, 7, 5, 6, 5, 5, 3, 7, 6, 7, 4, 4, 6, 8, 5, 5, 7, 8, 7, 6, 5, 7, 4, 6, 5, 8, 6, 5, 6, 7, 8, 3, 4, 6, 7, 7, 3, 6, 5, 4, 3, 4, 7, 8, 3, 7, 7, 5, 4, 6, 5, 4, 5, 6, 6, 5, 7, 6, 5, 6, 7, 3, 6, 4, 6, 7, 5, 5, 7]
A_35 54.89 A 35 [2, 2, 4, 4, 3, 4, 2, 2, 2, 3, 1, 1, 4, 3, 4, 3, 4, 4, 2, 3, 4, 3, 4, 4, 4, 4, 1, 4, 3, 4, 3, 3, 2, 2, 1, 2, 3, 2, 2, 3, 4, 1, 3, 1, 1, 2, 4, 1, 4, 4, 4, 3, 3, 1, 3, 4, 4, 4, 4, 3, 3, 1, 1, 1, 4, 4, 3, 4, 4, 1, 2, 3, 4, 2, 4, 1, 3, 1, 4, 3] [4, 6, 6, 7, 5, 7, 6, 4, 4, 5, 3, 5, 8, 6, 7, 7, 8, 6, 6, 6, 7, 6, 6, 6, 8, 6, 3, 8, 5, 8, 5, 6, 4, 5, 5, 5, 6, 5, 5, 7, 7, 3, 6, 4, 3, 4, 8, 5, 6, 8, 7, 6, 7, 5, 5, 6, 6, 6, 6, 6, 7, 3, 4, 3, 8, 6, 6, 7, 6, 5, 4, 5, 7, 6, 7, 3, 6, 5, 8, 6]
A_36 56.46 A 36 [4, 2, 4, 4, 2, 3, 4, 2, 2, 4, 3, 1, 2, 1, 2, 2, 4, 3, 3, 1, 3, 1, 4, 3, 3, 3, 1, 3, 2, 1, 4, 4, 2, 4, 4, 3, 4, 1, 4, 4, 2, 1, 3, 2, 2, 4, 2, 2, 2, 4, 4, 4, 2, 2, 4, 3, 1, 1, 1, 3, 1, 2, 1, 4, 3, 4, 3, 1, 2, 4, 1, 2, 2, 4, 3, 3, 3, 3, 2, 4] [8, 5, 7, 6, 4, 5, 7, 6, 6, 7, 7, 3, 6, 5, 4, 4, 8, 5, 5, 5, 6, 3, 8, 6, 5, 5, 5, 5, 6, 5, 6, 8, 4, 7, 8, 6, 7, 3, 6, 6, 6, 3, 6, 5, 5, 8, 6, 5, 4, 8, 8, 7, 6, 4, 8, 5, 5, 3, 3, 6, 3, 6, 3, 7, 6, 7, 6, 5, 4, 8, 3, 4, 5, 7, 6, 6, 6, 7, 6, 7]
A_37 57.46 A 37 [1, 2, 3, 3, 3, 4, 3, 2, 4, 1, 2, 4, 4, 2, 1, 4, 3, 3, 4, 4, 2, 3, 4, 4, 1, 3, 2, 1, 2, 3, 3, 1, 3, 2, 3, 2, 1, 3, 3, 3, 1, 4, 4, 2, 3, 2, 2, 4, 4, 1, 2, 1, 4, 4, 3, 4, 2, 3, 1, 2, 3, 4, 4, 4, 3, 4, 3, 3, 3, 3, 4, 2, 1, 2, 3, 3, 2, 3, 3, 3] [5, 4, 6, 6, 6, 6, 6, 6, 6, 5, 4, 8, 7, 5, 4, 6, 5, 5, 7, 8, 4, 6, 7, 7, 4, 5, 6, 5, 6, 6, 6, 4, 7, 4, 6, 5, 3, 7, 5, 6, 5, 7, 7, 5, 5, 4, 6, 8, 7, 5, 4, 4, 7, 6, 6, 7, 6, 7, 4, 6, 5, 7, 6, 7, 5, 7, 7, 7, 6, 6, 7, 5, 5, 4, 6, 5, 4, 6, 5, 5]
A_38 58.46 A 38 [3, 3, 3, 2, 4, 1, 1, 4, 3, 2, 1, 3, 4, 3, 3, 1, 3, 3, 2, 2, 1, 3, 3, 1, 4, 2, 2, 3, 1, 4, 4, 2, 4, 2, 3, 2, 4, 3, 1, 2, 1, 1, 2, 2, 2, 4, 3, 4, 4, 4, 4, 2, 1, 2, 3, 1, 2, 3, 1, 3, 1, 2, 4, 1, 3, 2, 4, 3, 4, 1, 4, 3, 4, 1, 1, 3, 2, 2, 4, 2] [6, 6, 6, 4, 8, 4, 3, 6, 6, 5, 4, 7, 6, 7, 7, 3, 5, 7, 6, 4, 5, 7, 7, 5, 8, 6, 5, 5, 4, 7, 6, 6, 7, 6, 5, 5, 6, 5, 5, 6, 5, 5, 5, 5, 4, 6, 6, 8, 8, 8, 8, 6, 3, 5, 5, 4, 5, 6, 4, 5, 3, 5, 7, 5, 6, 6, 8, 5, 6, 4, 6, 6, 6, 4, 4, 6, 4, 4, 8, 6]
A_39 59.46 A 39 [3, 4, 4, 2, 4, 1, 3, 4, 4, 4, 3, 2, 3, 2, 4, 3, 4, 4, 4, 1, 4, 1, 3, 2, 1, 4, 1, 4, 4, 3, 4, 1, 4, 1, 3, 3, 4, 3, 2, 1, 4, 4, 3, 1, 4, 3, 3, 2, 3, 4, 4, 1, 2, 1, 1, 1, 3, 4, 1, 3, 4, 3, 2, 4, 3, 1, 3, 4, 3, 4, 1, 4, 4, 1, 2, 4, 1, 4, 4, 3] [6, 7, 6, 6, 6, 3, 7, 7, 7, 6, 7, 4, 7, 5, 7, 5, 6, 6, 8, 4, 8, 5, 7, 4, 4, 7, 4, 7, 6, 6, 8, 4, 6, 3, 6, 7, 6, 6, 6, 4, 8, 8, 6, 4, 7, 6, 6, 5, 6, 8, 7, 3, 6, 4, 4, 4, 7, 8, 5, 6, 7, 6, 6, 7, 6, 4, 5, 7, 5, 7, 5, 7, 6, 5, 4, 6, 5, 6, 6, 5]
B_0 1.85 B 40 [2, 4, 1, 4, 4, 4, 1, 3, 3, 2, 2, 2, 3, 2, 3, 1, 1, 2, 3, 4, 3, 3, 1, 2, 3, 2, 4, 3, 2, 1, 1, 2, 2, 1, 3, 4, 2, 1, 1, 4, 2, 1, 3, 4, 3, 1, 1, 2, 4, 3, 2, 4, 2, 4, 1, 4, 3, 1, 3, 3, 1, 3, 3, 3, 3, 3, 4, 3, 2, 4, 3, 2, 1, 1, 2, 3, 2, 4, 4, 1] [5, 6, 4, 6, 8, 7, 4, 7, 5, 6, 5, 5, 5, 5, 6, 4, 3, 4, 6, 8, 6, 5, 4, 6, 5, 6, 7, 5, 6, 4, 3, 5, 5, 4, 7, 7, 6, 5, 5, 8, 5, 5, 5, 6, 7, 5, 5, 5, 7, 6, 5, 7, 6, 7, 3, 8, 6, 4, 5, 6, 4, 5, 6, 5, 6, 6, 6, 6, 6, 8, 6, 4, 5, 4, 5, 6, 4, 8, 6, 5]
B_1 5.17 B 41 [1, 4, 2, 2, 2, 1, 4, 3, 2, 4, 4, 4, 3, 3, 2, 3, 3, 3, 2, 4, 4, 2, 3, 1, 2, 2, 4, 4, 2, 4, 1, 2, 2, 1, 4, 1, 1, 4, 1, 4, 1, 3, 4, 1, 4, 4, 3, 4, 2, 2, 2, 3, 1, 4, 3, 1, 4, 3, 3, 3, 4, 2, 1, 3, 2, 4, 2, 3, 3, 1, 1, 3, 1, 4, 3, 2, 3, 4, 2, 4] [3, 7, 6, 4, 4, 5, 7, 6, 4, 7, 7, 7, 7, 6, 6, 5, 6, 5, 4, 6, 8, 6, 5, 5, 6, 5, 6, 7, 6, 8, 5, 5, 5, 3, 8, 3, 3, 7, 5, 8, 5, 7, 6, 3, 8, 7, 7, 8, 6, 4, 4, 5, 4, 6, 5, 4, 7, 7, 6, 6, 6, 6, 3, 6, 6, 7, 6, 5, 5, 3, 3, 6, 5, 6, 6, 6, 7, 7, 4, 8]
B_2 6.17 B 42 [4, 2, 1, 2, 4, 2, 3, 2, 1, 4, 1, 4, 4, 3, 4, 4, 1, 1, 2, 4, 1, 3, 3, 2, 1, 4, 1, 1, 2, 1, 4, 3, 2, 4, 1, 3, 3, 4, 2, 3, 3, 4, 3, 3, 4, 1, 2, 4, 2, 3, 2, 3, 2, 3, 1, 2, 3, 4, 3, 4, 1, 3, 2, 1, 4, 4, 1, 3, 1, 3, 3, 4, 3, 3, 4, 1, 4, 1, 2, 1] [6, 6, 4, 4, 7, 6, 5, 6, 3, 7, 5, 8, 8, 5, 7, 8, 5, 3, 5, 6, 5, 7, 6, 6, 3, 6, 3, 3, 6, 3, 7, 6, 4, 7, 3, 6, 6, 7, 5, 6, 5, 6, 6, 5, 8, 5, 5, 7, 5, 7, 6, 5, 4, 5, 5, 4, 5, 8, 6, 7, 3, 5, 4, 5, 8, 6, 3, 5, 3, 5, 6, 6, 7, 7, 8, 4, 7, 3, 4, 4]
B_3 7.17 B 43 [2, 4, 3, 1, 3, 2, 2, 4, 2, 1, 3, 2, 2, 1, 1, 3, 2, 2, 1, 2, 4, 3, 4, 4, 3, 1, 3, 4, 1, 3, 2, 1, 4, 4, 2, 1, 2, 2, 2, 1, 4, 1, 3, 3, 4, 2, 3, 1, 4, 4, 4, 1, 3, 3, 3, 1, 2, 4, 3, 3, 4, 1, 4, 4, 2, 1, 3, 2, 1, 4, 4, 1, 2, 1, 2, 4, 3, 2, 1, 3] [4, 8, 7, 3, 7, 5, 4, 6, 5, 5, 6, 5, 4, 5, 3, 5, 6, 4, 3, 5, 6, 6, 7, 7, 6, 4, 5, 7, 4, 7, 4, 3, 7, 8, 4, 4, 5, 5, 5, 4, 6, 3, 5, 6, 8, 6, 7, 5, 6, 8, 7, 4, 7, 7, 5, 3, 5, 7, 7, 6, 7, 5, 6, 8, 6, 3, 6, 4, 3, 7, 6, 4, 6, 4, 6, 6, 5, 4, 5, 5]
B_4 8.17 B 44 [4, 1, 3, 3, 2, 2, 1, 4, 1, 1, 3, 4, 2, 3, 3, 3, 4, 1, 1, 1, 1, 4, 4, 4, 1, 3, 2, 1, 2, 1, 1, 3, 4, 3, 4, 1, 2, 3, 2, 4, 3, 4, 4, 4, 3, 2, 4, 3, 1, 3, 3, 4, 3, 2, 4, 3, 3, 1, 3, 2, 4, 4, 4, 1, 4, 3, 2, 2, 3, 4, 4, 4, 2, 4, 4, 3, 1, 3, 2, 4] [7, 5, 5, 6, 4, 5, 5, 8, 3, 3, 7, 7, 6, 6, 6, 7, 6, 3, 4, 5, 4, 8, 8, 6, 4, 7, 5, 4, 6, 5, 3, 6, 6, 7, 6, 3, 5, 5, 4, 7, 7, 8, 8, 8, 6, 5, 8, 5, 3, 5, 5, 8, 7, 5, 7, 6, 7, 5, 6, 6, 6, 6, 6, 3, 7, 6, 6, 5, 7, 6, 8, 6, 5, 8, 6, 6, 3, 6, 4, 8]
B_5 9.17 B 45 [3, 1, 2, 2, 4, 1, 1, 1, 4, 2, 1, 4, 3, 3, 3, 2, 1, 3, 3, 1, 3, 3, 1, 4, 1, 3, 4, 1, 2, 1, 4, 4, 1, 1, 4, 2, 4, 2, 4, 3, 1, 4, 1, 2, 2, 2, 4, 1, 1, 2, 3, 2, 3, 2, 1, 1, 1, 3, 2, 2, 1, 4, 1, 4, 4, 1, 2, 3, 3, 1, 1, 1, 3, 4, 1, 3, 4, 3, 4, 2] [6, 3, 6, 6, 6, 5, 3, 4, 6, 6, 4, 7, 7, 6, 5, 4, 5, 7, 7, 5, 6, 7, 4, 7, 3, 7, 8, 3, 5, 4, 7, 7, 5, 5, 7, 4, 8, 4, 6, 6, 5, 7, 5, 6, 5, 4, 7, 4, 3, 5, 7, 4, 6, 6, 5, 3, 4, 7, 5, 4, 3, 6, 5, 7, 8, 5, 6, 7, 6, 5, 4, 4, 5, 8, 5, 5, 7, 5, 7, 5]
B_6 12.74 B 46 [2, 2, 2, 1, 2, 1, 3, 1, 1, 3, 3, 3, 3, 1, 4, 1, 3, 4, 1, 3, 2, 4, 4, 1, 4, 2, 1, 3, 1, 1, 3, 2, 3, 2, 4, 4, 2, 2, 3, 3, 1, 3, 2, 3, 4, 4, 1, 4, 3, 2, 4, 2, 4, 2, 4, 3, 4, 4, 3, 2, 4, 1, 2, 4, 1, 3, 3, 3, 2, 1, 4, 2, 4, 3, 1, 4, 4, 3, 2, 1] [6, 5, 6, 5, 5, 4, 6, 4, 5, 5, 7, 5, 5, 3, 7, 4, 6, 6, 4, 5, 5, 6, 6, 3, 6, 6, 4, 7, 3, 5, 5, 5, 7, 5, 7, 8, 6, 6, 6, 6, 5, 7, 5, 7, 8, 7, 4, 6, 5, 5, 7, 5, 8, 4, 7, 7, 7, 8, 5, 4, 6, 5, 4, 7, 4, 6, 6, 5, 5, 5, 8, 4, 7, 5, 5, 8, 6, 6, 6, 5]
B_7 15.18 B 47 [1, 3, 4, 1, 3, 4, 4, 3, 2, 1, 1, 2, 2, 2, 3, 2, 3, 4, 3, 2, 3, 4, 3, 1, 3, 3, 1, 1, 4, 1, 3, 3, 3, 2, 1, 1, 2, 4, 4, 2, 2, 4, 4, 1, 3, 1, 4, 2, 1, 3, 4, 3, 4, 3, 1, 2, 4, 1, 4, 1, 2, 2, 2, 1, 1, 1, 1, 4, 3, 3, 1, 1, 3, 4, 4, 4, 1, 4, 1, 1] [4, 6, 7, 4, 7, 8, 8, 6, 5, 3, 5, 5, 6, 5, 5, 5, 5, 8, 6, 6, 6, 7, 5, 5, 5, 7, 4, 4, 6, 5, 7, 7, 6, 5, 3, 5, 5, 8, 8, 5, 5, 8, 7, 5, 5, 4, 6, 5, 3, 5, 8, 6, 8, 6, 4, 5, 8, 4, 8, 4, 6, 4, 4, 3, 5, 3, 3, 6, 7, 6, 3, 3, 6, 6, 8, 8, 4, 8, 3, 4]
B_8 16.18 B 48 [3, 4, 2, 3, 2, 1, 2, 2, 2, 4, 2, 4, 4, 4, 4, 4, 2, 3, 3, 3, 3, 4, 2, 4, 4, 2, 3, 1, 2, 2, 4, 2, 4, 3, 3, 4, 2, 4, 4, 3, 4, 2, 2, 4, 1, 1, 3, 1, 4, 3, 3, 2, 4, 2, 4, 2, 4, 1, 3, 2, 3, 3, 4, 4, 2, 4, 4, 1, 2, 2, 4, 4, 1, 4, 1, 2, 4, 4, 2, 3] [6, 8, 5, 7, 4, 4, 6, 6, 5, 8, 4, 8, 7, 6, 6, 8, 5, 7, 6, 6, 5, 7, 6, 8, 6, 5, 7, 5, 5, 4, 6, 6, 6, 5, 6, 6, 4, 7, 8, 6, 7, 6, 5, 6, 3, 3, 5, 3, 6, 6, 7, 4, 6, 6, 8, 5, 7, 4, 7, 6, 5, 7, 7, 8, 5, 7, 8, 3, 6, 4, 8, 8, 4, 7, 3, 4, 7, 8, 6, 6]
B_9 19.16 B 49 [3, 2, 1, 1, 3, 2, 2, 1, 1, 2, 1, 3, 4, 3, 1, 3, 2, 4, 2, 3, 2, 2, 1, 1, 3, 4, 1, 4, 4, 3, 4, 3, 2, 3, 2, 4, 4, 1, 4, 4, 3, 2, 3, 4, 3, 2, 2, 3, 3, 3, 4, 3, 4, 3, 1, 4, 3, 2, 2, 4, 4, 1, 3, 2, 3, 3, 1, 1, 2, 3, 4, 2, 4, 3, 1, 2, 4, 3, 1, 2] [5, 6, 5, 3, 6, 5, 4, 3, 3, 4, 5, 7, 8, 6, 5, 6, 5, 7, 6, 5, 5, 6, 3, 3, 7, 7, 3, 7, 8, 6, 8, 5, 5, 6, 5, 8, 8, 5, 8, 8, 6, 4, 7, 8, 5, 5, 5, 5, 6, 5, 8, 6, 6, 5, 3, 6, 5, 6, 4, 6, 6, 3, 5, 5, 7, 7, 5, 3, 4, 6, 8, 6, 7, 7, 4, 4, 6, 6, 5, 5]
B_10 20.16 B 50 [2, 2, 3, 4, 1, 3, 4, 2, 1, 1, 1, 3, 2, 1, 2, 4, 4, 4, 4, 3, 3, 1, 4, 1, 4, 4, 4, 2, 2, 2, 3, 1, 1, 1, 2, 4, 4, 2, 4, 4, 2, 2, 2, 4, 3, 3, 4, 4, 3, 4, 4, 1, 3, 4, 3, 3, 1, 3, 3, 4, 3, 3, 1, 4, 4, 1, 1, 1, 1, 2, 1, 2, 1, 1, 2, 4, 2, 2, 4, 2] [4, 6, 5, 6, 5, 7, 7, 6, 5, 5, 3, 5, 6, 3, 5, 8, 6, 6, 7, 6, 7, 5, 7, 3, 6, 6, 6, 4, 6, 4, 6, 3, 3, 5, 4, 7, 8, 4, 8, 7, 5, 4, 6, 7, 5, 7, 7, 8, 7, 8, 6, 5, 5, 8, 7, 6, 3, 7, 7, 7, 6, 6, 4, 6, 6, 5, 5, 4, 3, 6, 5, 4, 3, 5, 6, 7, 5, 5, 6, 5]
B_11 21.77 B 51 [1, 4, 3, 2, 4, 4, 2, 4, 1, 2, 4, 3, 2, 3, 3, 1, 4, 1, 3, 3, 4, 3, 2, 2, 4, 1, 2, 3, 2, 1, 4, 4, 1, 1, 1, 3, 4, 1, 2, 1, 4, 3, 3, 1, 4, 2, 2, 3, 2, 3, 1, 2, 4, 4, 2, 1, 3, 3, 1, 1, 4, 2, 3, 3, 2, 4, 2, 3, 3, 3, 2, 2, 4, 3, 1, 4, 4, 1, 1, 4] [5, 6, 6, 6, 8, 6, 4, 7, 5, 5, 8, 6, 4, 5, 5, 3, 6, 5, 6, 6, 6, 5, 5, 5, 8, 4, 6, 6, 5, 3, 7, 7, 3, 3, 3, 6, 7, 4, 6, 3, 7, 5, 5, 4, 8, 4, 5, 6, 4, 6, 5, 4, 8, 8, 4, 4, 5, 6, 3, 4, 6, 4, 5, 6, 6, 6, 5, 6, 6, 5, 4, 5, 7, 6, 4, 8, 6, 3, 5, 7]
B_12 22.84 B 52 [4, 2, 2, 2, 2, 1, 3, 2, 2, 1, 4, 4, 2, 3, 2, 1, 3, 2, 1, 2, 4, 4, 2, 4, 2, 2, 1, 3, 3, 1, 2, 1, 1, 3, 2, 3, 2, 4, 1, 2, 2, 1, 2, 3, 3, 3, 4, 4, 4, 4, 3, 4, 4, 2, 4, 3, 2, 2, 4, 4, 2, 1, 1, 1, 2, 1, 3, 4, 2, 2, 2, 1, 3, 1, 2, 4, 2, 1, 3, 4] [6, 5, 6, 4, 6, 3, 6, 5, 4, 3, 7, 8, 6, 5, 6, 4, 7, 4, 4, 4, 8, 8, 4, 7, 5, 6, 4, 7, 7, 4, 5, 4, 3, 5, 4, 7, 6, 7, 3, 6, 6, 4, 4, 7, 7, 6, 8, 8, 6, 6, 5, 8, 8, 4, 6, 6, 5, 4, 7, 6, 5, 3, 5, 4, 6, 4, 5, 6, 5, 4, 5, 5, 5, 3, 6, 6, 4, 5, 6, 7]
B_13 23.84 B 53 [4, 2, 1, 3, 2, 3, 4, 2, 3, 2, 2, 1, 3, 4, 4, 3, 4, 4, 1, 1, 1, 4, 4, 1, 4, 2, 3, 1, 2, 4, 1, 4, 3, 4, 3, 1, 2, 4, 2, 1, 4, 4, 3, 3, 2, 2, 2, 3, 2, 3, 4, 4, 2, 2, 3, 3, 2, 1, 3, 4, 2, 1, 2, 2, 2, 2, 1, 3, 2, 1, 3, 2, 1, 4, 4, 4, 4, 3, 2, 3] [6, 5, 5, 7, 5, 6, 6, 4, 6, 6, 5, 3, 5, 8, 8, 7, 8, 8, 3, 4, 3, 7, 8, 5, 6, 6, 6, 4, 4, 6, 4, 6, 5, 7, 7, 5, 4, 6, 5, 4, 7, 6, 5, 7, 5, 6, 4, 6, 6, 5, 8, 8, 4, 5, 7, 7, 6, 5, 5, 8, 5, 4, 4, 5, 4, 6, 3, 7, 4, 5, 5, 5, 5, 6, 8, 6, 6, 5, 6, 5]
B_14 24.84 B 54 [1, 1, 2, 1, 3, 4, 3, 2, 2, 2, 4, 3, 1, 3, 1, 3, 2, 4, 1, 1, 3, 1, 2, 4, 3, 2, 2, 3, 4, 1, 4, 2, 2, 1, 4, 3, 4, 3, 3, 1, 1, 3, 1, 3, 4, 1, 4, 1, 4, 1, 3, 2, 4, 3, 4, 2, 2, 4, 3, 2, 3, 2, 2, 2, 2, 3, 1, 1, 4, 3, 1, 2, 3, 2, 3, 3, 2, 3, 4, 2] [3, 5, 5, 5, 6, 8, 5, 6, 5, 5, 8, 5, 3, 5, 4, 5, 6, 8, 5, 5, 7, 4, 5, 6, 6, 6, 4, 5, 6, 4, 6, 5, 4, 5, 8, 5, 8, 6, 5, 4, 3, 5, 5, 5, 7, 5, 7, 4, 8, 3, 7, 4, 6, 7, 7, 5, 4, 6, 7, 5, 5, 6, 4, 6, 4, 5, 4, 3, 7, 7, 5, 5, 5, 6, 5, 7, 6, 7, 7, 5]
B_15 27.81 B 55 [3, 2, 3, 1, 1, 4, 2, 1, 1, 1, 4, 1, 2, 2, 2, 4, 1, 2, 1, 2, 1, 2, 3, 4, 4, 2, 2, 3, 1, 3, 3, 4, 2, 2, 1, 4, 3, 4, 1, 1, 4, 1, 2, 1, 3, 1, 3, 2, 2, 4, 3, 1, 3, 3, 2, 2, 2, 1, 2, 1, 2, 3, 2, 2, 3, 3, 2, 2, 3, 4, 1, 4, 3, 4, 4, 3, 3, 4, 2, 4] [5, 6, 6, 3, 5, 6, 6, 5, 3, 5, 8, 3, 4, 6, 4, 6, 4, 5, 4, 6, 5, 4, 5, 7, 7, 6, 4, 6, 5, 7, 7, 6, 4, 4, 3, 6, 5, 7, 4, 4, 8, 4, 4, 3, 6, 3, 7, 5, 5, 6, 6, 4, 6, 7, 5, 6, 4, 3, 4, 4, 6, 6, 4, 4, 5, 7, 4, 4, 5, 6, 5, 7, 6, 7, 7, 5, 5, 8, 6, 7]
B_16 29.59 B 56 [1, 3, 4, 1, 4, 4, 2, 3, 3, 4, 4, 3, 3, 2, 2, 2, 4, 3, 3, 4, 1, 4, 3, 2, 2, 2, 4, 2, 4, 2, 4, 3, 4, 4, 3, 4, 1, 2, 2, 3, 3, 4, 3, 2, 3, 1, 4, 4, 4, 3, 1, 3, 2, 2, 2, 2, 2, 2, 1, 2, 2, 2, 1, 1, 2, 4, 1, 3, 1, 3, 3, 1, 4, 1, 1, 1, 1, 3, 4, 2] [5, 5, 6, 3, 6, 6, 6, 7, 7, 8, 6, 6, 7, 4, 6, 5, 6, 5, 7, 6, 4, 8, 5, 6, 4, 6, 8, 4, 6, 5, 8, 5, 6, 6, 7, 6, 5, 6, 5, 7, 6, 7, 5, 5, 7, 4, 7, 8, 7, 5, 3, 5, 5, 6, 4, 4, 5, 6, 5, 5, 5, 5, 3, 5, 4, 6, 3, 5, 3, 7, 5, 5, 6, 3, 3, 5, 4, 6, 7, 5]
B_17 30.93 B 57 [1, 3, 2, 3, 1, 2, 2, 1, 3, 4, 2, 2, 1, 3, 4, 2, 1, 2, 2, 1, 2, 2, 4, 3, 3, 4, 2, 4, 3, 1, 4, 2, 2, 2, 4, 4, 1, 3, 3, 4, 1, 3, 4, 4, 1, 3, 4, 1, 1, 2, 3, 3, 2, 1, 4, 1, 2, 4, 2, 1, 1, 2, 4, 2, 3, 2, 2, 3, 4, 3, 3, 3, 4, 1, 2, 4, 4, 1, 2, 2] [5, 7, 5, 5, 4, 5, 5, 3, 7, 7, 5, 6, 5, 6, 6, 5, 5, 5, 4, 5, 6, 4, 7, 5, 6, 6, 4, 7, 5, 5, 6, 5, 5, 5, 7, 6, 3, 7, 6, 8, 4, 7, 8, 7, 5, 7, 8, 4, 4, 6, 7, 6, 4, 5, 6, 3, 6, 7, 4, 3, 4, 4, 6, 5, 6, 5, 4, 7, 6, 5, 6, 5, 8, 3, 4, 7, 6, 5, 4, 6]
B_18 32.81 B 58 [1, 4, 2, 1, 2, 1, 3, 2, 2, 1, 2, 1, 4, 3, 2, 4, 1, 3, 4, 1, 2, 2, 2, 4, 4, 1, 2, 4, 3, 1, 3, 1, 3, 2, 2, 4, 1, 1, 1, 1, 3, 3, 3, 3, 3, 2, 3, 4, 3, 2, 3, 1, 4, 3, 3, 2, 1, 2, 3, 3, 3, 2, 3, 3, 1, 1, 1, 3, 2, 2, 4, 2, 4, 1, 3, 1, 3, 1, 3, 2] [4, 8, 6, 4, 4, 4, 7, 6, 6, 4, 4, 5, 7, 7, 5, 6, 5, 5, 7, 3, 4, 5, 5, 7, 7, 4, 5, 8, 7, 3, 5, 4, 5, 5, 5, 6, 3, 4, 4, 5, 5, 6, 6, 7, 6, 5, 5, 8, 7, 4, 7, 3, 7, 5, 7, 4, 5, 4, 5, 6, 5, 6, 7, 7, 4, 5, 4, 5, 5, 5, 7, 4, 7, 5, 7, 4, 6, 4, 6, 6]
B_19 34.29 B 59 [4, 3, 1, 1, 4, 4, 2, 3, 2, 2, 2, 1, 1, 1, 4, 4, 2, 4, 1, 1, 3, 4, 3, 4, 2, 3, 2, 3, 2, 4, 1, 1, 1, 2, 2, 3, 3, 2, 3, 3, 3, 3, 4, 3, 2, 2, 2, 1, 2, 4, 4, 1, 4, 4, 2, 1, 2, 1, 3, 1, 2, 1, 3, 2, 1, 1, 3, 4, 3, 4, 1, 4, 2, 2, 2, 3, 1, 2, 3, 4] [8, 7, 3, 5, 7, 7, 5, 5, 6, 6, 6, 5, 5, 5, 8, 6, 4, 6, 3, 4, 6, 6, 7, 7, 6, 7, 4, 5, 4, 7, 4, 3, 3, 5, 4, 6, 6, 6, 5, 6, 6, 6, 7, 6, 6, 4, 4, 4, 6, 6, 7, 4, 6, 8, 5, 4, 5, 3, 6, 4, 6, 5, 7, 6, 3, 4, 7, 8, 6, 7, 4, 7, 4, 4, 6, 5, 3, 4, 5, 7]
B_20 35.29 B 60 [4, 1, 4, 1, 2, 1, 2, 4, 1, 2, 2, 2, 1, 2, 3, 3, 2, 2, 1, 2, 1, 1, 2, 1, 1, 3, 1, 3, 3, 3, 4, 2, 1, 3, 4, 3, 1, 3, 1, 4, 1, 4, 1, 4, 4, 1, 4, 2, 3, 4, 3, 4, 2, 2, 3, 2, 2, 1, 3, 2, 3, 4, 2, 4, 2, 2, 4, 2, 3, 1, 2, 2, 4, 4, 4, 1, 1, 2, 3, 3] [7, 5, 7, 3, 4, 5, 6, 7, 4, 5, 5, 5, 3, 5, 5, 5, 6, 6, 5, 6, 3, 3, 4, 5, 5, 6, 4, 7, 6, 6, 6, 6, 3, 7, 6, 7, 3, 5, 3, 7, 4, 6, 3, 7, 6, 3, 6, 6, 5, 6, 6, 6, 5, 5, 5, 6, 5, 4, 5, 6, 6, 6, 6, 8, 6, 5, 7, 6, 6, 3, 5, 6, 7, 6, 6, 3, 4, 5, 7, 7]
B_21 36.29 B 61 [3, 3, 3, 2, 4, 1, 1, 2, 2, 1, 1, 2, 1, 3, 3, 4, 2, 1, 4, 3, 4, 3, 4, 1, 3, 3, 3, 2, 3, 1, 3, 4, 1, 1, 1, 1, 2, 4, 2, 3, 3, 2, 3, 1, 4, 4, 1, 2, 3, 1, 3, 2, 1, 1, 2, 3, 2, 2, 2, 1, 4, 2, 2, 2, 3, 2, 1, 2, 4, 1, 1, 3, 2, 4, 3, 1, 3, 1, 3, 4] [7, 6, 6, 5, 6, 4, 5, 6, 4, 4, 3, 5, 3, 7, 6, 8, 5, 5, 6, 5, 7, 5, 7, 4, 5, 5, 5, 4, 6, 3, 6, 8, 5, 5, 5, 3, 6, 7, 5, 6, 5, 6, 5, 5, 6, 6, 5, 4, 7, 3, 6, 4, 3, 4, 6, 6, 5, 4, 6, 5, 6, 5, 6, 4, 7, 4, 3, 6, 7, 5, 3, 6, 5, 6, 6, 5, 5, 3, 5, 6]
B_22 37.29 B 62 [1, 3, 1, 4, 4, 3, 4, 4, 3, 2, 2, 2, 1, 4, 4, 1, 3, 2, 1, 2, 1, 2, 3, 2, 3, 3, 1, 2, 2, 4, 1, 2, 3, 1, 1, 1, 1, 4, 4, 2, 3, 1, 2, 4, 4, 1, 2, 2, 4, 3, 1, 3, 1, 2, 2, 2, 1, 4, 3, 3, 2, 2, 1, 4, 4, 3, 4, 4, 2, 1, 2, 3, 2, 4, 4, 4, 4, 2, 1, 4] [5, 7, 3, 8, 8, 6, 7, 7, 5, 4, 6, 5, 3, 7, 6, 4, 6, 4, 4, 5, 3, 4, 6, 5, 7, 5, 5, 6, 4, 8, 4, 6, 5, 4, 4, 4, 3, 6, 7, 6, 6, 3, 4, 6, 6, 5, 4, 4, 7, 5, 4, 5, 5, 4, 4, 4, 3, 6, 7, 7, 6, 6, 5, 6, 7, 5, 6, 8, 6, 3, 5, 6, 4, 7, 7, 7, 8, 5, 5, 7]
B_23 39.72 B 63 [4, 4, 3, 2, 3, 1, 3, 2, 2, 3, 2, 3, 4, 2, 1, 1, 1, 2, 4, 2, 3, 1, 1, 4, 2, 4, 2, 1, 3, 4, 4, 4, 4, 2, 1, 1, 4, 4, 1, 4, 3, 3, 1, 4, 1, 4, 4, 1, 4, 2, 4, 3, 1, 2, 2, 2, 1, 2, 3, 2, 4, 2, 4, 2, 3, 2, 4, 3, 2, 2, 4, 4, 2, 4, 4, 3, 4, 1, 2, 4] [7, 8, 6, 5, 7, 3, 6, 6, 5, 5, 4, 7, 8, 6, 3, 3, 5, 5, 8, 6, 5, 4, 4, 6, 4, 7, 6, 4, 5, 8, 8, 8, 8, 6, 5, 3, 7, 7, 5, 7, 5, 6, 5, 8, 3, 7, 7, 3, 8, 5, 6, 6, 4, 5, 6, 4, 5, 5, 7, 6, 8, 4, 6, 6, 7, 5, 7, 7, 4, 5, 7, 6, 6, 7, 7, 6, 8, 3, 4, 8]
B_24 41.92 B 64 [3, 3, 2, 2, 4, 3, 2, 3, 4, 1, 1, 4, 2, 1, 2, 2, 1, 4, 1, 4, 2, 2, 1, 1, 3, 1, 2, 3, 2, 3, 1, 1, 1, 1, 3, 4, 3, 3, 3, 3, 3, 2, 4, 2, 4, 4, 1, 1, 2, 3, 4, 2, 2, 2, 2, 3, 2, 3, 1, 1, 2, 3, 4, 3, 3, 1, 2, 2, 4, 1, 4, 4, 4, 1, 1, 1, 4, 2, 2, 2] [6, 5, 4, 6, 6, 5, 6, 7, 7, 4, 3, 6, 5, 4, 5, 6, 5, 6, 4, 8, 4, 6, 5, 3, 6, 5, 6, 5, 6, 7, 4, 3, 5, 5, 6, 8, 6, 5, 6, 6, 6, 6, 8, 6, 7, 8, 4, 5, 5, 7, 6, 6, 6, 4, 4, 5, 4, 6, 4, 3, 6, 7, 7, 7, 7, 5, 6, 5, 8, 5, 7, 8, 8, 5, 3, 3, 7, 5, 4, 4]
B_25 42.92 B 65 [3, 4, 4, 3, 2, 4, 3, 2, 3, 4, 4, 4, 1, 1, 2, 1, 1, 3, 1, 1, 1, 3, 4, 3, 1, 3, 4, 4, 3, 4, 4, 4, 4, 4, 3, 4, 4, 4, 2, 1, 3, 4, 4, 1, 3, 1, 3, 1, 4, 3, 1, 4, 1, 2, 3, 3, 4, 2, 1, 1, 2, 2, 3, 2, 1, 4, 2, 4, 3, 4, 3, 2, 4, 3, 3, 3, 3, 2, 2, 1] [6, 6, 6, 7, 4, 7, 5, 6, 7, 8, 6, 8, 3, 4, 5, 5, 5, 5, 3, 3, 3, 6, 8, 7, 5, 6, 6, 7, 6, 8, 8, 7, 7, 6, 6, 6, 7, 7, 6, 4, 6, 7, 6, 3, 6, 5, 6, 3, 7, 7, 5, 6, 4, 6, 5, 7, 6, 5, 5, 4, 5, 4, 5, 5, 5, 8, 6, 8, 7, 7, 7, 4, 6, 6, 6, 7, 6, 5, 6, 4]
B_26 43.92 B 66 [1, 3, 4, 4, 4, 1, 2, 1, 3, 1, 3, 4, 2, 1, 1, 2, 3, 4, 2, 2, 4, 4, 3, 4, 3, 1, 2, 1, 2, 2, 4, 2, 3, 1, 1, 3, 3, 3, 4, 3, 4, 2, 1, 3, 2, 2, 3, 1, 4, 1, 1, 2, 3, 1, 1, 2, 1, 2, 1, 3, 4, 1, 4, 4, 2, 2, 1, 4, 3, 2, 2, 3, 3, 4, 4, 2, 3, 1, 1, 2] [5, 6, 7, 6, 6, 4, 4, 5, 7, 4, 7, 7, 5, 5, 4, 6, 6, 7, 5, 6, 6, 7, 5, 6, 5, 4, 6, 3, 4, 5, 8, 6, 5, 4, 5, 6, 6, 7, 8, 5, 6, 6, 3, 6, 6, 6, 6, 3, 8, 5, 5, 5, 5, 3, 4, 4, 3, 4, 4, 7, 7, 3, 6, 7, 6, 6, 4, 6, 7, 5, 4, 7, 7, 7, 8, 5, 6, 3, 3, 4]
B_27 45.59 B 67 [3, 2, 3, 1, 4, 2, 4, 4, 2, 1, 3, 1, 1, 3, 2, 3, 4, 2, 4, 2, 3, 4, 4, 4, 1, 4, 3, 1, 3, 2, 4, 4, 1, 3, 4, 4, 1, 3, 3, 4, 3, 3, 3, 2, 2, 3, 3, 4, 1, 1, 1, 3, 4, 3, 1, 2, 3, 3, 3, 4, 2, 2, 4, 3, 2, 4, 4, 4, 1, 2, 1, 4, 2, 4, 3, 2, 4, 3, 3, 4] [5, 6, 7, 3, 8, 4, 7, 8, 6, 4, 6, 3, 5, 7, 6, 7, 7, 6, 7, 5, 5, 8, 6, 8, 3, 6, 5, 4, 5, 6, 6, 7, 4, 6, 7, 7, 5, 7, 5, 7, 6, 5, 5, 4, 5, 7, 5, 6, 3, 3, 4, 6, 6, 7, 3, 4, 5, 7, 5, 8, 6, 6, 8, 7, 5, 8, 6, 7, 5, 4, 3, 8, 4, 6, 6, 5, 7, 6, 6, 6]
B_28 49.85 B 68 [3, 1, 2, 3, 4, 2, 1, 3, 2, 3, 4, 2, 4, 2, 3, 3, 4, 1, 2, 1, 3, 3, 2, 3, 2, 2, 4, 1, 3, 1, 4, 1, 4, 1, 4, 4, 2, 3, 4, 3, 2, 3, 1, 1, 3, 3, 2, 3, 2, 2, 1, 3, 2, 2, 4, 3, 1, 4, 2, 3, 3, 4, 2, 2, 4, 3, 3, 1, 1, 3, 4, 4, 1, 4, 1, 2, 2, 3, 2, 2] [7, 5, 5, 6, 8, 4, 4, 6, 4, 5, 6, 5, 6, 5, 7, 6, 6, 3, 6, 5, 6, 5, 5, 7, 4, 5, 8, 3, 5, 4, 6, 4, 6, 3, 6, 6, 4, 6, 6, 5, 6, 5, 3, 3, 7, 6, 5, 7, 6, 4, 3, 6, 5, 4, 7, 5, 3, 6, 5, 6, 6, 7, 6, 4, 8, 7, 7, 5, 3, 7, 8, 6, 5, 7, 3, 5, 4, 6, 5, 4]
B_29 51.26 B 69 [1, 4, 2, 1, 1, 1, 3, 3, 1, 4, 1, 3, 1, 2, 2, 4, 1, 3, 4, 3, 1, 3, 2, 2, 1, 3, 4, 1, 1, 4, 2, 4, 1, 4, 2, 1, 4, 3, 1, 4, 4, 1, 3, 4, 4, 1, 1, 3, 2, 3, 2, 3, 2, 1, 3, 4, 3, 3, 2, 4, 1, 1, 1, 2, 1, 4, 2, 2, 3, 4, 2, 3, 1, 4, 1, 2, 2, 4, 2, 1] [4, 7, 4, 3, 5, 4, 6, 7, 4, 7, 4, 6, 3, 5, 4, 8, 4, 5, 6, 7, 5, 7, 4, 6, 4, 7, 8, 3, 5, 8, 5, 7, 5, 7, 5, 5, 8, 6, 4, 7, 8, 3, 5, 7, 6, 5, 5, 6, 4, 6, 6, 5, 4, 5, 7, 6, 7, 5, 5, 7, 3, 5, 3, 5, 5, 7, 5, 4, 7, 7, 4, 7, 5, 8, 3, 5, 4, 8, 5, 5]
B_30 53.629999999999995 B 70 [1, 3, 1, 4, 2, 1, 4, 1, 2, 1, 4, 1, 4, 3, 1, 4, 3, 1, 1, 4, 2, 2, 4, 3, 1, 3, 1, 1, 1, 3, 3, 1, 1, 4, 2, 2, 1, 4, 4, 1, 3, 1, 3, 4, 4, 1, 4, 1, 4, 4, 1, 2, 2, 3, 1, 1, 3, 3, 4, 1, 2, 1, 2, 4, 4, 3, 2, 1, 4, 2, 3, 3, 4, 4, 4, 1, 3, 1, 2, 1] [5, 7, 3, 6, 5, 5, 8, 5, 5, 3, 8, 4, 7, 7, 5, 7, 6, 4, 5, 7, 6, 6, 8, 7, 3, 5, 4, 5, 4, 5, 7, 3, 5, 7, 6, 4, 3, 7, 6, 5, 6, 3, 6, 6, 8, 4, 8, 3, 8, 8, 5, 4, 5, 5, 5, 5, 5, 6, 7, 4, 5, 3, 5, 7, 7, 7, 4, 3, 8, 4, 7, 7, 6, 7, 6, 3, 6, 5, 6, 3]
B_31 54.629999999999995 B 71 [1, 1, 4, 1, 2, 1, 3, 3, 2, 3, 4, 1, 4, 3, 4, 4, 2, 2, 3, 4, 3, 1, 3, 4, 3, 4, 3, 4, 3, 3, 1, 3, 1, 3, 3, 3, 2, 2, 3, 4, 2, 3, 4, 1, 4, 1, 2, 1, 4, 2, 2, 2, 1, 2, 2, 4, 1, 3, 2, 4, 2, 3, 3, 4, 4, 2, 3, 4, 4, 3, 3, 4, 3, 3, 4, 2, 3, 2, 1, 3] [4, 5, 7, 5, 5, 4, 7, 7, 6, 6, 7, 5, 6, 6, 8, 8, 5, 6, 5, 8, 7, 4, 6, 6, 7, 6, 7, 8, 6, 5, 4, 6, 4, 7, 7, 5, 4, 5, 6, 7, 4, 6, 6, 4, 6, 4, 4, 3, 8, 6, 4, 5, 5, 5, 5, 7, 5, 5, 4, 7, 6, 6, 6, 6, 8, 4, 7, 8, 6, 7, 7, 8, 5, 5, 7, 6, 5, 6, 4, 7]
B_32 56.60999999999999 B 72 [3, 1, 4, 4, 4, 3, 3, 2, 3, 1, 1, 3, 1, 4, 2, 1, 4, 4, 3, 4, 4, 4, 2, 1, 2, 4, 4, 2, 1, 2, 2, 4, 4, 1, 1, 4, 2, 1, 4, 4, 1, 1, 3, 2, 2, 3, 4, 3, 1, 4, 1, 4, 3, 1, 3, 3, 4, 4, 4, 2, 4, 2, 2, 2, 4, 4, 3, 2, 1, 1, 4, 3, 1, 2, 1, 2, 2, 4, 3, 1] [5, 3, 6, 7, 8, 5, 5, 5, 5, 5, 5, 7, 4, 8, 5, 5, 7, 8, 7, 8, 8, 8, 6, 3, 6, 6, 6, 4, 5, 4, 5, 7, 6, 4, 3, 7, 5, 5, 6, 6, 5, 5, 7, 6, 5, 5, 7, 6, 4, 7, 3, 7, 5, 5, 5, 6, 6, 8, 7, 4, 7, 5, 4, 6, 8, 6, 7, 4, 5, 5, 6, 5, 3, 6, 4, 4, 4, 8, 7, 5]
B_33 57.60999999999999 B 73 [2, 1, 2, 3, 4, 2, 2, 2, 1, 2, 4, 3, 2, 1, 2, 4, 3, 4, 4, 1, 1, 2, 3, 1, 1, 4, 4, 4, 4, 2, 3, 3, 3, 1, 2, 2, 4, 2, 1, 1, 1, 4, 3, 1, 4, 4, 3, 4, 4, 3, 1, 3, 1, 4, 2, 4, 1, 1, 1, 2, 4, 4, 4, 4, 1, 3, 4, 4, 4, 4, 4, 3, 2, 4, 1, 1, 2, 3, 3, 2] [4, 4, 4, 6, 8, 5, 4, 6, 3, 6, 7, 5, 6, 4, 4, 7, 6, 6, 8, 4, 4, 4, 5, 3, 4, 8, 7, 7, 8, 4, 6, 6, 7, 5, 6, 6, 7, 4, 4, 5, 4, 6, 7, 4, 8, 8, 5, 6, 7, 7, 5, 6, 3, 6, 6, 7, 3, 3, 5, 4, 6, 6, 7, 7, 5, 6, 7, 6, 7, 8, 7, 5, 6, 7, 4, 3, 4, 5, 6, 6]
B_34 58.64999999999999 B 74 [3, 4, 1, 1, 2, 4, 4, 3, 3, 3, 4, 4, 1, 1, 1, 1, 2, 1, 4, 2, 1, 4, 2, 2, 1, 1, 1, 1, 1, 3, 2, 1, 1, 3, 2, 4, 3, 3, 1, 2, 2, 3, 4, 2, 4, 1, 1, 4, 1, 1, 2, 1, 2, 4, 3, 4, 1, 2, 3, 2, 4, 3, 4, 4, 1, 3, 4, 3, 1, 1, 4, 4, 1, 1, 3, 4, 3, 2, 3, 4] [6, 7, 5, 4, 5, 8, 7, 7, 6, 6, 6, 8, 5, 3, 4, 4, 5, 4, 8, 5, 4, 7, 6, 6, 3, 3, 3, 3, 4, 6, 5, 4, 5, 5, 4, 7, 6, 6, 4, 4, 5, 6, 8, 6, 6, 5, 5, 8, 3, 4, 6, 4, 6, 8, 5, 7, 3, 4, 7, 6, 6, 6, 7, 7, 3, 6, 8, 6, 3, 3, 6, 7, 4, 4, 6, 7, 6, 6, 7, 6]
B_35 59.64999999999999 B 75 [3, 2, 1, 1, 3, 1, 3, 4, 2, 2, 2, 1, 1, 2, 1, 3, 2, 2, 4, 3, 1, 3, 3, 1, 3, 1, 1, 4, 4, 4, 3, 4, 3, 3, 2, 1, 3, 3, 3, 4, 3, 2, 1, 4, 3, 3, 4, 4, 2, 2, 4, 4, 4, 4, 3, 3, 1, 4, 1, 3, 1, 1, 4, 3, 1, 3, 2, 2, 2, 2, 1, 2, 2, 1, 4, 3, 2, 2, 1, 4] [5, 6, 3, 4, 5, 4, 6, 7, 4, 5, 4, 4, 5, 5, 4, 5, 4, 5, 8, 7, 3, 6, 7, 5, 6, 4, 5, 7, 8, 7, 6, 7, 5, 6, 6, 3, 6, 5, 6, 6, 6, 6, 4, 6, 6, 5, 8, 8, 4, 4, 7, 8, 6, 6, 7, 5, 5, 7, 4, 5, 3, 5, 7, 6, 3, 7, 5, 5, 5, 5, 3, 6, 4, 3, 7, 6, 4, 5, 4, 8]
B_36 60.64999999999999 B 76 [4, 1, 4, 1, 1, 2, 1, 4, 3, 4, 3, 2, 1, 4, 1, 4, 4, 1, 4, 4, 1, 1, 3, 1, 4, 2, 2, 3, 4, 2, 4, 3, 2, 4, 3, 3, 3, 2, 2, 1, 2, 3, 4, 3, 1, 4, 4, 1, 4, 4, 2, 4, 2, 4, 2, 3, 1, 4, 3, 1, 1, 3, 4, 4, 4, 3, 3, 4, 2, 2, 3, 3, 2, 2, 3, 2, 3, 4, 3, 2] [8, 5, 7, 4, 3, 5, 4, 7, 6, 7, 7, 6, 3, 6, 3, 6, 8, 3, 6, 6, 3, 5, 7, 4, 8, 5, 5, 5, 8, 4, 7, 5, 4, 6, 7, 6, 6, 4, 4, 5, 4, 7, 7, 5, 3, 7, 6, 4, 7, 6, 5, 6, 4, 6, 6, 5, 4, 6, 6, 3, 4, 5, 8, 8, 7, 6, 6, 7, 4, 4, 6, 5, 4, 4, 6, 4, 5, 8, 7, 6]
B_37 63.04999999999999 B 77 [1, 4, 3, 3, 4, 4, 4, 1, 4, 1, 2, 3, 2, 4, 2, 1, 3, 4, 1, 2, 3, 4, 1, 2, 4, 3, 3, 3, 2, 2, 3, 4, 4, 1, 3, 1, 3, 3, 2, 4, 4, 4, 1, 2, 3, 3, 3, 4, 4, 3, 2, 1, 1, 3, 3, 4, 3, 1, 1, 2, 2, 1, 2, 1, 2, 2, 1, 3, 3, 4, 1, 2, 4, 3, 2, 2, 4, 2, 3, 4] [3, 6, 5, 7, 6, 6, 7, 4, 6, 4, 5, 6, 4, 7, 6, 4, 6, 7, 4, 5, 5, 8, 4, 4, 6, 5, 6, 7, 4, 5, 7, 8, 6, 5, 5, 5, 7, 6, 4, 6, 8, 7, 3, 4, 6, 5, 6, 8, 8, 6, 5, 3, 5, 5, 7, 8, 6, 5, 4, 4, 5, 3, 5, 3, 5, 5, 3, 6, 6, 8, 5, 6, 8, 5, 6, 5, 8, 4, 5, 7]
B_38 64.1 B 78 [2, 2, 1, 1, 3, 2, 4, 4, 2, 1, 3, 4, 1, 3, 3, 1, 1, 3, 1, 4, 4, 4, 3, 4, 3, 2, 4, 1, 1, 3, 3, 2, 4, 2, 1, 4, 2, 3, 4, 4, 4, 2, 2, 1, 2, 4, 2, 1, 2, 1, 4, 1, 3, 2, 4, 2, 4, 2, 3, 3, 3, 3, 1, 2, 2, 2, 1, 3, 2, 2, 2, 1, 3, 3, 3, 1, 3, 3, 2, 2] [6, 6, 3, 3, 6, 6, 6, 7, 5, 4, 7, 6, 4, 7, 6, 4, 3, 6, 5, 8, 7, 8, 5, 8, 6, 4, 6, 3, 5, 7, 6, 5, 6, 5, 5, 8, 6, 5, 8, 6, 6, 4, 4, 5, 4, 7, 6, 3, 6, 5, 6, 5, 6, 6, 7, 6, 7, 4, 6, 5, 7, 5, 5, 4, 4, 6, 3, 6, 5, 5, 6, 4, 7, 6, 7, 4, 7, 5, 6, 4]
B_39 65.44999999999999 B 79 [3, 2, 1, 1, 2, 1, 1, 3, 3, 2, 1, 4, 2, 4, 2, 1, 2, 1, 3, 1, 4, 2, 3, 4, 3, 1, 1, 2, 2, 1, 3, 3, 3, 3, 4, 3, 4, 3, 2, 3, 1, 4, 1, 3, 4, 2, 1, 1, 3, 2, 2, 4, 4, 3, 2, 4, 2, 2, 2, 4, 3, 4, 4, 4, 2, 1, 2, 4, 2, 1, 1, 3, 1, 2, 4, 4, 2, 4, 2, 4] [6, 5, 3, 3, 5, 5, 5, 5, 6, 6, 3, 8, 6, 7, 5, 5, 5, 3, 7, 5, 7, 5, 6, 8, 7, 4, 5, 4, 4, 5, 5, 5, 7, 6, 7, 6, 7, 5, 6, 5, 5, 8, 4, 5, 8, 5, 5, 4, 6, 5, 5, 7, 7, 5, 5, 7, 5, 6, 6, 7, 7, 6, 7, 8, 4, 4, 4, 6, 4, 5, 3, 7, 5, 6, 6, 8, 6, 7, 4, 8]
