A_0 3.13 A 0 [4, 4, 4, 2, 4, 2, 3, 1, 2, 1, 3, 1, 1, 2, 2, 1, 1, 4, 1, 3, 1, 4, 2, 2, 1, 1, 4, 4, 3, 2, 4, 2, 3, 3, 4, 1, 4, 3, 1, 1, 3, 2, 3, 1, 4, 4, 1, 2, 3, 4, 3, 2, 2, 1, 1, 2, 4, 2, 2, 3, 2, 1, 2, 1, 3, 3, 2, 2, 4, 3, 2, 4, 4, 1, 4, 1, 1, 3, 2, 3] [8, 6, 7, 4, 8, 5, 7, 3, 5, 4, 5, 4, 5, 6, 4, 5, 3, 7, 4, 6, 5, 7, 5, 5, 3, 3, 7, 8, 5, 6, 8, 4, 5, 7, 8, 3, 8, 6, 4, 3, 7, 4, 5, 4, 7, 7, 4, 5, 7, 6, 5, 6, 6, 5, 5, 4, 7, 4, 6, 7, 5, 5, 5, 3, 5, 5, 5, 5, 8, 7, 4, 8, 6, 5, 6, 5, 3, 7, 6, 6]
A_1 4.25 A 1 [4, 2, 2, 2, 1, 1, 1, 3, 3, 4, 2, 3, 3, 4, 4, 2, 2, 4, 4, 3, 1, 3, 2, 2, 1, 3, 3, 2, 4, 2, 1, 1, 3, 3, 2, 4, 3, 3, 1, 2, 4, 4, 1, 3, 2, 1, 1, 1, 1, 4, 3, 4, 2, 1, 4, 3, 4, 4, 1, 3, 4, 3, 3, 2, 2, 1, 3, 4, 1, 4, 1, 4, 3, 2, 3, 1, 2, 2, 1, 4] [6, 4, 5, 6, 3, 4, 3, 5, 5, 8, 5, 5, 5, 8, 7, 4, 4, 6, 8, 6, 4, 7, 6, 5, 3, 5, 7, 5, 6, 5, 3, 3, 6, 5, 4, 6, 5, 7, 5, 5, 7, 6, 4, 7, 4, 3, 4, 4, 3, 6, 6, 8, 6, 5, 8, 5, 7, 8, 4, 5, 6, 6, 7, 6, 6, 3, 7, 8, 3, 6, 4, 7, 5, 6, 5, 4, 4, 4, 3, 7]
A_2 5.25 A 2 [4, 2, 4, 3, 1, 2, 4, 4, 2, 4, 4, 4, 2, 4, 1, 3, 2, 1, 4, 1, 3, 2, 4, 1, 3, 4, 2, 2, 4, 2, 2, 4, 1, 1, 2, 3, 3, 4, 2, 4, 3, 1, 3, 4, 1, 3, 4, 2, 4, 2, 2, 1, 3, 3, 1, 2, 1, 1, 1, 2, 3, 1, 4, 3, 1, 2, 4, 3, 3, 3, 4, 2, 1, 3, 2, 2, 4, 1, 1, 3] [7, 5, 7, 6, 3, 5, 6, 8, 5, 6, 6, 8, 6, 8, 5, 7, 4, 4, 6, 5, 7, 6, 7, 5, 7, 8, 4, 4, 8, 4, 6, 8, 4, 5, 4, 7, 6, 8, 6, 7, 6, 4, 6, 6, 4, 7, 7, 4, 7, 6, 4, 3, 7, 6, 5, 5, 5, 5, 3, 4, 5, 3, 8, 6, 3, 6, 6, 6, 7, 7, 7, 4, 5, 7, 6, 4, 7, 4, 5, 7]
A_3 6.25 A 3 [2, 2, 3, 2, 3, 1, 4, 2, 1, 1, 1, 1, 1, 4, 4, 2, 3, 4, 1, 2, 3, 1, 2, 1, 2, 1, 2, 2, 3, 3, 3, 2, 1, 2, 3, 2, 3, 4, 2, 4, 2, 4, 2, 2, 3, 1, 3, 3, 3, 4, 4, 3, 2, 1, 3, 4, 3, 4, 4, 2, 4, 1, 3, 4, 2, 3, 2, 3, 2, 1, 4, 4, 3, 1, 1, 4, 3, 4, 1, 2] [4, 6, 6, 6, 5, 5, 7, 5, 3, 5, 5, 4, 5, 6, 7, 4, 7, 8, 4, 4, 6, 3, 5, 4, 6, 3, 6, 4, 5, 5, 6, 5, 3, 6, 6, 6, 7, 6, 6, 8, 4, 6, 6, 5, 5, 3, 7, 7, 6, 6, 8, 7, 4, 4, 5, 6, 6, 7, 7, 5, 6, 5, 6, 6, 5, 6, 5, 7, 4, 5, 8, 6, 5, 3, 4, 7, 6, 8, 3, 4]
A_4 7.25 A 4 [4, 1, 1, 3, 4, 3, 2, 2, 2, 3, 1, 3, 3, 2, 3, 1, 1, 1, 3, 2, 2, 3, 1, 1, 3, 4, 1, 4, 4, 1, 3, 3, 2, 1, 1, 3, 3, 1, 3, 1, 1, 4, 2, 4, 1, 4, 2, 1, 4, 2, 2, 3, 1, 4, 2, 4, 3, 4, 1, 4, 4, 4, 4, 1, 3, 4, 1, 2, 3, 3, 4, 2, 2, 2, 4, 2, 4, 1, 4, 2] [8, 3, 3, 5, 6, 6, 6, 6, 6, 7, 3, 7, 5, 5, 5, 3, 4, 3, 6, 4, 6, 6, 4, 4, 6, 8, 4, 8, 8, 5, 5, 5, 4, 4, 3, 7, 6, 4, 5, 3, 5, 8, 4, 8, 5, 8, 5, 5, 8, 4, 4, 5, 4, 6, 4, 7, 5, 6, 5, 8, 6, 8, 8, 4, 6, 8, 5, 6, 7, 6, 7, 4, 5, 5, 8, 4, 7, 3, 6, 6]
A_5 8.25 A 5 [2, 1, 2, 1, 3, 4, 3, 1, 3, 2, 1, 3, 2, 4, 1, 1, 2, 1, 1, 4, 1, 3, 2, 4, 1, 3, 3, 1, 3, 2, 3, 4, 2, 3, 1, 1, 1, 4, 4, 4, 1, 4, 3, 3, 2, 3, 1, 1, 4, 4, 2, 4, 4, 2, 2, 1, 4, 3, 3, 3, 1, 2, 3, 3, 4, 3, 4, 1, 1, 1, 1, 1, 1, 3, 2, 4, 3, 4, 1, 4] [5, 4, 5, 5, 6, 6, 7, 4, 7, 4, 4, 7, 6, 6, 3, 4, 4, 3, 4, 7, 3, 5, 5, 7, 3, 5, 7, 4, 6, 6, 5, 6, 5, 6, 3, 3, 3, 6, 7, 6, 3, 8, 6, 7, 6, 7, 4, 3, 6, 8, 5, 7, 8, 5, 6, 4, 7, 5, 7, 6, 4, 5, 7, 6, 7, 6, 7, 4, 4, 3, 4, 3, 4, 5, 5, 6, 7, 8, 3, 8]
A_6 9.25 A 6 [3, 1, 4, 4, 2, 3, 1, 2, 2, 4, 2, 1, 4, 4, 3, 4, 2, 1, 1, 4, 4, 1, 4, 3, 2, 3, 2, 1, 4, 1, 1, 4, 4, 4, 2, 4, 2, 1, 2, 3, 1, 1, 2, 2, 3, 2, 4, 1, 2, 4, 2, 1, 4, 4, 4, 3, 1, 3, 3, 3, 4, 1, 3, 2, 3, 4, 3, 1, 3, 1, 2, 3, 2, 3, 1, 4, 1, 2, 1, 3] [7, 3, 6, 7, 6, 7, 3, 6, 5, 7, 5, 5, 6, 6, 7, 7, 5, 4, 5, 7, 7, 5, 6, 6, 4, 7, 6, 4, 7, 3, 3, 6, 7, 7, 6, 6, 4, 4, 5, 5, 5, 3, 5, 5, 5, 4, 8, 3, 4, 7, 6, 3, 7, 8, 8, 5, 3, 5, 6, 5, 6, 4, 6, 5, 5, 8, 6, 5, 5, 4, 6, 6, 5, 6, 5, 6, 4, 5, 3, 6]
A_7 10.25 A 7 [1, 3, 4, 2, 2, 1, 2, 2, 4, 3, 2, 2, 4, 1, 3, 3, 1, 3, 3, 2, 1, 4, 3, 3, 2, 2, 1, 2, 4, 1, 3, 3, 2, 3, 1, 4, 1, 3, 1, 2, 3, 1, 3, 2, 3, 1, 2, 2, 3, 1, 2, 1, 1, 3, 3, 2, 3, 1, 2, 3, 1, 4, 1, 3, 3, 4, 3, 2, 1, 2, 2, 4, 1, 2, 1, 2, 3, 4, 1, 1] [3, 5, 8, 5, 6, 4, 6, 5, 6, 6, 4, 6, 8, 5, 7, 6, 5, 7, 6, 5, 4, 6, 7, 7, 6, 4, 4, 5, 7, 5, 7, 6, 6, 7, 3, 8, 4, 6, 5, 4, 5, 3, 7, 5, 7, 3, 6, 4, 5, 4, 4, 4, 3, 5, 5, 5, 5, 4, 6, 5, 3, 6, 5, 7, 5, 7, 6, 4, 3, 5, 6, 6, 5, 5, 3, 6, 7, 6, 3, 3]
A_8 11.25 A 8 [2, 3, 2, 1, 2, 3, 2, 4, 1, 1, 2, 4, 1, 2, 2, 3, 4, 1, 2, 2, 1, 4, 2, 1, 3, 1, 2, 2, 4, 1, 2, 4, 4, 4, 4, 1, 2, 1, 2, 1, 2, 4, 1, 2, 3, 4, 1, 1, 1, 2, 2, 4, 4, 2, 1, 3, 2, 4, 1, 3, 4, 3, 2, 3, 3, 3, 2, 3, 1, 4, 1, 2, 4, 2, 1, 1, 1, 3, 4, 2] [5, 5, 5, 3, 6, 7, 5, 6, 4, 4, 6, 8, 4, 5, 4, 6, 7, 3, 6, 4, 5, 7, 5, 4, 5, 3, 6, 5, 8, 4, 4, 8, 7, 7, 8, 5, 4, 5, 6, 3, 5, 6, 4, 6, 5, 8, 3, 5, 3, 6, 4, 8, 6, 5, 3, 6, 4, 6, 5, 5, 8, 5, 5, 5, 6, 6, 5, 7, 5, 7, 4, 4, 8, 4, 3, 4, 4, 5, 6, 5]
A_9 16.09 A 9 [1, 4, 4, 1, 3, 2, 4, 3, 1, 3, 2, 1, 4, 1, 4, 3, 3, 4, 4, 4, 3, 1, 1, 1, 1, 2, 2, 4, 3, 2, 1, 3, 2, 4, 3, 3, 2, 3, 3, 3, 4, 3, 3, 4, 4, 4, 1, 1, 1, 4, 2, 4, 1, 2, 3, 3, 2, 2, 2, 3, 1, 4, 4, 3, 4, 3, 4, 3, 3, 3, 3, 3, 4, 1, 2, 1, 1, 3, 2, 2] [4, 8, 6, 5, 7, 4, 7, 6, 4, 6, 6, 4, 8, 5, 6, 6, 6, 6, 7, 7, 6, 3, 4, 3, 3, 5, 4, 6, 6, 6, 4, 5, 5, 7, 7, 5, 5, 7, 5, 7, 6, 7, 7, 6, 6, 8, 3, 4, 5, 6, 5, 8, 3, 4, 6, 7, 6, 5, 5, 7, 5, 7, 6, 7, 7, 5, 7, 5, 6, 7, 7, 6, 7, 5, 5, 3, 3, 6, 6, 5]
A_10 17.09 A 10 [3, 2, 4, 1, 1, 1, 2, 2, 2, 2, 1, 2, 3, 1, 2, 1, 3, 3, 2, 2, 3, 3, 3, 4, 4, 1, 1, 2, 3, 3, 3, 2, 3, 4, 3, 4, 3, 1, 3, 3, 2, 3, 4, 4, 3, 1, 3, 1, 1, 3, 4, 2, 2, 1, 1, 3, 2, 1, 3, 2, 2, 1, 4, 2, 3, 4, 2, 2, 1, 2, 1, 2, 4, 3, 1, 3, 1, 4, 2, 4] [5, 5, 6, 5, 3, 4, 5, 4, 6, 6, 3, 4, 6, 5, 5, 4, 6, 6, 5, 5, 7, 6, 6, 7, 6, 5, 5, 5, 5, 6, 5, 4, 5, 6, 5, 6, 6, 3, 6, 6, 5, 6, 7, 6, 6, 3, 6, 4, 4, 6, 8, 6, 5, 5, 5, 6, 4, 5, 7, 6, 4, 4, 7, 6, 6, 6, 5, 5, 5, 4, 5, 6, 7, 6, 3, 7, 4, 6, 6, 7]
A_11 18.09 A 11 [1, 3, 4, 1, 3, 3, 1, 2, 4, 1, 2, 1, 2, 4, 3, 3, 1, 3, 2, 3, 2, 2, 2, 4, 3, 1, 4, 3, 2, 1, 4, 1, 2, 4, 1, 4, 2, 2, 4, 2, 1, 1, 4, 2, 4, 1, 3, 4, 4, 1, 2, 3, 1, 1, 3, 3, 2, 2, 2, 3, 3, 3, 1, 3, 2, 3, 3, 3, 3, 3, 1, 1, 4, 1, 4, 1, 3, 4, 1, 2] [4, 5, 8, 4, 7, 7, 5, 6, 8, 4, 4, 4, 4, 7, 6, 7, 4, 6, 5, 5, 5, 4, 4, 8, 7, 5, 8, 5, 5, 5, 7, 3, 6, 8, 5, 6, 4, 6, 7, 4, 4, 4, 7, 4, 6, 5, 5, 8, 7, 5, 4, 6, 4, 4, 7, 7, 5, 5, 4, 6, 5, 7, 5, 6, 6, 6, 5, 7, 6, 5, 4, 4, 6, 5, 8, 5, 7, 7, 4, 5]
A_12 19.62 A 12 [1, 3, 2, 1, 3, 2, 4, 4, 1, 4, 3, 2, 1, 4, 4, 1, 1, 3, 3, 2, 4, 3, 3, 2, 1, 3, 2, 3, 1, 3, 1, 2, 4, 3, 4, 2, 2, 2, 1, 1, 4, 2, 3, 4, 3, 1, 4, 2, 4, 3, 1, 1, 4, 2, 2, 3, 4, 4, 3, 4, 2, 2, 3, 2, 1, 1, 1, 1, 4, 3, 3, 2, 3, 4, 3, 4, 2, 4, 4, 2] [5, 5, 6, 5, 5, 6, 6, 8, 4, 8, 6, 4, 3, 8, 8, 3, 3, 5, 6, 6, 7, 6, 6, 4, 5, 5, 6, 6, 5, 6, 3, 5, 6, 6, 6, 5, 5, 6, 3, 5, 8, 4, 7, 6, 5, 4, 7, 4, 7, 6, 3, 4, 6, 5, 5, 6, 7, 6, 5, 7, 6, 6, 5, 5, 3, 4, 5, 4, 6, 7, 7, 5, 7, 7, 6, 7, 5, 7, 8, 4]
A_13 20.62 A 13 [2, 4, 4, 4, 2, 4, 4, 1, 2, 1, 1, 4, 4, 1, 4, 3, 4, 1, 4, 1, 2, 1, 2, 3, 4, 3, 2, 2, 4, 2, 1, 3, 4, 4, 1, 1, 1, 4, 1, 3, 3, 3, 4, 3, 2, 2, 2, 4, 2, 3, 4, 1, 2, 1, 2, 3, 4, 3, 3, 1, 2, 2, 4, 1, 2, 3, 1, 3, 3, 3, 1, 4, 4, 1, 2, 1, 3, 3, 4, 3] [6, 8, 8, 6, 5, 6, 6, 5, 5, 5, 5, 7, 8, 5, 6, 6, 6, 3, 8, 5, 5, 5, 6, 6, 6, 5, 4, 5, 6, 6, 3, 5, 7, 6, 5, 4, 4, 8, 3, 5, 6, 7, 6, 6, 4, 4, 4, 7, 5, 6, 8, 4, 6, 4, 5, 5, 7, 5, 5, 4, 5, 4, 7, 3, 5, 7, 5, 7, 7, 7, 5, 6, 8, 5, 4, 4, 6, 7, 6, 6]
A_14 22.130000000000003 A 14 [2, 4, 1, 4, 3, 1, 3, 3, 2, 4, 2, 3, 4, 4, 2, 3, 4, 1, 2, 2, 1, 3, 1, 4, 4, 1, 1, 3, 1, 3, 2, 3, 4, 3, 1, 4, 2, 4, 2, 3, 3, 3, 1, 2, 3, 3, 3, 3, 1, 1, 3, 3, 2, 1, 3, 2, 4, 4, 2, 4, 4, 3, 4, 3, 1, 1, 2, 3, 4, 1, 4, 2, 1, 1, 2, 2, 1, 1, 1, 1] [4, 7, 5, 7, 5, 3, 7, 7, 4, 6, 5, 6, 8, 6, 5, 5, 6, 4, 5, 4, 5, 7, 3, 8, 7, 5, 4, 6, 4, 5, 4, 6, 7, 7, 3, 8, 5, 8, 4, 5, 6, 7, 5, 6, 7, 5, 7, 7, 4, 3, 5, 6, 4, 4, 7, 4, 8, 6, 6, 6, 6, 7, 6, 5, 3, 4, 6, 6, 8, 3, 6, 4, 3, 3, 6, 6, 5, 3, 3, 3]
A_15 23.130000000000003 A 15 [1, 2, 3, 2, 1, 1, 4, 3, 3, 3, 1, 3, 1, 3, 3, 2, 4, 1, 1, 1, 1, 4, 1, 1, 3, 4, 2, 1, 3, 3, 4, 4, 1, 3, 3, 2, 2, 4, 3, 1, 4, 2, 1, 1, 1, 3, 2, 3, 3, 1, 1, 3, 2, 2, 4, 3, 2, 1, 3, 3, 4, 2, 2, 3, 4, 4, 1, 1, 3, 1, 2, 3, 4, 3, 2, 1, 3, 3, 4, 2] [5, 4, 7, 4, 3, 4, 7, 6, 6, 6, 4, 7, 3, 6, 5, 6, 8, 5, 5, 5, 4, 8, 5, 4, 5, 6, 4, 4, 6, 5, 7, 7, 4, 7, 5, 5, 4, 7, 7, 4, 8, 4, 4, 3, 3, 6, 4, 6, 5, 3, 5, 6, 6, 6, 8, 7, 6, 3, 7, 7, 7, 4, 5, 5, 6, 8, 3, 4, 5, 4, 6, 5, 7, 5, 6, 5, 7, 5, 8, 6]
A_16 27.500000000000004 A 16 [1, 2, 2, 3, 1, 2, 2, 1, 4, 3, 3, 1, 1, 4, 4, 4, 2, 4, 1, 2, 3, 3, 2, 4, 1, 2, 3, 1, 2, 4, 1, 3, 3, 4, 2, 3, 2, 4, 3, 3, 2, 4, 4, 1, 1, 3, 2, 2, 2, 4, 2, 4, 4, 3, 1, 4, 3, 2, 1, 2, 3, 1, 4, 1, 3, 4, 3, 2, 4, 3, 2, 3, 4, 4, 1, 2, 4, 1, 4, 1] [3, 4, 4, 7, 4, 4, 5, 5, 7, 6, 6, 4, 3, 6, 6, 8, 5, 8, 4, 5, 5, 5, 4, 6, 3, 5, 7, 4, 4, 8, 5, 7, 5, 6, 6, 7, 5, 8, 5, 6, 6, 7, 7, 4, 3, 5, 4, 5, 6, 7, 4, 6, 8, 5, 5, 6, 5, 5, 4, 6, 6, 4, 6, 3, 6, 6, 5, 6, 8, 7, 6, 6, 6, 8, 3, 6, 8, 3, 6, 5]
A_17 29.700000000000003 A 17 [4, 4, 1, 4, 1, 1, 1, 3, 1, 4, 3, 3, 3, 1, 1, 1, 4, 4, 4, 4, 2, 1, 1, 2, 1, 3, 1, 3, 1, 1, 3, 2, 1, 4, 2, 1, 2, 1, 4, 3, 1, 4, 4, 1, 4, 4, 4, 4, 1, 3, 1, 4, 3, 4, 2, 2, 1, 1, 3, 1, 4, 1, 4, 1, 3, 3, 3, 3, 3, 4, 2, 1, 2, 1, 4, 3, 1, 2, 4, 3] [7, 6, 4, 8, 3, 3, 4, 7, 3, 6, 6, 6, 5, 3, 4, 5, 8, 7, 8, 7, 4, 4, 4, 6, 5, 7, 3, 6, 5, 4, 6, 4, 4, 7, 4, 3, 5, 3, 8, 6, 3, 7, 7, 4, 8, 6, 6, 7, 4, 5, 5, 6, 5, 7, 6, 4, 5, 3, 6, 4, 6, 3, 8, 4, 5, 5, 6, 5, 6, 8, 4, 4, 4, 4, 7, 6, 3, 4, 8, 7]
A_18 32.92 A 18 [1, 4, 4, 1, 3, 1, 1, 3, 2, 4, 2, 2, 3, 4, 2, 1, 1, 4, 2, 2, 2, 1, 1, 1, 3, 3, 2, 4, 4, 1, 1, 3, 3, 2, 3, 3, 1, 1, 1, 2, 3, 1, 1, 3, 1, 1, 1, 2, 3, 4, 4, 1, 2, 1, 2, 3, 2, 2, 4, 1, 2, 1, 3, 2, 1, 4, 2, 2, 3, 2, 1, 3, 4, 4, 1, 3, 1, 4, 2, 2] [4, 8, 6, 4, 6, 4, 5, 6, 6, 7, 5, 5, 6, 8, 5, 5, 4, 8, 6, 6, 6, 3, 4, 4, 5, 7, 6, 8, 6, 5, 5, 7, 5, 5, 7, 6, 3, 4, 3, 4, 5, 5, 3, 6, 5, 5, 4, 5, 6, 7, 6, 4, 6, 3, 6, 6, 4, 5, 7, 3, 5, 4, 7, 5, 4, 6, 4, 6, 6, 6, 5, 5, 8, 7, 5, 5, 3, 7, 6, 5]
A_19 33.92 A 19 [3, 3, 1, 2, 2, 4, 4, 2, 2, 4, 2, 3, 2, 1, 2, 1, 2, 4, 2, 3, 4, 1, 1, 1, 2, 4, 2, 4, 2, 4, 2, 1, 3, 1, 3, 2, 2, 2, 2, 3, 3, 2, 3, 4, 3, 3, 3, 3, 3, 4, 4, 3, 2, 1, 3, 1, 1, 3, 1, 1, 1, 2, 2, 4, 4, 2, 3, 1, 1, 3, 4, 2, 2, 3, 4, 4, 3, 1, 4, 4] [6, 6, 5, 4, 4, 7, 7, 5, 4, 7, 5, 5, 6, 5, 4, 5, 5, 7, 6, 5, 7, 3, 4, 3, 4, 6, 4, 8, 5, 8, 6, 5, 7, 3, 7, 6, 5, 5, 5, 6, 7, 4, 5, 6, 5, 5, 6, 6, 5, 8, 7, 5, 5, 3, 7, 4, 5, 7, 4, 5, 3, 6, 6, 8, 8, 6, 7, 4, 5, 7, 8, 4, 4, 7, 6, 8, 7, 3, 8, 8]
A_20 35.79 A 20 [1, 1, 3, 3, 2, 1, 4, 1, 1, 3, 3, 2, 4, 2, 1, 1, 3, 2, 2, 4, 1, 3, 2, 1, 4, 1, 2, 3, 3, 3, 3, 2, 2, 3, 2, 4, 4, 3, 2, 1, 4, 4, 1, 3, 2, 1, 3, 4, 3, 3, 3, 4, 2, 1, 1, 2, 3, 2, 1, 2, 1, 4, 3, 1, 2, 1, 3, 3, 3, 2, 1, 4, 2, 1, 1, 2, 3, 3, 4, 1] [5, 4, 7, 6, 6, 3, 7, 4, 5, 6, 7, 5, 7, 5, 5, 4, 5, 4, 6, 7, 5, 5, 5, 5, 6, 3, 6, 5, 5, 5, 6, 6, 4, 7, 5, 6, 7, 5, 6, 5, 7, 8, 5, 5, 6, 5, 5, 8, 6, 7, 6, 6, 6, 3, 4, 5, 6, 5, 3, 4, 5, 8, 5, 5, 5, 5, 5, 7, 7, 6, 5, 6, 6, 4, 3, 5, 7, 6, 8, 5]
A_21 37.269999999999996 A 21 [4, 3, 2, 1, 3, 3, 1, 4, 4, 1, 3, 2, 3, 1, 3, 4, 3, 1, 1, 1, 3, 1, 3, 1, 3, 4, 3, 1, 3, 3, 1, 2, 4, 3, 3, 3, 2, 2, 3, 4, 4, 1, 3, 1, 1, 2, 3, 4, 3, 3, 3, 3, 4, 3, 2, 1, 3, 1, 1, 4, 1, 2, 1, 4, 4, 1, 1, 3, 3, 2, 3, 2, 4, 4, 4, 2, 2, 1, 1, 1] [7, 7, 6, 3, 6, 5, 5, 6, 7, 3, 6, 4, 6, 5, 7, 8, 5, 4, 3, 3, 5, 4, 5, 3, 7, 6, 7, 4, 7, 7, 3, 5, 8, 6, 6, 5, 4, 4, 7, 8, 7, 3, 5, 5, 5, 5, 6, 7, 7, 7, 7, 7, 8, 7, 6, 3, 7, 4, 3, 7, 3, 6, 4, 6, 7, 3, 4, 6, 5, 4, 7, 5, 8, 7, 8, 5, 4, 5, 4, 4]
A_22 41.17999999999999 A 22 [2, 2, 4, 2, 1, 2, 4, 3, 2, 1, 3, 2, 3, 2, 1, 1, 2, 1, 1, 1, 2, 3, 3, 4, 1, 4, 1, 3, 3, 1, 1, 4, 2, 4, 3, 2, 4, 4, 1, 2, 2, 1, 2, 1, 3, 4, 4, 3, 2, 1, 1, 2, 2, 3, 2, 1, 1, 1, 4, 3, 1, 2, 1, 2, 4, 2, 4, 2, 2, 4, 1, 1, 4, 4, 3, 4, 2, 3, 3, 3] [5, 6, 7, 5, 4, 5, 6, 7, 5, 4, 6, 4, 6, 6, 3, 5, 4, 4, 4, 4, 5, 5, 6, 6, 5, 6, 5, 7, 6, 5, 4, 6, 4, 6, 7, 6, 6, 8, 3, 5, 5, 4, 6, 5, 7, 7, 6, 6, 6, 5, 3, 4, 6, 5, 4, 5, 4, 4, 7, 5, 3, 6, 3, 6, 6, 6, 8, 4, 6, 6, 4, 5, 6, 7, 6, 7, 4, 5, 7, 7]
A_23 42.17999999999999 A 23 [2, 2, 1, 1, 1, 4, 3, 3, 1, 1, 4, 4, 2, 3, 4, 1, 4, 2, 1, 1, 1, 1, 4, 1, 1, 1, 3, 4, 2, 4, 3, 4, 3, 1, 3, 4, 2, 3, 3, 2, 1, 2, 2, 1, 4, 1, 2, 1, 4, 3, 4, 4, 2, 3, 2, 4, 4, 3, 2, 2, 3, 4, 2, 2, 3, 3, 4, 4, 3, 1, 3, 2, 4, 1, 3, 4, 4, 3, 4, 3] [5, 5, 5, 4, 4, 7, 6, 7, 4, 3, 7, 8, 4, 6, 8, 4, 6, 6, 4, 3, 5, 3, 6, 4, 3, 4, 6, 8, 6, 7, 6, 6, 7, 4, 5, 7, 6, 6, 6, 6, 4, 5, 5, 5, 8, 3, 4, 4, 7, 7, 8, 8, 5, 5, 4, 8, 7, 6, 4, 6, 5, 7, 5, 5, 6, 7, 6, 8, 7, 4, 6, 5, 7, 3, 7, 8, 8, 7, 8, 7]
A_24 43.17999999999999 A 24 [1, 1, 3, 2, 3, 1, 2, 2, 3, 1, 4, 3, 1, 4, 4, 3, 1, 1, 3, 2, 4, 3, 1, 1, 3, 4, 4, 4, 2, 4, 1, 4, 2, 4, 4, 4, 2, 2, 1, 4, 2, 2, 2, 2, 2, 1, 2, 2, 4, 1, 2, 1, 3, 3, 3, 2, 4, 1, 1, 2, 2, 4, 1, 3, 4, 3, 4, 4, 3, 4, 4, 3, 1, 4, 3, 1, 2, 2, 2, 1] [3, 3, 7, 6, 6, 3, 4, 6, 5, 3, 6, 7, 5, 6, 7, 5, 3, 5, 5, 4, 6, 7, 5, 3, 7, 8, 6, 8, 5, 8, 5, 8, 6, 6, 7, 7, 5, 6, 4, 8, 5, 4, 6, 6, 5, 3, 5, 5, 6, 5, 5, 3, 6, 5, 6, 4, 6, 5, 5, 6, 5, 6, 4, 7, 7, 5, 8, 7, 5, 6, 8, 6, 4, 7, 6, 4, 6, 4, 4, 4]
A_25 44.25999999999999 A 25 [1, 3, 4, 1, 4, 3, 3, 2, 1, 2, 1, 1, 3, 3, 1, 4, 2, 3, 3, 4, 1, 4, 4, 1, 4, 2, 1, 1, 1, 1, 4, 1, 4, 2, 1, 2, 4, 1, 2, 2, 1, 4, 3, 4, 3, 4, 3, 2, 3, 3, 1, 3, 2, 2, 1, 1, 3, 1, 2, 2, 3, 2, 2, 1, 1, 3, 4, 3, 3, 2, 1, 3, 2, 3, 1, 4, 1, 2, 2, 2] [3, 5, 8, 3, 8, 5, 7, 4, 3, 5, 5, 5, 5, 5, 5, 6, 5, 7, 7, 6, 3, 6, 6, 4, 8, 6, 3, 3, 3, 4, 7, 4, 8, 6, 4, 4, 8, 5, 5, 4, 3, 6, 5, 6, 6, 6, 7, 6, 6, 7, 5, 6, 4, 6, 5, 5, 5, 4, 4, 6, 7, 4, 4, 3, 5, 7, 6, 6, 7, 6, 5, 7, 5, 7, 3, 7, 5, 4, 4, 5]
A_26 46.16999999999999 A 26 [4, 3, 2, 2, 1, 3, 2, 1, 2, 2, 1, 4, 2, 2, 1, 2, 3, 1, 2, 2, 2, 3, 1, 3, 4, 1, 2, 4, 3, 4, 1, 4, 3, 2, 2, 2, 3, 1, 1, 1, 2, 3, 3, 2, 2, 1, 4, 1, 3, 2, 4, 4, 1, 3, 2, 4, 1, 1, 2, 4, 2, 4, 4, 1, 3, 2, 2, 4, 1, 2, 1, 2, 1, 3, 2, 4, 2, 4, 2, 2] [7, 7, 4, 6, 4, 7, 6, 4, 6, 4, 5, 8, 6, 4, 4, 4, 7, 3, 6, 4, 6, 7, 5, 6, 6, 3, 4, 6, 5, 8, 3, 7, 5, 6, 5, 5, 6, 3, 5, 4, 5, 5, 6, 6, 5, 3, 8, 5, 6, 5, 8, 7, 4, 5, 6, 8, 5, 3, 5, 8, 6, 8, 7, 4, 7, 6, 6, 6, 4, 5, 5, 5, 4, 5, 4, 8, 4, 8, 4, 6]
A_27 47.16999999999999 A 27 [4, 2, 2, 2, 4, 1, 1, 2, 2, 4, 2, 3, 3, 2, 3, 1, 1, 3, 4, 4, 3, 1, 3, 4, 4, 1, 4, 1, 2, 3, 1, 2, 4, 2, 4, 1, 4, 1, 4, 1, 2, 1, 4, 2, 2, 2, 1, 2, 4, 4, 4, 3, 2, 1, 1, 1, 4, 1, 1, 1, 2, 3, 4, 4, 2, 4, 2, 2, 4, 2, 4, 3, 1, 1, 2, 1, 4, 4, 1, 4] [8, 5, 4, 4, 8, 4, 4, 5, 5, 6, 5, 5, 6, 5, 6, 4, 4, 6, 8, 8, 5, 4, 7, 8, 8, 3, 6, 5, 5, 6, 5, 5, 6, 5, 7, 5, 8, 5, 7, 4, 4, 5, 6, 4, 6, 6, 3, 6, 7, 7, 7, 6, 5, 4, 3, 4, 8, 3, 4, 5, 5, 6, 7, 7, 5, 8, 6, 5, 6, 5, 8, 5, 5, 4, 6, 5, 8, 7, 5, 6]
A_28 49.09999999999999 A 28 [3, 4, 4, 3, 4, 3, 4, 4, 4, 3, 3, 2, 1, 4, 1, 3, 2, 1, 4, 2, 3, 3, 3, 2, 2, 1, 3, 2, 1, 4, 3, 2, 3, 1, 1, 3, 2, 1, 4, 3, 1, 4, 1, 3, 2, 1, 2, 1, 2, 1, 1, 2, 1, 3, 3, 1, 2, 3, 3, 4, 3, 2, 3, 1, 1, 4, 4, 1, 2, 2, 2, 4, 3, 3, 1, 1, 3, 4, 2, 3] [5, 6, 8, 5, 8, 6, 7, 7, 8, 6, 5, 5, 5, 6, 4, 6, 4, 5, 6, 5, 5, 7, 6, 6, 5, 3, 5, 5, 4, 8, 6, 4, 5, 3, 5, 5, 6, 5, 8, 6, 3, 7, 3, 6, 4, 4, 4, 5, 4, 5, 4, 6, 4, 6, 5, 4, 4, 7, 5, 8, 5, 6, 7, 4, 5, 7, 6, 5, 4, 5, 6, 7, 7, 5, 5, 5, 6, 8, 6, 7]
A_29 51.34999999999999 A 29 [2, 2, 2, 3, 1, 2, 1, 1, 1, 2, 3, 1, 3, 2, 3, 3, 4, 1, 1, 4, 3, 3, 1, 4, 4, 1, 4, 3, 4, 2, 4, 1, 4, 1, 2, 4, 4, 1, 3, 4, 2, 1, 1, 2, 1, 3, 2, 1, 4, 3, 2, 1, 4, 1, 4, 4, 3, 2, 2, 2, 4, 3, 2, 3, 2, 4, 3, 4, 1, 3, 2, 2, 4, 2, 1, 1, 3, 1, 4, 4] [6, 5, 4, 5, 5, 6, 3, 5, 4, 6, 6, 5, 6, 6, 5, 5, 8, 4, 5, 8, 5, 7, 5, 7, 8, 4, 8, 6, 8, 4, 6, 5, 8, 5, 6, 6, 7, 4, 5, 7, 5, 3, 5, 6, 4, 5, 6, 3, 8, 6, 6, 3, 8, 3, 7, 8, 5, 5, 4, 6, 6, 7, 6, 6, 6, 6, 5, 6, 3, 7, 4, 6, 8, 6, 5, 5, 6, 3, 6, 6]
A_30 52.37999999999999 A 30 [4, 1, 2, 3, 3, 3, 1, 3, 2, 1, 3, 4, 1, 1, 2, 4, 1, 3, 1, 2, 3, 1, 1, 3, 1, 4, 1, 1, 3, 4, 2, 1, 3, 2, 4, 2, 3, 4, 4, 1, 1, 2, 3, 4, 3, 4, 2, 3, 4, 4, 2, 2, 2, 2, 4, 2, 1, 3, 2, 3, 3, 2, 4, 3, 2, 3, 4, 2, 4, 3, 3, 2, 2, 1, 2, 3, 1, 1, 3, 1] [8, 3, 6, 6, 5, 5, 3, 7, 4, 4, 5, 7, 3, 3, 4, 7, 5, 6, 5, 6, 6, 3, 4, 6, 5, 7, 3, 5, 6, 6, 4, 4, 6, 6, 6, 6, 6, 6, 7, 3, 5, 4, 5, 7, 5, 8, 6, 6, 7, 8, 4, 4, 5, 5, 8, 4, 5, 6, 5, 5, 6, 4, 6, 6, 6, 6, 6, 5, 7, 6, 5, 6, 6, 5, 4, 5, 4, 4, 6, 3]
A_31 53.90999999999999 A 31 [2, 1, 4, 2, 3, 4, 4, 3, 4, 3, 2, 1, 2, 3, 3, 4, 3, 2, 3, 1, 2, 2, 4, 4, 4, 1, 4, 2, 2, 1, 1, 4, 1, 4, 2, 4, 3, 1, 1, 2, 4, 1, 4, 3, 2, 1, 1, 3, 4, 2, 4, 2, 4, 4, 2, 2, 2, 2, 1, 1, 3, 1, 1, 4, 1, 1, 2, 3, 1, 1, 4, 4, 2, 1, 2, 2, 2, 2, 3, 1] [4, 3, 8, 5, 5, 6, 6, 6, 8, 5, 4, 3, 5, 5, 6, 7, 7, 4, 7, 5, 6, 5, 6, 6, 8, 4, 7, 5, 4, 5, 4, 6, 3, 6, 5, 8, 7, 5, 4, 4, 8, 4, 8, 6, 5, 5, 3, 6, 7, 6, 6, 5, 7, 6, 4, 5, 5, 6, 3, 3, 6, 4, 5, 8, 3, 5, 4, 7, 5, 4, 7, 6, 4, 5, 6, 4, 4, 6, 7, 4]
A_32 55.01999999999999 A 32 [3, 3, 1, 1, 2, 2, 4, 2, 4, 2, 3, 2, 4, 4, 4, 1, 3, 1, 3, 3, 2, 4, 2, 3, 2, 4, 3, 4, 3, 4, 3, 1, 2, 1, 2, 4, 1, 3, 4, 2, 3, 1, 1, 3, 3, 4, 4, 1, 1, 3, 3, 3, 2, 1, 2, 3, 4, 2, 4, 4, 2, 4, 2, 4, 1, 3, 1, 1, 3, 3, 2, 1, 3, 2, 3, 1, 1, 3, 2, 2] [5, 6, 4, 3, 4, 5, 7, 6, 7, 5, 5, 6, 6, 7, 7, 4, 5, 4, 5, 7, 4, 8, 4, 7, 6, 8, 5, 6, 5, 8, 6, 3, 5, 4, 5, 8, 4, 6, 8, 4, 6, 5, 5, 6, 6, 7, 7, 5, 4, 6, 5, 7, 4, 5, 4, 7, 7, 6, 8, 8, 4, 6, 4, 6, 3, 6, 3, 4, 5, 5, 4, 4, 6, 6, 6, 5, 4, 5, 4, 4]
A_33 56.499999999999986 A 33 [3, 3, 1, 2, 1, 3, 4, 3, 4, 4, 4, 4, 3, 4, 3, 3, 4, 4, 2, 1, 3, 3, 4, 1, 4, 2, 2, 2, 1, 1, 2, 4, 1, 3, 3, 4, 4, 4, 2, 3, 4, 3, 4, 4, 4, 4, 2, 3, 3, 4, 1, 2, 4, 3, 2, 2, 1, 1, 4, 1, 1, 1, 4, 3, 1, 2, 2, 3, 2, 4, 1, 3, 2, 1, 1, 2, 4, 4, 2, 1] [7, 5, 5, 6, 4, 6, 7, 7, 7, 7, 6, 8, 6, 6, 7, 7, 6, 7, 5, 3, 7, 6, 6, 4, 6, 6, 6, 5, 3, 5, 6, 6, 4, 7, 6, 7, 7, 7, 4, 7, 6, 6, 6, 6, 8, 8, 6, 6, 5, 7, 5, 5, 7, 7, 4, 4, 3, 3, 7, 5, 5, 4, 7, 7, 5, 4, 5, 7, 5, 6, 5, 7, 6, 4, 4, 6, 8, 8, 5, 5]
A_34 57.499999999999986 A 34 [4, 2, 2, 3, 1, 1, 2, 1, 4, 3, 3, 1, 4, 1, 1, 3, 2, 2, 3, 3, 2, 3, 3, 3, 4, 1, 2, 4, 1, 2, 4, 2, 2, 3, 4, 1, 1, 2, 4, 3, 2, 4, 4, 1, 2, 1, 1, 3, 3, 1, 1, 2, 1, 2, 4, 2, 3, 1, 2, 2, 3, 4, 4, 3, 2, 3, 4, 4, 1, 2, 1, 3, 4, 2, 4, 3, 2, 2, 1, 4] [8, 4, 4, 6, 3, 3, 6, 3, 8, 7, 5, 5, 6, 5, 3, 5, 6, 4, 7, 7, 5, 6, 7, 5, 7, 4, 5, 7, 5, 6, 6, 5, 5, 6, 6, 5, 4, 4, 6, 5, 5, 6, 7, 3, 5, 5, 5, 6, 7, 5, 3, 6, 4, 5, 8, 6, 5, 3, 5, 6, 5, 6, 7, 5, 6, 6, 6, 6, 5, 4, 3, 6, 7, 6, 7, 7, 6, 5, 3, 8]
A_35 60.929999999999986 A 35 [1, 4, 3, 2, 3, 1, 4, 4, 1, 3, 4, 4, 2, 1, 4, 2, 3, 1, 3, 2, 4, 3, 2, 4, 4, 2, 2, 1, 3, 4, 2, 4, 4, 4, 1, 3, 3, 1, 1, 3, 2, 1, 3, 2, 1, 2, 4, 4, 4, 2, 4, 4, 4, 4, 3, 3, 3, 1, 2, 2, 4, 4, 4, 2, 2, 3, 4, 2, 1, 1, 2, 2, 4, 3, 3, 3, 3, 4, 2, 3] [3, 6, 7, 6, 7, 3, 6, 8, 5, 5, 6, 6, 5, 4, 8, 5, 7, 3, 6, 6, 6, 5, 6, 7, 7, 4, 5, 5, 5, 6, 6, 8, 8, 7, 5, 5, 6, 4, 5, 6, 6, 3, 6, 5, 3, 5, 8, 8, 7, 5, 8, 8, 6, 6, 5, 5, 5, 4, 6, 4, 7, 8, 7, 4, 6, 7, 7, 5, 5, 5, 4, 5, 7, 5, 5, 6, 7, 7, 5, 6]
A_36 61.929999999999986 A 36 [4, 3, 3, 3, 3, 1, 2, 1, 2, 2, 3, 2, 2, 1, 2, 2, 2, 2, 1, 2, 4, 2, 4, 2, 2, 4, 3, 4, 2, 4, 3, 3, 1, 4, 1, 3, 2, 2, 1, 3, 2, 1, 1, 1, 2, 2, 2, 1, 2, 2, 2, 2, 3, 3, 2, 1, 2, 1, 3, 2, 4, 1, 3, 2, 2, 4, 1, 2, 1, 3, 3, 2, 4, 3, 3, 1, 3, 2, 4, 4] [8, 5, 6, 7, 6, 3, 4, 4, 4, 5, 6, 4, 5, 4, 5, 4, 5, 5, 3, 5, 7, 4, 6, 6, 5, 8, 6, 8, 6, 7, 6, 7, 4, 7, 4, 6, 4, 5, 4, 7, 4, 5, 5, 4, 6, 5, 5, 5, 6, 6, 4, 4, 5, 6, 6, 5, 5, 4, 6, 5, 7, 4, 7, 5, 4, 7, 3, 6, 3, 6, 6, 5, 8, 7, 5, 5, 5, 5, 8, 8]
A_37 64.40999999999998 A 37 [3, 3, 4, 4, 1, 4, 1, 3, 1, 3, 1, 2, 2, 4, 4, 4, 4, 1, 1, 2, 3, 2, 4, 3, 2, 1, 1, 1, 1, 1, 4, 1, 3, 4, 2, 1, 2, 1, 1, 3, 1, 1, 2, 2, 2, 1, 3, 1, 2, 2, 4, 1, 2, 1, 4, 3, 3, 2, 2, 2, 2, 2, 3, 2, 1, 4, 2, 2, 1, 2, 1, 2, 4, 3, 2, 3, 3, 4, 2, 2] [6, 7, 8, 6, 4, 6, 4, 6, 5, 7, 3, 6, 6, 8, 8, 7, 8, 3, 4, 5, 5, 4, 8, 6, 6, 5, 3, 5, 5, 4, 6, 5, 6, 7, 4, 4, 5, 5, 5, 5, 5, 4, 6, 5, 5, 3, 6, 3, 4, 4, 6, 3, 4, 5, 8, 7, 5, 5, 4, 4, 6, 6, 6, 5, 4, 6, 4, 5, 3, 4, 3, 6, 6, 7, 6, 6, 5, 6, 6, 6]
A_38 67.18999999999998 A 38 [1, 1, 2, 2, 3, 4, 2, 1, 2, 3, 3, 4, 1, 1, 2, 3, 3, 4, 1, 2, 2, 3, 1, 3, 1, 2, 1, 4, 4, 3, 4, 1, 4, 2, 4, 1, 1, 1, 1, 4, 1, 3, 4, 3, 1, 2, 3, 3, 4, 1, 3, 2, 1, 1, 2, 4, 2, 1, 2, 4, 1, 2, 3, 1, 3, 4, 4, 2, 2, 3, 4, 4, 4, 4, 3, 2, 3, 2, 3, 4] [4, 5, 6, 6, 5, 7, 5, 5, 6, 5, 6, 7, 3, 3, 4, 7, 5, 8, 3, 5, 6, 7, 3, 6, 4, 5, 5, 7, 8, 5, 7, 4, 8, 4, 6, 5, 4, 5, 4, 8, 5, 7, 8, 6, 3, 5, 6, 6, 8, 5, 7, 6, 5, 3, 6, 8, 6, 4, 6, 6, 4, 6, 7, 4, 5, 7, 6, 4, 5, 7, 8, 6, 6, 8, 5, 6, 5, 5, 5, 6]
A_39 69.00999999999998 A 39 [1, 2, 4, 4, 1, 4, 3, 2, 1, 3, 3, 2, 1, 3, 3, 1, 3, 3, 2, 3, 1, 4, 2, 2, 4, 2, 1, 1, 3, 4, 1, 2, 2, 3, 3, 3, 3, 3, 4, 3, 4, 3, 4, 4, 1, 4, 3, 4, 2, 2, 3, 3, 1, 1, 4, 2, 4, 4, 1, 4, 4, 2, 1, 2, 3, 3, 3, 1, 4, 4, 4, 1, 4, 1, 2, 2, 4, 3, 3, 3] [3, 5, 7, 8, 3, 6, 5, 4, 3, 7, 6, 4, 5, 5, 5, 4, 6, 6, 4, 6, 5, 8, 5, 6, 8, 4, 4, 4, 6, 7, 3, 4, 4, 7, 5, 6, 7, 5, 8, 5, 7, 6, 6, 7, 5, 6, 5, 6, 4, 4, 6, 5, 5, 5, 8, 6, 8, 7, 4, 7, 7, 5, 4, 4, 7, 6, 6, 3, 8, 6, 6, 5, 6, 3, 6, 6, 7, 7, 6, 5]
B_0 1 B 40 [3, 4, 3, 2, 1, 1, 1, 3, 2, 4, 2, 1, 4, 3, 3, 4, 2, 1, 3, 3, 4, 4, 2, 1, 2, 1, 2, 2, 1, 2, 1, 4, 3, 4, 2, 2, 2, 1, 1, 4, 4, 3, 4, 2, 2, 3, 1, 1, 3, 4, 3, 2, 1, 4, 3, 3, 3, 1, 1, 2, 4, 3, 4, 2, 3, 4, 2, 2, 2, 3, 2, 1, 4, 2, 3, 2, 2, 3, 2, 2] [7, 7, 6, 4, 5, 3, 5, 5, 5, 6, 5, 4, 8, 6, 6, 8, 6, 3, 5, 7, 7, 7, 5, 4, 5, 3, 5, 4, 3, 5, 5, 8, 6, 6, 5, 6, 4, 5, 5, 7, 7, 5, 7, 5, 6, 5, 5, 4, 6, 6, 5, 6, 5, 8, 5, 5, 5, 5, 3, 6, 7, 7, 8, 6, 7, 7, 5, 6, 5, 6, 4, 4, 6, 4, 7, 5, 5, 7, 6, 5]
B_1 2 B 41 [2, 4, 1, 4, 4, 4, 1, 1, 4, 3, 3, 1, 2, 3, 3, 2, 4, 4, 1, 2, 4, 1, 1, 2, 2, 4, 3, 1, 4, 1, 2, 1, 1, 3, 4, 1, 1, 1, 3, 3, 3, 2, 4, 3, 2, 2, 2, 1, 2, 4, 1, 2, 3, 4, 4, 3, 3, 3, 4, 4, 1, 1, 1, 2, 4, 3, 2, 1, 4, 1, 3, 3, 4, 4, 1, 3, 4, 2, 1, 2] [4, 6, 4, 6, 8, 8, 3, 3, 6, 7, 6, 4, 4, 7, 7, 4, 7, 7, 5, 4, 8, 3, 4, 5, 4, 6, 5, 5, 7, 3, 4, 4, 5, 6, 6, 3, 5, 4, 7, 6, 5, 4, 8, 5, 6, 4, 6, 5, 4, 6, 4, 5, 6, 7, 7, 6, 7, 6, 8, 8, 5, 3, 5, 6, 8, 6, 6, 3, 7, 3, 5, 6, 7, 7, 5, 6, 8, 5, 3, 5]
B_2 5.83 B 42 [3, 1, 3, 2, 2, 3, 2, 3, 1, 3, 4, 4, 3, 4, 1, 1, 4, 4, 1, 3, 1, 3, 2, 2, 2, 3, 3, 4, 1, 1, 3, 4, 1, 4, 4, 3, 1, 2, 4, 4, 4, 4, 3, 2, 4, 4, 1, 2, 1, 4, 2, 1, 3, 4, 1, 3, 1, 1, 3, 3, 4, 1, 3, 1, 3, 1, 1, 3, 2, 1, 3, 4, 2, 1, 3, 2, 3, 4, 2, 2] [5, 4, 6, 6, 4, 6, 5, 7, 4, 7, 7, 7, 7, 6, 5, 4, 7, 7, 3, 5, 5, 5, 6, 5, 6, 5, 6, 6, 3, 5, 5, 8, 5, 6, 7, 6, 5, 6, 8, 6, 7, 8, 5, 5, 6, 7, 3, 4, 3, 7, 5, 3, 7, 6, 4, 5, 4, 5, 7, 6, 7, 5, 6, 3, 7, 4, 5, 6, 4, 3, 6, 8, 4, 3, 6, 6, 6, 6, 5, 5]
B_3 7.390000000000001 B 43 [1, 3, 4, 2, 4, 3, 2, 2, 2, 4, 4, 2, 4, 3, 2, 1, 1, 1, 3, 4, 3, 1, 1, 1, 2, 4, 2, 2, 3, 2, 4, 3, 3, 4, 1, 2, 1, 2, 3, 4, 2, 3, 2, 3, 2, 2, 3, 2, 3, 3, 2, 2, 3, 4, 3, 3, 4, 2, 3, 4, 2, 3, 2, 1, 1, 3, 4, 4, 1, 4, 3, 3, 3, 2, 2, 1, 2, 3, 2, 3] [4, 7, 6, 5, 8, 7, 5, 5, 6, 6, 6, 4, 6, 6, 6, 3, 4, 4, 6, 6, 5, 5, 5, 5, 6, 6, 6, 4, 6, 6, 7, 6, 6, 6, 3, 5, 4, 5, 6, 7, 5, 5, 5, 5, 4, 4, 6, 6, 7, 6, 6, 4, 5, 7, 5, 7, 7, 4, 6, 8, 5, 7, 5, 4, 5, 6, 7, 7, 4, 6, 7, 7, 6, 4, 4, 5, 4, 7, 6, 7]
B_4 8.39 B 44 [4, 2, 1, 3, 1, 2, 3, 3, 3, 4, 3, 4, 3, 2, 3, 1, 1, 4, 1, 3, 2, 1, 3, 4, 2, 3, 2, 2, 2, 1, 3, 2, 3, 4, 2, 1, 2, 2, 1, 1, 2, 2, 4, 2, 4, 3, 3, 1, 2, 3, 2, 1, 1, 3, 4, 1, 1, 1, 4, 4, 1, 3, 1, 1, 4, 2, 3, 4, 1, 2, 3, 2, 2, 3, 1, 3, 1, 4, 4, 1] [7, 4, 4, 5, 5, 6, 5, 7, 5, 6, 6, 6, 5, 4, 7, 3, 3, 8, 5, 5, 6, 5, 7, 8, 5, 6, 5, 6, 4, 4, 5, 5, 6, 8, 5, 3, 6, 5, 3, 5, 6, 6, 6, 4, 7, 5, 5, 5, 6, 6, 6, 4, 3, 6, 7, 4, 5, 5, 6, 8, 5, 7, 4, 5, 8, 5, 6, 8, 3, 6, 6, 6, 5, 7, 5, 6, 5, 8, 7, 5]
B_5 11.84 B 45 [4, 1, 3, 1, 4, 3, 2, 1, 4, 4, 1, 1, 1, 2, 3, 3, 3, 4, 1, 3, 1, 2, 4, 1, 1, 4, 1, 2, 1, 3, 4, 1, 4, 4, 1, 2, 2, 1, 2, 4, 3, 2, 4, 2, 3, 1, 1, 2, 1, 2, 3, 4, 1, 3, 1, 4, 1, 3, 1, 2, 3, 1, 3, 4, 4, 1, 3, 4, 2, 1, 2, 2, 4, 3, 2, 4, 2, 2, 1, 1] [7, 3, 7, 3, 8, 7, 4, 3, 8, 8, 3, 5, 4, 4, 5, 6, 5, 6, 5, 5, 5, 5, 7, 3, 3, 6, 3, 6, 4, 5, 8, 5, 7, 8, 5, 5, 5, 3, 5, 6, 5, 4, 7, 4, 5, 5, 5, 4, 3, 6, 6, 7, 5, 6, 5, 7, 3, 6, 3, 6, 6, 5, 7, 6, 7, 4, 7, 7, 6, 5, 4, 5, 6, 5, 5, 7, 5, 6, 4, 3]
B_6 13.06 B 46 [1, 1, 4, 3, 2, 1, 4, 2, 1, 1, 3, 3, 4, 2, 3, 2, 2, 4, 1, 3, 3, 3, 4, 2, 2, 3, 4, 1, 2, 2, 2, 1, 4, 2, 1, 4, 2, 3, 3, 3, 1, 2, 1, 3, 3, 1, 2, 3, 3, 2, 3, 3, 1, 4, 3, 2, 1, 2, 3, 1, 3, 4, 4, 2, 1, 3, 1, 4, 1, 2, 1, 2, 2, 3, 3, 4, 1, 1, 4, 3] [4, 4, 7, 7, 5, 4, 8, 6, 3, 3, 6, 5, 7, 4, 7, 4, 4, 6, 4, 6, 5, 6, 6, 4, 5, 7, 8, 3, 4, 6, 6, 3, 7, 6, 5, 8, 5, 6, 6, 5, 5, 6, 3, 6, 5, 5, 4, 6, 7, 6, 5, 6, 5, 6, 5, 4, 5, 6, 7, 4, 6, 8, 8, 6, 5, 5, 5, 7, 5, 4, 3, 6, 5, 7, 7, 7, 5, 3, 6, 5]
B_7 14.06 B 47 [2, 1, 2, 3, 1, 1, 1, 2, 1, 1, 1, 4, 2, 4, 3, 3, 2, 4, 2, 3, 4, 4, 3, 1, 2, 2, 1, 2, 1, 1, 3, 3, 1, 3, 3, 4, 1, 1, 3, 4, 1, 1, 2, 2, 1, 2, 3, 3, 2, 3, 4, 1, 3, 3, 3, 2, 4, 1, 2, 4, 3, 2, 1, 4, 2, 4, 4, 2, 4, 4, 4, 4, 2, 3, 1, 3, 3, 3, 4, 4] [5, 4, 4, 7, 5, 3, 3, 4, 5, 4, 4, 8, 4, 7, 7, 6, 5, 7, 5, 6, 8, 7, 6, 4, 5, 6, 5, 6, 5, 3, 6, 6, 5, 6, 6, 8, 5, 3, 6, 6, 4, 5, 4, 6, 5, 4, 6, 7, 6, 7, 8, 4, 6, 6, 7, 4, 8, 3, 4, 8, 7, 6, 3, 6, 6, 8, 8, 4, 6, 8, 8, 6, 4, 5, 5, 5, 5, 7, 8, 7]
B_8 16.310000000000002 B 48 [3, 1, 4, 3, 4, 4, 2, 3, 1, 1, 1, 4, 4, 2, 1, 3, 2, 1, 3, 3, 3, 3, 2, 4, 4, 3, 3, 4, 2, 4, 4, 4, 1, 3, 3, 4, 2, 2, 4, 2, 3, 2, 1, 3, 2, 1, 3, 2, 1, 1, 2, 3, 2, 1, 4, 3, 2, 2, 2, 3, 1, 1, 3, 4, 4, 2, 4, 2, 4, 2, 3, 1, 4, 4, 4, 2, 2, 4, 3, 2] [7, 3, 7, 6, 8, 6, 4, 5, 3, 5, 4, 7, 7, 5, 4, 5, 6, 4, 6, 5, 6, 7, 6, 7, 6, 6, 6, 7, 4, 8, 7, 7, 4, 5, 7, 7, 6, 4, 8, 4, 6, 4, 3, 7, 6, 3, 7, 6, 3, 3, 6, 5, 5, 3, 8, 6, 5, 5, 5, 7, 5, 4, 7, 6, 6, 5, 8, 5, 6, 6, 5, 5, 8, 7, 6, 5, 4, 6, 6, 4]
B_9 17.310000000000002 B 49 [4, 4, 2, 4, 2, 4, 4, 1, 2, 4, 3, 1, 3, 3, 1, 1, 4, 3, 4, 4, 3, 3, 1, 3, 1, 3, 2, 4, 1, 3, 4, 2, 3, 4, 1, 2, 2, 2, 1, 2, 4, 4, 4, 3, 3, 2, 2, 3, 1, 2, 4, 2, 1, 1, 2, 1, 4, 2, 1, 4, 2, 1, 2, 1, 4, 2, 1, 3, 3, 3, 4, 1, 4, 1, 1, 1, 4, 4, 3, 2] [6, 6, 6, 6, 4, 8, 7, 4, 6, 6, 6, 5, 6, 6, 3, 3, 7, 5, 7, 8, 7, 7, 5, 7, 5, 7, 5, 7, 5, 6, 8, 6, 6, 7, 5, 5, 6, 4, 5, 4, 6, 6, 7, 6, 6, 6, 6, 7, 3, 5, 6, 5, 5, 4, 6, 5, 7, 6, 4, 8, 5, 4, 4, 4, 6, 5, 5, 6, 5, 7, 8, 4, 7, 4, 3, 5, 6, 8, 6, 6]
B_10 18.310000000000002 B 50 [3, 3, 2, 4, 2, 2, 2, 2, 2, 2, 4, 2, 1, 4, 3, 1, 2, 1, 4, 4, 3, 3, 1, 4, 2, 1, 4, 4, 1, 2, 2, 4, 3, 1, 1, 4, 2, 4, 3, 3, 3, 1, 2, 2, 2, 3, 3, 4, 2, 4, 1, 3, 4, 4, 4, 4, 2, 4, 1, 1, 2, 1, 3, 3, 4, 4, 1, 2, 3, 3, 2, 3, 4, 1, 2, 4, 4, 2, 2, 2] [5, 6, 4, 8, 4, 5, 6, 4, 4, 5, 8, 4, 3, 8, 5, 5, 4, 5, 6, 7, 6, 7, 3, 8, 5, 5, 8, 7, 4, 6, 4, 6, 5, 5, 3, 8, 4, 6, 7, 6, 5, 4, 5, 6, 6, 6, 5, 8, 6, 6, 3, 7, 6, 6, 8, 7, 5, 6, 4, 4, 6, 4, 5, 7, 7, 8, 3, 4, 5, 5, 5, 7, 8, 3, 4, 8, 7, 5, 4, 4]
B_11 19.310000000000002 B 51 [2, 4, 1, 3, 3, 4, 1, 1, 4, 4, 2, 3, 1, 1, 3, 3, 4, 4, 1, 3, 4, 3, 2, 4, 1, 3, 4, 3, 2, 1, 2, 2, 3, 2, 2, 4, 2, 1, 2, 3, 2, 2, 1, 2, 1, 4, 3, 1, 3, 2, 3, 2, 3, 4, 1, 4, 1, 1, 3, 2, 1, 3, 1, 2, 3, 3, 4, 3, 3, 1, 1, 4, 1, 3, 2, 4, 4, 1, 2, 2] [6, 8, 3, 7, 5, 7, 3, 4, 8, 8, 6, 6, 4, 4, 6, 6, 6, 6, 4, 5, 6, 7, 4, 8, 3, 6, 7, 6, 6, 3, 4, 5, 7, 5, 6, 8, 4, 3, 6, 5, 6, 5, 3, 4, 4, 7, 6, 4, 5, 5, 7, 5, 5, 7, 3, 7, 5, 5, 7, 4, 4, 6, 3, 6, 5, 6, 7, 6, 7, 3, 3, 8, 5, 5, 6, 8, 7, 4, 5, 6]
B_12 20.310000000000002 B 52 [2, 2, 3, 2, 1, 4, 4, 1, 4, 1, 2, 1, 4, 2, 2, 2, 4, 3, 2, 2, 2, 4, 2, 2, 3, 2, 1, 2, 1, 4, 2, 4, 2, 4, 1, 4, 3, 2, 1, 1, 1, 3, 3, 3, 1, 1, 1, 3, 2, 1, 4, 3, 1, 2, 4, 2, 4, 4, 2, 2, 2, 4, 1, 4, 1, 3, 2, 1, 1, 2, 2, 4, 3, 4, 1, 3, 4, 3, 4, 1] [6, 6, 7, 4, 4, 8, 7, 3, 6, 3, 5, 4, 6, 6, 4, 6, 8, 5, 6, 5, 6, 8, 6, 5, 6, 4, 4, 5, 4, 8, 5, 7, 4, 7, 4, 6, 5, 4, 5, 5, 5, 6, 7, 5, 3, 5, 5, 6, 5, 5, 6, 5, 5, 5, 6, 5, 6, 6, 5, 5, 4, 8, 4, 7, 3, 6, 6, 5, 3, 6, 4, 8, 6, 8, 3, 5, 7, 6, 7, 5]
B_13 21.310000000000002 B 53 [1, 1, 3, 1, 4, 2, 4, 3, 2, 2, 1, 1, 2, 1, 1, 2, 3, 4, 1, 1, 1, 3, 3, 3, 3, 2, 3, 1, 3, 1, 2, 4, 1, 3, 2, 4, 3, 1, 1, 1, 4, 4, 4, 4, 3, 3, 4, 3, 1, 1, 4, 4, 2, 1, 4, 1, 3, 2, 4, 1, 2, 1, 1, 2, 4, 2, 2, 2, 1, 4, 3, 3, 3, 1, 3, 1, 1, 2, 2, 3] [5, 5, 6, 4, 6, 5, 8, 5, 5, 4, 5, 4, 5, 4, 4, 6, 5, 7, 3, 3, 3, 7, 5, 5, 5, 6, 5, 4, 6, 3, 5, 6, 5, 7, 5, 6, 6, 5, 3, 5, 8, 7, 6, 7, 6, 6, 6, 6, 3, 4, 6, 7, 5, 5, 7, 5, 7, 4, 6, 4, 5, 3, 5, 6, 8, 6, 5, 5, 3, 7, 5, 7, 5, 3, 5, 5, 5, 5, 4, 5]
B_14 23.94 B 54 [1, 4, 1, 3, 2, 2, 4, 3, 1, 3, 1, 3, 2, 2, 3, 4, 1, 2, 2, 3, 1, 2, 2, 2, 3, 1, 2, 1, 3, 4, 4, 2, 2, 2, 4, 3, 2, 4, 2, 4, 3, 4, 1, 3, 4, 1, 3, 3, 4, 2, 4, 1, 4, 4, 3, 1, 4, 3, 1, 4, 2, 2, 1, 4, 1, 3, 3, 4, 4, 1, 4, 1, 3, 2, 1, 2, 2, 2, 4, 3] [5, 8, 5, 5, 4, 6, 8, 5, 3, 6, 5, 7, 5, 5, 7, 8, 5, 6, 6, 7, 4, 6, 4, 4, 6, 5, 6, 3, 5, 7, 8, 4, 4, 4, 8, 5, 6, 8, 6, 8, 5, 7, 4, 5, 7, 5, 5, 7, 8, 6, 8, 3, 6, 7, 7, 3, 7, 7, 3, 6, 5, 5, 4, 7, 5, 6, 6, 6, 8, 5, 6, 3, 5, 4, 3, 5, 4, 5, 8, 7]
B_15 24.990000000000002 B 55 [2, 3, 2, 4, 4, 1, 3, 2, 3, 3, 3, 3, 3, 3, 2, 3, 4, 2, 3, 1, 2, 1, 1, 4, 2, 1, 4, 1, 1, 4, 2, 2, 3, 2, 2, 3, 1, 3, 4, 2, 3, 3, 3, 3, 1, 4, 2, 2, 3, 1, 4, 4, 2, 1, 1, 1, 4, 1, 2, 1, 3, 4, 2, 1, 3, 2, 2, 1, 3, 4, 1, 2, 2, 2, 2, 3, 3, 3, 2, 4] [4, 5, 5, 6, 7, 4, 5, 5, 6, 7, 6, 7, 6, 5, 4, 7, 6, 4, 6, 4, 5, 3, 5, 8, 4, 5, 8, 4, 4, 8, 4, 5, 7, 4, 6, 5, 5, 7, 8, 6, 5, 6, 5, 7, 4, 7, 4, 4, 6, 5, 7, 7, 5, 5, 3, 5, 8, 4, 4, 4, 5, 6, 5, 3, 5, 6, 5, 3, 6, 7, 4, 4, 6, 6, 6, 7, 6, 5, 6, 7]
B_16 26.69 B 56 [4, 4, 1, 3, 3, 4, 1, 3, 2, 2, 2, 2, 4, 4, 4, 2, 3, 1, 2, 1, 3, 3, 1, 4, 4, 3, 1, 4, 2, 3, 1, 2, 4, 1, 3, 3, 2, 3, 2, 4, 3, 3, 1, 4, 1, 1, 1, 4, 2, 4, 2, 1, 4, 3, 4, 4, 3, 4, 4, 2, 2, 1, 4, 1, 3, 2, 4, 1, 4, 3, 1, 2, 1, 2, 4, 2, 1, 1, 3, 4] [7, 7, 5, 6, 5, 7, 3, 5, 4, 6, 4, 5, 7, 7, 8, 6, 5, 5, 4, 5, 6, 7, 4, 7, 6, 5, 5, 8, 4, 5, 5, 5, 7, 3, 5, 5, 5, 5, 6, 8, 5, 7, 4, 7, 5, 3, 5, 8, 5, 7, 5, 5, 6, 7, 7, 8, 5, 7, 7, 4, 4, 3, 7, 5, 7, 5, 8, 4, 8, 5, 4, 4, 4, 5, 6, 5, 3, 3, 6, 6]
B_17 27.69 B 57 [2, 4, 1, 4, 4, 3, 3, 1, 4, 2, 1, 2, 4, 3, 4, 1, 2, 1, 2, 3, 2, 1, 1, 3, 1, 1, 1, 1, 3, 2, 3, 2, 2, 1, 1, 1, 1, 2, 1, 4, 1, 3, 1, 2, 1, 3, 2, 1, 2, 2, 4, 1, 4, 2, 3, 1, 4, 3, 3, 4, 3, 4, 1, 2, 3, 4, 2, 2, 1, 1, 2, 2, 2, 2, 4, 4, 4, 4, 1, 4] [4, 8, 5, 7, 6, 5, 5, 4, 6, 5, 5, 5, 6, 5, 6, 3, 5, 3, 5, 7, 5, 4, 4, 6, 5, 4, 3, 3, 7, 5, 6, 6, 6, 3, 3, 4, 4, 5, 4, 7, 5, 6, 5, 4, 5, 6, 6, 3, 5, 6, 6, 5, 6, 4, 7, 4, 7, 7, 7, 8, 5, 6, 4, 5, 7, 8, 5, 6, 3, 3, 6, 4, 6, 6, 6, 8, 6, 8, 3, 8]
B_18 28.69 B 58 [2, 1, 1, 4, 1, 3, 3, 2, 1, 2, 3, 2, 3, 3, 2, 3, 1, 3, 4, 1, 1, 1, 4, 2, 1, 2, 2, 1, 3, 2, 2, 1, 4, 4, 2, 2, 3, 2, 2, 1, 1, 4, 3, 3, 4, 1, 3, 2, 2, 1, 1, 3, 2, 4, 1, 2, 4, 3, 2, 4, 3, 4, 2, 4, 3, 3, 2, 4, 4, 1, 1, 2, 3, 4, 1, 1, 1, 2, 1, 4] [6, 4, 3, 7, 5, 7, 6, 6, 5, 5, 7, 4, 5, 5, 6, 7, 4, 6, 7, 4, 3, 3, 7, 4, 5, 4, 5, 4, 5, 4, 5, 3, 8, 7, 5, 6, 6, 4, 6, 4, 3, 8, 7, 6, 6, 3, 7, 4, 5, 4, 4, 7, 5, 6, 3, 4, 7, 7, 4, 6, 7, 8, 6, 6, 7, 7, 4, 7, 6, 3, 4, 4, 6, 6, 3, 4, 5, 4, 4, 8]
B_19 30.830000000000002 B 59 [3, 3, 2, 2, 4, 3, 3, 3, 3, 3, 2, 3, 4, 1, 4, 3, 2, 1, 1, 1, 2, 4, 3, 2, 2, 2, 4, 1, 4, 2, 3, 1, 4, 1, 2, 2, 2, 2, 4, 4, 2, 4, 3, 4, 4, 2, 1, 4, 3, 4, 1, 2, 2, 1, 4, 1, 2, 4, 4, 2, 1, 2, 3, 4, 3, 4, 2, 4, 1, 1, 2, 2, 1, 2, 2, 4, 4, 2, 3, 1] [7, 5, 4, 5, 8, 6, 5, 5, 5, 7, 6, 6, 7, 4, 6, 7, 6, 4, 3, 5, 4, 7, 5, 6, 6, 6, 8, 5, 8, 6, 5, 3, 8, 5, 6, 4, 5, 4, 6, 7, 6, 8, 6, 8, 8, 6, 4, 8, 7, 8, 4, 4, 5, 4, 6, 4, 4, 8, 6, 6, 4, 6, 6, 8, 6, 7, 5, 7, 3, 3, 4, 5, 4, 4, 5, 6, 7, 4, 6, 5]
B_20 31.830000000000002 B 60 [2, 4, 3, 4, 4, 1, 4, 1, 4, 1, 2, 3, 2, 2, 4, 4, 3, 4, 2, 1, 1, 1, 1, 3, 2, 3, 2, 2, 3, 4, 3, 3, 2, 1, 3, 4, 4, 2, 1, 4, 4, 1, 4, 2, 1, 3, 3, 3, 1, 2, 2, 1, 2, 2, 2, 3, 2, 3, 3, 1, 1, 4, 3, 3, 2, 1, 1, 2, 4, 4, 4, 3, 4, 3, 4, 3, 2, 3, 2, 4] [5, 6, 5, 6, 6, 4, 6, 3, 8, 5, 4, 5, 6, 5, 6, 7, 6, 6, 5, 3, 5, 3, 3, 5, 5, 7, 6, 5, 5, 6, 6, 6, 4, 5, 5, 7, 7, 6, 4, 7, 7, 5, 7, 5, 5, 6, 6, 7, 5, 5, 6, 4, 4, 5, 5, 5, 4, 5, 7, 4, 3, 7, 5, 6, 5, 3, 4, 6, 6, 8, 7, 6, 6, 6, 8, 6, 4, 7, 6, 7]
B_21 32.83 B 61 [1, 3, 1, 1, 4, 2, 1, 4, 3, 4, 1, 3, 2, 2, 3, 2, 1, 1, 1, 2, 4, 2, 2, 4, 4, 2, 4, 3, 2, 3, 2, 1, 4, 1, 4, 4, 1, 2, 2, 2, 3, 1, 1, 3, 3, 1, 4, 2, 1, 1, 1, 3, 4, 1, 2, 4, 1, 4, 4, 2, 4, 4, 1, 3, 1, 2, 2, 4, 2, 1, 4, 4, 2, 4, 3, 1, 2, 1, 2, 3] [5, 6, 3, 5, 8, 5, 4, 6, 5, 7, 4, 7, 6, 4, 7, 4, 4, 3, 4, 6, 8, 6, 6, 7, 6, 4, 8, 6, 6, 7, 4, 4, 6, 4, 6, 8, 4, 6, 6, 5, 7, 3, 5, 7, 7, 5, 8, 6, 4, 4, 4, 6, 8, 3, 5, 6, 3, 6, 8, 6, 7, 7, 3, 5, 3, 6, 4, 8, 5, 3, 7, 6, 6, 6, 7, 4, 5, 4, 6, 5]
B_22 33.83 B 62 [2, 3, 4, 3, 4, 3, 3, 1, 2, 4, 4, 1, 3, 4, 4, 2, 4, 4, 3, 2, 3, 1, 1, 2, 1, 2, 4, 4, 3, 2, 4, 1, 2, 4, 4, 4, 3, 3, 3, 1, 4, 1, 3, 2, 1, 3, 4, 1, 3, 2, 3, 1, 1, 1, 1, 2, 4, 1, 2, 3, 3, 1, 1, 4, 2, 1, 3, 1, 1, 4, 2, 1, 1, 2, 3, 3, 4, 1, 2, 3] [5, 7, 8, 6, 8, 7, 6, 5, 5, 6, 7, 5, 5, 7, 6, 5, 6, 8, 7, 6, 5, 4, 3, 5, 4, 4, 7, 7, 7, 6, 6, 5, 4, 7, 7, 7, 7, 6, 7, 4, 8, 5, 6, 5, 4, 7, 8, 3, 7, 4, 5, 3, 4, 5, 4, 5, 7, 4, 6, 6, 5, 3, 5, 8, 4, 4, 6, 3, 3, 6, 4, 4, 5, 5, 6, 7, 8, 4, 6, 5]
B_23 34.83 B 63 [1, 2, 3, 4, 1, 3, 2, 3, 3, 3, 2, 3, 2, 1, 3, 3, 1, 1, 2, 4, 1, 4, 2, 2, 3, 1, 1, 4, 1, 3, 3, 4, 4, 3, 3, 2, 2, 2, 1, 2, 2, 2, 1, 1, 1, 4, 2, 4, 4, 1, 3, 2, 4, 2, 4, 1, 1, 2, 4, 4, 3, 3, 4, 3, 4, 4, 2, 1, 3, 2, 2, 4, 3, 3, 4, 2, 1, 1, 2, 4] [3, 6, 6, 6, 4, 6, 5, 7, 5, 7, 6, 6, 5, 3, 5, 5, 3, 4, 5, 8, 5, 6, 6, 5, 7, 3, 4, 7, 4, 6, 6, 8, 6, 7, 5, 4, 5, 5, 4, 4, 6, 6, 3, 4, 5, 6, 6, 6, 6, 4, 7, 6, 7, 6, 7, 3, 5, 5, 6, 8, 6, 5, 8, 6, 6, 6, 6, 4, 7, 4, 6, 7, 7, 7, 6, 5, 4, 3, 5, 8]
B_24 36.1 B 64 [3, 2, 1, 2, 3, 4, 3, 3, 3, 4, 3, 2, 1, 2, 1, 4, 3, 3, 1, 4, 2, 4, 4, 3, 4, 1, 3, 2, 1, 2, 2, 1, 1, 1, 2, 2, 2, 1, 3, 3, 3, 4, 3, 1, 4, 4, 1, 2, 4, 4, 4, 3, 1, 4, 1, 3, 3, 3, 3, 3, 2, 1, 2, 4, 4, 4, 2, 4, 4, 1, 2, 2, 3, 4, 4, 2, 3, 1, 3, 2] [5, 6, 3, 5, 6, 7, 5, 5, 6, 7, 6, 6, 3, 5, 3, 6, 6, 5, 4, 8, 5, 7, 6, 6, 7, 5, 7, 5, 5, 6, 6, 3, 3, 5, 6, 6, 4, 4, 5, 7, 7, 8, 7, 5, 8, 7, 5, 6, 6, 6, 7, 5, 3, 8, 5, 5, 7, 7, 7, 6, 5, 3, 4, 6, 8, 6, 5, 8, 8, 5, 6, 6, 7, 6, 6, 4, 5, 4, 5, 5]
B_25 37.1 B 65 [3, 1, 2, 3, 4, 3, 4, 4, 3, 3, 4, 3, 1, 3, 1, 4, 4, 3, 4, 2, 1, 1, 2, 3, 3, 3, 2, 4, 4, 4, 3, 1, 3, 2, 3, 3, 4, 4, 4, 3, 4, 3, 1, 3, 2, 1, 3, 4, 2, 2, 4, 3, 3, 2, 3, 2, 2, 4, 3, 4, 1, 2, 1, 4, 4, 1, 2, 2, 4, 3, 4, 4, 4, 4, 2, 1, 2, 3, 2, 3] [5, 3, 6, 6, 8, 6, 8, 7, 6, 5, 6, 6, 4, 7, 4, 8, 6, 5, 6, 6, 5, 3, 6, 7, 5, 7, 6, 8, 7, 6, 6, 5, 6, 4, 6, 7, 7, 6, 7, 6, 7, 6, 4, 6, 5, 4, 5, 8, 5, 5, 8, 6, 6, 6, 6, 6, 5, 8, 7, 7, 3, 6, 4, 6, 6, 5, 6, 6, 6, 6, 7, 6, 8, 7, 5, 5, 6, 7, 4, 5]
B_26 44.95 B 66 [2, 3, 4, 2, 1, 4, 3, 3, 2, 4, 2, 3, 1, 1, 2, 1, 3, 3, 2, 3, 3, 1, 4, 4, 4, 4, 2, 2, 4, 3, 4, 2, 1, 2, 4, 4, 1, 2, 4, 3, 2, 2, 1, 4, 3, 3, 1, 4, 4, 1, 1, 4, 2, 2, 3, 2, 4, 2, 2, 2, 1, 2, 3, 2, 2, 2, 1, 4, 2, 3, 4, 4, 4, 2, 4, 1, 3, 4, 1, 2] [5, 7, 6, 5, 5, 7, 6, 6, 5, 7, 5, 5, 5, 5, 6, 3, 5, 6, 4, 7, 5, 4, 8, 6, 8, 6, 6, 6, 6, 5, 6, 4, 3, 5, 6, 7, 3, 4, 6, 6, 5, 6, 5, 7, 6, 7, 5, 8, 8, 5, 3, 7, 6, 5, 6, 5, 8, 5, 4, 5, 4, 4, 6, 6, 5, 6, 3, 6, 6, 6, 7, 7, 8, 6, 8, 3, 7, 6, 4, 6]
B_27 45.95 B 67 [2, 4, 3, 3, 2, 1, 1, 2, 3, 3, 2, 3, 1, 3, 3, 1, 2, 3, 2, 1, 3, 3, 2, 4, 4, 3, 4, 2, 1, 4, 2, 3, 1, 3, 4, 2, 2, 2, 2, 1, 2, 1, 3, 4, 4, 4, 4, 2, 2, 3, 2, 3, 1, 2, 4, 1, 1, 2, 4, 4, 2, 4, 1, 1, 4, 2, 4, 4, 3, 2, 2, 3, 3, 4, 4, 4, 1, 4, 2, 2] [5, 8, 6, 7, 6, 4, 5, 4, 7, 5, 5, 7, 4, 7, 6, 4, 6, 5, 6, 4, 7, 6, 4, 8, 7, 6, 6, 5, 5, 6, 5, 7, 4, 7, 6, 5, 6, 5, 4, 3, 6, 3, 6, 7, 8, 7, 7, 4, 5, 6, 4, 6, 5, 5, 6, 3, 4, 6, 7, 7, 6, 8, 3, 4, 8, 6, 6, 8, 6, 6, 4, 7, 7, 7, 6, 8, 3, 6, 4, 6]
B_28 49.010000000000005 B 68 [4, 1, 3, 2, 3, 1, 3, 1, 1, 3, 1, 3, 4, 3, 4, 3, 4, 3, 3, 1, 3, 3, 2, 3, 3, 3, 1, 4, 2, 1, 4, 1, 3, 2, 1, 1, 1, 1, 2, 4, 2, 4, 2, 1, 1, 2, 1, 4, 4, 3, 3, 3, 1, 1, 4, 3, 4, 1, 4, 1, 4, 2, 1, 3, 4, 4, 2, 3, 2, 2, 3, 4, 4, 3, 3, 2, 3, 3, 1, 2] [8, 3, 7, 4, 7, 4, 5, 3, 5, 6, 5, 6, 6, 7, 8, 5, 8, 6, 6, 5, 7, 5, 6, 7, 5, 7, 4, 6, 4, 3, 7, 5, 5, 5, 5, 5, 3, 3, 5, 8, 5, 7, 4, 4, 3, 6, 5, 6, 6, 5, 5, 7, 3, 3, 8, 6, 8, 3, 6, 3, 6, 5, 3, 7, 8, 6, 6, 6, 5, 4, 6, 8, 6, 6, 5, 6, 5, 7, 3, 5]
B_29 50.160000000000004 B 69 [3, 4, 3, 1, 3, 1, 1, 2, 4, 3, 2, 3, 3, 3, 1, 1, 3, 4, 2, 3, 2, 2, 4, 1, 4, 2, 2, 2, 2, 3, 3, 1, 3, 4, 2, 1, 3, 2, 3, 4, 3, 1, 1, 4, 2, 1, 2, 4, 2, 3, 3, 1, 2, 4, 1, 4, 3, 1, 1, 1, 4, 1, 4, 2, 1, 3, 3, 2, 2, 2, 3, 4, 1, 1, 3, 3, 1, 4, 3, 3] [7, 6, 7, 5, 6, 3, 4, 5, 7, 7, 4, 5, 7, 7, 3, 4, 7, 8, 6, 7, 6, 4, 6, 4, 6, 6, 5, 5, 5, 7, 6, 4, 5, 6, 4, 5, 6, 4, 7, 6, 6, 3, 3, 6, 6, 5, 4, 8, 6, 7, 5, 3, 6, 7, 5, 7, 5, 3, 3, 3, 8, 3, 6, 4, 5, 6, 6, 6, 4, 4, 7, 6, 4, 3, 6, 7, 5, 8, 7, 5]
B_30 53.74 B 70 [2, 1, 4, 4, 4, 1, 2, 2, 1, 3, 1, 1, 3, 1, 4, 2, 2, 2, 1, 4, 1, 3, 1, 3, 4, 1, 1, 4, 2, 2, 3, 4, 2, 1, 1, 2, 3, 1, 4, 4, 2, 3, 3, 3, 3, 2, 1, 4, 3, 4, 2, 1, 2, 3, 4, 1, 1, 2, 1, 2, 4, 4, 2, 2, 2, 4, 4, 2, 3, 3, 3, 2, 4, 1, 1, 4, 4, 1, 1, 3] [4, 4, 7, 8, 7, 4, 6, 6, 4, 7, 5, 4, 7, 5, 6, 6, 6, 4, 5, 8, 5, 7, 4, 6, 8, 5, 5, 8, 6, 4, 5, 7, 4, 5, 3, 4, 6, 3, 8, 6, 4, 5, 6, 7, 6, 4, 3, 8, 5, 8, 5, 3, 4, 5, 6, 4, 4, 6, 4, 4, 7, 7, 4, 6, 6, 7, 7, 4, 6, 7, 7, 5, 8, 5, 4, 7, 8, 4, 4, 6]
B_31 55.02 B 71 [4, 4, 2, 4, 2, 1, 3, 4, 2, 3, 2, 1, 2, 4, 2, 3, 3, 1, 3, 2, 4, 2, 1, 2, 3, 3, 2, 3, 4, 2, 2, 4, 1, 3, 3, 2, 2, 2, 4, 1, 1, 3, 4, 3, 2, 2, 2, 4, 1, 1, 3, 4, 4, 3, 1, 2, 2, 2, 2, 2, 3, 4, 1, 4, 2, 4, 4, 3, 4, 4, 2, 1, 1, 1, 3, 2, 2, 3, 3, 1] [8, 7, 4, 6, 4, 3, 6, 6, 4, 6, 6, 4, 5, 6, 4, 5, 6, 4, 5, 4, 6, 5, 5, 5, 6, 7, 5, 5, 7, 6, 6, 6, 4, 7, 6, 5, 5, 6, 6, 5, 4, 6, 8, 7, 6, 5, 6, 6, 5, 4, 7, 8, 8, 7, 3, 4, 4, 4, 4, 5, 6, 6, 4, 7, 6, 6, 7, 7, 8, 6, 5, 5, 4, 3, 5, 6, 5, 7, 6, 3]
B_32 56.660000000000004 B 72 [4, 3, 1, 3, 2, 1, 2, 1, 4, 4, 4, 4, 3, 4, 1, 4, 4, 2, 4, 2, 2, 4, 4, 4, 1, 2, 1, 1, 3, 4, 2, 2, 3, 2, 4, 4, 4, 4, 4, 4, 4, 4, 2, 3, 2, 4, 2, 2, 4, 4, 4, 1, 3, 3, 3, 2, 1, 2, 3, 1, 4, 2, 1, 3, 3, 4, 4, 3, 4, 1, 4, 1, 1, 3, 3, 3, 4, 3, 1, 4] [6, 5, 5, 5, 5, 4, 5, 5, 8, 7, 7, 6, 7, 8, 3, 7, 6, 4, 8, 4, 6, 8, 6, 7, 4, 5, 4, 5, 7, 8, 6, 4, 6, 6, 7, 7, 8, 6, 6, 6, 6, 7, 4, 6, 5, 6, 5, 4, 8, 7, 8, 5, 6, 5, 5, 6, 4, 6, 6, 4, 6, 6, 5, 7, 7, 8, 8, 7, 6, 4, 8, 4, 3, 5, 7, 7, 6, 5, 5, 7]
B_33 57.660000000000004 B 73 [1, 2, 3, 1, 2, 3, 3, 2, 2, 1, 3, 1, 4, 1, 1, 3, 4, 1, 4, 3, 1, 4, 4, 1, 4, 3, 3, 1, 3, 2, 1, 1, 2, 1, 2, 3, 3, 3, 4, 1, 2, 4, 1, 2, 3, 3, 3, 3, 4, 1, 1, 3, 4, 1, 2, 2, 2, 2, 4, 2, 3, 4, 2, 3, 4, 4, 2, 4, 3, 1, 1, 1, 3, 4, 2, 4, 4, 1, 3, 2] [5, 6, 7, 3, 5, 5, 6, 5, 4, 5, 6, 5, 7, 5, 3, 5, 8, 4, 7, 7, 4, 7, 7, 3, 7, 7, 5, 4, 5, 6, 5, 5, 6, 4, 6, 5, 7, 7, 8, 3, 4, 7, 3, 4, 7, 5, 7, 5, 7, 4, 3, 5, 8, 3, 4, 6, 5, 6, 6, 4, 6, 6, 5, 7, 6, 7, 6, 7, 6, 3, 5, 3, 5, 8, 5, 7, 6, 5, 6, 6]
B_34 61.550000000000004 B 74 [4, 3, 2, 1, 4, 2, 1, 1, 1, 2, 1, 4, 3, 2, 2, 2, 1, 4, 1, 4, 1, 4, 3, 3, 3, 1, 2, 2, 1, 1, 2, 2, 3, 1, 4, 3, 3, 2, 3, 2, 3, 1, 3, 2, 1, 2, 3, 1, 4, 1, 2, 2, 1, 3, 1, 2, 4, 4, 1, 2, 4, 3, 3, 4, 4, 2, 4, 4, 3, 3, 1, 3, 3, 2, 2, 1, 2, 2, 1, 3] [6, 5, 6, 4, 8, 5, 5, 3, 3, 5, 3, 8, 6, 4, 6, 6, 3, 7, 5, 6, 3, 8, 6, 7, 6, 3, 4, 6, 5, 5, 4, 6, 6, 4, 7, 5, 5, 6, 5, 6, 7, 5, 6, 4, 5, 5, 7, 5, 6, 3, 4, 6, 3, 5, 3, 6, 6, 6, 3, 5, 8, 7, 6, 6, 6, 5, 8, 6, 5, 6, 4, 5, 7, 5, 6, 5, 6, 5, 4, 5]
B_35 62.550000000000004 B 75 [1, 1, 2, 4, 2, 4, 4, 2, 1, 1, 3, 1, 4, 1, 2, 1, 2, 3, 3, 4, 2, 2, 4, 4, 1, 4, 4, 1, 1, 1, 3, 2, 1, 2, 3, 3, 1, 3, 2, 2, 2, 3, 2, 1, 3, 4, 4, 3, 2, 1, 4, 4, 3, 1, 2, 3, 2, 4, 1, 4, 3, 1, 3, 2, 2, 1, 1, 4, 2, 3, 4, 2, 3, 4, 1, 1, 1, 3, 3, 1] [5, 4, 4, 7, 4, 6, 6, 6, 4, 3, 7, 5, 7, 4, 6, 5, 6, 6, 5, 8, 5, 5, 7, 8, 4, 7, 8, 5, 5, 5, 5, 4, 5, 6, 7, 6, 5, 6, 6, 6, 5, 6, 6, 5, 6, 7, 7, 5, 5, 5, 8, 8, 5, 5, 5, 7, 5, 8, 4, 6, 6, 4, 7, 5, 4, 5, 3, 8, 6, 7, 7, 6, 7, 7, 5, 4, 3, 7, 7, 4]
B_36 65.72 B 76 [1, 2, 4, 3, 4, 3, 1, 3, 1, 1, 1, 3, 2, 3, 1, 3, 4, 1, 1, 3, 3, 2, 2, 4, 2, 1, 2, 4, 3, 3, 1, 2, 1, 4, 2, 3, 3, 3, 3, 4, 2, 4, 3, 2, 1, 2, 1, 3, 2, 4, 4, 4, 4, 1, 2, 3, 1, 4, 1, 4, 2, 2, 4, 1, 3, 2, 3, 1, 3, 1, 4, 2, 4, 4, 2, 1, 2, 3, 3, 2] [3, 4, 7, 6, 7, 7, 4, 7, 4, 3, 4, 7, 5, 6, 5, 7, 8, 3, 3, 7, 7, 4, 4, 8, 6, 5, 4, 8, 6, 6, 4, 4, 4, 8, 6, 7, 5, 5, 5, 7, 5, 8, 6, 4, 5, 5, 5, 5, 4, 6, 7, 7, 7, 5, 4, 6, 3, 6, 5, 7, 4, 5, 8, 4, 5, 6, 7, 3, 5, 5, 8, 5, 6, 6, 6, 3, 6, 6, 7, 5]
B_37 68.0 B 77 [3, 2, 1, 4, 1, 4, 2, 4, 3, 3, 4, 4, 4, 3, 1, 3, 1, 2, 4, 1, 3, 1, 3, 3, 2, 2, 4, 4, 4, 1, 1, 2, 3, 4, 2, 4, 2, 4, 2, 3, 3, 2, 4, 3, 4, 2, 1, 3, 4, 4, 2, 1, 3, 2, 2, 3, 1, 4, 2, 2, 3, 1, 1, 1, 1, 3, 4, 4, 3, 4, 1, 3, 3, 1, 2, 3, 3, 1, 4, 3] [7, 4, 4, 8, 3, 8, 5, 6, 5, 6, 6, 7, 7, 7, 3, 5, 3, 4, 7, 3, 6, 5, 5, 7, 4, 4, 8, 7, 8, 3, 4, 6, 5, 8, 5, 7, 5, 6, 5, 7, 7, 5, 6, 7, 8, 6, 3, 7, 6, 8, 5, 4, 6, 5, 5, 5, 3, 8, 4, 4, 7, 4, 4, 3, 4, 7, 6, 6, 7, 8, 4, 7, 5, 5, 5, 7, 6, 3, 6, 5]
B_38 69.42 B 78 [2, 1, 1, 1, 4, 1, 1, 1, 4, 2, 2, 1, 4, 4, 1, 4, 4, 4, 2, 4, 4, 1, 3, 4, 2, 2, 2, 1, 2, 4, 3, 3, 2, 2, 1, 2, 4, 2, 3, 3, 2, 1, 2, 2, 4, 1, 4, 4, 3, 3, 2, 2, 4, 2, 4, 2, 3, 1, 1, 3, 2, 2, 2, 2, 3, 2, 1, 2, 1, 3, 1, 3, 1, 3, 1, 3, 3, 4, 4, 3] [6, 3, 5, 3, 6, 3, 3, 3, 6, 6, 6, 4, 8, 6, 3, 8, 6, 8, 6, 8, 8, 4, 7, 8, 4, 4, 4, 5, 6, 6, 6, 7, 4, 5, 3, 5, 8, 6, 5, 6, 6, 3, 5, 6, 7, 4, 6, 8, 6, 6, 4, 5, 7, 4, 8, 6, 6, 3, 4, 6, 6, 6, 6, 5, 5, 4, 4, 4, 3, 7, 4, 6, 5, 6, 4, 7, 7, 6, 7, 5]
B_39 70.7 B 79 [3, 4, 3, 2, 2, 4, 3, 1, 2, 2, 4, 2, 2, 3, 1, 2, 1, 3, 2, 4, 1, 1, 3, 3, 1, 2, 2, 4, 3, 4, 1, 1, 2, 1, 4, 3, 4, 2, 4, 3, 2, 2, 2, 3, 1, 1, 3, 4, 2, 2, 2, 2, 1, 3, 3, 4, 4, 4, 4, 1, 4, 3, 3, 4, 2, 3, 2, 2, 2, 3, 3, 1, 4, 2, 3, 1, 2, 3, 3, 2] [6, 7, 7, 4, 6, 8, 6, 3, 5, 5, 7, 5, 4, 6, 3, 6, 5, 7, 5, 8, 5, 4, 7, 7, 4, 5, 6, 6, 7, 6, 3, 4, 4, 5, 8, 6, 8, 6, 6, 5, 5, 5, 5, 7, 5, 3, 5, 7, 4, 6, 4, 6, 5, 5, 7, 7, 6, 8, 8, 5, 7, 5, 5, 8, 5, 5, 6, 6, 5, 5, 6, 3, 7, 6, 5, 4, 5, 5, 5, 5]
