A_0 1 A 0 [4, 2, 2, 2, 1, 2, 2, 2, 2, 4, 3, 3, 3, 4, 2, 1, 1, 3, 1, 4, 1, 2, 2, 3, 2, 3, 1, 3, 3, 2, 1, 3, 1, 3, 4, 1, 1, 3, 1, 2, 1, 3, 4, 2, 2, 4, 4, 2, 1, 1, 1, 3, 4, 2, 3, 3, 3, 1, 3, 4, 1, 3, 2, 3, 3, 3, 4, 1, 4, 3, 2, 2, 4, 2, 4, 1, 2, 1, 4, 2] [8, 4, 4, 6, 3, 6, 5, 4, 4, 8, 5, 5, 5, 6, 5, 4, 5, 6, 3, 6, 4, 6, 4, 5, 5, 6, 3, 7, 7, 6, 4, 5, 3, 7, 7, 4, 5, 7, 3, 6, 5, 7, 6, 4, 5, 8, 8, 4, 4, 3, 5, 6, 7, 5, 6, 6, 7, 4, 5, 6, 4, 7, 6, 7, 5, 6, 7, 4, 7, 7, 5, 4, 7, 4, 8, 4, 4, 4, 7, 5]
A_1 2.09 A 1 [2, 3, 3, 1, 3, 3, 4, 1, 3, 2, 1, 1, 1, 4, 3, 4, 4, 3, 1, 4, 3, 1, 3, 4, 4, 4, 1, 2, 2, 1, 4, 1, 4, 4, 4, 2, 2, 1, 4, 2, 2, 4, 1, 3, 4, 3, 3, 2, 1, 3, 2, 3, 2, 1, 1, 4, 4, 1, 4, 3, 1, 2, 1, 3, 4, 3, 1, 3, 4, 1, 4, 1, 4, 4, 1, 4, 1, 2, 1, 1] [4, 7, 5, 3, 6, 5, 7, 4, 7, 4, 4, 4, 3, 8, 5, 8, 7, 6, 4, 6, 7, 5, 5, 7, 7, 7, 3, 5, 6, 3, 6, 3, 8, 8, 8, 5, 4, 5, 8, 6, 5, 6, 5, 7, 8, 7, 6, 4, 4, 5, 6, 5, 4, 4, 3, 7, 6, 3, 8, 5, 3, 5, 4, 6, 6, 7, 3, 5, 6, 3, 8, 3, 6, 6, 3, 7, 4, 5, 3, 5]
A_2 5.32 A 2 [2, 3, 1, 2, 2, 4, 1, 2, 4, 1, 3, 2, 3, 1, 2, 3, 2, 4, 2, 2, 3, 3, 1, 2, 4, 2, 3, 3, 3, 3, 3, 4, 2, 4, 3, 2, 2, 1, 3, 1, 2, 1, 4, 4, 4, 2, 1, 3, 3, 3, 2, 2, 1, 1, 2, 4, 2, 3, 3, 4, 1, 2, 1, 2, 1, 3, 3, 4, 4, 4, 2, 2, 3, 1, 4, 1, 1, 3, 4, 3] [4, 5, 4, 6, 4, 8, 5, 4, 6, 3, 5, 5, 7, 5, 5, 7, 6, 8, 5, 6, 6, 5, 4, 5, 7, 4, 6, 7, 7, 5, 7, 6, 4, 7, 7, 6, 5, 5, 6, 4, 6, 5, 7, 7, 7, 6, 4, 7, 5, 6, 6, 5, 3, 5, 5, 8, 4, 7, 5, 8, 3, 4, 4, 5, 3, 7, 6, 7, 6, 6, 5, 4, 7, 4, 8, 4, 3, 7, 7, 7]
A_3 6.32 A 3 [2, 1, 2, 3, 2, 3, 4, 2, 4, 2, 2, 3, 1, 3, 3, 3, 2, 2, 4, 4, 3, 2, 1, 1, 1, 3, 1, 4, 4, 4, 1, 1, 3, 1, 1, 4, 1, 3, 3, 1, 3, 2, 4, 4, 1, 4, 4, 1, 4, 4, 1, 4, 2, 2, 1, 2, 1, 1, 4, 3, 3, 1, 2, 3, 3, 4, 4, 1, 4, 3, 1, 4, 2, 3, 3, 2, 3, 2, 4, 4] [6, 3, 6, 6, 6, 6, 8, 6, 6, 5, 6, 5, 3, 5, 7, 7, 6, 6, 7, 6, 6, 4, 3, 4, 4, 5, 3, 7, 6, 7, 4, 3, 7, 3, 5, 6, 3, 7, 5, 3, 5, 5, 7, 6, 5, 7, 7, 3, 7, 8, 3, 7, 4, 5, 3, 6, 3, 4, 7, 5, 5, 3, 6, 5, 6, 7, 7, 5, 6, 6, 5, 8, 4, 7, 5, 5, 5, 4, 6, 7]
A_4 7.32 A 4 [1, 3, 2, 2, 2, 1, 1, 4, 1, 3, 4, 1, 1, 4, 4, 1, 4, 3, 3, 2, 3, 2, 2, 1, 4, 3, 3, 1, 1, 4, 2, 4, 2, 4, 4, 4, 4, 4, 4, 1, 2, 3, 1, 4, 4, 1, 3, 2, 2, 1, 4, 4, 4, 1, 1, 4, 1, 1, 2, 3, 2, 4, 3, 1, 2, 2, 2, 4, 2, 2, 3, 2, 4, 1, 3, 4, 2, 2, 4, 1] [3, 6, 4, 6, 5, 4, 3, 7, 3, 7, 6, 3, 3, 7, 7, 4, 6, 5, 7, 5, 7, 6, 6, 4, 7, 6, 7, 3, 4, 8, 6, 7, 6, 6, 6, 7, 6, 6, 8, 3, 5, 6, 4, 8, 7, 5, 5, 5, 6, 3, 8, 6, 7, 4, 4, 8, 3, 5, 4, 7, 5, 8, 6, 5, 5, 4, 5, 6, 4, 5, 5, 5, 7, 5, 7, 6, 6, 6, 7, 5]
A_5 8.32 A 5 [2, 3, 4, 3, 1, 2, 2, 2, 2, 4, 1, 4, 4, 3, 2, 4, 4, 3, 3, 3, 4, 1, 4, 2, 1, 3, 2, 1, 3, 2, 3, 3, 4, 3, 2, 2, 3, 2, 3, 3, 3, 4, 2, 4, 4, 4, 4, 2, 2, 4, 1, 2, 1, 3, 4, 2, 2, 4, 2, 1, 3, 3, 4, 2, 3, 3, 4, 1, 2, 2, 4, 4, 1, 3, 4, 1, 3, 4, 4, 1] [6, 5, 8, 6, 4, 5, 4, 4, 5, 7, 3, 8, 8, 6, 5, 8, 6, 7, 5, 5, 8, 5, 8, 5, 5, 5, 5, 3, 5, 4, 6, 5, 7, 5, 4, 6, 6, 4, 6, 5, 6, 7, 5, 6, 6, 7, 8, 4, 5, 8, 3, 4, 4, 6, 7, 6, 5, 8, 6, 4, 6, 7, 8, 5, 7, 6, 8, 4, 5, 5, 8, 8, 5, 7, 7, 4, 7, 7, 7, 4]
A_6 9.6 A 6 [2, 4, 1, 4, 1, 2, 2, 2, 4, 4, 4, 4, 1, 1, 4, 4, 4, 2, 2, 4, 3, 4, 4, 2, 2, 3, 1, 2, 4, 4, 1, 4, 3, 3, 1, 3, 1, 3, 1, 1, 2, 2, 2, 1, 1, 1, 2, 3, 1, 4, 4, 2, 4, 1, 3, 4, 4, 3, 2, 3, 2, 1, 3, 1, 3, 1, 4, 2, 4, 1, 4, 2, 2, 1, 4, 2, 4, 4, 2, 2] [5, 7, 5, 8, 3, 4, 5, 4, 8, 6, 8, 7, 4, 5, 6, 7, 6, 5, 6, 6, 5, 6, 6, 6, 4, 7, 3, 5, 6, 7, 5, 7, 6, 6, 4, 7, 5, 6, 5, 4, 6, 5, 6, 3, 3, 4, 4, 6, 3, 8, 8, 6, 7, 3, 5, 8, 6, 5, 4, 5, 6, 3, 6, 3, 7, 5, 8, 6, 7, 5, 6, 4, 6, 4, 8, 6, 7, 8, 6, 4]
A_7 10.6 A 7 [2, 1, 2, 2, 4, 2, 2, 4, 4, 2, 1, 3, 2, 2, 1, 1, 1, 4, 3, 1, 4, 1, 2, 3, 1, 3, 1, 1, 4, 2, 1, 3, 3, 1, 1, 4, 3, 2, 4, 2, 2, 2, 1, 4, 3, 3, 4, 1, 1, 4, 1, 2, 4, 3, 1, 2, 2, 4, 3, 2, 2, 2, 3, 3, 1, 1, 2, 2, 4, 2, 1, 4, 4, 1, 2, 2, 2, 3, 3, 4] [4, 4, 4, 6, 7, 4, 4, 6, 7, 6, 3, 5, 5, 5, 5, 5, 5, 7, 5, 5, 7, 5, 4, 7, 4, 5, 5, 4, 8, 5, 3, 7, 5, 5, 4, 6, 7, 6, 7, 5, 5, 5, 3, 8, 6, 6, 6, 3, 4, 8, 3, 4, 8, 7, 5, 4, 6, 6, 6, 4, 4, 5, 6, 7, 3, 5, 4, 5, 8, 6, 3, 6, 6, 5, 4, 6, 4, 5, 7, 7]
A_8 12.379999999999999 A 8 [2, 3, 4, 4, 1, 2, 4, 4, 2, 1, 2, 4, 3, 2, 1, 4, 1, 2, 4, 4, 4, 2, 4, 1, 2, 1, 3, 2, 4, 1, 2, 3, 4, 2, 1, 3, 4, 4, 3, 4, 4, 4, 4, 3, 3, 2, 2, 4, 2, 2, 1, 4, 4, 4, 4, 3, 1, 2, 4, 1, 1, 1, 1, 3, 3, 3, 3, 1, 4, 2, 1, 3, 4, 2, 4, 1, 1, 2, 2, 1] [4, 7, 6, 6, 3, 5, 8, 7, 4, 4, 4, 7, 5, 6, 5, 8, 3, 6, 6, 8, 7, 5, 7, 4, 4, 5, 5, 5, 8, 5, 6, 7, 6, 4, 5, 5, 8, 7, 5, 7, 8, 8, 6, 7, 5, 6, 5, 6, 6, 6, 5, 8, 7, 6, 6, 5, 5, 4, 7, 5, 4, 3, 4, 7, 7, 6, 5, 4, 6, 5, 4, 6, 6, 5, 7, 3, 3, 6, 4, 5]
A_9 13.379999999999999 A 9 [4, 2, 1, 2, 3, 4, 4, 2, 1, 2, 2, 2, 1, 2, 3, 4, 3, 2, 3, 4, 1, 4, 2, 1, 2, 1, 1, 2, 2, 2, 3, 4, 3, 3, 1, 3, 4, 3, 3, 4, 2, 3, 2, 4, 2, 2, 4, 3, 3, 3, 1, 4, 1, 4, 4, 2, 4, 1, 1, 4, 4, 3, 4, 2, 2, 4, 4, 2, 3, 4, 4, 2, 2, 1, 2, 2, 4, 3, 2, 3] [8, 4, 3, 5, 7, 7, 6, 6, 4, 6, 5, 5, 3, 5, 6, 6, 7, 6, 7, 7, 5, 7, 4, 4, 4, 4, 3, 5, 4, 5, 5, 6, 5, 7, 3, 6, 7, 6, 6, 8, 6, 5, 5, 8, 6, 6, 8, 5, 7, 7, 5, 7, 3, 6, 8, 5, 7, 5, 5, 6, 6, 6, 8, 6, 4, 7, 6, 6, 6, 8, 6, 5, 6, 3, 4, 4, 7, 5, 5, 6]
A_10 14.379999999999999 A 10 [3, 1, 3, 2, 4, 1, 4, 1, 2, 2, 3, 4, 1, 3, 1, 1, 2, 3, 3, 3, 4, 3, 2, 1, 2, 1, 3, 2, 3, 4, 3, 3, 1, 4, 4, 3, 4, 3, 1, 2, 1, 2, 1, 3, 2, 4, 2, 2, 1, 2, 4, 3, 3, 1, 4, 1, 2, 3, 2, 4, 4, 4, 3, 3, 4, 3, 2, 2, 3, 4, 3, 4, 2, 2, 1, 2, 4, 4, 1, 3] [5, 4, 5, 6, 6, 3, 8, 3, 4, 5, 7, 8, 3, 6, 4, 3, 6, 6, 5, 7, 7, 5, 5, 3, 4, 3, 7, 4, 6, 7, 6, 6, 4, 7, 7, 6, 8, 5, 5, 5, 3, 5, 3, 7, 4, 6, 6, 6, 3, 6, 6, 7, 5, 4, 6, 4, 6, 6, 5, 6, 6, 8, 6, 5, 8, 5, 4, 4, 5, 6, 7, 8, 6, 4, 4, 5, 8, 8, 4, 7]
A_11 16.11 A 11 [3, 1, 2, 3, 1, 4, 4, 3, 4, 2, 4, 4, 3, 1, 1, 2, 1, 4, 1, 1, 4, 1, 4, 4, 1, 1, 3, 4, 3, 3, 2, 1, 4, 2, 3, 4, 1, 1, 1, 1, 3, 4, 4, 4, 1, 3, 2, 1, 2, 1, 1, 2, 2, 3, 2, 1, 4, 4, 4, 1, 2, 4, 1, 3, 2, 2, 1, 1, 1, 3, 1, 2, 4, 2, 4, 3, 2, 2, 1, 2] [5, 4, 5, 5, 3, 8, 7, 5, 7, 5, 8, 7, 5, 3, 4, 6, 5, 7, 4, 4, 6, 3, 8, 8, 3, 4, 7, 8, 7, 7, 6, 3, 6, 6, 7, 8, 5, 5, 3, 4, 5, 8, 7, 6, 3, 5, 4, 4, 4, 5, 5, 6, 5, 6, 4, 4, 7, 7, 7, 4, 4, 7, 5, 5, 5, 6, 3, 4, 5, 5, 5, 4, 6, 6, 7, 5, 6, 4, 5, 4]
A_12 17.11 A 12 [3, 1, 3, 1, 1, 4, 1, 2, 3, 1, 1, 3, 1, 2, 2, 2, 4, 2, 2, 4, 4, 4, 4, 4, 1, 3, 4, 4, 4, 3, 4, 4, 2, 2, 2, 4, 3, 2, 2, 4, 2, 1, 1, 3, 3, 3, 2, 3, 3, 4, 2, 1, 2, 4, 2, 3, 3, 2, 2, 2, 1, 2, 4, 4, 3, 3, 4, 3, 3, 2, 4, 1, 1, 4, 1, 3, 2, 4, 4, 4] [5, 3, 7, 3, 3, 8, 4, 5, 5, 3, 3, 5, 4, 6, 5, 5, 7, 6, 6, 8, 7, 8, 8, 8, 3, 6, 6, 6, 7, 6, 7, 8, 5, 4, 4, 7, 7, 6, 5, 8, 4, 4, 4, 7, 6, 6, 6, 5, 5, 7, 6, 5, 4, 8, 6, 6, 5, 6, 4, 5, 4, 5, 8, 6, 7, 6, 7, 5, 6, 4, 8, 4, 4, 7, 4, 6, 6, 6, 6, 7]
A_13 23.09 A 13 [4, 4, 1, 3, 4, 3, 1, 2, 2, 2, 3, 1, 2, 4, 3, 3, 4, 4, 1, 3, 4, 3, 4, 1, 4, 4, 4, 4, 1, 2, 2, 1, 2, 4, 2, 4, 4, 1, 2, 3, 3, 2, 2, 2, 2, 4, 3, 3, 3, 1, 4, 1, 3, 2, 3, 1, 3, 4, 4, 4, 1, 4, 4, 3, 3, 3, 3, 2, 2, 1, 2, 4, 2, 3, 2, 4, 3, 2, 2, 2] [6, 8, 5, 5, 7, 6, 5, 5, 6, 5, 6, 3, 6, 8, 6, 7, 6, 7, 5, 5, 7, 7, 7, 5, 8, 6, 8, 8, 3, 5, 4, 5, 4, 7, 4, 6, 7, 4, 4, 7, 7, 5, 4, 6, 4, 7, 5, 7, 7, 5, 7, 5, 5, 6, 7, 4, 7, 6, 7, 8, 4, 6, 8, 6, 7, 5, 6, 6, 5, 5, 5, 6, 4, 6, 5, 8, 5, 6, 4, 6]
A_14 24.09 A 14 [2, 3, 2, 3, 4, 2, 4, 1, 1, 3, 1, 1, 2, 3, 1, 1, 2, 1, 1, 2, 2, 3, 2, 2, 4, 4, 2, 3, 4, 1, 1, 3, 3, 3, 4, 4, 3, 3, 1, 1, 1, 2, 3, 3, 3, 3, 2, 2, 2, 2, 2, 3, 3, 1, 1, 1, 2, 4, 1, 4, 1, 2, 3, 3, 3, 1, 1, 4, 1, 2, 2, 2, 1, 3, 2, 3, 3, 1, 3, 3] [5, 5, 5, 7, 7, 5, 6, 5, 5, 6, 4, 4, 5, 6, 4, 5, 6, 5, 3, 6, 5, 7, 4, 5, 7, 6, 5, 6, 7, 5, 5, 6, 7, 6, 8, 6, 6, 6, 3, 3, 3, 4, 5, 7, 7, 7, 5, 5, 5, 4, 4, 7, 7, 4, 4, 4, 6, 8, 5, 6, 3, 4, 5, 7, 5, 5, 5, 6, 3, 4, 5, 6, 4, 6, 5, 6, 7, 3, 5, 5]
A_15 25.09 A 15 [1, 4, 3, 3, 1, 4, 4, 1, 4, 4, 1, 2, 2, 3, 1, 2, 2, 4, 4, 1, 4, 3, 3, 3, 4, 4, 3, 2, 1, 1, 4, 4, 2, 1, 1, 4, 4, 3, 1, 3, 1, 1, 1, 4, 4, 4, 2, 2, 3, 1, 1, 4, 1, 3, 2, 4, 3, 2, 2, 3, 3, 2, 4, 1, 2, 4, 1, 4, 2, 2, 2, 3, 2, 2, 3, 1, 3, 4, 2, 2] [4, 8, 7, 7, 4, 8, 7, 5, 8, 6, 3, 6, 5, 7, 5, 5, 5, 8, 7, 3, 6, 6, 7, 6, 8, 6, 7, 6, 3, 4, 8, 6, 5, 4, 5, 7, 8, 6, 3, 5, 3, 5, 5, 7, 8, 8, 6, 6, 5, 4, 4, 6, 3, 5, 5, 8, 5, 4, 6, 7, 7, 6, 8, 3, 5, 7, 5, 6, 4, 6, 6, 7, 6, 6, 7, 3, 5, 7, 4, 6]
A_16 27.14 A 16 [1, 4, 2, 2, 4, 4, 4, 1, 1, 3, 2, 1, 4, 4, 2, 2, 1, 2, 3, 4, 1, 3, 2, 1, 3, 4, 3, 4, 2, 2, 3, 4, 2, 2, 2, 2, 2, 1, 1, 4, 4, 4, 4, 4, 1, 2, 2, 4, 3, 1, 2, 4, 1, 4, 4, 3, 1, 1, 1, 3, 1, 3, 4, 1, 2, 1, 2, 2, 4, 3, 2, 4, 1, 4, 3, 2, 1, 2, 2, 3] [5, 7, 6, 6, 6, 6, 6, 5, 3, 7, 6, 5, 7, 6, 6, 5, 3, 6, 6, 6, 4, 7, 6, 3, 5, 6, 6, 7, 4, 6, 5, 7, 4, 6, 5, 5, 6, 3, 3, 6, 8, 6, 6, 8, 5, 4, 4, 8, 7, 4, 4, 6, 4, 8, 8, 6, 5, 4, 4, 7, 4, 5, 8, 3, 5, 3, 6, 6, 6, 7, 5, 8, 5, 7, 6, 6, 5, 4, 5, 7]
A_17 29.0 A 17 [3, 3, 4, 2, 3, 3, 2, 4, 2, 2, 3, 4, 2, 4, 1, 4, 2, 1, 4, 4, 2, 3, 3, 1, 3, 2, 3, 4, 2, 3, 1, 2, 4, 3, 3, 3, 2, 3, 3, 3, 1, 3, 2, 4, 2, 1, 2, 3, 3, 2, 2, 4, 3, 2, 3, 1, 4, 2, 3, 4, 2, 1, 2, 3, 4, 2, 3, 1, 1, 2, 4, 1, 4, 1, 1, 2, 1, 1, 2, 4] [6, 6, 8, 6, 5, 7, 5, 7, 6, 6, 6, 7, 6, 7, 5, 8, 6, 3, 6, 7, 4, 6, 6, 4, 7, 4, 5, 7, 4, 7, 4, 4, 7, 5, 7, 7, 5, 7, 7, 7, 4, 5, 6, 7, 5, 4, 6, 5, 6, 5, 4, 8, 6, 5, 5, 3, 6, 6, 7, 7, 6, 4, 6, 5, 7, 6, 6, 3, 3, 5, 6, 5, 8, 3, 5, 6, 4, 5, 4, 7]
A_18 32.41 A 18 [1, 1, 2, 4, 3, 3, 2, 3, 4, 3, 3, 1, 2, 1, 1, 4, 3, 4, 1, 2, 1, 1, 3, 4, 3, 4, 1, 2, 1, 4, 2, 4, 3, 2, 4, 4, 1, 1, 4, 4, 1, 4, 1, 4, 1, 4, 2, 3, 2, 2, 4, 1, 4, 3, 3, 3, 2, 2, 2, 3, 4, 1, 1, 1, 2, 3, 1, 4, 2, 3, 4, 2, 1, 4, 1, 4, 1, 4, 4, 2] [3, 4, 5, 7, 7, 5, 6, 5, 6, 7, 5, 4, 6, 5, 3, 7, 6, 6, 4, 6, 4, 3, 6, 6, 7, 8, 4, 4, 5, 8, 5, 6, 7, 4, 7, 6, 5, 3, 6, 6, 5, 7, 5, 6, 5, 6, 4, 6, 5, 5, 7, 3, 7, 6, 5, 5, 5, 6, 5, 5, 7, 3, 5, 5, 6, 7, 3, 8, 5, 6, 6, 6, 5, 6, 3, 6, 3, 6, 8, 4]
A_19 33.589999999999996 A 19 [4, 4, 2, 4, 2, 3, 4, 1, 4, 4, 3, 1, 4, 3, 2, 1, 4, 4, 2, 2, 1, 1, 4, 3, 4, 3, 1, 4, 4, 3, 1, 4, 2, 1, 1, 1, 1, 3, 3, 4, 2, 4, 3, 1, 2, 1, 2, 3, 1, 2, 3, 1, 2, 1, 4, 3, 4, 4, 4, 4, 2, 2, 1, 3, 2, 2, 3, 1, 1, 1, 1, 2, 3, 4, 1, 1, 3, 2, 4, 2] [6, 6, 6, 6, 5, 5, 6, 5, 8, 7, 7, 4, 8, 5, 6, 3, 6, 7, 6, 5, 5, 3, 8, 5, 8, 7, 3, 7, 7, 6, 5, 8, 5, 3, 3, 3, 5, 6, 5, 8, 5, 7, 5, 5, 4, 4, 5, 5, 5, 4, 7, 3, 5, 3, 7, 6, 8, 8, 8, 6, 5, 5, 3, 7, 6, 4, 6, 3, 4, 3, 5, 4, 6, 7, 5, 5, 7, 6, 8, 4]
A_20 34.589999999999996 A 20 [1, 3, 3, 3, 3, 4, 3, 4, 4, 1, 4, 4, 4, 4, 2, 4, 1, 2, 1, 1, 4, 3, 3, 1, 2, 2, 1, 3, 4, 4, 1, 2, 4, 2, 4, 4, 1, 1, 1, 3, 2, 1, 3, 3, 2, 2, 3, 2, 2, 3, 1, 2, 2, 1, 2, 1, 1, 3, 1, 2, 3, 4, 4, 1, 4, 3, 2, 2, 2, 2, 1, 2, 4, 3, 3, 3, 1, 1, 2, 3] [4, 7, 6, 6, 7, 8, 5, 7, 7, 5, 7, 6, 7, 7, 5, 6, 4, 4, 4, 5, 8, 7, 7, 4, 6, 6, 4, 5, 7, 8, 5, 6, 7, 5, 6, 6, 5, 5, 5, 6, 4, 5, 5, 6, 5, 6, 7, 6, 5, 6, 3, 6, 4, 4, 5, 3, 5, 6, 4, 4, 5, 7, 6, 4, 8, 5, 5, 4, 4, 4, 5, 5, 8, 5, 5, 6, 5, 3, 4, 6]
A_21 35.589999999999996 A 21 [2, 1, 3, 2, 2, 1, 4, 1, 2, 4, 3, 1, 4, 3, 3, 3, 3, 3, 1, 1, 3, 4, 2, 3, 3, 3, 2, 3, 4, 4, 3, 1, 1, 2, 4, 2, 3, 4, 3, 4, 3, 4, 2, 4, 3, 3, 3, 4, 2, 1, 3, 4, 1, 2, 2, 3, 1, 3, 1, 3, 1, 4, 2, 2, 2, 1, 4, 4, 1, 3, 4, 1, 2, 3, 1, 4, 2, 1, 3, 2] [6, 5, 5, 4, 6, 5, 6, 5, 5, 7, 5, 3, 8, 7, 7, 6, 7, 6, 3, 3, 7, 6, 4, 6, 7, 6, 6, 6, 7, 7, 5, 5, 4, 6, 8, 5, 6, 6, 6, 7, 6, 6, 5, 7, 6, 6, 7, 6, 6, 4, 5, 6, 3, 5, 5, 7, 4, 5, 5, 6, 3, 8, 4, 4, 4, 4, 8, 8, 4, 7, 8, 3, 6, 6, 5, 6, 5, 4, 7, 6]
A_22 37.05 A 22 [2, 3, 1, 1, 2, 4, 4, 2, 4, 2, 2, 4, 4, 4, 2, 3, 2, 3, 3, 4, 3, 2, 3, 1, 4, 4, 1, 3, 3, 4, 2, 2, 4, 3, 4, 1, 3, 4, 1, 1, 1, 1, 4, 3, 2, 1, 3, 2, 2, 2, 3, 1, 3, 1, 3, 3, 2, 2, 4, 1, 2, 4, 2, 3, 1, 2, 3, 3, 2, 2, 2, 1, 3, 1, 2, 2, 1, 4, 1, 3] [4, 5, 4, 3, 6, 8, 6, 4, 7, 4, 5, 8, 8, 7, 4, 7, 6, 6, 6, 8, 7, 4, 6, 3, 8, 8, 3, 7, 7, 6, 4, 4, 7, 6, 8, 4, 7, 6, 4, 5, 4, 4, 6, 5, 5, 5, 6, 6, 5, 6, 5, 5, 5, 4, 6, 6, 6, 6, 8, 3, 5, 8, 6, 5, 5, 6, 6, 6, 4, 5, 6, 4, 7, 5, 5, 4, 5, 6, 4, 6]
A_23 39.169999999999995 A 23 [3, 4, 2, 1, 1, 2, 2, 3, 1, 1, 1, 4, 4, 1, 2, 3, 1, 1, 4, 3, 1, 3, 1, 1, 3, 2, 1, 4, 1, 2, 2, 3, 4, 3, 2, 1, 3, 1, 4, 2, 4, 4, 4, 4, 2, 4, 1, 1, 3, 2, 2, 3, 1, 4, 4, 3, 1, 4, 1, 4, 3, 4, 3, 1, 4, 3, 2, 4, 3, 3, 1, 3, 2, 1, 3, 3, 3, 2, 3, 2] [5, 7, 5, 4, 4, 5, 6, 7, 4, 4, 3, 8, 8, 5, 5, 6, 3, 4, 6, 5, 4, 6, 3, 5, 6, 5, 3, 6, 4, 6, 6, 5, 8, 7, 4, 3, 6, 4, 8, 6, 7, 7, 7, 7, 6, 8, 3, 3, 7, 4, 6, 7, 4, 7, 6, 6, 4, 8, 5, 7, 7, 8, 7, 4, 8, 5, 4, 8, 7, 7, 3, 7, 6, 5, 5, 6, 5, 6, 6, 4]
A_24 41.14999999999999 A 24 [2, 4, 4, 1, 4, 1, 2, 1, 2, 2, 2, 1, 1, 4, 4, 4, 3, 3, 3, 4, 2, 3, 4, 3, 1, 1, 4, 3, 1, 4, 1, 1, 3, 1, 2, 2, 3, 1, 3, 4, 3, 1, 2, 3, 3, 3, 3, 4, 3, 1, 4, 2, 4, 2, 1, 3, 4, 1, 1, 2, 1, 4, 1, 4, 2, 2, 1, 3, 1, 4, 3, 1, 3, 4, 1, 2, 2, 2, 3, 3] [5, 7, 7, 4, 7, 5, 4, 4, 4, 4, 4, 3, 3, 8, 7, 8, 5, 7, 7, 8, 6, 7, 8, 6, 4, 5, 7, 7, 5, 6, 4, 3, 7, 3, 5, 6, 6, 3, 7, 7, 7, 5, 5, 7, 5, 7, 5, 7, 5, 3, 6, 4, 6, 5, 5, 6, 8, 3, 3, 4, 5, 7, 5, 7, 6, 6, 3, 7, 4, 6, 7, 5, 6, 7, 3, 4, 5, 4, 7, 5]
A_25 42.30999999999999 A 25 [3, 4, 2, 3, 3, 3, 3, 3, 1, 1, 1, 1, 3, 4, 4, 4, 4, 2, 4, 3, 2, 3, 4, 2, 1, 2, 3, 1, 2, 3, 3, 3, 4, 1, 1, 3, 4, 3, 4, 1, 1, 1, 3, 3, 3, 2, 3, 3, 4, 2, 3, 4, 3, 2, 4, 1, 2, 1, 4, 4, 1, 4, 2, 2, 3, 2, 1, 3, 4, 4, 1, 1, 3, 3, 1, 3, 4, 3, 4, 3] [6, 7, 4, 5, 6, 5, 7, 5, 5, 4, 3, 4, 6, 6, 6, 6, 6, 4, 8, 7, 6, 6, 8, 5, 5, 5, 5, 3, 4, 6, 7, 7, 7, 5, 4, 6, 8, 7, 7, 5, 3, 4, 5, 5, 6, 6, 7, 6, 7, 4, 6, 7, 5, 4, 6, 5, 5, 4, 6, 8, 4, 7, 6, 6, 6, 4, 4, 6, 6, 6, 4, 4, 5, 7, 4, 5, 6, 6, 8, 7]
A_26 43.30999999999999 A 26 [1, 1, 3, 1, 3, 2, 1, 1, 3, 1, 3, 3, 4, 4, 2, 3, 3, 3, 1, 1, 1, 2, 1, 1, 4, 3, 1, 2, 4, 4, 1, 4, 4, 2, 3, 1, 3, 1, 4, 3, 1, 4, 3, 4, 2, 1, 2, 1, 1, 3, 1, 1, 2, 1, 3, 3, 1, 1, 1, 4, 2, 2, 3, 1, 1, 1, 1, 2, 2, 4, 3, 3, 2, 2, 2, 2, 3, 4, 3, 4] [3, 3, 6, 3, 7, 5, 3, 5, 5, 3, 7, 7, 6, 8, 5, 7, 6, 5, 4, 3, 4, 6, 3, 3, 7, 5, 5, 6, 8, 7, 4, 6, 6, 4, 5, 5, 6, 5, 6, 7, 4, 6, 7, 8, 5, 3, 4, 5, 3, 5, 5, 4, 4, 3, 5, 5, 5, 4, 4, 8, 4, 6, 5, 4, 4, 4, 3, 4, 4, 7, 7, 5, 4, 6, 4, 5, 7, 6, 6, 6]
A_27 44.30999999999999 A 27 [3, 2, 3, 4, 1, 1, 2, 1, 2, 2, 2, 4, 4, 4, 3, 2, 4, 4, 2, 4, 3, 3, 3, 4, 3, 1, 2, 3, 1, 1, 1, 1, 1, 4, 1, 4, 3, 1, 1, 3, 1, 2, 1, 4, 2, 1, 4, 4, 3, 4, 4, 2, 2, 1, 3, 1, 3, 4, 4, 1, 3, 3, 1, 4, 1, 4, 2, 3, 3, 4, 4, 1, 4, 3, 2, 2, 1, 4, 2, 4] [7, 5, 7, 7, 3, 3, 5, 4, 5, 5, 4, 8, 6, 8, 6, 6, 7, 7, 4, 7, 5, 6, 7, 6, 7, 3, 6, 7, 3, 4, 5, 3, 5, 6, 5, 7, 6, 5, 5, 7, 3, 6, 3, 7, 5, 5, 8, 8, 7, 8, 7, 5, 6, 4, 7, 4, 5, 8, 8, 3, 7, 6, 4, 7, 4, 8, 4, 5, 7, 7, 8, 4, 7, 7, 5, 5, 5, 7, 6, 6]
A_28 45.30999999999999 A 28 [3, 2, 3, 4, 1, 3, 4, 4, 4, 2, 3, 3, 4, 1, 4, 1, 2, 2, 1, 4, 4, 4, 3, 1, 1, 2, 4, 1, 1, 2, 4, 4, 1, 3, 4, 2, 1, 3, 1, 4, 2, 3, 3, 4, 1, 4, 3, 4, 1, 1, 1, 4, 3, 4, 2, 1, 2, 4, 1, 4, 1, 3, 1, 2, 4, 4, 1, 1, 4, 3, 1, 4, 1, 2, 1, 1, 4, 1, 3, 1] [7, 6, 7, 6, 4, 5, 6, 8, 8, 4, 6, 7, 7, 3, 7, 3, 4, 4, 5, 7, 7, 7, 7, 4, 5, 4, 8, 3, 4, 5, 7, 6, 3, 6, 8, 6, 3, 5, 3, 6, 5, 5, 7, 8, 3, 7, 6, 7, 4, 3, 5, 7, 5, 8, 4, 3, 4, 7, 3, 8, 3, 6, 5, 5, 6, 7, 4, 5, 8, 5, 5, 8, 3, 6, 4, 3, 6, 5, 5, 3]
A_29 46.59999999999999 A 29 [2, 1, 3, 4, 4, 2, 4, 2, 1, 2, 4, 3, 3, 2, 1, 1, 2, 3, 4, 3, 4, 4, 4, 2, 4, 3, 4, 1, 2, 1, 3, 4, 4, 2, 2, 4, 2, 4, 2, 2, 4, 2, 2, 2, 3, 1, 2, 2, 3, 2, 2, 3, 2, 2, 2, 2, 2, 4, 4, 4, 3, 2, 2, 2, 3, 2, 3, 3, 2, 1, 1, 2, 3, 1, 3, 3, 3, 3, 1, 3] [6, 3, 5, 7, 8, 4, 7, 5, 5, 5, 7, 7, 6, 5, 5, 4, 6, 7, 8, 6, 8, 7, 6, 6, 6, 6, 7, 4, 5, 5, 7, 7, 7, 6, 4, 8, 6, 6, 6, 6, 7, 4, 4, 6, 5, 3, 4, 5, 6, 4, 5, 6, 6, 6, 4, 6, 5, 7, 6, 8, 7, 4, 4, 5, 6, 6, 5, 5, 4, 3, 5, 6, 6, 3, 7, 5, 5, 7, 4, 5]
A_30 47.65999999999999 A 30 [1, 4, 3, 1, 2, 3, 1, 1, 2, 3, 3, 2, 4, 2, 1, 4, 3, 1, 2, 1, 1, 3, 2, 2, 1, 3, 1, 1, 4, 3, 4, 2, 2, 2, 4, 1, 4, 3, 4, 2, 4, 4, 2, 2, 1, 1, 4, 2, 4, 2, 1, 2, 3, 1, 3, 3, 4, 1, 2, 1, 2, 3, 2, 2, 4, 2, 2, 2, 1, 3, 1, 2, 3, 4, 2, 2, 1, 2, 2, 1] [4, 6, 7, 4, 6, 6, 5, 3, 6, 5, 6, 6, 7, 4, 5, 8, 5, 4, 5, 5, 5, 5, 4, 6, 4, 7, 4, 5, 7, 7, 8, 6, 5, 5, 6, 4, 8, 5, 7, 6, 6, 8, 5, 6, 4, 5, 7, 6, 8, 4, 5, 4, 6, 5, 7, 7, 6, 4, 6, 3, 4, 6, 5, 4, 6, 4, 6, 4, 5, 5, 3, 6, 6, 6, 4, 6, 5, 5, 6, 3]
A_31 48.65999999999999 A 31 [3, 1, 4, 1, 4, 3, 4, 3, 3, 4, 3, 1, 4, 1, 3, 4, 4, 2, 4, 4, 2, 1, 2, 3, 1, 3, 4, 1, 4, 4, 2, 3, 2, 1, 3, 1, 4, 2, 1, 3, 4, 1, 3, 4, 4, 2, 2, 1, 4, 4, 1, 1, 3, 4, 3, 3, 4, 3, 2, 4, 2, 4, 2, 2, 2, 1, 2, 2, 4, 3, 3, 2, 3, 3, 2, 3, 2, 1, 2, 1] [5, 3, 6, 3, 7, 5, 7, 7, 7, 6, 6, 3, 8, 5, 6, 6, 7, 4, 6, 8, 6, 5, 4, 5, 3, 7, 6, 3, 6, 7, 6, 5, 4, 4, 6, 4, 8, 6, 5, 7, 8, 5, 6, 8, 6, 6, 5, 4, 6, 6, 4, 5, 7, 8, 7, 5, 7, 6, 6, 8, 5, 8, 5, 6, 5, 5, 4, 4, 8, 5, 6, 5, 6, 7, 6, 7, 4, 4, 6, 3]
A_32 49.65999999999999 A 32 [1, 4, 2, 3, 2, 4, 3, 3, 4, 3, 1, 4, 2, 2, 3, 2, 2, 4, 3, 2, 4, 1, 4, 4, 3, 4, 4, 1, 1, 4, 2, 2, 1, 1, 1, 1, 4, 2, 4, 3, 2, 2, 2, 4, 4, 3, 2, 1, 3, 4, 4, 4, 4, 2, 2, 4, 4, 3, 3, 4, 2, 1, 1, 1, 1, 1, 2, 2, 2, 3, 2, 1, 1, 4, 2, 1, 4, 3, 4, 1] [3, 8, 4, 7, 6, 7, 6, 5, 6, 5, 4, 6, 5, 4, 7, 5, 4, 7, 7, 5, 7, 4, 7, 8, 7, 7, 6, 5, 3, 7, 5, 4, 4, 4, 4, 5, 6, 6, 8, 6, 4, 5, 5, 8, 6, 7, 4, 3, 5, 7, 8, 6, 7, 4, 5, 7, 7, 6, 6, 7, 4, 3, 3, 4, 5, 4, 6, 5, 4, 7, 4, 5, 3, 7, 6, 5, 7, 7, 8, 4]
A_33 51.15999999999999 A 33 [3, 4, 4, 1, 4, 3, 3, 1, 2, 3, 4, 2, 2, 4, 3, 1, 2, 3, 2, 1, 2, 2, 3, 3, 1, 1, 2, 4, 3, 2, 2, 1, 1, 3, 4, 2, 1, 1, 1, 3, 2, 4, 2, 2, 4, 2, 4, 4, 1, 2, 2, 1, 4, 3, 1, 3, 3, 3, 2, 3, 1, 4, 2, 4, 3, 4, 2, 4, 4, 2, 4, 2, 1, 4, 3, 2, 4, 1, 3, 3] [7, 8, 7, 3, 6, 5, 6, 5, 4, 7, 7, 6, 4, 7, 6, 4, 6, 5, 4, 3, 5, 6, 6, 7, 3, 5, 4, 6, 6, 6, 5, 4, 4, 5, 8, 4, 3, 3, 5, 6, 6, 8, 5, 6, 6, 4, 8, 6, 4, 6, 6, 4, 8, 6, 4, 5, 7, 6, 4, 5, 4, 8, 4, 7, 5, 7, 5, 8, 7, 5, 7, 4, 4, 8, 6, 6, 8, 4, 5, 6]
A_34 52.15999999999999 A 34 [4, 4, 3, 1, 4, 2, 1, 1, 1, 1, 4, 3, 2, 2, 4, 1, 2, 3, 4, 1, 4, 4, 4, 2, 2, 1, 3, 1, 4, 2, 4, 3, 1, 4, 3, 1, 4, 3, 3, 1, 4, 4, 4, 2, 1, 2, 1, 2, 3, 1, 1, 3, 3, 2, 4, 1, 4, 2, 2, 4, 4, 1, 1, 4, 4, 3, 1, 4, 2, 4, 4, 2, 1, 4, 1, 4, 1, 4, 4, 1] [7, 8, 7, 5, 6, 4, 4, 4, 5, 3, 7, 7, 4, 4, 8, 5, 5, 7, 7, 3, 6, 8, 8, 4, 5, 4, 5, 5, 8, 4, 6, 6, 4, 8, 6, 4, 8, 7, 5, 5, 8, 7, 8, 6, 3, 6, 3, 4, 5, 5, 5, 5, 6, 5, 8, 3, 7, 4, 5, 7, 8, 3, 4, 6, 8, 7, 5, 6, 5, 7, 8, 6, 3, 7, 5, 8, 4, 8, 6, 3]
A_35 54.15999999999999 A 35 [1, 2, 2, 4, 4, 2, 3, 4, 3, 3, 3, 4, 4, 4, 4, 4, 2, 3, 4, 1, 4, 2, 1, 1, 2, 3, 1, 4, 2, 4, 1, 1, 1, 2, 1, 2, 2, 3, 4, 4, 1, 4, 2, 1, 3, 4, 4, 1, 2, 2, 1, 2, 3, 4, 4, 3, 2, 2, 3, 3, 1, 4, 4, 4, 3, 2, 3, 1, 1, 1, 4, 4, 3, 3, 1, 4, 4, 4, 3, 2] [4, 5, 6, 6, 7, 6, 7, 6, 5, 6, 6, 8, 7, 6, 6, 7, 5, 7, 6, 3, 6, 5, 4, 3, 6, 6, 5, 7, 6, 8, 4, 4, 5, 4, 4, 5, 6, 6, 6, 8, 3, 7, 6, 3, 6, 6, 8, 3, 4, 6, 5, 5, 7, 7, 8, 7, 6, 4, 6, 5, 4, 7, 8, 7, 7, 5, 5, 5, 5, 5, 6, 8, 7, 7, 3, 6, 7, 8, 7, 5]
A_36 55.15999999999999 A 36 [1, 2, 2, 1, 4, 3, 1, 3, 4, 4, 4, 1, 3, 4, 3, 4, 2, 2, 1, 1, 1, 3, 3, 3, 3, 4, 3, 3, 1, 2, 4, 4, 4, 1, 4, 2, 2, 1, 4, 4, 1, 2, 2, 3, 1, 4, 1, 1, 2, 2, 1, 3, 1, 3, 2, 1, 1, 4, 3, 3, 2, 3, 3, 3, 1, 4, 2, 1, 2, 2, 4, 3, 1, 4, 4, 3, 3, 2, 2, 2] [5, 4, 5, 3, 6, 6, 5, 7, 8, 7, 8, 5, 7, 7, 6, 8, 6, 5, 5, 5, 5, 6, 7, 6, 6, 8, 6, 6, 3, 6, 8, 8, 6, 3, 8, 6, 5, 5, 8, 6, 4, 5, 4, 7, 5, 8, 3, 4, 5, 4, 5, 7, 4, 7, 4, 3, 3, 6, 7, 7, 5, 7, 5, 6, 3, 7, 5, 4, 4, 4, 7, 6, 5, 6, 8, 6, 6, 6, 5, 5]
A_37 56.93999999999999 A 37 [3, 1, 1, 3, 4, 2, 3, 2, 4, 3, 3, 1, 2, 1, 3, 3, 1, 3, 1, 3, 1, 4, 4, 1, 1, 3, 1, 1, 3, 4, 3, 2, 2, 1, 3, 3, 1, 3, 4, 2, 2, 4, 3, 1, 2, 1, 1, 2, 1, 1, 1, 3, 2, 3, 1, 1, 1, 3, 3, 2, 3, 2, 4, 4, 3, 2, 4, 4, 1, 2, 1, 4, 3, 2, 4, 3, 2, 2, 3, 4] [7, 5, 5, 7, 6, 4, 6, 6, 7, 6, 5, 5, 6, 4, 6, 6, 3, 7, 3, 6, 5, 6, 6, 4, 3, 7, 5, 5, 5, 6, 5, 6, 6, 3, 7, 6, 5, 7, 8, 5, 4, 8, 6, 4, 4, 5, 4, 4, 4, 4, 3, 5, 6, 6, 4, 3, 3, 5, 7, 6, 5, 6, 6, 6, 6, 5, 6, 6, 3, 4, 5, 8, 7, 6, 7, 5, 5, 4, 6, 6]
A_38 57.93999999999999 A 38 [1, 4, 3, 3, 4, 3, 1, 4, 3, 3, 1, 1, 2, 2, 1, 1, 1, 3, 4, 3, 1, 3, 1, 4, 3, 4, 4, 1, 1, 2, 4, 1, 4, 1, 3, 4, 4, 4, 3, 1, 2, 1, 1, 1, 3, 3, 1, 2, 4, 2, 1, 2, 1, 1, 3, 4, 2, 3, 2, 1, 4, 2, 2, 1, 4, 1, 1, 4, 2, 2, 4, 2, 3, 3, 2, 2, 1, 3, 2, 2] [3, 8, 6, 5, 8, 6, 5, 7, 5, 6, 5, 3, 5, 4, 3, 3, 3, 7, 6, 5, 5, 6, 4, 8, 7, 7, 6, 5, 3, 6, 7, 5, 8, 5, 5, 6, 8, 8, 6, 5, 6, 4, 3, 3, 5, 6, 4, 4, 8, 4, 4, 4, 5, 4, 7, 6, 4, 7, 5, 4, 7, 5, 5, 3, 7, 5, 3, 8, 5, 4, 7, 4, 5, 5, 4, 5, 5, 6, 5, 5]
A_39 60.91999999999999 A 39 [2, 2, 1, 1, 1, 3, 1, 2, 4, 4, 2, 1, 4, 3, 1, 3, 4, 3, 4, 4, 3, 4, 1, 2, 4, 1, 3, 3, 4, 2, 2, 3, 3, 3, 1, 4, 4, 2, 1, 1, 2, 3, 3, 3, 1, 2, 2, 1, 2, 4, 2, 1, 2, 3, 3, 1, 3, 4, 4, 4, 4, 4, 3, 4, 1, 2, 4, 4, 1, 2, 4, 1, 2, 1, 3, 4, 3, 1, 3, 4] [6, 6, 4, 3, 3, 5, 4, 5, 7, 8, 5, 4, 8, 7, 3, 5, 6, 7, 6, 8, 6, 7, 5, 6, 7, 5, 7, 7, 6, 6, 6, 7, 6, 6, 5, 8, 6, 5, 5, 3, 5, 6, 5, 7, 4, 4, 6, 4, 4, 6, 5, 3, 6, 5, 6, 4, 5, 6, 7, 7, 6, 6, 6, 6, 3, 4, 8, 7, 4, 5, 7, 5, 5, 4, 5, 8, 6, 4, 7, 6]
B_0 1 B 40 [1, 2, 2, 3, 2, 3, 2, 2, 4, 2, 1, 3, 2, 3, 1, 1, 4, 1, 1, 2, 2, 3, 1, 4, 3, 1, 1, 1, 2, 4, 4, 4, 2, 2, 4, 1, 1, 2, 2, 2, 3, 2, 4, 3, 4, 4, 3, 4, 1, 2, 4, 1, 2, 2, 3, 1, 4, 2, 3, 3, 3, 3, 2, 2, 1, 3, 4, 4, 1, 3, 3, 2, 4, 4, 1, 2, 3, 3, 3, 1] [5, 5, 6, 5, 5, 6, 6, 5, 8, 6, 3, 5, 4, 7, 3, 3, 8, 4, 5, 5, 4, 6, 4, 7, 7, 3, 4, 3, 5, 7, 6, 8, 4, 6, 8, 3, 4, 4, 6, 5, 7, 5, 6, 5, 7, 6, 7, 7, 3, 6, 7, 3, 6, 5, 6, 4, 8, 4, 6, 5, 7, 7, 5, 5, 4, 5, 6, 7, 4, 7, 5, 6, 6, 6, 3, 4, 7, 6, 7, 4]
B_1 2 B 41 [3, 4, 1, 2, 3, 4, 2, 2, 4, 3, 2, 4, 1, 2, 2, 1, 4, 3, 4, 4, 1, 4, 1, 4, 1, 1, 4, 2, 3, 2, 4, 1, 2, 4, 4, 4, 2, 4, 1, 3, 2, 2, 1, 1, 2, 4, 2, 2, 1, 3, 3, 2, 1, 3, 1, 2, 1, 3, 2, 4, 3, 3, 2, 1, 2, 1, 1, 2, 3, 4, 4, 1, 4, 3, 1, 1, 2, 3, 1, 3] [7, 6, 5, 5, 6, 7, 5, 5, 8, 5, 5, 8, 4, 5, 4, 5, 6, 5, 7, 7, 5, 6, 4, 7, 5, 4, 6, 6, 5, 4, 8, 5, 5, 8, 7, 7, 5, 8, 4, 6, 5, 5, 5, 4, 4, 8, 5, 5, 4, 7, 5, 6, 5, 6, 3, 5, 5, 5, 6, 8, 5, 5, 4, 3, 4, 3, 5, 5, 7, 6, 6, 4, 6, 7, 4, 3, 4, 6, 3, 7]
B_2 3 B 42 [4, 1, 4, 4, 1, 2, 2, 1, 4, 2, 1, 4, 1, 2, 3, 1, 4, 2, 1, 3, 3, 2, 4, 4, 2, 3, 3, 1, 3, 2, 2, 3, 2, 2, 4, 2, 2, 3, 1, 3, 4, 1, 4, 2, 1, 1, 3, 4, 3, 2, 1, 3, 2, 1, 2, 1, 1, 3, 4, 3, 4, 1, 2, 3, 4, 1, 3, 1, 3, 1, 3, 3, 4, 1, 2, 2, 4, 2, 4, 2] [6, 5, 7, 7, 4, 5, 6, 3, 6, 5, 3, 7, 4, 4, 5, 5, 6, 6, 5, 5, 5, 5, 6, 7, 5, 5, 7, 3, 7, 4, 5, 6, 5, 5, 8, 6, 4, 6, 3, 5, 6, 5, 8, 6, 5, 4, 5, 6, 7, 4, 5, 5, 5, 3, 6, 5, 5, 7, 8, 5, 6, 5, 6, 7, 7, 5, 5, 4, 6, 4, 5, 6, 6, 4, 4, 6, 6, 5, 7, 4]
B_3 4 B 43 [2, 3, 4, 4, 4, 4, 1, 4, 3, 4, 3, 4, 3, 2, 3, 4, 4, 4, 4, 1, 3, 4, 3, 4, 3, 3, 4, 4, 4, 2, 2, 4, 4, 2, 2, 1, 3, 1, 1, 3, 3, 1, 2, 2, 3, 2, 1, 4, 2, 3, 1, 2, 1, 3, 3, 4, 2, 2, 3, 1, 3, 3, 1, 1, 3, 1, 1, 1, 4, 1, 1, 3, 2, 2, 3, 3, 1, 2, 1, 2] [4, 7, 7, 6, 8, 6, 3, 8, 7, 8, 7, 6, 7, 6, 7, 7, 8, 7, 6, 5, 6, 7, 5, 7, 7, 5, 8, 7, 8, 6, 6, 8, 8, 6, 6, 3, 7, 4, 3, 7, 5, 4, 6, 4, 7, 6, 5, 7, 4, 5, 3, 4, 3, 7, 6, 6, 6, 5, 6, 4, 6, 5, 5, 4, 7, 3, 5, 3, 6, 3, 5, 5, 5, 5, 5, 5, 3, 4, 4, 4]
B_4 5 B 44 [2, 4, 4, 1, 4, 4, 1, 3, 3, 2, 2, 1, 3, 2, 3, 4, 1, 2, 1, 2, 2, 3, 2, 2, 3, 3, 2, 2, 1, 3, 1, 4, 4, 4, 1, 3, 1, 2, 3, 1, 4, 2, 1, 3, 3, 3, 3, 2, 3, 3, 1, 3, 3, 4, 1, 2, 2, 4, 3, 2, 1, 1, 1, 3, 1, 3, 3, 3, 3, 2, 2, 1, 4, 4, 4, 4, 3, 3, 4, 4] [5, 8, 7, 5, 7, 6, 3, 6, 5, 6, 4, 3, 6, 4, 7, 8, 5, 5, 5, 4, 5, 6, 5, 6, 5, 6, 5, 5, 3, 5, 4, 6, 6, 6, 3, 6, 5, 4, 5, 4, 7, 4, 5, 7, 5, 6, 6, 5, 7, 5, 4, 5, 6, 6, 3, 6, 4, 6, 5, 6, 5, 3, 5, 5, 5, 6, 7, 7, 6, 6, 5, 5, 7, 7, 8, 8, 6, 7, 8, 7]
B_5 6 B 45 [4, 3, 2, 4, 1, 4, 1, 3, 2, 2, 4, 3, 3, 4, 3, 4, 2, 1, 4, 1, 2, 3, 1, 4, 3, 2, 1, 1, 4, 1, 1, 2, 3, 2, 2, 4, 4, 1, 3, 2, 4, 4, 1, 2, 3, 4, 2, 4, 3, 2, 3, 4, 2, 2, 4, 4, 2, 1, 2, 3, 1, 4, 2, 4, 2, 4, 2, 1, 3, 2, 1, 4, 2, 4, 3, 3, 4, 1, 2, 3] [8, 7, 6, 7, 5, 7, 4, 6, 6, 6, 6, 5, 6, 7, 7, 8, 4, 4, 6, 4, 6, 6, 5, 8, 7, 6, 3, 5, 7, 3, 5, 6, 7, 4, 6, 6, 8, 5, 6, 4, 6, 8, 4, 6, 6, 8, 6, 8, 5, 5, 7, 8, 6, 6, 7, 8, 6, 5, 4, 7, 3, 6, 4, 7, 5, 8, 6, 5, 7, 6, 4, 8, 6, 7, 7, 6, 8, 4, 4, 5]
B_6 7 B 46 [4, 3, 1, 4, 3, 4, 2, 4, 2, 4, 2, 2, 2, 3, 2, 2, 2, 2, 2, 2, 3, 3, 3, 1, 3, 3, 2, 4, 3, 2, 4, 2, 2, 4, 1, 4, 1, 1, 1, 2, 3, 2, 3, 1, 3, 2, 2, 1, 4, 2, 2, 2, 4, 4, 4, 1, 3, 1, 2, 1, 2, 3, 2, 4, 3, 4, 4, 4, 2, 3, 1, 3, 4, 2, 2, 3, 3, 1, 4, 2] [8, 6, 4, 7, 5, 8, 4, 6, 5, 8, 6, 4, 6, 5, 5, 6, 4, 6, 4, 5, 7, 7, 6, 3, 5, 7, 4, 8, 6, 4, 7, 5, 4, 8, 3, 8, 3, 4, 4, 6, 7, 5, 5, 5, 6, 6, 4, 5, 6, 5, 6, 5, 7, 7, 8, 3, 6, 3, 6, 3, 4, 7, 6, 7, 7, 8, 7, 7, 6, 7, 5, 5, 6, 6, 6, 6, 7, 5, 8, 5]
B_7 9.55 B 47 [2, 2, 3, 1, 2, 2, 3, 1, 4, 3, 2, 1, 3, 3, 2, 2, 4, 3, 3, 3, 2, 4, 2, 1, 4, 3, 1, 4, 4, 2, 2, 1, 1, 4, 2, 1, 1, 2, 2, 1, 4, 2, 4, 4, 2, 4, 1, 3, 4, 2, 2, 4, 4, 1, 2, 4, 2, 2, 1, 3, 4, 1, 3, 3, 4, 3, 4, 2, 3, 3, 2, 4, 2, 4, 4, 1, 1, 2, 3, 2] [4, 4, 7, 3, 5, 4, 6, 3, 6, 5, 6, 4, 5, 7, 5, 6, 8, 5, 6, 5, 6, 6, 6, 3, 7, 6, 5, 8, 7, 5, 6, 4, 3, 6, 4, 3, 4, 4, 4, 4, 7, 5, 6, 7, 5, 8, 5, 7, 6, 5, 6, 7, 8, 3, 5, 7, 6, 4, 4, 7, 6, 3, 5, 6, 8, 5, 7, 6, 6, 5, 5, 6, 4, 6, 8, 4, 3, 4, 5, 5]
B_8 10.55 B 48 [1, 1, 3, 4, 2, 2, 1, 1, 2, 3, 1, 2, 3, 3, 2, 3, 3, 3, 2, 1, 2, 2, 2, 3, 3, 4, 1, 3, 1, 3, 4, 4, 3, 1, 3, 2, 2, 1, 4, 2, 1, 1, 3, 2, 3, 3, 4, 4, 2, 3, 2, 3, 3, 2, 3, 2, 1, 2, 2, 3, 1, 4, 1, 1, 1, 1, 1, 3, 2, 1, 4, 4, 2, 4, 2, 3, 1, 4, 3, 1] [4, 4, 5, 7, 6, 5, 3, 4, 6, 7, 3, 4, 5, 7, 5, 5, 7, 6, 5, 5, 5, 6, 5, 7, 5, 7, 3, 7, 4, 6, 8, 6, 5, 4, 5, 4, 5, 4, 8, 4, 3, 4, 7, 4, 7, 5, 6, 6, 5, 5, 6, 7, 6, 5, 6, 6, 5, 5, 4, 6, 3, 6, 4, 3, 4, 3, 4, 5, 5, 5, 7, 7, 6, 7, 4, 5, 4, 8, 5, 3]
B_9 13.33 B 49 [1, 3, 3, 4, 1, 4, 4, 4, 2, 3, 2, 1, 4, 1, 2, 1, 1, 2, 2, 2, 3, 1, 2, 2, 1, 2, 3, 4, 1, 2, 2, 4, 4, 2, 1, 2, 2, 1, 2, 4, 2, 3, 2, 3, 3, 2, 2, 2, 3, 3, 2, 1, 4, 1, 4, 1, 3, 4, 3, 4, 2, 2, 4, 2, 4, 3, 4, 1, 1, 3, 3, 1, 3, 3, 2, 1, 1, 4, 2, 4] [3, 5, 6, 8, 3, 8, 8, 8, 6, 7, 6, 5, 7, 5, 4, 4, 4, 5, 5, 4, 6, 4, 6, 4, 3, 4, 5, 8, 3, 4, 4, 6, 7, 6, 5, 6, 4, 4, 4, 6, 6, 7, 4, 5, 5, 5, 5, 5, 5, 6, 5, 3, 8, 5, 7, 3, 5, 6, 6, 7, 4, 5, 6, 6, 8, 6, 8, 3, 3, 7, 5, 5, 6, 5, 4, 4, 4, 8, 5, 7]
B_10 14.33 B 50 [1, 2, 2, 1, 4, 1, 4, 1, 1, 1, 4, 1, 2, 4, 2, 1, 2, 2, 4, 3, 1, 3, 3, 2, 4, 3, 1, 4, 1, 2, 1, 1, 4, 2, 1, 1, 1, 1, 1, 2, 4, 3, 1, 1, 1, 3, 2, 2, 2, 2, 4, 1, 2, 3, 4, 2, 3, 3, 4, 4, 2, 1, 3, 4, 4, 3, 2, 4, 1, 2, 1, 4, 4, 2, 4, 3, 1, 1, 2, 4] [5, 6, 6, 3, 8, 3, 8, 3, 5, 5, 6, 5, 6, 7, 4, 4, 4, 4, 7, 7, 3, 5, 5, 6, 6, 6, 5, 7, 5, 5, 5, 4, 8, 6, 5, 5, 5, 3, 4, 5, 7, 5, 5, 3, 4, 7, 6, 6, 6, 5, 6, 4, 6, 5, 6, 6, 7, 6, 7, 6, 5, 5, 7, 7, 6, 6, 6, 8, 4, 6, 3, 7, 7, 6, 8, 5, 5, 3, 6, 6]
B_11 17.53 B 51 [3, 3, 2, 4, 4, 2, 2, 2, 4, 4, 3, 2, 1, 1, 3, 4, 4, 4, 1, 1, 2, 4, 1, 3, 2, 4, 1, 2, 4, 3, 2, 1, 4, 1, 3, 2, 3, 3, 2, 1, 1, 2, 3, 2, 3, 4, 2, 4, 3, 1, 1, 2, 4, 2, 2, 2, 4, 3, 2, 3, 2, 2, 3, 4, 2, 3, 4, 1, 3, 3, 4, 2, 4, 1, 3, 2, 1, 2, 1, 4] [6, 5, 5, 7, 6, 4, 6, 4, 8, 7, 7, 6, 5, 5, 7, 6, 6, 8, 3, 3, 6, 6, 5, 7, 4, 7, 4, 5, 7, 6, 4, 5, 6, 4, 5, 5, 7, 5, 4, 3, 3, 6, 5, 4, 5, 8, 5, 7, 7, 3, 4, 4, 7, 5, 4, 6, 8, 6, 6, 7, 6, 4, 6, 7, 6, 7, 8, 3, 7, 6, 6, 6, 7, 5, 6, 5, 4, 6, 5, 8]
B_12 19.720000000000002 B 52 [4, 2, 1, 2, 4, 1, 4, 4, 4, 1, 3, 2, 2, 3, 3, 1, 1, 3, 4, 2, 2, 1, 3, 1, 4, 3, 2, 2, 3, 2, 3, 3, 4, 4, 3, 3, 1, 2, 1, 2, 2, 1, 2, 1, 3, 2, 4, 4, 3, 4, 2, 4, 1, 1, 1, 3, 4, 3, 4, 3, 2, 3, 2, 2, 4, 1, 3, 2, 1, 4, 3, 2, 4, 2, 3, 1, 1, 1, 3, 3] [7, 4, 3, 4, 7, 4, 7, 8, 7, 3, 5, 5, 4, 5, 7, 3, 4, 6, 7, 5, 4, 3, 5, 4, 6, 5, 4, 6, 5, 6, 6, 7, 7, 8, 6, 7, 4, 6, 5, 6, 6, 5, 5, 3, 6, 6, 7, 8, 6, 8, 6, 7, 4, 4, 3, 5, 6, 5, 6, 6, 6, 6, 5, 6, 7, 4, 5, 4, 4, 6, 5, 5, 8, 5, 7, 5, 3, 3, 5, 5]
B_13 20.720000000000002 B 53 [2, 1, 1, 2, 1, 3, 1, 3, 4, 4, 1, 3, 4, 2, 1, 3, 4, 2, 3, 1, 1, 2, 1, 4, 2, 2, 1, 1, 4, 2, 1, 4, 2, 3, 2, 4, 3, 3, 1, 3, 2, 3, 1, 3, 4, 2, 4, 1, 2, 1, 3, 2, 1, 3, 1, 2, 4, 2, 4, 4, 4, 4, 2, 2, 4, 1, 2, 2, 2, 1, 2, 1, 1, 4, 3, 2, 3, 4, 1, 1] [5, 4, 5, 5, 4, 6, 3, 7, 6, 6, 4, 6, 8, 6, 4, 5, 8, 5, 6, 3, 4, 5, 4, 7, 5, 4, 3, 4, 8, 6, 5, 8, 4, 6, 5, 7, 7, 6, 4, 5, 5, 6, 3, 7, 6, 6, 7, 3, 5, 5, 5, 5, 4, 7, 3, 5, 6, 5, 7, 7, 8, 8, 4, 5, 7, 3, 5, 5, 5, 3, 5, 4, 5, 8, 7, 5, 7, 6, 3, 4]
B_14 21.720000000000002 B 54 [3, 1, 2, 1, 1, 4, 3, 1, 4, 4, 4, 2, 2, 3, 1, 2, 4, 3, 3, 4, 2, 2, 3, 4, 1, 4, 3, 3, 2, 2, 3, 3, 2, 1, 4, 4, 2, 1, 3, 3, 3, 1, 2, 3, 1, 4, 4, 2, 3, 4, 4, 2, 1, 1, 2, 2, 1, 4, 4, 1, 1, 4, 3, 1, 4, 1, 1, 3, 3, 3, 2, 1, 2, 1, 4, 2, 1, 2, 2, 4] [6, 3, 5, 3, 4, 7, 5, 5, 6, 8, 6, 4, 6, 7, 4, 5, 8, 5, 5, 7, 5, 5, 6, 6, 5, 6, 5, 7, 4, 4, 7, 7, 5, 4, 8, 8, 4, 4, 7, 6, 6, 3, 6, 6, 3, 7, 8, 5, 6, 7, 6, 4, 3, 3, 5, 6, 4, 6, 7, 3, 5, 7, 6, 4, 7, 5, 4, 5, 7, 7, 6, 3, 6, 3, 8, 6, 3, 6, 5, 8]
B_15 22.720000000000002 B 55 [3, 4, 4, 2, 4, 2, 4, 2, 3, 2, 1, 1, 3, 1, 1, 4, 3, 1, 3, 3, 1, 3, 3, 3, 3, 1, 3, 1, 1, 2, 3, 3, 4, 3, 1, 3, 1, 1, 4, 1, 1, 2, 1, 4, 2, 4, 1, 4, 2, 1, 2, 2, 3, 2, 2, 2, 3, 1, 3, 3, 1, 2, 3, 1, 4, 4, 2, 2, 1, 4, 4, 4, 3, 1, 4, 4, 1, 1, 3, 3] [6, 7, 8, 6, 8, 6, 8, 4, 5, 5, 4, 4, 6, 4, 4, 8, 6, 3, 5, 6, 3, 7, 6, 6, 6, 5, 5, 4, 3, 6, 7, 5, 7, 5, 3, 7, 3, 3, 6, 4, 4, 5, 5, 6, 6, 8, 3, 7, 6, 3, 6, 6, 5, 5, 6, 4, 7, 5, 7, 5, 5, 5, 5, 5, 7, 6, 4, 6, 3, 8, 6, 8, 6, 3, 7, 6, 5, 4, 5, 6]
B_16 23.720000000000002 B 56 [3, 4, 2, 1, 1, 2, 4, 2, 1, 4, 2, 4, 3, 3, 2, 3, 1, 4, 2, 4, 1, 1, 2, 1, 4, 2, 1, 3, 2, 2, 4, 4, 4, 3, 4, 2, 1, 1, 2, 3, 4, 1, 1, 2, 2, 2, 3, 2, 1, 3, 3, 4, 4, 4, 1, 3, 2, 3, 2, 4, 3, 3, 2, 4, 2, 1, 2, 2, 3, 4, 1, 4, 1, 1, 4, 1, 1, 3, 2, 2] [7, 6, 4, 3, 3, 5, 6, 6, 5, 7, 6, 7, 5, 7, 6, 5, 5, 6, 5, 8, 5, 4, 6, 4, 8, 5, 5, 5, 4, 5, 6, 7, 7, 7, 7, 6, 3, 3, 4, 5, 8, 5, 5, 6, 4, 6, 6, 6, 5, 5, 7, 8, 6, 6, 4, 7, 4, 6, 5, 8, 7, 6, 4, 8, 4, 3, 4, 5, 5, 7, 5, 7, 3, 5, 6, 4, 3, 5, 6, 5]
B_17 24.720000000000002 B 57 [1, 1, 3, 1, 1, 4, 3, 4, 2, 1, 3, 4, 2, 4, 4, 2, 1, 2, 2, 4, 3, 3, 2, 4, 1, 1, 1, 4, 4, 4, 1, 3, 3, 3, 2, 2, 4, 3, 3, 4, 2, 3, 3, 2, 4, 1, 1, 2, 2, 4, 3, 3, 3, 2, 4, 1, 3, 1, 2, 3, 3, 2, 3, 2, 1, 1, 3, 1, 4, 4, 3, 1, 1, 4, 2, 1, 3, 3, 1, 1] [4, 3, 7, 4, 5, 8, 5, 6, 4, 5, 6, 7, 6, 6, 8, 4, 4, 6, 6, 8, 6, 5, 6, 8, 3, 4, 4, 8, 7, 7, 4, 6, 6, 6, 4, 4, 6, 5, 7, 6, 4, 5, 7, 5, 6, 5, 3, 4, 5, 6, 6, 6, 5, 5, 6, 5, 6, 3, 5, 7, 7, 4, 5, 5, 4, 5, 6, 5, 8, 6, 5, 3, 3, 7, 5, 4, 6, 7, 5, 3]
B_18 25.720000000000002 B 58 [3, 4, 3, 4, 2, 2, 2, 3, 4, 1, 2, 4, 2, 4, 1, 2, 1, 3, 2, 4, 1, 1, 4, 1, 1, 4, 1, 4, 1, 4, 2, 2, 3, 2, 2, 3, 3, 3, 2, 4, 3, 2, 4, 3, 3, 2, 2, 1, 2, 3, 4, 2, 4, 4, 4, 3, 2, 2, 1, 4, 3, 4, 2, 3, 4, 4, 1, 3, 2, 2, 4, 1, 1, 4, 4, 3, 2, 1, 1, 3] [5, 8, 5, 7, 4, 6, 4, 6, 7, 5, 5, 7, 4, 7, 5, 6, 4, 7, 5, 8, 4, 5, 8, 5, 3, 6, 4, 8, 3, 6, 6, 6, 6, 4, 5, 6, 7, 7, 5, 7, 6, 6, 8, 6, 5, 4, 6, 4, 4, 6, 7, 6, 6, 7, 7, 7, 5, 5, 4, 7, 6, 7, 4, 5, 7, 6, 3, 5, 5, 5, 8, 5, 3, 7, 6, 6, 5, 5, 4, 6]
B_19 27.01 B 59 [4, 3, 4, 3, 3, 1, 3, 2, 1, 4, 4, 1, 2, 4, 4, 3, 3, 4, 3, 4, 2, 3, 1, 4, 2, 4, 4, 1, 4, 4, 1, 4, 4, 3, 4, 3, 3, 2, 1, 4, 3, 4, 3, 1, 2, 3, 1, 3, 3, 4, 4, 3, 3, 4, 1, 3, 4, 3, 4, 1, 1, 1, 4, 3, 1, 4, 1, 4, 3, 3, 2, 2, 3, 2, 4, 3, 1, 4, 1, 1] [6, 5, 8, 5, 7, 4, 5, 4, 5, 6, 6, 4, 5, 8, 6, 7, 7, 7, 5, 6, 4, 6, 3, 7, 4, 8, 8, 3, 8, 8, 3, 8, 7, 5, 7, 5, 7, 6, 4, 7, 5, 8, 5, 4, 6, 7, 3, 7, 6, 7, 6, 7, 6, 7, 3, 5, 8, 7, 7, 3, 5, 3, 6, 7, 3, 6, 3, 8, 6, 5, 4, 4, 6, 4, 8, 7, 4, 7, 5, 3]
B_20 29.51 B 60 [1, 1, 1, 3, 2, 3, 2, 2, 1, 4, 4, 2, 1, 1, 1, 3, 1, 2, 4, 2, 3, 1, 2, 3, 1, 1, 2, 3, 1, 3, 2, 2, 2, 1, 4, 1, 2, 3, 4, 4, 3, 3, 4, 3, 1, 1, 2, 4, 1, 2, 2, 2, 2, 4, 1, 1, 3, 3, 3, 1, 1, 2, 4, 3, 1, 1, 1, 4, 3, 4, 4, 3, 4, 1, 1, 4, 1, 4, 4, 4] [4, 3, 3, 5, 5, 6, 6, 4, 4, 6, 6, 4, 4, 4, 3, 7, 4, 6, 7, 5, 5, 3, 5, 7, 5, 4, 4, 7, 3, 7, 4, 5, 4, 4, 8, 4, 5, 5, 7, 6, 7, 5, 6, 6, 5, 3, 4, 6, 3, 4, 5, 6, 6, 8, 5, 5, 7, 7, 6, 5, 3, 4, 7, 6, 4, 3, 5, 8, 7, 8, 8, 6, 8, 4, 4, 7, 3, 6, 6, 8]
B_21 30.51 B 61 [3, 2, 2, 1, 4, 3, 1, 2, 1, 3, 4, 4, 2, 4, 2, 2, 3, 1, 1, 2, 4, 4, 4, 4, 4, 4, 2, 3, 3, 2, 3, 4, 1, 4, 1, 4, 3, 2, 2, 4, 3, 3, 1, 3, 1, 4, 3, 1, 4, 2, 1, 2, 3, 4, 4, 2, 3, 2, 4, 1, 2, 2, 1, 4, 3, 4, 1, 3, 2, 3, 3, 2, 1, 1, 1, 2, 2, 1, 4, 4] [7, 5, 4, 3, 8, 7, 3, 5, 3, 6, 8, 7, 5, 6, 4, 6, 5, 4, 3, 5, 7, 8, 8, 8, 7, 7, 6, 6, 6, 4, 6, 8, 3, 8, 3, 7, 7, 6, 5, 6, 7, 5, 5, 5, 3, 6, 7, 3, 6, 5, 5, 4, 6, 8, 7, 5, 6, 4, 7, 3, 4, 4, 4, 8, 5, 7, 5, 6, 4, 7, 7, 6, 5, 3, 5, 4, 4, 4, 7, 8]
B_22 31.68 B 62 [2, 1, 1, 2, 3, 4, 3, 3, 1, 4, 3, 1, 4, 4, 3, 4, 4, 2, 1, 1, 4, 2, 2, 3, 1, 2, 3, 1, 1, 2, 2, 2, 1, 2, 1, 4, 3, 4, 2, 3, 2, 2, 2, 1, 1, 2, 2, 3, 1, 4, 3, 3, 2, 2, 3, 3, 2, 3, 2, 4, 4, 1, 4, 3, 4, 3, 2, 4, 2, 3, 4, 1, 4, 3, 1, 1, 1, 3, 3, 2] [6, 4, 4, 6, 6, 8, 6, 6, 4, 8, 6, 5, 8, 8, 5, 8, 8, 6, 5, 3, 6, 4, 6, 7, 5, 6, 5, 4, 5, 4, 5, 5, 3, 4, 4, 8, 5, 6, 5, 6, 5, 4, 6, 5, 5, 4, 6, 5, 4, 6, 7, 6, 5, 4, 6, 5, 4, 5, 4, 6, 7, 4, 6, 6, 8, 5, 6, 8, 4, 7, 8, 3, 7, 7, 3, 5, 4, 5, 5, 5]
B_23 32.68 B 63 [3, 3, 2, 3, 1, 2, 1, 3, 3, 2, 3, 3, 4, 3, 3, 1, 1, 3, 1, 3, 1, 2, 3, 1, 4, 2, 1, 4, 2, 2, 2, 2, 1, 4, 4, 4, 3, 4, 1, 4, 2, 1, 3, 1, 3, 4, 4, 3, 1, 2, 4, 4, 2, 2, 1, 1, 4, 2, 3, 3, 3, 4, 3, 2, 4, 4, 2, 2, 4, 2, 4, 4, 3, 3, 4, 1, 3, 2, 4, 2] [7, 6, 5, 5, 5, 5, 3, 7, 7, 6, 5, 5, 6, 6, 7, 3, 3, 5, 5, 7, 4, 4, 5, 4, 7, 6, 4, 7, 5, 5, 4, 6, 4, 7, 6, 7, 6, 6, 3, 6, 5, 3, 7, 4, 5, 7, 7, 6, 3, 6, 7, 7, 6, 5, 4, 5, 8, 5, 5, 7, 6, 8, 6, 6, 7, 8, 4, 4, 8, 4, 6, 8, 5, 5, 6, 5, 6, 5, 8, 5]
B_24 33.68 B 64 [3, 4, 1, 3, 2, 3, 3, 1, 3, 2, 4, 2, 3, 3, 3, 2, 2, 4, 2, 2, 4, 2, 1, 4, 2, 3, 1, 1, 4, 3, 4, 2, 1, 3, 4, 3, 1, 3, 4, 1, 1, 2, 4, 3, 1, 2, 3, 4, 1, 4, 4, 2, 4, 4, 4, 4, 2, 1, 4, 1, 1, 3, 4, 4, 1, 4, 3, 4, 1, 1, 3, 4, 1, 4, 1, 3, 2, 1, 3, 3] [5, 6, 3, 6, 5, 7, 7, 3, 7, 4, 8, 5, 7, 7, 5, 5, 5, 7, 6, 6, 8, 4, 5, 8, 6, 6, 4, 4, 6, 6, 6, 5, 5, 5, 8, 7, 3, 6, 7, 3, 4, 4, 7, 7, 5, 5, 7, 8, 4, 8, 6, 6, 7, 7, 7, 7, 4, 4, 7, 3, 4, 5, 8, 7, 3, 8, 5, 6, 4, 3, 6, 6, 5, 7, 5, 5, 4, 4, 5, 7]
B_25 34.68 B 65 [3, 3, 3, 4, 2, 3, 1, 1, 3, 4, 3, 2, 3, 3, 1, 4, 1, 2, 3, 2, 3, 1, 2, 3, 2, 2, 1, 4, 4, 2, 2, 1, 1, 4, 3, 2, 4, 2, 1, 2, 3, 1, 1, 1, 3, 4, 4, 3, 1, 3, 3, 3, 1, 1, 1, 4, 1, 1, 4, 4, 1, 4, 3, 4, 4, 1, 2, 2, 2, 1, 4, 2, 3, 3, 2, 2, 4, 3, 4, 4] [6, 7, 7, 7, 4, 6, 5, 5, 6, 7, 5, 6, 6, 5, 5, 7, 3, 6, 7, 4, 5, 4, 6, 5, 6, 4, 4, 8, 7, 6, 4, 5, 4, 7, 7, 5, 7, 5, 5, 4, 5, 3, 5, 3, 6, 8, 8, 5, 3, 6, 6, 7, 4, 3, 5, 6, 3, 5, 6, 6, 3, 7, 5, 8, 8, 5, 4, 5, 5, 4, 7, 5, 5, 7, 6, 5, 7, 6, 6, 8]
B_26 35.68 B 66 [4, 1, 3, 4, 2, 4, 4, 2, 3, 4, 2, 1, 4, 3, 1, 1, 2, 3, 1, 3, 2, 4, 3, 2, 1, 1, 1, 2, 1, 3, 2, 2, 2, 2, 1, 3, 2, 4, 1, 4, 4, 1, 3, 1, 3, 2, 4, 4, 1, 4, 2, 4, 3, 2, 1, 2, 2, 3, 1, 1, 1, 1, 2, 2, 3, 2, 1, 2, 4, 4, 2, 2, 3, 4, 1, 3, 3, 3, 2, 2] [7, 3, 6, 7, 5, 8, 8, 4, 5, 6, 4, 3, 7, 6, 5, 5, 6, 6, 3, 6, 5, 8, 6, 4, 3, 4, 3, 4, 4, 5, 6, 4, 6, 5, 5, 5, 5, 6, 3, 8, 6, 5, 5, 5, 7, 6, 7, 7, 4, 8, 6, 8, 5, 5, 4, 4, 4, 6, 3, 3, 5, 5, 6, 4, 5, 4, 4, 4, 8, 8, 6, 4, 7, 6, 5, 7, 5, 7, 6, 4]
B_27 36.68 B 67 [1, 3, 4, 1, 4, 1, 2, 2, 1, 2, 2, 1, 3, 2, 4, 4, 2, 1, 4, 1, 2, 4, 3, 4, 3, 3, 2, 3, 1, 3, 2, 2, 2, 4, 4, 1, 1, 4, 4, 4, 4, 2, 1, 1, 3, 1, 4, 2, 3, 1, 4, 1, 2, 2, 3, 2, 2, 1, 3, 4, 4, 3, 4, 2, 4, 2, 2, 3, 3, 2, 4, 3, 3, 1, 4, 2, 2, 4, 1, 4] [4, 5, 7, 5, 6, 4, 6, 5, 4, 6, 4, 4, 5, 6, 6, 6, 6, 3, 8, 3, 4, 8, 6, 8, 7, 6, 4, 5, 5, 5, 4, 4, 5, 8, 6, 5, 4, 6, 8, 7, 7, 5, 4, 3, 7, 5, 7, 6, 5, 3, 8, 3, 4, 5, 5, 6, 5, 5, 5, 8, 8, 6, 8, 4, 6, 5, 4, 7, 6, 6, 7, 6, 5, 4, 7, 5, 4, 6, 3, 6]
B_28 37.68 B 68 [4, 4, 4, 4, 2, 2, 4, 4, 4, 3, 3, 1, 3, 2, 1, 2, 4, 1, 2, 1, 2, 1, 2, 3, 1, 4, 2, 3, 4, 2, 1, 4, 2, 4, 2, 1, 2, 1, 2, 1, 1, 3, 3, 4, 3, 3, 2, 3, 2, 1, 1, 3, 1, 2, 3, 1, 3, 4, 2, 3, 3, 2, 2, 4, 1, 2, 4, 3, 4, 1, 1, 2, 1, 2, 3, 1, 3, 4, 3, 1] [7, 6, 6, 6, 4, 5, 7, 8, 6, 6, 5, 5, 6, 5, 3, 4, 6, 3, 5, 4, 4, 4, 4, 7, 4, 6, 4, 7, 8, 4, 5, 8, 4, 7, 5, 5, 4, 3, 5, 4, 4, 7, 6, 6, 6, 7, 6, 6, 5, 3, 4, 7, 4, 5, 7, 3, 5, 8, 5, 6, 7, 4, 4, 8, 4, 5, 8, 6, 7, 5, 4, 4, 4, 5, 6, 4, 6, 7, 6, 5]
B_29 42.15 B 69 [3, 1, 4, 3, 2, 2, 1, 2, 2, 4, 4, 3, 2, 1, 2, 2, 3, 2, 3, 1, 2, 3, 2, 3, 4, 4, 4, 4, 3, 1, 3, 3, 3, 2, 4, 1, 2, 2, 2, 2, 3, 4, 1, 1, 2, 2, 3, 3, 1, 3, 2, 3, 4, 1, 3, 4, 4, 4, 2, 3, 4, 3, 3, 2, 1, 1, 4, 2, 1, 2, 1, 2, 2, 2, 2, 3, 2, 2, 2, 3] [7, 3, 6, 6, 5, 5, 5, 6, 5, 8, 6, 5, 4, 5, 4, 6, 7, 5, 6, 3, 4, 7, 5, 7, 6, 6, 7, 7, 5, 3, 5, 5, 7, 5, 7, 5, 4, 4, 4, 5, 7, 6, 4, 3, 6, 6, 7, 5, 5, 7, 6, 6, 6, 3, 7, 8, 7, 6, 5, 5, 8, 7, 7, 4, 3, 4, 8, 6, 5, 6, 4, 4, 5, 5, 6, 5, 5, 6, 6, 7]
B_30 43.65 B 70 [2, 4, 2, 1, 3, 4, 4, 1, 1, 4, 3, 1, 4, 2, 2, 2, 2, 4, 4, 1, 1, 4, 2, 1, 3, 1, 3, 4, 1, 1, 1, 3, 2, 4, 4, 4, 4, 1, 4, 4, 3, 4, 3, 1, 2, 1, 1, 2, 4, 3, 1, 4, 3, 2, 2, 4, 1, 3, 4, 2, 4, 3, 4, 4, 3, 4, 2, 4, 1, 1, 1, 3, 4, 2, 2, 2, 3, 2, 3, 3] [5, 8, 5, 5, 5, 8, 6, 3, 4, 6, 7, 5, 8, 5, 5, 6, 5, 6, 6, 5, 5, 8, 6, 3, 7, 4, 7, 8, 5, 5, 3, 6, 4, 7, 8, 6, 7, 5, 7, 7, 5, 6, 5, 5, 5, 4, 5, 5, 7, 5, 3, 6, 5, 5, 6, 6, 5, 5, 8, 4, 8, 7, 8, 6, 6, 7, 6, 7, 4, 4, 4, 5, 7, 6, 6, 4, 6, 4, 5, 6]
B_31 44.9 B 71 [2, 1, 2, 4, 2, 4, 2, 4, 3, 2, 4, 2, 1, 4, 2, 3, 4, 1, 2, 2, 2, 1, 1, 3, 1, 1, 3, 1, 4, 2, 2, 2, 1, 2, 2, 4, 3, 4, 2, 1, 2, 1, 3, 3, 1, 4, 3, 4, 4, 1, 4, 2, 2, 1, 1, 4, 4, 1, 1, 2, 3, 2, 1, 4, 4, 2, 2, 3, 2, 2, 3, 4, 4, 1, 1, 2, 4, 2, 3, 3] [4, 3, 4, 8, 5, 8, 4, 6, 6, 5, 8, 4, 4, 6, 6, 7, 8, 5, 6, 4, 5, 3, 4, 7, 5, 4, 5, 4, 8, 6, 6, 5, 5, 4, 6, 8, 6, 8, 4, 5, 6, 4, 6, 5, 5, 8, 5, 6, 7, 5, 7, 6, 5, 4, 3, 8, 7, 3, 5, 4, 6, 6, 3, 8, 6, 5, 4, 6, 4, 4, 5, 8, 8, 3, 5, 6, 6, 5, 6, 5]
B_32 47.739999999999995 B 72 [4, 4, 3, 2, 4, 1, 2, 4, 4, 2, 2, 4, 1, 2, 1, 2, 1, 4, 1, 3, 4, 2, 3, 2, 3, 3, 2, 4, 1, 3, 3, 3, 1, 1, 1, 3, 1, 3, 3, 2, 4, 4, 4, 2, 4, 2, 4, 2, 2, 3, 4, 4, 4, 1, 2, 3, 1, 1, 1, 3, 4, 1, 4, 3, 1, 3, 3, 3, 1, 2, 4, 4, 1, 4, 4, 1, 2, 4, 1, 3] [7, 6, 7, 4, 7, 5, 6, 6, 6, 6, 6, 6, 4, 4, 4, 6, 5, 8, 5, 6, 8, 6, 7, 6, 6, 5, 4, 7, 3, 6, 6, 6, 3, 4, 3, 7, 5, 7, 5, 5, 6, 6, 6, 5, 7, 6, 6, 4, 6, 6, 7, 7, 8, 5, 6, 6, 3, 3, 3, 6, 8, 5, 7, 5, 5, 5, 7, 5, 4, 5, 7, 8, 3, 7, 6, 3, 5, 6, 4, 7]
B_33 48.739999999999995 B 73 [2, 4, 1, 3, 1, 3, 1, 1, 2, 1, 2, 2, 4, 3, 3, 2, 4, 1, 4, 4, 3, 3, 1, 1, 4, 3, 2, 3, 2, 1, 4, 3, 4, 4, 4, 3, 4, 2, 3, 1, 4, 3, 1, 2, 4, 4, 2, 4, 4, 3, 2, 1, 2, 4, 1, 1, 1, 4, 4, 2, 1, 1, 3, 3, 4, 3, 4, 1, 2, 2, 2, 1, 4, 4, 2, 1, 3, 2, 4, 3] [4, 6, 4, 7, 5, 7, 4, 5, 5, 3, 4, 6, 7, 6, 6, 6, 7, 3, 6, 7, 5, 6, 5, 5, 7, 7, 6, 7, 6, 3, 6, 7, 7, 8, 7, 7, 6, 6, 5, 4, 6, 7, 4, 5, 7, 7, 6, 6, 7, 5, 6, 5, 5, 8, 3, 3, 5, 7, 7, 4, 4, 3, 7, 5, 7, 7, 6, 4, 5, 5, 6, 3, 7, 6, 5, 3, 5, 5, 7, 5]
B_34 50.58 B 74 [4, 1, 4, 3, 3, 4, 4, 2, 4, 2, 1, 4, 1, 2, 2, 3, 3, 1, 1, 1, 3, 1, 2, 3, 1, 1, 2, 2, 1, 3, 2, 2, 2, 3, 1, 1, 4, 4, 2, 3, 1, 1, 2, 3, 4, 3, 2, 4, 2, 2, 4, 3, 3, 3, 4, 4, 4, 2, 4, 4, 1, 1, 1, 4, 1, 2, 1, 4, 3, 2, 2, 1, 4, 2, 3, 4, 4, 3, 4, 4] [8, 3, 8, 5, 7, 7, 8, 4, 7, 4, 4, 7, 4, 5, 5, 7, 6, 5, 3, 5, 5, 5, 5, 5, 3, 4, 4, 5, 4, 7, 4, 6, 6, 6, 5, 3, 8, 7, 4, 5, 3, 4, 4, 5, 8, 7, 6, 8, 4, 4, 8, 6, 7, 7, 8, 7, 6, 5, 6, 8, 4, 5, 3, 6, 5, 6, 5, 7, 6, 6, 6, 5, 6, 5, 7, 7, 7, 5, 6, 8]
B_35 51.58 B 75 [1, 4, 1, 2, 4, 1, 2, 2, 1, 2, 2, 3, 3, 4, 3, 1, 2, 2, 4, 1, 3, 4, 2, 3, 2, 3, 2, 2, 1, 3, 2, 3, 1, 2, 4, 4, 3, 3, 2, 4, 2, 1, 2, 3, 4, 3, 3, 1, 3, 1, 3, 2, 1, 2, 2, 4, 1, 1, 3, 3, 4, 2, 1, 1, 3, 2, 3, 2, 1, 3, 2, 2, 1, 1, 4, 4, 3, 2, 1, 4] [4, 7, 4, 5, 6, 4, 6, 6, 3, 4, 5, 5, 6, 8, 6, 3, 6, 6, 6, 5, 6, 6, 4, 6, 4, 5, 5, 5, 3, 5, 6, 7, 5, 6, 8, 6, 6, 5, 5, 8, 4, 3, 6, 5, 8, 6, 6, 4, 5, 4, 5, 5, 5, 5, 6, 6, 4, 4, 6, 7, 7, 4, 5, 5, 5, 5, 7, 5, 4, 5, 4, 6, 3, 3, 7, 6, 6, 4, 3, 7]
B_36 54.55 B 76 [2, 1, 1, 3, 2, 3, 4, 2, 1, 4, 4, 2, 2, 3, 3, 3, 1, 1, 1, 3, 1, 2, 1, 3, 2, 4, 3, 1, 4, 3, 1, 2, 4, 4, 1, 4, 3, 2, 1, 3, 3, 2, 4, 1, 3, 4, 3, 1, 1, 1, 1, 1, 1, 3, 1, 1, 1, 3, 2, 1, 1, 2, 1, 3, 2, 4, 3, 2, 3, 2, 3, 4, 2, 3, 4, 3, 4, 4, 3, 3] [4, 4, 3, 5, 6, 7, 7, 4, 3, 7, 8, 6, 6, 5, 7, 5, 5, 4, 3, 7, 5, 5, 5, 5, 5, 6, 7, 5, 6, 5, 5, 4, 7, 8, 4, 7, 6, 5, 5, 6, 7, 4, 6, 3, 6, 8, 7, 3, 4, 4, 5, 4, 3, 7, 3, 5, 3, 6, 5, 4, 3, 4, 4, 6, 4, 7, 5, 4, 6, 5, 6, 6, 5, 5, 7, 6, 6, 6, 5, 7]
B_37 56.0 B 77 [1, 2, 3, 2, 2, 4, 4, 3, 2, 3, 4, 2, 4, 2, 1, 4, 2, 1, 4, 2, 1, 1, 4, 2, 2, 3, 4, 4, 1, 3, 2, 1, 3, 1, 4, 4, 2, 2, 3, 1, 3, 3, 2, 2, 3, 1, 1, 2, 4, 4, 1, 2, 1, 4, 2, 1, 3, 3, 1, 4, 4, 1, 3, 2, 1, 3, 3, 4, 4, 2, 2, 2, 4, 2, 3, 2, 4, 1, 2, 1] [4, 5, 7, 4, 6, 7, 8, 5, 6, 5, 8, 4, 6, 6, 3, 7, 4, 5, 6, 6, 3, 4, 6, 6, 4, 6, 6, 7, 5, 7, 5, 4, 7, 4, 8, 8, 6, 4, 6, 4, 6, 6, 5, 4, 7, 4, 5, 4, 8, 8, 3, 6, 3, 6, 6, 4, 5, 7, 5, 7, 6, 4, 5, 5, 4, 6, 7, 6, 7, 6, 4, 5, 6, 5, 5, 4, 6, 5, 4, 5]
B_38 57.0 B 78 [4, 1, 4, 4, 4, 4, 2, 3, 2, 2, 1, 1, 4, 2, 3, 2, 2, 2, 4, 4, 2, 3, 1, 3, 3, 4, 3, 2, 3, 1, 2, 2, 4, 3, 4, 3, 2, 3, 2, 3, 3, 1, 4, 1, 4, 2, 4, 3, 3, 2, 2, 1, 3, 1, 2, 3, 2, 1, 1, 1, 4, 4, 3, 4, 3, 4, 2, 1, 3, 2, 3, 3, 1, 4, 4, 1, 3, 2, 2, 2] [7, 3, 7, 6, 7, 7, 6, 7, 4, 5, 4, 5, 6, 4, 5, 4, 5, 4, 8, 8, 4, 7, 4, 6, 7, 8, 6, 6, 5, 4, 6, 6, 8, 5, 6, 7, 5, 6, 5, 7, 7, 3, 7, 4, 8, 4, 8, 5, 5, 5, 6, 5, 5, 3, 5, 5, 6, 5, 4, 5, 6, 7, 5, 8, 5, 6, 6, 3, 6, 6, 5, 6, 4, 7, 6, 3, 5, 4, 6, 6]
B_39 59.57 B 79 [2, 1, 3, 4, 1, 1, 2, 4, 1, 3, 3, 2, 4, 2, 3, 2, 3, 4, 2, 2, 3, 2, 3, 2, 3, 3, 4, 4, 1, 3, 1, 1, 1, 3, 1, 2, 2, 4, 2, 4, 1, 3, 2, 2, 4, 3, 2, 2, 1, 4, 4, 4, 3, 1, 4, 3, 2, 1, 3, 1, 4, 4, 2, 2, 3, 4, 2, 4, 1, 3, 3, 3, 3, 3, 4, 4, 3, 1, 2, 4] [5, 5, 7, 7, 5, 4, 4, 7, 5, 6, 7, 4, 7, 6, 5, 6, 7, 7, 4, 4, 6, 6, 6, 4, 5, 7, 6, 6, 3, 5, 3, 3, 4, 6, 3, 5, 5, 6, 5, 6, 4, 7, 4, 4, 7, 5, 5, 5, 3, 7, 6, 8, 5, 4, 8, 6, 5, 3, 6, 3, 8, 8, 5, 5, 7, 8, 4, 6, 5, 7, 6, 5, 7, 5, 8, 7, 7, 5, 6, 7]
