A_0 1 A 0 [1, 4, 3, 2, 3, 4, 1, 3, 4, 2, 1, 1, 4, 1, 3, 2, 4, 3, 3, 3, 4, 2, 2, 3, 1, 4, 1, 4, 3, 3, 1, 4, 4, 3, 2, 1, 2, 2, 2, 2, 1, 4, 3, 1, 4, 1, 2, 2, 4, 3, 1, 2, 2, 1, 1, 3, 3, 1, 3, 3, 4, 4, 1, 1, 2, 3, 1, 3, 1, 2, 4, 1, 1, 2, 1, 2, 1, 3, 4, 1] [4, 7, 7, 5, 5, 6, 5, 6, 7, 5, 3, 4, 8, 4, 6, 5, 6, 5, 6, 5, 7, 6, 4, 5, 3, 6, 3, 8, 6, 6, 5, 7, 6, 5, 5, 4, 4, 4, 4, 6, 4, 6, 5, 5, 7, 5, 6, 6, 7, 5, 4, 6, 6, 5, 5, 7, 5, 3, 5, 6, 7, 8, 5, 3, 5, 6, 5, 6, 3, 4, 8, 3, 3, 6, 5, 5, 5, 6, 7, 4]
A_1 2.2199999999999998 A 1 [4, 4, 3, 2, 4, 3, 4, 3, 1, 2, 1, 2, 2, 3, 4, 2, 4, 3, 3, 3, 1, 2, 4, 2, 3, 4, 4, 4, 3, 3, 2, 4, 4, 4, 1, 3, 3, 2, 3, 1, 3, 3, 3, 4, 1, 3, 4, 2, 3, 1, 2, 2, 1, 2, 4, 2, 3, 3, 1, 2, 3, 4, 3, 2, 3, 1, 1, 4, 2, 4, 3, 3, 2, 3, 4, 1, 4, 1, 3, 1] [7, 8, 7, 5, 8, 5, 6, 5, 5, 5, 5, 6, 5, 6, 6, 6, 7, 7, 6, 7, 4, 5, 7, 6, 7, 6, 7, 6, 6, 5, 4, 8, 7, 6, 3, 7, 7, 4, 7, 4, 6, 6, 5, 6, 5, 7, 8, 6, 6, 5, 5, 5, 3, 4, 7, 5, 6, 5, 4, 4, 5, 7, 7, 4, 5, 4, 5, 8, 5, 7, 5, 6, 4, 6, 6, 5, 6, 3, 5, 5]
A_2 3.2199999999999998 A 2 [3, 3, 1, 3, 2, 2, 4, 1, 1, 2, 3, 4, 2, 3, 4, 2, 2, 2, 3, 3, 4, 3, 4, 2, 3, 2, 3, 2, 4, 2, 2, 4, 2, 2, 4, 4, 4, 3, 2, 2, 4, 1, 4, 4, 3, 3, 2, 1, 3, 2, 4, 2, 3, 4, 3, 1, 4, 2, 1, 2, 3, 3, 1, 3, 1, 3, 2, 2, 3, 1, 3, 2, 2, 3, 4, 1, 3, 4, 3, 1] [7, 7, 4, 5, 5, 4, 6, 3, 3, 5, 6, 8, 4, 5, 6, 4, 5, 4, 7, 6, 8, 5, 7, 4, 5, 4, 7, 6, 6, 4, 4, 6, 6, 4, 7, 7, 8, 7, 4, 6, 6, 3, 7, 7, 7, 5, 4, 5, 5, 4, 6, 6, 7, 6, 7, 3, 7, 4, 3, 6, 6, 7, 4, 6, 4, 5, 4, 4, 6, 4, 6, 6, 5, 6, 7, 3, 7, 8, 5, 4]
A_3 4.22 A 3 [2, 2, 3, 1, 2, 3, 2, 3, 2, 1, 1, 3, 4, 2, 3, 4, 4, 3, 2, 2, 4, 1, 2, 4, 4, 3, 3, 2, 2, 4, 1, 3, 4, 3, 3, 4, 2, 4, 3, 1, 1, 1, 2, 2, 2, 1, 2, 2, 1, 3, 2, 4, 2, 2, 1, 1, 2, 4, 2, 1, 1, 4, 1, 3, 1, 4, 1, 1, 3, 4, 4, 4, 4, 3, 3, 2, 2, 2, 1, 3] [5, 5, 5, 3, 5, 6, 4, 5, 6, 3, 3, 7, 8, 4, 7, 6, 7, 7, 5, 4, 6, 5, 6, 8, 6, 7, 6, 6, 5, 8, 4, 6, 7, 6, 5, 7, 6, 7, 5, 5, 3, 4, 5, 4, 5, 5, 6, 5, 3, 6, 6, 6, 6, 6, 4, 4, 5, 8, 4, 5, 3, 7, 3, 6, 3, 6, 5, 3, 7, 7, 6, 7, 6, 7, 7, 5, 5, 6, 3, 5]
A_4 7.24 A 4 [3, 4, 2, 2, 4, 2, 2, 4, 4, 3, 3, 4, 3, 4, 4, 1, 2, 4, 2, 2, 2, 1, 2, 4, 2, 1, 3, 1, 1, 4, 1, 2, 3, 2, 2, 1, 3, 1, 1, 2, 4, 4, 2, 2, 2, 3, 1, 4, 1, 3, 3, 4, 3, 1, 4, 4, 1, 2, 2, 4, 1, 4, 2, 3, 4, 3, 4, 4, 3, 2, 1, 4, 3, 3, 3, 4, 4, 1, 2, 3] [5, 8, 5, 5, 7, 5, 4, 7, 8, 5, 5, 8, 5, 7, 7, 3, 6, 7, 6, 6, 5, 5, 5, 8, 5, 3, 6, 3, 3, 6, 3, 4, 5, 6, 4, 4, 7, 4, 4, 5, 8, 8, 4, 6, 6, 6, 4, 8, 5, 6, 7, 7, 5, 5, 6, 8, 3, 5, 6, 6, 4, 8, 5, 6, 6, 5, 7, 6, 6, 6, 4, 8, 6, 5, 7, 8, 8, 4, 4, 7]
A_5 8.24 A 5 [4, 3, 2, 3, 2, 2, 1, 2, 4, 4, 1, 3, 1, 3, 2, 1, 3, 1, 1, 1, 4, 1, 3, 3, 1, 1, 2, 3, 2, 2, 3, 3, 2, 4, 2, 3, 1, 3, 4, 1, 1, 1, 1, 3, 2, 2, 2, 2, 3, 3, 3, 2, 1, 4, 1, 2, 4, 1, 3, 4, 4, 1, 4, 4, 3, 1, 1, 2, 2, 1, 3, 4, 2, 2, 3, 3, 4, 3, 2, 2] [6, 5, 4, 6, 5, 6, 3, 5, 6, 8, 4, 5, 4, 5, 4, 4, 6, 3, 3, 3, 8, 3, 5, 6, 5, 4, 5, 5, 4, 5, 5, 7, 5, 6, 5, 5, 3, 7, 8, 5, 5, 3, 4, 5, 4, 6, 4, 5, 5, 7, 5, 6, 3, 8, 4, 5, 8, 5, 5, 7, 6, 5, 7, 6, 7, 5, 5, 5, 5, 3, 6, 7, 6, 5, 6, 6, 8, 5, 4, 4]
A_6 9.24 A 6 [1, 4, 4, 2, 2, 1, 1, 4, 4, 4, 2, 4, 2, 3, 1, 2, 2, 3, 1, 2, 4, 2, 3, 3, 1, 4, 4, 3, 2, 3, 4, 2, 2, 3, 2, 4, 4, 1, 2, 1, 4, 1, 2, 2, 3, 3, 2, 1, 2, 4, 2, 4, 3, 3, 1, 1, 3, 1, 4, 4, 3, 2, 3, 2, 2, 1, 3, 4, 1, 2, 4, 1, 2, 2, 1, 4, 1, 3, 3, 3] [5, 6, 6, 4, 4, 3, 5, 8, 8, 8, 4, 8, 6, 5, 4, 5, 6, 5, 5, 5, 6, 4, 5, 6, 3, 8, 7, 7, 5, 5, 8, 4, 5, 5, 4, 8, 6, 5, 4, 3, 7, 3, 5, 5, 6, 5, 4, 3, 5, 8, 5, 7, 5, 5, 3, 4, 7, 4, 8, 7, 5, 4, 7, 4, 4, 5, 5, 7, 3, 6, 8, 3, 5, 4, 5, 7, 3, 6, 5, 5]
A_7 12.440000000000001 A 7 [3, 3, 1, 3, 4, 2, 4, 4, 1, 3, 2, 1, 4, 4, 2, 4, 1, 3, 4, 1, 1, 4, 1, 3, 1, 4, 1, 4, 1, 4, 1, 1, 2, 1, 4, 2, 4, 2, 1, 2, 2, 2, 3, 4, 4, 1, 2, 1, 4, 4, 4, 2, 2, 3, 4, 3, 3, 4, 1, 4, 3, 1, 2, 4, 1, 4, 3, 3, 3, 4, 3, 3, 3, 3, 4, 4, 4, 4, 3, 4] [6, 5, 3, 5, 7, 5, 8, 7, 5, 6, 6, 4, 6, 8, 6, 6, 4, 5, 8, 4, 3, 8, 5, 5, 5, 7, 3, 6, 3, 7, 5, 4, 4, 5, 8, 4, 8, 5, 5, 5, 4, 6, 7, 6, 6, 5, 5, 5, 6, 7, 7, 6, 5, 5, 8, 5, 7, 6, 4, 7, 6, 5, 6, 8, 3, 7, 5, 5, 7, 7, 6, 6, 7, 6, 7, 7, 8, 8, 5, 8]
A_8 13.440000000000001 A 8 [4, 1, 1, 2, 4, 4, 4, 1, 3, 2, 4, 3, 4, 3, 4, 3, 2, 2, 4, 4, 3, 1, 2, 1, 2, 3, 1, 2, 2, 3, 2, 2, 4, 3, 1, 4, 1, 4, 4, 2, 4, 2, 2, 2, 4, 4, 2, 2, 2, 2, 3, 3, 3, 1, 2, 3, 2, 4, 3, 4, 4, 1, 1, 4, 4, 1, 3, 4, 3, 3, 1, 2, 1, 1, 2, 3, 4, 4, 1, 4] [7, 5, 3, 6, 8, 6, 8, 5, 7, 6, 8, 6, 7, 6, 8, 7, 4, 4, 8, 6, 5, 4, 5, 3, 4, 5, 3, 4, 5, 7, 6, 4, 8, 7, 3, 8, 5, 6, 8, 6, 7, 5, 5, 5, 7, 6, 4, 4, 5, 5, 6, 7, 5, 5, 6, 6, 5, 7, 6, 7, 7, 4, 5, 8, 7, 3, 7, 8, 5, 6, 4, 5, 4, 3, 5, 6, 8, 8, 4, 8]
A_9 14.440000000000001 A 9 [2, 2, 2, 1, 3, 4, 4, 3, 2, 2, 3, 1, 3, 4, 3, 2, 4, 1, 3, 2, 1, 4, 2, 1, 4, 3, 3, 4, 4, 3, 1, 3, 2, 2, 1, 2, 2, 3, 3, 3, 1, 1, 1, 1, 1, 1, 1, 2, 4, 3, 1, 1, 1, 4, 1, 4, 2, 4, 2, 3, 4, 2, 3, 2, 1, 3, 2, 3, 2, 4, 3, 1, 2, 1, 4, 3, 2, 1, 2, 2] [5, 5, 5, 3, 5, 8, 8, 6, 6, 4, 7, 3, 5, 6, 7, 6, 7, 5, 6, 5, 5, 8, 6, 5, 6, 7, 7, 6, 7, 6, 5, 5, 6, 6, 4, 6, 4, 5, 5, 5, 5, 4, 3, 3, 5, 4, 4, 6, 7, 5, 5, 3, 4, 7, 5, 7, 6, 7, 5, 6, 6, 4, 5, 6, 4, 7, 6, 6, 5, 6, 6, 3, 6, 4, 7, 6, 4, 4, 5, 5]
A_10 15.97 A 10 [1, 1, 3, 1, 3, 1, 2, 2, 4, 3, 4, 4, 1, 2, 3, 3, 4, 1, 1, 3, 1, 1, 1, 2, 3, 4, 1, 1, 4, 4, 3, 4, 4, 4, 1, 3, 1, 4, 1, 4, 1, 3, 3, 3, 4, 3, 1, 2, 2, 4, 2, 4, 2, 3, 4, 4, 3, 1, 4, 2, 2, 1, 2, 1, 2, 3, 3, 4, 2, 3, 4, 4, 1, 1, 4, 3, 3, 3, 2, 3] [3, 5, 6, 3, 5, 4, 4, 6, 8, 7, 8, 8, 4, 5, 7, 6, 7, 3, 4, 7, 4, 3, 5, 4, 7, 6, 3, 5, 7, 7, 6, 8, 6, 7, 4, 5, 3, 8, 3, 8, 4, 5, 7, 6, 7, 5, 3, 6, 4, 7, 5, 6, 6, 7, 7, 6, 5, 4, 8, 5, 4, 3, 5, 4, 5, 7, 5, 6, 4, 7, 8, 7, 3, 5, 8, 5, 5, 5, 5, 6]
A_11 17.26 A 11 [1, 2, 4, 3, 4, 3, 4, 1, 3, 1, 4, 1, 4, 3, 4, 4, 4, 2, 4, 1, 2, 4, 3, 4, 3, 1, 4, 2, 2, 3, 1, 2, 3, 4, 1, 4, 2, 3, 2, 2, 3, 2, 4, 1, 4, 4, 2, 4, 4, 4, 2, 2, 1, 2, 4, 2, 4, 1, 4, 3, 3, 1, 4, 4, 1, 2, 4, 3, 3, 4, 4, 3, 3, 4, 4, 2, 2, 1, 4, 3] [4, 6, 8, 7, 8, 5, 8, 4, 6, 3, 8, 3, 8, 7, 7, 7, 8, 4, 8, 4, 5, 6, 6, 7, 7, 3, 6, 5, 5, 7, 5, 4, 5, 6, 4, 7, 4, 5, 5, 5, 5, 5, 6, 5, 8, 7, 6, 6, 8, 8, 6, 5, 5, 5, 7, 5, 6, 5, 7, 6, 6, 3, 8, 8, 5, 5, 8, 5, 5, 7, 8, 7, 6, 6, 7, 5, 6, 4, 6, 5]
A_12 18.26 A 12 [4, 2, 2, 4, 3, 1, 2, 4, 4, 3, 1, 4, 4, 4, 4, 2, 2, 4, 1, 4, 3, 1, 2, 4, 2, 2, 1, 2, 3, 1, 4, 2, 4, 4, 4, 2, 3, 2, 2, 1, 1, 4, 3, 4, 3, 2, 1, 3, 2, 2, 3, 4, 4, 4, 1, 4, 3, 3, 2, 4, 4, 4, 2, 1, 1, 1, 4, 4, 1, 1, 3, 2, 3, 3, 2, 4, 3, 1, 2, 4] [8, 5, 4, 8, 5, 4, 6, 6, 7, 5, 4, 8, 7, 6, 7, 5, 4, 8, 3, 8, 7, 4, 6, 8, 6, 6, 5, 5, 7, 5, 7, 4, 6, 6, 6, 5, 7, 4, 5, 3, 3, 8, 6, 7, 7, 4, 5, 6, 4, 4, 5, 8, 6, 6, 3, 6, 5, 6, 4, 8, 6, 8, 6, 5, 5, 4, 7, 8, 5, 5, 5, 4, 6, 5, 6, 8, 5, 5, 5, 8]
A_13 19.26 A 13 [1, 3, 3, 2, 4, 3, 3, 4, 3, 4, 2, 3, 4, 1, 3, 3, 2, 2, 4, 4, 2, 4, 3, 3, 4, 4, 4, 4, 3, 1, 4, 2, 2, 4, 3, 1, 2, 1, 2, 4, 3, 1, 2, 1, 1, 1, 4, 1, 3, 4, 2, 4, 1, 2, 4, 3, 3, 1, 1, 4, 3, 2, 4, 1, 2, 2, 1, 3, 2, 4, 3, 4, 1, 3, 1, 4, 2, 2, 3, 3] [4, 6, 5, 4, 7, 5, 5, 8, 6, 6, 5, 7, 6, 3, 7, 5, 5, 4, 6, 6, 5, 7, 5, 5, 8, 7, 6, 6, 7, 3, 8, 6, 5, 7, 7, 3, 6, 5, 6, 6, 6, 3, 5, 4, 5, 5, 7, 3, 5, 8, 4, 6, 5, 4, 7, 5, 5, 4, 5, 7, 5, 6, 8, 4, 4, 6, 5, 7, 6, 7, 6, 7, 4, 7, 3, 7, 5, 4, 6, 7]
A_14 20.990000000000002 A 14 [3, 4, 4, 3, 4, 2, 1, 2, 4, 3, 3, 4, 4, 3, 4, 1, 1, 2, 4, 1, 1, 3, 3, 4, 4, 4, 1, 4, 1, 3, 3, 4, 3, 3, 3, 4, 1, 3, 4, 1, 3, 3, 1, 2, 4, 4, 3, 1, 1, 1, 1, 3, 1, 1, 4, 4, 1, 4, 2, 4, 4, 3, 2, 4, 4, 1, 4, 4, 4, 2, 2, 4, 1, 4, 4, 4, 3, 1, 1, 1] [6, 6, 6, 7, 7, 4, 4, 6, 8, 7, 7, 7, 7, 7, 7, 4, 5, 5, 8, 3, 3, 6, 6, 8, 7, 7, 4, 6, 4, 5, 5, 6, 7, 7, 6, 7, 5, 5, 7, 4, 7, 5, 4, 6, 6, 6, 5, 3, 4, 3, 4, 7, 4, 4, 6, 8, 3, 7, 5, 7, 8, 7, 6, 6, 6, 4, 8, 7, 7, 6, 5, 7, 4, 7, 7, 7, 6, 3, 5, 5]
A_15 21.990000000000002 A 15 [2, 2, 2, 4, 1, 1, 2, 4, 3, 2, 3, 4, 2, 3, 1, 4, 3, 2, 4, 2, 1, 3, 4, 4, 2, 4, 1, 1, 3, 1, 2, 4, 1, 3, 2, 1, 1, 2, 1, 2, 4, 2, 4, 2, 1, 2, 4, 2, 2, 3, 3, 2, 4, 2, 2, 2, 4, 2, 4, 2, 4, 3, 4, 4, 1, 3, 4, 3, 2, 4, 4, 3, 2, 4, 4, 4, 4, 3, 3, 2] [5, 6, 4, 6, 3, 4, 5, 6, 7, 6, 6, 7, 5, 5, 4, 6, 5, 4, 7, 5, 3, 7, 8, 8, 6, 8, 5, 3, 7, 3, 6, 7, 4, 7, 5, 3, 3, 4, 3, 5, 7, 6, 7, 6, 3, 6, 6, 6, 4, 7, 6, 6, 7, 5, 5, 5, 7, 4, 8, 4, 8, 6, 7, 6, 4, 7, 7, 7, 5, 8, 8, 6, 5, 7, 7, 8, 6, 6, 7, 5]
A_16 22.990000000000002 A 16 [4, 4, 2, 4, 2, 3, 2, 1, 2, 4, 4, 4, 2, 2, 1, 3, 4, 1, 2, 4, 3, 4, 4, 1, 4, 1, 2, 2, 3, 3, 4, 2, 4, 2, 2, 1, 3, 4, 4, 1, 3, 1, 2, 2, 3, 2, 2, 2, 3, 2, 3, 2, 4, 1, 2, 3, 1, 4, 3, 4, 2, 4, 1, 3, 2, 3, 1, 1, 3, 2, 4, 3, 4, 3, 3, 4, 4, 4, 2, 2] [6, 7, 5, 7, 6, 6, 6, 4, 4, 7, 7, 8, 4, 5, 5, 5, 6, 4, 6, 7, 6, 8, 7, 3, 6, 5, 4, 6, 5, 7, 8, 5, 8, 4, 4, 3, 6, 7, 7, 3, 7, 5, 4, 5, 5, 4, 4, 6, 6, 5, 7, 5, 6, 3, 6, 5, 3, 8, 6, 8, 6, 8, 4, 6, 6, 5, 3, 3, 7, 5, 8, 6, 8, 5, 7, 6, 8, 7, 4, 5]
A_17 23.990000000000002 A 17 [3, 3, 2, 3, 4, 1, 3, 3, 2, 1, 1, 2, 4, 2, 2, 2, 1, 3, 2, 3, 4, 4, 1, 1, 1, 2, 1, 3, 2, 2, 2, 3, 4, 2, 2, 2, 1, 1, 3, 2, 4, 2, 2, 3, 2, 1, 1, 3, 3, 2, 2, 2, 1, 1, 4, 3, 4, 1, 2, 2, 1, 4, 2, 4, 1, 4, 1, 1, 2, 1, 2, 4, 3, 3, 1, 4, 4, 2, 2, 3] [5, 7, 4, 7, 7, 3, 5, 5, 4, 5, 3, 4, 8, 4, 5, 4, 4, 7, 4, 5, 8, 8, 3, 5, 3, 4, 3, 5, 6, 5, 5, 6, 6, 5, 5, 4, 5, 3, 5, 4, 7, 6, 4, 7, 6, 3, 4, 6, 6, 4, 6, 4, 5, 3, 6, 6, 8, 5, 6, 4, 5, 7, 4, 6, 5, 8, 5, 3, 5, 5, 4, 8, 6, 5, 3, 8, 7, 6, 5, 6]
A_18 24.990000000000002 A 18 [3, 3, 3, 2, 2, 1, 1, 4, 4, 3, 1, 4, 1, 4, 4, 4, 2, 2, 4, 4, 2, 1, 2, 3, 3, 1, 2, 1, 2, 1, 3, 3, 4, 4, 2, 4, 4, 1, 2, 4, 4, 1, 4, 3, 1, 1, 1, 2, 4, 2, 4, 3, 1, 1, 3, 4, 2, 4, 4, 1, 2, 2, 1, 3, 1, 2, 2, 4, 2, 4, 1, 4, 1, 1, 3, 2, 3, 3, 1, 3] [6, 6, 7, 5, 6, 3, 5, 8, 8, 6, 4, 8, 3, 6, 8, 7, 6, 4, 8, 8, 4, 4, 4, 7, 6, 4, 4, 3, 6, 5, 5, 6, 6, 7, 6, 6, 7, 5, 6, 7, 6, 3, 7, 7, 3, 3, 3, 4, 8, 6, 8, 6, 4, 4, 5, 6, 4, 6, 7, 5, 5, 6, 5, 7, 3, 4, 4, 6, 5, 7, 4, 7, 3, 3, 5, 5, 5, 7, 5, 5]
A_19 25.990000000000002 A 19 [3, 3, 3, 2, 2, 1, 2, 1, 4, 2, 3, 1, 4, 4, 1, 2, 4, 3, 4, 4, 2, 2, 1, 2, 1, 1, 3, 4, 2, 2, 3, 4, 1, 1, 3, 2, 2, 4, 1, 2, 2, 4, 4, 1, 3, 4, 3, 1, 2, 2, 1, 2, 3, 2, 2, 1, 4, 4, 4, 3, 2, 4, 2, 3, 2, 4, 3, 3, 1, 3, 2, 1, 2, 3, 3, 3, 1, 2, 4, 2] [5, 7, 6, 4, 6, 3, 5, 4, 6, 5, 7, 4, 8, 6, 3, 5, 7, 5, 8, 7, 5, 4, 5, 4, 4, 4, 6, 8, 6, 5, 7, 7, 4, 5, 7, 4, 4, 7, 5, 4, 6, 6, 8, 5, 7, 6, 5, 5, 6, 6, 5, 6, 7, 6, 6, 4, 7, 7, 7, 6, 4, 6, 4, 5, 6, 6, 7, 6, 5, 5, 5, 5, 5, 7, 6, 6, 5, 6, 6, 4]
A_20 27.240000000000002 A 20 [4, 1, 4, 4, 2, 4, 4, 1, 3, 1, 1, 2, 3, 2, 1, 1, 3, 4, 2, 2, 4, 3, 3, 1, 3, 3, 1, 2, 4, 3, 4, 2, 1, 3, 3, 4, 4, 1, 1, 4, 1, 1, 1, 2, 4, 2, 4, 1, 4, 2, 4, 1, 4, 3, 2, 3, 3, 2, 4, 1, 3, 2, 1, 1, 1, 3, 4, 3, 2, 3, 3, 4, 3, 4, 4, 1, 4, 4, 2, 3] [7, 4, 8, 6, 5, 8, 6, 3, 5, 5, 4, 5, 7, 5, 3, 3, 6, 8, 4, 5, 6, 5, 7, 5, 7, 5, 5, 5, 6, 5, 7, 4, 3, 5, 6, 6, 6, 5, 3, 8, 4, 5, 4, 6, 7, 6, 8, 4, 8, 4, 8, 5, 7, 5, 4, 7, 5, 6, 7, 4, 6, 5, 5, 3, 4, 6, 8, 7, 6, 6, 7, 6, 5, 8, 7, 3, 7, 7, 4, 7]
A_21 31.020000000000003 A 21 [2, 2, 3, 1, 1, 1, 2, 4, 1, 4, 1, 4, 1, 4, 3, 3, 4, 4, 1, 2, 3, 4, 4, 2, 2, 4, 3, 1, 2, 2, 2, 1, 3, 2, 1, 4, 2, 1, 2, 1, 4, 4, 3, 3, 3, 2, 1, 3, 1, 4, 3, 3, 3, 1, 4, 2, 2, 1, 1, 2, 2, 2, 4, 1, 1, 3, 1, 3, 3, 2, 2, 2, 2, 3, 4, 1, 3, 4, 3, 2] [6, 5, 5, 5, 5, 3, 4, 8, 4, 8, 3, 6, 4, 7, 6, 7, 8, 8, 4, 4, 5, 7, 8, 5, 4, 8, 5, 5, 6, 5, 4, 4, 6, 4, 3, 6, 5, 4, 5, 4, 7, 8, 6, 7, 5, 5, 4, 5, 4, 6, 6, 6, 6, 3, 6, 6, 4, 4, 4, 6, 5, 4, 7, 5, 5, 7, 4, 7, 6, 6, 4, 6, 4, 5, 7, 3, 5, 8, 7, 4]
A_22 32.02 A 22 [2, 4, 4, 2, 2, 3, 3, 1, 2, 2, 1, 3, 2, 3, 3, 4, 4, 1, 2, 1, 3, 4, 1, 3, 2, 2, 4, 1, 4, 1, 2, 1, 2, 1, 1, 2, 4, 1, 4, 1, 3, 1, 1, 3, 4, 1, 4, 3, 1, 3, 4, 3, 4, 1, 4, 2, 2, 4, 2, 4, 4, 1, 1, 1, 2, 2, 3, 4, 4, 3, 4, 4, 3, 1, 1, 2, 1, 2, 3, 3] [4, 7, 7, 6, 5, 5, 5, 5, 5, 6, 5, 6, 6, 5, 6, 8, 7, 3, 4, 5, 7, 8, 3, 5, 5, 6, 8, 3, 7, 3, 4, 5, 4, 4, 5, 5, 8, 3, 8, 3, 5, 3, 3, 5, 7, 3, 7, 6, 5, 6, 6, 6, 8, 4, 6, 4, 5, 6, 5, 6, 8, 5, 4, 3, 4, 4, 7, 8, 8, 5, 8, 8, 7, 5, 5, 5, 4, 4, 6, 6]
A_23 33.02 A 23 [3, 2, 2, 4, 4, 3, 3, 3, 1, 1, 2, 4, 4, 3, 4, 4, 1, 1, 3, 2, 1, 2, 3, 3, 4, 4, 1, 3, 4, 3, 1, 2, 1, 1, 4, 1, 4, 4, 1, 1, 1, 3, 3, 4, 2, 3, 4, 2, 2, 3, 4, 1, 2, 1, 2, 2, 1, 3, 4, 1, 4, 2, 3, 2, 1, 2, 1, 1, 3, 2, 4, 3, 1, 3, 2, 2, 2, 2, 2, 4] [5, 6, 4, 8, 8, 6, 6, 5, 3, 5, 4, 7, 8, 5, 8, 8, 3, 5, 7, 4, 5, 5, 5, 6, 7, 8, 3, 5, 8, 5, 4, 6, 3, 3, 6, 5, 6, 6, 5, 4, 4, 7, 6, 6, 4, 7, 7, 5, 4, 5, 8, 3, 4, 3, 4, 4, 4, 7, 7, 4, 6, 5, 6, 6, 3, 5, 5, 4, 7, 5, 6, 5, 3, 6, 6, 6, 4, 5, 5, 7]
A_24 34.02 A 24 [1, 3, 3, 4, 2, 1, 1, 1, 2, 4, 3, 3, 2, 4, 4, 2, 4, 1, 3, 1, 3, 2, 2, 4, 2, 1, 1, 2, 2, 4, 2, 2, 2, 2, 2, 2, 4, 2, 1, 3, 4, 1, 4, 1, 3, 4, 4, 2, 1, 4, 4, 1, 4, 4, 4, 3, 1, 2, 1, 2, 2, 1, 3, 1, 3, 4, 4, 3, 4, 4, 1, 2, 1, 4, 2, 1, 1, 3, 1, 1] [3, 7, 5, 6, 5, 5, 3, 5, 4, 6, 7, 7, 6, 8, 7, 6, 6, 3, 6, 4, 7, 4, 5, 7, 6, 4, 5, 5, 4, 6, 4, 4, 5, 6, 6, 5, 6, 5, 4, 5, 6, 5, 7, 5, 6, 6, 8, 6, 4, 8, 7, 4, 8, 6, 7, 7, 4, 4, 5, 5, 5, 3, 5, 4, 7, 6, 8, 6, 6, 6, 3, 6, 4, 7, 5, 3, 5, 7, 4, 3]
A_25 35.07 A 25 [4, 4, 2, 3, 1, 1, 4, 4, 3, 3, 4, 1, 2, 4, 4, 4, 1, 2, 1, 1, 3, 4, 2, 4, 1, 1, 4, 3, 3, 1, 2, 3, 1, 2, 1, 2, 3, 1, 3, 2, 2, 1, 1, 3, 3, 2, 4, 2, 4, 2, 2, 1, 4, 1, 1, 2, 2, 4, 1, 1, 3, 2, 2, 4, 2, 2, 3, 1, 1, 3, 3, 2, 3, 1, 1, 4, 3, 4, 1, 3] [6, 6, 4, 7, 3, 4, 8, 7, 5, 7, 6, 3, 6, 7, 7, 8, 5, 4, 4, 4, 5, 8, 6, 8, 4, 5, 8, 5, 6, 4, 6, 7, 3, 5, 5, 6, 7, 4, 7, 4, 6, 5, 4, 7, 7, 6, 8, 4, 7, 6, 6, 3, 8, 4, 4, 6, 5, 8, 5, 4, 6, 6, 6, 7, 6, 4, 6, 4, 3, 5, 7, 5, 6, 5, 4, 6, 5, 8, 3, 6]
A_26 36.07 A 26 [1, 4, 3, 3, 3, 2, 4, 1, 1, 3, 1, 4, 1, 4, 1, 1, 2, 1, 2, 3, 1, 3, 4, 1, 1, 4, 2, 1, 2, 2, 4, 3, 3, 3, 2, 3, 2, 3, 1, 3, 2, 1, 4, 2, 1, 3, 3, 1, 4, 4, 3, 3, 4, 1, 1, 2, 2, 3, 1, 1, 4, 2, 3, 3, 2, 4, 4, 4, 1, 3, 1, 1, 4, 4, 4, 2, 3, 3, 4, 4] [3, 7, 7, 6, 6, 5, 7, 3, 3, 7, 3, 6, 5, 6, 4, 5, 4, 3, 4, 6, 5, 5, 8, 3, 5, 8, 5, 3, 5, 4, 8, 6, 6, 5, 4, 5, 6, 5, 5, 5, 6, 4, 6, 6, 4, 7, 6, 3, 8, 8, 6, 7, 6, 4, 5, 6, 5, 6, 5, 4, 8, 5, 6, 6, 4, 6, 8, 8, 4, 7, 3, 5, 6, 7, 6, 4, 6, 5, 6, 8]
A_27 37.53 A 27 [4, 4, 2, 2, 1, 3, 3, 4, 2, 4, 1, 2, 2, 4, 4, 1, 2, 3, 1, 4, 2, 1, 1, 3, 2, 3, 1, 3, 3, 3, 4, 4, 3, 2, 4, 3, 2, 1, 4, 3, 1, 4, 2, 1, 1, 3, 2, 4, 3, 4, 2, 2, 4, 1, 2, 3, 2, 2, 3, 3, 1, 2, 1, 2, 4, 3, 1, 3, 1, 4, 4, 1, 4, 3, 3, 1, 4, 4, 2, 3] [8, 6, 6, 6, 3, 5, 7, 6, 4, 6, 5, 5, 5, 6, 6, 3, 6, 5, 3, 8, 5, 5, 3, 5, 5, 5, 3, 7, 7, 7, 6, 6, 6, 5, 6, 7, 5, 4, 8, 6, 4, 6, 5, 4, 4, 7, 6, 8, 5, 8, 4, 6, 6, 4, 4, 5, 5, 6, 7, 5, 5, 4, 4, 5, 8, 5, 3, 7, 5, 7, 7, 3, 7, 5, 5, 4, 8, 7, 5, 5]
A_28 38.53 A 28 [3, 3, 4, 2, 1, 2, 2, 1, 2, 4, 4, 2, 3, 3, 1, 3, 3, 2, 2, 2, 4, 2, 4, 4, 2, 3, 2, 3, 4, 1, 4, 1, 2, 3, 1, 3, 4, 2, 1, 3, 2, 2, 2, 3, 1, 3, 4, 2, 4, 1, 1, 4, 4, 3, 2, 2, 2, 1, 3, 4, 4, 3, 3, 3, 3, 1, 1, 3, 3, 2, 4, 2, 3, 1, 3, 4, 2, 3, 2, 1] [6, 6, 6, 5, 3, 4, 5, 3, 5, 7, 7, 5, 7, 7, 4, 7, 5, 6, 6, 6, 6, 6, 7, 8, 4, 6, 5, 7, 7, 3, 8, 3, 4, 5, 3, 5, 8, 5, 4, 5, 4, 4, 4, 7, 5, 6, 7, 6, 6, 3, 3, 7, 8, 6, 6, 4, 6, 3, 6, 6, 7, 7, 7, 5, 5, 3, 5, 7, 5, 6, 6, 6, 6, 5, 7, 8, 6, 7, 4, 3]
A_29 39.53 A 29 [3, 3, 2, 4, 4, 2, 3, 4, 3, 3, 4, 3, 1, 1, 3, 1, 3, 2, 1, 2, 3, 2, 1, 3, 4, 1, 2, 3, 1, 3, 1, 1, 1, 4, 3, 3, 2, 4, 2, 1, 2, 1, 2, 2, 3, 4, 3, 1, 1, 3, 3, 4, 4, 4, 4, 2, 2, 2, 2, 2, 1, 2, 4, 1, 3, 1, 2, 1, 3, 1, 2, 3, 3, 1, 3, 3, 4, 2, 3, 1] [6, 5, 4, 8, 6, 5, 5, 7, 7, 6, 7, 7, 5, 3, 5, 3, 7, 5, 5, 5, 5, 5, 3, 5, 6, 4, 4, 7, 3, 6, 3, 3, 3, 7, 5, 6, 6, 6, 4, 3, 5, 4, 5, 4, 7, 6, 7, 5, 4, 6, 5, 8, 8, 6, 8, 4, 4, 4, 4, 4, 5, 6, 8, 5, 7, 4, 5, 5, 7, 3, 4, 5, 6, 5, 7, 5, 8, 6, 6, 3]
A_30 42.26 A 30 [1, 2, 2, 1, 1, 3, 4, 1, 2, 1, 3, 1, 4, 4, 3, 2, 4, 2, 3, 3, 4, 2, 2, 1, 2, 2, 4, 4, 4, 1, 2, 4, 3, 4, 4, 1, 2, 2, 1, 3, 2, 1, 2, 2, 3, 1, 4, 2, 4, 2, 2, 4, 1, 3, 3, 3, 4, 3, 4, 4, 1, 3, 3, 2, 1, 3, 2, 4, 1, 3, 4, 3, 1, 2, 1, 3, 4, 3, 3, 3] [5, 4, 4, 4, 3, 5, 8, 5, 6, 5, 6, 5, 7, 8, 5, 6, 8, 5, 5, 7, 7, 4, 4, 4, 4, 6, 8, 6, 8, 3, 4, 6, 6, 7, 6, 5, 6, 6, 3, 5, 4, 4, 5, 4, 7, 5, 6, 6, 7, 6, 4, 6, 5, 7, 7, 6, 8, 5, 8, 6, 4, 5, 7, 6, 4, 6, 6, 8, 3, 7, 6, 6, 3, 5, 4, 6, 7, 7, 6, 6]
A_31 43.26 A 31 [4, 4, 4, 3, 2, 3, 2, 1, 2, 3, 4, 2, 2, 2, 4, 4, 2, 3, 3, 4, 2, 1, 1, 2, 2, 3, 3, 4, 1, 1, 4, 2, 4, 3, 1, 3, 2, 3, 1, 3, 2, 3, 3, 1, 3, 3, 4, 3, 1, 1, 3, 1, 3, 4, 3, 1, 3, 3, 3, 1, 4, 4, 4, 2, 4, 4, 2, 3, 3, 2, 4, 4, 4, 2, 2, 4, 2, 1, 3, 1] [7, 8, 6, 6, 4, 7, 4, 4, 4, 5, 8, 4, 4, 6, 6, 7, 5, 6, 6, 7, 4, 4, 5, 6, 4, 7, 6, 6, 3, 3, 6, 4, 6, 5, 5, 6, 5, 7, 3, 5, 5, 7, 6, 5, 5, 6, 7, 6, 4, 5, 5, 4, 6, 6, 6, 3, 5, 5, 5, 3, 6, 7, 8, 5, 8, 7, 4, 6, 7, 5, 6, 7, 8, 5, 4, 7, 4, 3, 6, 4]
A_32 44.26 A 32 [4, 4, 2, 4, 3, 2, 2, 2, 4, 2, 4, 3, 4, 2, 3, 1, 4, 4, 4, 1, 1, 3, 2, 1, 2, 1, 3, 3, 2, 1, 3, 4, 1, 4, 3, 3, 1, 3, 4, 3, 1, 3, 4, 4, 1, 2, 4, 1, 1, 1, 3, 1, 3, 1, 1, 2, 2, 3, 4, 4, 1, 3, 3, 2, 3, 2, 1, 3, 1, 1, 4, 4, 2, 2, 1, 4, 1, 2, 1, 3] [6, 7, 6, 7, 5, 5, 5, 4, 8, 6, 6, 5, 6, 5, 7, 4, 8, 6, 6, 4, 3, 6, 4, 3, 5, 3, 6, 6, 4, 3, 6, 6, 5, 7, 5, 6, 5, 6, 6, 6, 5, 5, 6, 6, 4, 6, 7, 5, 3, 3, 7, 5, 7, 3, 3, 5, 6, 7, 6, 7, 5, 5, 7, 5, 6, 5, 5, 7, 4, 5, 7, 7, 4, 5, 4, 8, 4, 4, 3, 5]
A_33 45.26 A 33 [3, 4, 2, 3, 2, 4, 3, 1, 3, 2, 4, 4, 4, 4, 3, 3, 2, 2, 4, 1, 3, 2, 1, 1, 2, 2, 3, 2, 3, 4, 4, 3, 4, 1, 4, 3, 4, 1, 1, 2, 1, 2, 1, 3, 1, 1, 3, 3, 1, 3, 3, 2, 4, 4, 4, 1, 4, 2, 3, 4, 2, 1, 4, 3, 4, 2, 1, 1, 1, 2, 2, 1, 1, 3, 3, 2, 2, 3, 4, 1] [5, 6, 4, 6, 6, 6, 5, 5, 7, 6, 7, 6, 6, 7, 7, 7, 4, 5, 7, 5, 5, 4, 4, 3, 6, 5, 5, 5, 5, 7, 7, 5, 7, 3, 8, 5, 8, 4, 4, 4, 4, 4, 3, 5, 5, 3, 5, 7, 3, 5, 7, 4, 6, 8, 7, 4, 7, 4, 6, 7, 4, 4, 7, 6, 7, 5, 4, 3, 4, 6, 6, 4, 3, 6, 7, 6, 5, 6, 7, 4]
A_34 46.26 A 34 [2, 1, 4, 3, 2, 2, 2, 4, 1, 1, 1, 1, 4, 3, 3, 2, 2, 2, 2, 3, 3, 1, 1, 4, 2, 1, 2, 4, 1, 3, 4, 1, 3, 4, 4, 3, 4, 4, 1, 3, 2, 4, 1, 4, 1, 4, 3, 2, 3, 2, 3, 2, 3, 4, 4, 3, 3, 2, 3, 3, 1, 1, 4, 3, 4, 3, 3, 4, 4, 2, 4, 2, 4, 1, 4, 2, 1, 2, 2, 1] [5, 3, 7, 5, 4, 5, 4, 8, 3, 4, 4, 4, 6, 7, 6, 5, 4, 5, 6, 7, 6, 3, 5, 6, 6, 5, 4, 6, 3, 5, 6, 5, 5, 8, 8, 6, 8, 8, 4, 7, 4, 8, 5, 8, 4, 6, 5, 5, 7, 6, 7, 4, 5, 7, 6, 6, 6, 6, 6, 7, 4, 5, 6, 5, 6, 5, 7, 6, 7, 4, 6, 4, 7, 5, 7, 5, 4, 6, 6, 3]
A_35 47.26 A 35 [1, 3, 4, 4, 1, 3, 4, 2, 4, 2, 3, 4, 2, 1, 4, 1, 1, 2, 4, 2, 4, 4, 2, 1, 2, 2, 3, 3, 3, 3, 1, 3, 3, 3, 3, 3, 3, 1, 1, 3, 3, 1, 3, 2, 4, 1, 3, 2, 4, 3, 3, 2, 3, 2, 1, 3, 4, 2, 1, 3, 1, 3, 3, 2, 1, 1, 1, 4, 1, 3, 4, 2, 1, 3, 2, 2, 2, 4, 4, 3] [4, 7, 7, 7, 4, 5, 8, 4, 8, 6, 5, 7, 5, 3, 7, 3, 3, 4, 6, 4, 6, 6, 5, 5, 5, 6, 5, 7, 5, 6, 5, 6, 6, 5, 6, 6, 6, 3, 3, 5, 5, 3, 7, 5, 8, 4, 6, 4, 7, 6, 7, 6, 5, 4, 4, 6, 8, 4, 3, 7, 3, 7, 7, 5, 4, 4, 5, 7, 5, 6, 6, 5, 5, 5, 4, 6, 5, 6, 7, 7]
A_36 49.58 A 36 [2, 3, 4, 2, 3, 1, 4, 4, 1, 2, 1, 2, 3, 2, 1, 1, 3, 1, 4, 2, 4, 2, 4, 4, 4, 3, 2, 2, 4, 2, 2, 2, 1, 4, 4, 3, 3, 3, 2, 1, 4, 2, 3, 1, 3, 2, 4, 3, 4, 1, 4, 2, 2, 3, 1, 2, 3, 1, 3, 1, 3, 3, 2, 4, 3, 3, 4, 3, 4, 1, 4, 4, 1, 4, 4, 1, 2, 1, 1, 1] [4, 7, 8, 6, 7, 3, 6, 8, 5, 4, 3, 4, 7, 6, 5, 3, 6, 5, 7, 4, 6, 5, 8, 6, 6, 7, 6, 5, 8, 6, 6, 5, 5, 8, 8, 6, 7, 7, 4, 3, 6, 4, 6, 4, 7, 4, 7, 6, 6, 4, 8, 6, 6, 5, 5, 5, 6, 5, 5, 3, 7, 5, 5, 6, 5, 5, 8, 5, 8, 3, 8, 7, 5, 6, 8, 4, 4, 5, 5, 4]
A_37 50.58 A 37 [2, 2, 3, 4, 1, 3, 1, 2, 4, 3, 4, 3, 2, 1, 3, 2, 4, 1, 1, 4, 1, 1, 1, 4, 2, 1, 3, 1, 2, 4, 2, 3, 3, 1, 4, 1, 3, 2, 4, 4, 3, 1, 2, 2, 1, 4, 1, 1, 2, 1, 4, 4, 3, 4, 1, 3, 3, 4, 2, 2, 2, 2, 2, 4, 1, 1, 1, 1, 4, 1, 4, 3, 4, 3, 3, 3, 1, 4, 1, 4] [4, 4, 7, 7, 4, 7, 5, 5, 6, 5, 8, 5, 4, 5, 5, 4, 7, 3, 5, 7, 5, 4, 3, 6, 5, 4, 5, 4, 5, 6, 6, 7, 6, 4, 8, 3, 7, 5, 6, 6, 7, 3, 4, 6, 4, 8, 5, 4, 5, 3, 7, 6, 5, 8, 3, 5, 7, 8, 4, 6, 5, 5, 4, 6, 4, 3, 5, 4, 6, 5, 7, 5, 6, 7, 6, 7, 5, 6, 5, 6]
A_38 51.58 A 38 [2, 3, 2, 3, 1, 4, 2, 1, 4, 3, 1, 2, 2, 2, 4, 1, 4, 3, 2, 1, 1, 2, 4, 1, 1, 3, 1, 4, 1, 2, 1, 1, 4, 1, 1, 1, 2, 4, 2, 2, 3, 2, 1, 3, 1, 3, 3, 2, 4, 1, 2, 2, 1, 1, 3, 3, 3, 2, 4, 4, 2, 2, 3, 3, 4, 1, 4, 4, 2, 3, 2, 3, 3, 3, 1, 2, 2, 4, 2, 3] [4, 7, 4, 5, 4, 8, 4, 5, 8, 5, 3, 5, 5, 6, 7, 3, 7, 5, 6, 5, 3, 5, 8, 5, 4, 7, 5, 8, 4, 4, 3, 3, 6, 4, 4, 3, 4, 6, 5, 6, 6, 5, 4, 5, 5, 5, 7, 6, 8, 4, 5, 4, 4, 4, 6, 5, 7, 6, 6, 6, 4, 4, 6, 6, 7, 5, 7, 6, 6, 7, 5, 5, 5, 5, 4, 4, 5, 8, 6, 7]
A_39 53.91 A 39 [2, 1, 2, 1, 2, 1, 1, 2, 2, 3, 4, 2, 1, 4, 1, 2, 1, 2, 4, 2, 4, 1, 1, 1, 3, 2, 3, 3, 3, 1, 3, 3, 3, 2, 3, 3, 1, 4, 2, 2, 2, 1, 1, 1, 4, 3, 4, 2, 1, 2, 2, 3, 2, 4, 2, 2, 4, 3, 2, 2, 4, 2, 3, 1, 2, 4, 4, 1, 2, 3, 2, 2, 4, 4, 2, 3, 1, 1, 4, 1] [6, 4, 6, 5, 5, 5, 3, 5, 6, 5, 8, 5, 3, 6, 4, 5, 3, 4, 7, 4, 8, 4, 3, 4, 5, 4, 5, 6, 5, 3, 5, 5, 6, 4, 7, 5, 3, 6, 6, 4, 6, 3, 5, 5, 7, 6, 8, 6, 4, 6, 4, 7, 5, 6, 4, 4, 8, 7, 4, 4, 8, 6, 7, 4, 4, 6, 6, 3, 6, 5, 6, 4, 6, 8, 6, 7, 3, 4, 6, 5]
B_0 1.72 B 40 [1, 3, 4, 1, 4, 1, 4, 2, 4, 1, 1, 3, 1, 3, 3, 4, 3, 4, 4, 2, 1, 4, 3, 1, 4, 2, 2, 1, 2, 2, 2, 2, 1, 1, 2, 3, 4, 3, 3, 2, 4, 4, 4, 1, 2, 3, 3, 1, 1, 1, 1, 4, 4, 2, 4, 2, 2, 3, 1, 3, 4, 3, 2, 1, 4, 2, 2, 2, 4, 3, 2, 2, 2, 1, 2, 1, 2, 1, 3, 2] [4, 6, 6, 3, 8, 5, 7, 4, 7, 5, 4, 5, 3, 6, 7, 7, 7, 7, 6, 6, 4, 7, 5, 4, 6, 6, 6, 4, 4, 5, 4, 5, 5, 4, 4, 5, 6, 7, 6, 6, 7, 6, 8, 4, 6, 7, 5, 4, 3, 4, 5, 7, 7, 5, 7, 4, 4, 7, 3, 6, 7, 6, 4, 3, 7, 6, 5, 6, 8, 5, 6, 6, 4, 4, 6, 5, 4, 3, 7, 5]
B_1 3.11 B 41 [4, 3, 1, 1, 4, 1, 1, 2, 2, 1, 3, 2, 4, 1, 3, 2, 1, 2, 1, 4, 1, 4, 1, 3, 1, 1, 1, 4, 2, 1, 1, 3, 3, 2, 4, 1, 2, 1, 2, 1, 4, 1, 3, 2, 3, 1, 1, 1, 4, 2, 2, 3, 4, 1, 4, 1, 2, 4, 4, 4, 1, 2, 4, 1, 4, 3, 4, 3, 2, 3, 1, 2, 2, 4, 3, 1, 1, 4, 1, 3] [6, 6, 3, 4, 8, 3, 3, 6, 5, 4, 5, 5, 8, 3, 5, 6, 5, 6, 3, 6, 5, 8, 3, 7, 5, 5, 4, 6, 4, 4, 4, 7, 5, 4, 8, 3, 4, 3, 5, 3, 6, 3, 6, 4, 6, 3, 4, 3, 6, 6, 4, 5, 8, 3, 7, 4, 6, 7, 7, 6, 3, 5, 7, 3, 6, 5, 8, 7, 5, 7, 4, 4, 4, 8, 6, 3, 3, 7, 4, 5]
B_2 4.63 B 42 [3, 3, 4, 2, 2, 1, 2, 3, 2, 1, 3, 4, 3, 2, 1, 4, 2, 2, 4, 4, 1, 3, 1, 3, 4, 1, 4, 2, 2, 2, 2, 3, 4, 1, 1, 3, 3, 2, 1, 1, 4, 3, 1, 4, 3, 1, 1, 3, 4, 2, 2, 4, 3, 4, 2, 3, 1, 3, 4, 1, 4, 2, 4, 4, 3, 2, 1, 4, 3, 2, 1, 4, 2, 3, 4, 2, 4, 3, 3, 4] [5, 5, 7, 5, 4, 4, 5, 7, 5, 3, 7, 6, 6, 5, 4, 7, 4, 4, 7, 8, 4, 6, 3, 6, 7, 4, 6, 5, 4, 5, 5, 6, 6, 3, 5, 7, 6, 4, 4, 5, 8, 6, 3, 6, 6, 5, 3, 6, 6, 6, 5, 6, 6, 6, 4, 6, 5, 5, 6, 5, 8, 5, 7, 6, 7, 6, 3, 7, 6, 6, 5, 7, 6, 7, 6, 6, 8, 5, 7, 6]
B_3 7.41 B 43 [1, 4, 4, 2, 2, 3, 2, 4, 2, 1, 3, 1, 4, 1, 2, 2, 2, 3, 3, 1, 2, 3, 3, 4, 1, 3, 2, 1, 3, 2, 2, 1, 4, 3, 4, 2, 1, 2, 3, 1, 1, 2, 4, 4, 1, 1, 3, 4, 1, 2, 4, 3, 3, 4, 4, 4, 2, 2, 1, 3, 2, 1, 1, 3, 3, 3, 4, 4, 4, 4, 4, 2, 1, 3, 2, 2, 3, 3, 4, 3] [5, 6, 7, 4, 6, 5, 5, 6, 5, 3, 6, 5, 7, 4, 6, 6, 5, 7, 7, 5, 6, 7, 5, 6, 5, 7, 6, 4, 7, 4, 4, 5, 6, 5, 8, 5, 4, 6, 5, 5, 4, 4, 6, 7, 5, 5, 7, 7, 5, 6, 6, 5, 7, 8, 8, 8, 6, 4, 3, 5, 6, 3, 5, 5, 5, 7, 8, 7, 6, 6, 6, 5, 3, 5, 6, 5, 7, 7, 6, 7]
B_4 8.41 B 44 [4, 1, 3, 2, 2, 2, 3, 4, 4, 1, 4, 4, 3, 1, 4, 1, 3, 2, 1, 3, 4, 3, 4, 2, 3, 3, 1, 1, 1, 3, 3, 3, 1, 1, 1, 4, 3, 1, 1, 4, 2, 3, 3, 1, 4, 4, 3, 3, 4, 3, 1, 1, 3, 1, 3, 1, 1, 4, 4, 3, 3, 4, 1, 3, 2, 1, 1, 1, 3, 4, 1, 1, 1, 1, 2, 3, 4, 4, 2, 1] [7, 5, 7, 5, 6, 4, 6, 6, 7, 5, 7, 8, 7, 5, 6, 3, 5, 6, 3, 7, 7, 5, 7, 4, 6, 7, 4, 4, 5, 7, 7, 5, 4, 5, 4, 8, 7, 4, 5, 7, 6, 6, 6, 5, 7, 6, 7, 7, 6, 5, 5, 3, 5, 5, 7, 4, 3, 6, 8, 6, 6, 7, 3, 7, 6, 4, 4, 3, 7, 8, 5, 3, 3, 4, 4, 5, 8, 6, 6, 5]
B_5 9.42 B 45 [1, 3, 3, 1, 3, 2, 3, 1, 4, 1, 3, 4, 2, 1, 4, 2, 2, 1, 1, 4, 2, 2, 1, 3, 4, 2, 3, 3, 3, 4, 1, 3, 2, 1, 4, 1, 2, 4, 3, 3, 3, 1, 1, 1, 4, 3, 4, 2, 1, 4, 2, 2, 1, 4, 1, 4, 1, 4, 4, 2, 4, 4, 2, 1, 4, 3, 1, 4, 4, 1, 1, 1, 1, 4, 1, 4, 4, 4, 1, 3] [5, 7, 5, 5, 6, 6, 5, 5, 6, 4, 5, 7, 4, 5, 6, 6, 4, 3, 3, 6, 6, 5, 3, 7, 6, 6, 7, 7, 6, 6, 5, 6, 6, 3, 6, 4, 4, 8, 5, 6, 7, 3, 5, 5, 6, 6, 7, 4, 3, 8, 5, 5, 4, 7, 5, 7, 4, 8, 7, 6, 7, 8, 6, 5, 6, 7, 3, 6, 8, 4, 3, 5, 3, 6, 4, 8, 8, 6, 5, 6]
B_6 11.02 B 46 [2, 4, 2, 2, 1, 2, 2, 2, 2, 1, 1, 2, 1, 4, 3, 4, 2, 1, 1, 3, 4, 1, 4, 4, 4, 4, 3, 2, 4, 3, 4, 4, 4, 3, 3, 3, 4, 1, 3, 4, 3, 1, 1, 3, 3, 4, 2, 2, 2, 2, 4, 4, 3, 4, 1, 3, 3, 2, 1, 3, 1, 3, 4, 1, 3, 1, 2, 1, 4, 1, 1, 4, 1, 2, 2, 4, 3, 3, 2, 2] [6, 8, 4, 6, 4, 4, 4, 5, 4, 4, 3, 6, 5, 7, 5, 6, 4, 4, 3, 5, 8, 4, 7, 7, 8, 8, 6, 6, 7, 7, 6, 7, 7, 5, 5, 6, 7, 5, 7, 8, 5, 4, 3, 7, 7, 7, 6, 4, 6, 4, 8, 6, 5, 8, 5, 5, 6, 4, 3, 7, 3, 7, 8, 5, 5, 5, 5, 5, 8, 3, 5, 8, 4, 4, 6, 7, 7, 7, 6, 4]
B_7 13.39 B 47 [2, 2, 1, 2, 4, 2, 1, 1, 2, 2, 2, 4, 3, 1, 1, 2, 2, 3, 2, 1, 1, 3, 3, 2, 2, 2, 1, 4, 2, 1, 2, 3, 1, 3, 2, 2, 3, 1, 2, 2, 1, 1, 3, 4, 3, 2, 2, 2, 1, 4, 4, 3, 4, 3, 1, 1, 2, 3, 1, 3, 2, 1, 4, 3, 2, 3, 1, 3, 2, 3, 3, 4, 3, 1, 2, 4, 4, 2, 3, 4] [6, 6, 5, 5, 8, 5, 3, 5, 4, 6, 6, 6, 6, 3, 3, 6, 6, 6, 4, 5, 4, 5, 6, 5, 6, 4, 3, 8, 6, 5, 6, 6, 5, 7, 5, 4, 6, 4, 6, 6, 4, 3, 6, 7, 7, 4, 4, 4, 5, 7, 8, 5, 7, 5, 4, 4, 5, 5, 3, 5, 6, 4, 8, 5, 5, 6, 5, 7, 5, 7, 7, 7, 6, 4, 6, 7, 8, 6, 6, 8]
B_8 14.39 B 48 [4, 3, 3, 1, 1, 3, 2, 4, 2, 4, 2, 4, 2, 3, 1, 2, 3, 3, 4, 2, 4, 1, 1, 2, 1, 4, 4, 3, 4, 1, 4, 1, 1, 1, 3, 4, 4, 2, 4, 1, 1, 4, 4, 1, 4, 1, 2, 1, 1, 2, 4, 4, 1, 3, 4, 2, 1, 3, 3, 2, 4, 1, 3, 2, 2, 2, 2, 3, 1, 2, 1, 2, 1, 4, 4, 1, 3, 2, 3, 2] [7, 6, 5, 3, 5, 5, 5, 6, 5, 7, 4, 8, 4, 5, 4, 4, 6, 6, 8, 6, 8, 4, 5, 4, 4, 7, 8, 5, 6, 4, 7, 4, 3, 3, 7, 7, 6, 5, 8, 4, 3, 6, 6, 5, 6, 3, 6, 5, 4, 6, 6, 7, 4, 7, 7, 6, 5, 7, 5, 6, 8, 3, 5, 5, 5, 4, 6, 6, 4, 4, 4, 5, 4, 8, 7, 4, 5, 4, 5, 6]
B_9 15.620000000000001 B 49 [3, 1, 2, 3, 3, 3, 4, 4, 2, 3, 4, 4, 2, 4, 1, 3, 2, 2, 2, 2, 2, 4, 3, 3, 4, 2, 4, 4, 1, 3, 2, 1, 1, 3, 2, 3, 1, 1, 1, 2, 1, 2, 2, 2, 3, 4, 2, 4, 2, 2, 3, 1, 4, 4, 3, 2, 2, 1, 3, 3, 4, 4, 1, 1, 4, 3, 1, 2, 1, 1, 4, 2, 4, 2, 4, 1, 3, 2, 1, 4] [5, 5, 4, 6, 6, 7, 8, 7, 5, 5, 7, 8, 4, 8, 3, 7, 5, 4, 6, 6, 4, 6, 6, 5, 8, 6, 8, 8, 3, 6, 6, 5, 3, 5, 6, 6, 4, 3, 4, 6, 4, 6, 6, 6, 5, 8, 4, 7, 6, 4, 7, 4, 8, 6, 7, 5, 4, 5, 5, 6, 6, 8, 3, 4, 8, 6, 4, 5, 3, 4, 6, 6, 8, 6, 6, 5, 5, 4, 5, 6]
B_10 16.62 B 50 [1, 2, 4, 2, 3, 3, 2, 4, 3, 1, 2, 2, 3, 2, 1, 3, 3, 2, 4, 1, 4, 3, 4, 4, 4, 2, 3, 2, 1, 3, 2, 3, 3, 3, 3, 3, 4, 4, 2, 2, 1, 2, 2, 4, 1, 2, 4, 4, 4, 3, 4, 1, 3, 1, 3, 4, 2, 1, 4, 2, 1, 3, 4, 4, 1, 1, 1, 4, 1, 4, 3, 3, 2, 2, 2, 2, 3, 3, 2, 4] [4, 5, 6, 6, 7, 5, 5, 7, 6, 5, 5, 6, 5, 4, 4, 6, 7, 6, 8, 5, 8, 6, 6, 8, 7, 6, 6, 4, 3, 5, 4, 5, 7, 7, 7, 7, 8, 7, 5, 4, 5, 4, 5, 6, 5, 5, 8, 8, 6, 7, 6, 3, 5, 3, 6, 7, 6, 4, 6, 5, 5, 7, 6, 7, 5, 4, 4, 8, 5, 6, 5, 5, 4, 5, 4, 4, 5, 6, 5, 8]
B_11 18.6 B 51 [2, 2, 2, 4, 4, 2, 4, 2, 3, 1, 4, 2, 4, 4, 3, 2, 2, 2, 3, 2, 1, 3, 3, 1, 1, 1, 3, 2, 4, 4, 4, 1, 1, 2, 2, 2, 2, 4, 2, 3, 4, 3, 4, 3, 1, 2, 4, 3, 4, 1, 1, 2, 1, 2, 4, 1, 4, 4, 4, 4, 3, 4, 3, 3, 1, 4, 4, 1, 4, 1, 3, 1, 3, 2, 1, 3, 4, 1, 4, 2] [6, 5, 6, 6, 7, 6, 7, 6, 7, 3, 6, 5, 8, 6, 7, 6, 5, 4, 6, 6, 5, 6, 6, 3, 4, 3, 7, 6, 7, 8, 6, 4, 5, 4, 4, 6, 6, 6, 4, 7, 7, 5, 6, 5, 3, 5, 6, 5, 7, 4, 3, 4, 5, 6, 8, 4, 6, 7, 7, 6, 7, 6, 6, 6, 5, 7, 7, 4, 8, 4, 5, 3, 7, 6, 4, 6, 6, 4, 8, 5]
B_12 19.6 B 52 [2, 1, 3, 2, 3, 1, 3, 2, 3, 1, 2, 1, 4, 1, 1, 4, 4, 1, 1, 3, 4, 3, 4, 2, 4, 4, 4, 4, 4, 4, 1, 3, 3, 4, 3, 3, 2, 3, 1, 2, 4, 4, 3, 3, 3, 1, 3, 4, 1, 4, 3, 1, 2, 3, 1, 2, 4, 1, 3, 4, 4, 4, 1, 2, 1, 4, 1, 4, 2, 3, 4, 3, 4, 4, 4, 4, 1, 1, 3, 3] [6, 3, 7, 6, 5, 3, 5, 5, 5, 4, 6, 5, 6, 5, 4, 7, 6, 5, 4, 7, 7, 6, 8, 4, 8, 8, 6, 6, 8, 8, 5, 6, 7, 6, 5, 5, 6, 5, 4, 5, 7, 8, 6, 7, 5, 4, 5, 7, 4, 8, 5, 5, 5, 5, 4, 5, 6, 3, 5, 7, 7, 6, 4, 5, 5, 8, 3, 8, 6, 5, 8, 5, 7, 7, 7, 8, 5, 4, 7, 5]
B_13 20.6 B 53 [1, 2, 4, 2, 1, 4, 3, 3, 1, 4, 3, 2, 4, 2, 1, 2, 1, 1, 1, 2, 3, 1, 1, 1, 4, 1, 1, 1, 3, 4, 3, 4, 1, 4, 4, 2, 3, 4, 1, 4, 2, 1, 4, 4, 1, 4, 4, 3, 3, 4, 1, 2, 3, 4, 1, 2, 4, 2, 2, 4, 1, 2, 1, 2, 3, 1, 4, 1, 4, 1, 3, 4, 2, 2, 1, 4, 3, 1, 2, 4] [5, 4, 6, 6, 5, 8, 5, 5, 5, 7, 7, 5, 6, 4, 4, 5, 3, 3, 4, 6, 5, 3, 4, 3, 6, 4, 4, 4, 6, 6, 7, 6, 3, 8, 7, 4, 5, 8, 4, 6, 5, 3, 6, 8, 5, 7, 8, 5, 7, 6, 3, 6, 5, 8, 4, 6, 6, 4, 6, 7, 5, 6, 4, 6, 5, 4, 6, 5, 7, 3, 7, 6, 6, 4, 5, 6, 6, 4, 6, 7]
B_14 21.6 B 54 [1, 4, 3, 1, 4, 1, 1, 4, 2, 1, 4, 4, 1, 4, 4, 2, 2, 4, 3, 2, 2, 4, 4, 2, 4, 1, 1, 2, 2, 4, 3, 3, 1, 4, 4, 1, 1, 1, 3, 2, 4, 4, 2, 4, 3, 1, 1, 1, 4, 3, 3, 4, 1, 1, 2, 2, 4, 2, 3, 1, 3, 1, 4, 4, 4, 4, 2, 3, 2, 2, 3, 1, 3, 3, 4, 2, 2, 1, 1, 1] [5, 7, 7, 4, 6, 4, 3, 8, 6, 5, 7, 7, 3, 7, 6, 5, 6, 6, 5, 6, 4, 6, 6, 4, 7, 4, 5, 4, 6, 8, 7, 6, 3, 7, 6, 4, 5, 3, 6, 4, 7, 7, 4, 8, 7, 5, 5, 4, 7, 7, 6, 8, 4, 4, 6, 6, 7, 5, 6, 3, 7, 5, 6, 8, 6, 6, 6, 7, 5, 6, 7, 4, 6, 6, 8, 6, 5, 4, 4, 5]
B_15 22.6 B 55 [3, 2, 1, 1, 4, 2, 1, 3, 3, 4, 4, 2, 4, 3, 4, 2, 3, 3, 4, 1, 3, 2, 2, 2, 3, 2, 2, 3, 2, 2, 3, 1, 2, 1, 3, 3, 2, 3, 3, 2, 2, 1, 3, 4, 1, 4, 3, 1, 2, 2, 4, 1, 2, 2, 2, 4, 1, 2, 4, 3, 3, 2, 3, 3, 4, 1, 2, 4, 2, 3, 1, 2, 3, 2, 3, 1, 3, 1, 4, 1] [7, 5, 3, 4, 8, 5, 4, 5, 6, 7, 6, 5, 6, 5, 8, 5, 5, 6, 6, 4, 7, 6, 4, 4, 7, 6, 6, 5, 4, 4, 6, 3, 5, 4, 6, 6, 5, 5, 5, 4, 4, 4, 6, 8, 4, 7, 5, 4, 6, 5, 7, 4, 5, 6, 6, 8, 4, 4, 6, 6, 5, 6, 5, 6, 8, 4, 6, 7, 5, 6, 3, 4, 5, 5, 7, 3, 5, 3, 8, 4]
B_16 23.6 B 56 [3, 3, 4, 2, 1, 4, 3, 3, 2, 2, 3, 4, 3, 3, 1, 4, 1, 4, 2, 4, 3, 2, 2, 1, 1, 2, 2, 2, 2, 2, 4, 3, 2, 4, 3, 4, 3, 3, 3, 4, 2, 2, 1, 2, 1, 1, 3, 2, 1, 2, 2, 4, 4, 4, 4, 1, 4, 2, 3, 2, 1, 4, 4, 3, 1, 1, 4, 4, 2, 3, 2, 1, 4, 4, 2, 1, 3, 3, 4, 2] [5, 6, 7, 5, 3, 8, 7, 7, 5, 6, 5, 6, 5, 5, 3, 7, 3, 8, 4, 7, 5, 4, 5, 4, 4, 5, 5, 5, 6, 4, 8, 5, 6, 7, 6, 8, 6, 7, 7, 8, 4, 6, 5, 6, 3, 4, 6, 5, 5, 4, 6, 6, 6, 6, 7, 4, 6, 4, 7, 5, 5, 7, 7, 5, 4, 5, 8, 6, 4, 6, 4, 5, 7, 6, 5, 5, 7, 7, 7, 5]
B_17 24.6 B 57 [1, 3, 2, 4, 2, 1, 1, 4, 4, 4, 1, 1, 3, 1, 4, 2, 4, 1, 4, 4, 2, 1, 4, 3, 2, 4, 3, 2, 1, 2, 3, 3, 3, 2, 2, 2, 1, 4, 2, 3, 3, 4, 3, 2, 4, 4, 2, 3, 3, 1, 1, 4, 1, 2, 2, 2, 2, 1, 1, 2, 2, 1, 1, 4, 1, 2, 1, 2, 3, 2, 2, 2, 1, 1, 4, 1, 3, 3, 2, 3] [3, 5, 4, 8, 5, 5, 4, 6, 7, 7, 4, 5, 6, 4, 7, 4, 8, 5, 6, 7, 6, 4, 6, 7, 4, 8, 6, 6, 3, 4, 5, 5, 7, 4, 6, 4, 5, 8, 6, 7, 7, 7, 5, 4, 6, 8, 4, 5, 7, 5, 4, 7, 3, 4, 5, 4, 4, 5, 3, 4, 4, 3, 4, 8, 5, 6, 3, 5, 7, 4, 5, 6, 4, 5, 8, 4, 5, 6, 5, 6]
B_18 25.84 B 58 [3, 1, 1, 2, 2, 3, 4, 1, 3, 2, 4, 4, 2, 1, 2, 4, 3, 2, 4, 4, 4, 1, 2, 4, 1, 1, 1, 3, 3, 2, 4, 3, 4, 3, 3, 1, 3, 2, 4, 2, 1, 4, 4, 1, 4, 4, 1, 1, 3, 3, 4, 4, 3, 2, 3, 4, 3, 1, 3, 3, 1, 4, 4, 4, 2, 1, 3, 1, 1, 3, 3, 1, 3, 1, 3, 2, 4, 4, 3, 1] [5, 4, 3, 4, 6, 5, 8, 4, 6, 5, 8, 7, 4, 5, 5, 8, 6, 6, 7, 7, 7, 4, 5, 7, 5, 5, 5, 7, 6, 4, 8, 5, 6, 6, 6, 3, 5, 4, 6, 4, 3, 7, 6, 3, 8, 7, 3, 3, 5, 5, 6, 7, 5, 6, 6, 6, 7, 3, 7, 6, 4, 6, 8, 6, 4, 5, 5, 5, 3, 5, 5, 5, 7, 4, 5, 6, 7, 6, 5, 5]
B_19 26.91 B 59 [3, 2, 2, 1, 4, 4, 4, 4, 4, 3, 2, 3, 4, 4, 4, 2, 4, 2, 1, 3, 1, 2, 4, 1, 2, 1, 1, 3, 4, 2, 4, 1, 4, 4, 3, 3, 1, 2, 4, 2, 3, 4, 1, 3, 3, 2, 3, 3, 2, 3, 2, 4, 4, 4, 1, 3, 2, 2, 3, 2, 1, 2, 4, 2, 1, 3, 4, 2, 1, 1, 4, 4, 2, 1, 4, 4, 2, 2, 4, 2] [6, 4, 6, 5, 6, 7, 7, 7, 7, 6, 5, 6, 8, 7, 7, 4, 8, 4, 5, 6, 4, 6, 6, 4, 5, 4, 4, 5, 6, 4, 6, 3, 7, 7, 7, 7, 3, 6, 6, 4, 6, 6, 5, 5, 6, 6, 7, 5, 6, 6, 5, 6, 7, 7, 3, 6, 5, 4, 6, 5, 3, 4, 6, 4, 5, 7, 8, 4, 3, 5, 6, 7, 6, 5, 7, 7, 5, 6, 7, 4]
B_20 28.43 B 60 [4, 3, 3, 1, 1, 4, 3, 3, 4, 4, 2, 3, 4, 3, 4, 4, 2, 1, 2, 2, 3, 2, 4, 4, 2, 3, 4, 1, 4, 1, 1, 4, 1, 2, 1, 1, 3, 2, 2, 4, 4, 1, 4, 2, 3, 4, 1, 2, 4, 4, 1, 3, 4, 1, 3, 3, 1, 2, 1, 1, 2, 3, 3, 1, 3, 2, 4, 3, 2, 3, 3, 3, 3, 2, 1, 4, 1, 1, 2, 1] [7, 5, 6, 3, 4, 6, 5, 6, 7, 6, 4, 6, 6, 5, 8, 8, 6, 5, 5, 4, 6, 5, 8, 6, 5, 6, 8, 5, 7, 5, 4, 6, 5, 4, 4, 3, 7, 5, 4, 8, 7, 3, 8, 6, 6, 7, 3, 6, 8, 6, 5, 7, 7, 5, 7, 5, 5, 4, 4, 3, 6, 5, 5, 5, 6, 4, 7, 6, 6, 6, 5, 5, 7, 4, 5, 8, 4, 3, 4, 4]
B_21 32.32 B 61 [4, 4, 3, 4, 4, 1, 2, 1, 1, 2, 1, 1, 4, 2, 3, 3, 4, 4, 2, 4, 2, 2, 1, 2, 1, 2, 2, 2, 3, 2, 3, 4, 3, 1, 1, 3, 3, 2, 2, 2, 3, 2, 2, 1, 4, 4, 3, 1, 1, 4, 3, 4, 4, 2, 1, 2, 4, 1, 4, 2, 3, 2, 2, 3, 4, 1, 2, 3, 4, 1, 4, 4, 1, 3, 4, 1, 2, 4, 2, 1] [8, 7, 7, 7, 8, 5, 4, 5, 4, 4, 3, 3, 8, 6, 7, 6, 8, 7, 6, 6, 5, 4, 5, 5, 3, 6, 5, 4, 7, 6, 5, 7, 5, 4, 5, 7, 5, 5, 4, 6, 6, 5, 5, 3, 7, 8, 7, 4, 3, 8, 7, 6, 6, 6, 5, 6, 7, 3, 6, 4, 5, 6, 6, 6, 8, 3, 6, 6, 6, 3, 8, 6, 3, 5, 6, 5, 5, 7, 5, 3]
B_22 33.76 B 62 [1, 3, 1, 1, 2, 4, 3, 2, 1, 3, 2, 4, 2, 4, 2, 4, 1, 2, 1, 2, 1, 4, 1, 3, 3, 2, 3, 1, 3, 4, 3, 4, 3, 4, 4, 3, 2, 2, 3, 3, 2, 4, 4, 1, 1, 2, 4, 4, 3, 1, 4, 3, 1, 1, 4, 3, 4, 1, 4, 4, 3, 2, 3, 3, 3, 4, 1, 4, 4, 2, 2, 1, 3, 4, 4, 2, 3, 2, 3, 2] [5, 7, 4, 3, 5, 7, 7, 6, 5, 5, 5, 8, 6, 8, 6, 7, 4, 4, 5, 4, 5, 7, 4, 6, 5, 6, 6, 4, 7, 8, 7, 8, 7, 7, 6, 7, 5, 4, 6, 7, 4, 7, 7, 5, 3, 6, 8, 8, 5, 3, 6, 6, 4, 4, 6, 5, 7, 4, 8, 6, 5, 6, 6, 7, 7, 7, 4, 6, 6, 6, 6, 5, 6, 7, 8, 5, 7, 5, 5, 6]
B_23 41.099999999999994 B 63 [1, 2, 3, 3, 3, 4, 2, 4, 4, 2, 1, 4, 1, 1, 4, 4, 3, 4, 3, 3, 1, 1, 1, 2, 1, 4, 3, 2, 3, 1, 2, 2, 2, 3, 3, 2, 4, 4, 3, 1, 1, 1, 4, 3, 3, 1, 1, 3, 2, 1, 4, 3, 2, 2, 4, 3, 3, 4, 4, 2, 1, 3, 3, 1, 3, 1, 4, 3, 3, 4, 2, 3, 3, 1, 4, 3, 3, 4, 1, 3] [3, 4, 6, 6, 6, 6, 4, 8, 8, 6, 4, 8, 5, 4, 6, 6, 6, 6, 7, 5, 3, 5, 3, 6, 4, 7, 6, 5, 5, 5, 6, 5, 5, 6, 5, 5, 6, 6, 6, 4, 3, 3, 6, 5, 7, 5, 5, 5, 5, 4, 7, 6, 5, 6, 8, 6, 5, 8, 6, 4, 5, 6, 7, 5, 6, 4, 7, 5, 5, 7, 5, 5, 7, 3, 8, 6, 5, 7, 4, 7]
B_24 43.53999999999999 B 64 [2, 3, 1, 1, 4, 3, 2, 1, 4, 1, 2, 1, 1, 2, 4, 1, 2, 1, 1, 2, 1, 1, 2, 1, 3, 2, 2, 4, 3, 3, 1, 4, 3, 4, 4, 1, 3, 1, 4, 2, 4, 4, 3, 3, 2, 4, 3, 2, 2, 4, 1, 1, 1, 3, 4, 4, 1, 1, 2, 1, 3, 4, 3, 3, 2, 1, 4, 4, 2, 1, 3, 2, 3, 2, 3, 1, 1, 2, 1, 2] [5, 5, 4, 3, 6, 7, 4, 3, 7, 4, 5, 5, 5, 4, 6, 4, 6, 5, 3, 6, 4, 5, 4, 3, 7, 6, 4, 8, 5, 7, 4, 8, 6, 7, 6, 4, 5, 4, 7, 4, 7, 6, 7, 5, 6, 6, 5, 5, 5, 8, 5, 5, 5, 5, 6, 8, 4, 5, 4, 5, 6, 8, 7, 6, 4, 3, 8, 6, 4, 5, 7, 4, 6, 5, 6, 4, 5, 6, 5, 6]
B_25 48.53999999999999 B 65 [3, 1, 3, 4, 3, 1, 1, 4, 1, 3, 3, 2, 1, 2, 1, 3, 3, 4, 2, 4, 3, 3, 2, 2, 4, 2, 4, 3, 1, 1, 3, 4, 2, 2, 3, 1, 3, 1, 1, 4, 2, 3, 2, 3, 1, 3, 1, 3, 2, 3, 1, 4, 4, 1, 4, 1, 1, 2, 1, 3, 2, 1, 4, 1, 1, 4, 4, 4, 2, 4, 4, 2, 4, 1, 2, 4, 3, 3, 3, 4] [6, 4, 5, 6, 5, 5, 5, 7, 3, 7, 7, 5, 4, 6, 4, 7, 5, 8, 4, 6, 6, 7, 4, 5, 6, 4, 6, 5, 3, 4, 6, 7, 5, 5, 5, 4, 5, 3, 5, 6, 6, 5, 6, 7, 4, 7, 5, 6, 4, 6, 4, 7, 8, 4, 6, 4, 5, 6, 5, 7, 4, 3, 7, 4, 3, 7, 6, 6, 6, 6, 8, 6, 6, 4, 6, 8, 5, 7, 7, 7]
B_26 50.529999999999994 B 66 [1, 1, 2, 1, 4, 1, 3, 3, 3, 2, 3, 4, 4, 1, 4, 4, 1, 1, 2, 3, 4, 1, 3, 1, 4, 3, 4, 1, 1, 2, 2, 2, 1, 1, 3, 1, 4, 1, 4, 4, 2, 4, 1, 4, 1, 1, 2, 1, 2, 1, 1, 4, 1, 4, 2, 2, 4, 1, 3, 4, 4, 2, 1, 4, 4, 4, 4, 1, 4, 2, 4, 1, 3, 1, 1, 2, 1, 2, 2, 2] [5, 5, 4, 5, 7, 5, 5, 5, 7, 6, 5, 8, 7, 5, 8, 7, 3, 5, 4, 7, 8, 4, 7, 5, 8, 6, 8, 3, 5, 5, 6, 4, 5, 4, 7, 5, 8, 5, 7, 6, 5, 8, 3, 8, 4, 3, 5, 5, 6, 4, 4, 7, 3, 6, 6, 6, 8, 3, 5, 8, 7, 6, 4, 7, 8, 6, 6, 5, 7, 5, 6, 3, 7, 4, 4, 6, 4, 4, 4, 6]
B_27 51.529999999999994 B 67 [3, 4, 2, 1, 4, 2, 4, 3, 4, 3, 4, 3, 4, 3, 4, 3, 1, 1, 4, 3, 3, 3, 4, 1, 3, 1, 4, 3, 3, 1, 4, 3, 3, 1, 4, 4, 3, 1, 4, 1, 2, 3, 4, 4, 1, 4, 1, 3, 3, 2, 4, 1, 4, 1, 3, 4, 4, 2, 1, 2, 3, 3, 4, 3, 4, 4, 1, 4, 4, 3, 4, 3, 2, 3, 1, 4, 4, 4, 4, 4] [6, 8, 4, 3, 6, 5, 7, 5, 8, 6, 6, 5, 8, 7, 7, 7, 3, 3, 6, 6, 7, 7, 8, 4, 6, 4, 8, 7, 7, 5, 8, 6, 7, 3, 6, 7, 5, 4, 6, 3, 6, 7, 7, 7, 3, 6, 5, 7, 6, 5, 8, 4, 8, 5, 7, 7, 6, 5, 5, 4, 6, 6, 6, 5, 6, 6, 5, 7, 7, 7, 8, 5, 4, 7, 3, 6, 8, 6, 7, 7]
B_28 54.85999999999999 B 68 [1, 2, 3, 3, 3, 2, 1, 3, 3, 2, 2, 3, 1, 2, 4, 2, 3, 2, 2, 1, 2, 3, 4, 3, 4, 1, 1, 1, 3, 3, 1, 3, 1, 1, 4, 1, 4, 4, 2, 2, 4, 2, 3, 4, 3, 4, 4, 2, 1, 1, 1, 4, 2, 4, 2, 2, 2, 3, 1, 1, 2, 4, 4, 3, 2, 2, 4, 4, 1, 1, 3, 2, 4, 3, 1, 1, 4, 1, 3, 3] [3, 5, 6, 7, 6, 5, 3, 7, 5, 5, 4, 5, 5, 6, 7, 5, 7, 5, 5, 5, 6, 6, 8, 7, 6, 3, 4, 5, 5, 7, 3, 7, 4, 4, 7, 5, 8, 6, 6, 6, 8, 5, 6, 6, 7, 8, 8, 5, 4, 3, 5, 8, 6, 7, 5, 5, 4, 7, 3, 3, 6, 6, 6, 5, 4, 6, 7, 7, 5, 4, 5, 4, 7, 6, 3, 4, 6, 3, 5, 5]
B_29 58.529999999999994 B 69 [2, 4, 1, 4, 2, 1, 2, 4, 3, 4, 3, 4, 1, 4, 2, 4, 2, 1, 4, 3, 3, 2, 3, 2, 4, 3, 3, 4, 2, 1, 3, 2, 1, 2, 2, 3, 1, 1, 3, 3, 3, 3, 2, 4, 4, 1, 1, 3, 2, 1, 4, 1, 3, 1, 2, 3, 3, 2, 3, 1, 3, 1, 2, 4, 1, 4, 2, 3, 1, 3, 1, 1, 4, 3, 4, 2, 2, 1, 3, 4] [4, 7, 4, 7, 6, 3, 6, 7, 6, 6, 7, 7, 5, 7, 6, 8, 5, 5, 7, 5, 6, 6, 5, 5, 6, 5, 7, 7, 6, 3, 7, 5, 5, 6, 4, 6, 3, 5, 7, 5, 5, 7, 6, 6, 8, 4, 3, 7, 4, 4, 6, 4, 5, 3, 6, 6, 6, 4, 5, 5, 6, 3, 6, 7, 5, 6, 5, 7, 4, 6, 3, 3, 8, 6, 7, 5, 5, 5, 7, 7]
B_30 59.529999999999994 B 70 [4, 3, 3, 4, 1, 3, 4, 3, 1, 3, 4, 4, 3, 3, 2, 4, 4, 2, 1, 2, 3, 2, 4, 4, 1, 3, 1, 4, 4, 2, 4, 4, 4, 2, 4, 4, 4, 4, 2, 2, 2, 1, 1, 4, 1, 1, 1, 3, 1, 4, 3, 3, 4, 3, 3, 1, 2, 2, 3, 4, 3, 4, 2, 2, 3, 4, 4, 4, 3, 1, 2, 3, 3, 2, 2, 4, 4, 3, 4, 4] [8, 5, 6, 6, 4, 6, 8, 6, 4, 6, 8, 8, 5, 6, 5, 8, 8, 4, 4, 5, 7, 4, 8, 6, 3, 7, 3, 7, 6, 4, 6, 6, 7, 6, 6, 6, 8, 7, 5, 6, 6, 4, 5, 6, 5, 3, 5, 7, 4, 6, 5, 5, 8, 7, 7, 3, 4, 5, 5, 6, 5, 8, 6, 5, 7, 8, 6, 8, 5, 3, 4, 6, 5, 6, 6, 8, 8, 7, 6, 7]
B_31 61.17999999999999 B 71 [1, 3, 2, 4, 4, 4, 1, 3, 2, 1, 4, 3, 2, 4, 4, 3, 3, 4, 4, 1, 4, 2, 4, 3, 2, 2, 1, 1, 2, 3, 3, 4, 4, 1, 2, 2, 4, 3, 3, 2, 2, 2, 4, 2, 1, 1, 4, 4, 2, 2, 3, 1, 3, 4, 1, 2, 1, 2, 1, 4, 3, 4, 1, 3, 2, 2, 1, 3, 2, 1, 3, 3, 2, 3, 2, 2, 4, 1, 4, 4] [3, 6, 6, 7, 8, 7, 3, 6, 5, 3, 7, 7, 4, 7, 7, 6, 6, 8, 7, 5, 6, 6, 8, 5, 6, 5, 5, 3, 6, 5, 6, 7, 7, 4, 4, 5, 7, 5, 5, 4, 6, 4, 7, 5, 3, 5, 8, 7, 5, 6, 5, 3, 5, 6, 4, 4, 5, 6, 5, 7, 5, 6, 5, 5, 4, 6, 3, 5, 4, 3, 6, 5, 4, 6, 5, 6, 8, 5, 7, 7]
B_32 62.17999999999999 B 72 [1, 2, 2, 4, 3, 2, 2, 3, 1, 2, 1, 3, 3, 1, 1, 2, 4, 3, 1, 2, 3, 2, 3, 1, 1, 3, 4, 4, 3, 3, 1, 4, 2, 1, 4, 1, 1, 4, 3, 4, 2, 2, 2, 1, 1, 1, 1, 3, 1, 4, 2, 3, 4, 2, 3, 3, 4, 1, 3, 2, 3, 1, 3, 3, 3, 4, 3, 2, 4, 4, 3, 2, 4, 2, 4, 3, 2, 1, 3, 3] [3, 4, 5, 6, 6, 6, 5, 7, 4, 6, 3, 6, 6, 4, 4, 5, 8, 6, 3, 5, 5, 4, 7, 3, 4, 6, 6, 7, 6, 6, 3, 8, 4, 3, 7, 5, 5, 6, 5, 6, 4, 4, 6, 3, 3, 3, 4, 6, 4, 8, 4, 7, 7, 6, 6, 5, 7, 4, 7, 6, 7, 3, 6, 7, 6, 6, 7, 4, 7, 8, 5, 4, 7, 4, 8, 5, 4, 3, 5, 7]
B_33 64.02999999999999 B 73 [2, 3, 3, 3, 3, 2, 2, 3, 1, 1, 1, 4, 3, 3, 4, 4, 3, 3, 1, 3, 4, 3, 1, 3, 4, 1, 4, 3, 1, 1, 2, 2, 2, 3, 1, 3, 4, 3, 3, 4, 1, 4, 3, 3, 1, 4, 2, 1, 4, 2, 2, 2, 4, 2, 3, 2, 4, 1, 1, 1, 2, 3, 4, 1, 2, 1, 1, 3, 3, 3, 2, 3, 2, 1, 1, 3, 2, 2, 4, 2] [6, 6, 6, 7, 5, 5, 4, 6, 3, 4, 5, 6, 5, 7, 7, 7, 5, 5, 3, 7, 8, 5, 5, 6, 7, 5, 7, 5, 5, 5, 5, 5, 5, 6, 5, 5, 6, 7, 5, 8, 4, 8, 7, 5, 4, 6, 4, 4, 8, 6, 5, 6, 7, 4, 6, 5, 6, 5, 4, 5, 4, 5, 7, 3, 5, 4, 4, 7, 6, 6, 6, 6, 4, 3, 4, 7, 4, 5, 8, 6]
B_34 65.02999999999999 B 74 [1, 4, 4, 3, 3, 3, 1, 4, 2, 4, 4, 4, 2, 1, 4, 4, 3, 1, 3, 3, 4, 4, 1, 2, 2, 1, 4, 3, 3, 3, 1, 2, 1, 3, 4, 2, 4, 3, 1, 2, 2, 3, 4, 2, 2, 1, 2, 2, 4, 4, 2, 1, 4, 1, 4, 3, 2, 4, 3, 4, 1, 4, 4, 4, 3, 2, 1, 1, 1, 4, 2, 2, 4, 1, 3, 1, 1, 4, 3, 3] [5, 6, 7, 7, 7, 6, 5, 7, 5, 7, 8, 7, 6, 3, 7, 7, 7, 3, 5, 6, 7, 7, 5, 6, 5, 4, 6, 5, 7, 7, 4, 4, 4, 7, 7, 4, 8, 6, 4, 6, 6, 6, 6, 6, 4, 4, 6, 6, 7, 6, 4, 4, 7, 5, 8, 7, 5, 8, 5, 7, 5, 6, 8, 8, 6, 6, 4, 3, 3, 7, 6, 5, 8, 4, 5, 5, 5, 7, 6, 6]
B_35 66.02999999999999 B 75 [2, 1, 1, 2, 4, 3, 4, 4, 3, 3, 3, 2, 4, 4, 4, 4, 4, 4, 2, 3, 1, 1, 2, 2, 1, 4, 2, 1, 4, 3, 3, 4, 4, 2, 2, 2, 1, 3, 2, 3, 1, 1, 2, 2, 3, 4, 4, 4, 1, 1, 2, 3, 4, 4, 2, 1, 1, 1, 2, 4, 4, 1, 2, 3, 1, 4, 2, 4, 1, 2, 4, 2, 3, 3, 1, 1, 4, 1, 2, 4] [5, 5, 3, 5, 8, 6, 7, 7, 6, 6, 5, 5, 8, 7, 7, 8, 6, 8, 5, 6, 3, 3, 5, 6, 3, 6, 4, 4, 8, 5, 6, 7, 8, 6, 5, 6, 4, 7, 4, 7, 5, 3, 6, 5, 5, 8, 7, 7, 4, 5, 4, 6, 8, 6, 6, 3, 5, 4, 6, 7, 8, 5, 5, 6, 4, 8, 6, 6, 4, 5, 8, 6, 5, 7, 5, 4, 7, 5, 4, 7]
B_36 69.15999999999998 B 76 [1, 4, 3, 2, 4, 4, 1, 4, 4, 2, 3, 2, 3, 2, 3, 4, 4, 4, 3, 1, 4, 3, 1, 2, 1, 3, 3, 4, 2, 4, 4, 2, 1, 2, 1, 2, 2, 1, 2, 1, 2, 1, 4, 3, 4, 4, 3, 4, 3, 3, 3, 4, 1, 3, 2, 3, 3, 3, 4, 2, 1, 2, 3, 3, 1, 3, 1, 4, 4, 2, 4, 4, 2, 2, 1, 4, 3, 2, 3, 2] [5, 6, 7, 5, 8, 8, 3, 8, 8, 4, 5, 6, 5, 5, 6, 6, 8, 7, 5, 5, 7, 5, 4, 4, 5, 5, 6, 8, 6, 8, 7, 4, 4, 5, 4, 5, 4, 5, 5, 3, 4, 3, 8, 7, 8, 8, 7, 8, 5, 5, 5, 6, 5, 6, 5, 5, 7, 5, 7, 5, 4, 5, 7, 5, 5, 5, 4, 8, 6, 5, 8, 8, 4, 4, 5, 7, 5, 4, 7, 4]
B_37 74.07999999999998 B 77 [3, 1, 4, 2, 1, 3, 3, 4, 4, 1, 3, 1, 1, 2, 1, 3, 4, 2, 3, 2, 4, 4, 2, 2, 3, 4, 3, 4, 3, 2, 3, 1, 2, 3, 2, 4, 1, 4, 4, 1, 1, 4, 3, 3, 4, 4, 3, 2, 2, 2, 3, 1, 1, 1, 1, 1, 3, 3, 4, 2, 1, 4, 2, 4, 2, 3, 2, 4, 1, 1, 3, 1, 1, 2, 4, 1, 2, 4, 2, 2] [6, 3, 8, 6, 4, 5, 6, 8, 8, 4, 5, 4, 5, 4, 3, 6, 7, 6, 7, 6, 7, 8, 4, 5, 7, 8, 5, 7, 7, 6, 7, 3, 4, 6, 6, 6, 5, 6, 8, 4, 3, 7, 5, 7, 6, 6, 7, 6, 4, 4, 6, 4, 4, 4, 4, 3, 7, 6, 6, 6, 3, 7, 5, 7, 6, 7, 4, 6, 3, 5, 7, 5, 3, 5, 7, 5, 4, 6, 6, 6]
B_38 75.57999999999998 B 78 [4, 3, 3, 1, 2, 2, 3, 3, 1, 2, 2, 4, 2, 3, 1, 3, 2, 2, 1, 4, 2, 3, 3, 2, 1, 1, 4, 2, 2, 3, 3, 3, 1, 4, 2, 4, 1, 1, 2, 4, 3, 1, 3, 4, 2, 1, 2, 3, 3, 1, 2, 4, 3, 2, 1, 4, 4, 2, 3, 4, 2, 2, 3, 1, 1, 3, 2, 4, 3, 3, 4, 4, 3, 4, 3, 2, 3, 2, 2, 1] [7, 5, 5, 3, 4, 4, 5, 5, 4, 5, 5, 6, 5, 6, 5, 7, 4, 5, 5, 6, 4, 7, 6, 5, 4, 3, 6, 5, 4, 6, 6, 6, 3, 7, 6, 7, 5, 5, 6, 6, 7, 4, 7, 6, 6, 5, 6, 6, 5, 5, 5, 8, 7, 6, 4, 8, 7, 5, 5, 7, 4, 5, 5, 4, 5, 7, 4, 7, 5, 7, 6, 7, 5, 8, 6, 4, 7, 6, 6, 4]
B_39 78.99999999999999 B 79 [1, 1, 1, 3, 3, 2, 3, 4, 4, 2, 3, 3, 4, 3, 1, 2, 2, 3, 3, 2, 3, 2, 3, 4, 1, 3, 4, 3, 1, 1, 3, 1, 3, 1, 1, 3, 1, 4, 3, 1, 2, 3, 4, 3, 1, 3, 2, 4, 2, 4, 4, 2, 3, 4, 1, 1, 2, 3, 1, 2, 1, 1, 2, 3, 2, 4, 2, 4, 3, 4, 4, 4, 3, 2, 3, 4, 2, 2, 1, 3] [4, 5, 4, 5, 7, 4, 5, 8, 8, 5, 6, 5, 8, 7, 5, 5, 5, 6, 5, 4, 7, 4, 6, 7, 3, 6, 8, 5, 3, 3, 6, 4, 5, 4, 3, 7, 4, 6, 7, 5, 5, 5, 6, 7, 5, 6, 4, 8, 6, 6, 8, 5, 5, 7, 5, 4, 5, 6, 5, 4, 4, 3, 6, 7, 6, 7, 6, 7, 5, 7, 7, 7, 7, 6, 6, 7, 4, 6, 4, 5]
