A_0 2.67 A 0 [2, 4, 2, 3, 3, 1, 4, 3, 2, 1, 2, 4, 1, 3, 4, 1, 1, 4, 3, 1, 1, 1, 1, 4, 3, 2, 4, 3, 1, 3, 3, 2, 1, 2, 3, 3, 4, 3, 1, 4, 4, 1, 1, 2, 4, 2, 2, 1, 4, 4, 3, 1, 4, 2, 4, 1, 1, 3, 1, 4, 1, 4, 2, 3, 4, 4, 4, 2, 2, 4, 3, 4, 2, 1, 3, 1, 3, 1, 2, 3] [5, 8, 4, 7, 7, 5, 8, 5, 6, 3, 5, 6, 3, 6, 7, 5, 4, 6, 6, 4, 3, 5, 3, 7, 5, 6, 7, 6, 5, 6, 5, 4, 4, 6, 7, 7, 6, 6, 4, 6, 6, 3, 3, 5, 6, 5, 4, 4, 6, 8, 6, 3, 8, 5, 8, 3, 5, 7, 5, 8, 3, 7, 5, 5, 6, 6, 8, 6, 6, 8, 7, 6, 5, 3, 5, 4, 6, 4, 6, 7]
A_1 4.949999999999999 A 1 [4, 4, 2, 4, 1, 3, 1, 4, 3, 2, 2, 3, 1, 1, 1, 2, 2, 3, 4, 1, 1, 4, 1, 3, 1, 2, 2, 2, 3, 2, 1, 2, 3, 4, 3, 4, 2, 1, 2, 3, 1, 4, 2, 1, 3, 2, 1, 3, 3, 3, 2, 3, 4, 1, 2, 2, 2, 1, 1, 4, 1, 4, 1, 2, 3, 3, 2, 3, 4, 3, 1, 3, 1, 3, 2, 3, 4, 4, 2, 4] [8, 8, 5, 7, 4, 7, 5, 8, 5, 5, 6, 7, 3, 5, 5, 6, 6, 7, 6, 5, 4, 8, 5, 6, 4, 4, 5, 5, 6, 5, 5, 6, 6, 8, 6, 6, 6, 3, 6, 5, 4, 8, 6, 4, 6, 6, 4, 7, 7, 6, 4, 5, 7, 5, 4, 5, 4, 4, 3, 6, 5, 8, 4, 6, 6, 5, 6, 6, 6, 6, 5, 6, 4, 7, 5, 5, 7, 6, 5, 7]
A_2 5.949999999999999 A 2 [2, 2, 3, 3, 2, 4, 4, 1, 4, 1, 2, 1, 1, 2, 2, 3, 3, 2, 3, 1, 1, 4, 4, 4, 4, 4, 4, 1, 2, 1, 1, 4, 1, 1, 4, 2, 2, 4, 1, 3, 4, 2, 4, 2, 4, 1, 1, 2, 2, 3, 2, 3, 2, 1, 4, 2, 2, 3, 3, 3, 1, 1, 4, 4, 4, 2, 3, 3, 1, 3, 1, 1, 4, 4, 4, 3, 1, 1, 2, 1] [4, 5, 6, 6, 5, 7, 6, 3, 6, 5, 6, 5, 5, 4, 5, 6, 6, 6, 7, 5, 4, 8, 6, 6, 7, 6, 8, 5, 5, 5, 5, 6, 3, 3, 8, 6, 6, 7, 3, 5, 6, 6, 7, 4, 7, 3, 4, 5, 6, 5, 5, 6, 6, 4, 8, 4, 4, 7, 5, 7, 5, 5, 8, 7, 8, 5, 6, 5, 5, 7, 4, 5, 8, 6, 6, 7, 4, 5, 4, 5]
A_3 9.98 A 3 [3, 4, 3, 2, 2, 2, 4, 4, 4, 3, 2, 1, 1, 1, 4, 2, 2, 1, 1, 1, 1, 2, 2, 3, 3, 2, 3, 2, 4, 3, 2, 3, 2, 2, 3, 4, 3, 2, 3, 3, 4, 2, 2, 3, 1, 4, 4, 1, 2, 3, 4, 1, 4, 1, 3, 4, 1, 4, 2, 1, 1, 3, 3, 3, 2, 3, 3, 2, 4, 3, 3, 4, 2, 3, 4, 1, 3, 2, 2, 1] [7, 7, 6, 4, 6, 6, 6, 7, 7, 6, 5, 3, 5, 4, 6, 5, 4, 4, 3, 3, 4, 6, 6, 6, 6, 4, 5, 4, 6, 7, 5, 7, 5, 5, 6, 8, 7, 6, 7, 5, 7, 4, 6, 5, 5, 7, 6, 3, 5, 5, 8, 4, 7, 5, 5, 8, 4, 8, 5, 4, 3, 7, 6, 6, 6, 7, 5, 6, 6, 7, 6, 8, 5, 7, 6, 5, 6, 5, 5, 3]
A_4 10.98 A 4 [3, 1, 2, 2, 4, 4, 1, 1, 3, 4, 2, 2, 2, 1, 1, 1, 3, 4, 3, 1, 1, 2, 3, 4, 4, 1, 3, 3, 3, 3, 2, 4, 2, 2, 3, 4, 2, 1, 4, 4, 4, 4, 3, 4, 4, 4, 2, 1, 1, 1, 4, 3, 2, 2, 3, 3, 1, 1, 1, 4, 3, 2, 1, 1, 2, 3, 3, 4, 1, 2, 1, 2, 4, 4, 3, 1, 1, 4, 4, 3] [7, 4, 5, 6, 7, 8, 5, 3, 7, 6, 6, 6, 5, 5, 4, 5, 6, 8, 7, 4, 5, 4, 6, 8, 8, 5, 7, 7, 5, 5, 4, 6, 5, 6, 7, 8, 6, 4, 6, 6, 7, 8, 6, 6, 7, 6, 4, 5, 3, 3, 7, 6, 5, 5, 5, 5, 5, 3, 5, 7, 7, 5, 5, 4, 5, 7, 5, 6, 5, 5, 5, 5, 7, 8, 7, 3, 4, 8, 8, 6]
A_5 12.09 A 5 [1, 3, 4, 2, 4, 4, 1, 3, 4, 3, 2, 1, 1, 1, 1, 2, 2, 1, 4, 4, 3, 4, 1, 4, 4, 1, 1, 3, 2, 1, 3, 3, 3, 1, 1, 3, 2, 3, 2, 4, 2, 4, 1, 3, 3, 2, 4, 1, 3, 1, 2, 4, 1, 4, 2, 4, 4, 1, 1, 1, 4, 4, 1, 1, 1, 4, 2, 3, 2, 1, 3, 1, 2, 3, 3, 1, 2, 4, 1, 2] [5, 7, 7, 6, 8, 6, 3, 6, 8, 7, 5, 4, 3, 4, 4, 4, 5, 5, 7, 6, 6, 7, 3, 8, 7, 4, 4, 6, 6, 4, 6, 7, 6, 3, 4, 6, 5, 7, 4, 6, 5, 6, 5, 7, 7, 4, 6, 3, 7, 5, 4, 6, 3, 7, 5, 8, 7, 3, 3, 4, 8, 6, 3, 3, 5, 6, 4, 6, 5, 5, 7, 5, 4, 6, 5, 4, 6, 6, 3, 4]
A_6 13.31 A 6 [4, 1, 4, 4, 1, 1, 1, 3, 2, 4, 2, 2, 1, 3, 1, 1, 4, 3, 2, 3, 4, 2, 2, 4, 4, 4, 4, 2, 2, 1, 3, 1, 4, 1, 3, 4, 3, 1, 3, 3, 4, 4, 4, 4, 4, 1, 4, 3, 3, 3, 1, 4, 1, 4, 4, 1, 3, 1, 1, 4, 2, 4, 4, 1, 3, 2, 3, 4, 4, 2, 4, 2, 3, 2, 3, 3, 2, 4, 3, 2] [8, 5, 6, 6, 5, 3, 3, 6, 4, 6, 6, 4, 4, 7, 3, 4, 6, 5, 4, 6, 8, 6, 6, 7, 7, 8, 6, 6, 4, 3, 7, 5, 7, 4, 7, 6, 7, 4, 6, 6, 7, 6, 8, 7, 6, 3, 6, 7, 5, 5, 3, 7, 5, 7, 8, 3, 6, 4, 3, 8, 5, 8, 7, 5, 6, 4, 6, 7, 7, 4, 6, 5, 7, 5, 7, 6, 6, 7, 5, 5]
A_7 14.31 A 7 [3, 4, 1, 4, 1, 3, 3, 1, 1, 4, 1, 2, 3, 2, 3, 3, 1, 1, 3, 4, 1, 2, 2, 3, 3, 2, 1, 4, 1, 3, 2, 2, 3, 2, 3, 1, 1, 2, 2, 3, 3, 1, 2, 1, 2, 4, 4, 4, 1, 3, 4, 3, 2, 1, 2, 2, 1, 1, 2, 3, 4, 2, 2, 4, 3, 2, 2, 1, 1, 3, 2, 1, 4, 2, 2, 3, 1, 3, 2, 4] [5, 8, 3, 7, 3, 6, 6, 4, 4, 7, 3, 4, 5, 4, 5, 5, 3, 4, 5, 6, 4, 6, 6, 5, 5, 4, 3, 7, 4, 5, 4, 5, 5, 6, 6, 5, 4, 5, 4, 7, 5, 5, 5, 3, 4, 8, 8, 7, 4, 7, 7, 7, 6, 3, 6, 4, 5, 3, 6, 5, 7, 4, 6, 7, 6, 6, 5, 4, 5, 5, 6, 5, 6, 6, 5, 7, 4, 7, 6, 7]
A_8 19.55 A 8 [2, 3, 4, 4, 3, 4, 2, 1, 2, 3, 1, 3, 1, 1, 1, 4, 2, 2, 3, 3, 3, 4, 2, 4, 2, 3, 4, 3, 4, 2, 4, 3, 1, 3, 1, 1, 2, 1, 4, 1, 1, 2, 3, 1, 2, 2, 3, 4, 2, 1, 1, 4, 2, 2, 2, 3, 4, 1, 1, 2, 3, 1, 4, 4, 4, 1, 4, 2, 4, 2, 1, 2, 4, 2, 1, 2, 4, 3, 4, 4] [6, 5, 6, 7, 7, 8, 4, 4, 6, 6, 3, 6, 3, 4, 5, 8, 4, 4, 6, 5, 7, 6, 5, 8, 4, 6, 7, 6, 6, 4, 8, 6, 3, 7, 5, 5, 5, 3, 8, 3, 4, 4, 6, 4, 5, 5, 7, 6, 4, 4, 4, 7, 6, 6, 5, 6, 7, 5, 3, 5, 5, 4, 8, 7, 8, 5, 6, 6, 8, 6, 3, 6, 8, 4, 3, 6, 7, 6, 8, 6]
A_9 21.72 A 9 [1, 2, 1, 3, 4, 3, 4, 4, 3, 2, 4, 1, 4, 4, 4, 3, 4, 2, 1, 3, 2, 1, 3, 4, 3, 1, 3, 1, 4, 2, 3, 1, 3, 4, 1, 1, 2, 1, 1, 4, 4, 1, 4, 2, 4, 1, 4, 1, 4, 2, 3, 2, 2, 4, 3, 3, 4, 1, 1, 2, 3, 1, 2, 1, 1, 4, 3, 1, 3, 4, 4, 1, 3, 2, 3, 3, 3, 2, 1, 3] [3, 5, 5, 6, 6, 7, 6, 7, 6, 5, 6, 4, 8, 6, 7, 6, 8, 4, 3, 5, 4, 5, 6, 8, 6, 4, 7, 3, 7, 5, 7, 3, 7, 6, 4, 5, 6, 5, 5, 6, 6, 4, 6, 6, 7, 5, 6, 3, 8, 6, 5, 5, 6, 7, 7, 6, 7, 5, 3, 4, 7, 3, 6, 3, 5, 7, 7, 4, 5, 6, 8, 3, 6, 6, 7, 6, 5, 4, 3, 7]
A_10 23.189999999999998 A 10 [2, 2, 2, 2, 2, 2, 2, 1, 1, 4, 4, 1, 1, 4, 3, 4, 2, 3, 3, 3, 3, 1, 4, 2, 4, 3, 1, 3, 3, 3, 3, 3, 2, 3, 1, 3, 2, 3, 4, 2, 1, 1, 3, 1, 1, 4, 2, 4, 1, 4, 1, 4, 2, 4, 1, 2, 4, 2, 2, 1, 1, 2, 1, 4, 4, 4, 4, 2, 3, 4, 2, 1, 4, 2, 4, 2, 1, 2, 2, 4] [5, 6, 6, 5, 6, 5, 6, 3, 3, 6, 6, 5, 5, 8, 5, 7, 4, 7, 7, 5, 5, 5, 6, 4, 6, 5, 4, 6, 6, 7, 7, 6, 5, 7, 4, 5, 4, 7, 6, 5, 4, 5, 7, 4, 4, 8, 6, 7, 3, 7, 4, 6, 6, 7, 5, 4, 7, 4, 4, 3, 3, 5, 5, 6, 8, 6, 8, 4, 5, 6, 5, 4, 7, 6, 7, 4, 4, 5, 5, 8]
A_11 24.189999999999998 A 11 [4, 3, 1, 1, 2, 1, 2, 2, 3, 1, 1, 4, 1, 3, 1, 1, 1, 1, 2, 2, 1, 3, 1, 4, 3, 1, 1, 2, 1, 4, 2, 3, 4, 2, 3, 1, 3, 4, 1, 2, 2, 1, 2, 1, 3, 2, 1, 2, 4, 3, 1, 2, 2, 2, 4, 2, 4, 2, 4, 2, 3, 1, 4, 2, 3, 1, 4, 1, 3, 1, 4, 2, 4, 4, 4, 2, 2, 4, 2, 4] [6, 7, 5, 3, 6, 4, 4, 4, 6, 4, 5, 6, 5, 7, 4, 4, 4, 5, 4, 4, 4, 6, 5, 6, 5, 5, 3, 5, 4, 8, 6, 5, 8, 4, 6, 3, 7, 7, 5, 4, 4, 4, 5, 5, 5, 6, 5, 4, 7, 5, 4, 4, 5, 6, 8, 5, 6, 5, 8, 6, 6, 5, 7, 4, 5, 5, 8, 3, 6, 3, 8, 6, 6, 6, 8, 5, 6, 8, 6, 8]
A_12 25.189999999999998 A 12 [1, 1, 1, 1, 2, 1, 1, 3, 1, 4, 1, 1, 4, 2, 2, 1, 1, 1, 4, 2, 2, 3, 2, 2, 4, 1, 3, 3, 3, 4, 2, 3, 4, 2, 1, 3, 4, 4, 3, 1, 2, 2, 2, 2, 1, 1, 1, 4, 2, 4, 2, 1, 2, 3, 1, 1, 3, 2, 4, 2, 4, 4, 4, 1, 2, 4, 3, 1, 3, 3, 2, 2, 1, 4, 1, 3, 2, 3, 3, 2] [3, 3, 5, 5, 5, 3, 4, 5, 3, 8, 5, 5, 6, 6, 5, 4, 5, 4, 7, 4, 4, 5, 4, 6, 7, 3, 7, 7, 5, 6, 6, 6, 6, 4, 5, 6, 7, 6, 7, 4, 6, 5, 6, 6, 3, 4, 4, 8, 4, 7, 6, 5, 6, 7, 4, 4, 7, 5, 8, 6, 8, 7, 8, 4, 4, 8, 5, 3, 6, 6, 6, 4, 5, 8, 3, 6, 6, 6, 5, 6]
A_13 26.189999999999998 A 13 [3, 1, 2, 1, 1, 1, 3, 2, 1, 4, 4, 3, 2, 4, 1, 3, 2, 1, 1, 2, 2, 2, 2, 4, 2, 1, 2, 2, 1, 3, 4, 3, 4, 1, 2, 2, 1, 1, 1, 2, 4, 4, 1, 4, 4, 2, 3, 3, 3, 2, 2, 2, 1, 3, 1, 1, 3, 1, 1, 4, 2, 3, 3, 4, 1, 3, 2, 1, 4, 4, 4, 2, 1, 2, 2, 4, 4, 1, 4, 4] [6, 5, 4, 4, 5, 4, 7, 4, 4, 6, 8, 7, 6, 6, 4, 6, 6, 5, 4, 4, 6, 4, 5, 8, 6, 3, 5, 6, 4, 6, 8, 5, 6, 4, 6, 4, 3, 4, 4, 4, 7, 6, 4, 8, 8, 4, 6, 5, 5, 6, 5, 4, 4, 5, 5, 4, 5, 5, 3, 8, 4, 5, 5, 6, 4, 7, 5, 3, 6, 7, 6, 6, 4, 5, 5, 6, 6, 5, 7, 7]
A_14 27.189999999999998 A 14 [4, 1, 2, 4, 1, 1, 1, 3, 1, 4, 3, 1, 2, 1, 2, 2, 4, 1, 4, 4, 1, 1, 2, 1, 4, 1, 1, 3, 3, 2, 4, 1, 2, 4, 1, 1, 2, 2, 2, 2, 2, 2, 3, 4, 1, 1, 2, 3, 4, 3, 3, 4, 4, 2, 4, 2, 2, 2, 2, 4, 2, 1, 2, 2, 2, 1, 3, 3, 4, 2, 3, 3, 4, 4, 4, 4, 2, 3, 4, 4] [7, 5, 5, 6, 4, 4, 3, 5, 5, 7, 5, 4, 5, 4, 4, 6, 8, 5, 8, 7, 3, 4, 4, 5, 8, 3, 5, 5, 5, 4, 6, 4, 4, 8, 3, 3, 6, 5, 5, 5, 5, 4, 5, 8, 3, 3, 4, 6, 6, 7, 7, 6, 7, 4, 8, 5, 5, 4, 6, 7, 4, 3, 4, 4, 5, 3, 5, 7, 7, 6, 7, 6, 6, 6, 7, 7, 4, 6, 7, 6]
A_15 28.189999999999998 A 15 [1, 2, 3, 2, 1, 2, 1, 3, 4, 3, 4, 1, 1, 3, 2, 4, 3, 4, 2, 1, 1, 2, 2, 3, 4, 3, 2, 2, 4, 2, 2, 2, 4, 3, 1, 2, 4, 3, 4, 1, 3, 2, 2, 4, 2, 1, 2, 2, 2, 4, 4, 4, 2, 1, 2, 1, 2, 2, 4, 3, 4, 4, 2, 3, 2, 1, 1, 1, 4, 2, 3, 2, 1, 2, 2, 3, 4, 2, 2, 1] [5, 6, 6, 5, 5, 4, 4, 5, 8, 6, 7, 4, 4, 6, 6, 7, 7, 7, 6, 5, 4, 4, 4, 6, 6, 5, 4, 4, 7, 4, 5, 4, 7, 6, 3, 5, 7, 5, 8, 5, 6, 4, 5, 6, 4, 4, 5, 5, 4, 6, 6, 6, 5, 3, 6, 5, 6, 6, 8, 6, 6, 7, 4, 6, 5, 5, 4, 4, 7, 6, 5, 6, 4, 6, 4, 5, 8, 6, 6, 4]
A_16 29.189999999999998 A 16 [1, 2, 3, 2, 3, 2, 4, 1, 2, 4, 2, 1, 1, 2, 4, 3, 4, 3, 1, 4, 2, 2, 4, 1, 3, 2, 2, 4, 4, 1, 1, 4, 1, 4, 4, 4, 3, 4, 2, 3, 4, 3, 4, 2, 2, 4, 1, 4, 4, 3, 2, 2, 3, 3, 1, 4, 4, 1, 1, 2, 2, 2, 4, 2, 3, 3, 2, 1, 1, 3, 2, 3, 4, 1, 1, 2, 1, 4, 2, 4] [4, 6, 6, 4, 6, 5, 6, 3, 4, 8, 4, 4, 5, 6, 8, 7, 8, 7, 3, 7, 4, 4, 6, 3, 7, 5, 6, 8, 6, 5, 3, 7, 5, 7, 6, 6, 5, 6, 5, 6, 8, 5, 7, 6, 5, 8, 3, 7, 6, 7, 4, 6, 7, 5, 3, 6, 7, 3, 3, 5, 5, 6, 6, 4, 5, 7, 5, 4, 4, 5, 6, 6, 7, 4, 4, 6, 5, 6, 5, 6]
A_17 30.889999999999997 A 17 [4, 3, 2, 1, 4, 1, 3, 1, 2, 2, 3, 1, 1, 1, 1, 4, 3, 1, 1, 4, 4, 4, 4, 1, 3, 2, 3, 1, 1, 3, 4, 1, 2, 3, 2, 3, 4, 3, 3, 1, 3, 1, 1, 2, 2, 2, 3, 3, 4, 2, 3, 4, 2, 3, 4, 3, 1, 4, 2, 3, 3, 4, 3, 1, 2, 3, 4, 4, 3, 1, 1, 2, 4, 1, 2, 4, 1, 3, 2, 2] [6, 7, 6, 4, 8, 5, 5, 4, 4, 4, 7, 5, 4, 5, 5, 7, 7, 4, 5, 7, 8, 8, 7, 5, 6, 4, 5, 4, 3, 7, 6, 5, 4, 6, 6, 5, 8, 7, 6, 5, 6, 4, 3, 6, 4, 4, 5, 7, 6, 6, 5, 8, 4, 6, 8, 6, 5, 7, 6, 5, 7, 8, 5, 4, 4, 7, 6, 6, 7, 4, 4, 6, 6, 4, 5, 6, 5, 7, 5, 4]
A_18 31.889999999999997 A 18 [3, 4, 3, 1, 3, 4, 2, 3, 3, 1, 3, 2, 4, 1, 4, 2, 1, 1, 2, 4, 2, 2, 4, 1, 1, 4, 3, 2, 4, 4, 4, 3, 2, 4, 2, 2, 1, 4, 3, 1, 1, 3, 4, 1, 4, 4, 2, 4, 2, 2, 1, 1, 1, 4, 1, 2, 1, 2, 3, 4, 1, 3, 4, 4, 2, 3, 4, 4, 1, 3, 4, 1, 1, 3, 2, 2, 3, 3, 1, 3] [6, 6, 7, 3, 7, 7, 4, 5, 6, 3, 7, 4, 7, 4, 8, 6, 3, 5, 4, 7, 4, 6, 7, 3, 4, 7, 5, 6, 7, 8, 6, 7, 6, 7, 6, 4, 3, 6, 7, 5, 4, 6, 6, 4, 8, 8, 5, 6, 6, 6, 5, 4, 5, 8, 5, 4, 5, 6, 6, 7, 5, 6, 6, 8, 5, 6, 6, 6, 3, 5, 6, 5, 4, 7, 5, 6, 6, 5, 4, 5]
A_19 32.89 A 19 [1, 1, 1, 1, 1, 4, 3, 4, 3, 3, 3, 2, 2, 2, 4, 1, 4, 4, 4, 1, 1, 2, 3, 4, 1, 3, 2, 1, 2, 2, 1, 3, 4, 3, 3, 3, 3, 3, 4, 3, 2, 4, 1, 3, 2, 2, 2, 4, 3, 2, 2, 2, 3, 4, 3, 2, 4, 2, 2, 3, 3, 4, 4, 3, 1, 4, 3, 1, 4, 1, 4, 4, 4, 2, 3, 1, 1, 4, 1, 1] [4, 5, 5, 3, 4, 6, 6, 6, 5, 5, 5, 4, 4, 4, 7, 5, 7, 7, 7, 5, 5, 5, 5, 8, 3, 7, 5, 5, 6, 6, 3, 5, 6, 5, 5, 6, 7, 5, 8, 6, 5, 8, 4, 6, 6, 5, 6, 7, 5, 5, 5, 5, 7, 7, 6, 6, 7, 6, 6, 7, 7, 6, 7, 7, 4, 7, 7, 4, 8, 4, 6, 6, 6, 5, 6, 4, 5, 6, 4, 4]
A_20 34.33 A 20 [1, 1, 1, 1, 1, 3, 4, 1, 3, 2, 3, 1, 2, 2, 1, 1, 2, 4, 2, 1, 2, 3, 2, 3, 1, 2, 1, 2, 3, 3, 2, 4, 4, 2, 1, 2, 4, 3, 3, 1, 3, 2, 2, 4, 4, 2, 3, 3, 4, 2, 3, 2, 2, 3, 1, 3, 1, 2, 2, 1, 4, 3, 4, 4, 3, 3, 4, 3, 1, 1, 2, 2, 3, 3, 2, 2, 4, 4, 4, 1] [3, 4, 4, 4, 5, 6, 8, 4, 7, 4, 5, 4, 4, 6, 3, 4, 4, 8, 4, 5, 4, 5, 6, 7, 3, 6, 5, 4, 5, 6, 5, 6, 6, 6, 4, 5, 7, 6, 6, 4, 6, 5, 5, 8, 8, 5, 6, 6, 8, 6, 7, 4, 6, 6, 5, 7, 4, 5, 6, 4, 6, 6, 6, 8, 7, 6, 8, 6, 4, 3, 4, 4, 6, 5, 6, 6, 7, 7, 7, 4]
A_21 35.489999999999995 A 21 [1, 4, 4, 2, 2, 4, 2, 2, 4, 1, 1, 3, 3, 2, 1, 2, 2, 4, 2, 2, 3, 2, 2, 2, 1, 2, 4, 3, 2, 3, 4, 4, 3, 2, 4, 2, 4, 2, 2, 2, 4, 1, 2, 3, 4, 3, 3, 2, 4, 1, 4, 4, 4, 2, 2, 1, 1, 3, 2, 2, 4, 1, 2, 4, 2, 2, 4, 3, 1, 2, 1, 3, 1, 3, 3, 3, 1, 3, 4, 4] [5, 8, 8, 6, 4, 7, 6, 6, 6, 5, 5, 6, 5, 4, 4, 4, 4, 8, 6, 5, 5, 5, 5, 5, 3, 6, 7, 5, 4, 7, 7, 7, 5, 6, 6, 4, 7, 4, 6, 6, 7, 5, 6, 7, 8, 6, 5, 5, 8, 5, 6, 7, 7, 6, 5, 3, 3, 7, 6, 5, 7, 5, 4, 8, 6, 4, 7, 7, 4, 6, 4, 6, 4, 5, 5, 5, 3, 5, 7, 8]
A_22 36.8 A 22 [1, 1, 4, 2, 3, 1, 2, 2, 2, 3, 4, 1, 2, 2, 2, 2, 4, 4, 4, 3, 2, 2, 2, 1, 1, 4, 1, 2, 3, 4, 4, 4, 2, 4, 1, 2, 1, 4, 1, 3, 3, 3, 4, 1, 3, 3, 4, 4, 3, 1, 3, 1, 1, 4, 2, 4, 4, 1, 1, 3, 3, 1, 4, 1, 4, 1, 3, 3, 4, 1, 3, 4, 1, 3, 4, 1, 2, 4, 2, 4] [3, 5, 6, 6, 6, 3, 6, 6, 5, 6, 6, 5, 4, 5, 4, 4, 6, 7, 7, 5, 6, 5, 5, 4, 4, 8, 4, 4, 7, 7, 8, 7, 6, 7, 3, 5, 3, 8, 5, 7, 6, 5, 6, 5, 7, 6, 6, 8, 5, 3, 7, 4, 3, 8, 4, 8, 7, 5, 3, 7, 7, 4, 7, 3, 6, 5, 6, 5, 8, 4, 6, 7, 5, 6, 6, 4, 6, 7, 4, 6]
A_23 37.8 A 23 [4, 3, 4, 3, 4, 4, 4, 3, 4, 4, 2, 4, 2, 4, 1, 3, 1, 1, 1, 4, 3, 2, 1, 2, 2, 3, 2, 4, 2, 2, 2, 3, 4, 3, 3, 3, 1, 1, 2, 2, 4, 4, 3, 1, 4, 4, 1, 4, 2, 4, 4, 3, 1, 1, 2, 1, 4, 1, 1, 3, 4, 3, 1, 2, 3, 4, 1, 1, 2, 3, 4, 4, 2, 1, 4, 2, 2, 3, 3, 4] [7, 6, 6, 6, 8, 8, 7, 5, 8, 8, 4, 6, 6, 8, 5, 6, 3, 5, 3, 8, 7, 5, 4, 5, 5, 6, 6, 8, 6, 6, 4, 6, 8, 6, 7, 5, 3, 5, 4, 6, 8, 6, 5, 4, 6, 6, 3, 6, 4, 8, 7, 6, 3, 3, 6, 5, 7, 5, 3, 5, 8, 7, 5, 6, 7, 8, 4, 3, 5, 7, 7, 8, 5, 3, 8, 5, 4, 6, 6, 8]
A_24 38.8 A 24 [3, 1, 4, 3, 4, 4, 4, 3, 2, 3, 4, 3, 4, 2, 4, 4, 3, 3, 1, 1, 1, 1, 1, 2, 1, 4, 1, 4, 2, 4, 2, 1, 4, 2, 2, 2, 4, 4, 3, 4, 3, 1, 4, 4, 1, 2, 4, 3, 2, 1, 4, 2, 1, 3, 1, 3, 2, 3, 2, 3, 2, 3, 4, 1, 4, 1, 2, 3, 4, 3, 4, 4, 2, 3, 2, 3, 1, 3, 2, 3] [5, 4, 7, 6, 8, 7, 7, 5, 4, 6, 6, 5, 7, 6, 8, 6, 7, 6, 4, 3, 3, 3, 4, 5, 5, 7, 5, 8, 5, 8, 6, 5, 7, 6, 4, 6, 7, 6, 6, 6, 5, 4, 6, 8, 4, 6, 7, 6, 5, 5, 6, 5, 4, 7, 4, 6, 4, 7, 6, 7, 6, 5, 7, 3, 7, 3, 6, 5, 6, 5, 7, 7, 6, 6, 6, 5, 4, 5, 6, 7]
A_25 39.8 A 25 [2, 2, 4, 2, 1, 1, 4, 2, 3, 1, 3, 1, 1, 1, 1, 3, 2, 2, 4, 3, 2, 2, 4, 3, 4, 1, 3, 1, 3, 4, 1, 4, 4, 2, 2, 3, 3, 4, 1, 3, 4, 1, 1, 3, 3, 2, 3, 2, 2, 2, 3, 1, 1, 1, 2, 3, 4, 4, 3, 1, 3, 4, 2, 4, 4, 3, 3, 2, 3, 2, 3, 4, 1, 1, 1, 2, 2, 3, 3, 1] [6, 4, 6, 4, 5, 4, 8, 4, 6, 4, 5, 5, 3, 3, 3, 5, 5, 4, 7, 7, 6, 6, 8, 6, 7, 4, 7, 3, 5, 7, 4, 8, 8, 4, 5, 6, 7, 6, 5, 6, 7, 5, 3, 7, 7, 6, 5, 4, 5, 4, 6, 3, 4, 3, 5, 5, 8, 8, 7, 4, 5, 8, 6, 7, 6, 6, 7, 6, 6, 4, 5, 8, 3, 5, 3, 5, 5, 6, 6, 4]
A_26 40.809999999999995 A 26 [4, 2, 4, 3, 3, 1, 4, 1, 4, 3, 1, 1, 3, 2, 1, 2, 2, 3, 3, 2, 1, 4, 1, 2, 1, 3, 1, 4, 4, 2, 1, 1, 2, 2, 1, 4, 1, 4, 1, 4, 1, 4, 4, 4, 4, 4, 4, 4, 3, 2, 2, 2, 2, 4, 4, 2, 2, 3, 1, 1, 2, 3, 2, 4, 1, 4, 3, 2, 1, 1, 1, 1, 2, 2, 4, 1, 3, 1, 1, 3] [7, 5, 8, 5, 7, 4, 6, 3, 7, 7, 4, 3, 7, 5, 5, 4, 6, 5, 5, 5, 5, 7, 4, 6, 5, 7, 3, 7, 7, 6, 4, 5, 4, 4, 3, 6, 4, 8, 3, 7, 3, 8, 7, 8, 7, 8, 8, 8, 5, 4, 5, 4, 4, 7, 6, 5, 5, 6, 3, 5, 4, 7, 4, 8, 4, 8, 5, 6, 4, 4, 5, 3, 4, 5, 6, 4, 5, 3, 5, 6]
A_27 44.10999999999999 A 27 [3, 2, 1, 2, 3, 3, 2, 4, 3, 1, 3, 2, 3, 2, 3, 2, 4, 1, 2, 1, 2, 3, 2, 4, 4, 1, 4, 1, 1, 3, 1, 1, 3, 2, 4, 4, 4, 2, 3, 2, 3, 4, 2, 4, 3, 4, 3, 3, 3, 3, 1, 2, 3, 4, 2, 3, 4, 2, 3, 1, 3, 3, 1, 2, 3, 4, 3, 2, 3, 2, 3, 1, 1, 4, 2, 3, 2, 4, 3, 2] [6, 5, 5, 4, 7, 6, 6, 7, 6, 3, 6, 5, 7, 6, 5, 4, 8, 4, 6, 5, 4, 5, 4, 8, 8, 3, 7, 4, 3, 6, 4, 4, 6, 5, 7, 8, 6, 6, 5, 6, 6, 8, 4, 7, 6, 6, 6, 6, 6, 7, 4, 5, 6, 8, 5, 6, 7, 6, 6, 5, 6, 6, 4, 5, 7, 7, 6, 6, 7, 4, 7, 4, 5, 7, 6, 5, 4, 6, 5, 5]
A_28 45.57999999999999 A 28 [1, 3, 2, 4, 3, 2, 2, 1, 4, 4, 3, 1, 3, 1, 3, 4, 4, 1, 4, 2, 3, 2, 3, 2, 2, 3, 4, 1, 1, 2, 3, 4, 2, 2, 1, 2, 3, 3, 1, 3, 1, 4, 2, 2, 1, 4, 1, 1, 2, 2, 4, 2, 1, 1, 4, 2, 3, 1, 2, 3, 4, 1, 4, 2, 1, 4, 3, 3, 2, 1, 2, 3, 3, 3, 1, 3, 2, 2, 4, 4] [5, 6, 5, 6, 5, 6, 4, 4, 6, 7, 6, 4, 5, 4, 5, 7, 6, 3, 7, 6, 5, 4, 7, 6, 5, 5, 7, 3, 3, 6, 7, 7, 4, 5, 4, 5, 7, 7, 5, 7, 4, 6, 4, 6, 5, 7, 4, 4, 4, 5, 8, 5, 5, 3, 6, 6, 6, 5, 4, 6, 6, 3, 8, 6, 4, 8, 7, 6, 5, 5, 6, 7, 6, 7, 3, 6, 6, 4, 6, 6]
A_29 47.12999999999999 A 29 [3, 2, 1, 3, 3, 1, 1, 3, 2, 2, 3, 4, 4, 3, 2, 2, 1, 3, 4, 2, 3, 3, 4, 2, 4, 4, 2, 3, 2, 3, 3, 4, 2, 1, 1, 3, 3, 2, 2, 4, 4, 4, 4, 3, 1, 3, 3, 2, 1, 1, 1, 3, 4, 2, 2, 3, 3, 2, 2, 4, 1, 3, 4, 3, 2, 1, 2, 3, 4, 1, 3, 3, 4, 3, 2, 1, 1, 3, 3, 1] [6, 5, 5, 7, 5, 4, 3, 5, 4, 5, 7, 8, 6, 6, 4, 4, 5, 7, 8, 6, 6, 7, 7, 6, 8, 7, 6, 6, 6, 6, 7, 6, 6, 4, 5, 7, 6, 6, 6, 7, 7, 7, 7, 7, 5, 6, 7, 6, 5, 3, 5, 7, 7, 6, 6, 6, 5, 5, 5, 8, 3, 6, 7, 6, 4, 3, 4, 7, 8, 5, 7, 6, 6, 6, 5, 3, 5, 5, 7, 4]
A_30 48.12999999999999 A 30 [3, 1, 1, 2, 2, 3, 3, 2, 4, 3, 3, 2, 2, 4, 4, 2, 1, 4, 4, 1, 2, 4, 4, 2, 2, 1, 1, 1, 3, 3, 1, 3, 4, 2, 1, 2, 4, 1, 2, 1, 4, 2, 2, 1, 2, 1, 2, 2, 2, 3, 2, 4, 3, 2, 3, 4, 4, 4, 1, 3, 3, 1, 3, 2, 3, 1, 4, 3, 2, 2, 2, 3, 3, 1, 1, 3, 4, 3, 2, 3] [5, 5, 5, 5, 4, 6, 7, 4, 8, 7, 7, 6, 6, 8, 6, 5, 3, 6, 6, 3, 5, 7, 8, 4, 6, 4, 4, 4, 7, 7, 4, 6, 7, 4, 5, 6, 6, 4, 5, 3, 8, 4, 5, 4, 4, 4, 6, 5, 4, 7, 6, 6, 5, 6, 7, 7, 6, 7, 4, 6, 5, 4, 7, 4, 5, 3, 6, 7, 4, 6, 4, 6, 6, 4, 3, 6, 8, 6, 5, 7]
A_31 49.37999999999999 A 31 [2, 2, 4, 3, 4, 3, 1, 2, 3, 1, 3, 3, 3, 3, 1, 2, 4, 1, 3, 3, 4, 4, 4, 3, 1, 4, 1, 1, 4, 4, 3, 2, 3, 4, 2, 2, 3, 1, 1, 3, 4, 1, 2, 4, 1, 4, 3, 4, 2, 1, 2, 2, 3, 4, 3, 1, 3, 4, 2, 4, 4, 1, 3, 4, 4, 4, 4, 2, 2, 2, 1, 4, 3, 1, 1, 4, 2, 2, 2, 1] [4, 6, 6, 7, 6, 7, 5, 5, 6, 3, 6, 5, 6, 5, 4, 4, 7, 5, 7, 5, 6, 7, 7, 6, 5, 8, 5, 4, 7, 6, 6, 6, 7, 7, 6, 6, 7, 4, 4, 5, 6, 3, 6, 7, 5, 8, 6, 7, 4, 4, 4, 5, 6, 8, 5, 5, 7, 6, 5, 8, 7, 3, 6, 7, 6, 7, 6, 4, 4, 4, 3, 8, 7, 3, 3, 7, 6, 5, 5, 5]
A_32 50.37999999999999 A 32 [1, 3, 1, 2, 2, 3, 4, 3, 1, 3, 2, 4, 4, 4, 2, 4, 1, 2, 2, 4, 4, 3, 2, 4, 4, 4, 2, 3, 2, 2, 4, 3, 4, 2, 1, 2, 4, 2, 4, 2, 2, 2, 2, 2, 4, 3, 4, 4, 3, 2, 2, 4, 3, 4, 4, 4, 4, 3, 3, 4, 3, 4, 2, 2, 3, 1, 1, 4, 3, 4, 3, 3, 4, 3, 2, 1, 2, 4, 3, 1] [4, 6, 3, 5, 5, 6, 7, 5, 3, 7, 5, 8, 6, 6, 4, 7, 5, 4, 6, 6, 6, 5, 6, 8, 7, 8, 4, 6, 4, 6, 7, 7, 6, 4, 3, 6, 7, 5, 6, 4, 6, 4, 6, 4, 8, 5, 8, 8, 7, 5, 4, 6, 6, 8, 6, 6, 7, 7, 7, 7, 5, 7, 6, 5, 7, 5, 3, 7, 5, 7, 6, 5, 8, 7, 4, 5, 6, 7, 6, 5]
A_33 51.37999999999999 A 33 [2, 4, 1, 2, 2, 1, 1, 2, 3, 4, 3, 2, 2, 1, 4, 3, 4, 3, 4, 3, 2, 2, 4, 3, 2, 2, 2, 2, 2, 1, 2, 4, 2, 2, 3, 1, 4, 3, 1, 4, 4, 2, 3, 4, 1, 1, 2, 1, 3, 1, 1, 4, 2, 4, 4, 3, 4, 3, 3, 2, 1, 3, 3, 4, 2, 3, 4, 1, 4, 3, 1, 3, 1, 2, 3, 2, 3, 1, 4, 1] [6, 8, 3, 5, 6, 3, 4, 6, 7, 6, 7, 4, 4, 4, 8, 6, 7, 6, 7, 5, 6, 6, 7, 6, 6, 4, 4, 5, 5, 4, 4, 7, 4, 4, 5, 5, 8, 5, 4, 8, 7, 6, 5, 8, 4, 4, 4, 3, 7, 3, 5, 7, 6, 8, 7, 6, 7, 5, 6, 6, 3, 6, 7, 7, 4, 7, 6, 4, 6, 7, 5, 7, 3, 4, 7, 4, 6, 4, 7, 4]
A_34 52.45999999999999 A 34 [3, 3, 4, 3, 3, 1, 3, 3, 1, 1, 1, 3, 1, 2, 1, 1, 4, 2, 2, 3, 1, 4, 1, 3, 2, 2, 1, 4, 1, 1, 1, 2, 1, 3, 1, 3, 4, 4, 4, 1, 4, 4, 3, 3, 2, 2, 2, 2, 3, 3, 3, 4, 2, 3, 4, 3, 1, 3, 3, 2, 1, 1, 3, 3, 3, 3, 4, 4, 3, 4, 1, 4, 3, 3, 3, 2, 1, 4, 1, 3] [7, 6, 8, 6, 7, 4, 7, 6, 5, 4, 4, 6, 5, 6, 3, 3, 6, 6, 6, 5, 4, 6, 3, 7, 4, 5, 3, 7, 4, 5, 5, 6, 3, 5, 4, 7, 7, 7, 8, 4, 6, 6, 7, 6, 5, 4, 6, 4, 5, 6, 6, 8, 6, 7, 7, 6, 3, 6, 5, 6, 4, 5, 7, 6, 7, 5, 7, 8, 7, 8, 3, 6, 7, 7, 7, 4, 5, 7, 5, 5]
A_35 53.45999999999999 A 35 [3, 4, 2, 4, 4, 3, 4, 1, 1, 1, 3, 1, 3, 2, 1, 2, 4, 3, 2, 3, 2, 2, 2, 3, 2, 3, 4, 4, 2, 3, 2, 2, 2, 1, 3, 3, 2, 3, 1, 1, 1, 4, 3, 3, 2, 1, 2, 4, 2, 4, 3, 2, 1, 3, 1, 2, 4, 1, 2, 1, 2, 3, 2, 2, 4, 1, 1, 2, 3, 2, 3, 3, 4, 2, 3, 1, 2, 2, 2, 1] [7, 6, 6, 8, 8, 6, 6, 5, 5, 5, 5, 3, 6, 4, 3, 5, 6, 5, 4, 6, 5, 4, 5, 5, 6, 6, 6, 8, 5, 7, 6, 6, 6, 5, 7, 6, 4, 5, 5, 4, 3, 8, 7, 6, 4, 4, 5, 6, 5, 8, 7, 5, 5, 5, 5, 4, 8, 4, 5, 5, 6, 7, 6, 5, 7, 4, 5, 6, 6, 6, 5, 6, 8, 4, 7, 5, 5, 6, 5, 5]
A_36 56.58999999999999 A 36 [4, 2, 2, 3, 2, 2, 3, 1, 2, 2, 2, 3, 4, 1, 2, 4, 3, 4, 1, 3, 4, 4, 1, 1, 4, 3, 1, 4, 3, 3, 4, 3, 4, 4, 4, 2, 4, 1, 2, 3, 1, 1, 1, 4, 3, 2, 4, 4, 3, 2, 2, 1, 3, 4, 3, 2, 4, 2, 1, 2, 4, 3, 4, 2, 1, 1, 2, 3, 4, 3, 3, 2, 4, 3, 1, 2, 2, 4, 3, 1] [6, 6, 6, 7, 6, 5, 7, 4, 5, 6, 4, 7, 7, 3, 6, 7, 5, 8, 3, 7, 7, 7, 3, 3, 7, 7, 4, 6, 7, 6, 6, 7, 7, 8, 7, 4, 8, 5, 4, 7, 5, 4, 5, 8, 7, 5, 7, 8, 7, 5, 4, 5, 5, 7, 6, 6, 8, 4, 4, 4, 6, 5, 7, 4, 3, 4, 6, 7, 6, 5, 7, 6, 7, 5, 5, 4, 6, 7, 7, 3]
A_37 58.09999999999999 A 37 [3, 1, 4, 2, 1, 3, 1, 2, 1, 1, 3, 4, 4, 1, 2, 3, 4, 3, 4, 3, 3, 2, 4, 1, 4, 4, 4, 2, 3, 2, 1, 1, 2, 3, 4, 3, 1, 2, 2, 3, 3, 1, 1, 3, 4, 4, 2, 3, 3, 3, 1, 4, 4, 1, 2, 1, 1, 1, 2, 4, 4, 3, 4, 3, 3, 3, 4, 1, 4, 1, 3, 3, 3, 3, 4, 2, 1, 3, 1, 1] [6, 3, 7, 6, 4, 7, 4, 5, 3, 5, 7, 7, 6, 4, 5, 5, 6, 7, 6, 5, 6, 4, 8, 5, 6, 6, 8, 6, 7, 6, 4, 4, 5, 5, 7, 5, 5, 6, 4, 5, 6, 5, 4, 6, 6, 6, 6, 6, 7, 6, 4, 6, 6, 3, 4, 4, 4, 5, 6, 8, 6, 6, 6, 7, 5, 7, 7, 3, 8, 4, 7, 5, 7, 7, 6, 4, 5, 7, 5, 3]
A_38 59.09999999999999 A 38 [1, 2, 1, 3, 4, 2, 3, 2, 4, 1, 4, 1, 3, 1, 2, 4, 2, 3, 3, 4, 3, 2, 1, 2, 3, 1, 1, 3, 1, 2, 2, 1, 4, 1, 4, 1, 2, 2, 2, 2, 2, 3, 2, 3, 2, 4, 2, 1, 3, 3, 1, 3, 3, 4, 4, 4, 4, 3, 2, 4, 3, 2, 4, 2, 4, 3, 1, 2, 1, 2, 4, 1, 4, 2, 1, 3, 1, 3, 4, 1] [4, 6, 3, 7, 6, 4, 6, 4, 8, 5, 6, 5, 7, 4, 5, 8, 5, 6, 7, 8, 6, 6, 5, 4, 6, 5, 3, 5, 5, 6, 5, 4, 6, 4, 8, 5, 4, 4, 5, 4, 4, 6, 5, 6, 4, 8, 6, 5, 7, 5, 5, 7, 5, 8, 8, 7, 8, 5, 4, 8, 6, 5, 7, 5, 7, 5, 5, 4, 3, 5, 8, 5, 6, 5, 3, 5, 5, 7, 7, 4]
A_39 60.09999999999999 A 39 [4, 3, 3, 3, 4, 4, 3, 3, 1, 4, 2, 2, 1, 2, 2, 1, 3, 1, 1, 3, 1, 2, 3, 2, 4, 3, 4, 2, 3, 4, 1, 3, 2, 4, 1, 1, 3, 3, 2, 1, 4, 4, 1, 3, 1, 3, 4, 3, 2, 3, 3, 1, 1, 3, 3, 2, 1, 4, 4, 4, 3, 4, 4, 4, 2, 2, 4, 2, 3, 4, 1, 4, 3, 1, 2, 2, 2, 2, 4, 2] [6, 5, 5, 5, 6, 6, 6, 7, 3, 6, 5, 4, 4, 4, 5, 5, 6, 5, 5, 6, 4, 6, 7, 6, 6, 6, 7, 6, 7, 7, 3, 5, 4, 8, 4, 4, 7, 5, 4, 4, 8, 6, 5, 6, 3, 6, 6, 6, 5, 7, 6, 4, 5, 7, 5, 5, 5, 8, 7, 6, 6, 6, 7, 7, 5, 4, 6, 5, 5, 8, 3, 8, 5, 4, 6, 6, 5, 6, 6, 6]
B_0 1 B 40 [4, 1, 4, 4, 4, 2, 4, 3, 1, 4, 1, 2, 2, 4, 2, 3, 4, 3, 1, 2, 3, 4, 3, 4, 3, 4, 1, 3, 1, 4, 4, 4, 2, 4, 4, 1, 1, 3, 2, 4, 3, 1, 1, 1, 3, 3, 4, 2, 2, 1, 2, 1, 2, 2, 1, 4, 1, 4, 4, 4, 3, 1, 3, 3, 1, 2, 2, 1, 3, 4, 1, 2, 1, 4, 1, 3, 3, 4, 1, 2] [6, 4, 6, 7, 7, 5, 7, 5, 4, 6, 4, 4, 6, 7, 5, 6, 8, 6, 4, 5, 6, 7, 6, 8, 5, 7, 3, 6, 4, 7, 8, 6, 6, 7, 6, 3, 5, 6, 4, 8, 7, 3, 4, 3, 5, 7, 6, 6, 4, 4, 5, 3, 5, 5, 3, 6, 5, 6, 7, 8, 7, 3, 5, 5, 4, 4, 4, 4, 6, 7, 5, 5, 5, 6, 4, 7, 5, 7, 5, 4]
B_1 3.15 B 41 [1, 4, 2, 2, 4, 4, 4, 1, 2, 1, 1, 1, 2, 4, 2, 2, 3, 1, 3, 4, 2, 1, 3, 4, 1, 1, 4, 4, 4, 4, 2, 1, 2, 2, 4, 4, 1, 1, 3, 4, 1, 1, 4, 4, 1, 2, 4, 1, 3, 4, 3, 1, 4, 2, 2, 2, 3, 3, 3, 1, 4, 2, 3, 3, 4, 1, 1, 3, 3, 2, 4, 1, 3, 3, 3, 2, 4, 3, 4, 3] [3, 8, 6, 4, 8, 6, 6, 5, 4, 4, 5, 4, 5, 6, 4, 4, 5, 4, 6, 8, 5, 5, 5, 6, 4, 5, 8, 8, 6, 7, 4, 3, 4, 6, 6, 8, 4, 5, 6, 6, 3, 4, 7, 8, 3, 4, 7, 5, 5, 8, 5, 5, 8, 5, 6, 4, 5, 7, 7, 4, 8, 6, 6, 5, 6, 4, 4, 5, 5, 5, 7, 5, 5, 5, 7, 6, 6, 5, 8, 7]
B_2 4.15 B 42 [1, 2, 4, 2, 3, 1, 4, 2, 3, 4, 3, 2, 2, 1, 3, 2, 4, 1, 4, 1, 2, 2, 4, 3, 4, 1, 4, 2, 2, 4, 2, 2, 2, 3, 3, 3, 1, 1, 2, 1, 1, 4, 1, 1, 3, 1, 4, 3, 3, 3, 1, 1, 1, 4, 2, 1, 1, 1, 4, 4, 4, 2, 3, 2, 3, 3, 3, 2, 3, 3, 3, 2, 1, 3, 4, 4, 2, 1, 2, 3] [3, 6, 7, 6, 6, 5, 8, 5, 6, 6, 7, 5, 6, 4, 5, 5, 7, 3, 6, 4, 5, 6, 6, 5, 6, 3, 7, 4, 4, 7, 5, 6, 6, 5, 7, 7, 5, 4, 5, 5, 4, 7, 4, 5, 6, 4, 8, 6, 5, 6, 4, 4, 5, 6, 4, 4, 5, 5, 8, 6, 8, 4, 5, 6, 6, 6, 5, 6, 6, 6, 6, 4, 5, 7, 6, 6, 6, 3, 6, 5]
B_3 5.550000000000001 B 43 [2, 1, 2, 3, 4, 3, 4, 1, 1, 2, 1, 1, 2, 4, 4, 4, 2, 2, 1, 3, 4, 3, 1, 1, 4, 3, 4, 4, 2, 3, 1, 4, 2, 4, 3, 3, 4, 3, 3, 3, 1, 4, 1, 3, 1, 1, 2, 3, 1, 2, 3, 1, 1, 4, 3, 4, 4, 3, 3, 4, 1, 4, 3, 2, 2, 4, 3, 3, 1, 1, 4, 2, 3, 2, 4, 3, 3, 2, 4, 2] [5, 4, 4, 5, 6, 7, 7, 3, 4, 6, 4, 5, 6, 8, 8, 6, 6, 6, 4, 6, 8, 7, 5, 4, 8, 7, 8, 7, 6, 7, 4, 7, 4, 8, 6, 6, 8, 6, 6, 6, 3, 8, 5, 5, 4, 3, 6, 5, 4, 4, 6, 4, 3, 8, 7, 6, 6, 6, 6, 6, 3, 8, 6, 4, 4, 7, 6, 6, 5, 4, 8, 5, 5, 4, 6, 6, 5, 6, 7, 6]
B_4 9.06 B 44 [4, 3, 4, 1, 4, 3, 4, 2, 2, 4, 1, 3, 1, 4, 1, 2, 2, 2, 4, 2, 4, 4, 3, 4, 1, 3, 4, 3, 1, 1, 2, 1, 4, 1, 2, 2, 3, 4, 2, 1, 3, 1, 3, 1, 1, 1, 4, 4, 3, 2, 2, 3, 1, 4, 4, 2, 4, 1, 2, 2, 2, 3, 1, 4, 2, 1, 3, 4, 4, 4, 1, 2, 1, 3, 4, 2, 4, 4, 4, 3] [6, 6, 7, 5, 7, 7, 6, 4, 5, 7, 4, 5, 3, 8, 3, 4, 5, 4, 8, 6, 8, 8, 7, 6, 4, 7, 7, 6, 5, 5, 4, 5, 8, 4, 5, 4, 7, 6, 4, 3, 5, 3, 6, 4, 3, 5, 7, 7, 7, 5, 5, 7, 5, 6, 6, 5, 7, 5, 6, 4, 5, 5, 4, 6, 5, 4, 7, 7, 8, 7, 3, 5, 5, 5, 8, 5, 6, 8, 8, 7]
B_5 10.06 B 45 [2, 2, 1, 4, 4, 2, 1, 4, 2, 1, 4, 2, 1, 2, 1, 1, 4, 2, 4, 2, 2, 3, 3, 4, 2, 2, 4, 4, 4, 3, 1, 4, 3, 1, 2, 1, 2, 4, 4, 3, 3, 2, 1, 1, 1, 1, 1, 3, 3, 3, 4, 1, 4, 1, 3, 1, 2, 3, 4, 2, 3, 4, 1, 2, 2, 3, 2, 2, 4, 3, 2, 2, 2, 3, 1, 3, 3, 3, 4, 3] [5, 6, 3, 7, 6, 4, 3, 8, 5, 5, 8, 6, 4, 4, 3, 4, 8, 4, 8, 5, 5, 6, 6, 6, 6, 6, 8, 6, 7, 6, 4, 8, 5, 4, 4, 4, 5, 6, 8, 6, 7, 4, 4, 3, 5, 5, 5, 5, 5, 7, 7, 4, 7, 4, 6, 3, 4, 6, 6, 4, 7, 7, 4, 4, 5, 7, 6, 5, 7, 5, 5, 5, 6, 7, 4, 5, 5, 5, 8, 5]
B_6 14.21 B 46 [2, 1, 1, 4, 2, 4, 4, 4, 3, 4, 2, 1, 1, 3, 2, 2, 1, 3, 2, 2, 3, 3, 4, 1, 4, 3, 4, 3, 1, 3, 2, 3, 4, 2, 2, 2, 4, 2, 2, 4, 4, 4, 4, 2, 4, 1, 4, 1, 1, 2, 1, 3, 2, 4, 1, 4, 4, 3, 4, 2, 1, 2, 1, 2, 3, 3, 3, 1, 1, 3, 2, 3, 2, 3, 3, 2, 2, 1, 3, 3] [4, 4, 4, 6, 4, 6, 6, 8, 7, 6, 6, 5, 4, 6, 4, 5, 3, 5, 5, 6, 6, 5, 6, 3, 7, 5, 8, 6, 4, 7, 6, 6, 8, 4, 6, 5, 7, 6, 6, 6, 6, 7, 8, 6, 7, 5, 7, 4, 5, 5, 5, 5, 6, 6, 5, 6, 6, 5, 7, 6, 5, 4, 5, 4, 6, 6, 6, 3, 4, 6, 4, 7, 4, 5, 6, 4, 6, 5, 5, 5]
B_7 15.39 B 47 [1, 3, 2, 1, 1, 1, 3, 4, 4, 1, 4, 2, 4, 3, 3, 2, 4, 3, 4, 4, 3, 2, 4, 4, 3, 2, 4, 3, 1, 2, 2, 4, 4, 1, 2, 4, 4, 3, 1, 3, 2, 1, 3, 3, 4, 3, 1, 1, 2, 1, 2, 4, 4, 2, 2, 1, 4, 1, 1, 1, 3, 2, 1, 2, 3, 2, 4, 1, 4, 3, 3, 3, 2, 3, 3, 3, 2, 4, 4, 3] [4, 7, 5, 3, 5, 3, 7, 7, 6, 3, 7, 4, 8, 5, 6, 5, 7, 7, 6, 7, 6, 5, 8, 6, 6, 4, 8, 6, 4, 6, 5, 7, 8, 3, 4, 6, 8, 6, 5, 6, 6, 5, 6, 5, 7, 5, 4, 5, 6, 3, 5, 6, 8, 5, 6, 5, 8, 5, 3, 3, 5, 5, 4, 4, 6, 6, 7, 5, 8, 7, 6, 7, 6, 7, 7, 5, 5, 7, 6, 5]
B_8 16.43 B 48 [4, 3, 2, 2, 1, 3, 3, 1, 2, 4, 1, 4, 2, 3, 4, 2, 4, 4, 2, 3, 4, 4, 3, 2, 2, 2, 3, 3, 2, 1, 2, 2, 3, 3, 3, 2, 3, 3, 3, 2, 2, 3, 3, 1, 3, 3, 1, 2, 2, 3, 4, 1, 2, 4, 3, 3, 1, 2, 2, 4, 1, 4, 4, 3, 4, 4, 3, 1, 3, 4, 1, 2, 1, 3, 2, 3, 1, 4, 1, 4] [6, 7, 6, 5, 3, 7, 5, 4, 4, 8, 3, 7, 4, 5, 6, 4, 6, 6, 6, 5, 8, 8, 5, 4, 5, 5, 5, 6, 4, 5, 4, 4, 7, 7, 5, 5, 7, 7, 7, 5, 4, 5, 5, 4, 7, 5, 5, 6, 4, 7, 8, 5, 6, 8, 6, 5, 5, 6, 4, 8, 3, 8, 6, 5, 6, 8, 7, 5, 7, 8, 4, 4, 4, 7, 6, 7, 4, 8, 4, 6]
B_9 17.43 B 49 [4, 3, 3, 3, 1, 1, 3, 3, 1, 2, 4, 3, 4, 2, 3, 4, 3, 2, 2, 2, 2, 1, 1, 4, 1, 2, 2, 3, 2, 1, 3, 1, 2, 1, 3, 4, 2, 3, 3, 3, 1, 4, 3, 2, 2, 3, 2, 1, 3, 1, 1, 3, 2, 1, 4, 3, 4, 3, 1, 4, 3, 2, 3, 2, 4, 2, 2, 1, 4, 4, 2, 1, 3, 2, 1, 4, 2, 4, 3, 4] [8, 6, 5, 5, 3, 5, 5, 7, 4, 6, 7, 5, 7, 6, 7, 6, 7, 6, 6, 5, 6, 5, 3, 8, 5, 4, 4, 7, 5, 3, 7, 4, 5, 3, 6, 8, 5, 6, 5, 7, 4, 8, 6, 4, 5, 7, 5, 3, 7, 5, 3, 5, 6, 5, 6, 6, 8, 7, 3, 6, 5, 5, 7, 5, 6, 4, 5, 4, 6, 6, 4, 4, 5, 4, 5, 8, 4, 8, 5, 6]
B_10 18.43 B 50 [3, 2, 2, 4, 4, 2, 1, 4, 1, 3, 1, 1, 2, 2, 3, 4, 2, 3, 1, 2, 3, 4, 3, 4, 4, 3, 2, 1, 4, 1, 2, 2, 2, 1, 3, 3, 2, 1, 1, 3, 2, 3, 1, 3, 2, 4, 1, 2, 4, 1, 3, 1, 2, 4, 3, 2, 2, 1, 2, 3, 1, 2, 4, 2, 3, 1, 3, 4, 1, 2, 3, 1, 2, 1, 4, 2, 3, 1, 3, 3] [6, 4, 5, 8, 7, 4, 3, 7, 4, 5, 4, 4, 6, 5, 7, 6, 4, 5, 5, 5, 7, 6, 7, 7, 6, 6, 5, 4, 8, 5, 6, 4, 4, 5, 6, 7, 4, 4, 5, 6, 5, 5, 4, 6, 5, 7, 5, 5, 8, 3, 5, 5, 5, 7, 5, 5, 4, 3, 6, 5, 5, 6, 8, 6, 5, 3, 6, 6, 5, 6, 6, 4, 6, 5, 6, 6, 5, 3, 7, 7]
B_11 19.52 B 51 [1, 3, 3, 1, 3, 4, 4, 3, 4, 2, 4, 2, 1, 2, 4, 4, 2, 4, 1, 2, 2, 4, 1, 3, 2, 1, 2, 2, 2, 3, 4, 2, 4, 4, 4, 2, 1, 4, 3, 1, 1, 1, 1, 1, 3, 1, 3, 4, 1, 3, 1, 2, 3, 1, 4, 2, 2, 1, 1, 1, 2, 3, 2, 2, 1, 4, 3, 2, 3, 3, 3, 4, 3, 3, 1, 4, 2, 4, 2, 3] [3, 5, 6, 4, 6, 6, 7, 7, 7, 5, 6, 4, 5, 4, 6, 6, 6, 8, 4, 5, 4, 7, 4, 6, 5, 3, 4, 5, 5, 7, 6, 5, 6, 7, 8, 5, 5, 6, 7, 4, 3, 5, 4, 4, 7, 4, 5, 6, 5, 5, 5, 6, 5, 4, 6, 6, 5, 3, 5, 4, 5, 5, 5, 4, 5, 7, 6, 5, 5, 6, 6, 7, 6, 5, 5, 7, 6, 7, 5, 5]
B_12 20.96 B 52 [4, 4, 2, 4, 2, 1, 1, 2, 2, 2, 2, 2, 2, 1, 4, 2, 3, 2, 1, 3, 2, 4, 1, 1, 1, 1, 2, 3, 1, 4, 3, 3, 3, 2, 2, 1, 3, 4, 3, 1, 2, 4, 1, 1, 1, 4, 2, 4, 2, 2, 2, 3, 3, 2, 4, 1, 2, 4, 1, 4, 2, 2, 1, 2, 2, 1, 1, 2, 1, 4, 4, 1, 3, 4, 4, 3, 2, 3, 4, 2] [8, 7, 6, 7, 5, 3, 5, 6, 6, 6, 6, 5, 6, 4, 7, 5, 7, 4, 5, 7, 6, 7, 3, 3, 4, 4, 4, 6, 5, 7, 5, 6, 6, 6, 6, 5, 5, 6, 5, 5, 5, 8, 5, 3, 5, 7, 6, 8, 6, 6, 5, 5, 5, 6, 8, 4, 5, 6, 3, 6, 6, 5, 3, 6, 4, 4, 5, 5, 5, 7, 7, 4, 5, 6, 8, 7, 6, 6, 8, 5]
B_13 21.96 B 53 [2, 1, 1, 1, 2, 4, 4, 1, 2, 4, 4, 2, 3, 3, 2, 1, 3, 3, 4, 4, 3, 2, 4, 1, 3, 1, 4, 4, 1, 2, 2, 4, 4, 4, 3, 3, 4, 1, 4, 3, 2, 2, 4, 4, 4, 1, 4, 2, 4, 1, 4, 1, 2, 4, 1, 2, 1, 3, 4, 3, 2, 4, 2, 4, 3, 4, 1, 1, 3, 2, 1, 4, 2, 3, 3, 2, 4, 4, 4, 3] [5, 5, 4, 5, 5, 7, 7, 3, 6, 7, 7, 6, 7, 5, 4, 3, 5, 6, 8, 7, 6, 6, 8, 3, 7, 3, 7, 8, 3, 6, 6, 8, 8, 8, 7, 5, 7, 3, 8, 7, 5, 5, 6, 8, 6, 4, 6, 5, 8, 5, 7, 4, 6, 7, 5, 6, 5, 5, 8, 6, 5, 7, 5, 8, 5, 6, 3, 3, 5, 4, 4, 8, 5, 5, 6, 4, 7, 6, 6, 7]
B_14 22.96 B 54 [4, 2, 4, 3, 3, 2, 4, 2, 2, 3, 1, 4, 1, 1, 4, 2, 1, 4, 1, 3, 1, 2, 2, 2, 1, 2, 4, 2, 4, 2, 3, 3, 4, 4, 4, 1, 3, 2, 4, 3, 1, 2, 2, 3, 4, 3, 1, 2, 3, 4, 3, 4, 4, 1, 3, 4, 1, 4, 3, 1, 1, 1, 4, 3, 4, 2, 4, 1, 2, 1, 3, 4, 3, 4, 1, 1, 1, 3, 1, 2] [8, 4, 8, 5, 5, 5, 8, 6, 5, 7, 5, 8, 4, 5, 8, 6, 3, 8, 5, 6, 5, 5, 4, 6, 4, 5, 6, 5, 6, 6, 7, 5, 6, 7, 7, 5, 6, 4, 8, 5, 3, 6, 4, 7, 6, 6, 5, 6, 6, 6, 5, 6, 8, 5, 5, 7, 5, 8, 5, 5, 4, 4, 6, 5, 8, 5, 8, 3, 5, 5, 5, 7, 7, 7, 5, 3, 3, 5, 3, 5]
B_15 23.96 B 55 [1, 2, 2, 4, 3, 4, 1, 2, 3, 3, 2, 2, 1, 1, 2, 1, 4, 3, 2, 2, 3, 1, 4, 1, 3, 3, 2, 3, 2, 3, 4, 1, 4, 3, 3, 2, 2, 1, 4, 2, 4, 2, 1, 4, 2, 1, 4, 1, 3, 3, 2, 2, 1, 2, 4, 3, 1, 4, 2, 1, 1, 3, 4, 3, 2, 3, 3, 4, 1, 2, 4, 4, 2, 4, 2, 3, 4, 4, 4, 1] [3, 5, 4, 8, 5, 8, 3, 4, 6, 6, 4, 5, 4, 4, 5, 5, 6, 6, 4, 6, 7, 3, 8, 5, 6, 5, 5, 6, 6, 6, 7, 5, 6, 6, 6, 4, 6, 4, 7, 5, 6, 4, 4, 6, 5, 3, 6, 5, 5, 6, 5, 6, 4, 6, 7, 6, 3, 7, 4, 4, 3, 5, 8, 7, 5, 7, 5, 6, 5, 5, 6, 8, 5, 7, 4, 7, 8, 6, 6, 3]
B_16 24.96 B 56 [1, 2, 2, 1, 1, 4, 3, 1, 4, 4, 4, 4, 3, 3, 2, 2, 4, 1, 1, 4, 1, 1, 4, 4, 2, 4, 2, 4, 3, 3, 4, 3, 4, 4, 1, 4, 4, 1, 4, 1, 1, 3, 1, 4, 4, 2, 4, 4, 1, 4, 2, 2, 2, 1, 1, 1, 2, 2, 1, 3, 2, 3, 3, 3, 2, 2, 3, 2, 3, 2, 4, 2, 1, 1, 4, 4, 3, 3, 1, 3] [5, 4, 4, 4, 5, 7, 6, 5, 7, 7, 7, 6, 7, 5, 5, 6, 7, 5, 5, 7, 4, 3, 7, 7, 4, 8, 5, 7, 6, 5, 6, 7, 7, 7, 3, 8, 8, 4, 8, 5, 5, 5, 5, 6, 7, 4, 6, 8, 5, 8, 4, 5, 5, 5, 5, 3, 4, 5, 4, 6, 4, 5, 6, 5, 6, 5, 6, 5, 7, 6, 8, 5, 5, 3, 7, 6, 6, 7, 5, 6]
B_17 26.76 B 57 [3, 1, 3, 4, 1, 1, 1, 1, 1, 1, 2, 2, 2, 1, 2, 2, 1, 4, 2, 2, 2, 3, 1, 1, 3, 4, 3, 2, 1, 2, 4, 4, 3, 3, 3, 1, 2, 1, 3, 4, 4, 3, 1, 3, 1, 3, 3, 1, 2, 3, 1, 1, 4, 3, 4, 4, 2, 4, 2, 1, 3, 3, 2, 4, 1, 4, 3, 2, 3, 3, 4, 4, 4, 3, 3, 4, 4, 3, 4, 1] [7, 4, 7, 8, 3, 3, 4, 3, 5, 5, 4, 5, 5, 5, 4, 6, 3, 7, 6, 6, 5, 7, 5, 5, 7, 8, 6, 6, 5, 5, 7, 6, 7, 5, 6, 4, 4, 5, 5, 8, 6, 7, 5, 6, 5, 6, 5, 5, 6, 7, 3, 3, 6, 5, 8, 7, 5, 8, 4, 5, 6, 6, 6, 7, 5, 8, 7, 5, 5, 7, 6, 7, 6, 5, 7, 6, 6, 5, 6, 3]
B_18 27.76 B 58 [1, 1, 3, 2, 1, 1, 1, 2, 1, 1, 2, 4, 4, 1, 2, 4, 1, 2, 3, 2, 2, 2, 1, 1, 2, 3, 1, 3, 2, 2, 1, 2, 3, 3, 3, 2, 1, 2, 2, 4, 4, 3, 4, 3, 2, 4, 4, 1, 2, 1, 2, 1, 1, 4, 3, 2, 1, 2, 1, 3, 4, 1, 4, 1, 3, 3, 4, 4, 3, 3, 3, 2, 4, 4, 4, 2, 1, 4, 1, 4] [5, 3, 5, 5, 5, 3, 3, 6, 3, 3, 4, 8, 8, 3, 6, 8, 3, 6, 6, 6, 6, 6, 3, 3, 6, 7, 3, 6, 4, 5, 4, 5, 7, 6, 5, 5, 4, 6, 4, 7, 7, 7, 8, 6, 6, 6, 7, 3, 4, 3, 6, 5, 3, 8, 5, 4, 4, 4, 3, 6, 8, 5, 8, 3, 6, 5, 7, 8, 7, 6, 6, 5, 6, 6, 6, 5, 3, 8, 5, 8]
B_19 28.76 B 59 [4, 4, 3, 1, 4, 1, 4, 3, 2, 2, 1, 2, 2, 4, 4, 3, 2, 3, 4, 3, 1, 2, 3, 3, 3, 1, 1, 1, 3, 4, 3, 4, 4, 2, 2, 1, 2, 4, 4, 4, 4, 1, 4, 4, 2, 2, 2, 1, 4, 4, 3, 1, 4, 3, 1, 1, 3, 1, 3, 2, 1, 4, 2, 3, 1, 2, 4, 3, 1, 3, 1, 1, 4, 4, 3, 1, 4, 3, 4, 2] [8, 6, 7, 4, 7, 4, 8, 5, 5, 4, 3, 6, 6, 8, 7, 6, 5, 5, 7, 7, 4, 5, 7, 5, 7, 4, 5, 5, 6, 8, 6, 8, 7, 6, 6, 5, 4, 8, 8, 6, 8, 4, 6, 6, 4, 4, 6, 3, 8, 6, 5, 4, 6, 6, 5, 4, 6, 5, 6, 5, 3, 6, 5, 6, 4, 6, 6, 7, 5, 6, 3, 5, 8, 7, 7, 3, 6, 7, 8, 4]
B_20 33.0 B 60 [1, 1, 1, 1, 3, 4, 2, 4, 3, 3, 1, 3, 4, 2, 2, 4, 2, 3, 1, 3, 4, 4, 3, 4, 2, 3, 2, 3, 4, 1, 3, 4, 3, 1, 1, 2, 4, 4, 3, 3, 3, 4, 4, 1, 2, 3, 1, 3, 1, 3, 1, 2, 2, 2, 1, 1, 2, 3, 4, 1, 1, 4, 1, 2, 1, 3, 1, 4, 1, 3, 3, 1, 3, 4, 1, 3, 2, 1, 3, 2] [3, 5, 5, 3, 7, 8, 5, 7, 5, 7, 3, 6, 8, 4, 4, 6, 5, 7, 5, 7, 6, 7, 7, 8, 6, 5, 4, 6, 6, 3, 5, 7, 5, 3, 4, 6, 6, 6, 6, 6, 7, 8, 8, 3, 5, 7, 5, 5, 3, 5, 5, 5, 6, 5, 4, 3, 4, 6, 8, 3, 3, 6, 5, 4, 5, 5, 4, 6, 4, 5, 5, 4, 7, 8, 3, 6, 6, 4, 7, 6]
B_21 34.0 B 61 [4, 4, 1, 3, 2, 4, 4, 2, 1, 1, 2, 1, 4, 3, 1, 4, 2, 4, 3, 4, 3, 1, 1, 3, 3, 4, 3, 3, 1, 3, 1, 1, 4, 3, 1, 3, 3, 3, 2, 4, 1, 2, 2, 4, 3, 4, 2, 2, 4, 2, 2, 3, 2, 4, 1, 3, 3, 3, 1, 4, 4, 2, 3, 2, 3, 1, 1, 2, 1, 3, 2, 2, 3, 1, 1, 2, 2, 4, 2, 4] [7, 8, 5, 7, 5, 6, 8, 4, 4, 3, 5, 5, 7, 5, 3, 7, 6, 8, 6, 6, 6, 5, 4, 7, 5, 8, 7, 6, 3, 6, 4, 3, 7, 6, 5, 7, 5, 6, 5, 6, 3, 6, 4, 8, 5, 7, 4, 5, 8, 5, 6, 5, 5, 7, 4, 5, 5, 6, 5, 6, 6, 6, 7, 6, 6, 3, 5, 5, 5, 7, 6, 5, 7, 5, 4, 4, 4, 7, 4, 8]
B_22 35.0 B 62 [2, 1, 4, 3, 1, 1, 4, 2, 4, 2, 1, 4, 4, 3, 2, 2, 4, 3, 4, 4, 4, 2, 4, 1, 4, 2, 2, 1, 4, 4, 3, 3, 2, 3, 3, 2, 4, 4, 4, 4, 3, 3, 3, 3, 1, 1, 1, 1, 4, 3, 4, 2, 1, 2, 4, 4, 3, 2, 4, 2, 1, 3, 2, 1, 4, 2, 3, 4, 1, 1, 4, 2, 1, 4, 4, 4, 3, 4, 3, 2] [5, 4, 8, 6, 5, 3, 7, 6, 8, 6, 5, 7, 8, 5, 4, 4, 6, 5, 6, 7, 6, 4, 7, 5, 7, 6, 4, 4, 8, 7, 7, 6, 6, 7, 7, 6, 7, 6, 7, 7, 5, 6, 5, 6, 4, 4, 5, 4, 6, 7, 8, 5, 3, 5, 6, 8, 6, 6, 8, 5, 5, 7, 4, 3, 7, 4, 5, 6, 5, 4, 6, 4, 5, 8, 6, 6, 5, 8, 7, 4]
B_23 44.269999999999996 B 63 [3, 2, 4, 3, 1, 1, 1, 4, 4, 1, 4, 2, 1, 4, 2, 3, 2, 1, 4, 3, 4, 4, 1, 2, 1, 4, 4, 2, 2, 3, 2, 4, 2, 4, 3, 2, 2, 3, 2, 4, 3, 3, 2, 2, 4, 2, 2, 2, 3, 2, 2, 2, 2, 4, 3, 3, 3, 4, 1, 3, 2, 2, 1, 1, 1, 3, 4, 4, 3, 4, 2, 2, 3, 1, 2, 2, 1, 2, 3, 1] [5, 6, 7, 6, 4, 3, 5, 7, 7, 3, 6, 4, 4, 6, 4, 6, 4, 4, 8, 7, 8, 8, 3, 6, 3, 7, 8, 5, 6, 6, 4, 7, 5, 7, 6, 5, 4, 7, 5, 7, 5, 5, 6, 4, 6, 4, 4, 4, 5, 5, 6, 4, 6, 8, 5, 7, 5, 7, 3, 6, 4, 6, 3, 5, 4, 6, 6, 6, 5, 7, 6, 5, 7, 3, 5, 4, 5, 6, 7, 4]
B_24 45.54 B 64 [4, 3, 4, 2, 2, 1, 3, 3, 4, 1, 4, 3, 2, 1, 2, 2, 3, 2, 2, 1, 3, 2, 4, 3, 4, 4, 1, 3, 1, 2, 3, 4, 3, 2, 3, 4, 1, 3, 4, 2, 1, 4, 3, 2, 2, 2, 3, 3, 4, 4, 3, 1, 2, 3, 4, 2, 2, 1, 3, 1, 1, 3, 4, 1, 2, 3, 1, 2, 3, 2, 1, 1, 4, 3, 2, 4, 2, 4, 1, 3] [6, 6, 8, 6, 5, 5, 6, 6, 8, 5, 8, 5, 4, 4, 5, 5, 5, 4, 5, 4, 7, 6, 6, 7, 7, 6, 4, 7, 4, 4, 5, 6, 7, 4, 7, 7, 3, 5, 7, 5, 4, 6, 6, 4, 5, 5, 6, 6, 6, 6, 5, 5, 4, 5, 8, 5, 6, 5, 6, 4, 5, 6, 7, 4, 5, 7, 5, 6, 7, 5, 3, 3, 6, 5, 6, 6, 6, 8, 3, 6]
B_25 47.879999999999995 B 65 [4, 3, 2, 3, 3, 4, 2, 2, 1, 4, 4, 1, 4, 3, 1, 1, 3, 3, 3, 4, 3, 2, 1, 4, 1, 3, 4, 4, 4, 1, 1, 4, 1, 3, 3, 1, 1, 3, 3, 2, 2, 1, 3, 4, 1, 3, 3, 2, 4, 2, 1, 4, 1, 4, 2, 3, 2, 4, 3, 2, 3, 1, 2, 3, 3, 3, 3, 4, 2, 2, 4, 4, 4, 3, 4, 4, 4, 1, 1, 4] [6, 5, 5, 7, 7, 6, 4, 6, 5, 7, 6, 5, 8, 7, 3, 5, 7, 7, 6, 7, 6, 4, 5, 8, 3, 6, 8, 7, 8, 3, 3, 7, 5, 7, 5, 4, 4, 7, 5, 4, 4, 4, 6, 7, 4, 7, 6, 6, 8, 4, 3, 7, 4, 6, 5, 7, 5, 8, 5, 6, 5, 3, 4, 6, 7, 5, 6, 6, 5, 5, 6, 7, 6, 6, 8, 6, 8, 5, 4, 6]
B_26 48.879999999999995 B 66 [4, 2, 3, 3, 3, 2, 3, 2, 4, 3, 4, 4, 3, 2, 3, 1, 2, 4, 4, 3, 4, 4, 3, 1, 2, 3, 3, 3, 3, 2, 4, 4, 1, 4, 4, 1, 2, 4, 1, 4, 2, 1, 3, 3, 3, 2, 3, 4, 3, 2, 3, 3, 1, 1, 4, 3, 3, 3, 4, 4, 1, 1, 3, 4, 1, 3, 4, 4, 2, 2, 3, 1, 3, 2, 2, 2, 3, 2, 4, 1] [8, 6, 6, 5, 5, 4, 6, 5, 6, 7, 8, 8, 5, 5, 5, 4, 5, 6, 6, 7, 8, 7, 6, 4, 6, 7, 5, 6, 7, 4, 6, 6, 3, 6, 7, 5, 6, 7, 5, 6, 4, 4, 5, 6, 7, 6, 6, 7, 7, 5, 6, 6, 5, 3, 8, 5, 6, 7, 7, 6, 4, 5, 5, 6, 5, 6, 8, 6, 4, 4, 6, 3, 7, 5, 6, 6, 7, 6, 8, 4]
B_27 49.879999999999995 B 67 [2, 3, 3, 2, 4, 3, 4, 1, 2, 1, 2, 1, 1, 1, 3, 1, 1, 4, 4, 1, 3, 3, 3, 1, 3, 2, 2, 2, 3, 3, 3, 2, 4, 1, 4, 2, 3, 1, 2, 2, 1, 3, 2, 3, 4, 2, 1, 1, 1, 1, 4, 2, 2, 1, 1, 4, 2, 2, 4, 3, 4, 2, 4, 4, 2, 4, 4, 4, 4, 3, 4, 4, 4, 2, 2, 3, 2, 3, 4, 1] [6, 6, 5, 6, 6, 6, 7, 4, 6, 4, 4, 3, 3, 3, 7, 4, 4, 6, 6, 4, 6, 7, 5, 3, 5, 6, 6, 6, 6, 7, 7, 4, 7, 4, 8, 6, 7, 3, 4, 5, 4, 5, 6, 6, 7, 5, 3, 5, 5, 4, 6, 5, 5, 3, 3, 6, 5, 5, 8, 7, 6, 5, 6, 6, 6, 6, 6, 6, 8, 7, 6, 8, 8, 6, 5, 7, 5, 5, 6, 3]
B_28 50.879999999999995 B 68 [2, 4, 1, 4, 1, 2, 4, 1, 4, 3, 3, 3, 3, 4, 4, 4, 1, 3, 1, 4, 1, 1, 4, 2, 4, 3, 1, 3, 2, 4, 2, 2, 3, 4, 3, 3, 4, 4, 1, 3, 3, 3, 3, 1, 4, 4, 1, 4, 3, 4, 1, 3, 1, 3, 2, 1, 3, 3, 3, 1, 1, 1, 1, 3, 3, 2, 2, 4, 3, 3, 4, 2, 4, 2, 2, 4, 3, 1, 1, 2] [6, 6, 5, 6, 5, 5, 7, 5, 8, 5, 5, 6, 6, 6, 7, 7, 4, 7, 3, 8, 4, 4, 8, 5, 6, 6, 4, 7, 5, 8, 4, 4, 5, 6, 7, 6, 6, 8, 3, 5, 6, 5, 6, 5, 8, 7, 4, 8, 7, 6, 5, 5, 5, 5, 5, 5, 7, 5, 7, 5, 4, 5, 5, 5, 7, 5, 4, 8, 7, 6, 8, 5, 6, 4, 5, 8, 5, 3, 4, 5]
B_29 52.12 B 69 [4, 3, 3, 3, 2, 1, 2, 3, 2, 4, 4, 1, 3, 4, 2, 2, 3, 1, 3, 1, 1, 2, 1, 3, 3, 2, 1, 2, 1, 1, 2, 2, 4, 3, 4, 2, 3, 1, 2, 4, 4, 2, 3, 1, 4, 3, 3, 3, 4, 4, 2, 3, 4, 2, 1, 2, 2, 3, 3, 3, 3, 3, 1, 4, 2, 2, 2, 3, 3, 3, 3, 4, 1, 2, 3, 2, 1, 1, 3, 2] [8, 6, 7, 7, 5, 5, 4, 5, 6, 6, 6, 3, 6, 7, 6, 6, 5, 4, 5, 4, 3, 6, 4, 7, 5, 4, 4, 4, 5, 5, 6, 4, 7, 7, 8, 6, 5, 4, 5, 8, 7, 5, 6, 4, 7, 5, 6, 7, 8, 6, 6, 6, 7, 4, 5, 5, 6, 7, 6, 6, 5, 7, 4, 7, 5, 5, 4, 7, 6, 5, 6, 6, 5, 5, 5, 4, 5, 5, 6, 6]
B_30 53.12 B 70 [3, 1, 1, 3, 1, 3, 4, 2, 1, 4, 2, 4, 2, 4, 3, 3, 2, 1, 4, 4, 2, 1, 3, 4, 4, 3, 1, 3, 2, 3, 2, 1, 3, 1, 1, 3, 3, 3, 4, 1, 1, 4, 3, 4, 1, 2, 2, 3, 1, 2, 3, 3, 4, 1, 3, 4, 4, 4, 3, 1, 3, 2, 4, 2, 1, 4, 3, 4, 4, 3, 3, 3, 3, 3, 2, 3, 1, 2, 4, 2] [7, 5, 4, 6, 5, 7, 6, 6, 3, 8, 5, 8, 6, 6, 7, 5, 6, 4, 6, 6, 4, 4, 6, 7, 7, 5, 5, 7, 6, 7, 4, 3, 6, 5, 3, 5, 7, 7, 8, 3, 5, 7, 6, 8, 3, 5, 4, 6, 4, 4, 6, 6, 7, 4, 5, 6, 8, 6, 6, 3, 5, 6, 6, 6, 3, 6, 6, 6, 8, 6, 7, 5, 6, 7, 5, 6, 4, 4, 8, 4]
B_31 54.12 B 71 [4, 3, 1, 4, 2, 1, 2, 1, 2, 1, 1, 2, 2, 2, 3, 2, 3, 2, 1, 4, 2, 3, 4, 4, 4, 4, 1, 1, 3, 3, 3, 4, 3, 3, 4, 3, 2, 3, 1, 4, 2, 1, 2, 2, 2, 2, 3, 3, 2, 1, 1, 4, 1, 4, 4, 4, 2, 4, 2, 1, 1, 2, 2, 2, 1, 4, 1, 4, 2, 4, 3, 3, 4, 2, 3, 4, 1, 4, 1, 3] [6, 6, 5, 8, 5, 5, 5, 5, 6, 3, 4, 6, 4, 6, 6, 6, 6, 6, 5, 6, 4, 6, 7, 8, 7, 8, 3, 4, 7, 6, 6, 8, 5, 7, 6, 6, 6, 5, 5, 8, 5, 5, 4, 5, 5, 5, 7, 7, 4, 4, 4, 7, 4, 8, 7, 8, 5, 7, 5, 5, 4, 5, 4, 5, 3, 7, 3, 8, 5, 6, 5, 7, 8, 6, 5, 7, 4, 7, 4, 5]
B_32 55.12 B 72 [2, 1, 4, 2, 4, 2, 3, 4, 4, 3, 4, 4, 1, 1, 4, 1, 4, 4, 1, 4, 3, 1, 1, 2, 2, 1, 2, 1, 3, 4, 3, 3, 4, 1, 3, 4, 4, 3, 4, 3, 1, 3, 1, 3, 1, 2, 2, 2, 1, 3, 2, 3, 3, 2, 3, 2, 1, 4, 4, 4, 3, 3, 1, 3, 4, 4, 3, 4, 4, 1, 3, 4, 1, 4, 3, 3, 1, 4, 4, 3] [5, 4, 8, 5, 7, 4, 7, 6, 8, 6, 7, 6, 5, 4, 6, 4, 7, 6, 4, 6, 6, 4, 5, 5, 6, 3, 4, 5, 6, 6, 6, 7, 8, 3, 7, 8, 7, 7, 6, 5, 5, 5, 5, 5, 5, 6, 4, 6, 4, 5, 6, 6, 5, 5, 7, 5, 5, 6, 6, 8, 7, 7, 5, 7, 6, 6, 7, 8, 6, 5, 6, 8, 5, 7, 7, 7, 3, 6, 6, 7]
B_33 60.29 B 73 [1, 3, 4, 3, 4, 3, 2, 2, 2, 2, 2, 4, 4, 2, 4, 2, 1, 1, 3, 2, 3, 3, 3, 1, 3, 1, 2, 4, 3, 3, 1, 1, 3, 2, 3, 2, 3, 3, 2, 1, 4, 3, 3, 2, 3, 3, 3, 3, 3, 2, 1, 3, 4, 3, 4, 4, 1, 3, 4, 4, 4, 1, 4, 1, 3, 3, 2, 2, 2, 2, 3, 2, 4, 1, 4, 3, 3, 3, 2, 4] [3, 7, 6, 7, 8, 6, 5, 6, 4, 6, 6, 6, 8, 5, 6, 6, 4, 4, 7, 5, 5, 5, 6, 3, 6, 5, 5, 7, 7, 6, 4, 3, 7, 4, 7, 4, 5, 7, 5, 4, 6, 5, 7, 4, 5, 7, 5, 7, 7, 4, 5, 5, 6, 5, 7, 7, 3, 5, 6, 7, 8, 5, 8, 3, 5, 6, 5, 6, 4, 5, 7, 6, 7, 5, 8, 6, 5, 7, 6, 8]
B_34 61.29 B 74 [3, 2, 4, 4, 3, 3, 3, 2, 1, 3, 4, 4, 1, 2, 4, 2, 1, 2, 2, 3, 2, 3, 4, 4, 2, 1, 4, 2, 1, 2, 1, 1, 2, 3, 3, 3, 1, 4, 1, 2, 1, 3, 4, 4, 4, 1, 3, 3, 2, 1, 4, 1, 4, 3, 1, 2, 4, 3, 4, 3, 1, 1, 4, 2, 2, 4, 2, 2, 2, 3, 2, 3, 3, 4, 1, 3, 3, 3, 2, 3] [5, 5, 6, 6, 7, 5, 7, 5, 3, 7, 7, 8, 3, 5, 7, 4, 4, 5, 5, 6, 6, 5, 6, 8, 6, 3, 6, 6, 3, 5, 3, 3, 4, 7, 7, 7, 5, 6, 3, 6, 4, 7, 6, 6, 8, 4, 6, 7, 6, 5, 6, 5, 8, 6, 5, 4, 7, 7, 6, 7, 3, 4, 6, 5, 6, 8, 6, 5, 5, 5, 5, 5, 7, 8, 4, 5, 7, 5, 4, 6]
B_35 62.29 B 75 [1, 3, 3, 1, 1, 1, 3, 3, 2, 3, 2, 2, 3, 4, 4, 3, 2, 4, 2, 1, 2, 3, 1, 2, 3, 2, 1, 3, 3, 1, 3, 4, 1, 2, 2, 1, 2, 2, 3, 2, 3, 2, 4, 3, 2, 3, 2, 3, 3, 4, 2, 4, 3, 2, 1, 3, 4, 4, 2, 1, 3, 2, 4, 2, 4, 4, 2, 3, 4, 2, 3, 4, 3, 3, 3, 3, 1, 4, 1, 3] [4, 5, 7, 5, 3, 4, 6, 7, 6, 6, 4, 5, 6, 6, 7, 5, 6, 6, 6, 4, 6, 5, 4, 5, 5, 5, 4, 5, 6, 3, 6, 7, 5, 4, 4, 5, 4, 4, 5, 6, 7, 6, 6, 6, 5, 5, 4, 5, 7, 8, 6, 7, 7, 4, 3, 7, 6, 6, 5, 3, 6, 4, 6, 4, 6, 6, 6, 7, 8, 4, 6, 7, 7, 6, 5, 6, 4, 7, 3, 6]
B_36 63.49 B 76 [3, 4, 1, 3, 1, 2, 2, 1, 4, 3, 1, 2, 2, 4, 2, 4, 1, 1, 3, 1, 4, 1, 2, 2, 1, 2, 3, 2, 2, 1, 4, 2, 2, 3, 1, 2, 2, 1, 1, 2, 3, 4, 2, 3, 4, 3, 2, 2, 1, 2, 3, 2, 2, 4, 1, 4, 3, 4, 1, 4, 2, 2, 3, 1, 2, 4, 3, 2, 3, 1, 1, 1, 1, 3, 3, 1, 2, 2, 1, 2] [6, 7, 4, 6, 4, 6, 6, 4, 7, 5, 4, 6, 6, 6, 4, 8, 5, 5, 6, 5, 7, 3, 6, 4, 4, 5, 5, 4, 6, 5, 8, 6, 6, 6, 5, 5, 6, 5, 5, 5, 5, 6, 6, 5, 6, 5, 6, 5, 4, 4, 5, 6, 6, 7, 3, 8, 6, 6, 3, 6, 6, 4, 5, 5, 6, 8, 7, 5, 5, 5, 4, 4, 3, 5, 7, 4, 6, 6, 4, 5]
B_37 65.84 B 77 [1, 4, 1, 2, 4, 4, 4, 3, 3, 2, 2, 4, 3, 1, 3, 2, 4, 3, 3, 4, 4, 3, 4, 3, 3, 3, 1, 4, 2, 3, 3, 2, 4, 1, 4, 2, 4, 3, 3, 2, 4, 3, 1, 2, 4, 3, 1, 4, 4, 4, 1, 4, 3, 4, 3, 4, 3, 3, 4, 3, 1, 4, 4, 2, 4, 1, 2, 3, 1, 1, 2, 4, 4, 3, 3, 4, 2, 2, 4, 4] [4, 6, 5, 5, 8, 6, 7, 7, 6, 4, 5, 8, 6, 5, 6, 6, 6, 7, 5, 6, 7, 5, 7, 6, 5, 6, 3, 6, 4, 5, 6, 5, 7, 4, 7, 6, 7, 7, 7, 6, 7, 5, 3, 6, 8, 5, 5, 7, 8, 8, 3, 7, 6, 6, 5, 6, 7, 5, 8, 7, 4, 7, 8, 6, 8, 5, 6, 5, 3, 5, 4, 7, 6, 7, 5, 7, 6, 6, 7, 6]
B_38 66.84 B 78 [2, 2, 2, 2, 4, 1, 3, 2, 4, 1, 2, 2, 3, 4, 4, 2, 2, 2, 1, 1, 4, 4, 2, 3, 2, 3, 1, 3, 4, 3, 2, 2, 3, 4, 1, 2, 3, 1, 4, 4, 1, 4, 2, 4, 4, 4, 3, 4, 1, 3, 3, 2, 4, 4, 1, 4, 1, 4, 1, 4, 3, 2, 3, 3, 1, 1, 4, 4, 1, 3, 4, 1, 4, 2, 2, 1, 1, 4, 3, 3] [6, 5, 4, 5, 8, 3, 5, 6, 8, 3, 5, 6, 5, 7, 7, 6, 5, 5, 4, 4, 7, 7, 4, 6, 6, 6, 5, 5, 6, 7, 5, 5, 6, 7, 5, 5, 7, 5, 7, 6, 5, 8, 6, 7, 8, 8, 5, 6, 4, 5, 7, 5, 8, 6, 3, 6, 5, 6, 5, 8, 7, 4, 7, 7, 3, 4, 8, 6, 4, 6, 8, 4, 6, 6, 4, 3, 4, 7, 7, 6]
B_39 67.84 B 79 [3, 4, 1, 1, 3, 2, 2, 4, 4, 3, 4, 4, 2, 4, 4, 1, 4, 2, 3, 1, 1, 4, 4, 4, 3, 1, 3, 2, 4, 1, 3, 1, 1, 1, 3, 1, 1, 1, 1, 2, 2, 3, 3, 2, 3, 3, 3, 3, 4, 4, 3, 3, 2, 3, 2, 1, 3, 1, 4, 2, 2, 4, 2, 1, 3, 4, 1, 1, 2, 2, 2, 3, 3, 4, 3, 3, 2, 4, 3, 1] [7, 7, 5, 3, 6, 4, 5, 7, 6, 7, 8, 8, 6, 7, 6, 4, 6, 4, 5, 4, 4, 8, 6, 8, 7, 4, 6, 5, 6, 4, 7, 5, 5, 4, 5, 5, 3, 3, 4, 6, 4, 7, 5, 6, 7, 5, 5, 5, 6, 6, 7, 5, 5, 7, 5, 3, 6, 3, 8, 4, 6, 8, 4, 4, 6, 6, 4, 3, 5, 6, 4, 5, 7, 8, 6, 6, 5, 6, 6, 4]
