A_0 2.67 A 0 [3, 3, 2, 1, 2, 1, 1, 4, 4, 4, 3, 2, 1, 1, 4, 3, 3, 4, 1, 2, 3, 3, 4, 1, 1, 4, 2, 3, 2, 4, 4, 4, 3, 2, 1, 3, 3, 3, 2, 1, 2, 2, 2, 1, 2, 3, 2, 4, 4, 3, 3, 1, 4, 2, 1, 4, 1, 1, 4, 3, 1, 3, 2, 3, 3, 1, 4, 2, 2, 1, 1, 2, 2, 2, 2, 2, 4, 3, 4, 1] [6, 6, 5, 5, 5, 5, 3, 8, 6, 6, 5, 4, 5, 5, 7, 7, 5, 6, 3, 6, 5, 7, 7, 5, 3, 8, 4, 5, 5, 7, 8, 8, 7, 6, 3, 7, 7, 7, 4, 4, 6, 6, 5, 5, 5, 6, 5, 7, 6, 5, 5, 5, 6, 4, 3, 7, 3, 5, 8, 6, 4, 7, 6, 6, 7, 4, 7, 6, 4, 4, 5, 5, 4, 5, 5, 5, 7, 7, 6, 3]
A_1 3.67 A 1 [3, 3, 2, 3, 2, 4, 4, 4, 4, 2, 2, 3, 3, 3, 4, 3, 4, 1, 4, 3, 2, 4, 2, 3, 4, 3, 1, 3, 2, 1, 4, 3, 4, 3, 2, 4, 1, 4, 2, 1, 3, 1, 4, 3, 3, 2, 3, 1, 3, 3, 4, 3, 2, 4, 2, 3, 3, 3, 4, 1, 3, 3, 2, 4, 3, 4, 4, 3, 2, 4, 2, 3, 2, 4, 4, 4, 4, 2, 3, 2] [6, 6, 4, 6, 6, 6, 8, 8, 8, 4, 5, 7, 6, 6, 7, 5, 8, 4, 6, 6, 4, 6, 5, 5, 7, 6, 5, 7, 5, 5, 7, 6, 8, 5, 5, 7, 3, 8, 4, 5, 5, 3, 7, 6, 5, 4, 7, 3, 5, 5, 6, 5, 4, 6, 4, 6, 6, 6, 8, 4, 6, 7, 4, 8, 5, 7, 7, 5, 4, 6, 6, 6, 5, 7, 7, 8, 6, 6, 6, 4]
A_2 4.67 A 2 [2, 2, 3, 2, 4, 3, 3, 1, 4, 4, 1, 2, 3, 2, 1, 1, 2, 4, 3, 1, 3, 4, 2, 4, 2, 3, 2, 1, 3, 3, 2, 1, 2, 4, 1, 2, 1, 4, 3, 3, 1, 2, 3, 3, 2, 3, 3, 1, 2, 2, 1, 2, 4, 2, 1, 1, 3, 4, 4, 4, 3, 1, 1, 1, 1, 4, 1, 1, 4, 2, 1, 3, 1, 2, 1, 4, 2, 1, 4, 2] [5, 4, 5, 5, 7, 6, 7, 3, 6, 7, 4, 4, 5, 4, 3, 3, 6, 6, 5, 3, 5, 8, 4, 8, 4, 7, 5, 5, 7, 7, 4, 4, 4, 8, 3, 6, 5, 8, 5, 7, 4, 6, 6, 7, 6, 5, 5, 5, 4, 6, 3, 5, 6, 5, 3, 3, 5, 8, 8, 6, 6, 4, 4, 5, 3, 6, 3, 4, 6, 4, 5, 6, 3, 5, 4, 6, 4, 4, 7, 6]
A_3 6.4399999999999995 A 3 [1, 3, 2, 4, 2, 4, 3, 4, 4, 4, 1, 1, 3, 4, 2, 1, 1, 3, 2, 4, 2, 1, 2, 2, 1, 4, 2, 4, 4, 4, 2, 2, 4, 1, 1, 1, 4, 4, 3, 4, 2, 4, 1, 4, 4, 2, 2, 1, 3, 3, 2, 2, 3, 3, 2, 1, 2, 2, 2, 2, 2, 4, 4, 1, 2, 2, 2, 3, 2, 2, 4, 1, 2, 1, 2, 2, 2, 3, 3, 4] [5, 6, 5, 8, 4, 8, 5, 7, 7, 7, 3, 4, 7, 6, 6, 3, 3, 7, 5, 6, 4, 5, 6, 4, 4, 8, 5, 8, 6, 8, 5, 4, 6, 5, 5, 3, 7, 6, 7, 8, 5, 7, 5, 6, 6, 6, 4, 5, 5, 5, 4, 4, 5, 6, 6, 5, 6, 6, 4, 5, 4, 8, 7, 3, 5, 5, 5, 6, 5, 6, 7, 3, 6, 4, 6, 4, 5, 7, 5, 6]
A_4 7.4399999999999995 A 4 [2, 2, 4, 2, 4, 1, 2, 2, 4, 3, 2, 1, 1, 2, 3, 4, 4, 1, 2, 1, 2, 3, 4, 2, 1, 3, 1, 1, 1, 4, 2, 3, 2, 4, 4, 1, 3, 3, 3, 3, 3, 4, 1, 3, 2, 4, 3, 4, 2, 1, 3, 2, 4, 4, 1, 3, 3, 1, 3, 4, 4, 3, 1, 2, 3, 1, 2, 1, 4, 2, 2, 2, 1, 4, 4, 3, 1, 2, 2, 3] [5, 6, 7, 4, 6, 3, 5, 4, 8, 6, 6, 5, 3, 4, 6, 6, 7, 5, 4, 3, 6, 7, 8, 5, 3, 6, 3, 3, 5, 6, 6, 5, 4, 6, 8, 4, 5, 7, 7, 5, 5, 6, 4, 5, 6, 8, 5, 8, 6, 4, 7, 5, 8, 7, 3, 5, 7, 3, 6, 7, 6, 7, 3, 4, 7, 3, 6, 5, 8, 5, 6, 6, 4, 7, 7, 7, 5, 4, 5, 7]
A_5 10.969999999999999 A 5 [1, 4, 3, 4, 1, 3, 3, 2, 2, 2, 3, 3, 3, 1, 2, 3, 2, 4, 3, 4, 3, 2, 1, 4, 3, 2, 4, 3, 2, 2, 4, 1, 1, 3, 1, 2, 2, 3, 2, 1, 3, 2, 2, 3, 2, 3, 4, 1, 2, 2, 4, 1, 3, 4, 2, 2, 2, 3, 3, 4, 2, 1, 2, 4, 3, 2, 4, 2, 1, 4, 1, 3, 1, 3, 3, 1, 3, 3, 3, 4] [5, 6, 6, 8, 3, 6, 5, 4, 4, 5, 7, 5, 5, 5, 6, 5, 5, 6, 7, 7, 6, 4, 5, 7, 5, 6, 7, 7, 4, 6, 8, 4, 5, 6, 5, 5, 5, 7, 5, 4, 6, 4, 6, 5, 4, 5, 6, 5, 6, 5, 6, 5, 5, 8, 4, 5, 6, 7, 6, 6, 6, 3, 4, 7, 7, 5, 8, 5, 5, 8, 4, 5, 5, 5, 6, 4, 6, 6, 7, 6]
A_6 12.29 A 6 [1, 4, 3, 3, 2, 3, 3, 1, 4, 2, 4, 1, 4, 3, 4, 4, 4, 4, 3, 1, 2, 2, 4, 2, 1, 4, 1, 1, 1, 1, 4, 2, 1, 3, 3, 1, 3, 2, 1, 4, 3, 1, 4, 3, 3, 2, 3, 3, 4, 4, 4, 1, 2, 2, 3, 2, 3, 2, 1, 1, 3, 1, 3, 1, 3, 3, 4, 2, 4, 4, 2, 1, 4, 4, 1, 2, 3, 4, 3, 2] [3, 8, 7, 5, 5, 5, 5, 3, 6, 6, 6, 5, 6, 6, 6, 8, 6, 8, 7, 3, 5, 4, 7, 4, 5, 8, 5, 4, 4, 3, 7, 5, 3, 5, 6, 3, 7, 5, 5, 8, 6, 3, 7, 5, 7, 6, 6, 6, 8, 7, 8, 5, 4, 5, 6, 5, 6, 5, 3, 4, 5, 4, 7, 4, 6, 6, 6, 5, 6, 6, 5, 3, 7, 6, 5, 5, 7, 7, 6, 4]
A_7 13.84 A 7 [4, 4, 1, 4, 2, 2, 1, 2, 3, 2, 3, 2, 1, 3, 3, 1, 2, 4, 3, 3, 2, 1, 3, 2, 1, 2, 3, 1, 1, 1, 4, 3, 4, 3, 2, 1, 1, 2, 3, 4, 3, 3, 2, 3, 3, 2, 1, 2, 1, 4, 4, 1, 3, 3, 1, 2, 3, 1, 2, 1, 3, 4, 2, 1, 4, 3, 2, 3, 1, 2, 1, 1, 3, 4, 1, 4, 4, 2, 4, 2] [8, 8, 3, 7, 4, 4, 3, 4, 7, 5, 6, 5, 5, 5, 5, 5, 4, 8, 7, 7, 4, 4, 6, 6, 3, 4, 6, 5, 5, 5, 6, 6, 7, 6, 6, 4, 4, 5, 5, 8, 7, 6, 4, 6, 5, 5, 4, 6, 3, 7, 7, 3, 7, 7, 4, 5, 5, 3, 4, 3, 7, 6, 4, 5, 6, 6, 5, 5, 5, 5, 5, 4, 7, 6, 5, 7, 7, 4, 7, 5]
A_8 15.89 A 8 [4, 4, 4, 4, 4, 2, 4, 3, 1, 2, 2, 4, 2, 4, 2, 1, 2, 3, 4, 2, 1, 1, 1, 1, 4, 1, 2, 3, 2, 2, 2, 4, 3, 3, 1, 1, 3, 4, 4, 4, 3, 3, 1, 1, 1, 3, 3, 1, 4, 4, 4, 3, 4, 4, 1, 2, 4, 2, 4, 1, 1, 1, 3, 4, 1, 3, 1, 3, 1, 3, 1, 1, 4, 4, 4, 1, 1, 3, 1, 4] [6, 8, 6, 7, 8, 4, 6, 7, 5, 5, 6, 8, 6, 6, 5, 4, 6, 7, 8, 4, 3, 3, 4, 5, 8, 4, 5, 5, 6, 6, 4, 8, 7, 5, 3, 4, 7, 7, 8, 8, 7, 7, 5, 5, 3, 6, 6, 4, 8, 6, 6, 6, 8, 6, 5, 6, 7, 5, 7, 3, 3, 5, 6, 7, 3, 5, 4, 6, 5, 5, 3, 4, 7, 8, 6, 4, 3, 7, 4, 7]
A_9 17.18 A 9 [4, 2, 4, 4, 3, 2, 2, 2, 2, 2, 4, 4, 2, 2, 4, 1, 2, 3, 4, 3, 3, 2, 1, 2, 1, 1, 3, 2, 3, 3, 4, 1, 3, 3, 2, 1, 3, 3, 4, 1, 3, 4, 2, 3, 2, 1, 2, 3, 1, 3, 3, 2, 3, 3, 3, 3, 1, 1, 3, 2, 3, 4, 1, 1, 2, 1, 2, 3, 3, 2, 2, 3, 3, 3, 4, 2, 2, 1, 1, 1] [6, 4, 7, 7, 6, 5, 6, 5, 5, 5, 7, 6, 6, 5, 6, 3, 6, 6, 6, 5, 5, 5, 3, 4, 3, 4, 5, 5, 5, 6, 7, 3, 7, 5, 6, 4, 7, 6, 8, 5, 6, 6, 4, 5, 4, 5, 6, 7, 4, 7, 6, 6, 7, 7, 6, 5, 3, 4, 6, 4, 6, 6, 3, 4, 4, 5, 6, 7, 5, 4, 4, 6, 7, 5, 8, 5, 6, 5, 5, 4]
A_10 21.07 A 10 [3, 2, 1, 1, 2, 3, 4, 3, 2, 4, 3, 4, 4, 1, 3, 4, 4, 4, 2, 4, 1, 3, 2, 1, 1, 4, 4, 1, 3, 2, 2, 4, 2, 4, 3, 4, 4, 2, 3, 3, 3, 2, 1, 2, 1, 1, 2, 2, 1, 1, 1, 2, 1, 4, 2, 1, 4, 2, 4, 2, 4, 4, 2, 3, 2, 2, 2, 1, 1, 3, 2, 1, 2, 3, 3, 4, 2, 3, 1, 2] [5, 5, 4, 3, 6, 7, 6, 6, 6, 7, 7, 7, 7, 5, 5, 6, 8, 8, 6, 7, 5, 7, 4, 3, 4, 7, 6, 3, 6, 6, 4, 6, 4, 6, 7, 7, 7, 6, 6, 5, 5, 6, 5, 5, 3, 5, 5, 6, 4, 5, 3, 5, 5, 6, 5, 4, 6, 5, 7, 5, 8, 7, 6, 5, 4, 6, 6, 3, 3, 5, 5, 5, 6, 7, 6, 8, 4, 6, 3, 4]
A_11 23.77 A 11 [2, 3, 2, 1, 1, 3, 1, 2, 4, 4, 4, 1, 2, 4, 2, 4, 2, 3, 3, 3, 3, 4, 1, 4, 4, 4, 2, 4, 3, 2, 4, 3, 1, 3, 1, 1, 2, 3, 3, 4, 1, 3, 4, 1, 4, 1, 3, 3, 4, 2, 3, 3, 3, 1, 4, 3, 2, 1, 4, 3, 3, 1, 3, 2, 2, 3, 2, 3, 3, 2, 2, 1, 1, 4, 1, 1, 4, 1, 3, 3] [4, 7, 4, 4, 5, 5, 5, 5, 8, 6, 7, 5, 5, 8, 4, 6, 5, 7, 5, 6, 5, 7, 3, 6, 7, 7, 6, 7, 7, 4, 6, 7, 3, 6, 4, 3, 6, 6, 7, 7, 5, 7, 7, 4, 6, 3, 6, 6, 8, 6, 7, 6, 7, 3, 8, 5, 4, 4, 6, 5, 7, 5, 7, 6, 6, 7, 5, 7, 6, 4, 4, 3, 3, 8, 5, 4, 6, 5, 5, 7]
A_12 24.77 A 12 [1, 3, 3, 3, 1, 3, 4, 1, 2, 2, 4, 2, 2, 4, 3, 2, 4, 3, 4, 3, 4, 4, 3, 2, 1, 1, 3, 1, 1, 2, 2, 2, 3, 4, 1, 1, 3, 3, 3, 3, 4, 2, 1, 1, 1, 3, 4, 2, 3, 2, 3, 3, 3, 2, 1, 3, 2, 3, 1, 4, 2, 3, 2, 3, 1, 1, 1, 1, 2, 3, 3, 4, 2, 3, 1, 2, 2, 1, 2, 1] [5, 6, 5, 7, 3, 5, 6, 5, 6, 6, 7, 5, 6, 6, 5, 5, 7, 5, 8, 6, 7, 7, 5, 6, 4, 4, 6, 5, 4, 5, 5, 5, 7, 8, 4, 4, 6, 6, 5, 6, 8, 5, 5, 5, 4, 5, 8, 6, 7, 4, 6, 6, 5, 5, 3, 5, 5, 5, 4, 8, 5, 5, 6, 5, 5, 5, 5, 5, 4, 6, 7, 7, 4, 5, 5, 4, 6, 5, 4, 5]
A_13 25.77 A 13 [1, 3, 2, 4, 2, 1, 3, 3, 4, 2, 1, 4, 4, 3, 4, 1, 4, 3, 4, 4, 4, 1, 1, 2, 1, 2, 3, 3, 1, 2, 3, 4, 1, 1, 3, 4, 1, 1, 1, 4, 4, 2, 2, 3, 1, 1, 4, 1, 1, 3, 4, 1, 1, 1, 1, 3, 4, 4, 1, 1, 2, 4, 4, 1, 2, 1, 2, 2, 4, 1, 1, 2, 1, 3, 2, 1, 4, 2, 1, 4] [5, 6, 4, 6, 4, 5, 6, 5, 6, 5, 5, 8, 6, 6, 6, 3, 8, 5, 7, 7, 7, 5, 3, 5, 3, 4, 6, 6, 5, 4, 7, 6, 5, 4, 5, 6, 3, 4, 5, 6, 8, 5, 5, 5, 4, 3, 8, 3, 3, 6, 6, 3, 5, 5, 4, 6, 6, 8, 3, 4, 6, 7, 6, 4, 6, 4, 6, 5, 6, 5, 3, 4, 4, 7, 5, 3, 6, 6, 5, 6]
A_14 28.78 A 14 [4, 4, 1, 2, 3, 2, 4, 3, 2, 4, 3, 2, 3, 4, 4, 3, 1, 1, 4, 4, 3, 1, 2, 2, 2, 1, 3, 1, 4, 1, 2, 1, 1, 1, 2, 1, 4, 2, 1, 4, 2, 2, 2, 3, 4, 4, 3, 4, 4, 1, 2, 3, 1, 2, 2, 3, 1, 1, 4, 3, 1, 1, 4, 1, 3, 2, 2, 3, 2, 4, 2, 2, 2, 1, 1, 3, 4, 4, 4, 2] [7, 7, 3, 6, 6, 6, 6, 5, 5, 6, 5, 4, 5, 6, 8, 5, 4, 3, 8, 6, 7, 5, 4, 6, 5, 3, 6, 3, 7, 5, 6, 3, 3, 4, 6, 3, 6, 5, 3, 6, 5, 4, 5, 6, 7, 7, 5, 6, 8, 5, 4, 5, 3, 5, 4, 7, 4, 4, 6, 6, 5, 5, 8, 3, 5, 5, 5, 5, 5, 6, 6, 5, 6, 3, 5, 7, 8, 7, 7, 5]
A_15 29.78 A 15 [3, 3, 1, 1, 4, 3, 4, 1, 1, 1, 4, 4, 2, 1, 3, 4, 1, 3, 4, 4, 3, 2, 4, 1, 3, 3, 4, 2, 2, 3, 3, 1, 2, 4, 3, 2, 1, 4, 3, 2, 1, 2, 3, 1, 4, 1, 1, 4, 2, 2, 2, 4, 2, 1, 4, 2, 4, 2, 4, 2, 3, 2, 1, 2, 1, 4, 2, 1, 1, 3, 1, 1, 4, 1, 4, 2, 3, 4, 2, 1] [7, 5, 3, 3, 6, 5, 8, 5, 4, 3, 6, 6, 5, 3, 5, 8, 5, 6, 7, 6, 5, 5, 6, 3, 5, 5, 6, 4, 5, 5, 5, 5, 4, 6, 5, 6, 5, 7, 5, 4, 5, 6, 6, 4, 8, 3, 4, 6, 4, 5, 5, 8, 5, 5, 7, 4, 6, 4, 8, 5, 7, 4, 5, 5, 5, 7, 5, 3, 5, 5, 3, 4, 8, 4, 8, 4, 6, 8, 4, 3]
A_16 30.78 A 16 [3, 4, 2, 1, 4, 2, 4, 2, 2, 2, 4, 2, 4, 4, 1, 1, 2, 3, 3, 1, 2, 3, 3, 1, 4, 4, 3, 4, 2, 2, 3, 1, 2, 1, 2, 2, 2, 4, 1, 3, 4, 1, 3, 2, 4, 1, 4, 3, 4, 3, 4, 3, 2, 2, 4, 2, 3, 1, 4, 2, 4, 3, 2, 4, 2, 1, 1, 4, 3, 1, 3, 3, 2, 3, 4, 1, 2, 3, 3, 3] [5, 8, 6, 3, 7, 5, 6, 4, 6, 6, 8, 5, 7, 8, 4, 5, 5, 7, 6, 3, 6, 7, 7, 4, 6, 7, 7, 8, 5, 6, 6, 4, 4, 5, 4, 6, 5, 6, 3, 5, 6, 5, 6, 6, 6, 5, 7, 6, 6, 7, 6, 5, 6, 4, 6, 5, 5, 3, 8, 5, 6, 5, 6, 7, 6, 4, 5, 7, 6, 5, 7, 6, 6, 5, 8, 3, 6, 5, 7, 6]
A_17 31.78 A 17 [4, 1, 4, 3, 1, 4, 4, 4, 3, 3, 4, 3, 3, 3, 1, 3, 3, 1, 3, 1, 3, 4, 4, 3, 3, 4, 4, 2, 2, 1, 3, 2, 4, 2, 2, 1, 4, 4, 1, 2, 1, 2, 3, 1, 3, 3, 1, 3, 4, 4, 4, 4, 4, 2, 2, 4, 1, 3, 1, 2, 1, 2, 1, 3, 2, 1, 4, 4, 4, 1, 3, 4, 4, 2, 2, 3, 1, 3, 1, 2] [6, 4, 6, 7, 5, 6, 8, 8, 7, 6, 8, 7, 5, 5, 3, 6, 7, 3, 7, 3, 6, 8, 6, 6, 5, 6, 7, 5, 4, 5, 6, 5, 7, 4, 4, 4, 6, 8, 4, 6, 4, 5, 6, 5, 5, 6, 4, 5, 8, 8, 8, 8, 6, 4, 5, 6, 5, 6, 3, 5, 4, 5, 4, 7, 6, 3, 8, 6, 7, 4, 6, 6, 7, 5, 4, 7, 5, 7, 4, 4]
A_18 34.79 A 18 [1, 4, 3, 2, 2, 3, 3, 3, 4, 4, 2, 3, 4, 4, 4, 4, 3, 3, 3, 2, 2, 4, 1, 2, 1, 3, 2, 1, 3, 1, 4, 3, 4, 1, 1, 3, 4, 4, 2, 1, 1, 3, 4, 2, 1, 3, 3, 1, 2, 3, 2, 4, 1, 2, 2, 1, 1, 1, 4, 3, 4, 4, 2, 3, 4, 3, 3, 4, 2, 1, 3, 2, 3, 3, 3, 3, 2, 4, 3, 3] [3, 6, 5, 5, 4, 7, 7, 7, 8, 6, 6, 5, 8, 7, 8, 7, 6, 7, 6, 5, 5, 7, 5, 4, 4, 6, 4, 5, 7, 5, 7, 6, 8, 5, 5, 5, 8, 7, 5, 3, 5, 7, 6, 5, 4, 7, 6, 3, 5, 7, 4, 6, 4, 6, 6, 4, 5, 3, 8, 6, 7, 8, 4, 5, 8, 5, 6, 7, 5, 3, 7, 6, 6, 6, 5, 7, 4, 6, 7, 5]
A_19 35.79 A 19 [2, 3, 1, 4, 1, 4, 1, 3, 2, 3, 4, 3, 3, 4, 4, 4, 1, 1, 2, 3, 1, 2, 3, 4, 3, 2, 2, 4, 4, 3, 4, 1, 4, 3, 1, 4, 4, 4, 3, 1, 1, 3, 1, 3, 1, 4, 1, 4, 1, 4, 1, 2, 4, 2, 2, 3, 1, 2, 2, 2, 1, 3, 3, 1, 2, 4, 2, 2, 1, 2, 3, 1, 4, 4, 3, 3, 1, 4, 3, 4] [6, 6, 3, 6, 3, 7, 3, 7, 4, 5, 7, 6, 6, 7, 6, 6, 3, 3, 5, 5, 5, 4, 6, 6, 6, 5, 4, 6, 8, 7, 7, 5, 8, 7, 4, 7, 8, 6, 5, 4, 4, 7, 4, 5, 3, 6, 3, 7, 5, 8, 4, 4, 6, 6, 4, 6, 4, 6, 4, 5, 3, 6, 5, 5, 5, 7, 4, 4, 3, 4, 5, 5, 8, 7, 6, 5, 4, 6, 6, 8]
A_20 38.879999999999995 A 20 [3, 2, 3, 2, 2, 3, 2, 2, 1, 3, 1, 3, 4, 4, 3, 3, 2, 3, 2, 1, 2, 3, 2, 3, 4, 1, 4, 4, 3, 3, 4, 4, 2, 4, 4, 2, 4, 4, 1, 3, 4, 3, 4, 1, 3, 4, 2, 2, 3, 2, 2, 4, 1, 1, 3, 3, 4, 4, 1, 2, 2, 4, 1, 3, 1, 1, 4, 3, 1, 2, 4, 4, 3, 2, 2, 2, 2, 1, 2, 4] [5, 4, 5, 4, 6, 6, 5, 4, 3, 5, 5, 5, 7, 7, 7, 5, 6, 6, 5, 5, 5, 6, 4, 7, 8, 4, 6, 8, 5, 5, 7, 6, 4, 7, 7, 5, 7, 8, 3, 6, 8, 7, 6, 3, 7, 7, 4, 4, 5, 4, 5, 7, 3, 4, 7, 7, 8, 8, 5, 6, 4, 7, 4, 6, 3, 3, 8, 6, 5, 4, 6, 7, 6, 4, 5, 6, 4, 3, 6, 8]
A_21 39.879999999999995 A 21 [3, 4, 4, 1, 3, 2, 2, 1, 1, 2, 3, 4, 4, 1, 1, 2, 3, 4, 4, 2, 3, 4, 4, 3, 3, 2, 4, 2, 4, 4, 2, 4, 4, 3, 1, 2, 2, 1, 2, 2, 4, 2, 3, 3, 4, 2, 1, 3, 1, 2, 1, 2, 3, 1, 2, 4, 3, 3, 3, 1, 1, 3, 1, 2, 1, 1, 4, 1, 4, 4, 1, 4, 1, 3, 3, 3, 1, 2, 3, 3] [7, 6, 8, 5, 7, 4, 4, 4, 3, 5, 7, 7, 7, 5, 5, 5, 7, 8, 7, 4, 6, 7, 7, 6, 5, 5, 8, 5, 6, 6, 6, 6, 7, 6, 5, 6, 6, 5, 6, 4, 8, 4, 7, 6, 7, 5, 3, 7, 5, 6, 5, 6, 6, 4, 5, 6, 6, 7, 6, 4, 5, 7, 5, 6, 5, 3, 7, 5, 6, 8, 3, 6, 4, 6, 6, 7, 4, 6, 6, 5]
A_22 40.879999999999995 A 22 [4, 2, 2, 2, 4, 1, 4, 3, 1, 1, 2, 1, 3, 1, 2, 4, 3, 4, 1, 3, 2, 4, 3, 4, 1, 3, 1, 4, 1, 1, 4, 2, 1, 1, 3, 1, 4, 3, 4, 3, 1, 3, 1, 4, 3, 2, 4, 2, 3, 4, 3, 4, 4, 2, 2, 1, 1, 2, 1, 3, 4, 3, 2, 1, 1, 3, 1, 1, 3, 1, 3, 4, 3, 1, 1, 4, 4, 3, 4, 2] [7, 5, 4, 6, 8, 5, 7, 6, 4, 3, 4, 3, 5, 3, 4, 6, 7, 6, 5, 6, 4, 7, 7, 6, 4, 6, 5, 6, 3, 5, 6, 5, 3, 5, 7, 3, 8, 6, 7, 6, 5, 7, 4, 7, 7, 4, 6, 5, 5, 7, 7, 6, 8, 6, 5, 4, 5, 4, 3, 5, 6, 7, 4, 3, 3, 7, 5, 5, 7, 3, 7, 8, 6, 4, 3, 8, 8, 5, 8, 6]
A_23 41.879999999999995 A 23 [1, 3, 4, 2, 2, 4, 2, 2, 1, 2, 1, 4, 2, 2, 2, 1, 1, 3, 2, 4, 3, 3, 4, 4, 2, 2, 2, 3, 2, 3, 2, 2, 2, 3, 3, 1, 2, 2, 1, 3, 1, 2, 2, 1, 2, 4, 3, 4, 2, 1, 2, 3, 2, 2, 2, 4, 1, 3, 4, 3, 4, 1, 1, 1, 4, 2, 1, 4, 2, 3, 2, 2, 2, 4, 3, 2, 2, 1, 4, 4] [5, 5, 8, 4, 5, 7, 4, 6, 5, 4, 3, 6, 6, 5, 6, 3, 4, 6, 4, 6, 7, 6, 6, 7, 5, 6, 6, 6, 5, 6, 5, 6, 4, 6, 6, 4, 4, 6, 5, 7, 3, 5, 5, 3, 4, 8, 6, 8, 4, 3, 5, 5, 6, 4, 6, 8, 5, 6, 7, 6, 7, 5, 3, 4, 6, 6, 3, 8, 5, 5, 4, 5, 5, 6, 6, 6, 4, 3, 6, 8]
A_24 42.879999999999995 A 24 [1, 4, 2, 1, 1, 3, 1, 1, 4, 1, 1, 4, 1, 1, 2, 3, 4, 3, 1, 3, 4, 3, 1, 2, 4, 3, 4, 3, 2, 2, 2, 2, 2, 1, 2, 2, 2, 1, 4, 1, 1, 2, 3, 2, 2, 2, 1, 1, 2, 1, 3, 1, 2, 1, 3, 2, 4, 1, 2, 4, 1, 4, 3, 4, 2, 4, 1, 2, 4, 2, 3, 1, 3, 3, 3, 2, 4, 1, 1, 2] [3, 7, 4, 4, 3, 5, 5, 3, 8, 3, 4, 7, 4, 3, 5, 5, 6, 5, 4, 6, 8, 5, 4, 5, 7, 5, 7, 5, 6, 6, 5, 4, 6, 4, 6, 6, 5, 3, 8, 5, 3, 5, 6, 4, 4, 5, 5, 3, 6, 4, 6, 5, 4, 5, 6, 6, 8, 4, 6, 8, 5, 7, 6, 6, 4, 7, 5, 6, 7, 6, 7, 3, 7, 6, 7, 4, 6, 5, 3, 5]
A_25 46.4 A 25 [4, 3, 3, 4, 3, 2, 4, 2, 1, 1, 4, 4, 1, 2, 1, 3, 4, 4, 3, 2, 1, 2, 3, 2, 3, 3, 4, 1, 1, 4, 2, 4, 1, 2, 1, 4, 2, 4, 4, 3, 3, 1, 3, 4, 4, 1, 3, 1, 4, 3, 4, 1, 3, 2, 4, 4, 1, 1, 3, 3, 2, 3, 1, 4, 4, 4, 4, 3, 3, 3, 2, 3, 4, 4, 2, 4, 3, 3, 1, 2] [8, 6, 7, 8, 6, 6, 8, 4, 4, 4, 7, 7, 4, 4, 3, 5, 7, 6, 6, 5, 4, 5, 6, 6, 5, 5, 7, 3, 3, 8, 4, 7, 3, 6, 4, 8, 4, 6, 8, 5, 5, 4, 6, 8, 7, 5, 7, 3, 6, 6, 6, 3, 6, 5, 6, 8, 4, 3, 7, 6, 5, 6, 3, 8, 7, 8, 8, 6, 7, 6, 5, 6, 7, 7, 4, 8, 7, 5, 3, 6]
A_26 47.4 A 26 [2, 1, 2, 2, 1, 4, 1, 3, 2, 3, 4, 2, 3, 3, 3, 4, 3, 4, 2, 2, 4, 4, 1, 2, 4, 4, 4, 3, 4, 1, 4, 1, 4, 1, 4, 1, 2, 4, 4, 2, 1, 4, 3, 2, 3, 3, 4, 2, 4, 3, 3, 1, 2, 4, 1, 2, 4, 3, 4, 4, 4, 3, 4, 3, 4, 3, 4, 1, 1, 3, 1, 1, 2, 4, 4, 3, 3, 3, 3, 4] [4, 5, 5, 5, 3, 7, 5, 6, 5, 5, 6, 6, 6, 6, 6, 6, 7, 7, 4, 4, 6, 8, 5, 6, 7, 7, 7, 5, 8, 5, 6, 4, 7, 5, 8, 3, 5, 8, 7, 5, 3, 6, 7, 6, 6, 6, 7, 5, 6, 5, 7, 5, 5, 7, 5, 6, 6, 6, 6, 7, 7, 5, 7, 6, 7, 7, 7, 4, 5, 7, 4, 3, 6, 8, 7, 7, 6, 6, 7, 6]
A_27 48.4 A 27 [3, 3, 1, 4, 1, 3, 1, 1, 3, 2, 1, 4, 1, 3, 1, 2, 4, 2, 1, 4, 4, 2, 4, 3, 3, 1, 3, 4, 3, 3, 1, 2, 4, 2, 3, 1, 2, 4, 2, 4, 2, 1, 2, 3, 3, 4, 1, 3, 2, 4, 3, 4, 3, 3, 4, 3, 1, 1, 3, 3, 2, 1, 2, 3, 2, 1, 1, 1, 1, 3, 4, 3, 1, 3, 1, 1, 2, 4, 1, 4] [5, 7, 5, 8, 3, 7, 4, 5, 5, 5, 3, 7, 5, 6, 3, 4, 8, 5, 5, 6, 8, 5, 6, 6, 5, 3, 5, 6, 6, 5, 4, 5, 6, 4, 5, 3, 6, 8, 5, 8, 5, 5, 5, 7, 6, 6, 5, 5, 5, 6, 7, 7, 5, 6, 6, 5, 4, 4, 7, 5, 5, 4, 5, 7, 6, 4, 4, 5, 4, 6, 6, 5, 3, 6, 3, 5, 6, 8, 4, 8]
A_28 51.41 A 28 [2, 2, 3, 4, 1, 2, 1, 1, 2, 3, 3, 3, 1, 1, 4, 2, 2, 2, 3, 4, 3, 4, 1, 2, 2, 1, 4, 3, 4, 4, 2, 4, 2, 2, 2, 1, 3, 1, 4, 1, 3, 2, 4, 1, 1, 2, 4, 4, 2, 2, 2, 4, 1, 4, 4, 2, 3, 2, 4, 1, 3, 4, 2, 3, 2, 4, 2, 1, 1, 4, 2, 2, 1, 4, 3, 4, 4, 2, 1, 2] [5, 5, 7, 6, 5, 4, 4, 5, 6, 5, 6, 7, 4, 5, 7, 5, 5, 4, 7, 8, 5, 6, 3, 5, 6, 3, 8, 6, 6, 6, 6, 8, 6, 6, 4, 5, 7, 3, 7, 4, 5, 5, 7, 3, 3, 4, 7, 6, 5, 6, 6, 6, 3, 7, 6, 4, 6, 4, 6, 4, 6, 6, 5, 5, 5, 8, 6, 3, 5, 8, 4, 6, 5, 6, 5, 7, 8, 4, 3, 5]
A_29 53.709999999999994 A 29 [4, 1, 3, 4, 4, 2, 1, 1, 2, 3, 2, 2, 2, 2, 1, 3, 2, 1, 1, 3, 3, 4, 1, 3, 2, 4, 1, 3, 4, 4, 1, 3, 1, 3, 2, 1, 4, 3, 3, 1, 3, 2, 2, 4, 3, 2, 4, 3, 2, 2, 1, 4, 1, 1, 4, 2, 3, 3, 4, 3, 4, 1, 4, 3, 2, 2, 1, 4, 4, 2, 1, 4, 3, 2, 1, 1, 1, 3, 4, 1] [7, 5, 7, 8, 6, 6, 3, 5, 6, 6, 6, 4, 5, 4, 5, 5, 6, 5, 5, 7, 5, 6, 5, 6, 6, 8, 5, 5, 6, 6, 3, 7, 3, 5, 4, 3, 8, 5, 6, 4, 7, 6, 5, 6, 6, 5, 6, 6, 4, 4, 3, 6, 3, 3, 6, 6, 5, 6, 6, 6, 6, 4, 6, 5, 6, 5, 3, 7, 6, 4, 4, 8, 5, 4, 3, 5, 4, 6, 6, 5]
A_30 55.279999999999994 A 30 [4, 4, 2, 2, 2, 4, 4, 4, 2, 4, 2, 4, 2, 3, 2, 3, 3, 3, 4, 4, 4, 2, 4, 2, 2, 2, 4, 1, 2, 1, 3, 3, 4, 4, 2, 1, 1, 4, 1, 1, 2, 4, 1, 3, 3, 2, 2, 2, 4, 3, 2, 1, 3, 1, 2, 3, 2, 3, 4, 4, 4, 2, 3, 1, 2, 3, 4, 2, 4, 4, 1, 3, 2, 2, 3, 4, 1, 1, 1, 1] [8, 7, 4, 5, 6, 8, 7, 6, 4, 7, 4, 6, 5, 7, 6, 5, 6, 6, 7, 7, 7, 6, 6, 5, 5, 4, 6, 4, 6, 3, 6, 5, 6, 7, 5, 3, 4, 8, 3, 3, 6, 7, 3, 5, 5, 4, 5, 4, 8, 7, 6, 3, 7, 4, 6, 6, 5, 5, 8, 8, 7, 4, 5, 4, 4, 6, 6, 4, 6, 7, 4, 6, 5, 5, 5, 7, 5, 5, 5, 4]
A_31 56.279999999999994 A 31 [4, 3, 1, 2, 3, 1, 2, 3, 4, 1, 4, 3, 2, 4, 1, 1, 1, 2, 3, 1, 4, 4, 2, 2, 2, 4, 1, 2, 4, 3, 3, 1, 2, 4, 2, 3, 1, 2, 3, 1, 2, 3, 3, 2, 3, 2, 4, 2, 3, 2, 1, 4, 4, 3, 2, 1, 1, 3, 3, 4, 3, 3, 1, 1, 3, 4, 1, 4, 3, 1, 1, 1, 2, 3, 2, 4, 2, 4, 1, 4] [8, 6, 4, 4, 5, 4, 5, 6, 8, 3, 6, 7, 5, 6, 3, 5, 4, 5, 6, 5, 6, 6, 5, 6, 4, 7, 4, 5, 8, 7, 5, 4, 6, 6, 4, 7, 3, 5, 5, 5, 5, 6, 6, 4, 5, 6, 6, 4, 5, 5, 4, 7, 6, 5, 5, 4, 3, 6, 6, 6, 5, 7, 4, 4, 6, 7, 5, 6, 6, 5, 3, 4, 6, 7, 4, 8, 5, 8, 4, 7]
A_32 57.279999999999994 A 32 [3, 4, 2, 4, 2, 1, 1, 4, 3, 3, 2, 1, 3, 1, 1, 2, 2, 4, 4, 4, 2, 4, 1, 2, 2, 1, 4, 4, 2, 1, 4, 2, 4, 3, 4, 1, 4, 3, 3, 2, 3, 1, 3, 2, 3, 1, 1, 1, 1, 3, 3, 1, 3, 2, 3, 2, 1, 2, 1, 1, 2, 2, 1, 4, 3, 1, 3, 1, 3, 3, 2, 1, 1, 4, 2, 4, 3, 2, 4, 2] [7, 8, 4, 6, 4, 5, 3, 7, 7, 7, 4, 3, 7, 5, 3, 4, 4, 7, 8, 8, 4, 7, 3, 4, 6, 3, 7, 6, 6, 3, 6, 6, 7, 7, 6, 3, 8, 5, 7, 4, 5, 5, 7, 5, 6, 5, 3, 4, 4, 7, 5, 3, 7, 6, 6, 4, 5, 5, 4, 4, 5, 5, 3, 7, 7, 5, 7, 5, 7, 7, 5, 5, 3, 7, 5, 6, 7, 4, 8, 5]
A_33 58.78999999999999 A 33 [2, 3, 4, 1, 4, 3, 3, 3, 3, 3, 4, 3, 4, 1, 1, 4, 1, 2, 1, 3, 4, 3, 1, 3, 1, 2, 1, 2, 2, 3, 4, 4, 3, 2, 4, 3, 3, 2, 2, 1, 2, 3, 2, 1, 4, 4, 1, 4, 1, 2, 2, 3, 2, 1, 3, 2, 1, 2, 2, 3, 2, 4, 4, 4, 3, 3, 3, 1, 1, 1, 1, 4, 2, 2, 1, 2, 1, 2, 3, 3] [6, 5, 8, 5, 6, 6, 5, 6, 5, 5, 6, 6, 8, 4, 4, 6, 5, 4, 5, 7, 7, 6, 5, 6, 4, 6, 5, 4, 6, 5, 7, 6, 7, 6, 8, 7, 5, 6, 6, 5, 6, 6, 5, 4, 8, 7, 4, 8, 5, 4, 6, 6, 4, 4, 6, 5, 3, 6, 4, 6, 5, 6, 7, 8, 5, 5, 7, 3, 3, 3, 4, 7, 4, 4, 5, 5, 5, 4, 6, 7]
A_34 59.78999999999999 A 34 [1, 2, 1, 1, 4, 1, 3, 2, 1, 2, 3, 1, 1, 3, 2, 3, 2, 2, 1, 1, 4, 1, 3, 3, 2, 1, 4, 3, 2, 2, 2, 2, 4, 4, 2, 2, 4, 4, 3, 2, 2, 3, 2, 3, 3, 1, 4, 1, 2, 2, 1, 3, 4, 2, 2, 3, 2, 2, 3, 1, 1, 3, 4, 4, 3, 2, 1, 2, 2, 4, 1, 3, 4, 4, 2, 1, 3, 3, 2, 4] [3, 5, 3, 5, 8, 5, 6, 6, 3, 6, 7, 4, 4, 5, 6, 5, 4, 4, 5, 4, 7, 5, 7, 6, 6, 4, 8, 5, 4, 4, 5, 4, 6, 8, 4, 5, 6, 8, 6, 6, 6, 5, 5, 5, 7, 5, 7, 4, 4, 6, 4, 6, 7, 5, 6, 6, 6, 6, 7, 3, 3, 6, 8, 8, 7, 6, 4, 6, 4, 8, 4, 6, 8, 7, 4, 4, 7, 7, 5, 6]
A_35 62.22999999999999 A 35 [3, 4, 2, 1, 1, 2, 1, 1, 1, 1, 4, 1, 1, 4, 1, 2, 2, 1, 3, 4, 2, 2, 1, 1, 2, 4, 1, 1, 1, 1, 1, 3, 1, 3, 2, 4, 4, 1, 4, 2, 4, 2, 3, 3, 3, 3, 2, 4, 3, 1, 2, 1, 2, 2, 3, 1, 3, 2, 3, 2, 1, 4, 3, 2, 2, 3, 3, 1, 2, 2, 3, 2, 3, 3, 3, 1, 3, 1, 2, 3] [7, 7, 6, 3, 4, 5, 3, 4, 4, 4, 7, 3, 4, 6, 3, 6, 6, 4, 5, 7, 5, 6, 3, 4, 6, 8, 3, 3, 5, 3, 3, 7, 3, 7, 5, 7, 7, 3, 7, 5, 7, 6, 6, 6, 7, 7, 6, 8, 6, 4, 6, 4, 6, 6, 5, 3, 6, 6, 5, 4, 5, 8, 7, 4, 5, 6, 7, 5, 4, 6, 7, 5, 6, 5, 5, 4, 6, 5, 6, 6]
A_36 63.23999999999999 A 36 [3, 1, 1, 4, 3, 2, 3, 1, 3, 3, 4, 2, 3, 1, 4, 1, 2, 4, 4, 4, 4, 2, 4, 2, 2, 2, 2, 2, 3, 4, 1, 1, 4, 3, 4, 4, 4, 3, 4, 4, 3, 1, 3, 2, 3, 1, 3, 2, 3, 2, 2, 1, 3, 1, 2, 1, 2, 1, 4, 3, 2, 3, 2, 1, 2, 1, 3, 2, 2, 3, 1, 3, 3, 2, 2, 2, 4, 2, 1, 3] [7, 3, 5, 7, 5, 5, 7, 4, 7, 7, 7, 6, 6, 3, 6, 5, 5, 6, 8, 8, 7, 6, 8, 4, 5, 4, 5, 6, 7, 8, 4, 3, 8, 5, 6, 7, 7, 6, 6, 7, 5, 4, 5, 4, 5, 3, 6, 4, 5, 4, 4, 3, 7, 4, 6, 3, 4, 3, 8, 5, 4, 7, 5, 4, 6, 4, 5, 5, 6, 5, 4, 7, 5, 4, 5, 4, 6, 5, 3, 6]
A_37 64.23999999999998 A 37 [3, 4, 4, 4, 3, 3, 2, 2, 4, 3, 2, 3, 3, 1, 2, 4, 4, 4, 4, 4, 4, 1, 3, 2, 1, 4, 4, 4, 1, 3, 4, 2, 3, 2, 4, 1, 3, 1, 3, 2, 4, 4, 4, 2, 4, 1, 4, 3, 2, 4, 1, 3, 1, 4, 2, 1, 4, 1, 4, 3, 4, 1, 4, 2, 1, 2, 4, 3, 3, 4, 3, 1, 4, 3, 1, 4, 1, 4, 2, 4] [7, 8, 8, 6, 7, 7, 5, 5, 7, 6, 6, 6, 6, 4, 5, 7, 6, 8, 7, 6, 8, 5, 6, 6, 3, 6, 8, 8, 3, 5, 8, 5, 5, 6, 8, 3, 6, 3, 5, 6, 8, 6, 6, 5, 7, 5, 8, 7, 4, 7, 4, 5, 3, 7, 4, 3, 6, 3, 7, 6, 6, 3, 7, 4, 4, 5, 8, 7, 6, 7, 5, 3, 6, 6, 5, 6, 4, 7, 4, 6]
A_38 65.95999999999998 A 38 [2, 2, 3, 3, 3, 2, 1, 3, 4, 4, 3, 3, 3, 1, 1, 3, 1, 1, 2, 3, 1, 2, 4, 1, 4, 4, 4, 2, 4, 3, 1, 3, 3, 2, 3, 4, 4, 3, 3, 4, 2, 2, 1, 1, 1, 4, 2, 3, 4, 4, 3, 4, 1, 2, 2, 1, 3, 3, 1, 3, 3, 2, 4, 3, 2, 4, 1, 3, 4, 1, 1, 1, 1, 4, 2, 2, 2, 1, 1, 4] [4, 4, 5, 7, 7, 5, 5, 5, 8, 8, 6, 7, 5, 5, 3, 5, 3, 4, 5, 5, 3, 6, 7, 5, 8, 8, 7, 5, 7, 6, 3, 5, 7, 6, 6, 7, 6, 5, 6, 6, 5, 5, 3, 5, 3, 7, 4, 7, 7, 8, 7, 8, 5, 4, 4, 4, 7, 5, 3, 5, 5, 6, 8, 5, 6, 7, 3, 7, 7, 3, 5, 5, 4, 8, 5, 5, 4, 5, 3, 8]
A_39 66.95999999999998 A 39 [1, 1, 3, 4, 3, 1, 4, 4, 4, 1, 3, 4, 3, 4, 4, 2, 3, 2, 1, 1, 3, 2, 3, 3, 1, 3, 2, 4, 1, 1, 1, 1, 2, 1, 2, 2, 4, 2, 4, 1, 4, 3, 3, 2, 4, 2, 1, 1, 2, 1, 1, 1, 3, 3, 2, 1, 3, 4, 2, 4, 3, 4, 2, 1, 2, 4, 2, 4, 3, 1, 2, 4, 2, 2, 1, 2, 4, 2, 3, 4] [4, 5, 7, 8, 5, 4, 8, 8, 8, 5, 5, 7, 6, 6, 6, 4, 5, 6, 3, 4, 6, 4, 6, 7, 5, 5, 5, 8, 4, 4, 3, 5, 4, 5, 6, 5, 7, 6, 6, 5, 7, 7, 6, 5, 8, 5, 3, 5, 6, 4, 3, 5, 5, 5, 6, 3, 5, 6, 5, 7, 5, 8, 4, 4, 5, 6, 6, 6, 5, 4, 4, 7, 6, 4, 4, 5, 6, 4, 5, 6]
B_0 1 B 40 [2, 3, 1, 2, 3, 3, 3, 3, 3, 3, 3, 1, 4, 4, 2, 1, 4, 1, 1, 1, 4, 4, 1, 1, 1, 3, 1, 2, 3, 3, 2, 2, 3, 2, 2, 4, 3, 4, 2, 4, 3, 3, 1, 1, 1, 4, 4, 1, 4, 1, 4, 4, 3, 3, 2, 1, 1, 2, 2, 3, 3, 4, 3, 4, 1, 1, 2, 2, 3, 3, 4, 2, 3, 2, 4, 2, 1, 3, 4, 3] [6, 5, 4, 5, 5, 6, 6, 7, 7, 6, 5, 5, 8, 8, 5, 5, 6, 4, 5, 4, 8, 8, 5, 3, 3, 5, 3, 5, 5, 7, 6, 5, 5, 6, 6, 7, 5, 8, 5, 7, 6, 7, 4, 4, 4, 7, 7, 4, 7, 3, 6, 7, 6, 7, 6, 3, 5, 5, 6, 5, 5, 8, 7, 8, 5, 5, 4, 5, 6, 6, 6, 4, 6, 4, 6, 6, 4, 7, 7, 7]
B_1 3.87 B 41 [2, 1, 2, 4, 4, 2, 1, 3, 3, 4, 2, 3, 2, 2, 2, 2, 1, 2, 3, 3, 3, 2, 3, 2, 2, 1, 4, 1, 2, 2, 4, 3, 1, 3, 3, 2, 1, 4, 2, 3, 3, 3, 3, 4, 4, 3, 3, 3, 3, 4, 1, 1, 3, 2, 3, 4, 4, 3, 4, 2, 3, 2, 1, 1, 1, 2, 4, 2, 1, 3, 4, 1, 3, 2, 4, 4, 2, 1, 1, 4] [6, 3, 6, 7, 6, 4, 3, 6, 7, 6, 6, 7, 5, 5, 4, 6, 5, 5, 7, 7, 7, 4, 7, 5, 5, 4, 6, 5, 5, 6, 7, 6, 5, 6, 5, 6, 4, 6, 5, 7, 7, 7, 7, 6, 7, 5, 6, 7, 6, 8, 5, 5, 5, 4, 6, 7, 8, 7, 7, 4, 7, 6, 4, 4, 4, 4, 7, 6, 3, 6, 7, 5, 6, 4, 6, 7, 5, 4, 4, 6]
B_2 8.02 B 42 [2, 4, 3, 1, 1, 2, 4, 2, 1, 2, 1, 4, 1, 2, 2, 3, 3, 3, 4, 1, 4, 3, 1, 2, 3, 3, 3, 2, 4, 2, 1, 3, 3, 2, 2, 3, 3, 4, 1, 3, 1, 3, 2, 1, 4, 3, 1, 1, 3, 3, 3, 4, 4, 1, 3, 2, 1, 4, 3, 2, 1, 4, 3, 3, 3, 1, 4, 1, 4, 4, 2, 3, 1, 2, 2, 3, 3, 1, 2, 2] [5, 7, 6, 5, 4, 6, 7, 4, 5, 4, 5, 7, 5, 5, 5, 6, 6, 6, 6, 4, 6, 7, 4, 5, 6, 6, 7, 5, 7, 5, 3, 6, 7, 5, 5, 6, 5, 6, 3, 6, 4, 7, 4, 5, 6, 6, 5, 3, 5, 6, 6, 8, 7, 4, 5, 5, 3, 6, 5, 5, 5, 6, 7, 7, 7, 5, 6, 3, 6, 6, 6, 6, 4, 5, 6, 7, 7, 3, 6, 4]
B_3 14.44 B 43 [1, 3, 3, 4, 3, 3, 3, 3, 1, 3, 2, 1, 1, 3, 3, 1, 2, 1, 2, 3, 1, 3, 4, 1, 2, 4, 2, 3, 1, 4, 3, 2, 2, 1, 3, 3, 2, 2, 1, 2, 1, 4, 1, 2, 2, 3, 4, 2, 2, 1, 1, 4, 1, 1, 4, 3, 2, 3, 1, 2, 3, 3, 2, 4, 1, 4, 1, 4, 2, 2, 4, 4, 3, 4, 1, 3, 1, 1, 3, 3] [5, 6, 7, 6, 5, 5, 5, 6, 5, 5, 5, 4, 5, 5, 6, 4, 6, 5, 5, 5, 3, 6, 7, 3, 4, 8, 6, 7, 3, 6, 5, 4, 5, 4, 5, 6, 4, 5, 5, 5, 4, 6, 5, 4, 4, 6, 8, 5, 4, 5, 4, 8, 3, 5, 7, 5, 4, 7, 3, 4, 6, 7, 4, 8, 5, 6, 3, 7, 6, 4, 6, 6, 7, 8, 4, 6, 4, 4, 6, 7]
B_4 16.77 B 44 [2, 3, 2, 4, 2, 2, 3, 3, 1, 2, 1, 4, 1, 1, 4, 4, 4, 3, 1, 1, 3, 4, 3, 2, 2, 4, 3, 3, 1, 3, 3, 3, 3, 4, 3, 3, 3, 4, 1, 4, 1, 4, 4, 2, 3, 2, 3, 2, 1, 3, 4, 4, 4, 1, 2, 4, 1, 2, 3, 1, 4, 2, 4, 1, 4, 1, 1, 4, 4, 1, 2, 3, 3, 4, 4, 4, 3, 1, 4, 2] [5, 5, 6, 6, 6, 4, 7, 5, 3, 4, 3, 6, 4, 4, 7, 8, 6, 5, 4, 3, 7, 7, 7, 4, 4, 7, 6, 6, 3, 6, 5, 5, 6, 8, 7, 7, 5, 7, 3, 8, 4, 7, 6, 4, 5, 6, 5, 4, 4, 5, 7, 7, 8, 3, 5, 8, 5, 4, 7, 4, 7, 4, 6, 3, 8, 3, 4, 6, 8, 5, 5, 5, 5, 7, 6, 7, 5, 3, 7, 5]
B_5 19.33 B 45 [3, 2, 3, 2, 4, 3, 2, 2, 3, 1, 1, 1, 3, 1, 4, 1, 1, 3, 3, 4, 4, 2, 2, 4, 2, 1, 3, 4, 2, 2, 2, 2, 1, 4, 1, 3, 1, 1, 4, 2, 4, 3, 3, 3, 2, 1, 4, 3, 2, 4, 4, 4, 2, 2, 2, 4, 2, 3, 1, 3, 2, 3, 2, 3, 4, 3, 4, 2, 2, 4, 4, 2, 2, 2, 1, 2, 1, 2, 1, 2] [6, 4, 5, 6, 8, 5, 6, 5, 6, 5, 5, 3, 5, 3, 7, 3, 5, 6, 7, 6, 7, 5, 4, 8, 5, 5, 6, 6, 4, 5, 4, 6, 5, 7, 5, 7, 3, 5, 7, 5, 7, 5, 6, 6, 6, 5, 6, 7, 6, 7, 8, 8, 6, 5, 5, 6, 6, 6, 4, 7, 5, 6, 5, 5, 8, 7, 6, 6, 4, 8, 8, 5, 5, 4, 5, 5, 4, 4, 5, 4]
B_6 20.33 B 46 [2, 3, 3, 2, 3, 4, 3, 1, 3, 2, 2, 3, 4, 4, 3, 1, 4, 1, 3, 1, 2, 1, 4, 3, 1, 3, 4, 1, 4, 4, 2, 4, 1, 1, 4, 2, 3, 4, 2, 1, 4, 3, 1, 4, 3, 4, 4, 1, 2, 3, 3, 1, 1, 4, 3, 3, 4, 2, 2, 3, 3, 4, 4, 2, 1, 4, 1, 1, 4, 2, 2, 1, 1, 2, 4, 3, 2, 2, 3, 1] [5, 7, 5, 4, 5, 6, 6, 4, 6, 6, 5, 6, 8, 8, 5, 4, 7, 4, 6, 3, 4, 3, 6, 6, 5, 7, 7, 5, 7, 6, 5, 6, 3, 4, 7, 6, 6, 8, 4, 3, 7, 6, 5, 8, 5, 6, 8, 5, 5, 6, 6, 4, 5, 6, 7, 7, 8, 4, 6, 5, 5, 7, 6, 6, 4, 7, 3, 5, 8, 5, 4, 4, 4, 4, 7, 5, 6, 5, 7, 5]
B_7 21.33 B 47 [4, 1, 1, 1, 4, 1, 3, 2, 1, 3, 2, 3, 2, 1, 4, 4, 3, 3, 1, 4, 2, 3, 2, 4, 1, 1, 2, 3, 4, 3, 2, 2, 1, 4, 1, 4, 2, 3, 3, 1, 1, 3, 1, 2, 2, 3, 1, 3, 1, 1, 3, 4, 3, 1, 4, 1, 2, 1, 1, 1, 2, 4, 3, 4, 1, 3, 3, 4, 1, 3, 2, 4, 3, 3, 3, 1, 3, 1, 3, 4] [7, 3, 5, 5, 8, 5, 6, 6, 4, 7, 6, 6, 6, 3, 6, 6, 6, 5, 3, 7, 4, 7, 5, 8, 3, 3, 5, 5, 6, 6, 4, 4, 4, 8, 4, 8, 4, 7, 7, 5, 4, 7, 3, 5, 4, 7, 5, 6, 5, 3, 6, 7, 5, 5, 6, 3, 4, 5, 4, 4, 5, 7, 6, 7, 4, 5, 5, 8, 3, 7, 5, 7, 5, 5, 7, 4, 5, 5, 7, 6]
B_8 25.119999999999997 B 48 [4, 3, 2, 3, 2, 2, 4, 1, 4, 1, 1, 4, 3, 1, 4, 2, 4, 4, 2, 1, 3, 1, 3, 2, 2, 4, 4, 2, 2, 2, 4, 3, 1, 1, 2, 3, 3, 2, 4, 2, 4, 3, 3, 2, 1, 2, 2, 1, 1, 3, 4, 2, 4, 4, 3, 1, 3, 2, 4, 4, 1, 1, 1, 1, 4, 3, 3, 4, 1, 1, 3, 3, 3, 1, 1, 4, 3, 2, 3, 4] [6, 5, 4, 5, 6, 6, 8, 3, 8, 4, 4, 8, 7, 3, 8, 4, 6, 8, 5, 5, 5, 5, 5, 4, 6, 6, 6, 5, 5, 4, 8, 5, 4, 5, 4, 6, 5, 4, 7, 6, 7, 6, 5, 4, 4, 6, 5, 5, 5, 6, 7, 4, 7, 8, 6, 3, 6, 5, 7, 8, 4, 5, 4, 4, 8, 5, 5, 7, 3, 4, 5, 5, 6, 5, 4, 6, 7, 6, 6, 8]
B_9 27.549999999999997 B 49 [3, 3, 2, 3, 1, 2, 4, 4, 4, 3, 1, 2, 2, 3, 1, 2, 3, 4, 3, 4, 2, 2, 4, 1, 1, 3, 3, 4, 2, 2, 3, 2, 3, 2, 2, 1, 2, 4, 4, 1, 1, 4, 3, 1, 3, 4, 3, 1, 3, 1, 2, 2, 1, 3, 3, 4, 2, 2, 1, 2, 1, 4, 2, 2, 3, 4, 2, 4, 3, 4, 4, 2, 2, 2, 3, 4, 2, 1, 1, 4] [5, 5, 6, 5, 4, 5, 7, 7, 6, 7, 5, 6, 4, 6, 5, 5, 7, 8, 7, 8, 4, 6, 7, 3, 4, 6, 5, 6, 6, 4, 7, 5, 7, 4, 6, 4, 4, 7, 8, 4, 3, 8, 6, 5, 5, 7, 6, 3, 6, 3, 6, 4, 3, 7, 7, 8, 6, 4, 5, 6, 3, 8, 4, 6, 6, 7, 5, 8, 6, 6, 7, 6, 6, 5, 7, 8, 6, 3, 4, 7]
B_10 28.549999999999997 B 50 [3, 4, 1, 2, 3, 4, 4, 4, 4, 3, 1, 3, 3, 4, 2, 2, 4, 4, 2, 1, 2, 1, 3, 2, 3, 4, 3, 3, 2, 1, 2, 1, 3, 2, 1, 2, 2, 1, 3, 1, 4, 1, 3, 1, 4, 4, 3, 3, 4, 2, 4, 4, 2, 1, 4, 1, 2, 3, 2, 2, 2, 4, 2, 3, 2, 2, 3, 1, 2, 3, 2, 2, 2, 4, 1, 1, 2, 3, 3, 2] [5, 6, 3, 4, 7, 6, 8, 7, 6, 6, 3, 7, 6, 6, 4, 5, 6, 8, 4, 4, 5, 5, 7, 5, 6, 6, 7, 7, 6, 3, 6, 4, 5, 6, 4, 6, 4, 4, 7, 3, 6, 5, 6, 4, 7, 8, 6, 6, 7, 6, 6, 8, 5, 4, 6, 4, 4, 5, 4, 6, 4, 6, 4, 7, 6, 4, 5, 5, 4, 7, 4, 6, 4, 6, 3, 4, 6, 7, 5, 6]
B_11 29.549999999999997 B 51 [1, 3, 2, 2, 2, 1, 1, 1, 3, 2, 2, 3, 3, 1, 3, 4, 3, 4, 4, 2, 4, 2, 4, 3, 1, 1, 1, 4, 4, 4, 1, 4, 1, 3, 3, 1, 1, 3, 4, 1, 4, 1, 4, 4, 4, 4, 1, 4, 2, 2, 4, 2, 3, 3, 2, 3, 4, 1, 3, 3, 1, 2, 4, 1, 1, 4, 3, 1, 1, 3, 4, 2, 2, 1, 4, 4, 1, 2, 3, 1] [5, 5, 5, 4, 5, 5, 5, 3, 6, 6, 5, 6, 6, 3, 5, 8, 5, 8, 6, 4, 7, 6, 6, 5, 5, 3, 5, 7, 6, 6, 3, 7, 3, 6, 6, 4, 3, 5, 8, 5, 7, 5, 8, 8, 7, 8, 4, 7, 4, 4, 8, 4, 6, 7, 6, 5, 6, 5, 6, 5, 4, 6, 6, 5, 4, 7, 7, 3, 4, 7, 7, 4, 5, 5, 7, 7, 5, 4, 7, 4]
B_12 31.49 B 52 [4, 2, 4, 3, 4, 3, 2, 3, 4, 3, 1, 3, 3, 1, 1, 2, 2, 4, 1, 4, 1, 3, 4, 2, 2, 3, 2, 3, 1, 1, 3, 4, 3, 2, 4, 2, 3, 1, 1, 3, 3, 3, 4, 1, 4, 2, 1, 3, 4, 1, 2, 3, 4, 3, 3, 2, 2, 4, 1, 4, 3, 4, 1, 1, 3, 1, 3, 2, 1, 4, 3, 1, 1, 4, 1, 2, 4, 3, 1, 1] [6, 4, 6, 5, 8, 5, 4, 7, 8, 7, 5, 7, 5, 5, 3, 5, 6, 6, 4, 6, 3, 6, 8, 6, 4, 6, 5, 5, 3, 3, 7, 6, 7, 4, 7, 6, 7, 3, 5, 5, 6, 5, 7, 3, 8, 6, 5, 5, 7, 3, 5, 6, 7, 5, 7, 4, 5, 7, 4, 6, 6, 7, 3, 5, 7, 5, 6, 5, 5, 8, 5, 5, 4, 6, 4, 6, 6, 5, 3, 4]
B_13 32.559999999999995 B 53 [2, 4, 2, 3, 4, 4, 2, 3, 4, 3, 4, 1, 2, 1, 2, 1, 2, 2, 2, 2, 1, 1, 2, 2, 1, 2, 4, 3, 4, 1, 1, 3, 2, 1, 2, 2, 1, 4, 2, 3, 3, 2, 1, 1, 1, 2, 4, 1, 4, 3, 1, 3, 3, 4, 2, 3, 2, 1, 1, 1, 2, 3, 1, 1, 4, 2, 3, 4, 2, 1, 3, 2, 2, 1, 3, 2, 2, 3, 1, 2] [4, 6, 5, 6, 7, 8, 5, 7, 6, 7, 6, 3, 5, 5, 5, 5, 4, 4, 6, 6, 4, 4, 6, 4, 5, 5, 7, 6, 7, 3, 4, 5, 6, 4, 5, 6, 4, 7, 4, 5, 7, 4, 4, 5, 3, 5, 6, 5, 8, 7, 4, 7, 5, 7, 4, 6, 6, 5, 5, 4, 4, 7, 3, 3, 8, 5, 7, 7, 4, 3, 5, 6, 5, 5, 7, 4, 5, 7, 4, 6]
B_14 34.779999999999994 B 54 [1, 2, 1, 2, 1, 2, 3, 1, 1, 3, 2, 4, 1, 1, 2, 4, 4, 2, 2, 2, 3, 2, 2, 2, 3, 4, 1, 4, 4, 4, 2, 2, 3, 3, 2, 3, 2, 2, 2, 2, 2, 3, 3, 4, 2, 2, 3, 4, 3, 3, 4, 2, 3, 2, 3, 4, 1, 2, 1, 4, 4, 1, 1, 2, 4, 3, 2, 3, 1, 1, 3, 1, 4, 1, 4, 1, 2, 2, 4, 1] [3, 4, 3, 6, 3, 4, 6, 4, 5, 6, 5, 8, 3, 4, 4, 7, 6, 5, 6, 4, 7, 5, 5, 6, 6, 6, 5, 6, 6, 6, 6, 5, 6, 6, 6, 5, 6, 4, 4, 6, 6, 6, 5, 7, 5, 5, 7, 6, 6, 7, 6, 6, 7, 4, 5, 6, 3, 4, 3, 8, 6, 5, 3, 6, 6, 5, 6, 7, 5, 4, 7, 4, 8, 3, 8, 4, 5, 5, 8, 3]
B_15 36.17999999999999 B 55 [4, 3, 1, 1, 3, 2, 2, 2, 2, 3, 1, 3, 3, 3, 3, 2, 2, 4, 1, 3, 3, 4, 1, 4, 2, 4, 2, 3, 2, 2, 3, 1, 2, 2, 3, 1, 1, 1, 1, 1, 1, 4, 2, 3, 4, 4, 3, 1, 1, 4, 1, 3, 2, 3, 4, 3, 1, 2, 1, 3, 4, 4, 4, 2, 2, 4, 2, 3, 3, 1, 3, 1, 2, 3, 3, 3, 2, 2, 4, 3] [7, 6, 3, 5, 5, 5, 5, 5, 6, 5, 4, 5, 5, 6, 7, 4, 5, 6, 4, 6, 7, 6, 4, 8, 6, 8, 6, 5, 4, 6, 6, 4, 4, 5, 6, 3, 3, 3, 4, 3, 3, 7, 5, 5, 8, 6, 7, 3, 3, 8, 4, 5, 4, 6, 6, 7, 5, 4, 5, 6, 8, 6, 7, 5, 5, 8, 6, 7, 7, 4, 7, 4, 6, 6, 7, 6, 6, 6, 8, 7]
B_16 37.17999999999999 B 56 [1, 3, 3, 2, 3, 2, 3, 3, 4, 1, 4, 2, 2, 4, 1, 4, 3, 1, 1, 1, 4, 3, 1, 1, 4, 1, 4, 1, 3, 3, 2, 1, 1, 1, 2, 3, 2, 4, 3, 3, 1, 4, 1, 2, 1, 2, 4, 2, 3, 2, 2, 4, 2, 2, 1, 1, 1, 4, 3, 3, 3, 3, 4, 3, 3, 3, 4, 1, 2, 4, 3, 2, 2, 3, 4, 2, 2, 4, 1, 1] [3, 6, 5, 6, 7, 6, 6, 5, 7, 3, 6, 4, 5, 6, 4, 6, 5, 5, 5, 4, 8, 6, 5, 5, 8, 4, 6, 4, 6, 5, 5, 3, 5, 3, 6, 6, 4, 6, 7, 5, 5, 8, 3, 4, 5, 6, 8, 4, 6, 6, 4, 6, 5, 6, 3, 5, 5, 8, 7, 7, 7, 6, 7, 7, 7, 7, 6, 4, 6, 7, 5, 4, 5, 7, 6, 4, 5, 6, 4, 3]
B_17 38.17999999999999 B 57 [1, 3, 4, 2, 1, 3, 2, 1, 2, 1, 2, 1, 3, 4, 1, 2, 1, 3, 1, 2, 4, 3, 2, 3, 1, 1, 3, 1, 2, 3, 3, 3, 2, 2, 2, 2, 1, 1, 3, 4, 2, 3, 4, 3, 2, 3, 2, 1, 2, 2, 3, 1, 4, 1, 2, 2, 4, 2, 2, 4, 1, 1, 2, 2, 1, 4, 1, 3, 3, 2, 3, 1, 4, 2, 1, 4, 2, 4, 2, 4] [5, 6, 8, 6, 3, 7, 5, 3, 5, 4, 5, 4, 5, 8, 4, 4, 3, 6, 3, 6, 8, 7, 4, 6, 4, 3, 6, 4, 4, 6, 5, 6, 5, 6, 6, 6, 3, 3, 5, 6, 5, 7, 6, 7, 4, 6, 4, 5, 5, 4, 5, 5, 7, 5, 4, 4, 8, 6, 5, 6, 3, 5, 5, 6, 3, 6, 5, 7, 5, 4, 5, 4, 8, 6, 3, 7, 6, 7, 5, 8]
B_18 41.629999999999995 B 58 [4, 4, 4, 2, 3, 3, 1, 2, 4, 3, 4, 4, 1, 1, 4, 4, 4, 1, 4, 2, 1, 3, 1, 4, 2, 3, 4, 3, 4, 4, 4, 3, 1, 2, 3, 3, 4, 4, 1, 2, 2, 4, 3, 1, 3, 1, 2, 1, 4, 1, 2, 3, 1, 1, 1, 1, 3, 2, 4, 4, 2, 4, 1, 3, 4, 4, 2, 2, 2, 3, 2, 1, 1, 3, 1, 2, 1, 2, 2, 4] [8, 8, 8, 4, 6, 6, 3, 4, 7, 6, 7, 6, 4, 3, 6, 8, 8, 3, 8, 4, 5, 6, 3, 7, 6, 7, 6, 7, 6, 6, 8, 6, 4, 4, 7, 5, 8, 7, 3, 5, 6, 7, 5, 3, 7, 4, 6, 4, 7, 5, 4, 6, 4, 5, 3, 5, 7, 5, 8, 7, 5, 8, 5, 6, 7, 8, 5, 6, 4, 5, 5, 4, 4, 6, 3, 5, 5, 6, 6, 7]
B_19 42.629999999999995 B 59 [3, 1, 4, 2, 4, 4, 1, 1, 1, 2, 2, 3, 4, 1, 3, 2, 2, 2, 3, 2, 2, 1, 3, 3, 4, 3, 4, 3, 1, 3, 4, 4, 1, 3, 1, 2, 3, 3, 3, 4, 3, 2, 2, 2, 1, 3, 3, 1, 4, 2, 2, 3, 4, 1, 4, 3, 3, 4, 4, 4, 2, 4, 2, 4, 2, 3, 3, 3, 3, 4, 3, 2, 4, 2, 4, 4, 1, 2, 1, 2] [6, 4, 6, 5, 7, 6, 4, 3, 3, 4, 5, 5, 8, 4, 6, 5, 5, 5, 6, 5, 6, 4, 5, 6, 8, 6, 7, 5, 4, 6, 8, 6, 4, 6, 3, 4, 5, 6, 5, 7, 5, 4, 5, 4, 4, 7, 5, 4, 8, 6, 6, 5, 6, 4, 8, 6, 7, 6, 7, 7, 5, 6, 6, 8, 4, 7, 5, 5, 5, 7, 5, 4, 8, 6, 7, 6, 5, 5, 5, 5]
B_20 43.629999999999995 B 60 [1, 3, 3, 2, 4, 2, 3, 3, 1, 3, 4, 3, 2, 2, 1, 3, 4, 1, 4, 1, 2, 1, 4, 4, 1, 2, 4, 2, 3, 4, 4, 3, 2, 2, 1, 1, 2, 4, 3, 3, 3, 3, 1, 3, 4, 2, 3, 2, 1, 1, 2, 1, 3, 2, 4, 4, 3, 1, 2, 2, 3, 1, 2, 4, 2, 3, 2, 4, 2, 1, 2, 3, 3, 4, 3, 4, 2, 2, 2, 3] [4, 6, 6, 4, 6, 6, 5, 7, 3, 6, 8, 7, 5, 6, 5, 7, 6, 4, 7, 3, 4, 5, 6, 7, 5, 5, 7, 5, 6, 6, 7, 5, 5, 5, 3, 5, 4, 6, 5, 5, 5, 7, 5, 6, 7, 5, 5, 5, 4, 3, 4, 4, 6, 4, 6, 8, 7, 3, 5, 5, 6, 5, 4, 8, 6, 7, 6, 7, 6, 5, 4, 7, 5, 7, 5, 8, 5, 6, 4, 7]
B_21 44.629999999999995 B 61 [3, 3, 1, 4, 3, 1, 1, 4, 1, 4, 4, 1, 3, 4, 1, 2, 3, 2, 4, 3, 4, 3, 3, 1, 4, 3, 3, 1, 4, 1, 2, 3, 2, 4, 3, 4, 3, 1, 2, 4, 4, 2, 4, 3, 2, 3, 4, 4, 1, 4, 4, 2, 4, 3, 1, 4, 3, 1, 4, 4, 1, 1, 2, 3, 4, 3, 1, 4, 2, 1, 4, 2, 2, 4, 4, 2, 4, 3, 2, 3] [7, 7, 4, 8, 7, 3, 4, 6, 5, 6, 7, 5, 5, 7, 5, 4, 5, 5, 8, 6, 7, 7, 7, 5, 7, 6, 5, 4, 6, 4, 4, 7, 5, 6, 6, 8, 7, 3, 6, 8, 8, 6, 6, 7, 4, 6, 7, 7, 5, 8, 6, 6, 7, 7, 5, 6, 6, 5, 8, 6, 5, 3, 6, 5, 6, 6, 3, 6, 5, 3, 6, 5, 6, 8, 7, 6, 8, 6, 6, 6]
B_22 45.629999999999995 B 62 [2, 2, 1, 4, 1, 2, 3, 2, 3, 1, 2, 3, 2, 4, 4, 1, 2, 1, 2, 3, 1, 1, 2, 1, 3, 1, 4, 2, 2, 4, 3, 1, 1, 4, 4, 3, 2, 4, 4, 2, 3, 1, 3, 2, 4, 2, 4, 3, 1, 2, 2, 4, 1, 1, 1, 4, 4, 2, 1, 2, 2, 2, 3, 1, 2, 2, 3, 4, 4, 2, 2, 2, 2, 4, 3, 4, 1, 4, 2, 3] [6, 4, 4, 7, 3, 4, 7, 4, 6, 3, 6, 7, 6, 6, 8, 5, 6, 4, 4, 5, 4, 5, 4, 3, 6, 3, 7, 5, 5, 6, 5, 4, 3, 7, 8, 7, 5, 7, 8, 4, 7, 4, 7, 4, 6, 5, 6, 6, 4, 4, 4, 6, 3, 3, 3, 7, 7, 5, 5, 6, 4, 6, 5, 4, 5, 5, 6, 6, 8, 4, 6, 4, 6, 8, 7, 6, 4, 6, 6, 7]
B_23 46.629999999999995 B 63 [3, 4, 1, 1, 2, 4, 1, 1, 4, 1, 3, 2, 3, 1, 1, 2, 4, 3, 3, 1, 3, 2, 1, 1, 4, 4, 3, 3, 3, 3, 1, 1, 4, 4, 4, 2, 1, 2, 3, 1, 4, 1, 3, 4, 1, 3, 2, 4, 1, 2, 3, 1, 1, 1, 2, 2, 3, 2, 3, 4, 4, 3, 1, 3, 3, 4, 3, 1, 1, 3, 1, 3, 1, 2, 4, 3, 4, 2, 3, 1] [6, 8, 5, 3, 4, 7, 4, 5, 7, 4, 5, 6, 5, 4, 3, 5, 7, 7, 5, 5, 6, 6, 3, 4, 6, 8, 6, 7, 5, 5, 4, 4, 7, 8, 8, 4, 4, 4, 5, 4, 8, 4, 7, 8, 3, 5, 6, 7, 4, 6, 7, 5, 5, 3, 6, 5, 7, 6, 6, 8, 8, 5, 4, 5, 6, 8, 5, 3, 4, 7, 3, 7, 3, 4, 6, 6, 6, 4, 7, 5]
B_24 47.629999999999995 B 64 [3, 3, 1, 2, 3, 3, 3, 4, 1, 2, 2, 2, 1, 2, 3, 1, 2, 2, 4, 2, 1, 1, 1, 4, 2, 4, 4, 2, 2, 2, 2, 3, 3, 3, 3, 2, 2, 1, 2, 2, 1, 1, 3, 1, 4, 4, 1, 1, 4, 3, 2, 1, 3, 4, 4, 2, 3, 1, 4, 2, 2, 4, 2, 3, 1, 2, 3, 3, 1, 1, 2, 4, 4, 3, 2, 4, 1, 1, 3, 3] [7, 5, 3, 5, 7, 7, 6, 6, 3, 4, 4, 6, 5, 6, 5, 5, 6, 6, 8, 5, 3, 5, 3, 6, 4, 7, 7, 6, 5, 6, 4, 6, 7, 5, 7, 5, 6, 4, 6, 5, 5, 4, 7, 5, 8, 8, 4, 4, 8, 6, 6, 4, 7, 8, 6, 5, 7, 3, 7, 4, 6, 6, 5, 6, 3, 4, 5, 7, 5, 3, 6, 8, 8, 7, 6, 7, 3, 5, 6, 6]
B_25 48.629999999999995 B 65 [1, 4, 4, 2, 1, 2, 3, 3, 3, 1, 2, 3, 1, 1, 2, 4, 1, 1, 3, 4, 1, 1, 3, 2, 4, 4, 3, 1, 4, 2, 3, 4, 1, 3, 2, 3, 1, 2, 4, 4, 1, 2, 1, 4, 1, 3, 4, 3, 3, 4, 2, 4, 1, 2, 3, 4, 3, 4, 4, 3, 3, 3, 2, 4, 2, 3, 4, 3, 1, 4, 2, 4, 1, 4, 3, 3, 3, 1, 3, 3] [4, 7, 6, 5, 3, 5, 6, 6, 5, 5, 6, 7, 5, 4, 5, 7, 4, 3, 5, 7, 3, 3, 7, 6, 7, 8, 7, 4, 8, 5, 6, 7, 5, 5, 6, 6, 4, 5, 7, 6, 5, 4, 5, 6, 3, 7, 7, 5, 5, 7, 4, 7, 5, 5, 5, 8, 7, 6, 8, 7, 7, 6, 5, 8, 4, 5, 8, 6, 3, 7, 5, 8, 5, 8, 6, 5, 5, 3, 5, 7]
B_26 49.629999999999995 B 66 [4, 4, 1, 2, 2, 4, 4, 2, 1, 2, 2, 2, 1, 2, 2, 2, 1, 4, 3, 2, 4, 4, 1, 1, 1, 4, 4, 1, 2, 1, 4, 1, 3, 3, 1, 3, 3, 4, 1, 2, 2, 4, 4, 1, 1, 4, 1, 3, 3, 2, 3, 3, 3, 3, 2, 2, 4, 1, 2, 3, 2, 1, 3, 3, 3, 4, 2, 2, 2, 3, 3, 2, 2, 2, 2, 3, 3, 2, 4, 1] [7, 7, 3, 5, 6, 8, 6, 5, 4, 6, 6, 5, 5, 6, 5, 5, 5, 8, 6, 4, 8, 7, 5, 3, 5, 8, 7, 4, 6, 3, 6, 5, 7, 7, 4, 7, 5, 8, 3, 6, 4, 7, 6, 3, 4, 6, 3, 5, 5, 5, 5, 7, 6, 7, 6, 6, 6, 5, 5, 5, 6, 3, 6, 5, 5, 8, 6, 5, 5, 7, 7, 4, 4, 6, 6, 6, 5, 6, 6, 3]
B_27 50.629999999999995 B 67 [2, 3, 1, 3, 1, 2, 2, 3, 3, 3, 1, 3, 1, 2, 3, 1, 4, 4, 4, 2, 3, 1, 1, 4, 2, 3, 1, 1, 1, 4, 2, 4, 1, 1, 2, 1, 2, 3, 3, 4, 2, 2, 1, 4, 4, 2, 1, 4, 4, 4, 1, 1, 2, 4, 3, 3, 1, 3, 2, 3, 4, 4, 4, 1, 3, 3, 2, 1, 2, 1, 1, 1, 4, 2, 4, 2, 1, 4, 2, 4] [6, 5, 4, 6, 5, 5, 5, 5, 6, 7, 3, 7, 5, 5, 5, 3, 7, 6, 7, 4, 6, 5, 5, 8, 6, 6, 4, 5, 3, 7, 4, 6, 5, 3, 6, 5, 5, 7, 7, 6, 5, 6, 3, 7, 6, 6, 5, 8, 7, 8, 5, 3, 5, 7, 7, 7, 4, 7, 6, 5, 7, 6, 6, 3, 7, 6, 5, 4, 6, 3, 5, 4, 6, 5, 7, 4, 3, 7, 6, 6]
B_28 52.24999999999999 B 68 [2, 2, 4, 2, 4, 1, 4, 1, 1, 3, 1, 3, 2, 4, 2, 1, 3, 4, 2, 1, 1, 4, 3, 2, 4, 3, 1, 1, 1, 4, 4, 3, 3, 1, 2, 2, 2, 3, 4, 3, 3, 1, 4, 2, 4, 2, 4, 1, 1, 3, 2, 1, 1, 2, 1, 3, 2, 3, 2, 3, 2, 2, 4, 1, 1, 1, 2, 2, 1, 2, 1, 3, 1, 4, 4, 4, 3, 3, 2, 3] [4, 4, 6, 5, 8, 5, 6, 5, 5, 5, 3, 6, 4, 6, 5, 5, 6, 7, 5, 3, 5, 6, 7, 5, 7, 7, 5, 4, 5, 6, 6, 6, 7, 3, 4, 4, 6, 6, 7, 5, 6, 3, 6, 6, 8, 4, 8, 3, 3, 6, 4, 4, 5, 4, 5, 7, 6, 5, 4, 5, 6, 5, 8, 4, 5, 3, 5, 6, 3, 4, 5, 6, 5, 8, 6, 8, 6, 7, 5, 6]
B_29 53.24999999999999 B 69 [1, 4, 2, 2, 2, 4, 4, 2, 3, 2, 3, 2, 3, 1, 4, 3, 1, 1, 1, 2, 2, 4, 1, 3, 2, 3, 3, 3, 4, 2, 4, 1, 3, 1, 4, 2, 3, 4, 1, 1, 3, 3, 4, 2, 1, 4, 2, 3, 1, 4, 3, 3, 4, 1, 1, 1, 4, 2, 3, 4, 1, 1, 2, 3, 1, 4, 3, 1, 2, 3, 1, 1, 1, 1, 3, 1, 4, 2, 4, 1] [4, 6, 4, 6, 5, 8, 6, 5, 5, 4, 5, 4, 6, 5, 6, 5, 5, 4, 3, 4, 4, 8, 3, 5, 6, 6, 7, 6, 8, 4, 7, 5, 7, 3, 8, 6, 5, 7, 3, 4, 6, 6, 6, 4, 5, 8, 5, 7, 4, 6, 7, 7, 8, 3, 4, 4, 7, 4, 5, 7, 5, 3, 4, 7, 3, 7, 7, 3, 4, 7, 3, 5, 3, 3, 5, 4, 7, 5, 8, 4]
B_30 54.24999999999999 B 70 [1, 2, 1, 4, 2, 1, 2, 1, 1, 2, 2, 2, 3, 1, 2, 1, 3, 3, 3, 3, 4, 1, 3, 2, 3, 2, 1, 4, 2, 1, 1, 1, 2, 1, 1, 3, 1, 3, 1, 2, 4, 4, 2, 4, 2, 4, 2, 2, 3, 4, 2, 4, 3, 3, 3, 3, 3, 3, 2, 3, 2, 4, 2, 1, 2, 2, 3, 1, 1, 1, 1, 3, 3, 4, 3, 4, 4, 2, 4, 2] [5, 6, 5, 7, 6, 4, 5, 5, 3, 4, 5, 4, 7, 3, 6, 3, 7, 6, 7, 5, 6, 3, 7, 4, 7, 5, 4, 6, 4, 4, 4, 3, 5, 4, 4, 7, 4, 5, 5, 4, 6, 7, 6, 6, 5, 8, 4, 5, 5, 7, 4, 7, 5, 5, 7, 7, 5, 5, 5, 5, 4, 6, 6, 3, 6, 5, 7, 5, 5, 3, 4, 5, 5, 7, 7, 8, 8, 4, 8, 4]
B_31 55.79999999999999 B 71 [2, 3, 3, 1, 2, 3, 1, 1, 1, 3, 1, 1, 4, 2, 2, 1, 3, 4, 2, 1, 4, 4, 4, 2, 1, 3, 1, 3, 2, 4, 3, 1, 1, 4, 3, 2, 3, 1, 1, 4, 2, 1, 3, 4, 3, 2, 1, 4, 3, 2, 2, 2, 1, 2, 1, 1, 2, 1, 1, 2, 3, 2, 2, 3, 4, 4, 2, 1, 3, 1, 3, 4, 1, 2, 4, 4, 3, 3, 3, 4] [5, 6, 6, 3, 6, 5, 3, 4, 4, 6, 5, 3, 7, 4, 5, 4, 6, 6, 6, 5, 7, 6, 8, 5, 3, 6, 3, 5, 6, 8, 6, 4, 5, 7, 6, 5, 7, 3, 5, 7, 4, 5, 6, 6, 5, 5, 4, 7, 5, 6, 6, 4, 5, 6, 4, 4, 4, 4, 4, 4, 7, 5, 4, 7, 8, 8, 4, 4, 6, 5, 5, 7, 4, 5, 6, 8, 5, 5, 6, 8]
B_32 56.79999999999999 B 72 [2, 2, 1, 2, 1, 1, 4, 3, 4, 3, 2, 1, 2, 1, 2, 4, 2, 4, 3, 4, 3, 1, 3, 2, 3, 4, 2, 1, 1, 3, 2, 2, 1, 2, 4, 3, 3, 4, 1, 2, 3, 3, 1, 3, 3, 2, 1, 3, 3, 2, 2, 2, 1, 2, 4, 2, 2, 4, 1, 4, 3, 2, 2, 1, 4, 1, 2, 4, 1, 1, 3, 1, 1, 2, 2, 3, 4, 2, 1, 1] [4, 5, 3, 6, 4, 5, 7, 7, 7, 7, 6, 3, 4, 4, 6, 8, 6, 7, 6, 8, 6, 4, 6, 5, 7, 7, 6, 3, 5, 5, 5, 6, 3, 4, 8, 6, 5, 6, 4, 6, 6, 6, 4, 7, 5, 5, 4, 5, 6, 6, 4, 5, 4, 5, 8, 6, 5, 8, 4, 8, 5, 6, 6, 3, 8, 5, 4, 6, 5, 3, 5, 4, 5, 5, 6, 5, 7, 6, 3, 3]
B_33 58.67999999999999 B 73 [2, 4, 2, 1, 4, 3, 4, 4, 4, 3, 3, 4, 3, 3, 1, 1, 3, 2, 3, 4, 2, 3, 1, 4, 3, 4, 4, 3, 4, 2, 2, 3, 4, 2, 4, 3, 2, 3, 4, 2, 2, 2, 2, 4, 4, 2, 2, 3, 1, 2, 4, 1, 4, 1, 1, 3, 3, 2, 3, 2, 4, 4, 4, 2, 3, 4, 2, 2, 4, 1, 4, 2, 2, 2, 4, 3, 1, 1, 3, 4] [5, 7, 5, 4, 7, 5, 6, 6, 8, 5, 7, 8, 5, 7, 3, 4, 5, 5, 6, 7, 4, 6, 4, 6, 6, 7, 8, 6, 6, 4, 5, 7, 7, 4, 7, 5, 4, 6, 8, 4, 4, 4, 5, 8, 7, 4, 4, 5, 5, 5, 6, 5, 6, 5, 3, 6, 7, 6, 6, 6, 7, 8, 8, 4, 7, 8, 6, 5, 8, 3, 7, 5, 5, 5, 7, 7, 5, 5, 6, 6]
B_34 59.67999999999999 B 74 [2, 4, 1, 2, 4, 3, 1, 1, 4, 4, 3, 1, 1, 2, 1, 4, 4, 2, 3, 3, 2, 3, 1, 3, 3, 2, 4, 1, 3, 1, 3, 2, 2, 1, 2, 3, 2, 1, 2, 1, 4, 4, 2, 1, 4, 1, 4, 3, 1, 3, 1, 4, 1, 3, 4, 3, 4, 1, 1, 4, 3, 4, 3, 4, 2, 3, 2, 4, 4, 3, 3, 4, 2, 4, 3, 1, 4, 3, 3, 4] [5, 7, 4, 6, 7, 6, 5, 5, 6, 8, 6, 5, 5, 5, 5, 8, 8, 4, 5, 6, 5, 6, 3, 6, 7, 4, 7, 3, 5, 3, 5, 4, 5, 5, 4, 5, 5, 5, 5, 4, 6, 6, 6, 4, 6, 5, 7, 7, 4, 7, 3, 7, 4, 7, 8, 7, 6, 3, 3, 7, 5, 7, 7, 6, 6, 6, 6, 7, 6, 5, 7, 6, 6, 7, 6, 3, 8, 6, 5, 7]
B_35 60.67999999999999 B 75 [2, 4, 4, 2, 3, 1, 2, 4, 1, 2, 4, 1, 2, 1, 3, 2, 1, 3, 3, 3, 2, 3, 4, 2, 2, 4, 3, 1, 4, 1, 4, 4, 4, 2, 1, 1, 2, 4, 2, 2, 2, 4, 3, 3, 4, 2, 3, 1, 4, 4, 1, 4, 2, 2, 1, 3, 2, 4, 2, 4, 4, 2, 4, 3, 4, 3, 3, 2, 4, 1, 4, 4, 3, 3, 1, 2, 4, 4, 3, 1] [5, 8, 6, 4, 7, 4, 5, 7, 4, 5, 8, 4, 4, 3, 7, 4, 3, 7, 7, 5, 6, 7, 8, 6, 4, 8, 7, 5, 7, 5, 7, 8, 6, 5, 4, 4, 4, 6, 5, 5, 6, 7, 7, 6, 7, 5, 5, 4, 6, 8, 4, 7, 6, 4, 4, 6, 4, 7, 5, 6, 8, 6, 6, 6, 7, 5, 6, 4, 8, 4, 8, 8, 5, 7, 3, 6, 7, 6, 6, 3]
B_36 61.67999999999999 B 76 [4, 4, 2, 2, 1, 3, 3, 4, 1, 2, 2, 4, 2, 4, 4, 3, 2, 1, 2, 1, 2, 1, 4, 2, 4, 3, 3, 2, 4, 1, 1, 2, 3, 1, 3, 3, 4, 1, 2, 4, 1, 2, 3, 1, 3, 1, 2, 3, 3, 2, 2, 1, 4, 2, 2, 2, 2, 2, 1, 1, 2, 4, 1, 4, 1, 3, 3, 1, 3, 4, 4, 3, 4, 1, 4, 4, 4, 1, 3, 4] [7, 6, 4, 5, 5, 6, 7, 7, 3, 6, 4, 6, 6, 6, 8, 6, 6, 5, 4, 4, 4, 4, 8, 4, 6, 7, 6, 6, 8, 4, 5, 5, 7, 5, 7, 6, 6, 4, 4, 6, 4, 5, 7, 4, 5, 4, 6, 5, 7, 6, 6, 5, 6, 5, 5, 6, 5, 6, 5, 5, 5, 8, 4, 6, 3, 5, 5, 3, 6, 7, 8, 5, 7, 5, 8, 7, 8, 4, 7, 7]
B_37 63.38999999999999 B 77 [3, 2, 1, 3, 2, 3, 4, 2, 3, 1, 3, 1, 1, 2, 4, 4, 3, 3, 4, 4, 1, 2, 3, 1, 1, 3, 3, 4, 2, 3, 1, 4, 2, 2, 3, 1, 2, 4, 1, 2, 3, 1, 1, 1, 1, 2, 2, 1, 2, 1, 3, 2, 3, 3, 2, 2, 4, 4, 2, 2, 2, 3, 4, 2, 1, 1, 2, 4, 3, 2, 2, 3, 2, 1, 3, 4, 1, 2, 3, 3] [7, 6, 4, 7, 4, 6, 7, 4, 7, 5, 6, 5, 5, 6, 7, 8, 5, 7, 6, 6, 3, 6, 5, 3, 5, 5, 6, 8, 4, 6, 5, 8, 4, 4, 7, 5, 5, 7, 5, 4, 7, 4, 3, 4, 3, 4, 5, 5, 6, 3, 7, 4, 5, 7, 5, 6, 6, 7, 6, 5, 6, 6, 6, 4, 5, 3, 6, 7, 7, 5, 4, 5, 6, 5, 6, 6, 4, 6, 7, 5]
B_38 65.19 B 78 [4, 3, 4, 3, 2, 3, 3, 4, 1, 1, 1, 3, 2, 1, 4, 2, 3, 1, 3, 3, 2, 3, 4, 4, 1, 1, 3, 1, 1, 4, 1, 1, 4, 3, 2, 2, 1, 2, 1, 3, 4, 1, 2, 3, 4, 1, 3, 3, 3, 1, 3, 3, 1, 1, 4, 4, 1, 2, 2, 1, 2, 2, 2, 3, 3, 3, 4, 2, 2, 4, 4, 3, 1, 3, 3, 3, 3, 3, 4, 4] [6, 6, 7, 5, 5, 7, 6, 7, 4, 5, 3, 5, 4, 5, 7, 4, 7, 4, 7, 6, 6, 6, 8, 6, 3, 3, 7, 4, 3, 6, 5, 4, 8, 6, 5, 6, 3, 4, 3, 5, 7, 4, 6, 6, 7, 5, 7, 7, 6, 4, 5, 7, 3, 4, 8, 8, 4, 5, 6, 5, 4, 6, 6, 7, 6, 5, 6, 6, 5, 8, 8, 6, 3, 6, 5, 6, 7, 7, 6, 7]
B_39 66.21 B 79 [1, 2, 2, 4, 3, 4, 2, 2, 4, 1, 2, 3, 1, 4, 2, 1, 3, 2, 3, 4, 4, 3, 2, 4, 2, 2, 4, 4, 2, 1, 1, 4, 2, 3, 4, 3, 3, 4, 4, 4, 3, 4, 2, 3, 2, 2, 1, 4, 4, 4, 2, 1, 1, 2, 1, 3, 1, 4, 4, 2, 3, 3, 3, 1, 3, 3, 1, 4, 3, 1, 2, 4, 1, 4, 4, 1, 4, 3, 4, 4] [3, 4, 6, 6, 7, 6, 4, 5, 7, 4, 4, 7, 5, 6, 5, 3, 6, 4, 5, 8, 8, 5, 6, 8, 5, 6, 6, 8, 5, 5, 4, 7, 5, 7, 6, 6, 6, 6, 8, 6, 7, 6, 4, 7, 5, 4, 5, 6, 8, 7, 6, 4, 4, 6, 3, 7, 3, 8, 7, 5, 7, 6, 7, 5, 6, 7, 3, 6, 6, 4, 4, 8, 3, 6, 7, 3, 7, 5, 7, 8]
