A_0 1 A 0 [2, 4, 2, 4, 1, 2, 2, 4, 1, 3, 3, 2, 1, 2, 4, 3, 3, 2, 3, 1, 1, 3, 4, 4, 4, 2, 4, 1, 1, 4, 3, 1, 4, 2, 1, 4, 2, 4, 3, 1, 2, 1, 3, 1, 1, 1, 1, 1, 2, 3, 4, 3, 3, 4, 2, 4, 3, 1, 4, 3, 2, 2, 4, 4, 1, 2, 2, 4, 4, 3, 3, 1, 2, 4, 2, 1, 2, 1, 4, 4] [4, 6, 4, 6, 3, 4, 6, 7, 5, 5, 6, 5, 4, 6, 7, 6, 7, 4, 6, 3, 5, 5, 6, 7, 8, 6, 8, 5, 4, 7, 6, 4, 7, 6, 4, 7, 5, 8, 7, 5, 6, 3, 6, 3, 3, 5, 3, 5, 4, 5, 8, 5, 7, 8, 5, 6, 6, 3, 7, 7, 4, 4, 6, 7, 3, 5, 5, 8, 8, 6, 5, 5, 6, 7, 4, 3, 5, 5, 8, 8]
A_1 2 A 1 [4, 2, 3, 2, 4, 1, 1, 4, 1, 3, 4, 2, 3, 4, 4, 2, 2, 3, 2, 1, 4, 2, 1, 2, 4, 1, 1, 1, 2, 3, 1, 1, 2, 2, 2, 1, 4, 3, 2, 4, 3, 1, 4, 1, 2, 1, 2, 1, 1, 1, 2, 1, 4, 3, 1, 2, 3, 3, 4, 2, 1, 3, 4, 4, 3, 3, 1, 2, 1, 2, 3, 3, 1, 2, 4, 2, 3, 4, 1, 3] [6, 5, 6, 6, 6, 5, 3, 6, 3, 6, 6, 5, 6, 7, 7, 6, 4, 5, 4, 3, 6, 4, 5, 5, 7, 3, 3, 3, 6, 7, 5, 5, 6, 4, 6, 4, 6, 7, 6, 8, 5, 4, 7, 5, 5, 5, 6, 5, 3, 3, 5, 4, 7, 6, 5, 5, 6, 7, 6, 5, 5, 5, 8, 7, 6, 5, 3, 5, 4, 6, 5, 6, 5, 6, 6, 4, 7, 6, 4, 6]
A_2 3.23 A 2 [2, 3, 2, 2, 2, 2, 4, 4, 2, 4, 1, 4, 2, 3, 4, 1, 4, 2, 1, 3, 4, 3, 2, 3, 2, 2, 3, 3, 2, 1, 2, 1, 2, 2, 4, 2, 3, 4, 2, 2, 4, 2, 3, 3, 3, 3, 2, 4, 1, 1, 3, 1, 1, 4, 3, 1, 2, 1, 3, 4, 4, 1, 1, 2, 3, 2, 2, 4, 2, 3, 2, 3, 4, 3, 1, 4, 2, 1, 2, 1] [4, 6, 4, 6, 4, 6, 7, 6, 4, 7, 5, 8, 6, 7, 7, 4, 8, 6, 5, 7, 8, 7, 4, 5, 6, 4, 6, 7, 5, 4, 4, 4, 4, 4, 6, 5, 5, 7, 6, 5, 7, 4, 7, 7, 6, 6, 5, 7, 4, 3, 6, 4, 3, 6, 5, 4, 4, 5, 7, 6, 6, 5, 4, 5, 6, 4, 5, 8, 6, 5, 5, 7, 7, 5, 3, 6, 4, 4, 5, 5]
A_3 4.23 A 3 [4, 2, 2, 1, 4, 1, 3, 3, 2, 1, 4, 2, 3, 2, 4, 2, 1, 3, 4, 3, 4, 4, 4, 1, 4, 1, 3, 1, 1, 1, 2, 4, 3, 4, 3, 4, 3, 4, 4, 3, 2, 3, 4, 4, 3, 3, 3, 4, 2, 4, 4, 3, 2, 3, 4, 2, 3, 1, 4, 2, 4, 2, 4, 2, 2, 3, 2, 4, 3, 1, 4, 3, 2, 2, 3, 3, 1, 1, 1, 2] [6, 6, 6, 5, 7, 5, 6, 7, 4, 3, 6, 4, 6, 4, 6, 4, 3, 6, 6, 7, 6, 6, 7, 4, 6, 5, 5, 3, 3, 4, 6, 6, 5, 7, 7, 7, 5, 7, 7, 6, 4, 5, 6, 6, 7, 5, 5, 6, 5, 7, 8, 7, 4, 7, 6, 6, 7, 5, 6, 6, 6, 5, 6, 4, 4, 5, 5, 6, 5, 4, 7, 6, 5, 6, 6, 7, 3, 4, 4, 6]
A_4 5.9 A 4 [1, 4, 2, 4, 2, 1, 3, 3, 4, 1, 2, 1, 2, 4, 1, 4, 1, 4, 4, 2, 2, 2, 3, 2, 4, 1, 3, 3, 1, 2, 1, 3, 2, 1, 3, 4, 3, 2, 3, 1, 1, 2, 4, 1, 2, 1, 3, 2, 4, 2, 2, 4, 1, 3, 2, 3, 2, 2, 4, 4, 4, 3, 3, 1, 2, 2, 3, 4, 1, 3, 3, 4, 4, 1, 1, 2, 1, 2, 4, 2] [3, 6, 4, 7, 5, 4, 5, 6, 8, 3, 5, 5, 5, 8, 4, 7, 5, 8, 7, 6, 5, 6, 7, 5, 7, 4, 7, 7, 4, 4, 4, 6, 4, 5, 6, 7, 5, 5, 5, 5, 4, 4, 8, 4, 4, 3, 5, 6, 8, 6, 5, 8, 3, 5, 5, 6, 4, 5, 6, 6, 6, 7, 6, 5, 4, 5, 5, 6, 3, 6, 7, 7, 6, 3, 5, 4, 4, 6, 7, 4]
A_5 7.86 A 5 [2, 1, 2, 1, 1, 4, 1, 4, 2, 1, 4, 3, 2, 1, 4, 4, 1, 3, 3, 1, 1, 3, 2, 1, 3, 1, 4, 1, 2, 2, 3, 1, 3, 4, 2, 1, 1, 3, 4, 1, 4, 4, 2, 1, 3, 4, 2, 2, 3, 3, 4, 3, 4, 1, 4, 3, 4, 1, 2, 1, 4, 2, 2, 1, 2, 2, 1, 1, 2, 3, 4, 3, 3, 4, 3, 3, 3, 1, 4, 1] [4, 5, 6, 5, 4, 7, 5, 6, 5, 5, 8, 5, 6, 5, 6, 6, 3, 6, 5, 5, 5, 6, 6, 5, 6, 5, 6, 4, 5, 6, 7, 4, 6, 6, 6, 5, 3, 7, 8, 5, 7, 8, 5, 5, 5, 6, 4, 6, 6, 6, 8, 5, 7, 3, 8, 5, 8, 5, 6, 3, 8, 6, 4, 3, 5, 4, 3, 5, 5, 6, 8, 6, 7, 7, 7, 5, 7, 5, 8, 3]
A_6 8.86 A 6 [2, 1, 4, 3, 3, 1, 3, 3, 1, 2, 4, 4, 2, 1, 2, 3, 4, 4, 4, 3, 2, 1, 2, 3, 1, 3, 1, 2, 2, 1, 4, 2, 2, 2, 3, 1, 3, 4, 1, 2, 2, 3, 2, 4, 1, 1, 1, 4, 3, 4, 3, 3, 3, 3, 3, 2, 2, 1, 1, 3, 2, 4, 3, 2, 2, 3, 3, 1, 3, 3, 4, 3, 3, 3, 3, 2, 1, 1, 4, 3] [6, 3, 7, 6, 5, 5, 5, 7, 5, 6, 6, 7, 6, 5, 6, 7, 8, 8, 6, 7, 5, 3, 5, 6, 4, 5, 4, 5, 5, 5, 8, 4, 4, 5, 6, 4, 7, 8, 5, 5, 5, 5, 6, 7, 5, 5, 4, 7, 5, 7, 5, 5, 6, 5, 5, 4, 4, 4, 4, 6, 6, 7, 7, 6, 4, 6, 5, 3, 6, 6, 8, 5, 6, 5, 7, 4, 4, 4, 7, 6]
A_7 10.719999999999999 A 7 [4, 4, 4, 3, 3, 4, 3, 1, 3, 2, 4, 3, 3, 1, 2, 3, 1, 2, 1, 2, 3, 4, 3, 4, 4, 4, 3, 4, 2, 3, 3, 4, 2, 1, 3, 2, 1, 4, 2, 1, 3, 2, 4, 3, 3, 2, 2, 3, 1, 2, 2, 3, 3, 2, 2, 2, 4, 3, 1, 1, 2, 3, 2, 3, 1, 1, 3, 1, 1, 3, 4, 2, 1, 4, 1, 4, 3, 2, 1, 2] [7, 6, 6, 7, 6, 6, 7, 3, 5, 4, 8, 7, 5, 4, 5, 7, 4, 4, 4, 5, 5, 8, 7, 6, 6, 8, 5, 6, 6, 5, 6, 7, 6, 3, 7, 5, 5, 8, 6, 5, 5, 5, 6, 5, 7, 6, 4, 5, 3, 5, 6, 6, 7, 5, 6, 5, 6, 7, 5, 5, 6, 7, 6, 5, 4, 5, 7, 4, 5, 6, 6, 6, 3, 7, 5, 6, 5, 6, 5, 5]
A_8 11.79 A 8 [1, 1, 2, 2, 4, 2, 1, 3, 4, 2, 4, 3, 3, 2, 1, 3, 3, 2, 1, 2, 1, 4, 1, 3, 2, 3, 4, 3, 3, 2, 2, 2, 4, 2, 3, 3, 4, 1, 1, 4, 1, 3, 1, 3, 3, 2, 1, 1, 1, 4, 2, 2, 3, 4, 2, 1, 4, 2, 3, 2, 1, 4, 4, 4, 1, 1, 4, 2, 2, 2, 1, 4, 4, 4, 4, 3, 4, 2, 2, 1] [5, 3, 4, 4, 8, 5, 5, 5, 6, 5, 7, 6, 5, 5, 3, 5, 5, 4, 5, 6, 5, 7, 3, 6, 4, 5, 8, 7, 6, 5, 4, 6, 7, 4, 7, 7, 6, 3, 4, 7, 5, 7, 3, 7, 5, 4, 3, 5, 5, 8, 6, 5, 6, 7, 5, 5, 8, 6, 5, 6, 3, 6, 6, 7, 3, 3, 7, 5, 5, 5, 4, 8, 6, 6, 7, 7, 7, 6, 4, 3]
A_9 12.79 A 9 [3, 3, 4, 1, 1, 1, 2, 2, 2, 4, 3, 3, 2, 4, 4, 4, 3, 3, 3, 2, 4, 1, 3, 1, 2, 3, 1, 4, 1, 3, 3, 3, 3, 4, 3, 2, 3, 2, 4, 2, 4, 4, 1, 4, 2, 1, 1, 4, 1, 2, 3, 2, 1, 4, 2, 1, 3, 2, 4, 2, 4, 3, 2, 4, 2, 1, 2, 4, 4, 1, 3, 4, 1, 2, 1, 4, 2, 4, 3, 2] [5, 6, 7, 3, 3, 5, 6, 4, 5, 6, 6, 7, 4, 8, 6, 6, 7, 7, 6, 4, 7, 3, 7, 5, 4, 5, 5, 6, 5, 7, 7, 6, 5, 8, 6, 5, 7, 5, 6, 5, 7, 8, 5, 6, 4, 3, 5, 7, 5, 6, 6, 6, 4, 8, 6, 3, 6, 4, 6, 6, 8, 7, 5, 6, 4, 5, 5, 8, 6, 5, 6, 6, 5, 4, 5, 8, 5, 8, 6, 6]
A_10 14.85 A 10 [3, 4, 1, 4, 2, 4, 4, 4, 4, 3, 1, 3, 1, 4, 4, 3, 1, 1, 3, 3, 3, 4, 1, 2, 3, 2, 3, 2, 4, 1, 2, 2, 4, 4, 1, 1, 1, 1, 3, 4, 1, 1, 3, 3, 1, 3, 2, 2, 1, 2, 1, 3, 2, 1, 2, 2, 4, 1, 3, 4, 4, 1, 3, 4, 4, 1, 2, 3, 2, 4, 1, 2, 4, 2, 1, 2, 3, 3, 3, 2] [6, 6, 5, 6, 5, 8, 6, 8, 7, 6, 5, 7, 5, 6, 6, 5, 3, 3, 6, 5, 6, 8, 5, 6, 5, 4, 5, 4, 6, 5, 6, 6, 8, 6, 3, 5, 5, 5, 6, 6, 3, 5, 7, 7, 3, 6, 5, 4, 4, 4, 5, 5, 5, 3, 4, 5, 8, 5, 6, 6, 6, 5, 5, 6, 7, 4, 6, 6, 6, 6, 5, 5, 6, 6, 5, 5, 6, 7, 7, 5]
A_11 16.54 A 11 [2, 2, 4, 2, 1, 3, 4, 3, 3, 3, 3, 4, 3, 3, 3, 2, 4, 4, 1, 2, 3, 3, 4, 4, 1, 3, 2, 4, 4, 1, 4, 1, 4, 1, 3, 1, 2, 4, 1, 3, 4, 3, 1, 1, 2, 2, 2, 2, 2, 4, 1, 4, 2, 2, 3, 3, 2, 3, 2, 3, 2, 4, 3, 2, 4, 1, 2, 4, 3, 2, 2, 2, 2, 2, 3, 2, 1, 3, 3, 3] [5, 5, 8, 4, 5, 5, 7, 7, 6, 7, 7, 7, 7, 6, 7, 6, 8, 6, 3, 4, 6, 6, 8, 8, 4, 5, 6, 8, 6, 5, 7, 4, 8, 3, 6, 3, 6, 7, 4, 7, 7, 6, 5, 5, 6, 4, 5, 6, 4, 7, 4, 7, 4, 5, 7, 5, 5, 6, 5, 5, 5, 7, 6, 6, 7, 5, 4, 6, 5, 5, 5, 5, 5, 6, 6, 5, 5, 6, 6, 6]
A_12 17.54 A 12 [1, 3, 2, 3, 2, 2, 2, 3, 3, 2, 1, 3, 1, 3, 3, 2, 1, 4, 3, 4, 1, 2, 3, 4, 1, 2, 4, 2, 4, 3, 4, 3, 2, 4, 4, 3, 3, 1, 3, 3, 3, 1, 3, 3, 2, 1, 2, 3, 1, 3, 1, 1, 1, 1, 4, 1, 3, 3, 2, 3, 3, 1, 3, 3, 3, 3, 4, 2, 1, 2, 1, 3, 1, 3, 2, 2, 1, 3, 1, 1] [4, 6, 6, 6, 5, 6, 6, 5, 5, 4, 5, 7, 4, 7, 6, 6, 4, 7, 5, 6, 3, 4, 5, 6, 5, 4, 8, 4, 6, 5, 6, 7, 4, 8, 7, 7, 5, 3, 6, 5, 6, 3, 7, 7, 4, 5, 5, 6, 5, 6, 3, 4, 4, 3, 7, 4, 5, 5, 6, 5, 5, 5, 6, 5, 7, 7, 7, 6, 5, 6, 4, 7, 5, 7, 5, 4, 4, 5, 4, 5]
A_13 18.54 A 13 [2, 4, 3, 2, 4, 1, 1, 1, 2, 4, 4, 3, 3, 1, 3, 4, 3, 4, 3, 2, 2, 3, 1, 4, 1, 2, 1, 4, 4, 2, 2, 2, 1, 4, 4, 3, 1, 3, 1, 1, 2, 1, 2, 3, 3, 3, 3, 1, 4, 1, 4, 1, 2, 1, 2, 4, 3, 1, 2, 2, 4, 1, 1, 1, 4, 4, 4, 4, 1, 2, 2, 3, 3, 3, 1, 1, 4, 1, 1, 3] [6, 7, 7, 4, 8, 5, 5, 4, 5, 8, 6, 6, 7, 3, 7, 6, 7, 7, 6, 5, 4, 5, 4, 6, 5, 5, 4, 7, 7, 6, 4, 6, 5, 6, 7, 6, 3, 5, 5, 5, 4, 5, 6, 5, 7, 7, 5, 3, 8, 4, 6, 3, 4, 4, 6, 6, 5, 5, 5, 4, 7, 4, 4, 5, 7, 7, 8, 8, 3, 5, 5, 5, 6, 7, 4, 4, 7, 5, 4, 6]
A_14 19.939999999999998 A 14 [4, 4, 4, 4, 1, 4, 2, 2, 1, 4, 4, 3, 3, 3, 3, 2, 4, 1, 2, 4, 1, 3, 1, 2, 1, 1, 4, 2, 4, 1, 2, 3, 2, 4, 1, 3, 1, 4, 1, 4, 4, 2, 3, 1, 4, 1, 3, 3, 3, 2, 3, 4, 4, 2, 4, 2, 1, 1, 2, 2, 3, 1, 1, 4, 1, 4, 1, 2, 4, 1, 1, 3, 1, 4, 3, 2, 4, 2, 4, 1] [7, 7, 7, 6, 4, 6, 6, 5, 3, 6, 6, 7, 6, 7, 5, 4, 6, 5, 6, 6, 4, 7, 4, 5, 3, 4, 6, 5, 7, 5, 4, 6, 6, 7, 3, 7, 4, 8, 5, 8, 8, 5, 7, 5, 8, 4, 5, 5, 6, 4, 6, 6, 7, 6, 8, 4, 4, 4, 4, 6, 7, 4, 3, 7, 4, 7, 5, 6, 7, 5, 3, 7, 4, 6, 6, 6, 8, 6, 8, 3]
A_15 21.009999999999998 A 15 [3, 2, 1, 2, 4, 4, 3, 3, 3, 4, 3, 2, 2, 4, 2, 1, 1, 4, 2, 2, 1, 2, 1, 3, 3, 3, 3, 4, 4, 2, 3, 2, 1, 2, 3, 3, 1, 2, 1, 3, 1, 2, 1, 2, 3, 1, 1, 1, 1, 1, 4, 3, 1, 1, 1, 3, 2, 1, 1, 3, 4, 1, 1, 2, 3, 2, 3, 1, 4, 1, 1, 3, 2, 4, 3, 1, 2, 4, 2, 4] [6, 6, 4, 4, 7, 6, 7, 7, 5, 6, 5, 6, 6, 6, 4, 4, 4, 8, 4, 5, 4, 4, 4, 6, 5, 5, 5, 7, 7, 6, 5, 6, 3, 6, 7, 6, 5, 5, 4, 5, 3, 4, 4, 4, 5, 5, 3, 4, 3, 5, 7, 6, 4, 4, 5, 6, 6, 5, 3, 7, 6, 5, 5, 4, 7, 4, 6, 3, 8, 4, 3, 5, 5, 7, 6, 5, 4, 8, 4, 6]
A_16 22.009999999999998 A 16 [3, 2, 4, 1, 1, 1, 4, 1, 3, 3, 1, 4, 1, 3, 4, 1, 4, 3, 3, 4, 4, 2, 2, 4, 4, 4, 1, 1, 3, 4, 3, 3, 1, 3, 1, 4, 2, 4, 1, 3, 3, 2, 1, 4, 4, 2, 1, 3, 1, 2, 3, 4, 1, 2, 3, 2, 4, 3, 4, 3, 2, 1, 2, 3, 2, 1, 1, 3, 3, 3, 2, 1, 1, 2, 3, 4, 1, 3, 3, 1] [7, 4, 8, 3, 5, 3, 8, 4, 5, 7, 3, 8, 4, 7, 6, 4, 8, 7, 7, 7, 6, 5, 6, 8, 6, 6, 3, 5, 6, 6, 7, 5, 3, 6, 5, 8, 5, 7, 5, 5, 6, 6, 4, 6, 8, 4, 4, 7, 3, 6, 6, 8, 4, 6, 7, 5, 8, 6, 6, 7, 4, 4, 6, 6, 5, 5, 3, 7, 5, 7, 6, 5, 4, 5, 7, 7, 4, 7, 6, 5]
A_17 23.009999999999998 A 17 [2, 3, 2, 3, 4, 3, 4, 2, 2, 3, 1, 4, 4, 4, 1, 4, 3, 4, 4, 2, 1, 1, 3, 1, 2, 3, 1, 2, 1, 1, 3, 2, 2, 4, 3, 4, 3, 4, 2, 4, 4, 3, 1, 2, 3, 4, 1, 3, 2, 1, 1, 1, 1, 3, 2, 2, 4, 4, 2, 2, 3, 1, 4, 4, 4, 3, 2, 1, 3, 3, 3, 3, 2, 2, 3, 2, 4, 4, 2, 4] [4, 5, 6, 6, 8, 6, 8, 4, 4, 7, 3, 6, 7, 7, 5, 8, 7, 7, 7, 6, 4, 3, 6, 5, 5, 6, 4, 4, 3, 3, 7, 4, 5, 7, 7, 8, 6, 8, 5, 8, 7, 7, 5, 5, 7, 8, 5, 7, 4, 3, 3, 5, 4, 7, 6, 6, 6, 6, 4, 6, 6, 4, 6, 8, 6, 7, 5, 5, 6, 6, 7, 5, 5, 4, 7, 4, 6, 7, 4, 6]
A_18 24.009999999999998 A 18 [3, 2, 1, 4, 4, 3, 4, 1, 1, 3, 3, 1, 3, 3, 2, 2, 3, 4, 2, 1, 1, 1, 3, 4, 4, 2, 4, 4, 3, 3, 4, 4, 1, 3, 2, 1, 1, 2, 1, 1, 2, 4, 1, 4, 3, 2, 3, 3, 1, 2, 3, 2, 3, 4, 4, 3, 1, 2, 2, 1, 3, 3, 1, 1, 3, 3, 4, 4, 3, 2, 4, 2, 1, 2, 2, 2, 4, 4, 4, 2] [6, 4, 5, 6, 7, 5, 6, 4, 5, 6, 6, 3, 5, 6, 6, 4, 7, 7, 6, 5, 3, 3, 6, 6, 8, 4, 7, 7, 7, 7, 7, 6, 4, 5, 6, 4, 5, 5, 4, 3, 6, 6, 5, 8, 5, 6, 5, 7, 4, 4, 7, 6, 6, 6, 6, 5, 4, 6, 4, 4, 7, 5, 3, 3, 7, 5, 8, 8, 7, 4, 6, 4, 4, 4, 5, 6, 7, 6, 6, 6]
A_19 25.45 A 19 [1, 1, 3, 3, 2, 1, 3, 2, 2, 2, 3, 2, 4, 2, 4, 2, 4, 2, 1, 4, 4, 2, 4, 2, 2, 4, 2, 1, 2, 3, 1, 4, 1, 2, 3, 4, 3, 2, 4, 4, 3, 3, 1, 2, 2, 4, 1, 3, 2, 3, 4, 1, 2, 4, 3, 2, 3, 4, 3, 2, 1, 1, 4, 2, 2, 4, 4, 3, 4, 4, 1, 2, 4, 4, 3, 2, 2, 4, 4, 1] [3, 3, 7, 7, 6, 5, 7, 5, 6, 4, 5, 4, 6, 5, 6, 5, 7, 6, 5, 6, 8, 6, 7, 6, 4, 8, 5, 3, 4, 5, 5, 8, 5, 4, 6, 8, 5, 5, 7, 8, 7, 7, 3, 5, 5, 6, 5, 5, 5, 5, 8, 4, 6, 7, 7, 4, 5, 7, 5, 4, 4, 3, 8, 5, 4, 8, 8, 5, 6, 6, 4, 6, 7, 8, 6, 5, 5, 8, 7, 5]
A_20 28.369999999999997 A 20 [1, 4, 4, 4, 2, 1, 2, 3, 1, 4, 3, 3, 1, 2, 1, 1, 4, 1, 1, 4, 4, 1, 1, 3, 3, 3, 2, 4, 1, 4, 4, 2, 3, 2, 4, 3, 3, 1, 2, 1, 3, 1, 2, 1, 2, 2, 1, 3, 1, 2, 4, 4, 3, 3, 4, 2, 2, 1, 1, 3, 2, 1, 3, 4, 2, 2, 2, 2, 2, 2, 3, 3, 2, 4, 2, 2, 1, 4, 3, 2] [5, 6, 8, 6, 5, 5, 5, 5, 5, 7, 6, 6, 3, 4, 4, 4, 6, 4, 3, 8, 7, 4, 5, 5, 6, 5, 6, 8, 5, 8, 6, 6, 5, 6, 8, 7, 5, 4, 4, 3, 7, 4, 5, 3, 5, 4, 5, 5, 3, 6, 6, 6, 7, 5, 7, 5, 6, 3, 3, 5, 5, 3, 7, 8, 5, 4, 4, 5, 4, 4, 5, 5, 5, 6, 4, 4, 5, 7, 7, 4]
A_21 29.569999999999997 A 21 [3, 2, 3, 4, 2, 3, 1, 4, 4, 1, 4, 3, 2, 3, 3, 2, 2, 1, 1, 2, 1, 4, 3, 3, 2, 4, 3, 1, 4, 4, 3, 1, 2, 3, 1, 3, 1, 3, 4, 4, 1, 4, 4, 3, 2, 2, 1, 2, 2, 1, 3, 2, 2, 4, 1, 4, 2, 2, 3, 2, 1, 4, 1, 3, 2, 1, 3, 3, 4, 2, 3, 3, 1, 2, 1, 1, 3, 2, 1, 1] [5, 4, 7, 6, 6, 6, 3, 8, 7, 3, 8, 6, 4, 5, 7, 4, 5, 3, 3, 6, 4, 8, 7, 6, 5, 7, 6, 4, 8, 7, 7, 5, 4, 7, 5, 7, 3, 5, 8, 8, 3, 7, 8, 7, 5, 6, 3, 5, 4, 5, 5, 4, 6, 6, 3, 8, 4, 4, 7, 6, 4, 6, 5, 6, 4, 4, 7, 7, 6, 4, 6, 6, 5, 6, 4, 5, 6, 5, 4, 4]
A_22 30.569999999999997 A 22 [4, 1, 2, 4, 3, 2, 2, 3, 1, 3, 1, 4, 3, 1, 1, 1, 2, 3, 3, 4, 1, 3, 1, 4, 1, 2, 1, 1, 4, 1, 3, 2, 1, 4, 4, 1, 2, 1, 1, 2, 3, 2, 1, 1, 2, 4, 1, 4, 2, 1, 1, 1, 2, 3, 3, 1, 2, 2, 1, 4, 2, 1, 3, 4, 3, 3, 1, 1, 1, 1, 3, 4, 2, 1, 3, 2, 2, 4, 4, 1] [6, 5, 4, 7, 7, 6, 5, 7, 3, 7, 5, 8, 5, 4, 4, 4, 6, 6, 6, 7, 5, 7, 4, 6, 3, 4, 4, 4, 6, 3, 7, 6, 4, 6, 8, 3, 4, 4, 4, 5, 7, 5, 3, 4, 4, 7, 3, 7, 6, 3, 4, 3, 6, 7, 7, 3, 5, 5, 3, 6, 6, 3, 7, 6, 6, 5, 3, 5, 3, 4, 7, 6, 5, 5, 7, 5, 5, 7, 6, 4]
A_23 31.889999999999997 A 23 [4, 2, 3, 1, 2, 1, 3, 4, 3, 1, 2, 4, 4, 4, 2, 3, 4, 1, 4, 2, 3, 3, 4, 3, 2, 1, 3, 4, 2, 3, 4, 4, 4, 2, 1, 3, 1, 1, 2, 1, 3, 3, 4, 1, 3, 3, 3, 1, 2, 2, 4, 4, 1, 2, 1, 4, 3, 4, 4, 4, 2, 1, 2, 3, 4, 2, 3, 1, 1, 1, 4, 3, 4, 4, 4, 1, 1, 3, 1, 2] [7, 5, 5, 4, 5, 5, 6, 6, 6, 5, 6, 8, 6, 6, 5, 6, 8, 5, 6, 6, 5, 6, 6, 6, 6, 3, 7, 7, 5, 5, 6, 8, 7, 4, 4, 6, 5, 5, 5, 3, 5, 7, 6, 5, 7, 5, 7, 5, 5, 5, 7, 7, 4, 5, 4, 7, 7, 7, 7, 8, 6, 5, 5, 5, 8, 4, 7, 4, 4, 4, 6, 5, 7, 6, 6, 5, 5, 6, 4, 4]
A_24 32.89 A 24 [4, 4, 2, 4, 4, 3, 1, 4, 2, 2, 3, 1, 1, 1, 1, 3, 4, 2, 4, 2, 3, 2, 1, 2, 3, 2, 2, 2, 2, 2, 4, 1, 2, 3, 1, 4, 3, 3, 1, 4, 3, 3, 1, 2, 4, 2, 3, 4, 2, 4, 4, 4, 3, 2, 4, 2, 4, 4, 2, 4, 3, 1, 3, 2, 3, 3, 3, 1, 4, 2, 3, 3, 4, 3, 1, 3, 3, 4, 4, 2] [8, 7, 6, 6, 7, 6, 4, 6, 4, 4, 5, 4, 5, 5, 3, 5, 6, 5, 8, 4, 6, 5, 3, 6, 6, 5, 5, 4, 5, 5, 6, 5, 5, 7, 3, 8, 6, 5, 5, 6, 6, 5, 4, 4, 6, 4, 5, 7, 5, 8, 7, 8, 6, 5, 8, 6, 7, 8, 5, 6, 7, 5, 6, 6, 6, 6, 5, 3, 7, 6, 6, 6, 6, 6, 5, 6, 5, 7, 8, 5]
A_25 33.89 A 25 [2, 1, 2, 1, 1, 1, 3, 4, 3, 3, 2, 3, 2, 2, 1, 3, 4, 3, 2, 4, 3, 4, 2, 1, 2, 2, 2, 2, 2, 1, 1, 2, 3, 1, 1, 2, 4, 2, 4, 3, 1, 2, 4, 3, 1, 1, 3, 2, 1, 3, 3, 3, 3, 3, 1, 3, 3, 2, 3, 2, 4, 3, 2, 1, 4, 1, 1, 4, 2, 2, 4, 2, 3, 2, 4, 3, 1, 4, 4, 2] [6, 3, 4, 5, 4, 5, 5, 8, 5, 5, 4, 5, 4, 5, 4, 5, 6, 6, 4, 8, 5, 7, 4, 3, 5, 6, 6, 5, 5, 3, 3, 4, 5, 3, 3, 4, 6, 4, 8, 7, 5, 6, 6, 6, 4, 5, 5, 4, 5, 7, 5, 7, 6, 5, 5, 5, 7, 6, 5, 5, 6, 5, 5, 4, 7, 3, 3, 8, 5, 5, 7, 5, 7, 6, 6, 7, 4, 8, 6, 6]
A_26 35.160000000000004 A 26 [4, 1, 3, 3, 3, 4, 1, 3, 4, 1, 3, 2, 4, 1, 4, 3, 1, 1, 4, 2, 2, 3, 1, 3, 2, 2, 1, 3, 4, 4, 3, 3, 3, 1, 4, 1, 3, 1, 4, 3, 4, 4, 2, 3, 2, 1, 3, 2, 4, 2, 2, 2, 2, 1, 1, 2, 2, 2, 1, 1, 3, 4, 2, 2, 4, 4, 3, 3, 2, 2, 4, 3, 3, 3, 4, 3, 4, 4, 3, 2] [8, 3, 6, 5, 7, 6, 4, 5, 8, 5, 5, 6, 8, 4, 6, 5, 3, 4, 7, 5, 6, 6, 4, 7, 5, 6, 4, 5, 7, 6, 7, 5, 7, 3, 6, 3, 5, 4, 6, 5, 6, 8, 5, 7, 6, 4, 5, 4, 7, 4, 4, 5, 4, 5, 5, 4, 5, 5, 3, 4, 6, 7, 4, 5, 8, 6, 5, 5, 4, 4, 7, 7, 5, 7, 6, 5, 7, 6, 5, 6]
A_27 36.17 A 27 [1, 1, 3, 1, 3, 1, 2, 4, 3, 4, 2, 4, 2, 4, 2, 4, 1, 2, 4, 1, 4, 1, 1, 4, 2, 2, 3, 1, 3, 2, 3, 2, 2, 4, 1, 2, 4, 1, 1, 2, 3, 1, 2, 4, 1, 4, 2, 2, 2, 3, 3, 2, 2, 1, 3, 2, 4, 4, 2, 3, 4, 2, 2, 4, 3, 3, 3, 3, 4, 4, 3, 1, 3, 1, 4, 4, 3, 4, 3, 3] [5, 3, 7, 3, 7, 4, 5, 6, 7, 6, 4, 8, 4, 7, 5, 7, 5, 4, 7, 3, 8, 4, 4, 7, 4, 5, 5, 3, 7, 6, 6, 5, 5, 6, 4, 4, 6, 4, 4, 6, 7, 3, 4, 8, 5, 8, 5, 6, 6, 5, 7, 6, 4, 5, 6, 4, 7, 6, 6, 6, 8, 5, 5, 7, 7, 6, 7, 7, 7, 6, 6, 3, 6, 4, 8, 6, 6, 7, 5, 6]
A_28 37.36 A 28 [1, 2, 2, 1, 1, 2, 2, 2, 3, 1, 4, 4, 4, 4, 4, 4, 3, 1, 3, 2, 1, 4, 4, 2, 2, 2, 4, 3, 3, 1, 2, 2, 4, 4, 2, 4, 3, 2, 3, 2, 4, 4, 3, 2, 2, 3, 4, 2, 1, 2, 4, 3, 2, 3, 1, 4, 1, 4, 1, 3, 1, 4, 2, 2, 4, 2, 2, 3, 3, 1, 2, 1, 3, 3, 3, 1, 1, 4, 3, 3] [4, 6, 5, 3, 4, 5, 5, 6, 6, 5, 6, 6, 6, 7, 7, 7, 6, 3, 7, 4, 5, 8, 6, 5, 5, 5, 7, 7, 5, 5, 6, 6, 7, 7, 4, 7, 7, 6, 6, 6, 7, 7, 5, 4, 4, 7, 6, 5, 3, 6, 8, 7, 5, 5, 3, 6, 3, 8, 3, 5, 4, 6, 6, 6, 7, 4, 5, 7, 5, 4, 5, 4, 6, 6, 5, 3, 5, 6, 7, 7]
A_29 38.36 A 29 [4, 3, 1, 1, 2, 2, 1, 3, 2, 3, 1, 1, 3, 2, 1, 2, 4, 1, 3, 3, 4, 4, 1, 3, 2, 1, 4, 2, 1, 2, 4, 4, 4, 4, 3, 1, 3, 3, 3, 2, 2, 2, 1, 4, 3, 2, 4, 3, 1, 1, 4, 1, 1, 1, 1, 2, 4, 3, 2, 3, 4, 2, 3, 2, 2, 2, 2, 2, 2, 4, 2, 2, 4, 1, 1, 2, 2, 1, 2, 2] [7, 7, 4, 4, 4, 6, 5, 5, 5, 7, 5, 5, 5, 6, 5, 6, 6, 3, 7, 5, 8, 7, 3, 5, 5, 3, 6, 6, 5, 4, 8, 7, 7, 6, 7, 5, 6, 6, 6, 4, 6, 6, 3, 8, 7, 4, 6, 6, 4, 3, 8, 5, 5, 4, 4, 4, 7, 5, 4, 5, 6, 5, 5, 5, 6, 4, 6, 4, 4, 7, 5, 6, 6, 3, 5, 4, 5, 4, 5, 5]
A_30 39.36 A 30 [3, 1, 2, 2, 1, 3, 4, 3, 2, 3, 2, 4, 4, 2, 2, 3, 3, 3, 4, 1, 4, 3, 3, 4, 4, 1, 3, 3, 2, 4, 1, 4, 2, 1, 1, 4, 4, 2, 4, 1, 2, 3, 1, 2, 1, 3, 3, 2, 2, 1, 4, 3, 4, 1, 4, 3, 3, 1, 1, 4, 2, 1, 1, 3, 1, 4, 3, 1, 3, 3, 4, 3, 2, 2, 3, 2, 3, 4, 1, 3] [6, 5, 4, 6, 4, 7, 8, 6, 4, 7, 6, 7, 6, 4, 4, 5, 7, 7, 7, 5, 6, 7, 7, 6, 6, 3, 7, 6, 6, 8, 3, 7, 5, 4, 4, 7, 7, 5, 6, 4, 5, 5, 3, 4, 5, 7, 5, 5, 6, 4, 7, 5, 7, 3, 7, 6, 7, 3, 3, 6, 5, 5, 4, 5, 3, 8, 7, 5, 7, 5, 8, 5, 4, 6, 5, 5, 5, 8, 4, 5]
A_31 40.36 A 31 [1, 1, 1, 4, 3, 1, 2, 4, 2, 3, 2, 1, 3, 2, 3, 2, 3, 2, 4, 4, 2, 1, 2, 4, 1, 2, 3, 2, 2, 4, 4, 1, 4, 4, 1, 3, 3, 1, 4, 2, 2, 2, 2, 1, 2, 4, 4, 3, 2, 4, 4, 1, 1, 2, 1, 3, 4, 3, 4, 2, 1, 4, 2, 1, 3, 4, 2, 1, 3, 4, 3, 1, 2, 3, 2, 4, 3, 1, 4, 4] [4, 5, 4, 6, 6, 4, 4, 7, 6, 6, 6, 4, 7, 6, 6, 6, 5, 4, 6, 8, 6, 5, 6, 8, 5, 4, 5, 5, 6, 7, 7, 5, 7, 8, 3, 6, 5, 4, 6, 4, 5, 4, 5, 5, 6, 6, 7, 6, 4, 6, 7, 5, 4, 6, 3, 6, 6, 6, 8, 6, 3, 8, 6, 4, 7, 6, 6, 4, 6, 6, 7, 3, 5, 7, 5, 7, 5, 4, 8, 7]
A_32 42.39 A 32 [4, 2, 2, 3, 2, 3, 2, 2, 4, 3, 4, 4, 2, 1, 2, 1, 1, 2, 1, 1, 3, 2, 1, 4, 2, 3, 3, 2, 4, 4, 2, 4, 3, 4, 3, 1, 1, 2, 4, 4, 2, 2, 3, 3, 1, 2, 1, 1, 1, 4, 4, 3, 4, 1, 4, 4, 3, 3, 2, 3, 4, 1, 4, 4, 1, 2, 2, 1, 4, 4, 3, 2, 4, 2, 4, 1, 2, 1, 1, 4] [7, 6, 4, 5, 4, 6, 4, 6, 7, 5, 8, 8, 4, 5, 6, 3, 3, 5, 4, 5, 5, 4, 4, 7, 5, 5, 7, 5, 7, 7, 5, 7, 7, 7, 5, 5, 5, 4, 8, 6, 6, 6, 6, 6, 5, 5, 4, 3, 4, 7, 8, 7, 7, 4, 6, 6, 7, 6, 6, 6, 6, 3, 8, 6, 5, 6, 6, 5, 6, 7, 5, 4, 8, 4, 6, 5, 5, 5, 5, 8]
A_33 45.04 A 33 [2, 2, 2, 4, 1, 4, 2, 1, 2, 4, 4, 1, 4, 4, 4, 2, 3, 4, 3, 2, 2, 3, 4, 2, 3, 1, 1, 4, 4, 4, 1, 4, 4, 3, 2, 2, 3, 4, 4, 4, 1, 4, 3, 2, 1, 2, 1, 4, 2, 4, 3, 1, 3, 1, 4, 3, 3, 2, 3, 4, 2, 4, 4, 3, 2, 3, 3, 1, 1, 3, 2, 2, 1, 1, 1, 1, 1, 2, 2, 4] [6, 4, 4, 7, 5, 6, 5, 3, 4, 8, 6, 3, 8, 6, 7, 6, 6, 7, 5, 4, 6, 7, 6, 4, 7, 3, 3, 6, 7, 6, 4, 8, 7, 5, 5, 5, 7, 6, 6, 7, 4, 6, 5, 5, 4, 4, 4, 8, 5, 7, 6, 4, 5, 4, 6, 6, 7, 4, 6, 6, 4, 8, 6, 5, 5, 7, 7, 5, 4, 6, 4, 6, 5, 4, 3, 3, 5, 6, 6, 6]
A_34 46.04 A 34 [1, 2, 4, 3, 3, 2, 3, 3, 3, 3, 1, 3, 4, 4, 1, 3, 1, 3, 2, 3, 4, 1, 4, 1, 1, 1, 4, 1, 2, 3, 1, 1, 3, 2, 1, 4, 3, 3, 3, 2, 3, 1, 4, 4, 1, 3, 1, 4, 1, 1, 3, 4, 3, 4, 1, 1, 3, 3, 3, 1, 4, 4, 2, 1, 3, 1, 3, 1, 1, 2, 4, 1, 2, 3, 2, 3, 1, 4, 1, 2] [4, 6, 6, 7, 6, 6, 6, 7, 7, 6, 3, 6, 7, 7, 3, 7, 5, 7, 6, 6, 8, 5, 8, 4, 3, 3, 6, 4, 4, 7, 4, 3, 5, 5, 3, 7, 6, 5, 6, 5, 7, 3, 8, 8, 5, 7, 4, 8, 3, 5, 5, 6, 5, 6, 5, 4, 5, 6, 6, 3, 6, 7, 6, 4, 7, 3, 6, 3, 5, 6, 7, 4, 6, 7, 5, 5, 3, 8, 3, 5]
A_35 47.04 A 35 [4, 1, 2, 4, 4, 1, 1, 2, 3, 2, 1, 1, 3, 3, 3, 3, 4, 4, 1, 4, 3, 3, 1, 3, 4, 2, 1, 2, 4, 1, 4, 3, 1, 2, 4, 2, 3, 2, 4, 1, 2, 3, 3, 2, 4, 3, 3, 4, 4, 3, 2, 1, 3, 1, 2, 3, 2, 4, 2, 4, 2, 2, 1, 2, 4, 3, 2, 4, 4, 3, 4, 4, 1, 1, 3, 4, 2, 3, 2, 1] [7, 4, 5, 7, 7, 5, 4, 5, 7, 5, 5, 3, 7, 6, 7, 6, 8, 8, 4, 8, 7, 7, 3, 6, 8, 4, 3, 4, 7, 5, 7, 6, 5, 5, 7, 4, 5, 6, 7, 4, 4, 5, 6, 5, 7, 7, 5, 6, 6, 7, 6, 4, 6, 4, 4, 6, 6, 8, 6, 8, 5, 4, 3, 6, 8, 7, 4, 8, 7, 7, 8, 6, 3, 3, 6, 6, 6, 5, 6, 3]
A_36 49.87 A 36 [2, 4, 3, 3, 3, 1, 3, 1, 4, 3, 1, 2, 3, 1, 1, 1, 2, 3, 1, 3, 3, 1, 2, 1, 3, 4, 3, 4, 3, 3, 4, 3, 1, 3, 3, 3, 4, 1, 4, 2, 3, 3, 2, 2, 3, 1, 2, 3, 2, 2, 2, 1, 2, 4, 2, 2, 1, 2, 2, 2, 2, 2, 4, 1, 1, 1, 4, 1, 2, 4, 4, 3, 3, 2, 4, 1, 1, 2, 4, 4] [5, 6, 5, 5, 5, 3, 7, 5, 6, 7, 5, 6, 5, 3, 4, 5, 5, 6, 5, 5, 5, 3, 4, 5, 6, 6, 5, 6, 7, 6, 7, 5, 5, 7, 6, 5, 8, 4, 6, 6, 7, 6, 5, 5, 5, 3, 5, 5, 6, 5, 6, 3, 6, 8, 4, 6, 5, 5, 4, 5, 5, 6, 7, 5, 4, 5, 8, 4, 5, 6, 8, 7, 6, 6, 6, 4, 5, 5, 7, 8]
A_37 50.87 A 37 [4, 3, 4, 4, 2, 3, 4, 4, 1, 2, 1, 4, 1, 3, 4, 2, 4, 4, 2, 2, 1, 3, 1, 1, 3, 2, 1, 1, 2, 3, 2, 1, 2, 4, 3, 2, 1, 4, 3, 3, 1, 1, 2, 2, 3, 2, 2, 2, 2, 1, 2, 3, 2, 3, 4, 4, 2, 4, 1, 3, 3, 2, 1, 4, 3, 2, 3, 2, 4, 4, 1, 4, 4, 4, 4, 2, 1, 4, 4, 3] [8, 7, 7, 7, 5, 7, 8, 8, 3, 5, 5, 7, 3, 5, 8, 5, 7, 8, 5, 5, 4, 5, 4, 5, 5, 4, 4, 4, 6, 6, 5, 4, 4, 6, 5, 6, 4, 6, 5, 7, 3, 3, 6, 4, 5, 5, 4, 5, 6, 4, 4, 6, 4, 7, 8, 6, 4, 6, 4, 6, 5, 6, 3, 6, 7, 4, 5, 6, 6, 7, 5, 8, 7, 6, 8, 5, 5, 7, 8, 7]
A_38 51.87 A 38 [3, 2, 2, 4, 3, 4, 1, 2, 1, 4, 3, 1, 3, 1, 1, 1, 1, 2, 1, 4, 2, 4, 1, 2, 1, 4, 4, 1, 3, 3, 4, 4, 4, 4, 3, 4, 4, 3, 2, 4, 4, 2, 1, 3, 3, 1, 2, 4, 3, 4, 4, 1, 4, 2, 4, 1, 2, 1, 3, 2, 3, 2, 2, 4, 4, 4, 4, 2, 4, 4, 3, 1, 4, 2, 4, 3, 1, 3, 1, 2] [7, 6, 6, 7, 5, 8, 5, 6, 4, 6, 6, 4, 6, 5, 5, 4, 5, 5, 4, 7, 4, 8, 4, 5, 5, 8, 6, 4, 6, 6, 6, 6, 8, 6, 6, 7, 6, 5, 4, 6, 7, 4, 4, 6, 6, 5, 6, 8, 6, 8, 7, 4, 6, 5, 8, 4, 5, 3, 6, 4, 6, 4, 5, 8, 6, 8, 6, 4, 6, 8, 6, 4, 7, 4, 7, 7, 5, 7, 3, 5]
A_39 54.75 A 39 [1, 4, 2, 3, 1, 1, 2, 1, 4, 2, 4, 3, 3, 1, 4, 3, 3, 4, 1, 4, 1, 4, 2, 1, 4, 3, 3, 2, 2, 2, 1, 2, 4, 4, 2, 1, 2, 3, 4, 1, 3, 3, 4, 4, 3, 3, 4, 3, 2, 3, 3, 3, 1, 4, 1, 4, 3, 3, 3, 3, 4, 4, 2, 4, 1, 4, 3, 2, 3, 2, 3, 3, 1, 1, 2, 4, 4, 2, 3, 1] [5, 8, 5, 6, 5, 5, 5, 5, 7, 5, 6, 7, 5, 5, 8, 5, 5, 8, 3, 8, 3, 8, 5, 3, 6, 7, 5, 6, 6, 4, 4, 4, 6, 7, 5, 4, 6, 7, 6, 5, 7, 5, 8, 7, 7, 5, 8, 6, 4, 6, 6, 6, 5, 8, 3, 7, 5, 7, 5, 5, 8, 6, 6, 8, 5, 8, 7, 4, 5, 5, 6, 5, 3, 4, 4, 8, 8, 4, 5, 5]
B_0 1.08 B 40 [2, 3, 4, 2, 1, 4, 2, 3, 1, 4, 1, 4, 3, 2, 4, 1, 3, 4, 2, 3, 3, 1, 3, 3, 3, 1, 4, 3, 4, 2, 2, 2, 2, 1, 3, 2, 3, 1, 4, 3, 3, 4, 2, 1, 3, 4, 3, 1, 1, 2, 1, 3, 2, 2, 1, 3, 1, 3, 2, 1, 2, 1, 1, 1, 3, 2, 2, 4, 1, 3, 4, 2, 1, 4, 4, 3, 2, 2, 1, 4] [6, 5, 7, 4, 4, 7, 5, 5, 5, 7, 3, 7, 6, 4, 8, 3, 6, 7, 6, 7, 7, 3, 7, 5, 6, 5, 6, 7, 7, 6, 5, 5, 6, 4, 7, 4, 7, 3, 7, 7, 5, 6, 5, 3, 7, 7, 6, 5, 3, 5, 5, 5, 4, 4, 4, 5, 5, 5, 6, 5, 6, 5, 3, 4, 5, 4, 5, 7, 5, 5, 8, 4, 4, 8, 7, 5, 4, 6, 4, 6]
B_1 2.08 B 41 [1, 1, 2, 3, 2, 4, 3, 2, 3, 4, 1, 3, 1, 1, 2, 2, 2, 3, 4, 3, 1, 4, 2, 3, 3, 2, 4, 1, 4, 2, 3, 2, 2, 4, 1, 3, 3, 1, 2, 3, 4, 4, 2, 4, 2, 2, 4, 2, 3, 2, 2, 2, 4, 3, 1, 3, 4, 2, 2, 4, 4, 3, 3, 3, 2, 2, 3, 1, 4, 2, 1, 3, 3, 2, 2, 1, 3, 4, 2, 1] [3, 4, 4, 5, 4, 8, 5, 5, 7, 8, 5, 6, 3, 5, 5, 4, 6, 7, 6, 7, 4, 7, 5, 7, 5, 6, 8, 3, 7, 6, 5, 4, 6, 6, 3, 5, 6, 3, 4, 5, 6, 7, 4, 6, 6, 6, 7, 5, 7, 4, 4, 4, 6, 5, 3, 5, 6, 5, 4, 7, 6, 7, 6, 7, 5, 5, 5, 5, 7, 6, 4, 6, 7, 4, 6, 5, 7, 6, 6, 4]
B_2 3.08 B 42 [3, 4, 3, 4, 4, 2, 2, 4, 1, 1, 3, 1, 3, 2, 3, 1, 1, 1, 1, 1, 2, 4, 1, 4, 1, 4, 2, 2, 3, 1, 1, 2, 3, 3, 4, 3, 2, 2, 1, 4, 2, 2, 4, 2, 3, 3, 3, 2, 2, 1, 1, 3, 4, 4, 1, 2, 4, 2, 4, 4, 1, 4, 2, 4, 3, 2, 4, 2, 4, 1, 4, 4, 2, 3, 3, 3, 2, 1, 2, 3] [6, 7, 7, 6, 8, 5, 6, 6, 3, 5, 7, 5, 7, 6, 7, 4, 4, 5, 5, 3, 5, 8, 3, 6, 4, 6, 5, 4, 5, 3, 3, 5, 6, 5, 8, 6, 5, 6, 4, 8, 5, 4, 8, 6, 5, 6, 5, 4, 5, 3, 4, 7, 7, 7, 4, 5, 6, 5, 8, 6, 5, 6, 4, 6, 5, 4, 6, 6, 8, 5, 8, 7, 6, 7, 7, 5, 6, 4, 6, 6]
B_3 4.08 B 43 [1, 1, 3, 4, 1, 1, 4, 3, 3, 4, 3, 1, 3, 3, 1, 2, 4, 2, 4, 2, 1, 3, 1, 1, 2, 3, 3, 4, 2, 4, 2, 1, 3, 2, 4, 2, 2, 2, 3, 4, 1, 4, 2, 4, 3, 4, 2, 3, 4, 3, 1, 4, 4, 1, 3, 2, 3, 4, 3, 4, 3, 1, 3, 1, 1, 2, 4, 3, 2, 3, 1, 4, 1, 2, 4, 4, 2, 3, 2, 1] [3, 5, 7, 6, 4, 5, 7, 5, 7, 6, 7, 5, 7, 5, 5, 4, 6, 5, 8, 5, 3, 7, 4, 5, 4, 6, 7, 8, 4, 8, 4, 5, 6, 5, 8, 5, 5, 4, 6, 7, 3, 6, 6, 7, 7, 7, 4, 7, 8, 5, 5, 8, 6, 3, 5, 4, 7, 6, 5, 7, 5, 4, 5, 3, 4, 6, 7, 7, 6, 6, 3, 7, 3, 6, 7, 6, 4, 5, 6, 4]
B_4 5.08 B 44 [1, 2, 3, 3, 2, 3, 1, 3, 3, 2, 1, 2, 2, 3, 4, 3, 4, 3, 3, 2, 2, 2, 2, 3, 4, 1, 2, 1, 2, 3, 1, 2, 1, 1, 1, 4, 3, 3, 3, 3, 3, 2, 3, 3, 2, 2, 3, 3, 4, 3, 4, 3, 2, 2, 3, 1, 4, 1, 2, 2, 1, 2, 4, 1, 3, 2, 1, 1, 4, 3, 2, 2, 3, 3, 3, 1, 4, 3, 2, 1] [3, 5, 6, 7, 4, 5, 5, 7, 5, 4, 3, 6, 4, 7, 8, 5, 8, 7, 5, 5, 5, 5, 4, 7, 6, 4, 6, 5, 4, 7, 5, 6, 5, 4, 5, 7, 5, 5, 6, 7, 7, 6, 5, 7, 4, 4, 6, 5, 6, 7, 7, 7, 6, 4, 6, 3, 6, 5, 4, 4, 4, 6, 8, 3, 5, 4, 4, 5, 7, 7, 5, 4, 5, 7, 6, 5, 7, 6, 6, 4]
B_5 6.08 B 45 [1, 1, 3, 3, 1, 4, 1, 2, 2, 1, 3, 2, 1, 3, 1, 1, 2, 4, 2, 4, 2, 2, 4, 3, 2, 1, 1, 4, 3, 2, 3, 4, 2, 2, 3, 3, 1, 2, 1, 3, 4, 2, 3, 4, 2, 2, 3, 4, 2, 3, 2, 4, 1, 3, 1, 4, 1, 2, 3, 4, 4, 1, 4, 1, 3, 2, 3, 4, 4, 4, 4, 1, 3, 3, 4, 4, 4, 1, 2, 3] [5, 5, 6, 5, 3, 6, 5, 6, 4, 3, 6, 4, 5, 7, 4, 5, 4, 8, 6, 6, 4, 6, 7, 5, 4, 5, 4, 8, 7, 4, 7, 6, 5, 4, 7, 7, 3, 5, 5, 5, 7, 6, 6, 7, 4, 4, 6, 6, 4, 6, 6, 8, 4, 7, 3, 8, 3, 6, 5, 7, 7, 5, 6, 4, 6, 4, 6, 6, 7, 7, 8, 5, 6, 6, 6, 6, 6, 3, 4, 7]
B_6 7.08 B 46 [1, 2, 2, 3, 3, 2, 1, 2, 1, 1, 2, 2, 2, 3, 3, 1, 1, 1, 3, 1, 1, 1, 1, 3, 3, 3, 3, 2, 4, 4, 3, 4, 1, 1, 1, 3, 2, 2, 2, 4, 3, 4, 3, 2, 3, 3, 3, 1, 3, 3, 2, 1, 4, 3, 3, 2, 4, 4, 2, 4, 4, 2, 4, 4, 4, 1, 4, 4, 3, 3, 2, 3, 3, 3, 1, 2, 2, 1, 3, 3] [3, 6, 5, 5, 5, 4, 4, 4, 3, 5, 5, 5, 5, 5, 5, 3, 4, 5, 5, 5, 5, 3, 3, 7, 5, 5, 5, 5, 6, 6, 5, 7, 4, 4, 4, 5, 5, 4, 6, 8, 6, 7, 5, 4, 6, 6, 5, 4, 5, 5, 5, 3, 6, 7, 5, 5, 8, 7, 5, 6, 8, 5, 7, 8, 7, 3, 6, 7, 5, 7, 5, 7, 5, 6, 4, 4, 5, 3, 7, 7]
B_7 8.08 B 47 [1, 1, 4, 4, 2, 2, 4, 3, 1, 4, 2, 2, 3, 1, 3, 1, 3, 3, 3, 3, 3, 2, 4, 1, 4, 2, 2, 2, 2, 3, 2, 3, 1, 4, 4, 4, 3, 2, 4, 3, 1, 2, 2, 3, 3, 4, 1, 3, 4, 3, 3, 1, 4, 1, 3, 4, 2, 2, 4, 2, 2, 3, 1, 3, 1, 4, 3, 2, 2, 3, 4, 3, 3, 2, 3, 1, 3, 3, 1, 4] [5, 5, 7, 6, 6, 6, 7, 5, 5, 7, 4, 6, 6, 3, 5, 4, 7, 7, 7, 5, 5, 5, 7, 5, 7, 4, 4, 6, 5, 6, 5, 6, 3, 8, 8, 6, 5, 5, 8, 6, 5, 5, 4, 7, 5, 6, 4, 7, 7, 6, 5, 3, 7, 4, 7, 8, 4, 6, 7, 5, 4, 5, 5, 7, 4, 7, 6, 5, 4, 7, 6, 5, 5, 5, 6, 3, 7, 5, 4, 8]
B_8 10.45 B 48 [2, 1, 1, 2, 4, 3, 3, 1, 1, 1, 1, 2, 1, 4, 3, 1, 1, 2, 1, 2, 1, 2, 2, 2, 2, 1, 4, 2, 1, 1, 2, 2, 1, 2, 1, 4, 2, 2, 3, 2, 1, 3, 2, 4, 4, 2, 3, 4, 4, 2, 4, 2, 2, 2, 4, 2, 1, 4, 2, 3, 2, 2, 4, 1, 2, 3, 4, 1, 1, 3, 1, 1, 4, 2, 1, 1, 3, 4, 3, 4] [4, 3, 4, 5, 8, 6, 5, 3, 5, 5, 4, 4, 5, 8, 6, 3, 3, 4, 4, 5, 3, 4, 6, 5, 5, 5, 7, 6, 3, 4, 6, 4, 4, 5, 3, 6, 6, 6, 6, 4, 3, 7, 5, 8, 6, 4, 5, 7, 7, 5, 7, 5, 5, 6, 8, 6, 5, 6, 6, 7, 6, 4, 6, 3, 5, 5, 8, 4, 3, 6, 3, 3, 7, 4, 5, 5, 7, 8, 6, 8]
B_9 11.45 B 49 [3, 1, 1, 4, 2, 3, 4, 2, 4, 2, 2, 4, 3, 1, 2, 1, 2, 1, 2, 3, 2, 1, 1, 2, 4, 3, 2, 3, 2, 1, 1, 4, 4, 4, 1, 3, 2, 1, 4, 3, 2, 2, 1, 3, 3, 3, 3, 3, 2, 2, 2, 1, 2, 3, 4, 2, 2, 2, 1, 2, 2, 2, 1, 1, 4, 2, 1, 4, 2, 3, 4, 3, 1, 4, 1, 4, 3, 2, 2, 3] [5, 3, 3, 7, 6, 6, 7, 5, 8, 6, 4, 7, 6, 4, 4, 5, 6, 3, 4, 5, 6, 5, 3, 5, 8, 7, 4, 5, 6, 3, 4, 6, 7, 7, 5, 7, 5, 4, 8, 6, 5, 4, 3, 5, 7, 6, 5, 6, 5, 6, 4, 4, 6, 7, 6, 6, 4, 6, 5, 6, 4, 5, 4, 3, 8, 6, 3, 6, 6, 6, 7, 7, 4, 6, 3, 8, 7, 4, 4, 5]
B_10 13.18 B 50 [4, 2, 3, 4, 2, 4, 3, 2, 2, 3, 1, 1, 1, 4, 3, 4, 3, 1, 3, 4, 4, 3, 1, 4, 4, 3, 2, 3, 4, 4, 4, 4, 4, 3, 3, 2, 2, 2, 4, 3, 1, 2, 1, 1, 4, 2, 2, 3, 4, 2, 3, 3, 1, 3, 3, 1, 2, 4, 3, 4, 3, 2, 3, 2, 4, 1, 1, 2, 2, 3, 1, 2, 4, 4, 1, 4, 2, 2, 4, 4] [8, 5, 6, 8, 5, 8, 5, 6, 6, 6, 5, 4, 3, 6, 6, 7, 6, 3, 7, 8, 6, 5, 4, 7, 7, 5, 4, 7, 8, 8, 7, 7, 8, 6, 5, 6, 6, 4, 7, 6, 5, 4, 4, 5, 7, 6, 5, 5, 7, 4, 5, 5, 4, 7, 7, 5, 6, 7, 7, 7, 7, 5, 5, 6, 7, 5, 4, 4, 4, 6, 5, 6, 6, 6, 5, 6, 6, 5, 6, 7]
B_11 14.18 B 51 [3, 1, 1, 3, 4, 3, 3, 3, 2, 2, 3, 4, 1, 1, 4, 3, 4, 1, 2, 1, 4, 2, 1, 4, 4, 3, 2, 2, 3, 1, 3, 1, 3, 1, 4, 1, 1, 3, 1, 3, 3, 2, 3, 4, 3, 4, 1, 1, 2, 1, 3, 4, 3, 2, 1, 2, 2, 2, 3, 3, 2, 3, 3, 4, 1, 1, 1, 2, 4, 1, 1, 3, 3, 1, 2, 4, 2, 2, 3, 2] [5, 4, 4, 7, 8, 5, 5, 6, 5, 6, 5, 7, 4, 3, 6, 6, 8, 5, 6, 4, 6, 4, 3, 7, 8, 7, 5, 6, 7, 5, 5, 5, 7, 4, 6, 4, 3, 6, 4, 6, 5, 4, 7, 8, 7, 8, 3, 3, 5, 4, 5, 7, 6, 6, 5, 6, 4, 5, 5, 7, 5, 5, 7, 6, 4, 3, 5, 6, 6, 5, 3, 7, 5, 4, 4, 7, 6, 4, 6, 5]
B_12 15.18 B 52 [3, 4, 1, 2, 1, 4, 3, 3, 3, 1, 2, 2, 1, 2, 4, 1, 1, 1, 3, 2, 3, 2, 2, 1, 3, 3, 2, 2, 2, 1, 4, 1, 4, 3, 3, 3, 2, 2, 4, 1, 2, 4, 4, 4, 2, 1, 4, 4, 2, 2, 1, 3, 1, 2, 1, 2, 4, 2, 2, 1, 3, 2, 4, 3, 2, 2, 4, 4, 3, 2, 2, 3, 4, 1, 1, 3, 4, 1, 1, 2] [7, 7, 3, 4, 3, 7, 6, 7, 6, 4, 5, 4, 4, 4, 7, 4, 4, 4, 6, 6, 7, 6, 6, 4, 6, 6, 4, 4, 5, 5, 7, 4, 7, 5, 5, 6, 6, 4, 6, 5, 4, 6, 7, 6, 6, 4, 6, 7, 5, 6, 4, 6, 3, 6, 4, 6, 7, 4, 6, 3, 6, 6, 6, 6, 6, 5, 7, 6, 5, 4, 4, 7, 7, 4, 3, 7, 8, 5, 5, 6]
B_13 16.18 B 53 [4, 3, 4, 3, 3, 1, 3, 2, 4, 4, 1, 2, 1, 1, 2, 1, 2, 3, 4, 4, 3, 4, 3, 2, 2, 3, 1, 1, 3, 1, 1, 2, 1, 1, 4, 1, 4, 3, 2, 4, 2, 3, 4, 1, 2, 3, 3, 1, 2, 3, 3, 2, 2, 2, 1, 2, 4, 3, 1, 3, 3, 3, 1, 1, 2, 4, 2, 3, 4, 2, 3, 2, 2, 4, 3, 3, 4, 4, 2, 2] [8, 6, 6, 7, 5, 3, 5, 5, 7, 8, 3, 5, 3, 4, 6, 4, 6, 7, 6, 7, 5, 6, 7, 5, 5, 5, 5, 5, 5, 4, 3, 6, 4, 4, 6, 4, 8, 7, 5, 8, 4, 5, 7, 3, 4, 7, 7, 4, 6, 7, 7, 6, 6, 6, 5, 4, 6, 5, 4, 7, 5, 5, 3, 4, 4, 8, 6, 6, 6, 5, 5, 6, 6, 6, 5, 7, 6, 8, 5, 6]
B_14 17.18 B 54 [2, 1, 3, 4, 2, 4, 3, 2, 2, 2, 2, 3, 4, 2, 4, 1, 3, 2, 4, 3, 4, 1, 3, 1, 4, 1, 1, 3, 1, 1, 4, 1, 4, 4, 1, 2, 2, 4, 4, 1, 1, 1, 1, 3, 3, 1, 3, 3, 4, 4, 3, 1, 1, 1, 1, 2, 2, 2, 1, 1, 1, 1, 1, 3, 1, 1, 4, 1, 1, 4, 3, 3, 4, 4, 1, 3, 2, 4, 1, 1] [5, 5, 5, 6, 5, 8, 5, 6, 5, 6, 4, 7, 7, 6, 8, 5, 7, 6, 6, 7, 7, 3, 7, 4, 8, 5, 5, 6, 3, 4, 7, 3, 6, 6, 5, 4, 4, 8, 8, 3, 4, 3, 4, 5, 6, 3, 5, 7, 8, 6, 7, 5, 4, 5, 4, 6, 4, 4, 5, 5, 4, 3, 3, 6, 3, 3, 7, 3, 5, 6, 5, 6, 8, 7, 3, 5, 5, 7, 3, 5]
B_15 18.18 B 55 [4, 2, 1, 2, 3, 3, 2, 2, 1, 1, 2, 3, 1, 4, 2, 3, 2, 2, 3, 2, 2, 4, 1, 4, 2, 3, 2, 2, 4, 2, 3, 3, 4, 3, 1, 3, 2, 4, 1, 4, 3, 3, 2, 2, 1, 4, 2, 4, 2, 2, 1, 2, 2, 2, 2, 3, 1, 4, 2, 2, 2, 3, 4, 2, 1, 1, 1, 3, 1, 4, 1, 3, 3, 3, 1, 4, 1, 4, 4, 2] [6, 5, 4, 6, 6, 5, 4, 5, 5, 3, 5, 5, 4, 6, 4, 6, 5, 6, 5, 4, 5, 8, 3, 7, 6, 5, 4, 4, 6, 4, 6, 6, 6, 6, 4, 6, 6, 6, 4, 7, 5, 5, 5, 4, 3, 8, 5, 8, 6, 6, 5, 6, 6, 4, 6, 7, 5, 8, 5, 5, 6, 7, 8, 6, 4, 4, 4, 6, 3, 8, 3, 5, 6, 7, 5, 7, 5, 6, 8, 6]
B_16 19.8 B 56 [3, 3, 2, 3, 2, 4, 2, 4, 4, 3, 4, 2, 3, 3, 1, 2, 4, 4, 1, 3, 2, 2, 2, 3, 4, 3, 2, 4, 1, 4, 3, 4, 3, 3, 3, 2, 1, 2, 2, 3, 1, 4, 4, 3, 4, 1, 4, 2, 1, 2, 2, 2, 4, 4, 2, 1, 1, 3, 3, 2, 1, 1, 2, 3, 1, 3, 3, 2, 2, 2, 4, 1, 4, 2, 1, 2, 2, 2, 3, 4] [6, 6, 4, 7, 4, 8, 4, 6, 8, 6, 8, 5, 5, 5, 4, 6, 8, 6, 4, 5, 6, 4, 5, 7, 7, 7, 5, 7, 3, 7, 7, 6, 7, 7, 5, 6, 5, 4, 5, 5, 5, 6, 6, 7, 6, 3, 8, 4, 5, 4, 6, 4, 7, 6, 4, 5, 3, 6, 6, 6, 3, 4, 6, 7, 5, 7, 5, 5, 4, 4, 8, 3, 8, 4, 4, 4, 4, 6, 5, 7]
B_17 21.91 B 57 [1, 3, 1, 1, 2, 1, 1, 3, 2, 2, 1, 3, 3, 1, 1, 1, 3, 4, 2, 4, 1, 2, 2, 4, 4, 2, 2, 4, 4, 3, 1, 3, 3, 2, 3, 4, 2, 4, 1, 3, 3, 2, 2, 4, 1, 2, 4, 2, 4, 2, 4, 2, 2, 3, 2, 4, 3, 1, 1, 3, 4, 4, 2, 2, 3, 3, 4, 3, 1, 4, 4, 1, 3, 3, 4, 1, 4, 1, 1, 3] [3, 7, 5, 5, 5, 5, 4, 7, 6, 4, 5, 6, 5, 5, 4, 5, 6, 6, 6, 7, 3, 4, 5, 7, 8, 6, 5, 6, 8, 5, 3, 6, 6, 4, 6, 8, 5, 6, 3, 7, 5, 5, 5, 6, 5, 6, 7, 6, 6, 6, 7, 5, 4, 5, 4, 8, 6, 5, 4, 6, 6, 6, 4, 4, 6, 7, 8, 6, 3, 8, 6, 5, 5, 6, 8, 4, 6, 4, 5, 7]
B_18 23.97 B 58 [4, 4, 3, 4, 4, 2, 1, 1, 3, 4, 3, 2, 2, 2, 2, 1, 4, 2, 2, 3, 1, 3, 1, 4, 2, 3, 1, 2, 1, 2, 1, 4, 2, 3, 3, 2, 2, 1, 3, 3, 2, 2, 4, 3, 2, 3, 2, 4, 2, 1, 3, 3, 2, 1, 1, 2, 3, 1, 2, 3, 1, 3, 1, 3, 4, 1, 1, 1, 1, 1, 4, 1, 2, 3, 2, 4, 1, 3, 3, 2] [7, 6, 7, 6, 6, 6, 4, 5, 5, 6, 6, 5, 6, 5, 4, 3, 6, 4, 4, 5, 3, 7, 3, 7, 5, 5, 3, 6, 3, 4, 3, 8, 6, 6, 6, 6, 4, 4, 6, 5, 6, 4, 8, 5, 4, 5, 5, 7, 6, 5, 7, 5, 6, 4, 5, 5, 6, 4, 4, 6, 3, 6, 4, 5, 6, 4, 5, 4, 5, 3, 6, 3, 6, 5, 6, 8, 4, 7, 6, 5]
B_19 24.97 B 59 [3, 2, 4, 2, 4, 1, 3, 1, 2, 2, 4, 3, 3, 2, 2, 3, 3, 2, 1, 2, 3, 2, 4, 4, 4, 2, 1, 3, 3, 3, 4, 2, 3, 4, 1, 4, 2, 3, 2, 3, 1, 4, 4, 4, 2, 4, 4, 2, 3, 2, 4, 3, 1, 3, 1, 2, 2, 3, 3, 4, 2, 3, 2, 4, 2, 3, 1, 1, 3, 4, 2, 1, 3, 2, 2, 3, 3, 2, 4, 3] [7, 5, 6, 6, 6, 3, 6, 5, 6, 6, 6, 5, 5, 4, 6, 7, 7, 6, 4, 4, 5, 6, 6, 8, 6, 5, 4, 6, 5, 5, 6, 6, 6, 6, 3, 8, 5, 6, 4, 5, 5, 7, 6, 7, 4, 7, 6, 5, 7, 6, 7, 7, 3, 7, 5, 5, 6, 6, 6, 7, 4, 5, 6, 7, 4, 6, 3, 5, 5, 8, 4, 4, 7, 4, 6, 6, 5, 4, 6, 6]
B_20 25.97 B 60 [2, 1, 4, 4, 4, 4, 2, 2, 1, 4, 4, 2, 3, 4, 3, 4, 2, 3, 3, 1, 2, 1, 2, 2, 3, 4, 3, 4, 1, 4, 2, 1, 4, 2, 4, 2, 2, 3, 3, 4, 2, 4, 1, 3, 1, 4, 4, 2, 2, 2, 3, 2, 3, 3, 1, 2, 1, 4, 1, 2, 3, 4, 2, 3, 4, 2, 2, 4, 3, 1, 2, 3, 4, 2, 3, 1, 4, 1, 2, 4] [4, 5, 6, 6, 6, 8, 6, 6, 3, 8, 6, 5, 5, 7, 7, 6, 4, 6, 7, 4, 5, 4, 6, 6, 7, 6, 6, 8, 4, 6, 5, 3, 6, 4, 6, 5, 5, 5, 6, 8, 6, 6, 5, 5, 4, 7, 8, 4, 6, 4, 7, 5, 6, 5, 4, 6, 3, 6, 3, 4, 6, 6, 6, 6, 6, 6, 6, 7, 7, 3, 6, 5, 8, 5, 7, 4, 6, 3, 5, 8]
B_21 26.97 B 61 [2, 3, 1, 2, 3, 2, 4, 3, 4, 3, 1, 4, 1, 1, 1, 1, 1, 1, 3, 1, 1, 4, 1, 1, 1, 3, 4, 2, 4, 2, 1, 4, 1, 4, 4, 2, 2, 2, 2, 4, 1, 3, 4, 1, 2, 1, 2, 3, 2, 2, 2, 3, 2, 3, 1, 3, 1, 4, 3, 3, 4, 2, 1, 1, 4, 2, 2, 3, 4, 3, 2, 1, 2, 1, 2, 3, 3, 1, 3, 3] [4, 5, 5, 5, 7, 6, 7, 7, 6, 7, 5, 7, 5, 4, 4, 5, 4, 4, 5, 3, 3, 6, 3, 5, 5, 5, 7, 5, 6, 5, 5, 8, 3, 8, 7, 4, 6, 6, 4, 6, 5, 7, 6, 4, 6, 5, 5, 5, 4, 5, 5, 5, 6, 5, 3, 7, 4, 6, 6, 5, 6, 6, 3, 3, 6, 5, 6, 6, 6, 7, 5, 5, 6, 5, 6, 7, 6, 5, 5, 7]
B_22 27.97 B 62 [4, 4, 1, 4, 3, 2, 3, 2, 4, 2, 3, 3, 3, 1, 1, 1, 2, 4, 1, 4, 3, 1, 3, 2, 3, 2, 2, 2, 2, 3, 1, 2, 4, 4, 2, 1, 4, 1, 2, 2, 1, 3, 2, 3, 4, 4, 4, 1, 4, 1, 3, 3, 4, 1, 1, 4, 2, 2, 1, 2, 2, 1, 3, 4, 2, 4, 3, 4, 2, 1, 3, 3, 4, 4, 4, 3, 4, 4, 2, 4] [6, 8, 4, 6, 6, 4, 7, 6, 6, 5, 5, 6, 6, 4, 3, 5, 6, 6, 3, 8, 7, 5, 7, 5, 6, 5, 4, 5, 6, 5, 4, 6, 8, 6, 6, 3, 7, 3, 5, 6, 3, 6, 4, 5, 8, 6, 7, 5, 6, 4, 5, 7, 6, 3, 3, 8, 6, 4, 4, 6, 6, 3, 7, 8, 4, 8, 7, 8, 6, 5, 6, 5, 7, 6, 7, 6, 6, 7, 5, 8]
B_23 29.48 B 63 [4, 4, 2, 2, 1, 1, 2, 3, 4, 4, 4, 2, 3, 1, 4, 2, 3, 4, 1, 2, 4, 3, 4, 3, 2, 1, 2, 4, 2, 2, 3, 1, 4, 3, 1, 2, 1, 4, 4, 4, 1, 3, 4, 1, 1, 1, 4, 3, 1, 1, 2, 4, 3, 1, 3, 2, 3, 2, 3, 4, 3, 1, 4, 4, 3, 1, 1, 2, 3, 2, 3, 2, 4, 1, 2, 2, 2, 3, 2, 4] [7, 7, 5, 4, 5, 3, 6, 5, 7, 6, 6, 6, 5, 5, 7, 4, 6, 8, 3, 5, 8, 6, 6, 5, 6, 4, 5, 7, 6, 5, 5, 4, 6, 5, 4, 6, 5, 6, 8, 8, 4, 7, 6, 3, 3, 4, 8, 7, 3, 3, 6, 6, 6, 4, 6, 6, 7, 4, 5, 7, 6, 3, 8, 8, 5, 3, 4, 6, 5, 4, 6, 4, 6, 3, 4, 5, 4, 6, 5, 6]
B_24 38.33 B 64 [1, 3, 3, 2, 2, 2, 2, 1, 1, 2, 4, 4, 3, 4, 1, 3, 2, 4, 3, 2, 2, 2, 3, 4, 3, 4, 4, 3, 4, 2, 1, 3, 1, 2, 3, 4, 1, 3, 4, 1, 3, 2, 3, 1, 3, 3, 4, 1, 2, 4, 4, 1, 2, 2, 1, 1, 1, 3, 4, 2, 4, 4, 2, 3, 1, 4, 3, 1, 4, 1, 3, 4, 3, 2, 4, 3, 1, 1, 1, 3] [3, 6, 6, 4, 4, 5, 4, 4, 3, 4, 7, 7, 7, 7, 4, 7, 5, 6, 7, 4, 5, 4, 6, 8, 6, 7, 8, 7, 7, 6, 3, 7, 5, 5, 7, 8, 4, 7, 6, 5, 5, 5, 5, 4, 5, 6, 7, 4, 5, 8, 7, 4, 6, 4, 3, 4, 5, 6, 6, 4, 6, 6, 4, 5, 5, 7, 5, 3, 6, 3, 6, 6, 5, 4, 8, 6, 3, 3, 4, 5]
B_25 39.33 B 65 [2, 3, 2, 3, 2, 2, 3, 1, 1, 1, 1, 1, 3, 4, 4, 2, 1, 3, 3, 4, 2, 1, 3, 2, 3, 1, 4, 3, 2, 2, 4, 4, 2, 3, 1, 3, 1, 2, 4, 4, 2, 2, 2, 2, 2, 2, 1, 4, 3, 2, 1, 1, 2, 4, 1, 1, 3, 3, 1, 3, 2, 2, 4, 1, 4, 1, 3, 2, 4, 1, 1, 3, 4, 4, 1, 3, 3, 4, 3, 2] [5, 5, 4, 5, 5, 4, 6, 5, 3, 5, 4, 5, 7, 7, 7, 4, 5, 7, 5, 8, 4, 4, 5, 4, 6, 3, 6, 6, 4, 4, 8, 6, 6, 7, 3, 7, 5, 4, 8, 8, 4, 5, 4, 6, 4, 4, 3, 7, 5, 6, 5, 3, 5, 8, 3, 4, 7, 7, 4, 6, 6, 5, 8, 3, 7, 4, 5, 4, 8, 5, 3, 7, 7, 8, 5, 6, 5, 6, 6, 6]
B_26 40.33 B 66 [2, 1, 2, 2, 3, 1, 3, 3, 4, 2, 2, 2, 4, 4, 1, 3, 1, 2, 4, 4, 2, 3, 1, 3, 3, 1, 3, 3, 2, 2, 3, 2, 2, 3, 3, 2, 4, 3, 4, 3, 2, 3, 4, 4, 1, 3, 4, 3, 4, 1, 1, 1, 4, 2, 4, 1, 3, 4, 1, 1, 2, 2, 3, 1, 3, 3, 4, 1, 4, 3, 3, 4, 1, 4, 2, 1, 3, 2, 1, 1] [5, 3, 5, 5, 5, 3, 5, 7, 7, 5, 6, 4, 7, 8, 5, 6, 3, 5, 8, 8, 4, 7, 3, 7, 5, 3, 5, 7, 5, 6, 7, 6, 6, 7, 6, 4, 8, 5, 6, 7, 5, 5, 6, 7, 4, 6, 6, 6, 8, 3, 4, 5, 7, 6, 7, 4, 5, 8, 5, 3, 6, 6, 7, 4, 5, 5, 7, 4, 8, 5, 5, 8, 5, 7, 6, 4, 7, 6, 4, 4]
B_27 43.78 B 67 [4, 2, 4, 4, 4, 1, 1, 1, 2, 4, 3, 4, 2, 4, 2, 1, 3, 1, 4, 3, 2, 3, 1, 1, 1, 4, 3, 3, 3, 2, 1, 1, 1, 1, 1, 4, 1, 2, 2, 2, 4, 1, 2, 3, 1, 4, 4, 2, 1, 4, 2, 2, 4, 3, 1, 3, 2, 3, 1, 1, 4, 3, 4, 2, 1, 2, 1, 1, 2, 3, 4, 4, 2, 4, 1, 3, 2, 4, 4, 4] [8, 5, 8, 6, 6, 5, 3, 4, 5, 8, 6, 6, 6, 8, 6, 3, 7, 5, 8, 5, 5, 7, 5, 4, 3, 8, 5, 7, 7, 4, 5, 4, 5, 5, 3, 8, 4, 6, 4, 4, 7, 5, 6, 7, 5, 6, 7, 5, 4, 6, 4, 6, 6, 6, 3, 6, 5, 6, 4, 5, 7, 6, 8, 6, 3, 4, 4, 4, 6, 5, 6, 6, 5, 8, 4, 5, 6, 7, 8, 6]
B_28 44.78 B 68 [4, 1, 2, 3, 1, 2, 3, 1, 2, 4, 2, 3, 1, 1, 4, 4, 3, 3, 3, 4, 2, 4, 1, 1, 4, 2, 2, 4, 3, 2, 3, 3, 4, 1, 1, 4, 2, 4, 4, 3, 1, 4, 4, 2, 4, 4, 3, 2, 1, 2, 2, 4, 3, 4, 1, 1, 2, 1, 1, 3, 3, 4, 2, 3, 4, 4, 4, 2, 4, 1, 2, 4, 3, 2, 2, 3, 1, 2, 3, 1] [8, 4, 6, 5, 3, 5, 6, 5, 5, 6, 6, 5, 5, 3, 7, 8, 5, 6, 7, 6, 4, 6, 3, 4, 7, 5, 4, 7, 5, 4, 7, 6, 6, 4, 5, 7, 5, 6, 6, 5, 5, 7, 8, 6, 7, 7, 5, 4, 3, 6, 4, 6, 5, 6, 5, 3, 4, 3, 5, 5, 7, 6, 6, 5, 6, 8, 8, 6, 8, 4, 6, 7, 7, 6, 6, 6, 4, 4, 5, 4]
B_29 46.65 B 69 [3, 2, 3, 1, 3, 3, 3, 3, 2, 1, 4, 2, 2, 2, 1, 1, 3, 3, 2, 4, 2, 2, 1, 1, 2, 2, 2, 4, 1, 4, 3, 4, 4, 3, 2, 3, 4, 4, 4, 2, 3, 2, 1, 3, 3, 4, 3, 3, 3, 3, 3, 1, 2, 2, 4, 4, 2, 4, 1, 4, 1, 3, 1, 2, 1, 1, 3, 3, 1, 4, 1, 2, 2, 4, 2, 4, 1, 2, 1, 1] [6, 6, 5, 4, 6, 6, 6, 6, 5, 5, 6, 5, 6, 5, 5, 4, 7, 6, 4, 6, 4, 4, 4, 4, 6, 5, 4, 6, 4, 7, 5, 6, 7, 6, 6, 7, 6, 7, 8, 5, 5, 6, 5, 6, 7, 7, 7, 7, 6, 6, 6, 5, 4, 5, 6, 8, 4, 8, 3, 8, 3, 7, 5, 4, 3, 5, 5, 5, 4, 8, 4, 6, 6, 8, 6, 6, 4, 5, 3, 3]
B_30 47.65 B 70 [3, 3, 2, 4, 3, 4, 4, 4, 1, 3, 1, 2, 1, 2, 1, 1, 2, 3, 4, 1, 3, 3, 3, 4, 3, 4, 4, 3, 2, 2, 4, 3, 3, 2, 4, 4, 4, 1, 3, 3, 4, 1, 4, 1, 2, 4, 2, 4, 1, 4, 1, 1, 2, 3, 3, 1, 4, 4, 4, 2, 2, 2, 3, 3, 3, 1, 3, 4, 2, 1, 1, 1, 1, 3, 2, 2, 3, 1, 3, 1] [5, 5, 5, 7, 7, 8, 8, 6, 4, 6, 5, 5, 4, 5, 3, 3, 6, 7, 6, 4, 5, 6, 7, 6, 6, 7, 7, 6, 5, 5, 8, 7, 5, 4, 7, 8, 8, 5, 6, 6, 8, 4, 8, 3, 5, 8, 5, 6, 3, 7, 5, 3, 4, 5, 5, 3, 8, 6, 6, 4, 6, 5, 6, 6, 6, 3, 5, 6, 6, 4, 4, 4, 3, 6, 4, 6, 6, 3, 7, 5]
B_31 49.76 B 71 [1, 3, 3, 3, 4, 3, 3, 2, 4, 4, 2, 2, 3, 3, 3, 3, 1, 3, 2, 2, 3, 3, 4, 3, 3, 2, 3, 1, 1, 2, 3, 1, 2, 2, 1, 4, 3, 4, 1, 3, 2, 3, 4, 4, 2, 1, 3, 3, 1, 3, 2, 3, 3, 2, 3, 3, 1, 1, 1, 1, 3, 1, 3, 2, 4, 3, 4, 4, 4, 2, 1, 4, 4, 3, 1, 4, 4, 1, 4, 2] [5, 6, 7, 6, 7, 6, 5, 6, 8, 6, 5, 5, 7, 5, 7, 5, 5, 5, 4, 6, 5, 6, 6, 5, 6, 5, 7, 3, 4, 6, 5, 3, 4, 6, 4, 6, 7, 8, 4, 5, 4, 6, 7, 7, 4, 5, 7, 5, 3, 7, 6, 7, 7, 6, 6, 5, 3, 5, 3, 4, 5, 5, 5, 4, 6, 7, 8, 6, 7, 6, 4, 7, 7, 6, 3, 8, 7, 3, 6, 6]
B_32 50.76 B 72 [2, 1, 4, 2, 4, 3, 3, 1, 4, 1, 4, 2, 1, 3, 1, 2, 1, 2, 1, 4, 2, 1, 2, 4, 4, 3, 3, 3, 3, 4, 2, 2, 4, 1, 2, 1, 3, 4, 4, 1, 1, 3, 2, 1, 3, 3, 3, 3, 4, 1, 4, 3, 4, 2, 4, 3, 4, 3, 2, 3, 4, 2, 4, 4, 3, 4, 1, 2, 3, 2, 1, 4, 2, 3, 1, 4, 2, 2, 2, 3] [6, 5, 7, 5, 6, 7, 6, 3, 6, 5, 6, 5, 5, 6, 4, 5, 4, 5, 4, 7, 5, 5, 5, 7, 6, 7, 5, 6, 6, 6, 4, 5, 8, 5, 6, 3, 6, 7, 7, 3, 4, 7, 6, 3, 5, 6, 5, 5, 7, 4, 6, 5, 7, 6, 8, 6, 8, 5, 6, 7, 8, 6, 7, 6, 5, 7, 5, 5, 7, 6, 3, 7, 5, 5, 3, 6, 4, 6, 4, 6]
B_33 51.76 B 73 [4, 2, 3, 2, 1, 4, 3, 4, 4, 2, 2, 2, 3, 3, 4, 4, 2, 2, 2, 4, 4, 2, 1, 4, 3, 2, 3, 1, 3, 1, 2, 3, 2, 1, 3, 1, 2, 4, 2, 1, 4, 2, 3, 2, 3, 3, 3, 2, 2, 4, 4, 1, 1, 4, 4, 3, 2, 3, 3, 2, 2, 1, 4, 1, 2, 4, 4, 4, 2, 4, 3, 3, 3, 3, 2, 2, 3, 4, 2, 4] [7, 6, 5, 6, 3, 7, 5, 7, 6, 4, 6, 6, 7, 7, 6, 7, 5, 4, 4, 8, 6, 6, 5, 6, 6, 6, 7, 4, 6, 3, 6, 7, 4, 4, 7, 3, 6, 6, 4, 4, 8, 4, 7, 6, 7, 6, 6, 5, 4, 6, 6, 4, 4, 6, 7, 7, 4, 6, 5, 4, 5, 5, 6, 3, 4, 8, 7, 8, 6, 8, 6, 6, 5, 5, 6, 6, 7, 8, 6, 7]
B_34 52.76 B 74 [2, 4, 1, 3, 1, 3, 3, 1, 4, 1, 1, 3, 2, 1, 3, 3, 3, 3, 2, 3, 2, 1, 3, 4, 1, 4, 4, 4, 3, 1, 3, 2, 4, 1, 2, 3, 4, 4, 4, 2, 4, 2, 3, 4, 3, 4, 1, 3, 1, 1, 1, 2, 1, 3, 1, 1, 1, 4, 2, 2, 3, 2, 4, 2, 4, 1, 2, 1, 2, 2, 2, 1, 1, 2, 3, 2, 2, 3, 2, 2] [4, 6, 3, 6, 5, 7, 7, 5, 7, 5, 5, 6, 5, 4, 6, 6, 7, 7, 5, 6, 4, 4, 7, 6, 5, 6, 6, 8, 5, 5, 5, 5, 6, 3, 5, 6, 6, 8, 7, 4, 7, 6, 7, 7, 6, 6, 4, 6, 5, 3, 5, 4, 3, 5, 3, 5, 4, 8, 6, 6, 7, 6, 7, 4, 8, 5, 6, 4, 6, 6, 4, 3, 3, 6, 6, 6, 6, 6, 5, 5]
B_35 53.76 B 75 [1, 2, 4, 3, 2, 3, 2, 4, 3, 4, 2, 2, 2, 1, 2, 1, 4, 2, 2, 2, 2, 1, 2, 1, 3, 3, 3, 4, 1, 2, 2, 4, 1, 1, 3, 4, 1, 2, 3, 4, 3, 1, 3, 4, 1, 4, 2, 1, 1, 4, 4, 4, 3, 3, 3, 4, 2, 1, 4, 3, 1, 3, 3, 2, 3, 3, 1, 3, 3, 4, 2, 4, 4, 2, 2, 2, 4, 3, 1, 2] [3, 4, 6, 7, 4, 5, 4, 6, 7, 8, 5, 5, 4, 4, 6, 5, 7, 4, 6, 5, 4, 5, 5, 5, 6, 7, 5, 6, 3, 4, 5, 7, 5, 3, 5, 6, 4, 5, 7, 8, 5, 5, 5, 6, 5, 6, 4, 3, 5, 8, 6, 7, 7, 7, 5, 7, 4, 4, 8, 6, 4, 7, 6, 5, 6, 6, 4, 5, 6, 6, 6, 8, 6, 6, 6, 4, 7, 7, 4, 5]
B_36 55.36 B 76 [2, 3, 2, 1, 1, 3, 1, 3, 4, 2, 3, 1, 1, 4, 4, 2, 1, 4, 4, 2, 1, 3, 2, 1, 3, 1, 4, 3, 1, 2, 3, 3, 2, 1, 1, 2, 1, 1, 1, 4, 2, 3, 2, 2, 4, 4, 2, 3, 3, 3, 2, 2, 4, 4, 2, 1, 2, 4, 1, 3, 4, 3, 4, 2, 1, 3, 3, 2, 1, 1, 3, 4, 2, 3, 2, 4, 4, 4, 2, 3] [5, 7, 4, 3, 4, 7, 4, 5, 7, 5, 6, 5, 4, 7, 8, 4, 4, 6, 7, 5, 5, 6, 5, 5, 5, 4, 7, 6, 5, 5, 5, 5, 5, 5, 3, 6, 5, 5, 5, 8, 4, 7, 6, 4, 7, 6, 5, 7, 7, 7, 6, 6, 8, 6, 5, 5, 4, 6, 4, 5, 6, 6, 6, 4, 3, 5, 7, 6, 4, 4, 6, 7, 4, 7, 6, 7, 7, 8, 6, 5]
B_37 56.36 B 77 [1, 4, 1, 1, 2, 1, 1, 2, 2, 4, 3, 3, 3, 1, 2, 4, 3, 4, 4, 4, 4, 2, 4, 3, 4, 4, 4, 4, 4, 1, 4, 1, 1, 2, 4, 3, 2, 4, 3, 2, 2, 4, 1, 3, 3, 1, 1, 3, 4, 2, 2, 2, 1, 4, 4, 4, 2, 1, 3, 2, 1, 1, 4, 3, 1, 4, 2, 4, 2, 2, 1, 1, 2, 4, 3, 3, 4, 3, 4, 4] [5, 6, 4, 4, 6, 5, 4, 6, 6, 8, 7, 6, 5, 5, 6, 8, 7, 7, 6, 8, 7, 5, 7, 6, 7, 8, 6, 7, 6, 4, 8, 4, 5, 6, 8, 5, 5, 7, 7, 4, 6, 6, 4, 5, 6, 3, 3, 5, 8, 4, 5, 4, 5, 8, 7, 6, 6, 4, 7, 4, 3, 5, 7, 6, 3, 6, 6, 7, 4, 5, 3, 3, 6, 8, 6, 7, 8, 5, 7, 6]
B_38 58.18 B 78 [4, 1, 2, 1, 4, 4, 4, 1, 2, 3, 3, 3, 1, 1, 4, 2, 3, 2, 4, 4, 3, 1, 4, 1, 4, 4, 3, 3, 3, 2, 1, 4, 1, 2, 1, 2, 4, 4, 1, 3, 1, 2, 2, 2, 2, 2, 3, 1, 3, 2, 4, 3, 1, 2, 1, 4, 3, 1, 3, 4, 2, 3, 2, 2, 1, 3, 1, 4, 3, 1, 3, 4, 2, 2, 2, 1, 2, 4, 1, 4] [8, 4, 5, 4, 7, 8, 7, 5, 4, 6, 7, 6, 4, 4, 8, 4, 6, 4, 6, 7, 7, 4, 6, 4, 8, 6, 5, 5, 7, 5, 4, 8, 5, 6, 3, 6, 7, 8, 3, 5, 4, 6, 6, 6, 6, 4, 7, 4, 6, 4, 6, 6, 5, 5, 3, 8, 5, 5, 6, 6, 5, 5, 5, 5, 4, 6, 4, 8, 5, 3, 7, 6, 4, 6, 5, 4, 6, 7, 4, 8]
B_39 59.18 B 79 [4, 3, 1, 2, 2, 1, 3, 2, 1, 2, 2, 3, 1, 3, 1, 4, 1, 4, 2, 1, 2, 1, 1, 2, 2, 2, 2, 3, 3, 2, 3, 4, 4, 4, 2, 1, 4, 3, 2, 1, 4, 1, 3, 1, 1, 3, 3, 4, 4, 3, 4, 2, 2, 2, 1, 2, 4, 3, 2, 3, 4, 3, 4, 4, 3, 2, 1, 4, 1, 1, 1, 2, 3, 4, 2, 2, 3, 4, 4, 4] [8, 6, 5, 6, 4, 3, 6, 5, 3, 6, 5, 6, 5, 6, 3, 6, 5, 6, 6, 5, 4, 4, 4, 4, 5, 6, 6, 6, 7, 5, 5, 7, 8, 6, 5, 3, 8, 7, 5, 5, 6, 4, 6, 4, 4, 7, 7, 8, 8, 5, 7, 5, 6, 6, 5, 6, 7, 7, 5, 6, 8, 7, 8, 6, 5, 6, 4, 6, 4, 3, 5, 6, 6, 7, 5, 5, 5, 6, 8, 7]
