0
0 A_0 86 0 0
4 B_0 90 0 1
2 B_1 92 0 2
4 B_2 96 0 3
3 A_1 99 0 4
4 A_2 103 0 5
1 A_3 104 0 6
4 A_4 108 0 7
1 A_5 109 0 8
6 B_3 115 0 9
3 A_6 118 0 10
1 A_7 119 0 11
5 B_4 124 0 12
1 B_5 125 0 13
5 A_8 130 0 14
2 A_9 132 0 15
4 A_10 136 0 16
3 B_6 139 0 17
3 B_7 142 0 18
6 A_11 148 0 19
4 B_8 152 0 20
4 A_12 156 0 21
5 B_9 161 0 22
3 B_10 164 0 23
4 B_11 168 0 24
5 A_13 173 0 25
2 A_14 175 0 26
7 B_12 182 0 27
6 A_15 188 0 28
3 B_13 191 0 29
6 A_16 197 0 30
3 A_17 200 0 31
4 A_18 204 0 32
4 B_14 208 0 33
5 A_19 213 0 34
7 B_15 220 0 35
2 B_16 222 0 36
1 B_17 223 0 37
4 B_18 227 0 38
4 B_19 231 0 39
No lane change: 231 125.39925000000001 6.079673767089844e-05
---------------------
in formation_2
pass
---------------------
in formation_3
pass
---------------------
in formation_4
pass
---------------------
in formation_5
pass
---------------------
in formation_6
pass
---------------------
in formation_7
pass
error in formulation  []
