1
0 A_0 86 0 0
4 B_0 90 0 1
2 B_1 92 0 2
4 B_2 96 0 3
3 A_1 99 0 4
4 A_2 103 0 5
1 A_3 104 0 6
4 A_4 108 0 7
1 A_5 109 0 8
4 B_3 113 1 9
3 A_6 116 1 10
1 A_7 117 1 11
3 B_4 120 0 12
1 B_5 121 0 13
3 A_8 124 1 14
2 A_9 126 1 15
4 A_10 130 1 16
3 B_6 133 1 17
3 B_7 136 1 18
4 A_11 140 0 19
2 B_8 142 1 20
2 A_12 144 0 21
3 B_9 147 1 22
3 B_10 150 1 23
4 B_11 154 1 24
3 A_13 157 0 25
2 A_14 159 0 26
4 B_12 163 1 27
3 A_15 166 0 28
3 B_13 169 0 29
3 A_16 172 1 30
3 A_17 175 1 31
4 A_18 179 1 32
1 B_14 180 0 33
2 A_19 182 1 34
4 B_15 186 0 35
2 B_16 188 0 36
1 B_17 189 0 37
4 B_18 193 0 38
4 B_19 197 0 39
greedy: 197 112.52425000000001 0.00026607513427734375
---------------------
in formation_2
pass
---------------------
in formation_3
pass
---------------------
in formation_4
pass
---------------------
in formation_5
pass
---------------------
in formation_6
pass
---------------------
in formation_7
pass
error in formulation  []
