2
[2, 2, 2, 0, 0, 0, 3, 0, 0, 0, 3, 0, 0, 0, 2, 2, 1, 2, 1, 2, 2, 2, 2, 0, 0, 0, 0, 3, 0, 0, 0, 2, 2, 0, 0, 2, 2, 2, 2, 2]
0 B_0 81 0 0
4 B_1 85 0 1
5 B_2 90 0 2
3 A_0 93 0 3
4 A_1 97 0 4
6 A_2 103 0 5
1 B_3 104 1 6
3 A_3 107 0 7
1 A_4 108 0 8
1 A_5 109 0 9
2 B_4 111 1 10
1 A_6 112 0 11
2 A_7 114 0 12
1 A_8 115 0 13
7 B_5 122 0 14
3 B_6 125 0 15
3 A_9 128 1 16
1 B_7 129 0 17
5 A_10 134 1 18
4 B_8 138 0 19
3 B_9 141 0 20
1 B_10 142 0 21
3 B_11 145 0 22
4 A_11 149 0 23
1 A_12 150 0 24
5 A_13 155 0 25
2 A_14 157 0 26
2 B_12 159 1 27
1 A_15 160 0 28
1 A_16 161 0 29
3 A_17 164 0 30
6 B_13 170 0 31
2 B_14 172 0 32
5 A_18 177 0 33
1 A_19 178 0 34
8 B_15 186 0 35
3 B_16 189 0 36
1 B_17 190 0 37
1 B_18 191 0 38
2 B_19 193 0 39
dp: 193
---------------------
in formation_2
pass
---------------------
in formation_3
pass
---------------------
in formation_4
pass
---------------------
in formation_5
pass
---------------------
in formation_6
pass
---------------------
in formation_7
pass
error in formulation  []
