3
0 A_0 86 0 0
4 B_0 90 0 1
2 B_1 92 0 2
4 B_2 96 0 3
3 A_1 99 0 4
4 A_2 103 0 5
1 A_3 104 0 6
4 A_4 108 0 7
1 A_5 109 0 8
1 A_6 110 0 9
1 A_7 111 0 10
3 A_8 114 0 11
2 A_9 116 0 12
4 B_3 120 0 13
2 B_4 122 0 14
1 B_5 123 0 15
4 B_6 127 0 16
3 B_7 130 0 17
3 B_8 133 0 18
4 B_9 137 0 19
3 B_10 140 0 20
3 A_10 143 0 21
2 A_11 145 0 22
2 A_12 147 0 23
3 A_13 150 0 24
2 A_14 152 0 25
3 B_11 155 0 26
3 B_12 158 0 27
3 B_13 161 0 28
1 B_14 162 0 29
1 B_15 163 0 30
2 B_16 165 0 31
1 B_17 166 0 32
4 B_18 170 0 33
3 A_15 173 0 34
1 A_16 174 0 35
3 B_19 177 0 36
5 A_17 182 0 37
4 A_18 186 0 38
1 A_19 187 0 39
nldp: 187 108.29924999999999 0.004194974899291992
---------------------
in formation_2
pass
---------------------
in formation_3
pass
---------------------
in formation_4
pass
---------------------
in formation_5
pass
---------------------
in formation_6
pass
---------------------
in formation_7
pass
error in formulation  []
