0
0 A_0 81 0 0
5 B_0 86 0 1
8 A_1 94 0 2
6 B_1 100 0 3
4 B_2 104 0 4
5 A_2 109 0 5
2 A_3 111 0 6
1 A_4 112 0 7
5 B_3 117 0 8
5 B_4 122 0 9
8 A_5 130 0 10
3 B_5 133 0 11
8 A_6 141 0 12
5 A_7 146 0 13
2 A_8 148 0 14
1 A_9 149 0 15
2 A_10 151 0 16
1 A_11 152 0 17
1 A_12 153 0 18
5 A_13 158 0 19
2 A_14 160 0 20
8 B_6 168 0 21
8 A_15 176 0 22
3 B_7 179 0 23
2 B_8 181 0 24
3 B_9 184 0 25
6 B_10 190 0 26
3 A_16 193 0 27
4 A_17 197 0 28
3 A_18 200 0 29
4 B_11 204 0 30
8 A_19 212 0 31
10 B_12 222 0 32
9 A_20 231 0 33
9 B_13 240 0 34
6 A_21 246 0 35
6 A_22 252 0 36
7 B_14 259 0 37
9 A_23 268 0 38
5 B_15 273 0 39
2 B_16 275 0 40
5 B_17 280 0 41
3 A_24 283 0 42
5 B_18 288 0 43
7 A_25 295 0 44
3 B_19 298 0 45
8 A_26 306 0 46
8 B_20 314 0 47
5 B_21 319 0 48
5 A_27 324 0 49
6 A_28 330 0 50
10 B_22 340 0 51
8 A_29 348 0 52
3 A_30 351 0 53
5 B_23 356 0 54
6 A_31 362 0 55
7 B_24 369 0 56
8 A_32 377 0 57
5 B_25 382 0 58
3 B_26 385 0 59
3 B_27 388 0 60
4 B_28 392 0 61
6 A_33 398 0 62
5 A_34 403 0 63
8 B_29 411 0 64
7 A_35 418 0 65
6 B_30 424 0 66
8 A_36 432 0 67
7 B_31 439 0 68
4 A_37 443 0 69
5 B_32 448 0 70
5 A_38 453 0 71
9 B_33 462 0 72
8 A_39 470 0 73
7 B_34 477 0 74
4 B_35 481 0 75
2 B_36 483 0 76
1 B_37 484 0 77
6 B_38 490 0 78
6 B_39 496 0 79
No lane change: 496
---------------------
in formation_2
pass
---------------------
in formation_3
pass
---------------------
in formation_4
pass
---------------------
in formation_5
pass
---------------------
in formation_6
pass
---------------------
in formation_7
pass
error in formulation  []
