1
0 A_0 82 0 0
3 B_0 85 1 1
2 B_1 87 1 2
3 A_1 90 0 3
4 B_2 94 1 4
1 A_2 95 0 5
3 A_3 98 0 6
1 A_4 99 0 7
3 B_3 102 1 8
1 A_5 103 0 9
3 B_4 106 1 10
3 A_6 109 0 11
1 B_5 110 1 12
4 A_7 114 0 13
2 B_6 116 1 14
4 A_8 120 0 15
1 A_9 121 0 16
3 B_7 124 0 17
3 A_10 127 1 18
3 B_8 130 0 19
4 B_9 134 0 20
3 B_10 137 0 21
1 B_11 138 0 22
2 A_11 140 1 23
1 B_12 141 0 24
4 A_12 145 1 25
4 A_13 149 1 26
2 B_13 151 0 27
4 A_14 155 1 28
2 B_14 157 0 29
3 A_15 160 1 30
3 B_15 163 0 31
3 B_16 166 0 32
1 B_17 167 0 33
1 A_16 168 1 34
4 A_17 172 1 35
4 A_18 176 1 36
3 A_19 179 1 37
3 B_18 182 0 38
3 A_20 185 1 39
4 B_19 189 0 40
4 A_21 193 1 41
3 B_20 196 0 42
2 A_22 198 1 43
4 A_23 202 1 44
3 B_21 205 0 45
3 A_24 208 1 46
1 B_22 209 0 47
2 A_25 211 1 48
4 A_26 215 1 49
4 B_23 219 0 50
4 B_24 223 0 51
3 A_27 226 0 52
3 B_25 229 1 53
3 B_26 232 1 54
1 A_28 233 0 55
2 B_27 235 1 56
2 A_29 237 0 57
4 A_30 241 0 58
2 B_28 243 1 59
4 A_31 247 0 60
3 B_29 250 0 61
3 A_32 253 0 62
3 A_33 256 0 63
1 A_34 257 0 64
1 A_35 258 0 65
1 A_36 259 0 66
1 B_30 260 1 67
4 A_37 264 0 68
3 B_31 267 0 69
4 A_38 271 1 70
1 B_32 272 0 71
3 A_39 275 0 72
2 B_33 277 1 73
1 B_34 278 1 74
2 B_35 280 1 75
1 B_36 281 1 76
4 B_37 285 1 77
1 B_38 286 1 78
4 B_39 290 1 79
greedy: 290 151.56762500000002 0.0006451606750488281
---------------------
in formation_2
pass
---------------------
in formation_3
pass
---------------------
in formation_4
pass
---------------------
in formation_5
pass
---------------------
in formation_6
pass
---------------------
in formation_7
pass
error in formulation  []
