2
[1, 2, 2, 2, 2, 2, 2, 2, 2, 2, 0, 0, 0, 0, 0, 0, 0, 2, 2, 2, 2, 0, 0, 2, 2, 2, 2, 2, 0, 0, 2, 2, 2, 2, 2, 2, 1, 2, 2, 2, 2, 2, 2, 0, 0, 0, 2, 2, 0, 0, 0, 0, 0, 0, 0, 0, 0, 0, 0, 0, 2, 2, 2, 2, 2, 0, 0, 2, 2, 0, 0, 0, 0, 0, 0, 0, 0, 0, 3, 0]
0 A_0 82 1 0
3 B_0 85 0 1
2 B_1 87 0 2
2 B_2 89 0 3
4 B_3 93 0 4
1 B_4 94 0 5
3 B_5 97 0 6
3 B_6 100 0 7
1 B_7 101 0 8
1 B_8 102 0 9
3 A_1 105 0 10
4 A_2 109 0 11
3 A_3 112 0 12
1 A_4 113 0 13
3 A_5 116 0 14
3 A_6 119 0 15
2 A_7 121 0 16
3 B_9 124 0 17
3 B_10 127 0 18
1 B_11 128 0 19
3 B_12 131 0 20
3 A_8 134 0 21
1 A_9 135 0 22
3 B_13 138 0 23
3 B_14 141 0 24
3 B_15 144 0 25
3 B_16 147 0 26
1 B_17 148 0 27
3 A_10 151 0 28
1 A_11 152 0 29
5 B_18 157 0 30
3 B_19 160 0 31
4 B_20 164 0 32
2 B_21 166 0 33
4 B_22 170 0 34
2 B_23 172 0 35
3 A_12 175 1 36
3 B_24 178 0 37
1 B_25 179 0 38
3 B_26 182 0 39
1 B_27 183 0 40
2 B_28 185 0 41
2 B_29 187 0 42
3 A_13 190 0 43
1 A_14 191 0 44
3 A_15 194 0 45
6 B_30 200 0 46
3 B_31 203 0 47
3 A_16 206 0 48
4 A_17 210 0 49
4 A_18 214 0 50
3 A_19 217 0 51
2 A_20 219 0 52
1 A_21 220 0 53
1 A_22 221 0 54
4 A_23 225 0 55
2 A_24 227 0 56
3 A_25 230 0 57
4 A_26 234 0 58
2 A_27 236 0 59
6 B_32 242 0 60
4 B_33 246 0 61
1 B_34 247 0 62
2 B_35 249 0 63
1 B_36 250 0 64
3 A_28 253 0 65
4 A_29 257 0 66
4 B_37 261 0 67
1 B_38 262 0 68
3 A_30 265 0 69
1 A_31 266 0 70
3 A_32 269 0 71
3 A_33 272 0 72
1 A_34 273 0 73
1 A_35 274 0 74
1 A_36 275 0 75
2 A_37 277 0 76
2 A_38 279 0 77
2 B_39 281 1 78
4 A_39 285 0 79
dp: 285 148.017625 0.061434268951416016
---------------------
in formation_2
pass
---------------------
in formation_3
pass
---------------------
in formation_4
pass
---------------------
in formation_5
pass
---------------------
in formation_6
pass
---------------------
in formation_7
pass
error in formulation  []
