3
0 A_0 81 0 0
1 A_1 82 0 1
3 A_2 85 0 2
2 A_3 87 0 3
1 A_4 88 0 4
5 B_0 93 0 5
2 B_1 95 0 6
4 B_2 99 0 7
3 B_3 102 0 8
5 B_4 107 0 9
1 B_5 108 0 10
3 A_5 111 0 11
5 A_6 116 0 12
5 A_7 121 0 13
2 A_8 123 0 14
1 A_9 124 0 15
2 A_10 126 0 16
1 A_11 127 0 17
1 A_12 128 0 18
5 A_13 133 0 19
2 A_14 135 0 20
3 A_15 138 0 21
5 A_16 143 0 22
4 A_17 147 0 23
3 A_18 150 0 24
4 B_6 154 0 25
1 B_7 155 0 26
2 B_8 157 0 27
3 B_9 160 0 28
4 A_19 164 0 29
2 A_20 166 0 30
1 A_21 167 0 31
6 B_10 173 0 32
4 B_11 177 0 33
4 A_22 181 0 34
5 B_12 186 0 35
4 B_13 190 0 36
6 B_14 196 0 37
5 B_15 201 0 38
2 B_16 203 0 39
5 B_17 208 0 40
4 B_18 212 0 41
2 B_19 214 0 42
5 B_20 219 0 43
5 B_21 224 0 44
5 A_23 229 0 45
4 A_24 233 0 46
2 A_25 235 0 47
4 B_22 239 0 48
6 B_23 245 0 49
2 B_24 247 0 50
7 A_26 254 0 51
2 A_27 256 0 52
3 B_25 259 0 53
3 B_26 262 0 54
3 B_27 265 0 55
4 A_28 269 0 56
3 B_28 272 0 57
3 B_29 275 0 58
3 B_30 278 0 59
2 B_31 280 0 60
4 B_32 284 0 61
2 B_33 286 0 62
5 B_34 291 0 63
3 A_29 294 0 64
3 B_35 297 0 65
2 B_36 299 0 66
1 B_37 300 0 67
6 B_38 306 0 68
4 A_30 310 0 69
6 A_31 316 0 70
4 A_32 320 0 71
2 A_33 322 0 72
5 A_34 327 0 73
5 A_35 332 0 74
4 B_39 336 0 75
4 A_36 340 0 76
1 A_37 341 0 77
4 A_38 345 0 78
5 A_39 350 0 79
nldp: 350
---------------------
in formation_2
pass
---------------------
in formation_3
pass
---------------------
in formation_4
pass
---------------------
in formation_5
pass
---------------------
in formation_6
pass
---------------------
in formation_7
pass
error in formulation  []
