A_0 1 A 0 [3, 2, 2, 4, 4, 4, 3, 3, 1, 4, 3, 3, 1, 4, 2, 4, 3, 3, 3, 1, 3, 3, 1, 2, 3, 3, 4, 4, 2, 4, 1, 2, 1, 4, 4, 1, 4, 2, 3, 1, 4, 4, 1, 1, 3, 2, 3, 3, 2, 4, 2, 2, 1, 3, 1, 4, 4, 1, 2, 1, 1, 2, 1, 1, 1, 4, 3, 2, 3, 1, 4, 1, 3, 3, 2, 1, 1, 4, 3, 3] [7, 5, 4, 6, 7, 6, 6, 7, 5, 6, 6, 5, 3, 6, 5, 8, 6, 6, 5, 3, 5, 6, 5, 4, 6, 6, 8, 8, 4, 8, 3, 4, 3, 8, 8, 5, 8, 6, 7, 4, 8, 8, 3, 5, 6, 6, 5, 7, 6, 8, 4, 4, 5, 7, 5, 7, 6, 5, 4, 4, 5, 4, 4, 5, 4, 8, 6, 4, 7, 3, 8, 5, 7, 7, 6, 5, 4, 8, 5, 5]
A_1 2.26 A 1 [2, 2, 3, 3, 1, 3, 4, 2, 2, 1, 2, 3, 3, 1, 2, 2, 1, 3, 2, 4, 4, 3, 4, 1, 2, 2, 2, 4, 3, 3, 4, 1, 1, 2, 4, 1, 4, 2, 2, 2, 1, 3, 4, 1, 3, 3, 3, 3, 4, 3, 1, 1, 1, 2, 1, 3, 1, 4, 1, 4, 1, 2, 4, 3, 2, 3, 1, 4, 3, 4, 2, 4, 3, 4, 1, 3, 1, 2, 2, 2] [5, 5, 7, 6, 5, 5, 6, 6, 6, 4, 5, 7, 5, 5, 4, 6, 3, 6, 4, 8, 7, 6, 6, 3, 4, 6, 6, 6, 7, 7, 8, 3, 4, 4, 6, 4, 6, 5, 6, 6, 3, 5, 6, 4, 7, 7, 7, 7, 8, 5, 4, 5, 5, 4, 3, 6, 3, 6, 3, 6, 5, 4, 6, 5, 5, 7, 3, 6, 5, 7, 5, 7, 6, 7, 5, 6, 5, 6, 5, 4]
A_2 10.01 A 2 [2, 3, 3, 3, 4, 4, 2, 4, 2, 1, 4, 1, 4, 1, 4, 3, 3, 4, 4, 2, 1, 2, 2, 3, 1, 4, 4, 2, 3, 3, 3, 4, 4, 4, 1, 4, 1, 1, 1, 1, 1, 3, 4, 4, 4, 1, 4, 2, 1, 1, 1, 1, 4, 1, 2, 2, 3, 4, 2, 4, 4, 2, 2, 2, 2, 2, 2, 1, 1, 3, 3, 1, 1, 1, 1, 2, 1, 2, 2, 3] [4, 7, 5, 5, 8, 8, 5, 8, 5, 3, 6, 5, 6, 5, 8, 5, 7, 7, 7, 5, 5, 6, 4, 6, 3, 7, 8, 4, 5, 6, 7, 8, 6, 7, 3, 8, 4, 3, 5, 3, 3, 6, 8, 6, 7, 4, 7, 4, 5, 3, 3, 5, 7, 5, 4, 5, 7, 6, 4, 8, 6, 4, 4, 6, 4, 6, 6, 4, 5, 7, 5, 5, 4, 3, 4, 6, 5, 4, 6, 6]
A_3 12.27 A 3 [4, 3, 3, 2, 3, 3, 2, 2, 2, 1, 2, 4, 1, 1, 3, 2, 2, 3, 1, 2, 1, 2, 1, 4, 4, 4, 1, 3, 2, 2, 2, 3, 3, 4, 2, 3, 4, 3, 1, 2, 2, 2, 2, 4, 1, 2, 2, 1, 1, 1, 1, 4, 2, 4, 3, 1, 3, 2, 4, 1, 1, 3, 1, 4, 1, 3, 3, 1, 3, 4, 1, 1, 4, 1, 1, 2, 3, 1, 2, 4] [6, 6, 5, 5, 7, 5, 5, 6, 6, 4, 5, 8, 5, 3, 5, 4, 4, 6, 3, 4, 3, 5, 4, 7, 8, 7, 4, 6, 6, 5, 4, 5, 6, 6, 6, 6, 6, 6, 4, 4, 6, 4, 6, 6, 4, 5, 4, 5, 3, 3, 4, 7, 4, 6, 7, 4, 7, 4, 8, 3, 3, 6, 5, 8, 5, 6, 7, 4, 7, 6, 4, 4, 8, 4, 5, 4, 7, 4, 6, 6]
A_4 13.27 A 4 [4, 1, 4, 3, 3, 2, 1, 2, 2, 1, 2, 2, 3, 4, 2, 1, 3, 2, 4, 4, 3, 4, 3, 1, 2, 4, 3, 3, 2, 4, 4, 3, 4, 4, 1, 1, 1, 1, 4, 4, 4, 2, 1, 1, 3, 4, 4, 1, 3, 1, 2, 3, 4, 4, 1, 4, 4, 3, 1, 4, 1, 2, 3, 4, 4, 4, 4, 3, 2, 1, 4, 3, 4, 1, 1, 1, 2, 2, 3, 4] [7, 5, 8, 7, 6, 5, 3, 6, 6, 3, 6, 4, 6, 7, 4, 4, 5, 6, 7, 7, 6, 6, 7, 5, 6, 7, 7, 6, 5, 7, 8, 5, 8, 8, 3, 3, 5, 5, 8, 7, 6, 6, 5, 4, 7, 8, 8, 4, 5, 3, 4, 6, 6, 7, 5, 6, 7, 6, 3, 7, 4, 6, 6, 7, 6, 7, 6, 7, 4, 4, 6, 7, 8, 4, 3, 4, 4, 6, 7, 7]
A_5 14.27 A 5 [4, 3, 4, 3, 2, 2, 3, 4, 2, 2, 3, 2, 4, 1, 4, 1, 3, 4, 3, 4, 4, 3, 4, 2, 2, 1, 4, 4, 1, 4, 2, 2, 4, 3, 1, 3, 4, 1, 1, 2, 3, 2, 4, 3, 4, 2, 4, 1, 2, 2, 1, 3, 1, 1, 2, 1, 1, 2, 1, 4, 3, 1, 4, 4, 2, 4, 4, 1, 1, 3, 3, 2, 2, 4, 1, 4, 1, 3, 2, 1] [6, 5, 8, 5, 5, 4, 5, 7, 4, 6, 6, 6, 8, 4, 8, 5, 6, 6, 7, 7, 8, 5, 7, 6, 6, 4, 8, 6, 4, 8, 6, 6, 6, 5, 4, 5, 6, 3, 3, 4, 6, 5, 7, 7, 6, 4, 8, 3, 5, 4, 5, 6, 4, 3, 6, 3, 4, 6, 4, 8, 7, 4, 7, 6, 6, 6, 8, 4, 5, 6, 7, 5, 5, 6, 4, 6, 5, 7, 4, 5]
A_6 17.7 A 6 [3, 4, 2, 2, 1, 3, 2, 4, 1, 4, 2, 3, 3, 2, 4, 4, 1, 3, 4, 2, 1, 3, 4, 4, 4, 3, 2, 3, 1, 3, 2, 2, 1, 4, 4, 4, 3, 2, 1, 4, 2, 4, 1, 1, 2, 2, 1, 3, 1, 1, 2, 2, 2, 3, 2, 1, 2, 1, 2, 1, 3, 1, 1, 2, 1, 4, 4, 4, 3, 3, 3, 1, 3, 2, 2, 2, 4, 2, 1, 4] [6, 6, 5, 5, 3, 5, 6, 6, 5, 6, 6, 7, 6, 6, 7, 6, 5, 7, 7, 4, 3, 7, 7, 7, 6, 6, 6, 7, 5, 6, 4, 6, 3, 6, 6, 8, 5, 4, 3, 8, 6, 6, 5, 3, 4, 5, 4, 5, 5, 3, 4, 6, 6, 5, 5, 5, 5, 3, 6, 4, 6, 4, 3, 5, 3, 8, 6, 8, 7, 7, 5, 3, 6, 6, 6, 4, 7, 6, 4, 6]
A_7 22.84 A 7 [3, 2, 4, 2, 2, 4, 4, 1, 2, 3, 2, 1, 4, 2, 2, 1, 3, 3, 3, 2, 4, 1, 4, 3, 4, 2, 3, 1, 3, 3, 4, 3, 2, 4, 3, 3, 1, 3, 2, 3, 4, 2, 3, 1, 1, 3, 2, 3, 2, 2, 4, 1, 2, 4, 2, 4, 1, 1, 4, 2, 1, 4, 2, 4, 3, 2, 3, 4, 4, 3, 1, 3, 3, 2, 3, 4, 2, 4, 3, 3] [7, 6, 8, 6, 6, 7, 6, 4, 4, 7, 4, 3, 6, 4, 4, 4, 6, 6, 5, 6, 7, 5, 8, 5, 8, 4, 6, 4, 5, 6, 8, 7, 4, 8, 7, 7, 4, 5, 4, 5, 6, 5, 5, 5, 4, 6, 5, 7, 5, 5, 8, 5, 5, 6, 5, 7, 4, 4, 7, 5, 3, 7, 6, 7, 6, 6, 7, 8, 6, 5, 5, 5, 6, 5, 5, 6, 6, 8, 5, 7]
A_8 24.49 A 8 [1, 2, 2, 2, 2, 2, 1, 2, 4, 4, 1, 4, 3, 3, 1, 1, 3, 1, 3, 3, 4, 4, 3, 2, 2, 2, 1, 2, 4, 3, 2, 2, 3, 1, 1, 1, 3, 4, 4, 4, 3, 4, 3, 3, 2, 2, 1, 3, 3, 2, 2, 1, 4, 1, 1, 3, 1, 4, 4, 2, 4, 2, 2, 1, 4, 3, 4, 1, 2, 4, 3, 4, 2, 4, 3, 2, 3, 1, 1, 3] [5, 6, 5, 6, 6, 4, 5, 4, 8, 8, 5, 7, 7, 7, 5, 5, 7, 3, 7, 6, 8, 7, 6, 4, 6, 6, 4, 4, 7, 7, 4, 6, 5, 4, 5, 4, 6, 6, 8, 7, 5, 7, 5, 7, 6, 6, 3, 6, 7, 5, 4, 4, 7, 5, 4, 6, 5, 8, 8, 5, 7, 5, 5, 4, 6, 5, 6, 3, 5, 6, 5, 6, 4, 6, 5, 6, 7, 4, 3, 7]
A_9 25.49 A 9 [4, 1, 1, 1, 1, 2, 4, 3, 4, 3, 3, 2, 2, 4, 3, 3, 1, 3, 4, 4, 1, 3, 3, 3, 3, 3, 3, 2, 3, 4, 4, 4, 2, 4, 2, 3, 1, 3, 1, 1, 3, 3, 4, 2, 4, 2, 4, 4, 2, 1, 1, 1, 3, 2, 3, 4, 1, 4, 2, 2, 4, 3, 1, 1, 1, 2, 1, 4, 2, 2, 4, 3, 2, 1, 2, 1, 2, 2, 4, 1] [6, 4, 3, 4, 3, 6, 6, 7, 8, 5, 6, 6, 4, 8, 7, 5, 5, 5, 6, 8, 5, 6, 6, 6, 6, 7, 5, 6, 7, 7, 6, 6, 4, 6, 5, 6, 4, 7, 4, 4, 6, 5, 6, 4, 7, 5, 8, 7, 6, 3, 3, 3, 5, 5, 7, 6, 5, 8, 5, 5, 6, 5, 5, 3, 5, 6, 5, 6, 6, 6, 7, 7, 6, 4, 4, 4, 6, 5, 7, 5]
A_10 27.279999999999998 A 10 [3, 2, 4, 2, 2, 3, 2, 2, 1, 3, 4, 2, 2, 1, 3, 1, 1, 1, 2, 4, 3, 2, 4, 3, 2, 1, 1, 3, 1, 3, 4, 2, 1, 2, 4, 2, 1, 4, 1, 1, 2, 2, 4, 4, 4, 3, 2, 1, 3, 1, 1, 4, 4, 2, 2, 3, 1, 3, 4, 1, 4, 1, 3, 2, 3, 1, 4, 1, 2, 1, 2, 1, 3, 1, 4, 4, 2, 2, 3, 1] [6, 5, 6, 5, 6, 6, 6, 4, 5, 6, 7, 6, 6, 4, 6, 4, 5, 4, 5, 6, 7, 4, 7, 5, 4, 4, 4, 6, 3, 5, 6, 4, 4, 4, 7, 5, 4, 6, 4, 5, 6, 6, 6, 8, 6, 6, 4, 3, 7, 3, 3, 6, 8, 5, 4, 6, 4, 6, 6, 5, 8, 3, 6, 4, 5, 3, 8, 5, 6, 3, 6, 3, 6, 4, 6, 8, 5, 4, 6, 4]
A_11 28.279999999999998 A 11 [3, 3, 1, 4, 2, 2, 3, 1, 4, 2, 2, 1, 2, 2, 2, 4, 4, 1, 1, 1, 4, 1, 1, 1, 3, 1, 4, 1, 3, 2, 1, 1, 1, 3, 2, 3, 1, 4, 2, 4, 3, 1, 3, 3, 3, 3, 1, 2, 1, 4, 2, 2, 2, 1, 4, 4, 2, 2, 4, 4, 1, 2, 4, 2, 1, 2, 3, 1, 4, 4, 1, 2, 1, 1, 2, 2, 3, 4, 2, 1] [5, 7, 5, 8, 4, 6, 7, 3, 7, 6, 6, 4, 5, 5, 4, 8, 6, 3, 3, 3, 6, 3, 4, 3, 5, 3, 6, 4, 5, 5, 4, 3, 5, 6, 5, 7, 4, 8, 5, 7, 7, 5, 6, 7, 5, 7, 4, 5, 5, 7, 6, 6, 5, 3, 6, 6, 5, 4, 8, 8, 4, 4, 6, 5, 5, 4, 6, 5, 6, 7, 5, 4, 5, 4, 4, 5, 5, 7, 6, 4]
A_12 29.279999999999998 A 12 [1, 3, 4, 1, 3, 4, 3, 4, 3, 2, 2, 2, 4, 2, 3, 4, 4, 2, 3, 2, 3, 2, 2, 4, 3, 2, 3, 1, 3, 2, 1, 4, 2, 2, 1, 4, 2, 1, 1, 1, 1, 3, 3, 3, 3, 4, 2, 1, 3, 4, 2, 4, 3, 4, 3, 4, 2, 1, 4, 1, 3, 1, 2, 2, 1, 2, 2, 3, 4, 2, 3, 2, 2, 4, 2, 3, 4, 4, 1, 2] [3, 5, 6, 5, 6, 8, 6, 6, 7, 4, 6, 5, 6, 6, 7, 6, 8, 5, 6, 6, 5, 5, 6, 8, 5, 4, 6, 5, 5, 6, 4, 8, 6, 6, 3, 8, 6, 5, 3, 4, 3, 5, 5, 7, 6, 8, 6, 3, 5, 7, 6, 6, 7, 8, 5, 8, 6, 5, 7, 4, 7, 5, 4, 6, 4, 4, 5, 5, 8, 5, 7, 5, 6, 8, 4, 6, 8, 7, 5, 4]
A_13 30.279999999999998 A 13 [4, 1, 1, 1, 4, 1, 2, 2, 3, 4, 1, 2, 2, 3, 4, 2, 3, 3, 3, 1, 1, 3, 1, 4, 3, 1, 2, 3, 1, 3, 2, 3, 1, 2, 3, 4, 2, 3, 3, 3, 1, 2, 3, 3, 4, 3, 4, 4, 4, 4, 1, 1, 2, 3, 3, 3, 1, 1, 2, 2, 1, 4, 4, 4, 2, 2, 4, 4, 3, 4, 4, 3, 1, 4, 2, 3, 2, 3, 3, 4] [6, 5, 5, 3, 7, 4, 6, 4, 7, 8, 4, 5, 6, 5, 8, 6, 5, 6, 5, 5, 4, 6, 3, 7, 5, 4, 5, 7, 5, 7, 6, 7, 4, 5, 5, 8, 5, 5, 6, 6, 5, 4, 5, 7, 6, 7, 6, 8, 6, 7, 4, 4, 4, 6, 5, 6, 4, 5, 5, 5, 5, 6, 7, 6, 4, 5, 6, 8, 7, 8, 7, 6, 5, 6, 6, 7, 4, 7, 5, 6]
A_14 31.279999999999998 A 14 [2, 2, 4, 3, 2, 4, 4, 2, 1, 3, 3, 2, 3, 4, 2, 1, 3, 3, 4, 4, 3, 3, 2, 1, 4, 1, 3, 2, 4, 4, 2, 4, 3, 3, 2, 4, 3, 4, 2, 4, 4, 4, 3, 3, 2, 2, 2, 3, 2, 3, 2, 1, 1, 3, 2, 4, 3, 3, 1, 4, 1, 3, 1, 3, 3, 1, 2, 3, 4, 4, 4, 2, 2, 1, 3, 2, 1, 2, 4, 4] [5, 4, 8, 5, 4, 8, 7, 4, 5, 7, 6, 4, 7, 8, 4, 5, 5, 6, 8, 7, 5, 7, 4, 5, 8, 3, 6, 4, 6, 6, 6, 6, 7, 7, 5, 7, 6, 7, 4, 6, 8, 8, 6, 6, 4, 4, 6, 7, 6, 5, 4, 5, 5, 6, 4, 6, 7, 5, 3, 8, 4, 5, 4, 7, 7, 4, 4, 5, 6, 7, 8, 5, 6, 5, 7, 6, 4, 6, 6, 7]
A_15 34.629999999999995 A 15 [4, 2, 3, 2, 1, 1, 4, 1, 1, 3, 1, 4, 4, 2, 1, 1, 4, 3, 3, 1, 1, 1, 3, 2, 3, 1, 4, 2, 4, 2, 4, 2, 1, 1, 1, 4, 2, 4, 4, 1, 2, 4, 2, 3, 2, 3, 1, 2, 3, 4, 4, 1, 2, 1, 3, 1, 1, 4, 4, 1, 2, 4, 1, 4, 1, 3, 4, 1, 4, 1, 1, 4, 3, 3, 3, 2, 4, 2, 2, 1] [8, 6, 5, 4, 4, 5, 6, 4, 5, 5, 4, 8, 6, 6, 5, 3, 7, 6, 6, 4, 4, 5, 6, 6, 7, 4, 7, 6, 8, 5, 6, 5, 4, 3, 4, 6, 5, 8, 7, 5, 6, 7, 6, 6, 4, 7, 5, 4, 5, 6, 8, 5, 5, 3, 7, 5, 5, 7, 7, 3, 4, 7, 5, 8, 3, 6, 8, 3, 8, 5, 4, 8, 6, 5, 5, 6, 8, 6, 6, 4]
A_16 35.629999999999995 A 16 [3, 1, 3, 2, 3, 3, 1, 3, 3, 1, 1, 4, 4, 3, 3, 4, 3, 2, 2, 2, 1, 4, 2, 2, 4, 1, 3, 1, 1, 4, 2, 4, 2, 3, 4, 4, 4, 4, 3, 1, 1, 1, 4, 3, 2, 3, 4, 4, 2, 2, 3, 4, 2, 2, 1, 3, 3, 2, 1, 1, 1, 4, 3, 4, 1, 3, 2, 2, 1, 2, 3, 2, 2, 4, 4, 2, 1, 3, 1, 1] [6, 3, 7, 4, 5, 6, 5, 6, 7, 5, 5, 6, 8, 5, 5, 7, 5, 4, 6, 4, 3, 7, 5, 5, 6, 4, 5, 5, 3, 7, 4, 6, 6, 6, 6, 8, 8, 8, 6, 5, 3, 3, 7, 7, 6, 6, 8, 6, 5, 6, 7, 6, 4, 6, 4, 5, 6, 6, 5, 3, 5, 7, 6, 6, 5, 6, 5, 6, 4, 4, 6, 6, 5, 8, 8, 4, 4, 5, 5, 4]
A_17 39.35999999999999 A 17 [3, 3, 4, 3, 2, 4, 3, 3, 1, 3, 1, 1, 2, 3, 3, 3, 2, 4, 3, 3, 1, 2, 4, 4, 4, 2, 1, 4, 2, 1, 3, 1, 4, 4, 1, 3, 2, 1, 1, 3, 3, 1, 2, 4, 3, 2, 4, 2, 2, 3, 2, 3, 2, 3, 2, 4, 1, 1, 3, 4, 1, 4, 1, 4, 1, 2, 2, 1, 4, 1, 1, 1, 3, 4, 3, 2, 1, 4, 3, 2] [6, 6, 7, 6, 6, 6, 7, 6, 3, 5, 4, 3, 5, 6, 6, 6, 4, 8, 5, 6, 3, 4, 8, 6, 6, 5, 3, 6, 4, 5, 5, 5, 7, 6, 3, 5, 6, 5, 3, 6, 6, 5, 5, 8, 5, 4, 7, 4, 5, 6, 5, 6, 6, 6, 6, 7, 5, 4, 7, 7, 3, 8, 4, 7, 4, 4, 4, 4, 8, 4, 4, 3, 7, 6, 7, 6, 3, 6, 5, 6]
A_18 41.47999999999999 A 18 [3, 2, 4, 1, 4, 3, 4, 3, 3, 4, 2, 1, 3, 3, 4, 3, 2, 3, 2, 1, 2, 2, 2, 2, 3, 3, 2, 4, 3, 4, 1, 3, 2, 1, 1, 4, 4, 2, 2, 3, 2, 2, 4, 4, 4, 1, 1, 3, 1, 2, 4, 4, 3, 1, 2, 2, 3, 3, 4, 1, 3, 1, 1, 4, 2, 2, 2, 1, 3, 2, 3, 2, 3, 4, 2, 1, 4, 3, 1, 2] [5, 4, 7, 3, 7, 7, 7, 5, 7, 6, 5, 3, 6, 5, 8, 6, 6, 5, 5, 3, 4, 5, 5, 4, 5, 5, 6, 7, 5, 7, 4, 5, 6, 5, 5, 7, 6, 4, 5, 7, 5, 5, 8, 7, 8, 5, 5, 6, 3, 6, 8, 6, 5, 4, 5, 6, 6, 5, 6, 3, 7, 3, 4, 8, 4, 6, 5, 3, 6, 4, 6, 4, 6, 7, 6, 4, 8, 5, 4, 5]
A_19 42.47999999999999 A 19 [1, 4, 2, 2, 4, 4, 2, 2, 3, 4, 4, 1, 2, 1, 4, 1, 2, 3, 1, 4, 3, 1, 2, 3, 3, 3, 3, 4, 1, 2, 1, 4, 4, 3, 2, 3, 2, 3, 1, 4, 2, 1, 2, 3, 2, 4, 1, 1, 3, 4, 4, 3, 1, 4, 4, 4, 1, 2, 2, 2, 1, 3, 3, 1, 3, 4, 4, 4, 4, 2, 4, 4, 2, 1, 4, 2, 2, 3, 4, 3] [3, 8, 5, 4, 7, 7, 4, 6, 6, 8, 6, 3, 6, 5, 7, 4, 4, 6, 3, 7, 5, 5, 6, 7, 7, 5, 5, 6, 5, 5, 5, 8, 6, 6, 5, 6, 4, 5, 5, 7, 6, 4, 6, 6, 5, 8, 3, 5, 7, 7, 7, 7, 4, 6, 6, 8, 4, 6, 4, 6, 3, 6, 7, 3, 6, 6, 7, 7, 8, 5, 7, 7, 4, 3, 7, 4, 5, 7, 8, 6]
A_20 43.47999999999999 A 20 [3, 4, 1, 1, 3, 4, 1, 4, 4, 1, 3, 4, 3, 1, 3, 1, 1, 1, 2, 3, 4, 3, 1, 3, 2, 3, 2, 4, 3, 2, 2, 2, 2, 3, 4, 2, 1, 4, 2, 3, 3, 1, 2, 2, 4, 4, 3, 2, 3, 4, 4, 3, 2, 3, 4, 1, 4, 1, 1, 3, 4, 3, 4, 4, 4, 3, 3, 1, 2, 4, 4, 3, 1, 2, 4, 4, 1, 1, 3, 4] [5, 7, 5, 3, 6, 8, 3, 7, 8, 5, 7, 6, 5, 4, 5, 4, 3, 3, 4, 5, 8, 6, 5, 6, 5, 5, 5, 6, 7, 5, 5, 6, 5, 5, 8, 4, 4, 7, 5, 6, 6, 4, 5, 6, 8, 8, 7, 5, 5, 6, 6, 6, 4, 7, 6, 4, 6, 4, 3, 7, 6, 6, 6, 6, 7, 7, 6, 3, 4, 6, 8, 5, 4, 6, 7, 7, 5, 4, 6, 6]
A_21 44.47999999999999 A 21 [3, 3, 2, 2, 4, 3, 3, 1, 4, 3, 2, 1, 2, 3, 3, 1, 4, 2, 2, 1, 3, 2, 3, 3, 4, 4, 2, 3, 3, 3, 2, 4, 1, 3, 1, 4, 1, 2, 4, 2, 2, 2, 4, 2, 2, 1, 4, 1, 2, 1, 1, 2, 3, 1, 1, 4, 1, 1, 1, 1, 3, 2, 1, 3, 4, 3, 2, 2, 4, 1, 2, 1, 3, 3, 2, 2, 2, 4, 2, 2] [6, 6, 6, 5, 6, 5, 7, 5, 7, 6, 4, 3, 5, 6, 7, 5, 7, 4, 5, 5, 6, 4, 7, 7, 6, 6, 4, 7, 7, 5, 6, 8, 3, 6, 5, 8, 5, 4, 6, 6, 6, 5, 8, 4, 5, 3, 7, 3, 4, 5, 3, 5, 6, 4, 5, 7, 3, 5, 3, 3, 7, 4, 5, 6, 6, 5, 5, 5, 7, 4, 4, 4, 6, 6, 6, 4, 5, 7, 4, 5]
A_22 45.47999999999999 A 22 [1, 4, 2, 1, 3, 4, 4, 4, 3, 3, 4, 1, 2, 1, 2, 3, 2, 4, 2, 2, 1, 3, 3, 3, 3, 2, 4, 2, 4, 3, 1, 3, 1, 3, 2, 1, 4, 3, 1, 3, 4, 1, 1, 3, 3, 2, 3, 2, 4, 3, 1, 3, 1, 4, 2, 2, 4, 3, 2, 3, 4, 3, 3, 3, 1, 4, 2, 4, 4, 2, 1, 2, 4, 1, 2, 2, 3, 3, 2, 2] [5, 6, 4, 4, 7, 7, 7, 8, 6, 6, 7, 4, 6, 3, 4, 6, 5, 8, 5, 6, 5, 7, 6, 5, 7, 5, 7, 5, 7, 5, 3, 7, 5, 5, 5, 3, 6, 7, 5, 6, 6, 5, 5, 7, 7, 5, 6, 5, 6, 7, 4, 6, 5, 8, 4, 6, 7, 6, 4, 5, 7, 6, 6, 7, 3, 6, 5, 8, 8, 5, 4, 4, 6, 5, 5, 6, 7, 5, 4, 6]
A_23 46.51999999999999 A 23 [2, 1, 3, 4, 1, 2, 4, 3, 2, 3, 3, 1, 4, 4, 1, 2, 2, 4, 2, 3, 3, 3, 3, 2, 4, 3, 2, 4, 3, 2, 1, 4, 3, 1, 4, 2, 4, 3, 4, 2, 2, 1, 3, 2, 3, 2, 2, 4, 4, 3, 3, 4, 2, 4, 1, 4, 1, 2, 4, 2, 3, 1, 2, 2, 1, 4, 1, 2, 3, 4, 3, 1, 3, 4, 1, 2, 4, 4, 1, 4] [4, 3, 6, 7, 5, 6, 7, 5, 4, 6, 5, 3, 8, 7, 5, 6, 5, 6, 4, 7, 6, 7, 5, 6, 6, 7, 5, 7, 6, 4, 4, 7, 7, 4, 7, 6, 7, 7, 7, 5, 6, 3, 7, 5, 6, 4, 5, 7, 6, 5, 5, 8, 5, 8, 5, 6, 4, 4, 6, 6, 7, 3, 4, 6, 4, 6, 5, 6, 5, 6, 7, 4, 7, 6, 4, 6, 8, 6, 4, 7]
A_24 47.64999999999999 A 24 [3, 2, 1, 4, 2, 2, 4, 4, 2, 3, 2, 3, 3, 3, 4, 3, 4, 4, 3, 3, 2, 4, 3, 4, 2, 2, 4, 1, 2, 3, 4, 3, 1, 1, 2, 4, 2, 1, 3, 3, 4, 3, 2, 3, 3, 3, 4, 3, 3, 2, 3, 4, 2, 4, 4, 2, 2, 2, 1, 2, 2, 1, 4, 4, 1, 3, 3, 2, 4, 2, 3, 2, 1, 4, 4, 2, 2, 1, 4, 4] [6, 4, 3, 8, 6, 6, 6, 8, 6, 6, 4, 5, 5, 5, 8, 7, 6, 6, 5, 7, 5, 6, 7, 6, 5, 4, 6, 3, 5, 7, 7, 5, 5, 4, 4, 6, 6, 5, 5, 7, 6, 7, 4, 6, 5, 7, 8, 6, 5, 6, 7, 8, 5, 8, 6, 6, 6, 5, 5, 5, 6, 5, 6, 7, 5, 6, 6, 5, 7, 5, 6, 6, 4, 7, 7, 4, 5, 3, 7, 7]
A_25 48.64999999999999 A 25 [3, 2, 4, 4, 4, 1, 3, 2, 2, 3, 1, 1, 2, 1, 1, 1, 1, 2, 3, 3, 3, 4, 2, 3, 2, 1, 4, 2, 4, 2, 1, 4, 4, 1, 1, 2, 4, 1, 4, 1, 1, 4, 1, 3, 4, 1, 3, 3, 2, 3, 1, 1, 3, 3, 2, 4, 3, 3, 3, 1, 4, 1, 2, 3, 1, 2, 1, 2, 4, 3, 4, 4, 4, 4, 4, 2, 1, 2, 1, 4] [6, 6, 7, 7, 7, 4, 6, 4, 6, 7, 4, 3, 4, 4, 3, 4, 4, 5, 5, 5, 5, 6, 5, 7, 4, 3, 7, 5, 7, 5, 3, 6, 6, 4, 5, 5, 7, 3, 8, 3, 4, 8, 3, 7, 8, 5, 6, 7, 4, 5, 4, 3, 7, 6, 5, 7, 5, 6, 5, 5, 7, 4, 5, 6, 5, 4, 4, 6, 8, 7, 6, 7, 8, 8, 6, 5, 3, 4, 3, 7]
A_26 49.64999999999999 A 26 [4, 2, 4, 1, 3, 4, 2, 3, 1, 3, 1, 4, 3, 2, 3, 4, 3, 1, 2, 3, 2, 2, 4, 2, 4, 4, 2, 1, 1, 4, 4, 3, 2, 1, 1, 2, 2, 3, 3, 1, 1, 3, 2, 4, 3, 3, 1, 1, 3, 1, 2, 4, 3, 4, 1, 4, 1, 4, 1, 3, 2, 3, 2, 3, 3, 4, 2, 4, 4, 4, 1, 4, 2, 1, 2, 1, 4, 1, 3, 4] [8, 6, 8, 4, 7, 8, 6, 6, 4, 5, 4, 6, 6, 5, 6, 7, 5, 3, 6, 5, 5, 4, 7, 5, 6, 7, 5, 5, 4, 8, 8, 5, 6, 3, 4, 6, 6, 6, 5, 5, 4, 5, 6, 6, 6, 6, 3, 3, 7, 5, 4, 6, 7, 7, 3, 8, 4, 6, 5, 7, 4, 5, 5, 6, 6, 8, 6, 6, 7, 6, 3, 8, 4, 4, 4, 4, 7, 4, 5, 7]
A_27 50.64999999999999 A 27 [4, 4, 2, 3, 3, 4, 3, 1, 2, 2, 3, 1, 1, 3, 2, 2, 1, 4, 4, 4, 4, 3, 2, 4, 1, 2, 1, 4, 4, 4, 4, 4, 4, 3, 4, 3, 2, 3, 4, 1, 4, 3, 2, 4, 1, 4, 2, 1, 2, 2, 4, 1, 2, 4, 3, 1, 2, 4, 3, 2, 3, 4, 4, 3, 4, 4, 4, 2, 1, 2, 4, 1, 2, 4, 2, 4, 4, 4, 4, 1] [8, 6, 4, 6, 6, 6, 7, 4, 4, 6, 6, 4, 5, 7, 4, 6, 5, 6, 7, 6, 6, 7, 5, 7, 3, 5, 5, 8, 7, 8, 6, 7, 7, 7, 7, 6, 6, 5, 7, 3, 6, 6, 4, 7, 3, 6, 6, 4, 4, 5, 7, 3, 6, 6, 5, 5, 6, 8, 5, 4, 5, 7, 6, 6, 6, 8, 8, 6, 4, 6, 7, 5, 5, 8, 4, 6, 6, 7, 8, 5]
A_28 51.64999999999999 A 28 [2, 3, 3, 2, 2, 1, 1, 3, 4, 3, 1, 3, 3, 1, 4, 4, 1, 2, 3, 1, 3, 3, 4, 3, 2, 4, 1, 4, 2, 4, 3, 3, 2, 1, 3, 4, 2, 3, 3, 1, 2, 1, 1, 4, 2, 1, 3, 2, 3, 3, 4, 4, 3, 2, 1, 2, 3, 4, 2, 4, 4, 4, 1, 1, 1, 4, 4, 4, 4, 2, 3, 2, 1, 3, 3, 3, 2, 3, 1, 2] [4, 7, 5, 6, 5, 4, 5, 5, 7, 7, 3, 5, 5, 5, 6, 8, 3, 4, 5, 5, 7, 7, 7, 6, 5, 7, 4, 7, 4, 6, 6, 7, 4, 3, 7, 6, 4, 7, 5, 4, 4, 3, 3, 7, 4, 4, 7, 6, 7, 6, 7, 6, 7, 5, 3, 4, 5, 8, 4, 7, 7, 6, 3, 4, 3, 7, 8, 8, 6, 5, 7, 5, 4, 5, 5, 6, 5, 5, 4, 5]
A_29 52.90999999999999 A 29 [4, 3, 3, 2, 4, 4, 3, 3, 3, 4, 3, 2, 2, 3, 4, 2, 4, 1, 4, 2, 2, 3, 3, 2, 3, 2, 4, 4, 4, 4, 4, 2, 3, 4, 3, 2, 3, 1, 3, 4, 3, 1, 1, 4, 2, 2, 4, 2, 1, 2, 4, 2, 3, 3, 3, 4, 4, 2, 4, 2, 4, 4, 3, 3, 1, 1, 4, 2, 2, 4, 2, 2, 1, 3, 4, 2, 2, 4, 2, 3] [8, 7, 6, 5, 7, 8, 6, 6, 7, 7, 5, 5, 6, 7, 6, 5, 7, 5, 7, 5, 5, 5, 5, 4, 7, 5, 8, 8, 6, 8, 6, 6, 7, 8, 6, 5, 6, 5, 6, 7, 6, 5, 5, 7, 4, 4, 8, 4, 3, 5, 8, 6, 5, 7, 7, 8, 6, 4, 7, 5, 8, 7, 6, 7, 5, 5, 7, 4, 5, 8, 5, 4, 4, 7, 8, 6, 6, 6, 6, 5]
A_30 53.90999999999999 A 30 [1, 4, 3, 2, 4, 2, 2, 4, 2, 4, 4, 1, 1, 2, 2, 4, 2, 3, 1, 1, 2, 2, 1, 1, 4, 1, 4, 4, 3, 4, 3, 3, 4, 4, 4, 2, 3, 3, 4, 1, 4, 3, 2, 3, 2, 2, 4, 3, 4, 3, 1, 4, 1, 2, 4, 2, 2, 1, 1, 3, 2, 3, 2, 2, 1, 3, 2, 3, 2, 2, 4, 4, 1, 1, 3, 3, 3, 3, 2, 3] [3, 8, 7, 4, 8, 6, 4, 8, 4, 6, 6, 4, 4, 6, 6, 6, 4, 5, 4, 5, 5, 6, 3, 4, 7, 3, 8, 6, 6, 6, 6, 5, 8, 8, 6, 5, 7, 7, 7, 4, 6, 7, 4, 5, 5, 4, 7, 7, 7, 6, 4, 7, 5, 4, 7, 6, 5, 5, 4, 5, 6, 5, 5, 5, 3, 7, 5, 7, 4, 5, 8, 6, 4, 4, 5, 6, 7, 5, 6, 7]
A_31 55.28999999999999 A 31 [2, 1, 4, 3, 3, 2, 2, 3, 2, 4, 2, 1, 4, 3, 4, 2, 4, 1, 3, 4, 2, 4, 3, 4, 3, 4, 3, 4, 3, 2, 3, 3, 2, 3, 1, 4, 2, 4, 1, 2, 2, 3, 3, 3, 1, 4, 4, 3, 3, 3, 2, 1, 3, 3, 3, 2, 4, 2, 3, 1, 2, 4, 1, 4, 1, 4, 3, 3, 4, 2, 4, 3, 3, 4, 2, 2, 2, 1, 3, 1] [4, 3, 8, 5, 5, 6, 6, 7, 6, 6, 4, 3, 8, 7, 6, 5, 6, 5, 5, 8, 6, 8, 7, 7, 5, 6, 5, 7, 7, 6, 5, 7, 4, 7, 3, 8, 4, 8, 3, 4, 4, 6, 6, 7, 4, 6, 6, 7, 6, 7, 6, 4, 6, 7, 7, 4, 8, 5, 5, 3, 6, 6, 4, 7, 3, 6, 7, 6, 7, 5, 7, 7, 5, 7, 5, 4, 5, 3, 5, 5]
A_32 59.35999999999999 A 32 [1, 1, 4, 3, 4, 4, 1, 2, 3, 2, 1, 1, 2, 1, 3, 1, 2, 4, 2, 4, 2, 1, 1, 3, 1, 4, 2, 4, 2, 3, 4, 2, 4, 1, 2, 3, 2, 3, 1, 4, 1, 2, 1, 2, 4, 4, 4, 1, 3, 3, 2, 4, 3, 1, 3, 4, 1, 3, 1, 4, 3, 4, 4, 1, 3, 3, 4, 3, 2, 4, 1, 1, 1, 4, 2, 4, 3, 1, 3, 2] [3, 4, 6, 6, 8, 6, 3, 4, 5, 4, 4, 5, 6, 4, 7, 4, 6, 7, 6, 6, 5, 3, 5, 7, 5, 6, 6, 7, 4, 7, 8, 4, 7, 3, 4, 5, 4, 5, 4, 6, 5, 6, 3, 6, 6, 6, 6, 4, 7, 5, 4, 6, 5, 3, 5, 8, 5, 6, 5, 8, 7, 6, 6, 4, 6, 7, 7, 6, 5, 8, 4, 4, 3, 6, 5, 8, 7, 5, 6, 5]
A_33 61.879999999999995 A 33 [4, 2, 4, 4, 4, 3, 4, 4, 1, 4, 2, 3, 2, 2, 3, 1, 3, 4, 1, 3, 3, 3, 3, 1, 1, 1, 1, 3, 1, 4, 4, 3, 1, 1, 3, 2, 4, 3, 3, 2, 3, 2, 3, 1, 3, 4, 1, 2, 2, 3, 4, 1, 4, 2, 1, 3, 4, 4, 2, 4, 2, 3, 3, 1, 1, 4, 4, 2, 4, 2, 3, 3, 1, 2, 1, 3, 2, 2, 2, 4] [8, 4, 7, 6, 8, 5, 6, 8, 4, 6, 4, 6, 6, 5, 7, 3, 6, 6, 5, 6, 5, 6, 5, 4, 4, 4, 3, 7, 3, 8, 8, 7, 3, 5, 6, 5, 6, 7, 7, 5, 5, 5, 7, 5, 5, 6, 4, 6, 4, 5, 6, 3, 7, 4, 3, 7, 7, 6, 6, 8, 4, 7, 5, 3, 4, 7, 7, 4, 8, 5, 7, 7, 3, 4, 4, 5, 5, 6, 5, 6]
A_34 65.31 A 34 [4, 4, 1, 2, 1, 1, 4, 3, 1, 2, 4, 2, 1, 3, 2, 1, 4, 1, 1, 2, 4, 1, 2, 4, 2, 1, 1, 4, 3, 3, 4, 1, 2, 3, 2, 1, 4, 1, 3, 3, 1, 3, 4, 2, 1, 4, 2, 4, 2, 2, 1, 3, 3, 4, 1, 1, 4, 3, 1, 3, 4, 1, 3, 3, 4, 3, 1, 4, 2, 4, 2, 1, 4, 1, 3, 1, 1, 3, 2, 4] [8, 6, 3, 6, 3, 4, 6, 7, 5, 5, 7, 5, 3, 5, 5, 4, 6, 3, 5, 5, 8, 5, 5, 7, 4, 5, 4, 7, 7, 6, 6, 3, 4, 6, 4, 5, 8, 4, 5, 7, 5, 5, 6, 4, 3, 6, 5, 6, 6, 4, 3, 5, 6, 8, 4, 4, 6, 7, 5, 6, 8, 5, 7, 6, 8, 5, 4, 8, 5, 6, 4, 5, 6, 4, 6, 5, 3, 7, 4, 7]
A_35 66.86 A 35 [1, 1, 4, 3, 1, 3, 4, 3, 1, 3, 2, 3, 4, 4, 4, 4, 4, 3, 4, 3, 2, 4, 1, 2, 4, 2, 2, 3, 4, 2, 2, 4, 3, 2, 1, 1, 1, 1, 3, 2, 3, 4, 1, 1, 3, 1, 4, 3, 4, 3, 4, 4, 2, 4, 4, 2, 2, 3, 2, 3, 4, 2, 4, 1, 2, 3, 4, 1, 2, 3, 1, 2, 4, 1, 4, 2, 1, 3, 1, 4] [5, 4, 8, 6, 3, 5, 8, 7, 4, 6, 5, 7, 8, 8, 7, 6, 8, 5, 7, 6, 4, 8, 3, 6, 6, 5, 6, 6, 6, 5, 5, 8, 5, 5, 5, 5, 3, 5, 7, 6, 5, 6, 5, 5, 7, 3, 8, 7, 7, 6, 6, 6, 5, 6, 6, 6, 6, 5, 4, 5, 6, 5, 8, 3, 6, 6, 8, 3, 4, 6, 5, 6, 8, 4, 6, 4, 3, 5, 3, 6]
A_36 70.66 A 36 [4, 4, 1, 4, 1, 4, 3, 1, 3, 1, 1, 1, 2, 2, 3, 2, 4, 2, 4, 2, 1, 1, 4, 4, 2, 4, 2, 2, 2, 3, 3, 2, 2, 4, 4, 1, 3, 4, 2, 4, 3, 4, 1, 2, 3, 4, 1, 3, 1, 4, 1, 2, 3, 2, 3, 4, 1, 3, 1, 4, 1, 2, 1, 2, 3, 2, 3, 3, 2, 1, 1, 2, 3, 1, 2, 2, 4, 4, 3, 2] [8, 6, 4, 6, 5, 6, 5, 4, 6, 4, 4, 4, 6, 5, 6, 5, 8, 6, 6, 4, 4, 5, 6, 7, 6, 7, 6, 6, 4, 6, 7, 4, 4, 6, 8, 3, 6, 6, 4, 7, 5, 6, 4, 6, 5, 8, 3, 6, 5, 7, 3, 5, 7, 5, 5, 8, 3, 6, 3, 8, 5, 6, 4, 6, 6, 5, 5, 5, 5, 5, 3, 5, 7, 4, 5, 5, 6, 7, 6, 5]
A_37 71.66 A 37 [2, 2, 1, 3, 1, 1, 2, 3, 4, 3, 4, 4, 1, 3, 4, 4, 4, 1, 2, 3, 4, 2, 3, 3, 1, 1, 3, 3, 3, 1, 3, 4, 3, 3, 1, 1, 4, 1, 3, 3, 3, 4, 4, 1, 1, 1, 2, 3, 2, 4, 3, 1, 3, 2, 4, 1, 4, 4, 3, 4, 3, 2, 4, 4, 2, 2, 2, 3, 3, 4, 1, 4, 4, 1, 2, 3, 4, 2, 3, 2] [6, 5, 3, 6, 5, 3, 4, 5, 6, 7, 6, 8, 5, 5, 7, 8, 8, 5, 4, 5, 7, 4, 7, 7, 5, 3, 6, 5, 7, 5, 7, 8, 5, 7, 4, 5, 6, 4, 6, 7, 5, 6, 7, 5, 3, 5, 6, 7, 5, 6, 7, 5, 7, 6, 6, 4, 8, 6, 7, 7, 5, 5, 8, 8, 6, 5, 6, 5, 6, 7, 4, 7, 7, 5, 4, 5, 6, 6, 6, 5]
A_38 76.66 A 38 [3, 2, 1, 1, 4, 1, 1, 2, 4, 1, 1, 2, 1, 3, 2, 4, 3, 1, 2, 1, 2, 4, 1, 4, 3, 4, 3, 4, 3, 3, 4, 1, 1, 3, 3, 3, 2, 3, 4, 3, 4, 1, 2, 3, 2, 1, 4, 2, 1, 3, 4, 1, 2, 3, 3, 2, 4, 1, 2, 2, 4, 1, 4, 4, 2, 4, 3, 4, 1, 1, 4, 2, 1, 2, 2, 4, 1, 1, 4, 2] [7, 6, 5, 4, 8, 3, 3, 4, 8, 4, 4, 5, 3, 6, 4, 7, 6, 3, 5, 5, 5, 6, 5, 7, 5, 8, 5, 7, 5, 6, 7, 3, 4, 7, 5, 7, 4, 6, 8, 6, 8, 3, 5, 5, 5, 5, 8, 6, 5, 6, 7, 5, 5, 6, 7, 6, 8, 4, 6, 4, 7, 5, 7, 6, 6, 7, 7, 6, 3, 5, 7, 5, 4, 5, 5, 8, 3, 4, 7, 6]
A_39 77.82 A 39 [1, 2, 1, 2, 4, 2, 4, 3, 4, 1, 1, 4, 1, 3, 4, 1, 1, 3, 3, 4, 3, 2, 3, 2, 3, 1, 1, 1, 1, 4, 1, 2, 4, 2, 3, 2, 4, 3, 3, 1, 1, 2, 2, 1, 1, 2, 3, 4, 2, 1, 2, 3, 3, 1, 3, 2, 1, 2, 3, 4, 3, 4, 2, 3, 2, 3, 3, 3, 4, 3, 4, 1, 1, 3, 3, 1, 2, 1, 1, 1] [4, 6, 3, 4, 7, 4, 8, 5, 7, 4, 5, 7, 4, 6, 6, 5, 5, 6, 7, 7, 6, 6, 6, 5, 7, 3, 5, 3, 4, 7, 4, 4, 6, 5, 7, 6, 7, 7, 6, 3, 5, 5, 6, 5, 5, 6, 6, 7, 6, 5, 6, 6, 7, 5, 7, 5, 4, 5, 7, 7, 7, 6, 4, 7, 6, 5, 6, 7, 7, 6, 8, 5, 4, 5, 5, 4, 4, 3, 3, 5]
B_0 3.94 B 40 [4, 1, 1, 2, 4, 3, 2, 4, 3, 3, 2, 3, 1, 1, 4, 2, 1, 3, 2, 2, 3, 2, 4, 2, 4, 1, 1, 4, 2, 3, 4, 2, 1, 3, 1, 3, 3, 3, 4, 1, 1, 3, 2, 3, 4, 4, 2, 3, 4, 4, 1, 3, 2, 4, 4, 3, 4, 1, 3, 1, 1, 3, 3, 2, 1, 3, 1, 1, 1, 4, 3, 2, 4, 3, 4, 4, 1, 2, 2, 2] [8, 3, 3, 6, 6, 6, 6, 6, 5, 6, 6, 7, 3, 5, 8, 6, 3, 6, 5, 6, 6, 6, 6, 6, 6, 4, 4, 6, 4, 6, 6, 4, 5, 5, 5, 5, 5, 5, 8, 5, 4, 5, 4, 7, 6, 6, 5, 7, 7, 6, 5, 7, 4, 6, 8, 7, 8, 5, 7, 4, 5, 7, 7, 5, 5, 6, 5, 3, 4, 8, 5, 6, 8, 6, 7, 6, 3, 5, 5, 6]
B_1 4.9399999999999995 B 41 [4, 3, 3, 2, 2, 2, 4, 2, 4, 3, 2, 1, 3, 2, 4, 4, 1, 1, 2, 1, 1, 2, 1, 1, 3, 4, 3, 3, 1, 1, 3, 3, 2, 2, 3, 4, 4, 4, 1, 2, 3, 1, 2, 3, 2, 1, 2, 3, 3, 4, 1, 4, 4, 3, 3, 4, 3, 2, 1, 3, 3, 3, 4, 1, 2, 2, 4, 1, 3, 1, 1, 2, 2, 1, 2, 4, 3, 4, 1, 1] [8, 5, 6, 4, 6, 5, 6, 5, 7, 5, 6, 5, 5, 4, 8, 7, 3, 5, 5, 4, 4, 5, 5, 3, 7, 8, 5, 6, 3, 5, 7, 6, 6, 5, 5, 6, 6, 6, 3, 5, 5, 4, 6, 7, 5, 3, 5, 5, 5, 7, 5, 7, 7, 7, 7, 7, 5, 5, 3, 6, 5, 7, 7, 4, 6, 4, 8, 5, 5, 4, 4, 5, 4, 4, 6, 8, 7, 7, 3, 5]
B_2 6.029999999999999 B 42 [1, 4, 4, 2, 1, 4, 1, 3, 3, 4, 4, 3, 3, 3, 3, 2, 4, 2, 4, 2, 2, 4, 1, 3, 2, 1, 2, 2, 1, 1, 2, 3, 1, 3, 4, 1, 1, 4, 2, 2, 2, 2, 2, 2, 3, 3, 2, 1, 1, 4, 4, 1, 2, 2, 3, 4, 1, 1, 1, 1, 3, 4, 4, 1, 4, 1, 4, 2, 1, 3, 1, 2, 3, 1, 4, 4, 3, 4, 1, 3] [3, 6, 8, 6, 5, 7, 5, 5, 5, 6, 6, 6, 5, 5, 6, 6, 7, 5, 8, 6, 5, 8, 5, 7, 4, 3, 6, 4, 3, 5, 4, 6, 3, 7, 6, 5, 4, 7, 5, 6, 4, 6, 5, 5, 7, 7, 6, 4, 3, 8, 8, 4, 4, 6, 5, 6, 4, 5, 4, 5, 5, 7, 8, 4, 8, 5, 6, 4, 5, 6, 4, 6, 5, 5, 8, 6, 7, 7, 5, 5]
B_3 9.11 B 43 [1, 1, 4, 4, 1, 3, 1, 1, 3, 2, 4, 3, 3, 3, 3, 3, 3, 4, 4, 3, 2, 2, 3, 2, 3, 3, 4, 4, 4, 4, 3, 3, 2, 1, 2, 1, 2, 1, 3, 1, 3, 3, 2, 2, 2, 1, 4, 3, 3, 2, 3, 4, 2, 2, 2, 2, 1, 2, 4, 4, 1, 2, 4, 1, 2, 4, 4, 3, 3, 4, 4, 4, 1, 4, 1, 3, 3, 1, 1, 1] [5, 4, 6, 6, 4, 7, 3, 5, 7, 4, 8, 7, 7, 7, 6, 6, 7, 8, 7, 6, 6, 4, 7, 5, 6, 7, 6, 7, 7, 7, 5, 7, 6, 5, 4, 5, 6, 5, 5, 5, 7, 7, 5, 4, 4, 5, 8, 6, 5, 5, 5, 8, 4, 6, 5, 6, 4, 4, 8, 7, 4, 6, 7, 4, 4, 6, 7, 7, 7, 6, 6, 6, 3, 7, 5, 6, 6, 3, 3, 3]
B_4 11.049999999999999 B 44 [3, 3, 4, 1, 3, 4, 2, 1, 2, 4, 4, 3, 3, 4, 2, 2, 2, 3, 4, 2, 4, 2, 3, 3, 3, 4, 3, 1, 2, 2, 2, 1, 4, 3, 1, 3, 3, 1, 2, 1, 4, 2, 3, 2, 1, 2, 3, 2, 4, 1, 1, 1, 2, 2, 3, 4, 3, 4, 4, 1, 3, 3, 1, 1, 4, 3, 3, 4, 3, 2, 2, 3, 4, 1, 1, 2, 3, 2, 4, 3] [6, 7, 7, 4, 7, 6, 4, 4, 6, 7, 6, 5, 6, 6, 4, 4, 6, 5, 8, 5, 8, 5, 7, 6, 5, 8, 6, 3, 4, 4, 5, 4, 6, 5, 3, 7, 5, 3, 5, 5, 6, 5, 7, 4, 4, 5, 7, 5, 7, 3, 4, 3, 6, 6, 5, 6, 7, 8, 8, 5, 6, 6, 3, 3, 8, 6, 5, 6, 7, 4, 4, 7, 8, 4, 4, 4, 6, 5, 7, 6]
B_5 12.049999999999999 B 45 [2, 3, 1, 2, 4, 2, 2, 3, 2, 2, 3, 3, 4, 3, 2, 3, 3, 2, 1, 4, 4, 1, 2, 2, 3, 1, 3, 4, 1, 2, 2, 4, 4, 4, 4, 1, 4, 1, 1, 2, 4, 1, 3, 1, 2, 3, 2, 4, 4, 1, 3, 1, 4, 4, 2, 4, 2, 2, 3, 3, 4, 1, 3, 4, 4, 1, 4, 3, 2, 1, 3, 1, 3, 4, 3, 1, 1, 1, 2, 1] [6, 7, 4, 5, 8, 4, 5, 6, 6, 5, 6, 7, 8, 7, 4, 7, 6, 4, 5, 8, 8, 3, 5, 4, 7, 5, 6, 6, 4, 4, 4, 6, 6, 6, 6, 3, 8, 5, 5, 6, 6, 3, 7, 5, 5, 7, 6, 6, 8, 4, 6, 5, 8, 7, 6, 8, 6, 6, 5, 6, 6, 3, 5, 6, 6, 5, 7, 7, 6, 5, 6, 5, 5, 7, 5, 5, 4, 4, 6, 5]
B_6 13.079999999999998 B 46 [3, 3, 4, 2, 4, 4, 1, 2, 1, 4, 2, 1, 2, 4, 2, 1, 4, 4, 1, 1, 3, 4, 3, 2, 4, 3, 1, 2, 3, 4, 4, 4, 4, 1, 2, 4, 1, 2, 4, 3, 2, 2, 2, 4, 3, 2, 2, 2, 4, 3, 4, 4, 3, 4, 4, 2, 2, 2, 1, 2, 4, 4, 2, 3, 2, 1, 2, 3, 2, 3, 3, 3, 1, 2, 4, 4, 2, 1, 2, 4] [5, 7, 7, 4, 8, 8, 4, 5, 3, 8, 4, 4, 6, 6, 6, 5, 8, 7, 5, 3, 7, 7, 6, 5, 8, 6, 3, 6, 7, 8, 7, 6, 6, 4, 5, 8, 3, 6, 8, 6, 5, 5, 6, 8, 7, 6, 6, 6, 8, 5, 8, 7, 5, 7, 8, 5, 6, 4, 4, 4, 8, 6, 6, 7, 4, 4, 4, 6, 5, 7, 5, 5, 4, 5, 6, 8, 4, 3, 5, 6]
B_7 14.079999999999998 B 47 [3, 3, 2, 1, 1, 1, 3, 3, 3, 4, 1, 2, 1, 4, 3, 2, 4, 2, 3, 1, 2, 1, 2, 4, 3, 3, 1, 1, 2, 2, 3, 3, 1, 2, 4, 3, 3, 3, 2, 4, 3, 3, 1, 3, 2, 4, 2, 4, 4, 2, 1, 2, 2, 3, 2, 3, 4, 4, 1, 3, 1, 4, 2, 2, 1, 4, 3, 3, 4, 4, 3, 4, 2, 2, 4, 1, 3, 2, 3, 3] [7, 7, 4, 5, 4, 3, 5, 7, 6, 7, 3, 5, 3, 8, 7, 4, 6, 4, 6, 5, 5, 3, 5, 7, 6, 7, 3, 4, 6, 4, 7, 7, 4, 6, 6, 7, 6, 7, 6, 7, 7, 5, 4, 6, 5, 6, 6, 8, 6, 6, 3, 5, 6, 6, 5, 6, 6, 6, 3, 7, 5, 8, 5, 4, 3, 6, 5, 7, 7, 6, 7, 7, 4, 4, 6, 5, 5, 5, 7, 5]
B_8 16.439999999999998 B 48 [2, 4, 1, 1, 3, 2, 1, 2, 3, 2, 3, 1, 3, 4, 2, 3, 2, 2, 1, 3, 3, 2, 4, 4, 3, 2, 3, 2, 3, 1, 4, 3, 3, 2, 2, 4, 1, 2, 1, 2, 4, 3, 1, 3, 4, 4, 4, 4, 2, 4, 4, 2, 4, 1, 3, 3, 1, 1, 4, 2, 4, 4, 3, 3, 2, 2, 4, 4, 3, 3, 1, 1, 4, 2, 4, 1, 2, 2, 4, 2] [6, 8, 5, 3, 5, 5, 5, 5, 7, 6, 7, 5, 5, 6, 6, 5, 5, 5, 3, 7, 5, 4, 6, 6, 5, 4, 7, 4, 7, 3, 7, 6, 7, 4, 6, 7, 5, 5, 5, 6, 7, 5, 3, 5, 7, 8, 8, 6, 5, 8, 6, 6, 7, 4, 5, 5, 3, 3, 8, 5, 6, 6, 5, 5, 5, 4, 7, 6, 6, 7, 3, 5, 8, 5, 7, 5, 5, 4, 8, 6]
B_9 17.439999999999998 B 49 [4, 3, 1, 1, 1, 2, 1, 2, 2, 1, 1, 4, 4, 4, 3, 4, 2, 3, 2, 4, 4, 1, 3, 3, 2, 3, 1, 2, 3, 2, 3, 3, 3, 3, 2, 3, 4, 4, 3, 1, 4, 4, 4, 2, 1, 1, 3, 2, 4, 2, 1, 2, 3, 4, 4, 1, 4, 2, 2, 3, 2, 3, 3, 4, 2, 1, 1, 2, 4, 1, 1, 3, 4, 4, 1, 2, 2, 4, 3, 4] [8, 5, 3, 3, 3, 4, 3, 5, 5, 3, 3, 7, 7, 7, 5, 6, 6, 6, 6, 7, 6, 5, 7, 5, 6, 5, 5, 5, 6, 5, 6, 7, 5, 5, 4, 6, 7, 6, 6, 5, 6, 7, 8, 5, 3, 4, 5, 6, 8, 6, 3, 5, 5, 6, 8, 5, 8, 5, 6, 7, 6, 5, 7, 8, 4, 5, 4, 6, 7, 4, 3, 6, 7, 6, 4, 4, 5, 6, 5, 8]
B_10 18.439999999999998 B 50 [2, 1, 1, 1, 2, 1, 2, 4, 2, 1, 1, 2, 2, 1, 2, 4, 3, 2, 4, 4, 4, 1, 1, 3, 3, 1, 2, 4, 4, 4, 1, 2, 2, 4, 1, 4, 1, 3, 4, 2, 1, 1, 4, 3, 1, 3, 4, 1, 4, 1, 4, 1, 3, 1, 4, 3, 4, 1, 1, 1, 2, 2, 2, 1, 2, 1, 3, 1, 3, 2, 2, 3, 4, 1, 1, 3, 1, 4, 4, 3] [4, 4, 3, 4, 4, 5, 4, 8, 4, 3, 3, 6, 6, 4, 4, 8, 7, 5, 8, 7, 6, 3, 4, 5, 7, 4, 4, 7, 7, 8, 4, 6, 4, 6, 3, 6, 3, 7, 7, 6, 5, 5, 8, 5, 4, 6, 8, 3, 6, 3, 6, 3, 6, 3, 7, 6, 7, 4, 3, 3, 4, 5, 5, 3, 5, 3, 5, 4, 7, 6, 4, 6, 6, 4, 5, 5, 4, 7, 7, 7]
B_11 19.439999999999998 B 51 [2, 1, 1, 4, 3, 3, 2, 1, 1, 1, 4, 2, 4, 1, 1, 1, 4, 3, 4, 3, 3, 2, 3, 4, 4, 1, 4, 1, 4, 2, 4, 1, 4, 1, 3, 4, 2, 1, 1, 3, 3, 4, 1, 4, 1, 1, 4, 2, 2, 2, 1, 2, 2, 2, 2, 2, 1, 2, 1, 1, 4, 1, 4, 4, 3, 4, 1, 1, 3, 1, 2, 3, 3, 2, 4, 4, 1, 3, 3, 2] [4, 5, 5, 7, 6, 6, 6, 5, 4, 3, 6, 6, 6, 4, 5, 5, 6, 6, 6, 7, 6, 5, 6, 8, 8, 3, 6, 3, 6, 6, 7, 4, 6, 3, 5, 6, 5, 5, 5, 6, 7, 7, 4, 8, 3, 5, 7, 5, 6, 5, 3, 6, 5, 4, 4, 5, 4, 5, 5, 4, 8, 4, 7, 7, 5, 8, 4, 4, 7, 4, 4, 5, 6, 6, 6, 8, 5, 5, 6, 6]
B_12 21.139999999999997 B 52 [1, 1, 4, 2, 4, 1, 2, 2, 4, 3, 4, 2, 3, 2, 1, 2, 2, 2, 3, 1, 2, 3, 1, 2, 2, 3, 3, 2, 3, 3, 1, 3, 3, 4, 3, 2, 3, 3, 2, 3, 2, 4, 2, 2, 2, 4, 3, 2, 4, 3, 3, 2, 2, 1, 2, 1, 3, 3, 1, 3, 3, 3, 4, 4, 3, 1, 4, 1, 2, 2, 1, 1, 4, 3, 1, 3, 1, 4, 2, 2] [5, 5, 7, 4, 6, 4, 6, 5, 7, 5, 8, 5, 7, 4, 5, 5, 4, 6, 5, 4, 4, 6, 5, 5, 5, 7, 7, 6, 7, 5, 5, 6, 5, 7, 6, 5, 7, 7, 5, 7, 4, 7, 4, 4, 6, 8, 5, 6, 7, 5, 6, 5, 6, 5, 5, 4, 5, 6, 5, 5, 6, 7, 8, 6, 7, 5, 6, 5, 6, 5, 4, 5, 8, 7, 3, 6, 4, 6, 4, 4]
B_13 22.139999999999997 B 53 [3, 2, 1, 4, 4, 1, 3, 4, 1, 2, 2, 1, 4, 3, 3, 1, 2, 3, 1, 4, 3, 1, 4, 4, 4, 3, 4, 4, 2, 3, 2, 3, 1, 2, 4, 4, 2, 2, 3, 1, 4, 3, 2, 2, 2, 4, 4, 3, 1, 4, 1, 2, 1, 2, 2, 3, 2, 3, 2, 2, 2, 4, 4, 2, 4, 2, 4, 3, 3, 1, 3, 3, 3, 2, 2, 2, 4, 4, 4, 3] [7, 4, 5, 6, 7, 3, 5, 6, 5, 5, 5, 3, 8, 6, 6, 3, 6, 6, 4, 6, 7, 4, 8, 8, 8, 6, 7, 6, 5, 7, 4, 7, 3, 4, 8, 6, 5, 6, 6, 5, 6, 7, 6, 6, 6, 7, 7, 6, 4, 6, 3, 4, 5, 6, 4, 7, 5, 7, 5, 5, 5, 7, 6, 6, 7, 4, 8, 6, 7, 4, 5, 5, 7, 4, 5, 5, 7, 8, 7, 7]
B_14 26.009999999999998 B 54 [1, 1, 2, 3, 1, 2, 2, 2, 1, 3, 2, 4, 3, 3, 2, 3, 1, 2, 2, 4, 4, 1, 2, 1, 4, 2, 1, 3, 1, 3, 4, 3, 3, 1, 1, 4, 3, 4, 3, 3, 4, 3, 3, 2, 3, 2, 4, 2, 3, 4, 4, 2, 2, 2, 1, 1, 3, 3, 4, 4, 4, 1, 1, 2, 1, 3, 4, 4, 3, 4, 1, 3, 2, 2, 2, 1, 3, 3, 3, 3] [5, 3, 4, 7, 5, 6, 5, 5, 4, 7, 4, 6, 5, 5, 4, 7, 4, 6, 5, 6, 6, 5, 4, 5, 6, 5, 3, 5, 3, 7, 7, 7, 5, 3, 4, 6, 5, 6, 7, 7, 8, 7, 5, 5, 5, 6, 8, 5, 5, 8, 7, 4, 5, 4, 5, 5, 6, 6, 7, 6, 7, 4, 4, 5, 4, 6, 7, 6, 6, 7, 4, 7, 6, 4, 6, 3, 6, 5, 5, 5]
B_15 27.339999999999996 B 55 [4, 3, 2, 1, 4, 1, 1, 4, 3, 4, 3, 4, 4, 3, 4, 1, 3, 4, 2, 4, 1, 4, 2, 4, 2, 4, 4, 1, 2, 4, 2, 2, 4, 3, 1, 2, 4, 1, 2, 2, 3, 4, 4, 2, 4, 4, 2, 3, 3, 1, 3, 2, 1, 3, 1, 2, 3, 3, 3, 1, 1, 4, 3, 4, 4, 1, 3, 1, 3, 3, 4, 1, 3, 2, 3, 2, 1, 4, 3, 2] [7, 6, 5, 4, 6, 3, 5, 7, 6, 6, 6, 6, 8, 6, 6, 5, 5, 7, 6, 8, 4, 7, 6, 6, 6, 7, 8, 5, 4, 8, 6, 4, 8, 7, 4, 6, 8, 4, 6, 5, 7, 7, 6, 6, 6, 8, 5, 6, 5, 5, 6, 5, 4, 7, 5, 5, 5, 6, 7, 3, 4, 7, 6, 6, 8, 3, 5, 3, 7, 6, 7, 4, 5, 6, 6, 5, 4, 7, 6, 6]
B_16 28.739999999999995 B 56 [4, 1, 3, 3, 4, 1, 2, 1, 1, 1, 1, 2, 2, 1, 3, 1, 3, 1, 3, 1, 4, 1, 4, 1, 2, 3, 1, 2, 3, 4, 2, 4, 1, 4, 4, 2, 1, 4, 4, 1, 4, 3, 1, 1, 3, 2, 2, 4, 1, 4, 4, 1, 3, 2, 3, 3, 3, 4, 2, 3, 2, 1, 3, 2, 1, 1, 3, 4, 1, 2, 3, 1, 1, 4, 4, 4, 2, 2, 3, 4] [6, 3, 7, 7, 7, 4, 5, 4, 5, 5, 4, 5, 6, 4, 7, 5, 6, 5, 6, 4, 6, 3, 7, 4, 6, 5, 4, 6, 5, 6, 5, 8, 5, 7, 6, 6, 3, 8, 8, 4, 8, 5, 4, 4, 7, 6, 6, 6, 3, 8, 7, 4, 5, 5, 6, 5, 6, 8, 6, 6, 5, 4, 7, 6, 3, 5, 7, 6, 3, 6, 5, 5, 5, 7, 6, 7, 4, 5, 7, 6]
B_17 31.709999999999994 B 57 [1, 4, 4, 2, 3, 2, 1, 1, 4, 4, 3, 2, 1, 1, 3, 4, 2, 1, 3, 2, 1, 1, 3, 2, 2, 3, 4, 4, 4, 2, 1, 2, 3, 4, 3, 3, 3, 4, 1, 2, 1, 2, 1, 2, 4, 2, 2, 4, 1, 2, 1, 2, 3, 3, 3, 3, 4, 3, 2, 2, 2, 4, 2, 4, 4, 4, 2, 4, 1, 1, 4, 1, 2, 3, 1, 3, 2, 3, 1, 1] [5, 6, 6, 4, 6, 6, 3, 4, 8, 8, 6, 4, 5, 5, 5, 7, 6, 4, 5, 6, 4, 5, 6, 4, 5, 6, 6, 8, 8, 4, 5, 5, 6, 6, 7, 5, 6, 6, 4, 5, 5, 5, 5, 4, 8, 6, 4, 6, 3, 5, 4, 5, 6, 7, 6, 6, 8, 7, 4, 6, 5, 6, 6, 6, 8, 6, 4, 7, 4, 4, 6, 3, 6, 7, 3, 7, 4, 5, 4, 3]
B_18 33.669999999999995 B 58 [2, 1, 2, 4, 1, 1, 2, 4, 4, 2, 4, 4, 4, 2, 1, 4, 1, 3, 4, 2, 1, 1, 2, 4, 1, 3, 1, 3, 2, 4, 1, 3, 1, 2, 1, 2, 1, 3, 2, 3, 3, 1, 1, 4, 4, 3, 1, 1, 4, 2, 1, 1, 1, 2, 4, 3, 2, 2, 2, 3, 1, 2, 2, 4, 3, 2, 4, 1, 1, 2, 1, 1, 1, 2, 4, 1, 4, 1, 1, 2] [4, 3, 4, 8, 3, 4, 6, 7, 8, 5, 6, 8, 7, 5, 3, 7, 5, 7, 6, 4, 3, 3, 4, 6, 5, 5, 5, 5, 4, 7, 4, 5, 5, 6, 5, 4, 3, 7, 6, 7, 7, 3, 4, 8, 8, 5, 4, 3, 8, 6, 3, 5, 5, 5, 7, 7, 6, 4, 6, 5, 3, 4, 6, 8, 7, 6, 8, 3, 3, 5, 3, 3, 4, 5, 6, 3, 6, 3, 5, 5]
B_19 36.129999999999995 B 59 [1, 4, 4, 1, 4, 4, 1, 2, 2, 2, 1, 4, 1, 2, 4, 1, 1, 4, 1, 2, 3, 1, 3, 2, 2, 1, 3, 2, 4, 2, 3, 1, 4, 4, 3, 3, 4, 4, 2, 4, 1, 3, 1, 4, 1, 3, 2, 3, 2, 3, 1, 1, 3, 2, 4, 1, 3, 2, 3, 1, 1, 2, 1, 2, 3, 4, 2, 4, 4, 1, 3, 2, 3, 3, 1, 2, 3, 4, 2, 1] [4, 6, 8, 3, 7, 8, 4, 5, 5, 5, 5, 8, 4, 5, 8, 3, 3, 7, 3, 6, 7, 3, 5, 6, 5, 5, 7, 4, 7, 5, 5, 3, 8, 8, 6, 5, 8, 7, 4, 7, 4, 6, 5, 7, 5, 6, 4, 7, 5, 7, 3, 4, 5, 5, 6, 3, 6, 6, 5, 5, 4, 5, 4, 4, 6, 8, 6, 6, 8, 3, 6, 6, 6, 5, 5, 4, 7, 6, 4, 5]
B_20 39.959999999999994 B 60 [1, 1, 4, 1, 1, 3, 3, 1, 4, 4, 4, 1, 3, 1, 1, 2, 1, 1, 3, 1, 4, 3, 4, 3, 2, 4, 2, 3, 4, 4, 2, 2, 3, 2, 4, 4, 1, 3, 4, 3, 1, 3, 3, 1, 3, 4, 4, 1, 4, 2, 2, 4, 3, 2, 4, 1, 2, 2, 1, 1, 2, 2, 3, 3, 2, 1, 4, 2, 3, 2, 1, 3, 2, 3, 1, 1, 4, 3, 2, 1] [5, 5, 6, 3, 4, 7, 6, 3, 7, 6, 8, 4, 7, 5, 4, 4, 5, 3, 7, 3, 6, 7, 7, 7, 6, 7, 4, 5, 7, 8, 6, 6, 7, 4, 8, 6, 5, 5, 7, 7, 5, 5, 5, 4, 6, 6, 8, 5, 6, 6, 4, 8, 6, 5, 7, 4, 5, 5, 3, 4, 5, 4, 5, 6, 6, 5, 6, 5, 7, 6, 4, 7, 4, 6, 4, 4, 8, 7, 5, 4]
B_21 40.959999999999994 B 61 [2, 2, 2, 3, 2, 1, 1, 4, 2, 3, 1, 2, 1, 4, 3, 4, 4, 4, 1, 3, 3, 2, 3, 1, 1, 1, 3, 4, 4, 4, 3, 4, 4, 3, 1, 2, 2, 2, 1, 4, 3, 3, 4, 2, 3, 1, 4, 4, 4, 3, 2, 1, 3, 4, 1, 4, 1, 4, 2, 2, 2, 1, 3, 3, 4, 1, 2, 2, 1, 1, 4, 1, 1, 1, 3, 4, 4, 1, 1, 4] [4, 4, 4, 6, 6, 4, 4, 7, 5, 5, 3, 4, 5, 6, 5, 7, 7, 8, 3, 6, 6, 4, 6, 3, 5, 4, 5, 7, 6, 7, 5, 6, 6, 7, 5, 5, 6, 5, 5, 6, 7, 7, 7, 6, 6, 3, 6, 8, 6, 5, 5, 4, 7, 7, 4, 7, 4, 6, 4, 5, 4, 3, 6, 7, 7, 3, 6, 6, 3, 3, 7, 4, 3, 5, 7, 7, 8, 3, 4, 6]
B_22 41.959999999999994 B 62 [1, 4, 2, 1, 3, 4, 1, 2, 2, 1, 3, 4, 2, 4, 1, 1, 3, 1, 1, 3, 4, 1, 3, 2, 4, 2, 2, 4, 1, 3, 2, 1, 4, 3, 3, 4, 1, 4, 4, 2, 3, 4, 4, 4, 1, 3, 2, 2, 3, 3, 2, 4, 4, 4, 1, 3, 3, 2, 2, 1, 3, 3, 4, 2, 3, 1, 4, 3, 3, 2, 3, 1, 1, 1, 2, 4, 4, 1, 3, 2] [4, 6, 4, 5, 6, 7, 3, 6, 5, 5, 6, 6, 4, 7, 4, 5, 6, 4, 4, 7, 6, 5, 6, 4, 6, 5, 5, 6, 3, 6, 5, 4, 6, 5, 7, 8, 4, 8, 7, 4, 7, 7, 8, 7, 3, 5, 6, 5, 5, 7, 5, 7, 8, 6, 4, 6, 7, 6, 6, 4, 5, 6, 8, 6, 5, 4, 6, 7, 7, 4, 5, 4, 5, 5, 4, 8, 8, 4, 6, 6]
B_23 46.089999999999996 B 63 [1, 3, 2, 4, 4, 4, 2, 4, 1, 1, 2, 2, 2, 4, 3, 4, 4, 4, 4, 1, 4, 3, 3, 2, 4, 3, 3, 3, 1, 3, 2, 4, 1, 1, 3, 1, 2, 4, 4, 3, 2, 1, 1, 1, 1, 4, 3, 2, 3, 4, 1, 4, 4, 2, 2, 4, 2, 4, 4, 2, 3, 3, 2, 4, 4, 1, 1, 4, 3, 3, 3, 4, 3, 4, 1, 4, 3, 3, 4, 2] [5, 5, 6, 8, 7, 6, 5, 7, 4, 3, 4, 5, 6, 6, 7, 8, 6, 7, 8, 3, 6, 6, 7, 6, 7, 6, 6, 6, 4, 7, 5, 7, 4, 3, 6, 3, 6, 8, 6, 7, 5, 4, 4, 4, 3, 6, 7, 4, 5, 8, 3, 7, 6, 6, 5, 6, 6, 6, 8, 4, 6, 7, 6, 8, 7, 5, 5, 6, 7, 6, 6, 8, 7, 7, 3, 8, 7, 5, 7, 5]
B_24 47.099999999999994 B 64 [1, 2, 2, 1, 4, 2, 1, 3, 4, 1, 3, 1, 1, 2, 3, 1, 1, 1, 2, 3, 4, 4, 1, 1, 1, 1, 3, 4, 1, 1, 1, 1, 3, 1, 4, 2, 3, 2, 2, 2, 1, 2, 4, 2, 4, 4, 2, 1, 2, 2, 2, 3, 3, 4, 1, 4, 1, 4, 3, 3, 2, 4, 3, 4, 4, 1, 3, 2, 4, 2, 1, 1, 2, 2, 2, 4, 1, 2, 2, 1] [4, 5, 4, 5, 6, 6, 3, 6, 6, 5, 5, 5, 4, 4, 7, 3, 5, 4, 4, 6, 7, 6, 3, 4, 5, 5, 6, 6, 3, 5, 3, 3, 6, 4, 8, 6, 6, 6, 6, 6, 5, 6, 8, 4, 8, 6, 4, 3, 5, 4, 5, 5, 7, 7, 4, 8, 3, 8, 7, 6, 6, 7, 5, 7, 6, 3, 7, 5, 6, 4, 4, 5, 4, 4, 5, 8, 3, 5, 5, 5]
B_25 50.75999999999999 B 65 [4, 3, 2, 3, 4, 4, 4, 2, 3, 2, 1, 2, 2, 2, 1, 3, 3, 2, 2, 4, 3, 3, 4, 4, 3, 2, 4, 4, 4, 1, 3, 4, 3, 4, 3, 3, 2, 2, 4, 3, 3, 2, 1, 4, 3, 1, 1, 4, 2, 1, 1, 4, 1, 2, 3, 1, 1, 4, 2, 4, 1, 1, 1, 1, 1, 2, 3, 3, 3, 2, 2, 3, 2, 3, 3, 1, 3, 1, 2, 4] [8, 7, 6, 6, 7, 6, 8, 6, 5, 6, 3, 4, 4, 5, 4, 6, 6, 4, 6, 6, 7, 5, 6, 6, 6, 4, 8, 8, 7, 5, 7, 6, 7, 7, 5, 6, 5, 5, 7, 5, 6, 4, 5, 6, 6, 5, 4, 6, 4, 5, 3, 8, 5, 4, 6, 3, 5, 6, 6, 8, 5, 3, 4, 5, 3, 5, 7, 5, 6, 5, 6, 7, 5, 7, 7, 4, 5, 3, 4, 6]
B_26 51.75999999999999 B 66 [3, 1, 2, 3, 4, 4, 4, 3, 4, 1, 4, 3, 2, 4, 2, 4, 2, 2, 2, 4, 3, 2, 2, 1, 3, 1, 2, 4, 4, 4, 2, 3, 4, 4, 1, 4, 3, 2, 3, 3, 1, 4, 4, 4, 3, 4, 2, 3, 4, 1, 3, 1, 4, 4, 4, 3, 3, 2, 4, 2, 4, 2, 4, 1, 3, 3, 2, 3, 3, 2, 4, 3, 3, 4, 1, 2, 1, 4, 2, 3] [6, 3, 6, 7, 6, 8, 6, 7, 6, 5, 8, 6, 5, 6, 4, 8, 5, 4, 5, 7, 6, 5, 5, 5, 6, 4, 6, 8, 8, 7, 5, 7, 7, 7, 4, 8, 5, 6, 7, 6, 5, 8, 6, 7, 5, 7, 4, 5, 7, 4, 5, 4, 6, 8, 7, 5, 7, 4, 8, 6, 6, 6, 6, 5, 7, 7, 4, 7, 6, 4, 6, 7, 6, 6, 4, 6, 4, 6, 5, 6]
B_27 52.75999999999999 B 67 [2, 4, 1, 1, 3, 1, 4, 4, 1, 4, 1, 1, 3, 4, 3, 1, 2, 1, 1, 4, 1, 2, 4, 2, 2, 2, 4, 2, 4, 2, 3, 3, 3, 2, 4, 1, 3, 3, 4, 3, 1, 1, 2, 3, 4, 3, 3, 3, 4, 2, 1, 1, 1, 3, 4, 1, 4, 4, 1, 4, 2, 2, 3, 4, 2, 3, 3, 3, 1, 1, 2, 2, 2, 2, 2, 1, 2, 1, 3, 4] [4, 6, 4, 4, 7, 4, 8, 8, 3, 6, 5, 5, 5, 8, 5, 3, 6, 4, 3, 7, 3, 5, 8, 6, 5, 6, 6, 6, 8, 4, 7, 6, 6, 4, 8, 3, 5, 5, 6, 7, 3, 5, 4, 7, 6, 7, 6, 7, 6, 6, 4, 4, 5, 6, 6, 3, 6, 7, 3, 6, 5, 6, 7, 6, 5, 5, 7, 6, 5, 3, 5, 5, 4, 5, 5, 4, 4, 4, 5, 8]
B_28 54.30999999999999 B 68 [3, 3, 1, 3, 2, 1, 3, 4, 2, 2, 2, 4, 4, 3, 4, 4, 1, 4, 3, 4, 2, 4, 4, 3, 4, 4, 4, 1, 4, 2, 2, 4, 2, 4, 2, 2, 2, 3, 1, 4, 1, 3, 1, 3, 3, 2, 2, 4, 3, 4, 3, 3, 2, 3, 3, 3, 1, 1, 1, 4, 3, 1, 3, 3, 4, 3, 3, 1, 2, 1, 4, 3, 4, 2, 2, 3, 4, 4, 2, 2] [7, 5, 5, 7, 4, 5, 7, 6, 5, 6, 6, 6, 8, 7, 6, 8, 4, 8, 6, 8, 4, 7, 8, 5, 7, 8, 7, 4, 6, 5, 4, 7, 5, 8, 5, 4, 5, 6, 3, 7, 4, 5, 5, 7, 7, 6, 5, 7, 6, 7, 7, 7, 6, 7, 6, 7, 3, 4, 3, 8, 7, 3, 7, 7, 6, 6, 6, 5, 4, 4, 7, 6, 8, 6, 4, 5, 8, 8, 5, 6]
B_29 55.44999999999999 B 69 [1, 4, 3, 4, 1, 3, 3, 3, 4, 2, 1, 4, 2, 4, 4, 1, 2, 1, 2, 2, 4, 1, 2, 4, 2, 3, 4, 2, 2, 4, 2, 2, 4, 2, 4, 3, 1, 4, 1, 3, 4, 1, 3, 4, 2, 1, 3, 4, 3, 1, 2, 1, 2, 1, 4, 3, 2, 1, 2, 1, 2, 1, 2, 3, 2, 2, 2, 1, 1, 3, 1, 1, 2, 4, 2, 1, 4, 2, 4, 2] [3, 7, 7, 6, 4, 6, 7, 5, 6, 6, 3, 7, 5, 8, 7, 5, 4, 4, 4, 5, 6, 4, 5, 6, 5, 7, 6, 6, 5, 8, 5, 5, 8, 5, 6, 6, 5, 7, 5, 6, 8, 4, 6, 6, 4, 5, 7, 6, 7, 4, 6, 4, 5, 4, 7, 6, 6, 4, 5, 3, 6, 3, 4, 6, 4, 5, 4, 3, 4, 5, 3, 3, 6, 6, 6, 4, 7, 5, 6, 4]
B_30 57.39999999999999 B 70 [4, 2, 3, 1, 4, 3, 3, 1, 3, 4, 2, 1, 3, 4, 4, 1, 3, 1, 3, 4, 4, 2, 1, 3, 3, 4, 1, 4, 3, 2, 4, 4, 1, 3, 2, 1, 1, 1, 4, 4, 3, 1, 1, 4, 2, 3, 3, 3, 1, 1, 2, 2, 1, 3, 1, 4, 3, 4, 1, 3, 1, 4, 3, 3, 1, 2, 4, 2, 4, 1, 4, 3, 1, 2, 4, 3, 3, 3, 1, 3] [8, 5, 5, 4, 6, 7, 5, 5, 5, 7, 6, 5, 7, 7, 8, 4, 6, 4, 6, 7, 8, 4, 4, 7, 6, 6, 3, 7, 7, 5, 8, 7, 4, 7, 4, 5, 3, 4, 7, 8, 5, 4, 4, 6, 4, 6, 5, 7, 3, 3, 4, 4, 4, 5, 4, 7, 5, 6, 3, 6, 4, 7, 5, 6, 4, 6, 6, 5, 7, 3, 6, 6, 3, 5, 6, 5, 6, 7, 3, 6]
B_31 58.39999999999999 B 71 [1, 4, 1, 1, 3, 2, 1, 3, 4, 3, 1, 2, 2, 3, 2, 4, 2, 1, 2, 4, 3, 1, 2, 1, 2, 4, 4, 1, 2, 2, 4, 3, 1, 3, 1, 2, 2, 4, 2, 1, 2, 2, 2, 4, 3, 1, 3, 4, 1, 3, 3, 3, 1, 3, 3, 1, 1, 1, 1, 2, 3, 1, 1, 4, 1, 3, 3, 2, 3, 1, 3, 1, 2, 4, 2, 4, 4, 1, 3, 2] [5, 7, 5, 4, 7, 5, 3, 5, 6, 7, 3, 4, 5, 6, 5, 8, 6, 3, 4, 7, 5, 4, 4, 4, 6, 7, 8, 5, 5, 4, 6, 7, 4, 7, 5, 6, 5, 7, 5, 5, 6, 5, 6, 6, 7, 5, 5, 7, 5, 6, 6, 5, 5, 5, 7, 4, 5, 3, 3, 6, 7, 4, 4, 8, 5, 7, 7, 5, 6, 3, 6, 4, 4, 7, 5, 8, 6, 5, 5, 4]
B_32 59.39999999999999 B 72 [3, 3, 1, 4, 4, 2, 3, 3, 2, 2, 3, 1, 2, 1, 2, 3, 2, 3, 3, 2, 1, 3, 4, 3, 1, 4, 2, 2, 1, 1, 1, 3, 1, 1, 4, 4, 3, 4, 1, 1, 4, 2, 3, 1, 4, 3, 1, 2, 4, 4, 4, 3, 4, 3, 2, 3, 1, 2, 1, 3, 2, 1, 1, 3, 2, 2, 3, 2, 4, 2, 1, 2, 2, 3, 4, 2, 2, 3, 1, 3] [7, 6, 4, 8, 8, 5, 6, 6, 4, 6, 6, 5, 6, 5, 6, 6, 5, 7, 6, 4, 4, 6, 6, 7, 4, 8, 4, 5, 4, 4, 4, 5, 3, 3, 6, 8, 7, 7, 4, 4, 8, 4, 5, 3, 8, 5, 4, 4, 8, 7, 6, 6, 8, 7, 6, 5, 5, 6, 4, 6, 4, 3, 5, 7, 4, 5, 6, 4, 8, 6, 3, 4, 4, 5, 8, 4, 6, 7, 5, 6]
B_33 60.39999999999999 B 73 [3, 4, 1, 1, 1, 4, 2, 2, 4, 1, 1, 1, 4, 4, 1, 3, 4, 4, 4, 1, 2, 3, 1, 4, 4, 4, 1, 4, 3, 3, 1, 4, 4, 2, 1, 1, 1, 1, 2, 3, 3, 1, 1, 4, 1, 4, 2, 2, 2, 4, 1, 2, 3, 2, 2, 2, 4, 3, 2, 3, 3, 1, 1, 4, 2, 3, 4, 2, 2, 4, 2, 4, 3, 3, 1, 4, 3, 3, 1, 1] [7, 7, 3, 4, 4, 6, 6, 5, 6, 4, 4, 4, 8, 6, 5, 5, 8, 6, 7, 3, 6, 6, 5, 6, 7, 8, 4, 8, 5, 7, 4, 7, 6, 4, 4, 4, 4, 5, 5, 5, 6, 4, 5, 7, 4, 7, 5, 4, 5, 6, 4, 6, 7, 4, 4, 6, 7, 7, 5, 5, 6, 5, 5, 7, 4, 7, 6, 5, 6, 6, 5, 7, 5, 7, 4, 7, 6, 6, 5, 5]
B_34 61.39999999999999 B 74 [2, 1, 1, 1, 1, 1, 2, 3, 3, 2, 4, 2, 2, 2, 3, 3, 4, 3, 2, 4, 4, 2, 2, 1, 4, 4, 2, 2, 3, 4, 3, 2, 2, 1, 3, 4, 2, 2, 2, 3, 4, 2, 4, 1, 1, 3, 4, 4, 4, 1, 1, 4, 1, 2, 2, 3, 4, 1, 4, 1, 1, 3, 2, 1, 2, 3, 1, 2, 2, 2, 4, 2, 4, 1, 1, 1, 1, 4, 1, 4] [6, 5, 4, 5, 3, 4, 6, 5, 5, 4, 6, 4, 4, 6, 7, 5, 8, 7, 6, 7, 7, 6, 5, 4, 7, 6, 4, 4, 5, 8, 5, 5, 5, 4, 6, 6, 5, 4, 5, 5, 7, 6, 8, 5, 4, 5, 6, 6, 7, 4, 5, 6, 3, 5, 6, 6, 6, 3, 6, 5, 4, 7, 4, 3, 5, 7, 4, 5, 4, 6, 6, 5, 8, 4, 3, 4, 4, 7, 4, 7]
B_35 65.66 B 75 [1, 3, 2, 2, 1, 4, 2, 4, 2, 1, 4, 2, 3, 3, 2, 2, 2, 2, 1, 2, 4, 2, 2, 2, 2, 2, 1, 4, 3, 2, 3, 2, 4, 3, 1, 2, 2, 3, 4, 1, 4, 4, 4, 3, 2, 1, 4, 1, 1, 2, 3, 4, 3, 2, 1, 2, 4, 3, 1, 2, 1, 4, 4, 4, 4, 1, 2, 1, 3, 1, 3, 4, 2, 4, 1, 1, 4, 4, 3, 1] [5, 6, 6, 4, 4, 6, 4, 6, 6, 4, 8, 5, 6, 7, 6, 6, 4, 6, 4, 4, 7, 4, 6, 6, 4, 5, 4, 6, 6, 6, 6, 4, 8, 5, 5, 4, 5, 5, 8, 4, 6, 8, 6, 6, 4, 5, 8, 5, 5, 4, 5, 8, 6, 5, 3, 5, 7, 7, 3, 4, 4, 7, 8, 8, 8, 4, 6, 4, 5, 4, 5, 8, 4, 7, 4, 3, 7, 8, 5, 3]
B_36 67.14 B 76 [1, 1, 1, 3, 2, 1, 4, 2, 3, 2, 2, 3, 4, 2, 1, 4, 1, 1, 4, 2, 1, 2, 3, 4, 2, 1, 4, 4, 2, 2, 3, 2, 3, 2, 1, 1, 4, 4, 1, 2, 1, 3, 3, 3, 3, 1, 2, 3, 2, 2, 1, 1, 1, 4, 3, 1, 2, 2, 4, 3, 4, 4, 4, 3, 1, 3, 1, 2, 4, 4, 3, 4, 2, 3, 1, 4, 4, 4, 4, 4] [4, 5, 5, 7, 4, 5, 7, 6, 7, 6, 5, 5, 8, 4, 4, 8, 4, 3, 8, 5, 5, 5, 7, 8, 5, 3, 7, 6, 5, 6, 7, 5, 7, 5, 3, 3, 6, 6, 3, 4, 3, 7, 7, 6, 6, 4, 4, 5, 5, 5, 4, 5, 4, 7, 6, 4, 4, 4, 6, 7, 8, 8, 8, 7, 3, 5, 4, 4, 8, 7, 6, 6, 6, 6, 4, 7, 7, 7, 6, 8]
B_37 69.24 B 77 [4, 2, 2, 1, 2, 3, 2, 4, 1, 2, 2, 4, 4, 3, 2, 2, 3, 4, 3, 3, 1, 4, 3, 4, 1, 2, 1, 4, 3, 4, 3, 1, 1, 2, 3, 3, 4, 2, 1, 1, 2, 4, 4, 1, 2, 1, 1, 2, 2, 4, 4, 3, 4, 4, 3, 4, 2, 3, 1, 4, 3, 1, 1, 3, 2, 1, 4, 1, 4, 2, 3, 1, 3, 3, 4, 4, 4, 2, 3, 2] [8, 6, 4, 4, 6, 7, 6, 8, 4, 5, 4, 7, 7, 7, 6, 6, 5, 6, 5, 7, 4, 7, 5, 6, 3, 4, 4, 7, 5, 6, 5, 3, 5, 6, 7, 5, 7, 6, 4, 3, 5, 7, 7, 3, 5, 4, 3, 5, 4, 6, 7, 5, 6, 8, 5, 7, 5, 5, 3, 6, 7, 3, 4, 5, 5, 3, 6, 4, 8, 5, 7, 5, 7, 6, 7, 8, 7, 6, 6, 4]
B_38 70.42999999999999 B 78 [3, 2, 2, 2, 3, 2, 1, 3, 1, 4, 3, 2, 1, 3, 4, 2, 1, 3, 1, 4, 3, 2, 2, 1, 4, 1, 3, 4, 1, 2, 2, 3, 3, 2, 2, 1, 3, 3, 4, 1, 2, 1, 1, 1, 4, 2, 2, 3, 4, 3, 4, 3, 2, 4, 3, 3, 3, 1, 1, 2, 2, 1, 3, 4, 2, 2, 2, 3, 2, 4, 1, 3, 1, 1, 1, 3, 4, 3, 3, 2] [5, 5, 6, 6, 7, 4, 4, 5, 3, 7, 6, 6, 5, 5, 6, 6, 5, 5, 4, 8, 6, 4, 4, 4, 7, 3, 5, 8, 4, 6, 6, 5, 6, 5, 4, 3, 6, 6, 7, 3, 5, 3, 5, 3, 7, 6, 5, 7, 8, 5, 7, 6, 4, 7, 5, 6, 7, 4, 5, 4, 5, 4, 6, 7, 5, 4, 5, 5, 5, 6, 3, 5, 5, 5, 4, 5, 6, 6, 5, 5]
B_39 71.42999999999999 B 79 [3, 2, 3, 4, 4, 1, 4, 3, 3, 1, 1, 1, 2, 4, 4, 1, 1, 2, 2, 3, 4, 2, 2, 4, 4, 4, 4, 1, 2, 3, 3, 1, 2, 4, 4, 4, 2, 2, 2, 1, 2, 1, 3, 1, 3, 1, 4, 3, 2, 4, 3, 2, 2, 3, 3, 2, 4, 1, 2, 1, 1, 4, 2, 2, 1, 4, 3, 4, 2, 2, 3, 2, 3, 1, 4, 1, 4, 2, 2, 3] [5, 4, 6, 6, 7, 5, 6, 7, 7, 5, 4, 4, 4, 6, 7, 4, 4, 6, 5, 6, 6, 5, 6, 7, 7, 7, 7, 5, 5, 5, 7, 5, 5, 6, 7, 6, 5, 5, 6, 5, 6, 5, 5, 3, 6, 5, 6, 5, 6, 8, 7, 6, 4, 7, 5, 6, 6, 3, 5, 5, 4, 6, 6, 5, 5, 6, 6, 8, 6, 4, 6, 4, 6, 5, 7, 3, 8, 4, 5, 6]
