A_0 1.51 A 0 [3, 4, 3, 3, 1, 2, 1, 3, 4, 3, 3, 3, 1, 3, 1, 2, 4, 2, 3, 4, 1, 1, 3, 4, 2, 1, 1, 1, 4, 2, 4, 3, 1, 2, 4, 4, 3, 4, 3, 3, 3, 2, 2, 4, 3, 3, 1, 3, 2, 2, 4, 2, 2, 2, 1, 4, 2, 1, 1, 1, 1, 2, 4, 2, 1, 1, 3, 3, 1, 3, 4, 2, 3, 1, 1, 4, 3, 2, 3, 4] [7, 7, 6, 6, 4, 5, 3, 6, 7, 7, 5, 5, 5, 7, 5, 4, 6, 4, 6, 8, 4, 5, 7, 6, 6, 3, 5, 5, 8, 6, 8, 5, 4, 4, 7, 8, 7, 7, 7, 6, 7, 5, 4, 7, 5, 5, 5, 6, 6, 5, 7, 4, 6, 5, 4, 7, 4, 5, 3, 5, 3, 5, 8, 4, 4, 3, 5, 7, 3, 6, 8, 6, 7, 5, 3, 7, 6, 5, 7, 7]
A_1 3.12 A 1 [4, 1, 2, 4, 2, 4, 4, 2, 4, 1, 1, 2, 2, 1, 3, 4, 1, 1, 4, 3, 2, 4, 3, 4, 1, 2, 2, 1, 3, 4, 2, 4, 2, 4, 1, 1, 3, 3, 3, 3, 1, 3, 4, 2, 1, 3, 3, 1, 4, 4, 2, 2, 2, 3, 2, 1, 3, 4, 1, 1, 2, 1, 2, 1, 3, 1, 1, 3, 3, 2, 1, 3, 3, 4, 4, 4, 3, 3, 1, 4] [7, 5, 5, 7, 4, 8, 7, 4, 8, 4, 5, 6, 5, 3, 6, 6, 3, 3, 7, 5, 6, 8, 5, 7, 3, 5, 4, 5, 6, 8, 4, 7, 6, 7, 5, 5, 5, 6, 7, 7, 4, 5, 7, 5, 3, 5, 5, 3, 7, 8, 6, 6, 6, 7, 5, 4, 5, 8, 4, 4, 6, 5, 4, 4, 7, 5, 4, 6, 5, 4, 3, 5, 6, 7, 8, 6, 5, 7, 3, 6]
A_2 4.12 A 2 [3, 2, 1, 2, 2, 2, 1, 1, 4, 3, 2, 1, 1, 3, 4, 2, 1, 4, 1, 1, 2, 3, 3, 1, 2, 4, 4, 1, 1, 2, 4, 4, 3, 2, 1, 3, 2, 4, 2, 4, 2, 3, 3, 4, 1, 1, 3, 2, 4, 4, 1, 3, 4, 2, 3, 2, 3, 4, 1, 2, 1, 3, 2, 2, 4, 3, 4, 2, 4, 3, 2, 3, 3, 2, 4, 1, 1, 2, 3, 4] [6, 5, 3, 5, 6, 6, 4, 3, 8, 7, 6, 4, 4, 6, 6, 6, 4, 7, 4, 4, 6, 5, 7, 4, 4, 6, 8, 4, 5, 5, 8, 8, 7, 5, 5, 6, 4, 8, 5, 8, 6, 5, 6, 8, 3, 5, 5, 4, 7, 8, 5, 6, 6, 6, 5, 5, 6, 7, 4, 5, 4, 5, 5, 6, 7, 5, 7, 5, 7, 6, 6, 7, 6, 4, 6, 4, 3, 4, 6, 7]
A_3 5.12 A 3 [3, 4, 2, 3, 3, 4, 1, 1, 4, 4, 1, 4, 3, 2, 2, 3, 4, 2, 4, 3, 3, 1, 1, 2, 2, 1, 1, 2, 2, 1, 4, 4, 1, 4, 2, 2, 3, 3, 1, 1, 2, 2, 3, 4, 1, 3, 4, 4, 2, 4, 1, 2, 3, 4, 1, 4, 4, 4, 3, 2, 2, 1, 3, 2, 1, 1, 4, 1, 4, 3, 2, 4, 2, 2, 1, 1, 2, 3, 3, 3] [6, 7, 5, 5, 5, 7, 3, 3, 7, 6, 4, 7, 7, 4, 5, 5, 6, 5, 8, 5, 7, 4, 4, 4, 6, 5, 3, 5, 4, 4, 6, 8, 5, 6, 5, 4, 7, 7, 5, 3, 5, 4, 7, 7, 3, 6, 8, 6, 4, 8, 3, 6, 5, 6, 5, 7, 8, 7, 5, 6, 6, 3, 7, 4, 5, 3, 6, 4, 8, 6, 4, 7, 6, 4, 4, 4, 4, 5, 7, 6]
A_4 6.12 A 4 [1, 2, 2, 3, 3, 3, 2, 4, 4, 1, 2, 2, 4, 4, 2, 3, 3, 3, 2, 2, 1, 1, 1, 1, 1, 3, 2, 1, 1, 4, 4, 4, 1, 4, 2, 4, 2, 3, 1, 4, 2, 3, 2, 2, 3, 3, 1, 3, 3, 3, 3, 3, 1, 3, 2, 3, 4, 2, 1, 3, 4, 4, 1, 2, 3, 2, 1, 2, 2, 3, 3, 4, 3, 1, 1, 3, 1, 1, 4, 3] [4, 4, 6, 5, 5, 5, 5, 7, 6, 5, 6, 6, 6, 8, 4, 6, 7, 7, 6, 6, 3, 4, 3, 5, 4, 5, 6, 4, 5, 6, 6, 8, 3, 7, 6, 7, 6, 7, 5, 8, 5, 6, 6, 6, 7, 6, 5, 6, 6, 5, 5, 6, 4, 7, 6, 6, 6, 4, 5, 5, 8, 7, 4, 4, 5, 6, 5, 6, 4, 5, 5, 8, 6, 5, 5, 5, 5, 3, 6, 6]
A_5 7.12 A 5 [2, 4, 2, 4, 3, 3, 1, 1, 3, 1, 2, 4, 1, 2, 3, 4, 1, 1, 4, 3, 4, 1, 3, 4, 2, 3, 1, 3, 3, 1, 4, 3, 2, 2, 3, 3, 3, 1, 1, 3, 4, 2, 4, 2, 1, 2, 3, 3, 2, 2, 2, 2, 2, 4, 3, 2, 2, 2, 2, 4, 3, 1, 4, 2, 2, 3, 2, 4, 2, 4, 2, 1, 3, 4, 4, 4, 3, 3, 1, 2] [5, 8, 6, 7, 5, 6, 5, 3, 7, 4, 6, 8, 3, 4, 6, 8, 4, 3, 8, 6, 8, 5, 7, 8, 6, 5, 5, 6, 7, 5, 7, 5, 6, 5, 5, 6, 7, 3, 4, 7, 7, 4, 8, 4, 4, 5, 7, 7, 5, 6, 4, 6, 4, 6, 7, 6, 4, 4, 4, 8, 6, 3, 7, 5, 5, 5, 4, 7, 4, 8, 6, 4, 6, 7, 6, 7, 7, 7, 4, 4]
A_6 8.120000000000001 A 6 [1, 4, 1, 1, 2, 1, 2, 3, 1, 2, 1, 4, 1, 1, 3, 2, 1, 1, 2, 2, 3, 4, 2, 1, 1, 2, 1, 3, 2, 2, 1, 1, 1, 4, 1, 1, 1, 3, 2, 2, 4, 3, 3, 2, 3, 3, 2, 1, 4, 4, 4, 1, 4, 1, 4, 1, 4, 2, 2, 2, 1, 3, 1, 4, 2, 1, 2, 3, 3, 3, 1, 1, 4, 4, 1, 1, 4, 1, 3, 4] [3, 7, 4, 3, 5, 5, 5, 5, 3, 4, 4, 7, 5, 4, 7, 4, 4, 5, 6, 5, 6, 6, 4, 4, 5, 6, 3, 6, 5, 5, 3, 5, 5, 8, 5, 4, 3, 7, 6, 6, 6, 6, 7, 4, 6, 5, 5, 5, 8, 7, 7, 5, 7, 5, 7, 5, 6, 6, 5, 4, 5, 5, 4, 6, 4, 3, 5, 7, 7, 6, 5, 3, 8, 6, 5, 5, 6, 3, 7, 7]
A_7 11.07 A 7 [3, 2, 1, 1, 4, 1, 3, 1, 1, 4, 3, 1, 1, 2, 1, 4, 1, 1, 3, 4, 2, 1, 4, 1, 4, 4, 1, 1, 1, 2, 3, 3, 3, 1, 1, 1, 4, 1, 4, 3, 2, 2, 1, 1, 1, 4, 1, 2, 3, 4, 2, 4, 2, 3, 4, 3, 1, 2, 3, 1, 1, 3, 2, 4, 1, 2, 2, 2, 4, 4, 2, 3, 2, 3, 1, 4, 3, 4, 1, 2] [6, 4, 3, 3, 7, 3, 5, 4, 4, 6, 7, 4, 4, 4, 4, 7, 4, 3, 7, 8, 6, 5, 8, 4, 6, 6, 3, 4, 4, 5, 6, 5, 6, 4, 5, 5, 7, 3, 7, 6, 5, 5, 3, 4, 4, 8, 5, 4, 7, 6, 5, 6, 6, 5, 6, 6, 4, 5, 7, 3, 3, 7, 5, 8, 3, 5, 4, 5, 8, 8, 6, 5, 5, 5, 5, 8, 7, 6, 4, 6]
A_8 15.02 A 8 [4, 4, 4, 4, 4, 3, 1, 1, 2, 2, 2, 2, 2, 2, 2, 1, 1, 1, 4, 2, 2, 1, 4, 2, 4, 4, 2, 1, 1, 2, 3, 3, 4, 1, 4, 2, 2, 2, 2, 2, 4, 1, 2, 4, 2, 2, 1, 3, 4, 1, 1, 2, 4, 4, 2, 1, 2, 2, 1, 2, 1, 1, 2, 2, 3, 2, 2, 2, 3, 1, 1, 2, 4, 3, 2, 3, 2, 1, 4, 3] [7, 8, 8, 7, 6, 7, 3, 4, 4, 5, 5, 4, 4, 6, 6, 4, 3, 4, 7, 4, 4, 4, 7, 5, 6, 7, 5, 3, 4, 4, 6, 5, 7, 4, 7, 6, 6, 4, 5, 4, 7, 5, 4, 6, 6, 5, 5, 7, 6, 5, 5, 4, 8, 8, 6, 5, 6, 6, 4, 6, 3, 5, 5, 6, 7, 6, 5, 5, 6, 4, 4, 5, 8, 6, 5, 7, 6, 4, 8, 7]
A_9 16.71 A 9 [3, 1, 3, 4, 1, 1, 2, 4, 2, 4, 1, 1, 1, 3, 4, 2, 1, 3, 4, 2, 4, 1, 4, 1, 4, 2, 1, 3, 4, 4, 2, 1, 2, 1, 2, 2, 2, 2, 2, 1, 2, 1, 2, 2, 1, 2, 1, 3, 3, 1, 1, 3, 4, 1, 2, 1, 3, 4, 1, 2, 3, 2, 4, 3, 1, 4, 3, 2, 3, 4, 4, 4, 2, 1, 3, 1, 3, 3, 3, 3] [7, 4, 7, 6, 5, 4, 4, 6, 5, 7, 5, 4, 5, 7, 8, 5, 3, 6, 7, 5, 6, 3, 7, 3, 7, 6, 5, 6, 8, 6, 5, 4, 4, 3, 6, 4, 5, 5, 5, 3, 6, 5, 4, 6, 4, 5, 5, 7, 6, 5, 3, 7, 8, 4, 5, 4, 5, 8, 4, 4, 7, 5, 7, 5, 3, 8, 6, 6, 7, 6, 8, 6, 6, 3, 7, 3, 5, 6, 6, 6]
A_10 21.57 A 10 [3, 1, 2, 1, 2, 2, 1, 3, 2, 1, 1, 4, 2, 1, 4, 3, 2, 4, 4, 4, 4, 1, 3, 1, 1, 2, 2, 2, 4, 3, 2, 4, 4, 4, 1, 1, 3, 1, 3, 1, 3, 1, 3, 1, 3, 4, 3, 2, 4, 3, 2, 2, 3, 4, 3, 2, 2, 2, 4, 3, 4, 4, 1, 2, 1, 3, 1, 1, 4, 3, 2, 4, 1, 1, 3, 1, 3, 3, 2, 4] [5, 5, 6, 4, 6, 6, 4, 7, 5, 5, 3, 6, 5, 4, 7, 6, 5, 7, 7, 7, 8, 4, 6, 5, 5, 6, 5, 6, 7, 5, 5, 6, 7, 6, 3, 5, 6, 4, 7, 3, 7, 3, 5, 3, 6, 7, 7, 4, 7, 7, 5, 6, 5, 8, 5, 6, 5, 5, 8, 6, 7, 8, 3, 6, 5, 6, 5, 5, 6, 5, 4, 7, 3, 4, 7, 3, 7, 7, 6, 8]
A_11 23.02 A 11 [3, 2, 1, 4, 2, 4, 4, 1, 2, 1, 4, 1, 1, 2, 1, 4, 4, 3, 1, 2, 4, 4, 3, 2, 4, 4, 2, 1, 4, 3, 3, 1, 3, 1, 2, 3, 4, 3, 3, 2, 4, 3, 3, 1, 2, 2, 2, 1, 3, 2, 1, 1, 4, 1, 4, 4, 3, 1, 2, 1, 3, 3, 3, 1, 2, 4, 1, 2, 4, 1, 2, 1, 4, 4, 2, 3, 2, 3, 1, 2] [5, 6, 4, 7, 6, 8, 7, 4, 4, 4, 6, 5, 5, 4, 4, 8, 7, 6, 3, 5, 7, 7, 5, 4, 6, 6, 4, 4, 7, 5, 5, 5, 6, 4, 4, 6, 7, 5, 7, 6, 7, 6, 5, 4, 6, 6, 6, 5, 7, 5, 4, 4, 8, 4, 6, 8, 7, 5, 6, 4, 7, 7, 5, 3, 5, 6, 4, 6, 8, 4, 5, 5, 7, 8, 4, 6, 5, 5, 3, 6]
A_12 24.02 A 12 [1, 2, 1, 3, 4, 1, 1, 1, 2, 1, 2, 1, 4, 2, 3, 1, 2, 2, 4, 4, 4, 3, 2, 3, 2, 2, 1, 2, 3, 3, 3, 3, 4, 4, 4, 2, 3, 3, 2, 1, 3, 4, 4, 2, 1, 4, 3, 1, 4, 4, 2, 2, 3, 3, 4, 1, 2, 3, 3, 1, 2, 1, 1, 1, 3, 4, 4, 2, 4, 2, 2, 1, 1, 3, 3, 4, 4, 1, 2, 2] [5, 5, 4, 7, 6, 3, 5, 4, 4, 5, 5, 5, 7, 5, 6, 3, 4, 5, 8, 8, 8, 7, 5, 6, 6, 5, 3, 6, 5, 5, 6, 7, 7, 7, 7, 4, 6, 5, 6, 3, 7, 6, 7, 6, 3, 6, 6, 4, 8, 6, 4, 4, 6, 7, 6, 5, 6, 6, 5, 5, 5, 3, 5, 4, 7, 8, 8, 5, 6, 4, 5, 5, 3, 6, 5, 7, 8, 4, 6, 4]
A_13 26.47 A 13 [3, 1, 3, 2, 4, 2, 1, 2, 2, 3, 1, 2, 2, 1, 4, 2, 4, 1, 1, 1, 2, 3, 3, 1, 1, 2, 2, 3, 1, 3, 2, 3, 3, 1, 4, 1, 2, 3, 4, 4, 1, 4, 3, 4, 3, 3, 4, 2, 2, 2, 4, 2, 3, 1, 1, 4, 3, 2, 2, 3, 1, 1, 3, 1, 1, 1, 3, 1, 3, 1, 4, 3, 3, 1, 1, 2, 1, 4, 2, 1] [7, 3, 6, 4, 8, 4, 4, 4, 6, 7, 4, 4, 5, 3, 8, 6, 8, 5, 3, 5, 4, 5, 7, 5, 5, 4, 4, 5, 3, 7, 4, 5, 6, 3, 8, 5, 4, 7, 8, 6, 4, 8, 5, 8, 7, 7, 8, 6, 5, 5, 8, 4, 5, 5, 5, 6, 5, 5, 5, 7, 4, 5, 7, 5, 4, 5, 6, 5, 7, 5, 7, 5, 7, 3, 3, 4, 5, 7, 5, 3]
A_14 29.24 A 14 [1, 3, 4, 2, 2, 3, 3, 1, 2, 4, 4, 1, 3, 4, 3, 2, 4, 2, 4, 1, 4, 1, 2, 3, 4, 1, 1, 1, 1, 1, 4, 1, 4, 2, 2, 1, 4, 1, 2, 1, 1, 1, 1, 3, 4, 3, 2, 4, 2, 2, 3, 4, 1, 4, 4, 4, 4, 4, 3, 3, 3, 1, 4, 4, 3, 2, 1, 3, 2, 3, 4, 4, 1, 2, 4, 4, 1, 2, 3, 2] [5, 6, 6, 5, 4, 6, 7, 4, 6, 8, 7, 4, 6, 8, 7, 6, 7, 4, 8, 4, 7, 3, 6, 7, 8, 3, 4, 5, 5, 4, 7, 3, 8, 4, 5, 4, 8, 5, 6, 4, 4, 4, 4, 7, 8, 6, 6, 6, 5, 4, 5, 6, 5, 8, 7, 7, 7, 6, 6, 7, 7, 5, 8, 6, 5, 6, 4, 5, 4, 7, 7, 6, 3, 4, 6, 6, 3, 6, 5, 6]
A_15 32.25 A 15 [2, 4, 2, 3, 3, 4, 2, 4, 1, 2, 3, 4, 1, 2, 2, 3, 2, 4, 3, 1, 3, 1, 2, 1, 1, 4, 1, 1, 1, 1, 3, 4, 1, 3, 3, 3, 4, 4, 4, 1, 1, 4, 1, 1, 2, 2, 3, 4, 1, 2, 2, 3, 1, 4, 3, 2, 3, 3, 4, 2, 1, 2, 2, 1, 4, 4, 2, 1, 4, 2, 2, 3, 2, 4, 3, 2, 4, 1, 4, 3] [4, 6, 6, 5, 6, 8, 4, 7, 4, 5, 6, 8, 3, 6, 6, 6, 6, 8, 7, 3, 7, 4, 5, 3, 3, 6, 3, 4, 3, 3, 5, 8, 3, 7, 6, 5, 7, 6, 8, 5, 3, 7, 4, 4, 5, 4, 6, 6, 4, 5, 6, 7, 4, 7, 6, 6, 5, 7, 7, 4, 4, 6, 4, 3, 7, 6, 6, 4, 8, 4, 6, 5, 5, 8, 5, 5, 7, 4, 6, 7]
A_16 34.38 A 16 [4, 1, 1, 4, 3, 1, 1, 1, 1, 1, 2, 4, 2, 4, 4, 2, 2, 4, 1, 3, 4, 1, 1, 3, 4, 4, 4, 4, 4, 1, 2, 2, 2, 4, 4, 1, 4, 2, 2, 1, 4, 1, 3, 3, 4, 4, 2, 4, 4, 1, 1, 1, 2, 3, 2, 4, 4, 2, 1, 4, 1, 2, 1, 4, 1, 3, 3, 1, 1, 4, 1, 3, 4, 4, 4, 4, 3, 1, 3, 1] [6, 3, 4, 6, 7, 4, 4, 4, 3, 3, 5, 7, 4, 8, 7, 6, 6, 8, 3, 7, 8, 5, 3, 6, 6, 8, 6, 7, 6, 5, 6, 6, 4, 8, 7, 5, 6, 4, 4, 3, 6, 5, 7, 7, 6, 6, 4, 8, 8, 4, 5, 5, 4, 6, 6, 8, 7, 6, 3, 6, 3, 5, 3, 8, 3, 6, 6, 5, 3, 6, 5, 5, 6, 7, 7, 8, 6, 4, 6, 5]
A_17 35.730000000000004 A 17 [2, 1, 4, 2, 3, 1, 1, 1, 1, 3, 4, 3, 2, 1, 2, 4, 4, 2, 1, 3, 3, 3, 4, 3, 4, 2, 4, 4, 1, 4, 2, 3, 4, 3, 2, 1, 3, 4, 4, 1, 3, 1, 1, 1, 3, 1, 4, 4, 1, 4, 2, 2, 4, 4, 2, 3, 4, 1, 3, 1, 1, 4, 2, 2, 3, 2, 1, 4, 1, 1, 1, 4, 3, 4, 1, 4, 2, 4, 2, 3] [4, 3, 7, 5, 7, 3, 5, 3, 4, 6, 7, 6, 5, 5, 4, 8, 8, 4, 4, 7, 7, 6, 7, 5, 8, 5, 8, 8, 5, 6, 4, 6, 8, 5, 5, 4, 6, 7, 6, 5, 5, 3, 4, 3, 5, 4, 8, 8, 3, 6, 5, 5, 7, 7, 5, 6, 7, 3, 5, 4, 5, 7, 5, 4, 7, 5, 3, 6, 4, 5, 5, 8, 6, 8, 4, 7, 4, 8, 6, 6]
A_18 36.730000000000004 A 18 [3, 4, 1, 4, 2, 4, 2, 3, 4, 4, 4, 1, 4, 1, 4, 3, 1, 1, 2, 2, 1, 2, 1, 4, 1, 4, 3, 1, 4, 4, 2, 2, 3, 2, 4, 1, 1, 2, 1, 2, 1, 3, 2, 2, 4, 2, 2, 2, 1, 2, 4, 3, 2, 4, 3, 4, 1, 2, 3, 4, 3, 1, 4, 3, 4, 4, 1, 4, 4, 1, 4, 2, 1, 1, 3, 3, 1, 1, 4, 4] [6, 7, 4, 8, 6, 8, 6, 7, 7, 7, 7, 3, 8, 3, 8, 7, 3, 4, 4, 6, 4, 4, 5, 8, 4, 6, 5, 3, 8, 7, 5, 6, 5, 4, 6, 4, 3, 5, 5, 4, 4, 6, 5, 5, 7, 6, 4, 4, 4, 6, 7, 5, 5, 8, 5, 8, 4, 6, 5, 6, 7, 3, 7, 5, 6, 7, 5, 6, 8, 3, 7, 4, 3, 5, 6, 5, 4, 3, 8, 8]
A_19 37.730000000000004 A 19 [4, 3, 1, 3, 2, 3, 2, 4, 2, 2, 4, 2, 4, 1, 1, 1, 3, 3, 2, 2, 2, 1, 3, 1, 4, 4, 1, 3, 3, 4, 4, 2, 1, 4, 3, 3, 3, 1, 2, 1, 4, 4, 2, 1, 3, 3, 1, 4, 4, 3, 1, 2, 2, 3, 1, 2, 3, 1, 3, 2, 3, 3, 1, 1, 1, 2, 2, 3, 3, 3, 1, 2, 4, 3, 2, 3, 3, 2, 2, 4] [8, 5, 4, 5, 6, 6, 5, 8, 4, 5, 7, 5, 8, 5, 4, 3, 7, 7, 6, 6, 6, 3, 6, 4, 8, 8, 4, 5, 6, 8, 8, 4, 4, 6, 5, 5, 7, 5, 6, 4, 8, 8, 6, 5, 6, 7, 4, 6, 6, 7, 4, 5, 6, 5, 4, 6, 5, 4, 5, 4, 5, 5, 3, 3, 3, 6, 6, 5, 5, 7, 5, 5, 7, 5, 5, 7, 7, 5, 4, 7]
A_20 38.730000000000004 A 20 [1, 2, 2, 3, 1, 4, 3, 2, 2, 4, 4, 4, 4, 2, 4, 3, 4, 3, 1, 2, 3, 3, 3, 4, 1, 1, 1, 2, 3, 2, 4, 3, 1, 2, 3, 1, 3, 1, 2, 4, 1, 2, 4, 3, 3, 1, 4, 2, 3, 3, 3, 3, 2, 2, 1, 1, 2, 3, 4, 2, 1, 3, 2, 3, 4, 3, 2, 1, 1, 3, 2, 2, 3, 1, 3, 2, 4, 2, 3, 2] [4, 6, 6, 7, 3, 8, 6, 6, 4, 6, 8, 7, 8, 4, 7, 7, 8, 7, 4, 6, 5, 6, 7, 8, 3, 3, 5, 5, 5, 5, 7, 7, 4, 6, 6, 5, 7, 3, 4, 6, 4, 5, 8, 5, 7, 5, 6, 6, 7, 7, 6, 5, 6, 4, 3, 5, 4, 7, 7, 4, 3, 7, 5, 6, 7, 6, 4, 4, 3, 7, 6, 5, 7, 5, 6, 4, 7, 5, 7, 5]
A_21 39.730000000000004 A 21 [1, 4, 3, 1, 1, 1, 4, 1, 1, 1, 1, 4, 3, 3, 1, 1, 1, 3, 2, 1, 3, 1, 2, 3, 4, 3, 4, 1, 3, 3, 1, 4, 4, 2, 1, 4, 1, 2, 3, 2, 2, 4, 3, 1, 3, 1, 4, 1, 1, 4, 3, 4, 3, 4, 4, 2, 3, 4, 3, 3, 2, 4, 4, 4, 2, 2, 3, 1, 4, 3, 1, 1, 2, 1, 4, 1, 3, 2, 4, 2] [5, 8, 5, 4, 4, 5, 6, 5, 4, 3, 4, 7, 7, 5, 3, 4, 5, 6, 4, 3, 6, 3, 6, 6, 7, 7, 6, 3, 5, 5, 4, 6, 8, 5, 5, 6, 5, 5, 5, 6, 4, 7, 7, 3, 7, 3, 8, 3, 4, 8, 5, 6, 5, 8, 6, 6, 5, 6, 5, 5, 5, 7, 7, 6, 6, 6, 5, 3, 8, 7, 4, 5, 5, 4, 6, 3, 7, 5, 7, 6]
A_22 42.470000000000006 A 22 [3, 3, 3, 1, 1, 3, 2, 4, 4, 4, 3, 3, 2, 3, 2, 2, 1, 4, 1, 3, 3, 2, 3, 2, 4, 2, 4, 4, 1, 3, 2, 3, 3, 4, 2, 3, 4, 2, 1, 1, 2, 1, 3, 4, 2, 1, 4, 1, 2, 3, 2, 1, 3, 3, 1, 1, 3, 2, 4, 1, 1, 1, 4, 4, 4, 3, 4, 2, 4, 2, 3, 2, 4, 4, 2, 1, 2, 4, 1, 1] [7, 5, 7, 4, 3, 7, 4, 8, 7, 7, 6, 5, 5, 7, 6, 5, 3, 7, 5, 6, 7, 6, 5, 5, 8, 6, 7, 6, 3, 7, 5, 6, 6, 6, 5, 5, 6, 6, 3, 5, 4, 5, 5, 7, 5, 3, 8, 4, 5, 5, 5, 4, 7, 7, 4, 3, 6, 5, 7, 5, 4, 3, 6, 7, 7, 7, 8, 5, 8, 5, 5, 4, 8, 8, 6, 5, 4, 7, 4, 4]
A_23 43.52 A 23 [4, 4, 1, 2, 1, 4, 1, 1, 2, 1, 1, 2, 3, 1, 3, 1, 3, 3, 4, 1, 4, 3, 2, 4, 3, 3, 3, 3, 2, 1, 3, 1, 3, 3, 3, 2, 2, 4, 1, 3, 1, 4, 3, 1, 2, 1, 3, 2, 1, 2, 3, 3, 2, 2, 2, 4, 3, 4, 4, 3, 2, 2, 4, 1, 2, 4, 4, 2, 2, 2, 2, 3, 4, 2, 4, 1, 1, 3, 3, 2] [6, 7, 4, 4, 5, 8, 4, 4, 5, 3, 5, 4, 6, 5, 7, 3, 6, 5, 8, 4, 8, 6, 5, 7, 7, 5, 7, 5, 4, 3, 7, 4, 7, 5, 6, 4, 6, 6, 3, 7, 3, 7, 5, 5, 6, 4, 5, 6, 4, 6, 7, 5, 4, 4, 6, 6, 7, 8, 7, 6, 4, 5, 7, 3, 6, 7, 8, 6, 6, 6, 4, 6, 6, 5, 6, 5, 5, 7, 7, 6]
A_24 44.96 A 24 [2, 1, 2, 2, 1, 2, 1, 4, 4, 4, 1, 4, 2, 1, 4, 1, 4, 4, 1, 4, 1, 4, 4, 3, 3, 4, 2, 3, 3, 2, 2, 3, 2, 4, 1, 2, 1, 1, 3, 2, 4, 3, 3, 3, 3, 1, 2, 3, 1, 2, 4, 2, 1, 4, 3, 4, 4, 2, 4, 1, 2, 1, 4, 4, 4, 1, 4, 4, 1, 3, 4, 3, 2, 4, 1, 3, 4, 2, 1, 1] [6, 3, 4, 6, 4, 6, 5, 6, 6, 7, 5, 6, 6, 5, 8, 3, 6, 8, 4, 8, 3, 7, 8, 7, 7, 7, 5, 6, 5, 5, 4, 5, 5, 6, 5, 4, 4, 4, 5, 6, 6, 5, 5, 6, 6, 5, 6, 6, 3, 4, 6, 5, 4, 6, 7, 8, 6, 4, 7, 5, 5, 5, 7, 7, 7, 4, 6, 6, 4, 6, 8, 5, 5, 8, 3, 5, 7, 6, 5, 5]
A_25 45.96 A 25 [1, 2, 4, 1, 3, 3, 2, 4, 4, 2, 2, 4, 2, 2, 1, 4, 4, 2, 4, 4, 1, 3, 2, 3, 4, 4, 4, 2, 3, 3, 1, 2, 2, 4, 2, 3, 3, 1, 3, 3, 1, 4, 3, 4, 2, 4, 4, 2, 2, 4, 2, 2, 4, 3, 2, 4, 4, 2, 4, 4, 1, 3, 2, 3, 2, 3, 3, 1, 4, 4, 4, 2, 2, 3, 1, 3, 1, 4, 4, 1] [3, 5, 6, 5, 5, 5, 6, 6, 7, 6, 6, 6, 5, 4, 3, 6, 8, 5, 6, 8, 3, 7, 6, 5, 7, 7, 8, 6, 5, 5, 4, 5, 5, 6, 4, 6, 6, 5, 5, 6, 3, 6, 6, 6, 6, 7, 7, 5, 4, 6, 5, 5, 7, 6, 4, 8, 8, 5, 6, 7, 3, 7, 6, 6, 6, 5, 6, 3, 6, 8, 7, 6, 4, 6, 4, 7, 3, 6, 8, 3]
A_26 50.18 A 26 [1, 2, 4, 1, 2, 1, 1, 1, 2, 1, 2, 2, 1, 2, 1, 1, 4, 4, 3, 1, 1, 4, 4, 3, 2, 4, 1, 2, 3, 1, 2, 1, 3, 4, 4, 3, 2, 1, 4, 3, 4, 2, 2, 1, 4, 2, 2, 2, 1, 3, 4, 2, 1, 3, 1, 4, 2, 3, 4, 2, 2, 2, 2, 1, 4, 4, 2, 4, 2, 2, 2, 2, 4, 2, 3, 1, 4, 1, 4, 2] [5, 4, 8, 3, 6, 5, 3, 3, 5, 5, 5, 4, 3, 4, 4, 3, 6, 8, 5, 4, 5, 6, 7, 7, 5, 8, 3, 6, 5, 4, 6, 4, 5, 7, 8, 6, 5, 5, 7, 7, 8, 6, 5, 3, 8, 4, 4, 6, 3, 5, 7, 6, 4, 6, 5, 6, 5, 6, 7, 5, 4, 6, 5, 3, 8, 7, 6, 8, 5, 5, 5, 6, 8, 5, 5, 5, 8, 3, 6, 6]
A_27 52.24 A 27 [1, 1, 1, 2, 1, 3, 3, 1, 1, 3, 2, 1, 2, 3, 1, 1, 4, 4, 1, 3, 2, 1, 4, 3, 3, 2, 2, 3, 4, 1, 2, 1, 1, 1, 2, 1, 4, 2, 3, 2, 2, 1, 1, 2, 3, 2, 4, 3, 1, 2, 1, 1, 3, 4, 4, 3, 1, 4, 4, 2, 2, 3, 4, 4, 2, 4, 1, 3, 2, 4, 2, 3, 2, 1, 1, 3, 3, 2, 4, 2] [5, 5, 4, 5, 4, 6, 6, 4, 3, 6, 6, 4, 6, 5, 5, 4, 7, 8, 3, 5, 5, 3, 6, 5, 6, 6, 6, 7, 8, 4, 4, 5, 3, 4, 5, 5, 6, 6, 5, 6, 5, 4, 3, 5, 6, 6, 8, 7, 4, 5, 3, 5, 5, 7, 8, 5, 4, 6, 8, 5, 4, 7, 7, 8, 4, 7, 5, 7, 6, 7, 4, 7, 4, 4, 4, 7, 6, 5, 7, 5]
A_28 54.650000000000006 A 28 [4, 3, 1, 2, 1, 3, 2, 1, 1, 4, 4, 4, 3, 1, 1, 1, 4, 1, 4, 3, 3, 3, 1, 2, 3, 3, 3, 4, 2, 2, 3, 4, 1, 4, 3, 2, 3, 2, 4, 3, 1, 4, 3, 2, 1, 3, 2, 3, 1, 2, 2, 2, 4, 2, 1, 2, 4, 1, 3, 2, 3, 2, 4, 2, 2, 4, 3, 2, 3, 2, 2, 4, 2, 2, 2, 2, 3, 2, 3, 4] [8, 6, 5, 4, 5, 7, 5, 4, 4, 8, 7, 7, 5, 3, 5, 3, 6, 5, 8, 6, 5, 5, 3, 4, 5, 5, 5, 8, 4, 4, 7, 8, 3, 8, 6, 5, 7, 5, 7, 6, 4, 7, 7, 5, 4, 6, 6, 5, 3, 4, 4, 6, 7, 4, 5, 6, 6, 3, 5, 4, 5, 4, 7, 5, 6, 7, 6, 4, 5, 5, 6, 7, 6, 5, 4, 6, 5, 6, 6, 7]
A_29 55.650000000000006 A 29 [2, 4, 2, 1, 4, 1, 2, 2, 2, 4, 3, 3, 3, 3, 1, 1, 1, 4, 4, 4, 2, 3, 3, 1, 2, 3, 1, 1, 2, 1, 4, 3, 3, 3, 3, 3, 2, 1, 4, 4, 2, 1, 2, 3, 1, 2, 2, 3, 4, 2, 4, 2, 2, 4, 3, 1, 1, 3, 4, 3, 2, 3, 3, 1, 3, 3, 2, 3, 4, 4, 3, 2, 4, 2, 2, 2, 4, 4, 1, 4] [6, 8, 5, 4, 6, 5, 5, 5, 4, 6, 5, 5, 5, 7, 4, 3, 5, 6, 7, 8, 5, 5, 7, 3, 5, 5, 4, 4, 4, 5, 6, 5, 5, 5, 7, 5, 5, 3, 7, 7, 6, 5, 5, 7, 5, 6, 4, 7, 6, 4, 6, 6, 6, 7, 6, 3, 3, 7, 6, 5, 6, 5, 5, 5, 6, 7, 4, 7, 7, 7, 7, 6, 8, 6, 4, 5, 6, 7, 3, 6]
A_30 57.300000000000004 A 30 [4, 2, 4, 4, 4, 4, 1, 3, 3, 2, 2, 3, 3, 2, 4, 3, 2, 2, 2, 4, 4, 1, 2, 3, 2, 1, 2, 2, 3, 4, 3, 4, 1, 1, 3, 4, 2, 2, 1, 4, 4, 4, 4, 3, 3, 3, 2, 4, 2, 3, 4, 3, 3, 3, 1, 2, 1, 2, 2, 1, 3, 2, 2, 2, 4, 1, 3, 1, 2, 1, 1, 1, 2, 1, 1, 2, 2, 1, 3, 1] [8, 4, 8, 6, 6, 7, 3, 6, 6, 5, 5, 5, 6, 4, 7, 5, 6, 4, 5, 8, 7, 4, 5, 7, 4, 4, 6, 4, 7, 6, 6, 8, 3, 5, 6, 6, 5, 4, 5, 7, 6, 8, 6, 7, 7, 6, 6, 6, 5, 6, 7, 7, 7, 6, 3, 5, 5, 5, 4, 5, 7, 5, 4, 6, 6, 4, 5, 5, 6, 5, 4, 3, 4, 4, 4, 5, 4, 3, 5, 3]
A_31 59.56 A 31 [3, 4, 4, 4, 4, 3, 1, 3, 3, 1, 4, 1, 3, 3, 1, 4, 2, 3, 2, 2, 3, 4, 3, 1, 3, 2, 1, 1, 4, 3, 4, 4, 1, 3, 2, 1, 3, 1, 2, 2, 2, 1, 3, 2, 2, 1, 3, 3, 3, 3, 1, 1, 4, 4, 4, 1, 3, 4, 3, 2, 1, 1, 4, 4, 2, 3, 3, 2, 4, 4, 2, 2, 1, 1, 4, 1, 4, 3, 1, 4] [5, 7, 8, 8, 8, 5, 5, 5, 5, 4, 6, 5, 7, 5, 3, 8, 6, 6, 6, 4, 7, 6, 6, 4, 5, 5, 4, 5, 8, 5, 8, 7, 4, 7, 6, 3, 6, 3, 5, 6, 4, 5, 7, 4, 6, 5, 5, 7, 6, 7, 4, 3, 8, 6, 7, 5, 5, 8, 6, 4, 4, 5, 6, 8, 6, 6, 5, 6, 8, 7, 5, 6, 4, 3, 6, 5, 7, 7, 5, 8]
A_32 63.85 A 32 [1, 2, 3, 1, 1, 2, 1, 3, 4, 2, 4, 3, 4, 3, 4, 1, 2, 4, 3, 1, 1, 4, 3, 3, 2, 2, 3, 1, 1, 3, 1, 1, 4, 3, 1, 2, 1, 4, 2, 4, 1, 4, 3, 3, 2, 1, 3, 1, 4, 3, 1, 2, 2, 2, 4, 1, 2, 1, 2, 2, 1, 3, 1, 1, 1, 3, 3, 4, 1, 4, 4, 1, 2, 1, 3, 1, 1, 3, 4, 1] [4, 6, 7, 5, 3, 6, 5, 6, 7, 4, 7, 6, 7, 6, 8, 3, 4, 8, 5, 4, 4, 8, 6, 7, 5, 5, 5, 3, 3, 5, 3, 4, 8, 6, 5, 4, 3, 8, 5, 6, 3, 6, 7, 5, 6, 5, 7, 5, 7, 6, 5, 6, 5, 4, 8, 4, 4, 4, 6, 6, 3, 6, 4, 4, 5, 7, 5, 8, 5, 7, 6, 4, 6, 4, 7, 4, 4, 5, 6, 5]
A_33 64.85 A 33 [2, 4, 2, 4, 4, 2, 4, 1, 1, 1, 4, 1, 4, 1, 2, 3, 4, 3, 2, 4, 2, 2, 4, 3, 4, 4, 4, 1, 4, 3, 1, 3, 3, 3, 1, 1, 3, 2, 3, 4, 4, 4, 3, 3, 2, 2, 3, 2, 4, 2, 2, 2, 2, 2, 2, 2, 1, 1, 3, 1, 1, 1, 2, 4, 1, 2, 3, 1, 3, 4, 4, 4, 1, 4, 2, 2, 1, 3, 2, 3] [4, 7, 5, 6, 7, 5, 8, 4, 4, 3, 6, 4, 7, 3, 4, 7, 8, 5, 4, 6, 6, 5, 6, 5, 6, 6, 7, 4, 8, 5, 5, 7, 6, 5, 5, 3, 5, 6, 7, 6, 7, 8, 5, 7, 6, 4, 6, 6, 8, 6, 6, 6, 4, 6, 6, 6, 5, 4, 6, 3, 5, 5, 5, 7, 4, 5, 5, 5, 5, 8, 7, 8, 5, 8, 4, 6, 3, 6, 4, 6]
A_34 66.08999999999999 A 34 [4, 1, 1, 2, 2, 3, 1, 1, 4, 2, 1, 2, 4, 4, 2, 3, 4, 2, 4, 3, 3, 1, 2, 3, 1, 2, 4, 2, 3, 3, 3, 2, 1, 1, 3, 2, 4, 4, 3, 2, 3, 2, 2, 2, 2, 3, 1, 1, 4, 3, 1, 1, 4, 1, 2, 3, 2, 3, 3, 4, 3, 1, 3, 3, 2, 1, 2, 1, 4, 2, 2, 4, 2, 1, 1, 1, 1, 3, 4, 1] [7, 5, 5, 5, 6, 5, 5, 5, 7, 6, 3, 4, 7, 8, 5, 6, 7, 5, 6, 5, 6, 5, 5, 6, 5, 4, 8, 5, 6, 7, 6, 6, 5, 5, 5, 6, 7, 7, 5, 4, 7, 6, 6, 6, 4, 7, 3, 4, 8, 5, 3, 5, 7, 3, 4, 6, 4, 6, 7, 6, 5, 3, 6, 5, 6, 4, 6, 3, 7, 6, 6, 8, 5, 3, 4, 4, 3, 5, 7, 3]
A_35 68.43999999999998 A 35 [4, 1, 3, 2, 4, 3, 1, 1, 2, 2, 1, 3, 2, 1, 1, 3, 1, 1, 1, 3, 1, 4, 3, 2, 2, 3, 3, 1, 2, 3, 4, 1, 2, 1, 2, 1, 2, 4, 2, 2, 3, 1, 1, 3, 4, 3, 3, 1, 3, 1, 1, 3, 1, 2, 4, 4, 2, 1, 2, 1, 3, 1, 1, 3, 3, 3, 3, 3, 2, 3, 4, 4, 1, 3, 3, 1, 4, 1, 2, 2] [8, 5, 6, 4, 7, 6, 4, 5, 6, 4, 5, 6, 4, 5, 4, 5, 5, 4, 4, 5, 5, 6, 5, 4, 4, 6, 6, 5, 5, 5, 6, 3, 4, 3, 6, 4, 5, 8, 6, 6, 7, 4, 3, 5, 6, 7, 6, 4, 5, 4, 4, 7, 5, 5, 7, 7, 6, 3, 4, 5, 5, 3, 4, 6, 5, 5, 5, 7, 4, 5, 8, 8, 5, 5, 5, 4, 6, 3, 4, 6]
A_36 69.43999999999998 A 36 [3, 3, 2, 3, 2, 3, 1, 4, 2, 2, 3, 4, 3, 2, 4, 4, 4, 3, 1, 3, 3, 1, 4, 2, 1, 3, 2, 4, 3, 2, 2, 3, 1, 3, 4, 2, 2, 4, 4, 1, 1, 1, 2, 4, 3, 4, 1, 1, 2, 1, 4, 3, 1, 2, 3, 4, 4, 2, 1, 1, 2, 2, 4, 1, 3, 1, 2, 3, 2, 2, 2, 3, 1, 1, 4, 3, 2, 2, 1, 2] [7, 5, 4, 7, 6, 7, 3, 7, 6, 5, 6, 7, 6, 4, 8, 7, 6, 6, 3, 7, 7, 5, 6, 6, 4, 6, 5, 6, 7, 5, 5, 6, 3, 5, 7, 5, 4, 7, 6, 3, 3, 3, 4, 6, 6, 8, 3, 3, 6, 3, 6, 5, 4, 6, 7, 6, 8, 6, 3, 5, 6, 6, 6, 5, 6, 4, 5, 7, 6, 6, 5, 5, 3, 5, 8, 5, 5, 4, 5, 4]
A_37 71.89999999999998 A 37 [4, 3, 4, 3, 3, 1, 3, 1, 2, 2, 1, 3, 3, 3, 1, 4, 2, 4, 2, 1, 1, 2, 2, 4, 1, 1, 1, 2, 2, 1, 2, 1, 4, 2, 4, 4, 4, 3, 3, 4, 4, 1, 2, 1, 4, 3, 1, 2, 1, 4, 2, 1, 2, 3, 1, 1, 1, 3, 4, 3, 3, 1, 1, 4, 2, 2, 4, 4, 3, 1, 2, 3, 3, 2, 4, 2, 1, 4, 2, 4] [7, 6, 8, 7, 7, 3, 7, 3, 4, 5, 4, 5, 5, 7, 5, 6, 4, 7, 5, 5, 3, 5, 6, 6, 4, 5, 5, 6, 5, 3, 4, 3, 8, 6, 7, 8, 7, 7, 5, 8, 8, 5, 4, 4, 6, 6, 4, 6, 5, 8, 6, 4, 5, 5, 3, 4, 5, 7, 7, 6, 5, 4, 5, 8, 6, 6, 7, 7, 6, 4, 5, 5, 6, 6, 7, 5, 3, 8, 6, 7]
A_38 73.64999999999998 A 38 [3, 3, 2, 1, 1, 1, 2, 4, 2, 2, 3, 3, 2, 4, 2, 4, 2, 4, 1, 2, 2, 3, 1, 1, 3, 3, 4, 3, 4, 4, 1, 2, 2, 3, 3, 2, 4, 3, 1, 4, 2, 4, 4, 2, 3, 2, 3, 2, 2, 1, 2, 1, 1, 2, 2, 4, 2, 4, 4, 1, 3, 2, 4, 2, 3, 2, 4, 4, 3, 4, 2, 2, 1, 3, 2, 3, 1, 3, 4, 1] [7, 7, 5, 5, 5, 4, 6, 7, 5, 5, 7, 7, 6, 8, 6, 8, 4, 6, 5, 6, 4, 5, 3, 3, 5, 5, 7, 5, 7, 7, 5, 5, 5, 7, 5, 6, 6, 5, 5, 6, 4, 7, 8, 5, 7, 4, 6, 5, 4, 3, 4, 4, 3, 5, 5, 6, 5, 8, 6, 5, 7, 5, 6, 6, 6, 6, 8, 7, 5, 8, 5, 4, 3, 6, 4, 7, 3, 7, 7, 5]
A_39 75.22999999999998 A 39 [3, 3, 4, 1, 4, 3, 2, 3, 2, 1, 1, 2, 1, 4, 1, 1, 1, 1, 2, 1, 4, 2, 1, 3, 2, 3, 3, 2, 3, 4, 4, 2, 4, 4, 2, 2, 1, 4, 4, 1, 3, 3, 1, 1, 2, 3, 2, 2, 4, 4, 3, 4, 1, 3, 3, 2, 2, 3, 3, 1, 1, 2, 1, 3, 3, 2, 3, 1, 1, 2, 2, 4, 3, 2, 2, 2, 4, 4, 2, 1] [6, 7, 8, 3, 8, 7, 6, 6, 4, 3, 3, 6, 3, 6, 4, 5, 3, 5, 4, 4, 6, 6, 5, 7, 6, 6, 7, 6, 6, 7, 7, 6, 6, 6, 4, 6, 3, 8, 6, 4, 7, 7, 4, 3, 6, 7, 6, 5, 8, 7, 7, 7, 3, 6, 7, 4, 5, 5, 6, 3, 4, 6, 3, 5, 5, 4, 7, 4, 5, 6, 4, 6, 7, 4, 5, 5, 8, 7, 5, 3]
B_0 1.04 B 40 [3, 1, 2, 2, 2, 4, 4, 2, 4, 2, 3, 4, 3, 1, 1, 1, 4, 3, 1, 4, 1, 2, 2, 1, 4, 1, 4, 2, 1, 2, 4, 2, 1, 4, 3, 3, 1, 4, 2, 3, 3, 4, 3, 3, 1, 3, 3, 2, 2, 1, 1, 4, 2, 4, 4, 3, 1, 3, 3, 2, 4, 1, 1, 4, 1, 2, 4, 3, 2, 4, 1, 4, 4, 4, 1, 4, 2, 1, 4, 1] [7, 4, 6, 5, 5, 7, 6, 5, 7, 6, 7, 7, 7, 4, 4, 3, 6, 5, 4, 8, 4, 4, 4, 3, 6, 3, 8, 5, 4, 6, 6, 4, 3, 7, 7, 7, 3, 8, 4, 7, 7, 6, 6, 5, 5, 6, 5, 5, 6, 3, 4, 8, 5, 8, 7, 5, 4, 6, 7, 4, 6, 5, 3, 6, 4, 4, 6, 6, 4, 7, 4, 7, 8, 7, 5, 7, 4, 3, 6, 5]
B_1 2.51 B 41 [2, 3, 3, 2, 3, 2, 3, 2, 1, 1, 1, 3, 4, 4, 1, 4, 1, 1, 3, 4, 2, 4, 1, 4, 3, 4, 2, 1, 4, 1, 4, 1, 4, 4, 2, 1, 1, 1, 4, 3, 4, 4, 4, 2, 4, 1, 1, 3, 4, 1, 3, 3, 2, 1, 2, 1, 4, 4, 3, 4, 4, 2, 4, 4, 4, 2, 3, 2, 4, 1, 3, 4, 3, 3, 3, 4, 1, 2, 3, 2] [5, 5, 5, 4, 6, 4, 6, 5, 5, 5, 3, 6, 6, 8, 4, 7, 5, 3, 6, 8, 5, 7, 5, 7, 5, 6, 6, 4, 7, 5, 8, 5, 6, 8, 6, 4, 3, 5, 7, 7, 6, 7, 6, 5, 8, 5, 5, 5, 6, 3, 5, 6, 5, 4, 4, 3, 8, 7, 7, 7, 8, 4, 6, 7, 8, 4, 5, 5, 8, 3, 6, 7, 7, 6, 5, 8, 3, 5, 5, 6]
B_2 3.51 B 42 [2, 4, 3, 3, 2, 4, 3, 1, 2, 2, 3, 3, 4, 3, 1, 1, 3, 1, 2, 2, 4, 3, 3, 3, 3, 3, 2, 1, 3, 2, 4, 3, 3, 3, 2, 1, 2, 2, 4, 1, 3, 4, 1, 4, 2, 1, 3, 4, 4, 3, 3, 3, 1, 4, 2, 2, 1, 4, 3, 2, 4, 3, 3, 1, 2, 2, 3, 2, 2, 4, 3, 2, 3, 3, 4, 2, 4, 2, 4, 3] [4, 7, 6, 7, 6, 8, 7, 3, 4, 4, 5, 5, 7, 5, 4, 4, 7, 4, 5, 6, 8, 7, 5, 5, 5, 6, 5, 3, 7, 5, 6, 7, 7, 5, 6, 3, 4, 4, 8, 4, 6, 6, 3, 8, 6, 3, 7, 7, 8, 5, 5, 7, 5, 6, 6, 5, 5, 6, 5, 4, 6, 7, 6, 3, 6, 4, 6, 4, 6, 8, 7, 6, 6, 6, 8, 6, 8, 5, 7, 6]
B_3 5.99 B 43 [4, 2, 4, 4, 2, 2, 2, 1, 4, 2, 1, 1, 2, 4, 3, 1, 3, 1, 2, 1, 3, 1, 4, 1, 3, 4, 1, 2, 2, 3, 3, 2, 3, 3, 2, 3, 4, 1, 2, 1, 3, 2, 4, 2, 3, 2, 3, 3, 1, 3, 1, 3, 2, 2, 4, 2, 1, 4, 4, 2, 1, 2, 4, 3, 3, 1, 4, 4, 4, 2, 1, 3, 3, 2, 1, 1, 1, 4, 1, 3] [7, 5, 8, 7, 6, 4, 4, 4, 6, 6, 3, 4, 6, 8, 7, 4, 7, 3, 5, 5, 5, 3, 7, 5, 6, 6, 3, 5, 5, 7, 7, 4, 5, 7, 6, 5, 6, 4, 5, 3, 5, 5, 8, 4, 5, 5, 7, 7, 3, 5, 3, 6, 5, 4, 6, 6, 5, 6, 8, 4, 4, 5, 7, 5, 7, 5, 6, 6, 7, 6, 5, 7, 5, 6, 5, 3, 4, 6, 5, 6]
B_4 7.82 B 44 [3, 1, 1, 1, 3, 1, 3, 1, 2, 1, 3, 2, 1, 3, 4, 2, 4, 3, 4, 3, 3, 3, 2, 2, 3, 2, 4, 3, 1, 1, 3, 2, 2, 2, 2, 4, 3, 4, 3, 2, 1, 4, 2, 3, 4, 1, 3, 3, 2, 3, 1, 4, 4, 1, 3, 2, 2, 2, 2, 4, 4, 3, 4, 2, 2, 3, 1, 2, 2, 1, 2, 2, 4, 1, 2, 2, 2, 2, 2, 2] [5, 3, 3, 3, 7, 4, 6, 4, 6, 4, 6, 6, 3, 7, 8, 5, 6, 5, 7, 6, 7, 7, 5, 6, 6, 6, 8, 6, 4, 5, 7, 6, 6, 6, 4, 6, 6, 6, 7, 6, 5, 8, 6, 5, 7, 5, 7, 6, 5, 6, 4, 6, 8, 5, 6, 4, 5, 5, 6, 7, 6, 6, 8, 6, 6, 6, 4, 4, 5, 4, 4, 5, 8, 5, 5, 6, 5, 6, 6, 4]
B_5 10.33 B 45 [3, 3, 1, 3, 3, 2, 3, 4, 2, 2, 4, 2, 4, 3, 3, 2, 4, 1, 2, 3, 1, 1, 1, 1, 1, 4, 2, 2, 3, 2, 3, 1, 1, 2, 3, 3, 4, 3, 2, 3, 3, 1, 1, 2, 1, 1, 1, 4, 3, 3, 3, 2, 1, 1, 4, 2, 1, 4, 4, 2, 2, 2, 3, 2, 3, 2, 3, 2, 1, 1, 3, 4, 4, 1, 3, 4, 2, 4, 2, 1] [5, 5, 5, 6, 6, 5, 5, 8, 5, 5, 7, 6, 6, 7, 6, 4, 6, 4, 6, 7, 5, 3, 3, 4, 5, 7, 4, 6, 6, 6, 6, 5, 5, 4, 7, 7, 8, 6, 4, 7, 6, 5, 3, 5, 5, 3, 4, 8, 7, 5, 6, 6, 5, 4, 6, 6, 4, 6, 6, 5, 6, 5, 7, 5, 6, 6, 6, 4, 3, 4, 7, 8, 7, 3, 5, 6, 5, 7, 4, 5]
B_6 12.36 B 46 [1, 3, 3, 4, 1, 3, 2, 1, 1, 1, 3, 2, 3, 4, 2, 3, 2, 4, 2, 1, 4, 4, 4, 3, 2, 4, 2, 4, 2, 2, 2, 3, 3, 3, 1, 3, 1, 1, 3, 2, 3, 1, 3, 3, 3, 1, 2, 3, 4, 2, 2, 4, 3, 3, 2, 1, 3, 1, 3, 1, 1, 2, 4, 3, 1, 2, 4, 1, 1, 4, 2, 3, 4, 4, 1, 4, 4, 1, 3, 4] [5, 5, 5, 8, 5, 7, 5, 5, 5, 5, 7, 6, 6, 8, 6, 6, 4, 8, 4, 4, 6, 8, 8, 5, 6, 7, 4, 8, 6, 4, 6, 5, 7, 6, 3, 6, 3, 4, 6, 6, 5, 5, 7, 7, 7, 4, 4, 5, 6, 5, 6, 8, 6, 5, 4, 4, 5, 5, 5, 3, 4, 4, 7, 7, 3, 4, 6, 3, 5, 6, 5, 6, 7, 8, 3, 6, 7, 5, 5, 7]
B_7 13.36 B 47 [3, 1, 2, 4, 3, 3, 1, 2, 3, 3, 2, 1, 1, 2, 4, 4, 4, 4, 2, 4, 2, 1, 1, 2, 3, 2, 2, 3, 3, 3, 4, 3, 1, 2, 1, 1, 1, 2, 2, 2, 2, 3, 4, 3, 3, 4, 3, 2, 4, 1, 3, 2, 3, 3, 3, 2, 3, 2, 3, 1, 1, 2, 3, 2, 2, 3, 3, 2, 4, 3, 4, 1, 4, 3, 3, 2, 2, 1, 3, 4] [6, 3, 4, 6, 6, 7, 5, 4, 7, 7, 4, 5, 4, 6, 6, 6, 8, 8, 4, 6, 6, 3, 4, 6, 6, 5, 6, 7, 5, 7, 6, 7, 5, 6, 4, 4, 3, 6, 5, 5, 5, 5, 7, 7, 6, 8, 5, 5, 6, 3, 6, 4, 6, 5, 7, 5, 7, 4, 6, 4, 5, 5, 5, 5, 4, 7, 6, 6, 6, 5, 6, 5, 8, 7, 7, 4, 4, 5, 6, 6]
B_8 17.15 B 48 [2, 4, 4, 2, 3, 2, 4, 3, 4, 3, 4, 3, 4, 2, 2, 1, 4, 1, 1, 4, 3, 1, 2, 1, 1, 2, 1, 1, 1, 4, 2, 3, 4, 4, 4, 3, 2, 1, 2, 4, 2, 4, 4, 1, 2, 3, 4, 4, 1, 1, 1, 2, 1, 1, 3, 2, 2, 1, 1, 4, 1, 3, 4, 2, 2, 2, 3, 2, 2, 1, 1, 4, 1, 3, 1, 1, 3, 4, 4, 4] [6, 7, 7, 4, 6, 5, 8, 7, 6, 6, 7, 7, 8, 5, 5, 4, 8, 3, 4, 6, 7, 4, 5, 4, 3, 4, 3, 4, 3, 6, 5, 6, 7, 8, 8, 5, 6, 5, 4, 8, 6, 6, 8, 3, 5, 7, 6, 6, 3, 4, 3, 6, 4, 5, 7, 4, 4, 5, 3, 7, 4, 7, 7, 5, 6, 5, 5, 4, 6, 4, 3, 8, 4, 6, 3, 4, 5, 8, 7, 7]
B_9 18.279999999999998 B 49 [2, 4, 4, 4, 3, 2, 4, 4, 1, 1, 3, 2, 4, 2, 2, 2, 1, 4, 2, 3, 3, 4, 3, 2, 2, 4, 3, 2, 2, 2, 3, 3, 3, 2, 3, 1, 1, 4, 1, 4, 1, 1, 3, 3, 3, 3, 2, 1, 1, 2, 3, 3, 3, 1, 1, 2, 4, 1, 4, 4, 3, 2, 4, 1, 2, 2, 4, 1, 3, 1, 1, 3, 1, 2, 3, 4, 1, 2, 2, 2] [5, 8, 8, 8, 5, 6, 7, 6, 5, 5, 7, 5, 6, 5, 4, 5, 4, 6, 6, 7, 7, 8, 5, 6, 4, 6, 5, 5, 4, 4, 6, 7, 6, 6, 5, 4, 3, 8, 3, 7, 3, 3, 5, 5, 6, 5, 5, 3, 4, 5, 7, 7, 5, 3, 4, 6, 6, 3, 6, 6, 7, 5, 8, 4, 6, 6, 6, 3, 5, 5, 4, 6, 4, 5, 5, 7, 3, 6, 5, 6]
B_10 19.279999999999998 B 50 [4, 2, 1, 1, 3, 2, 4, 2, 1, 1, 2, 1, 2, 4, 3, 2, 1, 2, 4, 1, 3, 3, 2, 3, 4, 2, 4, 1, 2, 4, 4, 1, 1, 2, 1, 1, 4, 2, 2, 3, 1, 3, 3, 1, 1, 3, 2, 3, 1, 3, 1, 4, 3, 1, 1, 4, 3, 1, 4, 3, 4, 4, 4, 4, 4, 2, 4, 1, 2, 4, 1, 4, 4, 4, 3, 3, 3, 3, 4, 3] [7, 6, 5, 3, 5, 4, 7, 5, 5, 3, 5, 4, 4, 8, 5, 6, 5, 5, 7, 4, 6, 5, 5, 7, 6, 5, 7, 3, 4, 6, 7, 4, 5, 6, 3, 4, 6, 6, 4, 7, 4, 5, 5, 3, 4, 6, 6, 6, 3, 7, 4, 7, 7, 4, 3, 6, 6, 3, 8, 6, 6, 7, 6, 7, 8, 4, 7, 4, 5, 6, 3, 7, 7, 7, 6, 5, 6, 5, 8, 6]
B_11 20.279999999999998 B 51 [2, 2, 3, 2, 3, 2, 1, 4, 2, 3, 2, 1, 2, 2, 4, 3, 1, 2, 3, 2, 3, 4, 1, 3, 2, 2, 2, 1, 2, 2, 3, 1, 2, 2, 1, 3, 3, 1, 1, 4, 4, 3, 3, 3, 4, 2, 4, 2, 2, 3, 4, 4, 3, 1, 1, 2, 3, 2, 3, 2, 3, 2, 4, 3, 3, 2, 1, 2, 4, 3, 1, 4, 1, 3, 2, 4, 3, 4, 4, 3] [4, 6, 6, 6, 6, 6, 5, 6, 4, 7, 6, 4, 4, 4, 6, 7, 5, 5, 5, 5, 5, 6, 4, 5, 5, 5, 6, 5, 6, 6, 7, 3, 6, 6, 5, 7, 5, 4, 4, 7, 8, 6, 7, 6, 6, 6, 8, 4, 6, 7, 7, 7, 5, 3, 3, 6, 6, 5, 7, 6, 6, 4, 8, 6, 5, 4, 5, 6, 6, 6, 3, 7, 3, 6, 4, 6, 5, 6, 7, 6]
B_12 21.279999999999998 B 52 [2, 2, 4, 3, 1, 2, 4, 2, 4, 4, 3, 4, 3, 3, 1, 1, 2, 4, 2, 2, 2, 3, 3, 2, 1, 4, 1, 3, 4, 2, 3, 4, 2, 2, 4, 1, 1, 2, 1, 1, 2, 2, 1, 2, 4, 1, 3, 3, 1, 3, 3, 3, 4, 1, 1, 4, 2, 3, 3, 3, 1, 2, 4, 2, 3, 1, 4, 3, 1, 1, 4, 4, 3, 4, 3, 2, 2, 2, 4, 2] [6, 6, 6, 5, 4, 4, 7, 6, 8, 8, 5, 8, 6, 5, 5, 4, 4, 7, 5, 6, 6, 5, 7, 4, 4, 7, 4, 5, 7, 6, 7, 8, 5, 4, 7, 5, 4, 5, 3, 3, 5, 5, 5, 5, 8, 5, 6, 6, 4, 5, 7, 5, 7, 3, 5, 8, 5, 5, 7, 7, 5, 6, 7, 4, 7, 5, 8, 6, 5, 4, 7, 8, 7, 6, 6, 5, 5, 4, 7, 4]
B_13 22.279999999999998 B 53 [2, 3, 2, 4, 3, 4, 1, 3, 4, 1, 4, 1, 3, 1, 4, 4, 3, 4, 4, 3, 2, 4, 3, 2, 4, 3, 3, 4, 2, 4, 3, 4, 2, 2, 1, 2, 2, 3, 2, 3, 4, 1, 4, 2, 1, 1, 3, 3, 1, 1, 1, 1, 1, 4, 1, 1, 3, 1, 4, 4, 4, 3, 1, 1, 2, 1, 1, 1, 2, 2, 1, 1, 4, 3, 1, 3, 2, 2, 1, 4] [5, 7, 6, 6, 7, 6, 5, 5, 8, 4, 8, 4, 7, 5, 8, 7, 6, 7, 8, 5, 4, 8, 7, 4, 6, 6, 6, 7, 4, 7, 6, 6, 4, 6, 3, 5, 6, 5, 5, 6, 8, 4, 6, 4, 5, 4, 5, 5, 5, 3, 4, 3, 3, 8, 5, 3, 6, 5, 8, 8, 6, 5, 5, 4, 4, 3, 5, 5, 5, 6, 3, 3, 8, 5, 4, 7, 5, 4, 3, 8]
B_14 23.33 B 54 [1, 2, 3, 1, 2, 3, 4, 4, 2, 2, 3, 4, 4, 1, 4, 3, 2, 2, 3, 1, 1, 4, 1, 2, 3, 2, 1, 4, 1, 3, 1, 4, 4, 2, 2, 4, 3, 1, 2, 3, 4, 2, 2, 4, 3, 4, 2, 3, 3, 1, 1, 1, 1, 1, 4, 1, 3, 3, 1, 3, 2, 4, 1, 2, 1, 3, 4, 2, 4, 1, 4, 4, 2, 4, 3, 4, 4, 4, 1, 1] [4, 5, 5, 5, 6, 7, 7, 6, 6, 5, 5, 6, 6, 5, 7, 6, 6, 5, 5, 4, 3, 6, 4, 6, 7, 4, 5, 8, 5, 6, 3, 7, 8, 6, 4, 7, 7, 3, 5, 7, 7, 4, 6, 6, 6, 6, 4, 7, 7, 4, 3, 3, 5, 5, 8, 3, 6, 5, 4, 7, 6, 8, 3, 6, 5, 5, 8, 6, 7, 4, 7, 7, 4, 8, 6, 6, 6, 6, 3, 5]
B_15 24.33 B 55 [4, 1, 2, 4, 3, 2, 1, 3, 1, 1, 2, 4, 1, 4, 4, 2, 4, 3, 4, 2, 1, 2, 1, 4, 4, 4, 4, 3, 2, 1, 2, 1, 1, 2, 3, 4, 4, 1, 4, 2, 3, 1, 2, 2, 2, 2, 1, 2, 2, 2, 4, 2, 4, 1, 1, 4, 4, 2, 1, 2, 1, 4, 3, 2, 1, 1, 1, 3, 3, 2, 4, 3, 2, 4, 2, 2, 3, 2, 4, 2] [7, 4, 5, 7, 6, 6, 5, 6, 5, 4, 6, 8, 5, 6, 7, 6, 8, 6, 8, 6, 5, 6, 3, 6, 8, 8, 6, 5, 6, 3, 5, 5, 4, 6, 6, 7, 6, 4, 6, 4, 5, 3, 5, 6, 4, 6, 4, 5, 4, 6, 6, 6, 8, 3, 3, 6, 8, 6, 3, 5, 3, 6, 6, 5, 4, 4, 5, 5, 7, 4, 7, 5, 5, 8, 5, 5, 5, 6, 6, 4]
B_16 25.33 B 56 [2, 3, 3, 4, 4, 2, 4, 1, 2, 3, 2, 3, 2, 3, 4, 3, 4, 4, 1, 3, 2, 3, 3, 3, 4, 4, 2, 1, 4, 1, 1, 3, 2, 1, 2, 2, 4, 1, 2, 2, 1, 4, 1, 1, 2, 1, 3, 3, 2, 4, 3, 3, 2, 3, 3, 4, 4, 1, 3, 4, 3, 1, 3, 3, 3, 2, 1, 4, 2, 2, 1, 2, 4, 1, 1, 4, 3, 4, 2, 1] [4, 5, 6, 8, 6, 4, 6, 4, 6, 5, 5, 7, 6, 5, 7, 5, 7, 7, 4, 5, 4, 5, 6, 7, 6, 8, 5, 4, 6, 3, 5, 5, 4, 5, 4, 6, 8, 5, 5, 5, 4, 8, 5, 5, 5, 4, 5, 7, 4, 6, 6, 6, 5, 6, 6, 8, 7, 5, 6, 6, 7, 4, 5, 6, 6, 6, 5, 6, 4, 5, 4, 6, 8, 3, 4, 8, 6, 6, 4, 4]
B_17 26.33 B 57 [1, 4, 4, 4, 2, 2, 2, 2, 2, 4, 2, 1, 3, 2, 4, 3, 2, 1, 2, 1, 3, 4, 2, 4, 2, 2, 3, 4, 1, 3, 2, 4, 1, 1, 3, 1, 2, 3, 4, 3, 3, 4, 4, 4, 2, 4, 1, 2, 1, 1, 1, 2, 3, 1, 3, 2, 1, 1, 3, 1, 1, 1, 1, 2, 1, 1, 2, 2, 1, 3, 4, 4, 2, 4, 1, 2, 2, 2, 1, 4] [5, 8, 7, 7, 4, 4, 6, 5, 6, 8, 5, 5, 6, 5, 6, 7, 6, 3, 6, 4, 7, 6, 5, 8, 4, 5, 6, 6, 3, 7, 5, 8, 4, 4, 6, 3, 6, 7, 8, 5, 6, 7, 6, 6, 5, 6, 5, 4, 5, 3, 3, 5, 5, 5, 5, 6, 5, 3, 7, 3, 3, 4, 3, 6, 4, 4, 5, 5, 4, 7, 6, 6, 4, 7, 4, 5, 6, 4, 4, 8]
B_18 30.509999999999998 B 58 [1, 1, 1, 3, 1, 2, 2, 3, 1, 1, 4, 2, 3, 2, 3, 4, 1, 3, 3, 3, 4, 3, 4, 4, 4, 4, 4, 4, 3, 4, 2, 3, 2, 3, 3, 2, 1, 4, 4, 3, 3, 3, 3, 4, 2, 4, 3, 3, 1, 4, 4, 3, 3, 4, 1, 1, 3, 3, 2, 3, 4, 2, 4, 3, 2, 3, 1, 2, 2, 3, 4, 3, 2, 4, 1, 3, 2, 2, 1, 4] [3, 4, 4, 5, 5, 4, 5, 7, 4, 4, 8, 6, 5, 5, 6, 7, 3, 5, 5, 5, 7, 5, 7, 7, 7, 6, 7, 8, 5, 6, 4, 6, 6, 6, 7, 4, 3, 7, 6, 6, 7, 7, 5, 8, 6, 6, 5, 6, 3, 6, 8, 7, 7, 8, 4, 3, 6, 7, 6, 5, 7, 4, 8, 6, 5, 5, 5, 4, 4, 7, 6, 5, 6, 6, 4, 6, 5, 5, 5, 6]
B_19 31.959999999999997 B 59 [1, 1, 2, 2, 3, 4, 2, 1, 2, 2, 3, 1, 1, 3, 3, 2, 4, 1, 4, 2, 2, 3, 1, 3, 1, 4, 2, 2, 2, 3, 1, 2, 2, 1, 4, 1, 1, 3, 1, 1, 2, 4, 2, 2, 4, 2, 1, 1, 4, 4, 3, 2, 3, 4, 3, 2, 4, 1, 3, 3, 4, 2, 2, 3, 4, 1, 3, 1, 3, 2, 3, 3, 4, 1, 4, 1, 2, 1, 3, 2] [5, 4, 5, 6, 5, 8, 4, 3, 6, 4, 6, 4, 5, 7, 7, 4, 6, 4, 6, 4, 4, 5, 5, 6, 5, 7, 5, 5, 4, 5, 5, 4, 6, 3, 6, 5, 5, 6, 5, 3, 4, 7, 4, 4, 7, 5, 3, 4, 7, 6, 6, 6, 7, 8, 7, 5, 6, 3, 5, 5, 8, 4, 4, 7, 7, 4, 6, 4, 6, 6, 6, 5, 7, 5, 6, 3, 5, 5, 5, 4]
B_20 32.959999999999994 B 60 [1, 2, 1, 2, 4, 3, 1, 1, 1, 3, 4, 3, 2, 1, 3, 1, 1, 1, 3, 3, 1, 2, 1, 2, 2, 1, 2, 2, 3, 2, 3, 1, 1, 1, 3, 3, 2, 3, 3, 1, 4, 4, 4, 1, 4, 2, 1, 1, 1, 3, 4, 3, 1, 4, 2, 1, 3, 1, 4, 4, 2, 2, 4, 2, 3, 1, 2, 2, 3, 3, 3, 2, 2, 3, 2, 3, 1, 4, 2, 4] [3, 6, 4, 6, 8, 6, 5, 3, 3, 7, 7, 7, 5, 4, 7, 4, 3, 5, 7, 5, 3, 5, 4, 4, 5, 3, 4, 4, 5, 6, 7, 4, 3, 5, 5, 5, 6, 5, 7, 4, 6, 8, 6, 4, 6, 6, 4, 5, 4, 7, 6, 6, 5, 6, 6, 3, 7, 3, 7, 8, 5, 5, 6, 6, 7, 5, 4, 6, 5, 7, 7, 4, 6, 6, 4, 7, 3, 8, 4, 8]
B_21 33.959999999999994 B 61 [2, 1, 3, 1, 4, 1, 3, 3, 1, 2, 4, 3, 1, 1, 1, 2, 2, 4, 1, 3, 3, 4, 1, 2, 1, 3, 2, 3, 2, 3, 2, 1, 3, 1, 1, 1, 2, 1, 2, 2, 1, 2, 3, 2, 3, 2, 2, 2, 3, 2, 4, 2, 2, 3, 4, 4, 1, 1, 2, 2, 2, 2, 3, 2, 4, 1, 2, 4, 1, 3, 2, 2, 2, 4, 4, 2, 1, 1, 1, 1] [5, 5, 5, 3, 7, 3, 5, 7, 5, 5, 8, 7, 3, 5, 5, 6, 5, 7, 3, 5, 7, 7, 3, 5, 5, 7, 6, 7, 4, 5, 5, 5, 6, 5, 3, 3, 6, 4, 5, 6, 5, 4, 7, 5, 6, 5, 4, 5, 7, 5, 7, 4, 6, 5, 8, 6, 4, 4, 4, 4, 5, 6, 5, 5, 8, 5, 6, 7, 3, 5, 5, 6, 4, 6, 7, 5, 3, 5, 4, 3]
B_22 37.059999999999995 B 62 [4, 2, 2, 3, 1, 4, 1, 2, 2, 4, 1, 3, 1, 3, 4, 2, 1, 2, 4, 1, 2, 4, 4, 4, 4, 2, 2, 4, 4, 3, 2, 4, 1, 2, 3, 1, 4, 1, 4, 1, 1, 4, 3, 4, 4, 3, 4, 3, 4, 4, 4, 4, 4, 1, 1, 3, 3, 1, 4, 2, 4, 3, 3, 1, 3, 1, 1, 3, 3, 4, 2, 1, 4, 1, 3, 2, 4, 1, 3, 4] [8, 4, 5, 7, 4, 7, 4, 5, 5, 7, 3, 5, 5, 7, 8, 4, 3, 5, 7, 3, 5, 7, 6, 7, 7, 6, 5, 7, 7, 5, 4, 6, 4, 5, 6, 4, 6, 5, 6, 3, 3, 6, 6, 7, 8, 7, 7, 5, 7, 8, 6, 8, 7, 5, 3, 6, 5, 3, 8, 4, 6, 5, 7, 5, 6, 3, 5, 7, 7, 7, 5, 3, 7, 5, 6, 5, 8, 4, 6, 6]
B_23 38.669999999999995 B 63 [2, 1, 2, 2, 2, 2, 4, 4, 2, 3, 2, 1, 1, 1, 4, 1, 4, 2, 3, 1, 3, 4, 4, 1, 4, 3, 1, 4, 2, 1, 2, 4, 1, 4, 3, 3, 1, 4, 2, 3, 4, 4, 1, 3, 2, 2, 3, 2, 2, 1, 4, 3, 2, 1, 2, 2, 3, 2, 3, 3, 2, 2, 1, 2, 3, 2, 1, 2, 2, 3, 3, 4, 1, 3, 1, 4, 4, 4, 1, 2] [4, 4, 6, 4, 4, 5, 6, 8, 6, 5, 6, 3, 4, 5, 6, 3, 8, 4, 5, 3, 6, 6, 7, 3, 7, 6, 3, 8, 5, 5, 6, 8, 4, 7, 5, 6, 5, 8, 6, 5, 6, 7, 3, 5, 6, 5, 7, 5, 5, 4, 7, 6, 4, 4, 6, 5, 6, 6, 6, 7, 6, 5, 5, 4, 7, 4, 4, 4, 6, 6, 6, 6, 4, 6, 4, 8, 8, 8, 5, 4]
B_24 39.669999999999995 B 64 [1, 3, 4, 1, 3, 2, 2, 1, 3, 1, 1, 2, 3, 1, 3, 4, 1, 3, 4, 1, 4, 2, 4, 2, 4, 2, 4, 2, 2, 3, 4, 2, 1, 1, 2, 3, 3, 2, 3, 3, 1, 4, 2, 3, 2, 3, 1, 2, 2, 2, 4, 3, 3, 2, 1, 1, 3, 1, 2, 4, 3, 4, 3, 3, 1, 1, 1, 4, 4, 2, 3, 1, 2, 2, 4, 4, 1, 4, 4, 2] [4, 7, 7, 5, 5, 5, 4, 3, 7, 3, 5, 5, 7, 4, 5, 7, 3, 7, 6, 3, 7, 6, 7, 6, 7, 6, 8, 4, 6, 6, 6, 6, 5, 4, 6, 5, 6, 6, 6, 5, 4, 8, 6, 7, 6, 6, 3, 4, 6, 6, 8, 5, 7, 4, 5, 4, 6, 4, 5, 7, 7, 8, 6, 7, 4, 5, 5, 8, 8, 6, 5, 4, 4, 5, 6, 6, 3, 7, 7, 5]
B_25 43.849999999999994 B 65 [1, 1, 3, 1, 2, 3, 1, 2, 2, 4, 3, 4, 4, 1, 2, 4, 3, 2, 4, 2, 3, 2, 3, 4, 1, 3, 4, 4, 4, 3, 1, 3, 3, 2, 1, 3, 1, 2, 2, 2, 2, 2, 2, 1, 3, 2, 2, 3, 2, 2, 2, 2, 1, 1, 3, 1, 2, 1, 3, 1, 1, 1, 1, 2, 1, 1, 1, 3, 4, 2, 3, 4, 1, 4, 3, 3, 1, 3, 4, 4] [3, 5, 5, 3, 6, 5, 3, 5, 6, 8, 6, 6, 8, 5, 6, 6, 6, 5, 7, 6, 6, 6, 7, 7, 4, 5, 7, 7, 7, 7, 4, 6, 7, 5, 4, 5, 4, 6, 6, 4, 4, 4, 4, 5, 6, 6, 4, 7, 5, 6, 4, 4, 5, 3, 5, 4, 6, 4, 5, 4, 5, 5, 3, 4, 5, 5, 3, 5, 7, 6, 6, 7, 3, 6, 5, 6, 3, 7, 8, 6]
B_26 44.849999999999994 B 66 [3, 1, 4, 4, 1, 2, 2, 2, 2, 3, 1, 1, 4, 3, 1, 2, 3, 1, 1, 2, 2, 3, 4, 4, 4, 3, 2, 1, 3, 2, 3, 3, 3, 3, 2, 3, 2, 4, 4, 3, 4, 3, 3, 4, 1, 3, 4, 3, 3, 4, 4, 1, 4, 1, 4, 1, 1, 2, 1, 3, 2, 2, 1, 1, 1, 1, 4, 3, 4, 4, 1, 3, 1, 3, 4, 3, 3, 3, 2, 4] [5, 4, 7, 6, 5, 4, 5, 4, 5, 6, 5, 4, 8, 6, 4, 6, 6, 3, 5, 6, 4, 5, 8, 8, 6, 6, 6, 5, 6, 4, 5, 5, 5, 5, 6, 5, 5, 7, 8, 7, 6, 5, 6, 6, 4, 6, 6, 6, 5, 6, 7, 5, 8, 5, 8, 5, 5, 5, 5, 6, 4, 6, 5, 4, 5, 3, 7, 7, 8, 8, 3, 6, 5, 7, 7, 7, 5, 5, 6, 8]
B_27 45.849999999999994 B 67 [3, 3, 2, 1, 2, 4, 3, 2, 2, 2, 1, 2, 2, 1, 3, 1, 1, 4, 4, 3, 1, 1, 2, 2, 4, 1, 4, 3, 2, 3, 1, 2, 4, 1, 1, 3, 3, 4, 4, 1, 3, 2, 2, 4, 2, 2, 1, 2, 2, 1, 1, 2, 3, 1, 2, 3, 4, 2, 2, 1, 2, 4, 3, 2, 4, 3, 3, 4, 2, 3, 2, 3, 3, 3, 3, 3, 1, 4, 2, 1] [7, 6, 5, 4, 6, 7, 7, 5, 5, 6, 5, 6, 5, 5, 5, 4, 5, 6, 6, 5, 4, 3, 5, 6, 6, 3, 8, 7, 4, 7, 5, 6, 8, 5, 3, 7, 7, 7, 7, 4, 6, 5, 4, 6, 4, 4, 3, 6, 4, 3, 4, 6, 6, 5, 6, 5, 6, 5, 4, 4, 6, 7, 7, 4, 8, 5, 7, 8, 4, 6, 5, 7, 6, 6, 6, 7, 3, 7, 6, 5]
B_28 46.849999999999994 B 68 [1, 3, 4, 4, 2, 2, 3, 4, 3, 3, 4, 4, 4, 3, 2, 4, 1, 1, 4, 3, 1, 4, 4, 2, 1, 4, 2, 2, 3, 4, 2, 4, 1, 3, 4, 2, 2, 3, 3, 1, 2, 4, 2, 4, 2, 1, 1, 4, 2, 3, 2, 4, 1, 2, 4, 3, 2, 1, 2, 3, 3, 1, 3, 2, 4, 4, 4, 2, 4, 1, 1, 2, 4, 3, 1, 1, 2, 4, 1, 1] [3, 5, 7, 8, 4, 4, 7, 8, 6, 7, 6, 8, 6, 7, 4, 8, 3, 4, 8, 5, 3, 8, 8, 6, 4, 6, 5, 6, 5, 7, 6, 8, 5, 5, 7, 4, 6, 6, 5, 5, 4, 8, 6, 7, 5, 3, 5, 6, 6, 5, 5, 6, 5, 5, 7, 7, 4, 4, 4, 6, 5, 3, 7, 6, 8, 7, 8, 4, 8, 5, 4, 4, 7, 6, 4, 5, 6, 6, 5, 3]
B_29 47.849999999999994 B 69 [3, 2, 3, 3, 3, 4, 3, 4, 1, 4, 3, 1, 2, 1, 3, 2, 4, 1, 1, 3, 3, 3, 2, 2, 3, 4, 2, 4, 2, 4, 1, 4, 4, 4, 2, 3, 2, 1, 4, 2, 4, 1, 4, 2, 1, 1, 4, 3, 1, 1, 4, 3, 1, 2, 1, 2, 2, 3, 3, 2, 3, 3, 4, 3, 2, 2, 4, 3, 1, 1, 4, 2, 1, 2, 3, 4, 2, 2, 4, 3] [6, 4, 6, 6, 5, 8, 6, 8, 4, 6, 5, 4, 4, 5, 7, 4, 6, 5, 3, 7, 7, 7, 5, 6, 6, 8, 5, 7, 5, 7, 5, 7, 7, 8, 6, 5, 6, 4, 8, 6, 7, 3, 8, 6, 4, 4, 6, 5, 4, 5, 6, 6, 4, 6, 4, 4, 5, 7, 7, 6, 7, 5, 7, 6, 6, 6, 8, 6, 5, 3, 7, 4, 3, 4, 7, 7, 5, 5, 7, 5]
B_30 49.35999999999999 B 70 [4, 1, 2, 2, 3, 2, 1, 2, 1, 4, 2, 2, 2, 4, 4, 2, 1, 1, 4, 1, 2, 1, 3, 2, 4, 4, 2, 2, 2, 3, 1, 2, 4, 4, 2, 4, 2, 2, 2, 2, 1, 3, 3, 1, 2, 3, 2, 4, 1, 1, 1, 1, 4, 1, 4, 4, 1, 4, 4, 3, 3, 2, 2, 3, 3, 3, 1, 2, 1, 4, 3, 4, 4, 4, 2, 2, 1, 1, 1, 3] [8, 3, 6, 4, 5, 6, 5, 6, 4, 8, 4, 5, 5, 7, 7, 6, 5, 5, 7, 5, 6, 4, 5, 4, 8, 7, 5, 4, 6, 7, 4, 5, 6, 7, 6, 8, 5, 5, 5, 4, 4, 6, 7, 5, 4, 7, 5, 6, 3, 4, 3, 3, 7, 3, 7, 7, 4, 6, 6, 6, 7, 5, 5, 6, 5, 6, 3, 5, 4, 7, 6, 7, 6, 6, 4, 6, 3, 5, 3, 6]
B_31 50.35999999999999 B 71 [2, 3, 3, 4, 4, 1, 1, 3, 2, 4, 4, 1, 1, 3, 4, 3, 3, 4, 2, 2, 2, 1, 2, 3, 3, 2, 2, 3, 4, 2, 1, 2, 1, 4, 4, 4, 3, 3, 2, 4, 4, 4, 2, 3, 2, 4, 3, 1, 4, 3, 4, 4, 4, 1, 4, 3, 2, 4, 3, 3, 2, 2, 1, 4, 1, 4, 3, 3, 2, 2, 4, 3, 3, 2, 1, 1, 2, 2, 3, 3] [6, 5, 7, 7, 8, 4, 3, 5, 5, 6, 7, 5, 5, 5, 6, 5, 5, 8, 4, 5, 5, 5, 4, 6, 5, 6, 6, 7, 7, 6, 3, 6, 4, 8, 8, 8, 5, 5, 4, 6, 7, 7, 6, 7, 5, 8, 6, 5, 8, 6, 7, 7, 8, 3, 7, 5, 6, 6, 5, 5, 4, 6, 3, 6, 4, 7, 6, 7, 4, 4, 7, 7, 6, 4, 5, 3, 6, 6, 6, 7]
B_32 51.35999999999999 B 72 [3, 3, 3, 2, 3, 3, 4, 2, 4, 2, 1, 4, 1, 3, 1, 2, 4, 3, 1, 4, 3, 2, 4, 4, 2, 2, 4, 2, 2, 4, 2, 1, 2, 1, 2, 1, 1, 3, 1, 3, 4, 3, 3, 3, 4, 4, 4, 4, 1, 1, 4, 1, 3, 4, 2, 2, 4, 2, 2, 4, 2, 2, 4, 1, 2, 1, 1, 3, 4, 1, 4, 3, 1, 1, 4, 3, 2, 3, 4, 2] [7, 6, 6, 6, 6, 6, 8, 5, 8, 6, 3, 7, 3, 7, 3, 5, 6, 6, 3, 7, 7, 5, 8, 6, 5, 4, 8, 4, 6, 8, 4, 4, 6, 5, 5, 5, 3, 6, 3, 7, 8, 7, 6, 5, 8, 7, 7, 8, 4, 4, 7, 3, 7, 8, 4, 5, 8, 4, 6, 7, 6, 4, 7, 4, 4, 3, 5, 6, 7, 3, 6, 6, 3, 3, 6, 7, 5, 5, 7, 6]
B_33 52.35999999999999 B 73 [1, 4, 2, 2, 1, 4, 4, 3, 3, 1, 1, 4, 3, 1, 2, 4, 4, 4, 1, 3, 1, 1, 4, 2, 4, 3, 2, 1, 2, 2, 1, 1, 1, 4, 1, 3, 1, 2, 3, 2, 4, 3, 3, 2, 1, 1, 4, 3, 3, 2, 4, 3, 4, 3, 4, 4, 1, 4, 4, 1, 3, 4, 1, 3, 2, 4, 3, 3, 3, 2, 4, 2, 1, 2, 3, 2, 4, 1, 2, 2] [5, 7, 4, 4, 5, 7, 6, 5, 6, 3, 4, 8, 6, 3, 4, 8, 7, 8, 5, 5, 5, 4, 8, 5, 8, 6, 5, 4, 5, 6, 4, 3, 4, 8, 3, 5, 5, 6, 6, 4, 7, 6, 6, 6, 5, 3, 8, 7, 6, 5, 7, 6, 6, 5, 8, 8, 3, 7, 6, 5, 6, 6, 5, 6, 5, 6, 7, 6, 6, 4, 6, 4, 3, 5, 5, 5, 8, 4, 6, 6]
B_34 54.56999999999999 B 74 [1, 4, 4, 1, 1, 4, 1, 1, 2, 3, 3, 2, 3, 1, 4, 3, 4, 1, 3, 2, 3, 4, 2, 4, 1, 1, 3, 1, 2, 2, 1, 4, 3, 2, 1, 3, 4, 4, 2, 2, 1, 3, 4, 1, 2, 3, 1, 3, 1, 3, 3, 2, 3, 1, 3, 2, 1, 1, 1, 4, 2, 4, 3, 1, 4, 3, 4, 3, 1, 3, 2, 1, 4, 3, 1, 3, 2, 3, 3, 3] [3, 8, 6, 4, 5, 6, 5, 5, 5, 7, 7, 4, 5, 3, 6, 5, 7, 4, 6, 5, 6, 6, 6, 6, 3, 4, 5, 4, 4, 4, 4, 6, 7, 4, 4, 5, 8, 7, 4, 5, 5, 5, 8, 5, 5, 5, 3, 7, 3, 5, 6, 4, 6, 4, 6, 5, 4, 4, 4, 6, 4, 7, 6, 4, 6, 5, 7, 6, 4, 7, 4, 5, 6, 5, 3, 6, 6, 7, 5, 6]
B_35 55.56999999999999 B 75 [4, 4, 1, 1, 3, 4, 1, 4, 3, 1, 1, 3, 4, 2, 4, 2, 4, 4, 3, 3, 2, 1, 1, 1, 3, 3, 1, 3, 2, 2, 2, 1, 1, 2, 1, 1, 3, 2, 3, 2, 4, 4, 2, 1, 2, 4, 4, 2, 1, 4, 3, 4, 2, 3, 4, 2, 4, 2, 3, 1, 3, 2, 2, 4, 4, 3, 3, 3, 1, 4, 2, 1, 3, 2, 3, 2, 1, 2, 2, 3] [7, 6, 4, 4, 5, 7, 5, 8, 7, 3, 3, 6, 7, 4, 6, 5, 8, 7, 5, 7, 4, 3, 5, 5, 5, 7, 5, 7, 6, 5, 5, 5, 4, 6, 4, 4, 5, 5, 7, 5, 7, 8, 6, 3, 6, 6, 6, 4, 4, 7, 5, 6, 5, 7, 6, 5, 8, 5, 6, 3, 7, 5, 5, 8, 6, 6, 7, 7, 5, 7, 6, 3, 7, 5, 6, 4, 5, 5, 6, 6]
B_36 56.56999999999999 B 76 [3, 3, 1, 2, 1, 3, 4, 3, 2, 3, 3, 2, 4, 1, 1, 4, 3, 2, 1, 3, 4, 3, 2, 1, 4, 1, 4, 3, 3, 4, 2, 4, 1, 1, 1, 4, 2, 1, 1, 4, 2, 1, 4, 1, 2, 2, 4, 2, 3, 1, 3, 3, 2, 2, 4, 3, 3, 2, 2, 2, 1, 1, 4, 4, 1, 1, 3, 1, 2, 2, 1, 2, 2, 4, 2, 1, 1, 3, 3, 4] [6, 5, 3, 4, 5, 7, 6, 7, 6, 5, 7, 5, 8, 5, 3, 7, 6, 4, 4, 7, 7, 7, 4, 5, 7, 3, 8, 6, 5, 6, 4, 7, 4, 3, 3, 6, 5, 3, 3, 8, 4, 3, 8, 4, 5, 5, 7, 4, 5, 3, 6, 5, 5, 5, 6, 5, 6, 6, 5, 5, 3, 3, 8, 8, 3, 3, 5, 3, 6, 5, 3, 6, 5, 8, 6, 5, 4, 6, 6, 7]
B_37 60.019999999999996 B 77 [2, 3, 2, 3, 1, 3, 1, 4, 1, 3, 3, 3, 1, 4, 2, 1, 1, 4, 1, 2, 2, 2, 4, 3, 2, 4, 1, 2, 2, 4, 1, 3, 3, 3, 3, 1, 2, 4, 3, 4, 1, 2, 2, 4, 2, 4, 1, 1, 4, 2, 3, 4, 2, 2, 4, 2, 4, 2, 2, 1, 4, 1, 1, 4, 4, 3, 3, 4, 4, 2, 1, 2, 3, 1, 3, 2, 3, 3, 2, 1] [5, 7, 4, 5, 3, 7, 3, 6, 4, 6, 7, 5, 4, 7, 6, 4, 4, 8, 3, 5, 5, 5, 7, 7, 6, 6, 3, 5, 6, 7, 3, 7, 5, 6, 5, 3, 4, 8, 7, 7, 3, 5, 5, 6, 6, 7, 5, 5, 8, 6, 5, 6, 4, 4, 6, 6, 6, 4, 5, 5, 8, 5, 4, 8, 7, 7, 5, 7, 6, 5, 5, 6, 5, 4, 7, 5, 6, 7, 6, 4]
B_38 61.88999999999999 B 78 [3, 1, 3, 3, 4, 1, 3, 1, 4, 3, 2, 1, 2, 2, 3, 4, 3, 2, 4, 2, 3, 4, 1, 3, 1, 4, 4, 4, 3, 1, 3, 1, 4, 2, 4, 2, 1, 2, 4, 2, 4, 3, 4, 1, 2, 2, 3, 3, 4, 2, 4, 4, 4, 1, 1, 4, 2, 1, 1, 3, 2, 1, 3, 1, 4, 4, 2, 2, 1, 4, 1, 3, 4, 2, 3, 2, 3, 2, 1, 4] [7, 3, 6, 7, 6, 4, 7, 4, 8, 6, 6, 3, 6, 5, 5, 6, 6, 6, 8, 4, 7, 7, 4, 7, 5, 8, 6, 7, 6, 3, 5, 5, 6, 4, 7, 4, 5, 6, 7, 5, 6, 5, 7, 5, 6, 4, 5, 6, 7, 5, 8, 7, 7, 3, 3, 6, 4, 4, 5, 5, 4, 4, 6, 5, 7, 8, 6, 6, 5, 7, 3, 6, 7, 6, 5, 6, 6, 6, 4, 7]
B_39 65.69999999999999 B 79 [4, 4, 4, 3, 3, 2, 4, 2, 3, 3, 4, 2, 2, 1, 2, 3, 1, 3, 4, 4, 2, 2, 1, 2, 1, 1, 2, 2, 4, 4, 1, 4, 1, 3, 1, 2, 2, 4, 1, 1, 1, 2, 3, 3, 2, 1, 4, 4, 4, 2, 3, 3, 2, 4, 1, 2, 1, 4, 4, 2, 4, 1, 4, 2, 2, 4, 4, 1, 1, 3, 3, 3, 2, 2, 3, 3, 4, 1, 4, 3] [7, 6, 7, 6, 6, 4, 7, 6, 7, 6, 8, 6, 4, 3, 6, 7, 5, 6, 8, 7, 5, 6, 4, 6, 5, 3, 6, 5, 7, 6, 3, 8, 5, 6, 3, 6, 4, 7, 5, 3, 5, 6, 6, 6, 4, 5, 7, 6, 7, 6, 6, 6, 4, 8, 5, 4, 4, 8, 6, 4, 8, 3, 6, 4, 5, 6, 8, 5, 3, 5, 6, 7, 6, 6, 6, 6, 7, 4, 7, 6]
