A_0 1 A 0 [1, 1, 1, 1, 2, 3, 2, 1, 3, 3, 1, 2, 4, 4, 4, 2, 4, 4, 4, 2, 4, 3, 2, 1, 1, 2, 1, 2, 4, 1, 1, 2, 3, 3, 1, 1, 3, 1, 1, 2, 2, 2, 3, 2, 2, 2, 2, 1, 2, 2, 2, 3, 2, 1, 2, 2, 1, 3, 2, 4, 4, 4, 2, 2, 1, 1, 3, 2, 1, 4, 1, 4, 3, 2, 4, 4, 4, 4, 3, 4] [3, 3, 3, 5, 4, 6, 6, 5, 7, 6, 5, 6, 7, 6, 7, 4, 7, 7, 8, 5, 8, 7, 5, 4, 4, 6, 3, 6, 8, 4, 4, 6, 5, 7, 5, 3, 7, 5, 3, 5, 4, 5, 5, 4, 4, 4, 6, 5, 4, 5, 5, 6, 6, 3, 4, 5, 3, 5, 6, 6, 6, 6, 5, 6, 3, 4, 7, 5, 4, 7, 3, 7, 6, 4, 6, 8, 8, 7, 7, 8]
A_1 4.32 A 1 [1, 2, 2, 3, 4, 2, 4, 2, 2, 3, 1, 1, 3, 3, 1, 4, 3, 1, 4, 2, 3, 3, 4, 4, 4, 3, 1, 3, 3, 3, 3, 1, 4, 4, 2, 1, 4, 4, 2, 2, 1, 3, 1, 4, 2, 2, 4, 4, 3, 1, 2, 1, 2, 4, 4, 4, 2, 1, 2, 1, 4, 4, 2, 3, 1, 3, 2, 3, 1, 3, 4, 4, 1, 2, 3, 1, 2, 2, 2, 1] [3, 5, 5, 6, 8, 6, 8, 5, 4, 6, 4, 3, 6, 6, 3, 6, 5, 4, 8, 6, 5, 5, 6, 8, 6, 6, 3, 7, 7, 7, 5, 4, 7, 6, 6, 5, 6, 8, 4, 4, 4, 7, 3, 8, 6, 4, 8, 6, 6, 3, 4, 3, 4, 8, 7, 7, 6, 4, 4, 3, 6, 7, 6, 7, 4, 7, 4, 5, 5, 5, 8, 6, 5, 5, 7, 5, 6, 6, 4, 3]
A_2 5.32 A 2 [1, 2, 2, 1, 4, 3, 2, 2, 1, 3, 3, 2, 1, 4, 4, 1, 3, 3, 1, 2, 2, 3, 1, 3, 4, 4, 1, 4, 3, 1, 4, 3, 3, 4, 1, 4, 2, 4, 4, 3, 1, 2, 1, 4, 2, 1, 4, 3, 3, 4, 2, 2, 2, 1, 3, 3, 1, 1, 3, 2, 1, 4, 2, 4, 1, 2, 3, 4, 3, 3, 3, 3, 1, 4, 2, 1, 2, 3, 4, 4] [3, 5, 5, 5, 6, 6, 6, 6, 4, 6, 7, 6, 5, 8, 7, 5, 7, 6, 5, 4, 5, 7, 4, 7, 8, 7, 4, 6, 6, 4, 8, 6, 6, 6, 4, 6, 5, 6, 6, 7, 3, 5, 5, 6, 5, 3, 7, 7, 7, 7, 4, 6, 5, 3, 5, 6, 5, 4, 6, 5, 4, 7, 6, 8, 4, 4, 5, 7, 7, 7, 6, 7, 3, 8, 5, 5, 5, 7, 6, 6]
A_3 10.620000000000001 A 3 [1, 3, 1, 4, 1, 3, 4, 1, 4, 3, 4, 1, 1, 2, 2, 1, 2, 2, 2, 1, 3, 2, 1, 1, 2, 4, 2, 2, 1, 1, 2, 3, 2, 3, 2, 2, 3, 2, 4, 4, 3, 2, 2, 1, 3, 1, 1, 4, 4, 4, 3, 4, 4, 2, 3, 1, 2, 4, 1, 1, 4, 2, 3, 4, 1, 1, 2, 3, 4, 1, 4, 4, 4, 1, 1, 3, 1, 3, 1, 2] [5, 6, 5, 8, 3, 6, 6, 4, 6, 6, 8, 3, 3, 5, 4, 4, 5, 6, 4, 4, 6, 5, 4, 3, 5, 7, 6, 5, 5, 4, 5, 7, 6, 5, 6, 6, 6, 6, 6, 7, 5, 6, 4, 3, 5, 5, 5, 6, 7, 7, 7, 8, 8, 5, 6, 5, 5, 6, 3, 4, 8, 5, 5, 7, 5, 4, 5, 7, 6, 3, 6, 6, 6, 5, 4, 6, 3, 7, 4, 5]
A_4 12.14 A 4 [2, 4, 4, 1, 3, 3, 1, 1, 1, 1, 2, 2, 2, 4, 1, 1, 1, 4, 1, 2, 4, 2, 3, 4, 1, 1, 3, 2, 1, 3, 3, 3, 3, 4, 4, 3, 3, 4, 4, 3, 3, 1, 4, 2, 3, 4, 2, 1, 4, 3, 3, 1, 1, 3, 3, 3, 2, 2, 4, 4, 3, 1, 2, 3, 4, 2, 4, 3, 2, 4, 3, 3, 3, 1, 4, 4, 2, 2, 1, 1] [4, 8, 6, 3, 7, 5, 4, 4, 3, 3, 6, 4, 6, 8, 4, 5, 3, 7, 3, 6, 8, 6, 6, 6, 5, 4, 6, 6, 5, 7, 5, 5, 6, 8, 6, 5, 5, 8, 7, 7, 6, 3, 6, 4, 5, 6, 6, 5, 7, 6, 5, 4, 3, 5, 5, 6, 6, 4, 6, 6, 5, 3, 4, 6, 8, 5, 6, 5, 4, 8, 7, 5, 7, 4, 7, 6, 5, 4, 4, 3]
A_5 13.14 A 5 [3, 2, 3, 3, 3, 1, 4, 1, 1, 3, 2, 2, 3, 2, 3, 3, 4, 3, 2, 2, 1, 1, 4, 2, 3, 2, 2, 1, 4, 4, 1, 2, 3, 4, 4, 3, 2, 1, 2, 3, 1, 1, 1, 2, 3, 3, 3, 2, 2, 4, 1, 1, 4, 2, 4, 1, 3, 4, 4, 3, 3, 2, 3, 2, 4, 3, 4, 1, 4, 2, 1, 3, 3, 3, 2, 4, 4, 4, 4, 4] [6, 6, 6, 6, 5, 3, 7, 4, 4, 7, 5, 5, 6, 4, 6, 7, 6, 6, 6, 6, 5, 5, 8, 4, 6, 4, 6, 3, 6, 8, 4, 6, 5, 6, 7, 7, 6, 5, 6, 7, 4, 3, 5, 4, 7, 7, 6, 5, 5, 8, 5, 4, 6, 6, 6, 4, 5, 6, 7, 7, 5, 6, 5, 4, 6, 5, 7, 5, 6, 4, 3, 6, 6, 5, 6, 7, 6, 7, 8, 8]
A_6 14.14 A 6 [2, 4, 2, 4, 1, 4, 4, 3, 1, 1, 4, 3, 2, 4, 3, 4, 3, 2, 3, 3, 2, 2, 1, 2, 1, 1, 4, 4, 2, 3, 3, 3, 4, 1, 3, 1, 4, 3, 4, 4, 3, 3, 4, 1, 2, 2, 1, 4, 1, 1, 1, 1, 4, 3, 1, 4, 1, 3, 2, 3, 3, 2, 2, 2, 1, 1, 1, 3, 4, 3, 3, 3, 3, 4, 4, 3, 3, 3, 3, 1] [6, 8, 6, 6, 4, 7, 8, 7, 4, 5, 6, 5, 4, 6, 5, 8, 7, 4, 5, 5, 6, 5, 4, 5, 5, 3, 8, 7, 4, 5, 6, 5, 8, 3, 5, 5, 6, 7, 6, 6, 6, 6, 7, 3, 6, 5, 3, 8, 4, 4, 5, 4, 6, 5, 5, 6, 3, 7, 6, 7, 5, 4, 5, 6, 4, 3, 5, 7, 6, 5, 7, 6, 7, 6, 6, 7, 6, 7, 7, 5]
A_7 17.32 A 7 [1, 2, 2, 1, 1, 1, 3, 1, 2, 1, 3, 3, 1, 3, 4, 1, 3, 1, 2, 3, 2, 4, 2, 2, 2, 2, 2, 3, 2, 4, 1, 1, 1, 4, 1, 2, 3, 1, 2, 3, 3, 1, 1, 4, 2, 3, 4, 3, 3, 3, 3, 1, 2, 2, 1, 2, 4, 1, 1, 3, 2, 4, 3, 3, 1, 2, 1, 1, 3, 4, 3, 1, 1, 2, 1, 4, 1, 4, 4, 1] [5, 5, 6, 4, 4, 4, 7, 4, 4, 4, 6, 6, 3, 5, 8, 5, 5, 3, 5, 6, 5, 8, 4, 4, 6, 6, 4, 7, 6, 6, 4, 3, 4, 6, 5, 4, 7, 4, 4, 6, 7, 5, 5, 6, 5, 7, 6, 7, 6, 7, 7, 3, 6, 6, 4, 4, 7, 5, 4, 7, 6, 7, 5, 7, 5, 4, 5, 5, 7, 6, 5, 3, 3, 5, 5, 7, 3, 8, 7, 3]
A_8 20.66 A 8 [3, 2, 1, 4, 1, 1, 1, 2, 3, 3, 4, 2, 4, 1, 4, 3, 4, 3, 2, 4, 1, 1, 3, 3, 4, 1, 1, 1, 1, 4, 3, 4, 2, 3, 1, 2, 1, 1, 3, 3, 2, 4, 4, 3, 3, 1, 3, 1, 3, 2, 1, 2, 4, 1, 3, 1, 2, 2, 4, 2, 2, 4, 4, 1, 4, 2, 4, 1, 3, 3, 2, 2, 4, 4, 4, 2, 3, 4, 3, 3] [7, 4, 4, 6, 3, 4, 4, 4, 7, 5, 8, 5, 8, 5, 7, 6, 8, 5, 5, 6, 5, 5, 6, 5, 6, 4, 5, 3, 5, 7, 7, 7, 4, 7, 5, 6, 5, 4, 7, 7, 6, 7, 7, 6, 5, 5, 7, 5, 7, 6, 4, 4, 7, 3, 7, 3, 4, 6, 6, 5, 4, 6, 8, 5, 8, 4, 8, 5, 6, 5, 6, 5, 6, 6, 7, 5, 6, 6, 6, 5]
A_9 21.66 A 9 [3, 3, 3, 3, 1, 3, 1, 1, 3, 3, 4, 4, 3, 4, 3, 2, 1, 2, 1, 3, 2, 4, 4, 1, 1, 1, 2, 4, 1, 4, 3, 2, 4, 3, 1, 4, 1, 4, 4, 1, 1, 3, 3, 1, 4, 1, 4, 1, 1, 1, 3, 4, 2, 3, 1, 3, 4, 2, 3, 1, 3, 1, 4, 4, 2, 3, 1, 3, 1, 4, 1, 4, 4, 4, 1, 3, 4, 4, 1, 4] [6, 6, 6, 6, 3, 7, 5, 4, 5, 5, 8, 6, 5, 6, 6, 4, 4, 5, 4, 7, 5, 6, 8, 3, 4, 4, 4, 7, 3, 7, 6, 5, 7, 6, 5, 8, 5, 8, 8, 3, 4, 6, 7, 3, 7, 5, 7, 3, 3, 3, 5, 8, 6, 5, 4, 5, 7, 6, 5, 4, 6, 3, 6, 7, 6, 6, 5, 5, 5, 8, 4, 7, 6, 8, 3, 6, 6, 8, 3, 7]
A_10 24.32 A 10 [1, 1, 3, 4, 2, 2, 4, 3, 4, 4, 3, 2, 2, 3, 3, 3, 3, 2, 3, 1, 4, 1, 4, 2, 1, 1, 1, 3, 2, 1, 1, 2, 2, 2, 3, 2, 4, 2, 1, 4, 1, 2, 3, 3, 2, 2, 1, 3, 3, 2, 2, 2, 2, 2, 4, 4, 1, 4, 2, 4, 4, 4, 1, 2, 2, 1, 3, 4, 1, 2, 4, 3, 2, 4, 2, 4, 3, 2, 4, 1] [5, 4, 7, 8, 6, 5, 6, 6, 8, 8, 5, 4, 6, 7, 5, 5, 6, 5, 7, 5, 8, 3, 6, 4, 3, 5, 4, 7, 5, 3, 5, 5, 4, 6, 6, 6, 8, 5, 3, 8, 4, 5, 5, 5, 5, 6, 4, 7, 5, 6, 6, 4, 6, 4, 8, 8, 5, 8, 6, 8, 7, 7, 4, 6, 4, 4, 7, 8, 3, 4, 7, 7, 4, 8, 5, 6, 7, 5, 7, 4]
A_11 25.32 A 11 [2, 1, 2, 1, 2, 2, 3, 3, 2, 4, 2, 3, 1, 4, 3, 2, 1, 4, 3, 4, 1, 4, 4, 4, 1, 3, 4, 3, 3, 3, 3, 2, 3, 1, 1, 4, 1, 1, 2, 2, 2, 1, 2, 1, 3, 2, 4, 1, 1, 1, 1, 1, 2, 2, 2, 2, 2, 1, 2, 2, 2, 1, 4, 3, 4, 4, 4, 3, 4, 4, 1, 3, 3, 1, 1, 3, 3, 3, 4, 1] [6, 3, 6, 3, 4, 5, 5, 6, 5, 6, 4, 6, 5, 8, 6, 4, 5, 8, 6, 6, 3, 8, 7, 7, 3, 7, 6, 5, 7, 5, 5, 4, 5, 3, 3, 8, 5, 5, 6, 5, 6, 3, 6, 5, 7, 5, 7, 3, 3, 4, 5, 3, 4, 6, 5, 5, 5, 5, 5, 6, 6, 5, 8, 7, 8, 7, 7, 6, 6, 6, 3, 6, 6, 3, 3, 5, 6, 7, 7, 3]
A_12 26.32 A 12 [4, 3, 1, 1, 2, 3, 2, 1, 4, 3, 2, 1, 1, 3, 1, 4, 1, 1, 3, 1, 4, 1, 3, 2, 1, 4, 2, 4, 1, 1, 2, 3, 1, 3, 1, 2, 1, 4, 3, 1, 1, 3, 4, 4, 2, 3, 1, 3, 4, 1, 1, 4, 2, 3, 3, 1, 4, 3, 3, 2, 1, 3, 2, 3, 2, 1, 3, 3, 1, 2, 4, 1, 1, 4, 2, 2, 1, 4, 2, 1] [7, 6, 5, 3, 6, 6, 4, 3, 8, 5, 6, 5, 4, 6, 4, 6, 3, 4, 7, 3, 6, 3, 6, 5, 4, 7, 4, 8, 5, 3, 6, 7, 3, 7, 4, 5, 5, 6, 7, 4, 5, 7, 7, 7, 6, 6, 3, 5, 6, 4, 5, 7, 4, 7, 6, 4, 8, 6, 6, 5, 5, 7, 5, 7, 5, 3, 5, 6, 4, 4, 6, 5, 3, 7, 6, 4, 4, 8, 4, 4]
A_13 28.03 A 13 [4, 3, 4, 2, 4, 2, 4, 3, 1, 4, 3, 4, 3, 4, 2, 4, 3, 4, 2, 2, 2, 4, 1, 4, 1, 2, 4, 2, 3, 4, 1, 2, 1, 3, 2, 1, 2, 1, 2, 2, 4, 4, 3, 2, 4, 3, 3, 3, 3, 1, 2, 1, 3, 4, 1, 1, 2, 2, 1, 1, 3, 1, 1, 3, 4, 2, 3, 2, 2, 1, 4, 2, 3, 3, 1, 4, 2, 4, 2, 1] [6, 6, 8, 5, 8, 4, 6, 5, 5, 6, 7, 8, 6, 6, 6, 6, 5, 8, 4, 5, 6, 8, 4, 7, 3, 5, 7, 4, 5, 8, 5, 5, 3, 5, 4, 5, 4, 4, 5, 5, 6, 8, 5, 5, 8, 7, 5, 7, 6, 3, 5, 3, 7, 7, 3, 4, 6, 5, 5, 3, 6, 5, 4, 5, 7, 5, 5, 6, 4, 4, 7, 4, 6, 6, 3, 7, 5, 7, 6, 5]
A_14 29.03 A 14 [4, 1, 4, 2, 1, 3, 3, 4, 4, 3, 3, 3, 1, 2, 3, 1, 4, 3, 3, 3, 2, 3, 3, 4, 1, 2, 3, 4, 4, 4, 4, 2, 3, 3, 4, 1, 2, 4, 1, 2, 3, 4, 2, 2, 1, 1, 1, 3, 1, 1, 1, 2, 4, 1, 3, 3, 3, 1, 3, 1, 4, 3, 2, 3, 3, 4, 3, 4, 4, 3, 3, 2, 3, 4, 4, 3, 4, 1, 3, 4] [7, 3, 7, 4, 4, 6, 5, 8, 7, 6, 5, 6, 4, 6, 6, 5, 8, 7, 6, 7, 4, 6, 5, 6, 4, 5, 5, 8, 6, 7, 7, 6, 6, 6, 7, 5, 5, 7, 4, 6, 5, 7, 5, 5, 3, 3, 4, 6, 3, 5, 3, 6, 8, 4, 5, 7, 5, 4, 6, 3, 7, 5, 4, 7, 5, 8, 7, 8, 6, 5, 6, 6, 6, 8, 6, 7, 8, 5, 6, 6]
A_15 30.03 A 15 [2, 4, 1, 1, 1, 3, 4, 1, 3, 2, 3, 2, 4, 4, 1, 3, 4, 4, 3, 1, 3, 2, 4, 2, 4, 2, 1, 1, 2, 2, 4, 4, 2, 3, 4, 1, 3, 3, 3, 2, 3, 3, 2, 1, 3, 4, 1, 3, 3, 1, 1, 4, 2, 2, 4, 4, 3, 1, 3, 2, 3, 4, 1, 4, 4, 1, 1, 1, 3, 2, 1, 3, 2, 1, 2, 2, 3, 3, 1, 3] [4, 6, 5, 4, 5, 7, 8, 5, 6, 4, 5, 4, 6, 6, 5, 7, 6, 7, 5, 5, 5, 5, 8, 5, 7, 4, 4, 4, 6, 6, 6, 7, 5, 7, 8, 4, 5, 5, 6, 6, 6, 7, 4, 5, 5, 6, 4, 5, 6, 3, 4, 7, 5, 5, 8, 7, 5, 3, 6, 6, 6, 8, 4, 7, 7, 4, 4, 5, 6, 6, 5, 6, 5, 3, 6, 6, 5, 7, 3, 7]
A_16 31.03 A 16 [4, 3, 3, 2, 1, 4, 3, 3, 4, 1, 3, 1, 1, 3, 4, 4, 2, 4, 3, 1, 1, 1, 1, 1, 2, 1, 2, 2, 3, 4, 1, 3, 1, 1, 4, 2, 1, 2, 3, 2, 3, 1, 1, 1, 4, 4, 4, 2, 2, 4, 1, 1, 4, 4, 4, 4, 1, 2, 1, 2, 3, 2, 1, 4, 4, 1, 2, 2, 4, 2, 4, 3, 4, 1, 3, 1, 4, 4, 1, 3] [7, 5, 7, 5, 3, 6, 7, 5, 8, 4, 6, 5, 3, 5, 8, 6, 4, 6, 7, 4, 5, 4, 5, 5, 6, 5, 5, 4, 5, 7, 4, 5, 5, 3, 7, 6, 3, 5, 7, 5, 5, 5, 4, 3, 8, 6, 6, 6, 5, 6, 3, 3, 8, 7, 8, 6, 3, 5, 5, 4, 7, 6, 4, 7, 7, 5, 4, 4, 6, 5, 6, 6, 7, 5, 5, 3, 8, 8, 5, 5]
A_17 36.49 A 17 [4, 1, 3, 2, 4, 3, 2, 1, 3, 2, 2, 4, 1, 4, 3, 4, 4, 4, 1, 3, 3, 4, 3, 3, 1, 2, 2, 4, 1, 1, 1, 2, 3, 1, 4, 1, 4, 1, 2, 3, 1, 3, 2, 2, 1, 1, 3, 2, 4, 2, 2, 4, 2, 2, 2, 4, 4, 4, 3, 2, 4, 4, 2, 3, 1, 4, 2, 1, 1, 4, 4, 2, 3, 3, 2, 4, 4, 3, 3, 4] [7, 4, 6, 6, 7, 6, 4, 3, 5, 5, 5, 8, 4, 8, 7, 7, 6, 8, 4, 6, 7, 6, 6, 6, 4, 5, 6, 7, 4, 5, 4, 6, 7, 4, 8, 3, 8, 3, 6, 7, 4, 6, 4, 6, 5, 3, 5, 5, 8, 5, 4, 7, 6, 6, 6, 7, 8, 7, 7, 5, 7, 6, 4, 5, 4, 8, 4, 5, 3, 8, 7, 5, 7, 7, 5, 6, 8, 6, 7, 8]
A_18 37.67 A 18 [4, 4, 1, 2, 1, 2, 3, 2, 2, 1, 3, 3, 3, 2, 3, 3, 3, 1, 1, 4, 1, 3, 4, 3, 4, 4, 4, 1, 3, 3, 3, 1, 4, 4, 4, 2, 4, 2, 2, 3, 1, 3, 4, 2, 1, 3, 2, 1, 3, 1, 2, 4, 4, 4, 3, 3, 1, 1, 4, 3, 3, 3, 3, 3, 2, 3, 1, 4, 4, 3, 1, 3, 4, 1, 4, 2, 1, 1, 4, 4] [8, 8, 5, 4, 3, 6, 5, 5, 5, 4, 7, 6, 7, 4, 6, 5, 7, 4, 5, 6, 4, 6, 8, 5, 7, 6, 6, 5, 6, 7, 5, 4, 6, 8, 7, 4, 8, 5, 6, 6, 4, 7, 8, 5, 5, 7, 5, 4, 6, 5, 4, 7, 8, 6, 7, 6, 4, 3, 7, 5, 5, 7, 5, 6, 4, 6, 3, 6, 7, 5, 4, 7, 8, 3, 8, 4, 4, 4, 8, 6]
A_19 38.67 A 19 [2, 2, 2, 1, 2, 2, 3, 3, 4, 3, 1, 4, 1, 2, 3, 1, 1, 3, 4, 4, 2, 3, 3, 2, 4, 3, 4, 1, 1, 3, 2, 2, 4, 2, 1, 4, 1, 4, 2, 1, 4, 2, 4, 3, 2, 2, 3, 1, 3, 3, 4, 2, 2, 3, 2, 3, 1, 1, 2, 4, 2, 3, 2, 1, 1, 4, 4, 3, 4, 3, 4, 1, 4, 2, 3, 4, 2, 1, 2, 1] [5, 6, 4, 4, 6, 6, 5, 6, 6, 7, 5, 6, 3, 5, 7, 5, 4, 6, 6, 6, 6, 6, 5, 5, 8, 6, 6, 5, 3, 6, 6, 4, 7, 6, 5, 8, 5, 6, 5, 5, 7, 4, 8, 5, 4, 6, 7, 3, 6, 5, 7, 4, 5, 5, 5, 6, 5, 4, 4, 8, 5, 6, 6, 5, 3, 7, 6, 6, 8, 7, 7, 5, 7, 4, 5, 7, 6, 3, 6, 4]
A_20 39.67 A 20 [4, 3, 2, 3, 4, 1, 2, 2, 1, 2, 4, 1, 4, 2, 2, 3, 1, 3, 1, 2, 3, 4, 1, 2, 1, 1, 4, 3, 4, 4, 2, 4, 2, 2, 1, 2, 2, 3, 2, 3, 3, 1, 3, 2, 3, 2, 4, 1, 3, 2, 4, 4, 3, 2, 2, 2, 4, 2, 2, 3, 1, 4, 4, 1, 2, 3, 2, 2, 2, 2, 1, 3, 2, 1, 2, 2, 4, 3, 4, 2] [8, 5, 5, 6, 8, 5, 6, 5, 5, 5, 8, 3, 6, 6, 4, 5, 5, 7, 4, 6, 7, 8, 5, 4, 3, 3, 7, 5, 8, 8, 5, 6, 4, 5, 5, 6, 4, 6, 6, 7, 5, 3, 7, 5, 7, 4, 7, 5, 6, 5, 6, 8, 7, 4, 6, 6, 8, 4, 4, 5, 5, 7, 7, 5, 4, 5, 4, 6, 4, 4, 5, 6, 5, 5, 6, 4, 6, 5, 7, 4]
A_21 40.67 A 21 [3, 3, 3, 2, 2, 1, 2, 4, 1, 4, 1, 4, 1, 4, 3, 2, 1, 4, 3, 3, 4, 2, 1, 3, 3, 3, 4, 1, 4, 3, 2, 4, 3, 4, 1, 4, 4, 1, 3, 4, 3, 3, 4, 4, 4, 4, 4, 3, 1, 4, 4, 2, 3, 1, 3, 2, 1, 1, 2, 4, 1, 3, 3, 1, 4, 1, 3, 4, 1, 3, 3, 3, 2, 2, 2, 1, 3, 1, 2, 3] [7, 5, 7, 5, 6, 5, 5, 8, 5, 6, 3, 8, 3, 8, 6, 5, 4, 6, 6, 6, 8, 4, 3, 5, 5, 7, 6, 3, 8, 6, 4, 6, 7, 6, 3, 6, 6, 4, 5, 8, 5, 6, 8, 7, 7, 8, 7, 7, 3, 8, 8, 4, 7, 5, 6, 5, 5, 3, 4, 6, 4, 7, 7, 5, 7, 3, 7, 6, 5, 7, 7, 6, 6, 6, 6, 4, 7, 3, 6, 7]
A_22 41.690000000000005 A 22 [2, 4, 1, 1, 3, 4, 1, 2, 3, 4, 4, 4, 3, 1, 3, 4, 1, 3, 4, 3, 1, 1, 3, 2, 4, 3, 2, 3, 2, 1, 2, 1, 2, 2, 2, 2, 3, 4, 4, 3, 3, 2, 1, 4, 4, 1, 1, 1, 3, 1, 3, 4, 2, 4, 3, 3, 2, 2, 2, 3, 4, 1, 2, 1, 3, 4, 2, 2, 1, 2, 1, 4, 2, 3, 1, 4, 2, 2, 3, 2] [5, 6, 4, 4, 6, 8, 4, 4, 6, 8, 6, 7, 6, 4, 5, 8, 5, 6, 8, 5, 5, 3, 6, 4, 6, 7, 5, 5, 6, 5, 4, 5, 6, 5, 6, 5, 7, 7, 7, 5, 6, 5, 3, 8, 8, 5, 4, 3, 6, 3, 5, 8, 4, 8, 6, 6, 4, 5, 5, 7, 7, 3, 4, 3, 5, 6, 5, 5, 5, 5, 3, 7, 5, 5, 4, 7, 4, 4, 7, 4]
A_23 43.59 A 23 [1, 4, 3, 1, 4, 2, 2, 2, 3, 1, 2, 4, 2, 4, 4, 2, 1, 3, 3, 2, 2, 3, 2, 4, 4, 3, 3, 2, 1, 1, 4, 4, 2, 3, 1, 2, 1, 4, 1, 1, 1, 2, 3, 1, 4, 3, 3, 4, 1, 4, 4, 3, 3, 4, 3, 2, 1, 3, 4, 1, 2, 4, 4, 3, 1, 3, 3, 2, 1, 1, 1, 1, 3, 1, 1, 4, 4, 4, 4, 4] [4, 8, 7, 3, 6, 4, 5, 4, 5, 3, 4, 7, 5, 7, 6, 5, 5, 6, 5, 5, 4, 5, 4, 6, 7, 5, 6, 4, 3, 5, 7, 8, 4, 5, 4, 5, 5, 6, 5, 4, 4, 5, 7, 5, 6, 6, 7, 8, 4, 8, 7, 6, 5, 7, 5, 4, 5, 5, 8, 5, 4, 8, 7, 6, 3, 7, 7, 4, 5, 4, 5, 5, 5, 4, 5, 7, 8, 7, 8, 6]
A_24 44.59 A 24 [1, 4, 4, 2, 1, 3, 1, 2, 4, 1, 1, 1, 1, 1, 1, 4, 2, 1, 4, 4, 1, 3, 4, 4, 1, 1, 1, 2, 2, 3, 2, 1, 1, 3, 3, 1, 3, 1, 4, 4, 2, 1, 3, 3, 2, 3, 1, 2, 3, 4, 2, 2, 4, 4, 2, 4, 2, 1, 3, 3, 3, 4, 2, 3, 3, 4, 2, 1, 3, 2, 1, 1, 1, 4, 4, 4, 4, 4, 2, 2] [4, 6, 8, 5, 5, 6, 5, 6, 6, 4, 3, 3, 4, 3, 4, 7, 6, 4, 7, 8, 3, 5, 6, 7, 5, 5, 5, 5, 6, 5, 4, 5, 4, 6, 5, 4, 7, 4, 6, 7, 4, 3, 5, 6, 5, 6, 4, 5, 5, 8, 4, 4, 7, 7, 4, 7, 6, 3, 6, 6, 7, 7, 6, 7, 6, 6, 6, 4, 6, 4, 3, 3, 4, 8, 7, 6, 8, 8, 6, 5]
A_25 45.59 A 25 [2, 3, 4, 4, 1, 2, 1, 2, 1, 1, 1, 3, 4, 2, 2, 2, 1, 2, 4, 3, 1, 3, 3, 3, 1, 4, 1, 2, 3, 2, 4, 2, 4, 2, 3, 1, 4, 2, 3, 2, 4, 4, 2, 1, 4, 2, 3, 2, 4, 4, 2, 1, 3, 2, 2, 2, 3, 4, 2, 1, 4, 3, 2, 3, 4, 3, 1, 4, 1, 3, 4, 1, 1, 4, 1, 3, 1, 1, 1, 3] [6, 6, 7, 7, 4, 4, 3, 6, 4, 4, 5, 7, 7, 5, 5, 4, 5, 5, 6, 6, 3, 7, 7, 5, 5, 7, 4, 6, 7, 6, 6, 6, 7, 4, 7, 5, 8, 5, 5, 4, 7, 8, 4, 4, 6, 5, 5, 5, 7, 8, 6, 4, 6, 6, 5, 5, 7, 7, 5, 5, 6, 7, 6, 6, 6, 7, 4, 6, 3, 6, 7, 5, 4, 8, 5, 6, 5, 3, 4, 5]
A_26 48.68000000000001 A 26 [1, 1, 1, 2, 3, 2, 4, 2, 1, 2, 1, 4, 2, 4, 3, 1, 2, 2, 4, 4, 4, 4, 2, 3, 1, 1, 4, 2, 4, 4, 2, 2, 2, 3, 2, 2, 4, 1, 4, 2, 4, 1, 2, 1, 3, 3, 2, 4, 2, 2, 3, 3, 2, 1, 4, 3, 4, 3, 2, 3, 1, 4, 4, 1, 4, 2, 4, 1, 2, 2, 1, 4, 3, 1, 1, 2, 3, 1, 1, 2] [3, 3, 4, 6, 6, 6, 8, 4, 5, 4, 4, 6, 4, 7, 5, 4, 5, 6, 6, 6, 7, 6, 5, 6, 5, 4, 8, 6, 6, 7, 6, 5, 6, 7, 4, 6, 6, 3, 8, 6, 6, 5, 5, 3, 5, 6, 5, 8, 4, 6, 7, 6, 4, 4, 8, 6, 7, 5, 4, 6, 4, 8, 6, 5, 8, 6, 7, 3, 5, 5, 3, 7, 6, 3, 3, 4, 7, 4, 4, 5]
A_27 50.11000000000001 A 27 [2, 3, 4, 2, 2, 1, 4, 3, 1, 4, 3, 3, 4, 2, 4, 1, 2, 4, 1, 1, 3, 1, 3, 2, 2, 2, 2, 3, 2, 1, 2, 4, 1, 1, 3, 2, 1, 2, 4, 3, 2, 3, 3, 1, 2, 3, 4, 3, 4, 4, 1, 1, 1, 2, 3, 3, 1, 1, 1, 3, 2, 3, 4, 1, 3, 1, 3, 3, 4, 4, 4, 2, 1, 1, 2, 3, 3, 1, 3, 3] [6, 7, 6, 5, 6, 3, 7, 7, 3, 7, 7, 5, 8, 4, 8, 4, 4, 7, 5, 5, 5, 3, 5, 4, 5, 6, 6, 5, 4, 5, 6, 6, 3, 3, 5, 4, 4, 4, 8, 5, 5, 6, 7, 5, 5, 6, 8, 7, 6, 6, 4, 4, 3, 6, 7, 6, 4, 4, 3, 7, 4, 7, 6, 4, 7, 3, 7, 5, 7, 8, 8, 6, 4, 4, 6, 5, 6, 4, 6, 5]
A_28 52.510000000000005 A 28 [4, 3, 3, 1, 1, 4, 2, 2, 1, 1, 2, 3, 1, 3, 4, 2, 3, 1, 3, 1, 4, 4, 2, 1, 2, 3, 4, 2, 1, 2, 2, 3, 4, 4, 2, 3, 1, 4, 2, 1, 2, 3, 3, 3, 2, 2, 1, 2, 3, 2, 3, 4, 2, 1, 4, 2, 2, 2, 4, 3, 3, 4, 3, 2, 3, 2, 4, 3, 3, 3, 1, 1, 2, 2, 4, 3, 1, 3, 1, 4] [8, 7, 6, 5, 5, 6, 4, 6, 5, 3, 5, 7, 5, 5, 6, 6, 5, 4, 6, 3, 8, 8, 6, 3, 6, 7, 6, 4, 3, 5, 6, 7, 7, 7, 4, 5, 4, 8, 5, 3, 4, 5, 5, 7, 6, 6, 4, 5, 7, 6, 5, 7, 4, 4, 7, 6, 4, 6, 8, 6, 6, 7, 7, 6, 5, 6, 8, 6, 7, 5, 5, 3, 6, 4, 7, 7, 5, 6, 3, 7]
A_29 53.77 A 29 [1, 3, 1, 1, 3, 4, 3, 4, 4, 4, 1, 3, 1, 4, 4, 2, 4, 1, 3, 3, 4, 3, 1, 1, 3, 2, 4, 1, 2, 1, 1, 3, 3, 2, 4, 4, 3, 2, 3, 3, 3, 2, 1, 4, 4, 4, 1, 2, 3, 3, 1, 1, 2, 3, 1, 2, 2, 4, 2, 1, 3, 4, 1, 1, 4, 2, 3, 2, 1, 4, 3, 4, 2, 2, 2, 2, 1, 2, 1, 4] [4, 7, 4, 4, 7, 8, 5, 6, 7, 7, 3, 5, 3, 8, 7, 6, 7, 5, 7, 6, 8, 6, 5, 5, 5, 6, 7, 5, 5, 3, 3, 6, 5, 6, 7, 7, 7, 5, 6, 7, 7, 6, 3, 7, 6, 7, 5, 5, 5, 5, 3, 4, 6, 6, 4, 4, 4, 8, 5, 3, 6, 8, 3, 5, 7, 6, 6, 6, 5, 7, 6, 6, 5, 4, 4, 5, 5, 6, 5, 8]
A_30 55.61000000000001 A 30 [1, 3, 4, 2, 3, 1, 3, 1, 3, 3, 1, 3, 2, 1, 4, 4, 1, 1, 3, 2, 2, 2, 2, 4, 2, 4, 2, 2, 2, 1, 4, 1, 3, 3, 3, 1, 1, 2, 3, 4, 4, 1, 1, 3, 1, 3, 2, 4, 1, 3, 3, 1, 4, 2, 1, 4, 1, 4, 2, 2, 4, 1, 1, 1, 2, 2, 1, 3, 3, 2, 4, 2, 2, 3, 3, 1, 2, 1, 2, 3] [4, 5, 8, 5, 5, 4, 6, 4, 7, 6, 5, 5, 6, 5, 7, 6, 4, 4, 5, 6, 5, 4, 4, 7, 4, 6, 6, 6, 6, 3, 8, 5, 5, 7, 6, 3, 3, 6, 5, 6, 8, 5, 5, 5, 3, 7, 4, 6, 3, 6, 5, 5, 6, 4, 5, 6, 4, 7, 4, 5, 7, 3, 4, 5, 6, 4, 3, 6, 6, 4, 6, 6, 6, 5, 6, 5, 4, 3, 4, 5]
A_31 58.67000000000001 A 31 [2, 1, 3, 3, 3, 2, 3, 1, 4, 2, 2, 2, 3, 2, 2, 4, 3, 2, 1, 2, 4, 4, 1, 4, 1, 2, 2, 4, 3, 3, 1, 2, 3, 1, 3, 1, 4, 2, 4, 4, 2, 3, 1, 4, 1, 3, 2, 1, 2, 2, 4, 2, 3, 4, 2, 2, 2, 3, 4, 1, 3, 2, 3, 3, 2, 1, 1, 2, 4, 2, 1, 1, 2, 2, 3, 4, 4, 1, 3, 3] [6, 4, 6, 7, 5, 6, 5, 3, 7, 5, 5, 4, 7, 5, 6, 7, 5, 6, 4, 4, 6, 6, 5, 8, 5, 6, 5, 6, 7, 6, 5, 5, 6, 4, 5, 5, 7, 6, 7, 7, 4, 5, 3, 8, 3, 7, 6, 4, 4, 5, 7, 4, 6, 8, 5, 6, 6, 6, 7, 5, 6, 6, 6, 7, 5, 5, 5, 5, 7, 4, 4, 4, 6, 4, 6, 8, 7, 5, 5, 7]
A_32 59.92000000000001 A 32 [3, 4, 3, 2, 3, 3, 4, 1, 2, 4, 2, 3, 1, 1, 3, 2, 1, 3, 4, 4, 2, 3, 2, 2, 1, 4, 2, 1, 4, 3, 3, 3, 3, 3, 2, 4, 4, 4, 2, 4, 3, 4, 1, 2, 4, 1, 3, 4, 4, 1, 1, 2, 3, 2, 2, 4, 2, 2, 3, 1, 2, 2, 4, 3, 1, 2, 4, 4, 2, 1, 3, 4, 2, 2, 2, 1, 4, 4, 3, 2] [5, 7, 6, 6, 6, 5, 8, 4, 4, 7, 4, 5, 3, 3, 6, 5, 5, 7, 6, 7, 4, 7, 6, 4, 4, 7, 6, 3, 7, 5, 5, 6, 7, 7, 4, 7, 8, 8, 6, 7, 6, 7, 4, 4, 8, 3, 5, 8, 8, 4, 4, 5, 6, 6, 4, 7, 6, 6, 6, 3, 6, 4, 8, 7, 5, 5, 8, 6, 6, 5, 5, 7, 4, 6, 6, 3, 6, 6, 5, 4]
A_33 61.03000000000001 A 33 [3, 4, 4, 3, 4, 4, 1, 4, 3, 3, 2, 1, 3, 3, 3, 3, 1, 1, 4, 2, 2, 4, 2, 3, 3, 2, 3, 1, 4, 2, 3, 1, 3, 1, 4, 3, 3, 3, 4, 2, 1, 2, 4, 2, 3, 4, 3, 3, 1, 3, 4, 4, 3, 2, 2, 1, 1, 1, 4, 2, 4, 2, 3, 1, 4, 2, 2, 3, 1, 3, 2, 4, 2, 4, 2, 3, 4, 4, 4, 2] [7, 6, 6, 5, 8, 6, 3, 6, 7, 6, 6, 3, 7, 5, 6, 7, 3, 4, 8, 6, 5, 6, 5, 5, 6, 4, 7, 3, 7, 6, 7, 4, 7, 5, 6, 6, 7, 6, 7, 5, 4, 4, 8, 5, 6, 8, 6, 6, 5, 5, 6, 6, 7, 4, 5, 5, 4, 3, 7, 6, 7, 5, 6, 4, 7, 4, 4, 5, 5, 5, 5, 8, 4, 8, 4, 7, 7, 6, 8, 4]
A_34 64.48 A 34 [1, 2, 1, 2, 4, 4, 3, 1, 1, 1, 3, 1, 1, 2, 4, 4, 4, 4, 4, 1, 1, 1, 2, 1, 3, 3, 2, 3, 2, 4, 3, 3, 2, 4, 1, 4, 1, 1, 4, 2, 1, 3, 2, 1, 3, 3, 4, 3, 4, 3, 3, 2, 3, 3, 4, 2, 2, 4, 2, 1, 3, 4, 3, 2, 1, 3, 2, 3, 4, 2, 1, 2, 2, 2, 1, 2, 3, 3, 1, 3] [5, 6, 4, 6, 6, 7, 5, 5, 5, 5, 6, 3, 4, 4, 7, 8, 7, 8, 7, 5, 5, 3, 6, 4, 5, 7, 4, 5, 4, 7, 6, 5, 4, 6, 5, 6, 5, 4, 8, 5, 3, 6, 5, 3, 6, 6, 7, 7, 8, 7, 7, 6, 7, 6, 8, 5, 6, 8, 5, 4, 5, 8, 6, 5, 5, 5, 6, 6, 8, 6, 4, 5, 5, 6, 5, 5, 6, 7, 5, 7]
A_35 67.04 A 35 [1, 1, 4, 2, 3, 3, 1, 2, 2, 4, 2, 4, 2, 1, 1, 1, 2, 1, 2, 4, 2, 4, 2, 2, 1, 1, 2, 2, 3, 4, 1, 1, 4, 3, 4, 2, 3, 1, 1, 2, 4, 1, 2, 1, 2, 3, 4, 4, 1, 3, 2, 2, 4, 2, 2, 1, 2, 1, 2, 4, 1, 2, 1, 2, 2, 2, 4, 1, 3, 1, 2, 1, 2, 3, 3, 3, 3, 1, 4, 4] [3, 5, 6, 6, 5, 7, 5, 4, 6, 8, 6, 8, 5, 5, 5, 4, 6, 3, 4, 8, 6, 6, 5, 5, 4, 5, 6, 4, 5, 7, 3, 5, 7, 6, 6, 4, 6, 5, 4, 4, 8, 3, 4, 4, 4, 6, 7, 8, 3, 5, 6, 4, 8, 6, 5, 5, 4, 3, 5, 6, 4, 5, 5, 5, 5, 4, 8, 4, 6, 3, 4, 3, 4, 7, 6, 6, 5, 4, 6, 8]
A_36 68.04 A 36 [3, 4, 2, 3, 3, 2, 4, 3, 1, 1, 4, 1, 1, 2, 2, 3, 1, 4, 4, 1, 2, 4, 3, 1, 3, 4, 4, 1, 1, 3, 1, 4, 4, 3, 1, 3, 3, 4, 1, 2, 2, 3, 4, 4, 3, 1, 1, 4, 3, 4, 3, 2, 4, 4, 3, 4, 2, 4, 2, 1, 2, 1, 1, 1, 2, 4, 1, 2, 1, 1, 4, 1, 1, 3, 4, 2, 3, 1, 1, 4] [7, 6, 5, 6, 5, 6, 6, 7, 5, 5, 8, 5, 5, 4, 5, 5, 3, 8, 8, 5, 4, 6, 7, 5, 7, 8, 6, 4, 4, 7, 3, 7, 8, 7, 5, 6, 5, 6, 5, 6, 5, 7, 8, 7, 7, 3, 5, 6, 6, 8, 5, 4, 6, 7, 7, 8, 6, 7, 4, 4, 4, 5, 5, 5, 6, 7, 5, 5, 3, 5, 7, 5, 3, 5, 6, 4, 5, 4, 3, 6]
A_37 70.83000000000001 A 37 [1, 4, 4, 2, 4, 1, 3, 1, 1, 4, 2, 1, 4, 1, 4, 3, 2, 1, 2, 4, 3, 1, 4, 4, 1, 2, 1, 2, 4, 2, 2, 2, 4, 3, 1, 1, 4, 3, 2, 1, 2, 3, 3, 4, 4, 3, 1, 4, 4, 4, 1, 1, 2, 3, 2, 1, 2, 4, 3, 1, 3, 4, 1, 1, 3, 2, 4, 2, 2, 1, 4, 2, 3, 2, 2, 1, 2, 3, 3, 3] [5, 8, 6, 6, 8, 5, 7, 4, 4, 8, 5, 5, 6, 4, 7, 5, 5, 3, 5, 6, 6, 4, 7, 6, 4, 5, 3, 4, 8, 5, 6, 6, 8, 6, 4, 5, 6, 6, 4, 4, 5, 7, 7, 7, 8, 7, 5, 8, 7, 8, 5, 4, 6, 5, 5, 4, 6, 7, 6, 5, 7, 7, 3, 4, 7, 6, 7, 5, 5, 5, 7, 5, 7, 5, 5, 3, 4, 7, 7, 6]
A_38 74.98000000000002 A 38 [1, 2, 4, 4, 4, 2, 4, 2, 3, 4, 1, 2, 3, 2, 1, 3, 3, 2, 2, 2, 2, 3, 4, 1, 4, 3, 4, 4, 2, 3, 3, 4, 2, 4, 4, 1, 1, 2, 4, 4, 4, 3, 3, 3, 3, 1, 1, 3, 3, 3, 1, 2, 2, 1, 1, 2, 4, 4, 4, 2, 3, 1, 4, 4, 4, 1, 4, 4, 3, 2, 2, 1, 4, 4, 3, 4, 4, 2, 1, 2] [3, 4, 6, 6, 7, 6, 6, 4, 7, 8, 3, 6, 7, 5, 4, 6, 7, 6, 6, 5, 6, 5, 7, 5, 6, 5, 8, 8, 5, 6, 5, 7, 6, 7, 8, 4, 5, 4, 8, 6, 6, 5, 5, 6, 6, 3, 5, 7, 5, 7, 5, 6, 4, 5, 5, 6, 8, 8, 8, 5, 6, 4, 6, 8, 6, 5, 7, 6, 6, 4, 6, 3, 6, 7, 7, 8, 7, 5, 5, 5]
A_39 77.99000000000002 A 39 [2, 2, 3, 4, 3, 3, 4, 3, 3, 1, 4, 2, 1, 2, 2, 2, 2, 3, 3, 1, 3, 4, 3, 1, 4, 2, 2, 3, 1, 3, 4, 4, 4, 2, 2, 2, 2, 1, 4, 4, 3, 2, 4, 2, 4, 3, 3, 1, 1, 3, 3, 4, 1, 2, 4, 4, 1, 1, 1, 4, 2, 1, 1, 1, 3, 1, 2, 2, 2, 4, 4, 2, 2, 2, 4, 3, 2, 2, 4, 1] [5, 4, 7, 7, 7, 7, 6, 6, 7, 3, 8, 5, 4, 5, 6, 6, 5, 7, 6, 5, 7, 8, 5, 4, 7, 4, 6, 5, 3, 7, 6, 7, 7, 5, 5, 4, 6, 4, 6, 6, 6, 5, 8, 6, 8, 6, 5, 3, 5, 5, 6, 8, 3, 6, 7, 6, 4, 3, 5, 8, 5, 3, 5, 3, 7, 5, 6, 4, 4, 8, 8, 5, 4, 4, 7, 6, 5, 5, 6, 5]
B_0 3.71 B 40 [2, 1, 1, 3, 3, 1, 3, 3, 2, 1, 1, 2, 1, 4, 3, 3, 3, 1, 1, 4, 3, 3, 3, 1, 2, 4, 4, 2, 2, 3, 4, 2, 3, 1, 1, 4, 2, 2, 4, 3, 3, 4, 4, 4, 4, 4, 4, 2, 1, 4, 1, 1, 4, 4, 1, 1, 3, 1, 2, 1, 2, 2, 2, 4, 2, 2, 2, 2, 2, 3, 3, 2, 3, 1, 1, 4, 3, 3, 1, 1] [4, 4, 3, 5, 6, 4, 6, 7, 6, 4, 4, 6, 5, 6, 5, 6, 5, 4, 4, 7, 5, 5, 6, 4, 4, 7, 6, 5, 4, 7, 8, 4, 6, 4, 3, 8, 5, 5, 6, 6, 5, 7, 6, 7, 7, 7, 7, 4, 4, 7, 3, 4, 7, 7, 3, 4, 5, 3, 6, 5, 5, 5, 5, 7, 4, 4, 6, 5, 4, 5, 5, 6, 5, 3, 4, 6, 5, 6, 4, 4]
B_1 6.74 B 41 [2, 3, 2, 2, 1, 1, 3, 1, 4, 3, 2, 1, 3, 4, 4, 3, 1, 3, 3, 2, 1, 3, 2, 2, 1, 4, 1, 3, 3, 2, 1, 3, 4, 2, 3, 1, 3, 3, 3, 2, 4, 4, 4, 1, 3, 4, 3, 2, 1, 2, 2, 3, 2, 3, 4, 4, 2, 3, 1, 2, 1, 1, 4, 3, 1, 2, 4, 2, 1, 1, 3, 3, 2, 2, 3, 1, 4, 4, 1, 3] [5, 7, 5, 6, 3, 3, 6, 5, 7, 6, 5, 3, 7, 8, 7, 7, 5, 6, 7, 4, 3, 6, 5, 5, 3, 8, 5, 6, 5, 6, 5, 5, 7, 4, 6, 3, 7, 7, 5, 5, 7, 6, 7, 3, 7, 7, 5, 4, 4, 4, 6, 7, 5, 5, 6, 6, 4, 6, 4, 6, 4, 3, 6, 6, 5, 4, 7, 5, 5, 5, 6, 7, 4, 6, 6, 5, 7, 6, 4, 6]
B_2 9.68 B 42 [3, 1, 1, 2, 4, 1, 4, 1, 4, 3, 3, 2, 4, 3, 2, 2, 1, 2, 4, 4, 3, 4, 1, 3, 3, 2, 2, 3, 3, 1, 1, 1, 1, 4, 2, 2, 4, 3, 3, 4, 4, 4, 2, 2, 3, 1, 1, 2, 1, 2, 2, 4, 1, 2, 4, 1, 1, 1, 1, 3, 3, 4, 2, 2, 2, 2, 4, 3, 1, 4, 1, 1, 3, 1, 4, 1, 4, 4, 4, 4] [5, 3, 5, 4, 6, 5, 7, 5, 7, 7, 5, 6, 7, 5, 5, 4, 4, 4, 8, 8, 7, 8, 3, 7, 5, 4, 5, 7, 5, 3, 5, 3, 4, 8, 5, 4, 8, 7, 5, 8, 6, 7, 5, 6, 7, 4, 4, 6, 3, 4, 4, 8, 5, 5, 8, 4, 3, 4, 3, 5, 5, 8, 4, 4, 5, 6, 7, 6, 5, 8, 5, 5, 6, 4, 6, 3, 8, 6, 7, 8]
B_3 16.04 B 43 [2, 4, 4, 1, 2, 2, 1, 4, 3, 1, 3, 1, 4, 2, 2, 1, 1, 2, 2, 3, 2, 4, 4, 1, 3, 1, 1, 1, 3, 4, 3, 4, 2, 2, 1, 1, 4, 4, 3, 2, 4, 1, 2, 2, 2, 3, 4, 2, 3, 1, 2, 4, 2, 1, 3, 1, 4, 1, 4, 1, 2, 4, 2, 4, 1, 2, 4, 2, 3, 4, 4, 1, 2, 3, 1, 1, 3, 2, 3, 1] [4, 8, 6, 3, 4, 4, 3, 6, 6, 3, 5, 5, 7, 5, 5, 5, 3, 6, 5, 5, 5, 7, 8, 5, 6, 4, 3, 5, 7, 7, 5, 8, 4, 5, 3, 4, 7, 7, 6, 6, 7, 3, 6, 6, 5, 6, 8, 4, 6, 5, 4, 8, 5, 4, 7, 5, 8, 5, 6, 3, 4, 7, 4, 6, 5, 4, 8, 5, 6, 7, 7, 4, 4, 6, 3, 5, 5, 4, 6, 5]
B_4 17.89 B 44 [2, 2, 2, 3, 3, 3, 2, 2, 3, 4, 2, 3, 2, 4, 1, 3, 4, 1, 1, 2, 3, 4, 4, 4, 2, 4, 3, 2, 2, 4, 1, 1, 4, 3, 3, 2, 3, 4, 3, 4, 4, 3, 3, 2, 4, 1, 1, 4, 3, 2, 1, 3, 1, 1, 1, 1, 3, 2, 2, 2, 3, 1, 2, 4, 3, 2, 3, 3, 2, 3, 2, 3, 1, 1, 2, 4, 3, 4, 1, 1] [4, 6, 5, 5, 5, 7, 6, 5, 5, 7, 5, 7, 6, 8, 3, 5, 8, 5, 5, 4, 7, 7, 8, 6, 5, 6, 5, 5, 6, 6, 3, 3, 8, 6, 6, 4, 7, 8, 6, 8, 7, 7, 7, 5, 7, 5, 4, 7, 7, 5, 5, 7, 4, 4, 5, 3, 5, 6, 5, 4, 6, 4, 5, 6, 6, 5, 7, 6, 6, 7, 5, 7, 4, 4, 5, 8, 7, 8, 3, 4]
B_5 19.02 B 45 [2, 2, 1, 1, 4, 3, 2, 3, 1, 1, 2, 2, 3, 3, 1, 4, 4, 1, 3, 2, 2, 4, 1, 3, 3, 2, 3, 3, 2, 4, 3, 3, 1, 4, 3, 3, 1, 3, 1, 3, 4, 4, 1, 3, 1, 2, 3, 1, 1, 4, 4, 4, 4, 4, 3, 1, 4, 4, 4, 1, 1, 3, 3, 3, 4, 2, 1, 2, 1, 1, 2, 2, 1, 2, 3, 4, 3, 2, 3, 3] [4, 4, 3, 5, 6, 7, 5, 7, 5, 5, 6, 5, 6, 7, 3, 6, 6, 3, 7, 6, 4, 8, 5, 6, 6, 5, 6, 6, 6, 7, 7, 7, 3, 8, 6, 6, 3, 7, 3, 6, 7, 7, 4, 6, 5, 6, 5, 3, 4, 6, 8, 7, 8, 8, 7, 4, 7, 7, 7, 5, 5, 5, 6, 5, 7, 4, 4, 4, 3, 3, 4, 6, 5, 6, 7, 8, 7, 4, 7, 6]
B_6 20.02 B 46 [2, 4, 4, 1, 2, 3, 1, 4, 3, 4, 1, 4, 1, 3, 1, 1, 4, 3, 2, 3, 4, 4, 1, 3, 1, 3, 2, 4, 1, 1, 2, 2, 3, 3, 4, 4, 1, 1, 1, 3, 4, 3, 1, 4, 1, 3, 1, 1, 2, 2, 1, 4, 4, 2, 3, 2, 2, 3, 1, 1, 2, 3, 1, 3, 1, 3, 3, 4, 1, 4, 1, 3, 1, 4, 4, 1, 1, 4, 4, 4] [6, 8, 7, 5, 6, 6, 3, 6, 7, 7, 4, 7, 3, 5, 4, 4, 6, 5, 5, 7, 7, 7, 4, 7, 4, 5, 5, 8, 4, 5, 4, 6, 5, 6, 7, 7, 5, 5, 5, 5, 7, 5, 4, 8, 4, 5, 5, 5, 6, 4, 3, 6, 7, 5, 6, 4, 6, 7, 3, 3, 5, 6, 4, 6, 4, 5, 7, 6, 3, 6, 3, 6, 3, 7, 6, 4, 4, 7, 8, 7]
B_7 21.13 B 47 [1, 4, 3, 4, 1, 2, 4, 3, 1, 1, 3, 1, 3, 3, 3, 3, 2, 2, 1, 1, 1, 3, 1, 4, 2, 2, 4, 3, 2, 2, 4, 1, 4, 3, 3, 4, 4, 4, 3, 1, 2, 2, 2, 2, 4, 1, 1, 3, 2, 3, 2, 4, 4, 2, 3, 1, 3, 2, 3, 2, 2, 3, 1, 3, 4, 2, 3, 3, 1, 3, 2, 1, 4, 2, 2, 1, 4, 3, 3, 2] [5, 6, 7, 6, 5, 5, 8, 7, 5, 3, 7, 3, 5, 7, 6, 5, 6, 5, 4, 3, 5, 7, 3, 8, 5, 5, 8, 7, 5, 5, 6, 4, 8, 6, 7, 8, 6, 8, 7, 3, 4, 4, 6, 4, 7, 3, 5, 5, 4, 6, 5, 7, 7, 4, 5, 3, 7, 6, 6, 4, 5, 7, 5, 6, 7, 4, 7, 6, 4, 6, 4, 4, 6, 6, 6, 4, 8, 6, 5, 5]
B_8 22.93 B 48 [2, 3, 3, 4, 4, 2, 1, 3, 3, 1, 3, 1, 4, 3, 1, 3, 2, 4, 3, 3, 3, 1, 3, 1, 3, 4, 2, 4, 3, 3, 1, 2, 4, 1, 4, 1, 3, 4, 3, 1, 1, 1, 1, 3, 3, 1, 2, 2, 2, 2, 2, 3, 4, 2, 2, 3, 1, 2, 4, 4, 4, 4, 2, 4, 1, 4, 4, 1, 1, 2, 4, 1, 2, 1, 2, 2, 1, 4, 3, 2] [4, 6, 7, 7, 7, 5, 4, 6, 7, 3, 5, 3, 6, 6, 3, 6, 5, 8, 6, 6, 6, 3, 6, 4, 5, 7, 4, 6, 7, 5, 3, 4, 8, 5, 8, 3, 6, 7, 5, 5, 4, 4, 3, 6, 7, 4, 6, 4, 4, 5, 5, 5, 6, 5, 5, 7, 5, 5, 7, 8, 6, 7, 6, 7, 4, 7, 8, 4, 5, 6, 7, 3, 4, 5, 6, 4, 4, 8, 6, 4]
B_9 25.41 B 49 [2, 1, 4, 4, 3, 4, 1, 3, 2, 1, 2, 1, 1, 1, 1, 1, 4, 2, 1, 3, 2, 4, 1, 4, 4, 4, 2, 4, 2, 3, 3, 2, 1, 3, 3, 3, 4, 4, 3, 3, 4, 2, 2, 1, 2, 4, 2, 3, 2, 4, 1, 2, 2, 4, 2, 3, 1, 3, 4, 4, 4, 3, 1, 2, 1, 4, 4, 1, 2, 1, 1, 2, 4, 2, 2, 4, 4, 1, 1, 2] [5, 3, 7, 7, 6, 8, 4, 7, 6, 3, 6, 4, 4, 3, 5, 3, 6, 5, 5, 5, 5, 8, 3, 8, 8, 8, 6, 6, 6, 5, 6, 5, 4, 5, 7, 5, 8, 8, 7, 5, 7, 4, 4, 5, 5, 6, 4, 6, 5, 8, 4, 5, 6, 7, 5, 6, 5, 7, 6, 7, 8, 7, 4, 5, 4, 6, 8, 4, 6, 3, 4, 5, 8, 5, 5, 7, 8, 3, 5, 5]
B_10 26.41 B 50 [2, 2, 2, 3, 3, 1, 1, 3, 1, 3, 2, 1, 1, 2, 1, 1, 1, 2, 2, 4, 4, 4, 3, 4, 2, 2, 3, 1, 3, 1, 3, 4, 1, 4, 3, 2, 3, 1, 1, 3, 1, 2, 2, 2, 1, 4, 1, 2, 2, 1, 4, 4, 4, 4, 1, 1, 2, 1, 4, 3, 3, 4, 4, 2, 1, 2, 1, 3, 4, 2, 4, 1, 2, 4, 4, 3, 4, 4, 1, 1] [5, 4, 4, 7, 5, 5, 5, 7, 4, 5, 6, 5, 5, 5, 3, 4, 3, 4, 4, 7, 6, 8, 5, 7, 4, 6, 7, 4, 5, 3, 5, 7, 4, 6, 7, 6, 5, 5, 5, 6, 3, 6, 4, 4, 5, 8, 3, 5, 5, 4, 8, 7, 7, 6, 5, 4, 6, 4, 6, 5, 5, 6, 8, 6, 3, 4, 5, 6, 8, 6, 8, 3, 6, 6, 8, 5, 6, 8, 4, 4]
B_11 28.490000000000002 B 51 [3, 1, 2, 4, 1, 1, 1, 1, 2, 4, 2, 1, 4, 1, 2, 4, 1, 4, 4, 2, 4, 2, 4, 3, 2, 1, 3, 1, 4, 1, 1, 2, 2, 4, 2, 2, 2, 1, 2, 4, 1, 3, 4, 4, 3, 4, 4, 4, 3, 2, 4, 4, 3, 3, 4, 1, 4, 2, 2, 3, 4, 4, 3, 1, 2, 1, 4, 2, 3, 1, 4, 1, 1, 4, 2, 2, 4, 4, 4, 2] [6, 3, 6, 8, 4, 4, 4, 3, 4, 8, 4, 3, 7, 3, 6, 7, 3, 7, 7, 4, 8, 4, 8, 6, 4, 4, 6, 4, 7, 4, 5, 4, 5, 6, 6, 4, 4, 4, 6, 8, 4, 7, 8, 8, 7, 7, 6, 7, 5, 5, 7, 8, 5, 6, 8, 3, 8, 6, 4, 6, 8, 7, 5, 3, 4, 3, 6, 5, 7, 4, 6, 3, 4, 8, 6, 5, 6, 7, 6, 4]
B_12 29.490000000000002 B 52 [2, 2, 2, 4, 1, 4, 4, 2, 4, 2, 2, 2, 2, 3, 4, 2, 4, 2, 4, 2, 3, 3, 2, 3, 4, 3, 2, 1, 2, 2, 4, 3, 3, 3, 3, 4, 4, 2, 2, 1, 4, 2, 1, 2, 1, 4, 4, 4, 4, 2, 4, 3, 4, 2, 4, 3, 3, 3, 2, 3, 2, 1, 3, 3, 2, 1, 1, 1, 1, 3, 4, 2, 1, 4, 3, 2, 3, 3, 1, 2] [6, 4, 5, 8, 3, 6, 6, 6, 7, 6, 6, 4, 4, 7, 8, 5, 8, 6, 8, 5, 7, 7, 4, 5, 7, 6, 4, 3, 4, 6, 6, 6, 6, 7, 7, 8, 6, 6, 4, 3, 7, 5, 5, 5, 4, 8, 7, 7, 6, 6, 7, 5, 7, 4, 7, 6, 5, 7, 5, 5, 6, 3, 6, 6, 6, 3, 3, 4, 4, 7, 7, 4, 4, 7, 7, 5, 7, 6, 5, 6]
B_13 32.410000000000004 B 53 [1, 4, 1, 2, 3, 2, 3, 2, 1, 3, 2, 2, 3, 4, 1, 2, 4, 2, 4, 3, 2, 1, 4, 4, 4, 2, 1, 2, 1, 3, 2, 4, 2, 2, 3, 2, 4, 3, 1, 2, 4, 3, 2, 1, 1, 4, 2, 2, 2, 4, 4, 3, 2, 1, 1, 3, 2, 1, 1, 4, 2, 1, 2, 3, 3, 2, 3, 4, 4, 1, 1, 2, 3, 4, 3, 2, 2, 2, 3, 4] [3, 8, 3, 5, 5, 6, 5, 6, 3, 5, 4, 6, 7, 7, 4, 5, 7, 6, 6, 5, 4, 5, 8, 7, 7, 6, 4, 6, 4, 6, 4, 8, 6, 4, 6, 6, 7, 5, 5, 6, 7, 5, 5, 4, 4, 8, 5, 4, 5, 7, 6, 6, 4, 5, 4, 7, 4, 5, 3, 8, 5, 5, 6, 7, 7, 6, 5, 6, 6, 3, 5, 6, 7, 6, 7, 5, 6, 5, 7, 7]
B_14 33.410000000000004 B 54 [2, 4, 3, 3, 3, 4, 1, 1, 3, 1, 4, 2, 3, 1, 3, 4, 4, 2, 3, 2, 2, 3, 3, 3, 2, 2, 4, 3, 4, 1, 1, 2, 2, 2, 4, 2, 3, 2, 1, 4, 1, 4, 4, 3, 1, 3, 3, 3, 2, 2, 1, 4, 4, 1, 3, 4, 4, 3, 2, 1, 3, 4, 2, 4, 2, 2, 1, 2, 3, 1, 2, 3, 2, 2, 2, 2, 2, 1, 4, 1] [4, 7, 5, 6, 5, 6, 5, 4, 7, 4, 8, 5, 6, 3, 5, 8, 8, 6, 7, 5, 6, 6, 6, 5, 4, 5, 8, 7, 7, 4, 5, 5, 4, 5, 8, 5, 7, 5, 5, 7, 3, 6, 8, 7, 5, 7, 6, 5, 5, 5, 5, 8, 7, 4, 5, 7, 7, 6, 4, 4, 7, 6, 4, 7, 4, 4, 5, 4, 7, 3, 5, 7, 6, 5, 6, 4, 4, 3, 8, 3]
B_15 37.160000000000004 B 55 [2, 4, 3, 1, 3, 1, 4, 2, 1, 3, 4, 2, 1, 1, 3, 4, 4, 4, 3, 3, 2, 2, 3, 2, 4, 2, 3, 3, 2, 2, 4, 2, 4, 1, 2, 1, 4, 1, 2, 4, 1, 4, 1, 1, 1, 1, 2, 1, 3, 3, 1, 1, 3, 3, 4, 1, 3, 4, 3, 4, 4, 1, 3, 1, 4, 2, 3, 2, 4, 3, 1, 1, 2, 1, 4, 3, 4, 1, 4, 1] [5, 7, 6, 5, 6, 4, 6, 4, 3, 5, 8, 5, 4, 4, 7, 7, 6, 7, 6, 6, 6, 5, 6, 4, 7, 5, 6, 6, 6, 4, 6, 6, 7, 5, 5, 5, 8, 4, 6, 6, 4, 6, 4, 5, 3, 4, 4, 3, 7, 6, 4, 3, 6, 7, 7, 4, 5, 7, 7, 7, 7, 3, 5, 4, 8, 5, 6, 5, 6, 6, 3, 4, 5, 4, 8, 6, 8, 3, 6, 3]
B_16 38.160000000000004 B 56 [1, 2, 1, 2, 2, 3, 1, 4, 2, 4, 1, 2, 4, 2, 3, 3, 1, 4, 1, 1, 4, 1, 2, 1, 2, 3, 4, 1, 2, 2, 1, 2, 2, 1, 2, 2, 2, 2, 4, 1, 3, 2, 1, 4, 3, 4, 2, 3, 1, 1, 2, 4, 3, 2, 4, 3, 1, 1, 2, 1, 2, 1, 1, 4, 4, 3, 4, 2, 2, 4, 4, 1, 1, 3, 1, 3, 4, 3, 2, 1] [3, 6, 5, 5, 6, 5, 3, 7, 4, 7, 5, 5, 8, 6, 5, 5, 3, 8, 4, 5, 8, 5, 4, 5, 6, 7, 7, 4, 4, 4, 4, 6, 6, 4, 6, 4, 6, 6, 8, 4, 5, 4, 3, 8, 5, 7, 6, 7, 5, 5, 6, 8, 5, 4, 7, 5, 5, 5, 6, 5, 5, 4, 4, 7, 8, 5, 6, 6, 6, 6, 8, 3, 4, 6, 3, 5, 7, 6, 4, 3]
B_17 39.160000000000004 B 57 [3, 1, 1, 4, 2, 4, 3, 1, 2, 2, 4, 1, 3, 2, 1, 1, 2, 4, 1, 1, 2, 1, 2, 3, 1, 4, 3, 1, 2, 4, 4, 3, 2, 1, 4, 1, 4, 4, 4, 1, 1, 3, 1, 1, 2, 4, 3, 2, 2, 3, 1, 2, 3, 1, 3, 4, 1, 1, 3, 4, 4, 2, 2, 1, 3, 1, 1, 3, 2, 3, 1, 2, 2, 4, 2, 3, 3, 4, 3, 2] [5, 4, 4, 6, 4, 6, 7, 5, 6, 6, 8, 5, 6, 5, 4, 3, 5, 7, 3, 4, 4, 3, 5, 5, 3, 7, 5, 4, 6, 8, 7, 6, 6, 3, 8, 3, 7, 7, 8, 3, 3, 6, 4, 5, 6, 7, 7, 6, 5, 7, 4, 6, 7, 5, 6, 7, 5, 5, 5, 8, 7, 4, 4, 5, 7, 4, 4, 6, 5, 6, 3, 6, 6, 6, 6, 7, 6, 6, 6, 4]
B_18 40.160000000000004 B 58 [2, 2, 3, 1, 4, 4, 2, 1, 4, 3, 2, 2, 3, 1, 3, 3, 1, 3, 4, 2, 2, 2, 2, 4, 3, 2, 2, 1, 4, 2, 2, 4, 3, 4, 2, 2, 2, 3, 4, 1, 2, 1, 1, 4, 2, 4, 1, 3, 4, 4, 4, 2, 2, 1, 2, 3, 2, 3, 2, 1, 3, 3, 4, 3, 4, 1, 1, 2, 3, 3, 4, 4, 4, 3, 1, 2, 2, 4, 1, 2] [6, 4, 6, 3, 6, 7, 6, 4, 6, 5, 6, 5, 6, 5, 6, 6, 5, 7, 7, 4, 4, 4, 5, 8, 6, 5, 4, 3, 8, 5, 4, 7, 6, 7, 5, 5, 4, 6, 8, 5, 6, 4, 3, 6, 5, 7, 3, 6, 7, 6, 6, 4, 5, 3, 4, 7, 6, 5, 4, 5, 5, 7, 6, 6, 7, 4, 3, 5, 6, 7, 7, 8, 8, 7, 4, 5, 4, 7, 3, 6]
B_19 41.160000000000004 B 59 [4, 1, 2, 1, 4, 3, 3, 3, 2, 1, 4, 2, 2, 1, 1, 2, 2, 2, 3, 4, 3, 4, 3, 1, 3, 1, 3, 3, 3, 1, 2, 1, 1, 2, 1, 4, 1, 1, 2, 4, 1, 2, 3, 1, 2, 1, 1, 2, 4, 4, 3, 3, 3, 4, 1, 4, 1, 4, 1, 4, 1, 1, 3, 2, 1, 4, 2, 4, 4, 1, 1, 4, 4, 1, 3, 1, 3, 1, 4, 4] [6, 3, 5, 4, 6, 7, 7, 7, 5, 4, 8, 6, 5, 3, 3, 6, 4, 5, 5, 8, 5, 6, 7, 5, 6, 5, 6, 7, 6, 3, 5, 5, 3, 6, 4, 6, 4, 5, 5, 8, 5, 6, 5, 3, 4, 5, 3, 4, 8, 7, 5, 6, 5, 8, 4, 7, 5, 8, 5, 8, 5, 5, 5, 4, 4, 6, 4, 8, 8, 3, 5, 6, 7, 5, 6, 5, 7, 5, 7, 6]
B_20 42.260000000000005 B 60 [4, 4, 1, 4, 3, 3, 3, 2, 2, 3, 4, 2, 1, 3, 4, 3, 3, 4, 3, 2, 1, 1, 4, 2, 3, 4, 1, 2, 3, 3, 4, 3, 2, 4, 3, 1, 2, 3, 3, 2, 2, 1, 3, 2, 3, 1, 2, 2, 4, 4, 3, 4, 2, 2, 3, 4, 2, 4, 3, 1, 2, 3, 1, 2, 1, 2, 4, 4, 2, 2, 2, 2, 4, 1, 3, 1, 4, 3, 2, 4] [6, 6, 4, 8, 5, 5, 5, 6, 4, 6, 7, 6, 5, 6, 7, 6, 7, 7, 5, 5, 5, 4, 7, 4, 7, 6, 4, 4, 6, 6, 7, 6, 6, 7, 5, 4, 4, 7, 6, 5, 5, 4, 5, 4, 6, 5, 5, 5, 6, 8, 5, 8, 6, 5, 7, 7, 5, 7, 5, 5, 6, 7, 3, 5, 4, 4, 6, 8, 6, 5, 4, 4, 8, 3, 5, 4, 7, 6, 5, 6]
B_21 43.260000000000005 B 61 [4, 4, 4, 2, 1, 2, 2, 4, 4, 1, 4, 1, 3, 1, 3, 4, 2, 4, 3, 3, 4, 3, 1, 4, 4, 3, 4, 3, 4, 4, 1, 2, 2, 2, 4, 2, 1, 4, 1, 1, 2, 1, 4, 4, 1, 3, 3, 3, 4, 3, 4, 4, 1, 1, 4, 1, 1, 2, 3, 1, 3, 2, 1, 2, 2, 4, 2, 2, 3, 4, 4, 3, 2, 4, 2, 4, 1, 2, 3, 3] [6, 7, 7, 5, 3, 6, 4, 7, 6, 3, 7, 5, 7, 5, 5, 8, 6, 6, 7, 6, 7, 7, 3, 8, 7, 7, 8, 7, 7, 8, 3, 6, 4, 5, 8, 5, 5, 7, 4, 3, 5, 3, 8, 7, 4, 5, 6, 7, 7, 7, 6, 7, 3, 5, 6, 3, 4, 4, 7, 5, 7, 4, 3, 5, 6, 7, 5, 5, 7, 6, 6, 7, 5, 8, 4, 8, 5, 4, 6, 6]
B_22 44.260000000000005 B 62 [2, 2, 2, 3, 2, 3, 2, 3, 4, 4, 1, 4, 2, 1, 2, 1, 1, 2, 3, 2, 4, 3, 2, 4, 2, 2, 4, 4, 3, 1, 1, 3, 4, 3, 3, 1, 1, 1, 4, 1, 2, 4, 2, 2, 2, 3, 1, 1, 2, 1, 4, 3, 3, 2, 2, 3, 1, 2, 4, 3, 1, 1, 1, 3, 3, 4, 3, 3, 1, 2, 3, 1, 3, 4, 1, 1, 3, 2, 4, 2] [5, 6, 6, 5, 4, 5, 5, 5, 8, 6, 4, 8, 5, 4, 4, 4, 4, 4, 5, 6, 7, 7, 4, 7, 6, 6, 6, 6, 7, 3, 4, 6, 8, 6, 6, 5, 5, 3, 6, 5, 5, 6, 4, 4, 5, 6, 4, 5, 6, 4, 8, 5, 6, 6, 4, 5, 4, 4, 6, 5, 3, 3, 4, 5, 7, 7, 5, 5, 3, 6, 6, 5, 5, 8, 3, 5, 7, 5, 6, 4]
B_23 45.260000000000005 B 63 [2, 3, 4, 4, 3, 2, 2, 3, 1, 4, 2, 3, 3, 3, 3, 4, 4, 3, 3, 1, 1, 1, 1, 3, 3, 3, 1, 1, 2, 1, 1, 3, 3, 1, 2, 2, 1, 1, 4, 1, 4, 3, 2, 4, 4, 3, 3, 3, 4, 2, 2, 1, 3, 3, 4, 1, 4, 1, 3, 2, 2, 2, 3, 1, 2, 4, 2, 4, 4, 4, 4, 4, 1, 1, 3, 1, 4, 4, 2, 2] [6, 7, 8, 7, 6, 4, 6, 7, 5, 7, 6, 7, 7, 5, 7, 7, 7, 5, 6, 5, 5, 5, 3, 6, 7, 6, 5, 4, 6, 5, 5, 7, 7, 4, 5, 5, 5, 4, 8, 3, 7, 6, 4, 6, 6, 5, 6, 6, 7, 5, 6, 3, 6, 7, 7, 4, 7, 5, 6, 4, 5, 5, 5, 5, 4, 6, 5, 8, 8, 6, 6, 6, 5, 4, 6, 3, 8, 7, 4, 4]
B_24 53.09 B 64 [1, 1, 1, 1, 4, 4, 1, 1, 4, 2, 2, 4, 2, 4, 3, 4, 4, 1, 2, 1, 2, 4, 3, 1, 3, 4, 4, 3, 3, 4, 2, 2, 1, 4, 1, 2, 2, 3, 4, 3, 2, 1, 2, 1, 3, 4, 1, 4, 1, 1, 1, 2, 2, 3, 2, 4, 4, 3, 4, 1, 1, 2, 3, 2, 4, 1, 2, 1, 4, 1, 2, 3, 3, 2, 2, 1, 2, 1, 4, 1] [3, 4, 4, 5, 8, 6, 4, 5, 8, 6, 4, 8, 5, 7, 5, 7, 7, 4, 4, 3, 4, 7, 5, 3, 6, 6, 8, 7, 5, 7, 6, 5, 5, 7, 5, 5, 6, 7, 6, 7, 4, 5, 5, 5, 6, 7, 4, 7, 4, 4, 3, 4, 6, 7, 4, 8, 8, 7, 7, 4, 4, 6, 7, 4, 6, 5, 6, 3, 7, 4, 5, 6, 5, 5, 5, 5, 5, 3, 8, 3]
B_25 54.93000000000001 B 65 [1, 3, 2, 1, 2, 3, 1, 2, 2, 3, 1, 4, 1, 2, 4, 1, 1, 4, 3, 4, 3, 1, 4, 3, 4, 3, 2, 1, 2, 2, 2, 1, 2, 2, 3, 2, 4, 2, 1, 1, 2, 2, 2, 2, 2, 2, 3, 2, 4, 4, 2, 1, 1, 2, 2, 2, 3, 1, 1, 4, 2, 4, 4, 4, 1, 4, 3, 2, 2, 1, 4, 3, 3, 4, 1, 1, 3, 1, 3, 4] [4, 7, 4, 4, 5, 5, 3, 4, 4, 6, 4, 7, 3, 5, 8, 4, 5, 8, 6, 7, 5, 3, 6, 7, 6, 7, 6, 3, 6, 6, 4, 5, 5, 4, 5, 4, 7, 6, 5, 5, 4, 4, 6, 4, 5, 4, 5, 4, 7, 6, 4, 3, 3, 6, 4, 5, 5, 4, 4, 6, 4, 7, 7, 6, 5, 8, 5, 5, 6, 4, 7, 7, 6, 8, 4, 4, 5, 4, 7, 7]
B_26 56.56000000000001 B 66 [3, 2, 3, 2, 4, 4, 1, 1, 4, 1, 3, 4, 3, 3, 3, 1, 2, 2, 1, 4, 2, 3, 2, 3, 2, 1, 4, 3, 4, 3, 1, 1, 4, 2, 2, 4, 1, 4, 4, 2, 2, 4, 4, 4, 3, 1, 3, 3, 4, 4, 1, 4, 1, 3, 1, 3, 4, 1, 1, 2, 4, 2, 3, 2, 2, 3, 1, 1, 2, 1, 4, 2, 1, 3, 3, 3, 3, 1, 1, 2] [7, 4, 5, 5, 6, 7, 5, 5, 8, 5, 7, 7, 5, 5, 7, 4, 4, 4, 3, 6, 4, 7, 5, 7, 6, 4, 7, 7, 8, 6, 3, 5, 8, 4, 6, 8, 5, 7, 7, 6, 6, 7, 7, 8, 7, 4, 7, 7, 8, 8, 5, 6, 3, 5, 5, 6, 6, 4, 3, 4, 6, 5, 5, 5, 6, 5, 5, 4, 4, 5, 8, 5, 4, 5, 6, 5, 5, 5, 4, 6]
B_27 58.05000000000001 B 67 [2, 3, 4, 3, 3, 1, 3, 1, 1, 3, 4, 3, 3, 2, 4, 1, 2, 1, 4, 3, 2, 4, 2, 2, 1, 4, 1, 3, 3, 2, 3, 2, 4, 3, 3, 1, 2, 2, 4, 2, 2, 2, 3, 2, 3, 2, 4, 3, 1, 1, 3, 2, 1, 4, 2, 2, 2, 3, 2, 4, 4, 2, 3, 4, 1, 2, 1, 3, 4, 3, 4, 1, 1, 2, 2, 3, 1, 3, 4, 1] [5, 5, 7, 7, 5, 5, 7, 5, 5, 5, 8, 6, 6, 6, 8, 5, 4, 5, 6, 6, 6, 6, 5, 4, 4, 6, 3, 5, 6, 6, 6, 5, 6, 5, 6, 4, 5, 5, 6, 4, 5, 5, 6, 5, 6, 4, 6, 6, 4, 4, 6, 5, 4, 6, 4, 5, 6, 6, 5, 8, 8, 5, 5, 8, 3, 5, 4, 7, 8, 7, 8, 3, 4, 5, 4, 7, 4, 6, 7, 5]
B_28 59.05000000000001 B 68 [1, 1, 3, 4, 2, 4, 4, 3, 3, 1, 1, 4, 1, 2, 4, 3, 4, 1, 4, 4, 2, 1, 1, 1, 3, 1, 2, 4, 3, 1, 3, 4, 2, 1, 4, 3, 1, 2, 3, 2, 2, 1, 1, 3, 2, 1, 1, 1, 1, 2, 4, 3, 1, 4, 3, 4, 2, 2, 3, 4, 2, 3, 1, 4, 4, 2, 2, 4, 4, 2, 3, 2, 1, 2, 4, 3, 1, 4, 4, 4] [4, 5, 7, 6, 4, 6, 6, 7, 6, 5, 3, 6, 4, 4, 6, 6, 6, 3, 7, 8, 4, 5, 5, 5, 6, 3, 5, 7, 7, 5, 6, 7, 6, 5, 8, 6, 3, 5, 6, 4, 4, 5, 5, 6, 6, 3, 3, 4, 5, 6, 8, 7, 4, 6, 7, 6, 6, 5, 6, 8, 6, 7, 3, 8, 7, 6, 4, 8, 7, 6, 6, 6, 3, 5, 6, 7, 5, 7, 6, 6]
B_29 60.05000000000001 B 69 [4, 3, 3, 1, 4, 2, 3, 4, 3, 4, 2, 4, 2, 1, 3, 2, 2, 4, 3, 3, 2, 3, 2, 1, 2, 3, 2, 4, 3, 4, 2, 2, 1, 3, 2, 1, 1, 1, 2, 4, 3, 1, 4, 4, 3, 1, 4, 3, 2, 1, 2, 1, 3, 1, 1, 3, 4, 3, 3, 1, 2, 4, 2, 4, 1, 1, 1, 3, 2, 4, 1, 1, 1, 2, 2, 3, 1, 1, 4, 4] [7, 5, 7, 3, 8, 4, 5, 6, 5, 8, 4, 6, 4, 4, 5, 6, 5, 8, 5, 7, 4, 7, 5, 4, 4, 6, 5, 8, 5, 7, 4, 4, 5, 5, 6, 3, 5, 5, 4, 8, 5, 5, 8, 7, 7, 3, 6, 6, 6, 3, 6, 4, 7, 3, 3, 6, 6, 6, 7, 3, 5, 6, 6, 6, 4, 4, 5, 7, 6, 8, 5, 3, 4, 6, 5, 7, 5, 4, 7, 8]
B_30 61.31000000000001 B 70 [1, 4, 3, 4, 3, 1, 3, 3, 2, 1, 4, 1, 4, 4, 3, 1, 4, 4, 1, 4, 1, 3, 1, 1, 1, 4, 1, 4, 1, 3, 4, 1, 3, 2, 1, 2, 4, 4, 2, 4, 3, 3, 1, 4, 2, 2, 1, 2, 4, 1, 4, 4, 4, 1, 2, 1, 4, 1, 4, 1, 2, 4, 3, 4, 2, 4, 4, 4, 3, 1, 1, 3, 4, 3, 4, 2, 1, 3, 4, 1] [3, 8, 6, 6, 7, 3, 7, 5, 6, 4, 7, 3, 6, 7, 6, 5, 6, 7, 4, 7, 5, 7, 3, 5, 3, 7, 3, 8, 5, 6, 6, 4, 5, 5, 4, 4, 7, 7, 6, 8, 5, 6, 5, 7, 5, 4, 3, 4, 7, 4, 8, 6, 7, 5, 5, 3, 8, 3, 7, 5, 4, 6, 6, 6, 5, 7, 8, 8, 6, 5, 4, 5, 6, 7, 7, 5, 5, 6, 8, 5]
B_31 62.31000000000001 B 71 [4, 4, 3, 4, 3, 3, 3, 1, 2, 4, 3, 3, 1, 2, 2, 3, 3, 2, 3, 1, 3, 3, 4, 1, 1, 1, 4, 2, 1, 4, 2, 1, 4, 4, 2, 1, 1, 2, 1, 2, 2, 3, 1, 1, 3, 2, 3, 1, 1, 2, 1, 1, 2, 2, 3, 1, 1, 2, 4, 4, 2, 3, 1, 4, 3, 3, 2, 1, 2, 1, 3, 1, 2, 3, 4, 3, 2, 3, 3, 1] [7, 6, 7, 6, 5, 6, 6, 3, 5, 7, 7, 6, 5, 4, 6, 6, 6, 5, 7, 5, 6, 6, 7, 5, 3, 5, 7, 6, 3, 6, 6, 4, 7, 8, 5, 3, 5, 5, 3, 5, 6, 7, 5, 4, 7, 6, 6, 4, 3, 5, 3, 3, 4, 6, 7, 4, 3, 6, 8, 6, 4, 7, 5, 6, 6, 7, 5, 3, 6, 3, 5, 3, 4, 6, 7, 6, 4, 6, 5, 5]
B_32 65.05000000000001 B 72 [3, 1, 1, 4, 3, 3, 3, 1, 4, 4, 2, 3, 1, 3, 3, 2, 4, 3, 4, 4, 2, 2, 2, 3, 1, 1, 3, 1, 2, 2, 2, 2, 2, 2, 2, 2, 1, 3, 4, 2, 3, 2, 3, 2, 1, 1, 1, 4, 2, 4, 2, 1, 1, 3, 2, 2, 1, 2, 4, 4, 4, 2, 3, 1, 3, 3, 1, 1, 1, 1, 4, 2, 2, 4, 2, 3, 1, 2, 4, 2] [6, 5, 3, 6, 7, 6, 7, 3, 6, 6, 4, 6, 3, 6, 6, 5, 7, 7, 8, 7, 5, 6, 5, 5, 4, 4, 6, 4, 6, 5, 6, 6, 4, 4, 5, 4, 3, 7, 6, 4, 5, 4, 6, 4, 4, 5, 3, 6, 4, 8, 6, 4, 4, 7, 6, 5, 4, 6, 8, 7, 8, 5, 5, 5, 5, 6, 4, 4, 3, 4, 6, 4, 5, 8, 4, 6, 3, 6, 6, 5]
B_33 68.06000000000002 B 73 [2, 2, 4, 1, 1, 3, 4, 2, 4, 4, 4, 1, 4, 3, 4, 1, 1, 3, 1, 2, 1, 2, 3, 1, 4, 4, 1, 1, 2, 2, 3, 2, 2, 4, 2, 3, 3, 2, 4, 2, 1, 2, 1, 3, 1, 2, 4, 2, 1, 2, 4, 4, 4, 4, 2, 1, 3, 4, 3, 1, 1, 4, 4, 1, 2, 4, 3, 2, 2, 2, 3, 3, 4, 3, 3, 1, 4, 1, 4, 1] [4, 5, 8, 5, 4, 5, 6, 5, 6, 8, 8, 3, 7, 6, 8, 3, 5, 7, 3, 4, 5, 6, 5, 4, 8, 8, 3, 4, 4, 4, 5, 4, 6, 8, 6, 7, 5, 5, 7, 4, 3, 6, 4, 6, 4, 6, 7, 6, 5, 5, 6, 8, 7, 6, 5, 4, 6, 6, 7, 5, 3, 8, 8, 4, 5, 8, 5, 5, 5, 6, 7, 6, 8, 6, 6, 3, 7, 4, 6, 5]
B_34 69.06000000000002 B 74 [4, 3, 2, 1, 4, 2, 4, 1, 4, 1, 2, 1, 2, 1, 4, 2, 3, 2, 4, 3, 2, 2, 1, 1, 4, 1, 1, 2, 4, 2, 3, 3, 2, 2, 1, 3, 4, 2, 3, 4, 1, 3, 4, 1, 2, 3, 4, 2, 2, 2, 4, 2, 3, 3, 2, 4, 1, 2, 1, 3, 3, 2, 1, 3, 2, 1, 3, 2, 4, 2, 4, 4, 2, 3, 4, 3, 1, 1, 4, 3] [6, 7, 5, 4, 7, 6, 6, 5, 7, 3, 5, 3, 6, 3, 6, 6, 5, 5, 8, 5, 6, 6, 4, 5, 7, 5, 3, 6, 7, 4, 6, 6, 6, 4, 5, 6, 6, 5, 7, 7, 4, 6, 6, 3, 5, 7, 6, 6, 6, 5, 8, 6, 7, 7, 6, 8, 3, 6, 4, 6, 5, 4, 3, 6, 5, 4, 6, 4, 6, 5, 7, 7, 4, 6, 8, 5, 5, 5, 8, 7]
B_35 70.06000000000002 B 75 [4, 1, 1, 3, 4, 4, 3, 4, 2, 3, 4, 3, 2, 4, 3, 2, 1, 4, 2, 4, 2, 1, 4, 4, 4, 3, 2, 3, 3, 2, 1, 4, 1, 3, 2, 3, 2, 1, 4, 3, 4, 1, 1, 1, 4, 4, 1, 1, 2, 4, 3, 2, 2, 2, 2, 3, 3, 3, 2, 1, 1, 4, 1, 1, 1, 1, 3, 3, 3, 3, 2, 3, 3, 1, 3, 4, 1, 1, 1, 3] [8, 5, 5, 6, 6, 7, 7, 7, 5, 6, 6, 5, 4, 7, 7, 6, 3, 6, 4, 7, 4, 4, 7, 7, 6, 6, 4, 5, 7, 5, 5, 8, 3, 7, 5, 6, 4, 3, 8, 6, 6, 5, 3, 5, 8, 8, 4, 4, 4, 7, 5, 5, 5, 5, 4, 6, 5, 7, 5, 5, 4, 8, 5, 3, 5, 4, 5, 7, 7, 7, 5, 6, 6, 3, 5, 7, 3, 5, 5, 5]
B_36 74.03000000000002 B 76 [4, 2, 2, 1, 2, 4, 3, 1, 3, 4, 3, 3, 1, 2, 4, 3, 4, 4, 1, 2, 4, 3, 2, 4, 4, 1, 3, 3, 1, 1, 2, 4, 4, 4, 3, 3, 3, 2, 4, 2, 3, 4, 4, 3, 3, 3, 1, 4, 1, 4, 4, 4, 3, 2, 2, 4, 4, 3, 2, 3, 4, 1, 3, 4, 2, 3, 3, 1, 1, 1, 1, 2, 1, 4, 1, 1, 3, 3, 4, 4] [8, 6, 5, 3, 5, 6, 6, 3, 6, 6, 7, 6, 4, 5, 8, 5, 8, 8, 4, 6, 6, 7, 4, 8, 8, 5, 7, 6, 5, 5, 4, 7, 6, 7, 6, 5, 5, 4, 7, 5, 5, 7, 8, 5, 7, 7, 4, 8, 4, 8, 6, 6, 7, 6, 4, 8, 7, 6, 4, 7, 7, 5, 7, 8, 5, 5, 5, 4, 5, 5, 5, 4, 3, 7, 5, 3, 5, 7, 6, 8]
B_37 75.03000000000002 B 77 [4, 2, 3, 3, 2, 4, 3, 4, 4, 4, 2, 3, 4, 4, 1, 3, 4, 3, 1, 1, 3, 1, 2, 4, 4, 1, 1, 1, 3, 2, 1, 1, 4, 4, 3, 1, 1, 3, 2, 2, 3, 4, 4, 2, 4, 2, 4, 3, 4, 1, 4, 4, 3, 2, 1, 1, 3, 4, 4, 1, 3, 2, 2, 4, 1, 1, 1, 3, 4, 1, 3, 3, 2, 1, 1, 1, 3, 3, 4, 2] [7, 6, 7, 7, 4, 7, 7, 8, 6, 8, 5, 7, 8, 7, 5, 7, 8, 6, 4, 3, 5, 3, 4, 7, 8, 3, 4, 4, 6, 6, 3, 5, 6, 6, 7, 4, 4, 7, 5, 5, 6, 6, 6, 4, 8, 4, 7, 6, 8, 3, 8, 7, 6, 5, 3, 3, 6, 6, 7, 5, 6, 4, 5, 7, 3, 4, 5, 6, 7, 4, 6, 6, 6, 4, 5, 5, 7, 5, 8, 4]
B_38 76.54000000000002 B 78 [3, 2, 4, 1, 1, 4, 3, 4, 3, 1, 4, 4, 2, 2, 3, 1, 1, 3, 4, 2, 4, 2, 3, 4, 2, 1, 1, 3, 1, 1, 2, 3, 3, 4, 1, 4, 1, 3, 1, 4, 1, 1, 4, 3, 1, 3, 4, 3, 3, 1, 1, 4, 1, 3, 4, 4, 2, 3, 1, 4, 2, 3, 4, 2, 4, 3, 1, 4, 4, 4, 4, 3, 4, 4, 4, 1, 4, 4, 4, 2] [7, 4, 6, 4, 4, 8, 7, 7, 6, 3, 7, 7, 4, 6, 6, 3, 5, 7, 8, 6, 7, 6, 7, 8, 6, 4, 4, 6, 3, 5, 4, 5, 5, 8, 5, 6, 3, 7, 5, 6, 4, 4, 7, 6, 3, 7, 8, 5, 6, 5, 4, 6, 5, 7, 8, 6, 4, 6, 3, 7, 5, 6, 6, 4, 8, 7, 4, 7, 6, 7, 8, 5, 6, 6, 8, 5, 6, 8, 6, 6]
B_39 79.75000000000001 B 79 [4, 1, 4, 2, 1, 4, 1, 1, 3, 4, 1, 1, 1, 1, 4, 3, 3, 4, 4, 1, 2, 3, 2, 4, 2, 3, 2, 3, 4, 4, 3, 3, 2, 2, 3, 4, 4, 3, 2, 1, 1, 3, 4, 1, 1, 3, 4, 2, 2, 2, 1, 2, 2, 4, 1, 1, 1, 2, 2, 4, 4, 3, 2, 2, 1, 4, 2, 1, 4, 4, 1, 1, 2, 1, 3, 3, 4, 2, 2, 2] [8, 3, 6, 5, 3, 8, 5, 3, 5, 7, 4, 3, 4, 5, 6, 7, 5, 8, 6, 4, 4, 7, 4, 6, 5, 5, 5, 5, 7, 8, 5, 7, 4, 4, 7, 8, 6, 6, 5, 5, 4, 6, 8, 5, 4, 6, 7, 5, 4, 5, 4, 4, 6, 7, 3, 3, 3, 4, 6, 6, 6, 6, 4, 4, 3, 7, 6, 5, 6, 8, 5, 5, 5, 5, 7, 5, 8, 4, 6, 6]
