A_0 1 A 0 [3, 1, 2, 1, 4, 1, 4, 3, 2, 1, 4, 3, 4, 3, 1, 3, 3, 2, 4, 4, 2, 4, 2, 4, 1, 3, 4, 4, 2, 3, 1, 4, 1, 1, 2, 4, 2, 4, 3, 1, 4, 4, 4, 4, 1, 4, 4, 4, 2, 3, 2, 3, 3, 4, 1, 1, 2, 2, 3, 3, 3, 3, 3, 1, 3, 3, 3, 2, 1, 4, 3, 1, 3, 4, 3, 2, 4, 3, 4, 4] [7, 3, 4, 5, 8, 3, 7, 5, 4, 4, 7, 7, 7, 6, 5, 6, 5, 4, 6, 8, 4, 6, 5, 6, 3, 5, 6, 8, 4, 6, 3, 6, 4, 5, 4, 7, 4, 7, 5, 3, 8, 8, 8, 7, 4, 7, 8, 8, 4, 5, 6, 7, 7, 7, 3, 3, 4, 6, 6, 5, 6, 5, 5, 4, 5, 5, 6, 4, 4, 8, 7, 4, 6, 8, 5, 6, 8, 6, 8, 7]
A_1 4.41 A 1 [1, 4, 2, 4, 3, 1, 3, 2, 3, 3, 3, 1, 3, 1, 2, 2, 4, 4, 4, 2, 1, 1, 1, 4, 2, 1, 2, 1, 2, 4, 4, 4, 3, 4, 1, 2, 4, 1, 1, 2, 3, 4, 4, 1, 1, 1, 4, 2, 1, 1, 4, 3, 3, 2, 4, 1, 2, 3, 4, 3, 4, 3, 3, 4, 4, 1, 2, 1, 4, 2, 2, 3, 1, 3, 4, 1, 3, 4, 3, 4] [3, 6, 4, 7, 7, 5, 7, 4, 7, 6, 7, 3, 7, 5, 4, 5, 8, 6, 7, 5, 3, 3, 3, 7, 5, 4, 5, 3, 4, 7, 6, 7, 6, 6, 3, 4, 8, 3, 3, 5, 7, 6, 8, 3, 4, 4, 8, 5, 4, 5, 6, 6, 7, 6, 7, 5, 5, 6, 8, 7, 7, 7, 6, 7, 8, 3, 4, 5, 8, 6, 5, 7, 4, 6, 7, 3, 7, 8, 6, 8]
A_2 5.41 A 2 [2, 2, 4, 4, 3, 4, 3, 3, 4, 1, 3, 2, 4, 1, 2, 2, 3, 4, 4, 2, 3, 1, 2, 1, 2, 4, 4, 4, 2, 1, 1, 2, 1, 1, 2, 1, 4, 1, 4, 2, 3, 4, 1, 1, 3, 2, 1, 3, 3, 2, 2, 3, 2, 2, 3, 3, 1, 3, 2, 4, 4, 3, 4, 4, 3, 4, 4, 2, 4, 3, 4, 2, 4, 4, 1, 2, 4, 2, 4, 2] [4, 4, 6, 7, 6, 8, 6, 6, 6, 3, 7, 4, 7, 5, 4, 4, 7, 6, 6, 4, 7, 5, 5, 5, 6, 6, 6, 6, 5, 3, 4, 5, 3, 3, 5, 3, 7, 4, 7, 4, 6, 8, 3, 4, 5, 6, 3, 5, 7, 6, 6, 5, 6, 6, 6, 5, 4, 7, 5, 6, 8, 5, 6, 7, 7, 8, 7, 5, 6, 7, 7, 6, 6, 8, 5, 4, 8, 5, 8, 6]
A_3 6.41 A 3 [1, 4, 4, 1, 1, 3, 3, 3, 4, 2, 2, 3, 2, 3, 4, 4, 2, 1, 3, 2, 2, 1, 2, 2, 2, 1, 3, 3, 2, 4, 4, 1, 4, 4, 1, 2, 2, 2, 4, 4, 4, 3, 1, 4, 3, 1, 4, 1, 1, 2, 1, 2, 4, 3, 3, 2, 3, 1, 3, 1, 2, 4, 3, 1, 4, 4, 3, 1, 2, 4, 2, 1, 4, 1, 3, 4, 4, 3, 1, 1] [5, 7, 7, 3, 5, 7, 6, 7, 7, 6, 5, 6, 6, 6, 6, 8, 5, 5, 7, 5, 5, 3, 6, 4, 4, 3, 5, 7, 5, 7, 7, 3, 7, 6, 3, 6, 5, 5, 6, 7, 7, 7, 4, 8, 6, 4, 8, 3, 4, 5, 5, 4, 6, 7, 7, 6, 6, 5, 7, 5, 4, 8, 5, 3, 8, 8, 5, 3, 5, 6, 6, 4, 6, 4, 6, 8, 8, 6, 4, 3]
A_4 7.41 A 4 [4, 3, 3, 1, 2, 1, 2, 3, 4, 4, 3, 1, 1, 4, 3, 3, 2, 4, 1, 1, 2, 3, 1, 1, 2, 4, 2, 2, 2, 1, 1, 4, 1, 3, 3, 1, 2, 2, 4, 1, 1, 1, 1, 1, 2, 1, 4, 3, 1, 2, 4, 3, 4, 3, 3, 4, 4, 1, 3, 2, 1, 2, 3, 2, 3, 3, 1, 3, 4, 3, 4, 4, 1, 2, 3, 4, 2, 4, 2, 3] [8, 7, 6, 5, 5, 5, 4, 6, 7, 7, 7, 5, 5, 8, 6, 6, 4, 8, 5, 3, 5, 6, 3, 4, 5, 8, 6, 4, 6, 3, 5, 8, 4, 6, 5, 4, 5, 6, 8, 4, 3, 4, 3, 5, 6, 4, 6, 5, 5, 4, 6, 5, 8, 6, 6, 6, 6, 3, 6, 5, 5, 5, 5, 6, 7, 6, 4, 7, 8, 5, 8, 6, 5, 4, 7, 7, 6, 6, 6, 7]
A_5 9.5 A 5 [1, 1, 4, 3, 1, 2, 2, 2, 1, 3, 1, 2, 1, 2, 4, 3, 2, 2, 1, 2, 1, 4, 1, 2, 1, 4, 2, 4, 3, 1, 2, 3, 2, 3, 1, 2, 3, 3, 2, 1, 4, 1, 4, 2, 2, 3, 3, 3, 4, 1, 4, 4, 2, 3, 3, 2, 3, 2, 1, 3, 1, 3, 4, 1, 3, 4, 1, 4, 2, 3, 4, 4, 3, 4, 2, 1, 2, 1, 1, 2] [3, 5, 8, 7, 5, 4, 5, 4, 5, 6, 3, 6, 5, 5, 7, 6, 4, 6, 3, 5, 4, 8, 4, 4, 4, 8, 6, 6, 7, 5, 5, 5, 4, 6, 3, 6, 6, 7, 6, 5, 8, 4, 6, 4, 6, 5, 7, 7, 7, 5, 7, 8, 6, 5, 6, 4, 5, 5, 3, 7, 5, 6, 7, 5, 6, 8, 3, 7, 4, 7, 8, 8, 5, 8, 4, 4, 5, 5, 3, 4]
A_6 10.91 A 6 [4, 3, 3, 3, 2, 2, 2, 2, 1, 4, 2, 2, 4, 2, 4, 1, 4, 4, 1, 2, 1, 4, 2, 4, 3, 4, 4, 1, 2, 1, 4, 4, 4, 2, 4, 4, 1, 4, 2, 3, 2, 4, 2, 1, 1, 3, 3, 2, 4, 2, 2, 1, 4, 1, 3, 1, 4, 3, 4, 1, 2, 1, 1, 4, 4, 1, 3, 1, 2, 1, 4, 2, 3, 1, 2, 3, 2, 4, 2, 3] [7, 7, 6, 6, 4, 5, 6, 5, 3, 8, 5, 6, 7, 5, 6, 5, 7, 7, 4, 5, 4, 7, 6, 8, 6, 8, 7, 4, 5, 3, 6, 8, 8, 5, 7, 6, 4, 6, 4, 5, 4, 8, 4, 3, 5, 6, 7, 6, 8, 6, 4, 3, 7, 5, 5, 5, 8, 5, 8, 4, 6, 5, 3, 8, 7, 3, 5, 3, 4, 3, 7, 4, 6, 5, 6, 5, 4, 6, 4, 6]
A_7 13.63 A 7 [3, 2, 3, 3, 3, 2, 2, 3, 1, 1, 1, 1, 1, 2, 3, 4, 4, 2, 3, 2, 1, 4, 2, 2, 4, 4, 2, 2, 2, 4, 3, 2, 4, 3, 2, 2, 2, 3, 4, 2, 2, 4, 1, 3, 2, 1, 1, 3, 1, 3, 2, 1, 3, 2, 3, 4, 2, 3, 3, 1, 3, 2, 4, 2, 1, 2, 2, 2, 2, 4, 1, 1, 1, 2, 2, 2, 1, 1, 1, 4] [5, 4, 6, 7, 6, 4, 5, 6, 5, 4, 3, 5, 4, 4, 5, 8, 6, 4, 5, 4, 3, 7, 5, 6, 6, 7, 5, 4, 6, 8, 7, 5, 7, 6, 4, 6, 5, 6, 8, 4, 6, 6, 3, 5, 5, 5, 4, 7, 5, 7, 5, 5, 5, 4, 6, 8, 5, 5, 7, 4, 6, 4, 7, 6, 3, 4, 4, 4, 6, 6, 5, 3, 3, 5, 6, 4, 3, 3, 5, 8]
A_8 14.65 A 8 [2, 3, 4, 4, 4, 1, 1, 1, 1, 4, 4, 4, 1, 4, 2, 2, 3, 3, 4, 1, 1, 1, 1, 3, 3, 1, 1, 1, 3, 2, 1, 4, 2, 2, 1, 4, 1, 3, 3, 4, 1, 3, 4, 3, 4, 3, 3, 3, 2, 1, 2, 2, 1, 3, 1, 2, 1, 4, 4, 3, 1, 3, 3, 3, 3, 4, 1, 3, 4, 3, 2, 1, 1, 1, 4, 4, 1, 4, 4, 1] [4, 7, 6, 7, 7, 5, 3, 5, 5, 8, 7, 6, 3, 6, 6, 4, 6, 7, 6, 4, 5, 5, 3, 6, 7, 3, 3, 3, 6, 4, 4, 7, 6, 4, 4, 7, 4, 7, 5, 8, 3, 5, 7, 6, 8, 5, 5, 7, 5, 5, 6, 4, 5, 5, 3, 4, 3, 8, 7, 6, 3, 5, 5, 6, 5, 6, 5, 6, 8, 5, 4, 4, 5, 5, 7, 8, 5, 8, 6, 5]
A_9 15.65 A 9 [1, 3, 1, 2, 4, 3, 4, 1, 4, 4, 3, 1, 4, 4, 1, 1, 2, 1, 2, 4, 3, 3, 2, 1, 1, 1, 3, 4, 1, 2, 1, 1, 4, 1, 2, 1, 4, 1, 2, 2, 4, 1, 1, 4, 3, 2, 2, 4, 4, 4, 3, 2, 2, 2, 3, 1, 4, 3, 1, 1, 1, 3, 3, 1, 4, 3, 1, 4, 1, 4, 4, 2, 1, 3, 2, 4, 1, 2, 2, 2] [4, 6, 3, 6, 7, 6, 8, 4, 8, 6, 5, 3, 7, 6, 4, 4, 6, 3, 4, 8, 6, 6, 6, 4, 4, 5, 7, 7, 4, 6, 4, 5, 7, 3, 4, 3, 8, 5, 5, 5, 8, 4, 4, 7, 5, 5, 4, 7, 6, 8, 6, 4, 5, 6, 6, 3, 6, 5, 5, 4, 3, 5, 6, 4, 7, 7, 5, 6, 3, 7, 6, 5, 5, 7, 4, 8, 4, 5, 5, 4]
A_10 16.65 A 10 [4, 3, 3, 2, 3, 1, 2, 1, 4, 3, 4, 2, 1, 2, 1, 2, 3, 2, 4, 1, 2, 1, 2, 2, 3, 4, 2, 1, 3, 3, 3, 4, 3, 1, 1, 2, 3, 1, 1, 4, 1, 4, 2, 3, 1, 1, 1, 4, 3, 3, 1, 1, 3, 4, 4, 3, 2, 2, 4, 2, 2, 2, 1, 3, 3, 2, 1, 1, 1, 1, 1, 4, 2, 4, 3, 1, 2, 2, 2, 4] [7, 7, 7, 5, 7, 3, 5, 3, 7, 5, 6, 4, 3, 5, 3, 6, 6, 4, 6, 4, 6, 5, 4, 5, 6, 7, 6, 5, 6, 5, 7, 6, 7, 4, 4, 5, 7, 5, 4, 8, 3, 7, 6, 6, 4, 3, 3, 6, 5, 7, 4, 5, 7, 6, 8, 6, 5, 4, 8, 4, 5, 5, 5, 5, 7, 6, 5, 5, 4, 3, 3, 7, 5, 8, 7, 3, 6, 4, 4, 7]
A_11 17.65 A 11 [3, 1, 2, 3, 1, 2, 2, 1, 4, 1, 2, 2, 4, 3, 4, 2, 2, 1, 1, 4, 3, 3, 3, 2, 4, 1, 1, 2, 4, 3, 1, 4, 3, 3, 2, 2, 3, 2, 1, 4, 1, 1, 2, 4, 2, 3, 3, 3, 1, 3, 4, 2, 2, 2, 1, 4, 3, 2, 3, 4, 4, 3, 3, 1, 4, 1, 2, 3, 3, 2, 3, 2, 2, 1, 4, 2, 4, 4, 3, 4] [7, 3, 4, 6, 5, 6, 6, 5, 6, 3, 4, 4, 6, 5, 6, 4, 5, 4, 4, 6, 6, 5, 7, 4, 6, 5, 3, 6, 6, 5, 4, 6, 6, 6, 4, 4, 7, 6, 4, 8, 5, 3, 4, 7, 5, 6, 5, 5, 4, 7, 7, 4, 5, 4, 4, 6, 6, 4, 7, 8, 7, 5, 5, 5, 7, 4, 4, 5, 7, 6, 7, 4, 6, 3, 6, 4, 8, 8, 7, 6]
A_12 18.65 A 12 [4, 3, 4, 2, 1, 1, 4, 1, 1, 4, 1, 4, 3, 2, 1, 1, 4, 1, 1, 1, 3, 2, 1, 3, 1, 3, 2, 2, 2, 4, 4, 3, 1, 2, 1, 3, 1, 3, 1, 2, 3, 2, 3, 3, 2, 4, 3, 4, 2, 1, 2, 2, 4, 3, 3, 3, 1, 2, 3, 2, 4, 2, 2, 1, 1, 1, 2, 3, 3, 4, 4, 2, 4, 4, 4, 3, 4, 4, 1, 4] [7, 7, 7, 6, 5, 5, 7, 4, 3, 7, 3, 6, 5, 5, 4, 5, 6, 3, 5, 4, 5, 6, 5, 7, 4, 5, 4, 6, 5, 8, 6, 5, 5, 4, 3, 5, 4, 7, 3, 4, 7, 6, 7, 5, 5, 8, 5, 7, 4, 4, 5, 4, 7, 6, 6, 5, 5, 5, 5, 6, 6, 6, 5, 3, 5, 5, 6, 5, 6, 7, 8, 5, 8, 6, 6, 5, 6, 7, 5, 8]
A_13 19.799999999999997 A 13 [3, 1, 1, 3, 4, 2, 2, 2, 4, 4, 2, 3, 2, 4, 3, 2, 3, 3, 1, 3, 1, 4, 1, 3, 1, 2, 3, 3, 3, 3, 4, 2, 1, 3, 4, 4, 4, 2, 4, 1, 4, 2, 4, 3, 3, 2, 4, 3, 3, 3, 3, 2, 1, 1, 4, 1, 2, 1, 1, 3, 2, 3, 2, 4, 2, 4, 4, 2, 3, 1, 3, 4, 4, 3, 4, 4, 3, 1, 2, 1] [6, 5, 5, 6, 8, 5, 5, 4, 6, 6, 5, 5, 5, 8, 7, 5, 7, 7, 3, 7, 3, 7, 5, 7, 5, 4, 5, 7, 5, 5, 6, 5, 4, 7, 7, 6, 6, 4, 7, 5, 7, 6, 8, 5, 5, 6, 8, 6, 5, 7, 7, 5, 5, 4, 8, 4, 5, 5, 5, 5, 5, 7, 5, 7, 4, 6, 7, 4, 7, 4, 6, 8, 8, 7, 6, 8, 7, 4, 6, 4]
A_14 20.799999999999997 A 14 [1, 2, 2, 4, 3, 4, 4, 3, 2, 1, 1, 4, 1, 3, 4, 1, 1, 3, 3, 1, 1, 1, 4, 1, 4, 4, 4, 1, 4, 3, 1, 2, 3, 3, 3, 4, 4, 1, 4, 3, 3, 3, 2, 1, 3, 4, 4, 4, 1, 4, 4, 2, 2, 3, 2, 3, 1, 1, 4, 1, 3, 1, 4, 3, 2, 2, 4, 3, 4, 4, 2, 4, 1, 4, 2, 2, 1, 4, 2, 1] [5, 4, 4, 6, 6, 7, 6, 5, 6, 4, 3, 6, 4, 7, 6, 4, 4, 7, 5, 4, 5, 5, 6, 3, 7, 7, 8, 5, 8, 7, 4, 4, 5, 6, 7, 7, 6, 5, 7, 6, 7, 5, 4, 5, 6, 8, 6, 6, 4, 8, 8, 4, 4, 7, 5, 7, 5, 5, 8, 4, 7, 4, 8, 5, 4, 4, 6, 6, 6, 6, 4, 7, 5, 6, 4, 4, 3, 8, 5, 4]
A_15 21.799999999999997 A 15 [3, 2, 2, 4, 3, 3, 1, 4, 2, 1, 2, 2, 1, 2, 1, 1, 1, 2, 1, 3, 1, 2, 2, 4, 2, 4, 2, 4, 2, 2, 3, 2, 1, 2, 4, 3, 1, 4, 4, 4, 1, 3, 4, 3, 4, 2, 4, 4, 2, 3, 3, 3, 4, 1, 4, 4, 3, 4, 4, 2, 4, 3, 2, 3, 2, 2, 4, 1, 4, 4, 3, 4, 2, 1, 2, 2, 2, 3, 1, 3] [6, 5, 4, 8, 6, 6, 5, 8, 4, 4, 6, 4, 5, 5, 4, 3, 4, 5, 3, 7, 3, 5, 5, 8, 4, 6, 5, 8, 6, 4, 6, 4, 4, 6, 8, 7, 3, 7, 7, 8, 3, 7, 6, 5, 7, 4, 7, 6, 6, 7, 6, 5, 7, 4, 8, 6, 7, 6, 6, 4, 8, 6, 4, 5, 6, 6, 8, 4, 7, 8, 6, 6, 5, 4, 5, 4, 4, 7, 4, 6]
A_16 24.699999999999996 A 16 [3, 4, 3, 2, 2, 2, 4, 4, 3, 2, 3, 2, 4, 3, 1, 1, 2, 1, 1, 3, 1, 2, 1, 4, 4, 2, 2, 4, 4, 3, 2, 2, 3, 2, 4, 1, 1, 4, 4, 2, 1, 1, 4, 3, 3, 3, 3, 4, 1, 4, 4, 1, 4, 1, 1, 2, 3, 3, 2, 1, 4, 2, 4, 3, 2, 2, 3, 4, 1, 4, 4, 1, 1, 3, 2, 4, 3, 4, 1, 1] [5, 8, 7, 5, 4, 4, 7, 6, 6, 6, 6, 5, 6, 7, 4, 4, 6, 3, 5, 6, 5, 6, 3, 7, 6, 5, 5, 8, 6, 5, 5, 5, 6, 5, 6, 4, 4, 7, 8, 4, 3, 3, 7, 5, 7, 5, 6, 6, 4, 6, 8, 4, 8, 5, 3, 5, 6, 6, 5, 5, 8, 6, 6, 6, 6, 5, 6, 7, 3, 6, 8, 4, 5, 7, 5, 7, 7, 8, 5, 5]
A_17 25.939999999999994 A 17 [2, 4, 4, 1, 4, 2, 4, 2, 3, 1, 2, 1, 1, 3, 3, 2, 1, 2, 2, 3, 1, 2, 2, 1, 1, 2, 1, 3, 4, 3, 1, 2, 3, 4, 4, 3, 1, 4, 2, 3, 4, 4, 3, 3, 1, 1, 1, 2, 1, 3, 3, 4, 1, 4, 1, 1, 2, 4, 4, 4, 3, 1, 4, 2, 1, 4, 1, 2, 1, 2, 4, 1, 2, 4, 4, 2, 1, 2, 2, 4] [4, 6, 6, 5, 8, 6, 7, 4, 7, 3, 4, 4, 3, 7, 7, 5, 3, 4, 5, 5, 3, 4, 5, 4, 5, 6, 5, 6, 8, 5, 3, 6, 6, 7, 7, 6, 3, 7, 4, 5, 7, 7, 6, 7, 5, 3, 3, 5, 4, 7, 6, 6, 4, 7, 4, 3, 4, 8, 7, 6, 6, 4, 6, 6, 5, 7, 4, 5, 4, 5, 8, 4, 5, 6, 8, 6, 5, 5, 4, 6]
A_18 27.229999999999993 A 18 [4, 4, 4, 3, 1, 1, 1, 3, 4, 2, 4, 1, 1, 1, 3, 1, 1, 2, 1, 3, 4, 1, 4, 3, 1, 3, 4, 3, 3, 1, 3, 3, 2, 1, 3, 2, 1, 4, 1, 2, 3, 1, 1, 4, 3, 1, 4, 2, 1, 1, 2, 1, 3, 4, 1, 1, 2, 2, 1, 4, 4, 2, 3, 3, 1, 1, 2, 1, 4, 2, 4, 3, 2, 2, 2, 3, 1, 1, 2, 3] [6, 7, 6, 7, 5, 3, 4, 5, 6, 4, 6, 4, 5, 3, 5, 3, 5, 5, 5, 6, 7, 4, 8, 6, 5, 5, 8, 6, 7, 3, 6, 5, 5, 4, 6, 5, 4, 6, 3, 6, 5, 5, 5, 8, 7, 5, 6, 6, 4, 3, 5, 4, 6, 6, 4, 5, 5, 5, 4, 6, 7, 5, 6, 6, 4, 3, 4, 3, 8, 4, 7, 6, 5, 4, 4, 6, 4, 5, 6, 5]
A_19 28.39999999999999 A 19 [4, 2, 2, 2, 1, 2, 2, 2, 1, 4, 1, 4, 1, 3, 1, 3, 3, 3, 3, 4, 3, 4, 2, 1, 1, 3, 1, 4, 1, 2, 3, 3, 3, 1, 4, 1, 2, 1, 4, 3, 2, 3, 2, 3, 2, 4, 2, 3, 1, 4, 2, 1, 2, 2, 1, 2, 2, 4, 1, 2, 3, 1, 1, 2, 3, 4, 3, 4, 2, 1, 1, 2, 4, 3, 2, 1, 3, 3, 1, 3] [8, 5, 4, 5, 3, 5, 5, 4, 4, 8, 4, 6, 4, 7, 4, 7, 6, 5, 6, 7, 6, 8, 5, 5, 5, 7, 4, 6, 5, 5, 6, 7, 6, 4, 6, 5, 5, 5, 6, 5, 5, 6, 6, 7, 6, 8, 6, 7, 3, 7, 4, 5, 5, 5, 3, 4, 6, 7, 5, 5, 6, 4, 5, 5, 6, 8, 7, 6, 4, 4, 4, 4, 6, 5, 4, 5, 7, 7, 3, 7]
A_20 29.39999999999999 A 20 [2, 1, 3, 2, 2, 1, 1, 1, 1, 3, 2, 3, 3, 1, 1, 1, 1, 1, 4, 3, 4, 4, 4, 3, 2, 4, 2, 2, 3, 4, 2, 4, 4, 3, 3, 4, 2, 3, 2, 2, 1, 3, 4, 1, 3, 3, 3, 1, 1, 3, 3, 1, 2, 2, 2, 2, 2, 1, 1, 4, 3, 3, 1, 2, 1, 2, 1, 2, 1, 4, 1, 4, 2, 4, 2, 3, 4, 1, 4, 1] [4, 3, 7, 5, 5, 4, 4, 3, 5, 6, 6, 6, 5, 3, 5, 3, 5, 3, 7, 6, 6, 6, 6, 5, 5, 8, 5, 4, 7, 6, 5, 7, 8, 6, 6, 7, 5, 7, 5, 5, 5, 5, 8, 4, 6, 5, 6, 3, 3, 7, 5, 5, 4, 5, 4, 6, 4, 5, 4, 8, 7, 5, 4, 4, 5, 6, 5, 5, 4, 7, 4, 6, 5, 7, 4, 6, 6, 4, 8, 5]
A_21 31.269999999999992 A 21 [4, 1, 1, 1, 3, 4, 4, 4, 1, 3, 1, 3, 2, 4, 1, 2, 2, 2, 1, 4, 4, 1, 4, 3, 3, 2, 2, 4, 4, 3, 2, 3, 4, 2, 1, 2, 2, 2, 2, 3, 3, 3, 3, 4, 3, 3, 2, 1, 4, 3, 3, 4, 4, 1, 2, 2, 1, 3, 3, 4, 1, 2, 4, 1, 4, 4, 3, 4, 4, 4, 4, 2, 3, 3, 3, 3, 4, 3, 2, 2] [6, 3, 5, 3, 6, 8, 7, 7, 5, 6, 5, 5, 6, 7, 5, 5, 6, 4, 4, 8, 6, 5, 6, 6, 6, 5, 6, 8, 7, 6, 6, 5, 7, 6, 3, 5, 5, 5, 4, 5, 6, 7, 7, 7, 7, 6, 4, 4, 6, 5, 5, 7, 8, 3, 6, 6, 3, 6, 5, 6, 3, 4, 8, 3, 6, 8, 5, 7, 8, 6, 7, 6, 6, 7, 6, 5, 8, 5, 4, 4]
A_22 32.269999999999996 A 22 [2, 1, 2, 2, 1, 1, 2, 2, 1, 2, 2, 3, 1, 1, 4, 2, 1, 2, 4, 2, 4, 4, 2, 4, 2, 2, 2, 2, 1, 3, 2, 3, 1, 1, 1, 3, 4, 2, 4, 2, 1, 1, 4, 1, 2, 3, 4, 4, 3, 3, 1, 2, 4, 2, 4, 4, 1, 2, 2, 1, 4, 2, 1, 3, 1, 4, 3, 4, 3, 1, 1, 1, 3, 2, 2, 1, 3, 1, 2, 3] [5, 3, 5, 6, 3, 4, 6, 5, 3, 6, 4, 7, 5, 5, 6, 5, 3, 5, 8, 5, 6, 6, 5, 8, 4, 4, 4, 5, 4, 6, 5, 5, 4, 4, 3, 5, 8, 4, 8, 5, 3, 5, 6, 5, 6, 5, 6, 6, 5, 5, 4, 6, 7, 4, 7, 8, 5, 5, 6, 3, 7, 6, 5, 5, 5, 7, 7, 7, 5, 3, 5, 3, 5, 4, 4, 5, 5, 3, 6, 5]
A_23 33.269999999999996 A 23 [4, 4, 1, 2, 1, 2, 4, 2, 3, 1, 2, 2, 3, 3, 1, 4, 4, 1, 3, 1, 3, 3, 4, 2, 4, 2, 3, 3, 2, 2, 1, 4, 4, 4, 2, 2, 1, 2, 3, 3, 2, 2, 4, 2, 4, 3, 4, 2, 2, 4, 2, 2, 3, 3, 3, 1, 3, 4, 1, 4, 4, 2, 4, 1, 3, 2, 3, 4, 2, 3, 2, 2, 2, 3, 2, 2, 1, 1, 3, 4] [6, 7, 5, 4, 4, 4, 8, 6, 6, 4, 5, 4, 7, 7, 3, 8, 7, 4, 6, 5, 5, 6, 8, 4, 6, 5, 7, 5, 4, 6, 5, 8, 7, 7, 4, 5, 5, 5, 5, 7, 5, 4, 8, 4, 6, 6, 8, 6, 6, 8, 4, 4, 5, 6, 6, 5, 7, 7, 5, 6, 7, 6, 6, 3, 7, 4, 6, 7, 5, 6, 5, 4, 5, 6, 4, 5, 3, 5, 7, 6]
A_24 34.269999999999996 A 24 [1, 2, 2, 2, 2, 1, 3, 4, 3, 1, 3, 4, 1, 1, 4, 2, 4, 1, 1, 1, 2, 3, 2, 4, 2, 3, 2, 1, 4, 3, 4, 2, 2, 4, 4, 3, 3, 1, 1, 3, 1, 1, 2, 4, 2, 4, 1, 4, 1, 3, 4, 3, 4, 4, 3, 4, 2, 4, 3, 4, 1, 2, 3, 4, 1, 3, 1, 4, 2, 3, 4, 1, 4, 1, 2, 4, 3, 3, 3, 4] [3, 5, 6, 4, 5, 4, 6, 6, 7, 4, 6, 6, 4, 5, 7, 4, 6, 5, 5, 5, 5, 6, 4, 6, 6, 6, 5, 5, 8, 7, 6, 5, 4, 8, 8, 6, 5, 5, 5, 6, 4, 3, 6, 7, 4, 8, 3, 6, 3, 6, 7, 7, 8, 6, 5, 8, 6, 6, 7, 6, 5, 6, 5, 8, 5, 7, 3, 8, 5, 5, 8, 3, 7, 3, 6, 6, 6, 7, 5, 6]
A_25 36.629999999999995 A 25 [3, 1, 4, 1, 4, 4, 4, 4, 1, 1, 4, 1, 3, 2, 4, 4, 2, 2, 3, 3, 4, 2, 2, 2, 3, 3, 4, 2, 3, 1, 1, 1, 2, 3, 4, 1, 1, 2, 3, 1, 2, 3, 2, 4, 4, 2, 4, 3, 1, 4, 3, 2, 2, 2, 1, 2, 1, 4, 3, 4, 3, 4, 3, 3, 4, 4, 2, 2, 4, 1, 2, 3, 3, 2, 4, 2, 2, 4, 4, 4] [5, 4, 6, 3, 8, 8, 8, 7, 3, 5, 7, 5, 5, 4, 7, 6, 5, 6, 5, 7, 8, 5, 4, 5, 6, 7, 7, 5, 6, 3, 4, 5, 5, 5, 6, 5, 4, 4, 6, 5, 4, 6, 4, 7, 8, 5, 8, 6, 4, 6, 6, 5, 5, 4, 4, 4, 4, 7, 7, 6, 5, 7, 6, 5, 6, 6, 4, 6, 6, 5, 6, 5, 5, 5, 6, 4, 5, 7, 7, 7]
A_26 38.519999999999996 A 26 [4, 2, 4, 3, 2, 2, 4, 2, 1, 3, 2, 1, 2, 3, 4, 2, 2, 1, 4, 1, 2, 2, 2, 3, 2, 4, 2, 4, 4, 2, 2, 3, 1, 3, 3, 3, 2, 4, 4, 2, 1, 1, 2, 1, 2, 1, 3, 4, 2, 4, 2, 3, 1, 1, 4, 2, 1, 4, 3, 1, 3, 4, 4, 3, 4, 4, 4, 3, 2, 1, 1, 2, 2, 1, 2, 4, 1, 3, 4, 1] [6, 5, 6, 5, 6, 6, 7, 5, 3, 7, 6, 3, 4, 5, 8, 5, 5, 5, 8, 4, 5, 6, 4, 7, 5, 7, 6, 6, 6, 4, 6, 6, 3, 5, 5, 5, 5, 6, 7, 5, 4, 4, 5, 4, 5, 3, 7, 8, 6, 6, 5, 6, 4, 5, 8, 4, 4, 8, 6, 3, 7, 8, 8, 6, 6, 7, 6, 6, 4, 3, 5, 4, 4, 5, 6, 6, 3, 5, 6, 4]
A_27 39.519999999999996 A 27 [4, 1, 4, 3, 2, 4, 1, 2, 1, 4, 1, 2, 2, 3, 1, 4, 4, 3, 3, 4, 2, 4, 2, 3, 1, 2, 4, 1, 3, 3, 4, 1, 4, 4, 3, 1, 2, 2, 1, 4, 1, 2, 1, 4, 4, 1, 1, 3, 3, 1, 4, 2, 4, 3, 4, 3, 1, 2, 2, 1, 2, 4, 2, 3, 3, 2, 1, 1, 1, 4, 2, 4, 2, 3, 4, 4, 2, 4, 2, 2] [8, 3, 6, 7, 4, 6, 4, 4, 3, 7, 5, 6, 6, 7, 5, 8, 8, 6, 6, 6, 4, 8, 5, 5, 5, 5, 6, 4, 5, 7, 6, 3, 7, 7, 6, 5, 6, 5, 3, 6, 5, 4, 3, 8, 7, 4, 4, 5, 6, 3, 6, 4, 6, 7, 8, 6, 3, 5, 5, 5, 5, 8, 4, 7, 5, 5, 4, 3, 4, 7, 4, 7, 5, 7, 8, 7, 5, 7, 5, 4]
A_28 40.87 A 28 [2, 2, 2, 2, 2, 3, 2, 2, 3, 1, 3, 4, 2, 3, 4, 2, 4, 4, 3, 1, 3, 4, 1, 2, 4, 3, 4, 3, 3, 2, 3, 1, 4, 1, 4, 3, 3, 1, 3, 1, 2, 3, 1, 3, 2, 2, 3, 3, 2, 1, 4, 2, 4, 2, 3, 4, 1, 2, 4, 2, 4, 3, 1, 2, 2, 1, 1, 2, 4, 1, 4, 2, 1, 3, 3, 1, 4, 4, 3, 3] [4, 4, 5, 5, 6, 7, 5, 6, 6, 4, 6, 6, 5, 5, 8, 6, 6, 8, 7, 5, 7, 7, 4, 4, 8, 6, 6, 5, 5, 5, 5, 5, 8, 3, 7, 7, 5, 4, 5, 5, 6, 6, 5, 7, 6, 6, 6, 5, 6, 3, 8, 4, 7, 5, 7, 8, 5, 6, 7, 6, 6, 6, 3, 5, 4, 3, 4, 4, 6, 5, 7, 5, 3, 6, 7, 3, 8, 8, 5, 6]
A_29 41.87 A 29 [3, 4, 1, 4, 1, 1, 1, 4, 2, 2, 3, 3, 4, 3, 3, 2, 3, 3, 1, 2, 4, 3, 3, 2, 3, 1, 2, 3, 2, 1, 2, 1, 4, 4, 3, 3, 2, 3, 2, 2, 2, 2, 3, 3, 4, 4, 1, 3, 1, 3, 4, 1, 2, 2, 4, 3, 2, 2, 3, 1, 4, 4, 2, 2, 1, 2, 4, 2, 3, 3, 3, 4, 2, 1, 1, 3, 2, 3, 3, 1] [6, 7, 3, 7, 3, 5, 3, 8, 4, 6, 5, 5, 8, 5, 7, 4, 5, 5, 3, 5, 6, 6, 6, 6, 7, 3, 4, 7, 5, 4, 4, 3, 7, 8, 6, 7, 4, 6, 5, 5, 5, 6, 5, 5, 7, 6, 4, 7, 5, 7, 8, 3, 5, 4, 7, 6, 5, 6, 5, 4, 6, 6, 4, 6, 5, 4, 6, 4, 7, 7, 7, 8, 4, 3, 4, 7, 4, 7, 7, 4]
A_30 46.0 A 30 [1, 4, 1, 4, 1, 2, 4, 3, 1, 1, 3, 1, 4, 4, 1, 3, 2, 1, 3, 3, 2, 2, 2, 1, 4, 1, 2, 4, 3, 2, 1, 1, 3, 3, 1, 1, 4, 2, 3, 4, 1, 2, 3, 4, 2, 1, 1, 1, 1, 3, 2, 1, 4, 3, 1, 4, 3, 4, 4, 2, 4, 1, 1, 3, 2, 2, 3, 1, 2, 1, 4, 1, 3, 4, 1, 1, 1, 4, 4, 2] [3, 6, 4, 7, 5, 5, 6, 7, 4, 4, 7, 4, 6, 6, 4, 6, 5, 3, 6, 6, 5, 6, 5, 5, 6, 4, 6, 6, 5, 4, 5, 5, 5, 5, 4, 5, 6, 4, 5, 7, 5, 5, 6, 7, 4, 3, 4, 3, 3, 6, 6, 3, 6, 5, 5, 7, 6, 8, 8, 5, 7, 3, 3, 6, 5, 4, 5, 5, 4, 4, 7, 3, 6, 7, 4, 4, 3, 6, 7, 6]
A_31 48.03 A 31 [4, 4, 2, 1, 4, 3, 4, 2, 4, 1, 4, 4, 3, 2, 2, 2, 2, 2, 3, 3, 4, 3, 3, 4, 2, 1, 3, 1, 1, 1, 1, 1, 4, 2, 4, 3, 3, 4, 3, 2, 3, 2, 2, 1, 4, 4, 4, 4, 3, 4, 1, 1, 1, 1, 4, 4, 2, 4, 3, 2, 2, 4, 4, 2, 4, 1, 2, 4, 1, 3, 4, 3, 2, 4, 1, 2, 3, 2, 3, 2] [6, 7, 5, 3, 8, 5, 8, 5, 7, 5, 6, 6, 5, 5, 4, 4, 5, 6, 5, 7, 7, 5, 5, 8, 5, 5, 6, 3, 5, 3, 5, 3, 6, 6, 6, 7, 7, 8, 5, 6, 5, 4, 4, 3, 7, 7, 6, 8, 6, 8, 4, 5, 3, 3, 7, 6, 4, 8, 7, 4, 5, 8, 7, 5, 6, 3, 6, 8, 5, 7, 7, 5, 4, 7, 5, 6, 7, 5, 5, 4]
A_32 49.03 A 32 [1, 3, 1, 4, 1, 2, 4, 4, 2, 4, 3, 3, 1, 1, 3, 1, 3, 3, 2, 3, 4, 4, 1, 4, 2, 2, 1, 4, 4, 4, 3, 4, 4, 1, 3, 2, 2, 4, 1, 2, 4, 3, 3, 4, 3, 4, 4, 2, 4, 1, 1, 4, 4, 1, 2, 1, 4, 2, 3, 3, 4, 1, 3, 1, 3, 2, 3, 2, 3, 3, 3, 2, 1, 2, 1, 4, 1, 2, 4, 1] [4, 6, 3, 7, 4, 4, 8, 7, 6, 7, 7, 6, 5, 4, 5, 4, 6, 6, 5, 6, 8, 7, 4, 7, 4, 5, 3, 7, 8, 7, 5, 6, 6, 3, 5, 6, 6, 7, 4, 5, 8, 5, 7, 6, 7, 6, 7, 5, 7, 5, 3, 7, 8, 5, 5, 5, 7, 4, 6, 5, 7, 4, 5, 3, 5, 6, 7, 5, 7, 5, 7, 6, 4, 6, 4, 7, 5, 6, 6, 4]
A_33 50.83 A 33 [1, 4, 1, 4, 3, 3, 2, 3, 2, 1, 1, 3, 2, 3, 3, 2, 2, 4, 1, 1, 3, 2, 1, 4, 4, 3, 3, 4, 1, 4, 3, 2, 1, 4, 2, 3, 2, 2, 3, 4, 1, 4, 2, 4, 3, 2, 2, 3, 1, 1, 1, 4, 3, 2, 2, 2, 1, 4, 1, 3, 2, 4, 2, 1, 3, 4, 2, 1, 3, 1, 4, 1, 3, 4, 2, 4, 3, 1, 4, 1] [5, 6, 3, 6, 6, 6, 5, 6, 4, 3, 4, 6, 4, 7, 6, 6, 5, 7, 4, 4, 6, 6, 4, 7, 8, 5, 5, 7, 3, 8, 5, 6, 3, 6, 4, 6, 6, 5, 5, 6, 4, 8, 6, 8, 5, 5, 4, 7, 3, 5, 5, 7, 7, 4, 4, 4, 5, 8, 4, 5, 5, 6, 6, 4, 5, 8, 4, 5, 7, 5, 8, 3, 7, 7, 4, 7, 6, 5, 7, 4]
A_34 51.83 A 34 [2, 1, 2, 1, 3, 1, 4, 2, 1, 2, 1, 2, 1, 4, 3, 4, 4, 4, 3, 4, 3, 1, 1, 2, 4, 4, 3, 3, 4, 3, 1, 4, 3, 2, 2, 3, 3, 3, 3, 4, 4, 2, 4, 4, 1, 1, 1, 1, 3, 4, 4, 2, 3, 1, 3, 1, 4, 4, 4, 4, 4, 1, 4, 1, 3, 3, 4, 2, 2, 4, 4, 4, 1, 3, 1, 1, 3, 2, 4, 2] [4, 3, 5, 3, 5, 3, 7, 4, 4, 4, 4, 4, 3, 7, 7, 8, 6, 7, 6, 6, 6, 3, 3, 4, 8, 6, 5, 6, 7, 6, 4, 6, 5, 4, 5, 5, 6, 5, 5, 7, 7, 5, 8, 7, 4, 4, 3, 5, 7, 7, 8, 6, 6, 3, 7, 3, 7, 8, 8, 6, 7, 3, 8, 4, 7, 6, 8, 4, 5, 7, 8, 6, 5, 6, 5, 5, 7, 6, 7, 5]
A_35 57.449999999999996 A 35 [4, 2, 1, 2, 1, 2, 4, 2, 4, 1, 2, 2, 3, 4, 4, 3, 1, 3, 2, 1, 4, 2, 3, 2, 3, 1, 3, 1, 3, 3, 1, 3, 2, 3, 3, 3, 3, 2, 4, 3, 1, 3, 3, 4, 1, 4, 3, 1, 2, 4, 4, 3, 4, 2, 3, 1, 3, 2, 2, 3, 2, 2, 3, 1, 1, 1, 2, 4, 1, 2, 1, 4, 3, 4, 3, 3, 4, 1, 2, 3] [7, 4, 3, 6, 4, 6, 6, 6, 7, 3, 5, 4, 5, 6, 7, 7, 4, 6, 5, 5, 7, 5, 5, 5, 6, 5, 5, 5, 7, 7, 5, 7, 6, 6, 5, 7, 7, 4, 7, 6, 4, 6, 7, 7, 3, 8, 5, 3, 6, 8, 6, 7, 8, 5, 5, 5, 5, 5, 6, 7, 6, 6, 7, 4, 3, 3, 5, 7, 5, 6, 4, 7, 5, 7, 5, 7, 8, 4, 6, 6]
A_36 58.449999999999996 A 36 [2, 4, 4, 2, 2, 3, 1, 2, 1, 4, 3, 3, 1, 4, 4, 1, 1, 1, 1, 2, 2, 2, 4, 1, 3, 1, 2, 2, 3, 2, 4, 3, 2, 2, 3, 3, 3, 3, 2, 4, 1, 2, 1, 2, 3, 1, 1, 2, 2, 1, 3, 3, 1, 2, 2, 2, 1, 3, 1, 4, 3, 3, 4, 2, 1, 2, 1, 4, 2, 2, 4, 4, 4, 2, 3, 4, 4, 1, 3, 4] [4, 8, 7, 5, 5, 6, 4, 5, 4, 8, 7, 7, 4, 6, 6, 3, 4, 3, 4, 5, 5, 5, 8, 5, 5, 4, 5, 6, 5, 4, 6, 7, 6, 6, 6, 7, 7, 5, 6, 6, 5, 5, 4, 5, 6, 3, 4, 6, 5, 3, 5, 6, 4, 6, 4, 6, 3, 6, 3, 8, 5, 5, 8, 6, 5, 5, 5, 7, 4, 5, 8, 7, 6, 4, 7, 7, 6, 4, 7, 7]
A_37 61.08 A 37 [4, 1, 1, 2, 2, 3, 4, 3, 3, 1, 1, 2, 3, 2, 1, 4, 4, 4, 4, 1, 3, 2, 2, 2, 1, 2, 4, 2, 1, 3, 2, 4, 4, 2, 3, 2, 3, 1, 1, 2, 2, 1, 3, 3, 1, 4, 2, 4, 4, 2, 4, 4, 1, 1, 2, 1, 3, 2, 2, 4, 1, 3, 1, 3, 1, 3, 3, 2, 1, 1, 2, 3, 2, 4, 2, 4, 1, 1, 2, 4] [7, 3, 4, 5, 6, 7, 6, 6, 7, 5, 5, 6, 7, 4, 5, 7, 7, 7, 6, 5, 7, 5, 4, 5, 5, 4, 6, 5, 4, 6, 4, 8, 7, 5, 5, 4, 5, 3, 5, 4, 5, 5, 7, 5, 4, 6, 5, 8, 6, 6, 8, 7, 3, 5, 4, 3, 5, 5, 5, 7, 5, 6, 4, 6, 4, 7, 7, 6, 4, 5, 4, 7, 5, 7, 4, 7, 5, 5, 5, 8]
A_38 62.08 A 38 [3, 1, 4, 4, 4, 2, 2, 4, 3, 2, 1, 1, 1, 4, 4, 4, 4, 2, 1, 4, 2, 2, 4, 3, 1, 3, 4, 1, 3, 2, 3, 3, 1, 3, 3, 4, 2, 1, 2, 1, 4, 1, 2, 1, 3, 4, 2, 1, 2, 3, 4, 2, 1, 3, 2, 3, 4, 2, 2, 2, 1, 3, 1, 3, 3, 1, 4, 4, 3, 1, 1, 2, 2, 3, 3, 3, 2, 3, 3, 1] [5, 3, 7, 6, 8, 6, 4, 8, 5, 5, 4, 4, 3, 7, 7, 7, 8, 4, 3, 6, 5, 4, 8, 5, 5, 6, 7, 3, 5, 5, 5, 5, 4, 5, 5, 7, 6, 5, 4, 5, 6, 4, 6, 3, 6, 7, 6, 3, 4, 6, 7, 4, 5, 6, 6, 5, 7, 4, 6, 5, 4, 7, 5, 7, 6, 5, 8, 6, 6, 4, 4, 6, 6, 5, 5, 7, 4, 7, 5, 3]
A_39 66.41 A 39 [1, 2, 2, 4, 1, 1, 3, 2, 4, 2, 4, 4, 2, 1, 3, 4, 2, 3, 2, 3, 2, 3, 2, 3, 3, 1, 2, 4, 1, 2, 4, 2, 2, 4, 4, 3, 4, 2, 1, 3, 1, 4, 3, 3, 4, 1, 2, 1, 3, 1, 1, 1, 3, 1, 4, 3, 1, 2, 1, 3, 3, 4, 1, 1, 1, 4, 4, 4, 4, 3, 2, 1, 2, 3, 1, 2, 4, 2, 3, 4] [3, 5, 4, 7, 4, 5, 5, 4, 8, 5, 8, 8, 4, 5, 6, 8, 4, 5, 6, 5, 5, 5, 5, 7, 6, 5, 5, 6, 5, 5, 7, 6, 5, 6, 7, 6, 6, 4, 5, 6, 3, 6, 5, 7, 7, 3, 4, 4, 5, 4, 4, 4, 7, 5, 8, 7, 4, 4, 3, 7, 5, 6, 3, 5, 3, 8, 8, 6, 6, 7, 4, 4, 6, 5, 4, 4, 8, 6, 5, 7]
B_0 6.82 B 40 [4, 3, 3, 4, 1, 4, 2, 2, 1, 4, 1, 1, 3, 4, 3, 1, 1, 4, 3, 2, 1, 3, 1, 2, 1, 2, 1, 1, 2, 2, 1, 3, 4, 1, 4, 1, 1, 2, 4, 1, 4, 1, 3, 3, 2, 4, 1, 3, 4, 3, 4, 4, 2, 2, 4, 4, 4, 4, 2, 3, 2, 2, 4, 3, 2, 4, 3, 2, 4, 3, 4, 3, 1, 4, 2, 1, 2, 1, 1, 4] [8, 7, 6, 7, 3, 8, 4, 6, 3, 8, 3, 5, 7, 7, 7, 3, 3, 7, 5, 5, 5, 6, 3, 5, 4, 4, 4, 5, 6, 5, 5, 5, 8, 4, 7, 4, 5, 5, 6, 3, 7, 4, 5, 6, 6, 7, 5, 5, 8, 6, 7, 7, 5, 6, 7, 8, 6, 7, 6, 5, 4, 6, 6, 5, 6, 6, 5, 6, 6, 6, 8, 7, 4, 6, 4, 5, 6, 4, 4, 6]
B_1 8.51 B 41 [4, 4, 4, 3, 1, 1, 4, 4, 3, 1, 4, 1, 2, 2, 3, 3, 1, 4, 1, 3, 3, 3, 1, 2, 1, 3, 1, 2, 3, 2, 2, 2, 3, 4, 2, 3, 2, 1, 1, 4, 1, 4, 2, 4, 4, 1, 4, 3, 1, 4, 4, 3, 1, 4, 4, 1, 4, 1, 3, 3, 4, 3, 3, 3, 4, 3, 4, 4, 3, 1, 2, 4, 3, 3, 4, 1, 4, 3, 1, 4] [8, 6, 8, 7, 4, 4, 8, 6, 5, 4, 7, 3, 6, 6, 5, 7, 3, 7, 5, 6, 5, 7, 5, 4, 3, 6, 4, 4, 6, 6, 5, 4, 5, 8, 5, 6, 5, 5, 4, 6, 4, 8, 6, 7, 8, 5, 6, 5, 3, 6, 7, 7, 4, 7, 8, 3, 7, 4, 5, 5, 8, 7, 6, 5, 7, 7, 6, 7, 7, 3, 6, 6, 5, 5, 8, 5, 6, 6, 3, 6]
B_2 10.37 B 42 [4, 4, 1, 1, 1, 4, 2, 1, 4, 1, 2, 2, 3, 4, 2, 4, 4, 3, 1, 2, 4, 3, 4, 4, 2, 2, 2, 1, 1, 3, 3, 2, 3, 2, 4, 3, 1, 3, 2, 3, 3, 2, 3, 2, 2, 3, 4, 2, 2, 1, 4, 4, 2, 1, 1, 4, 4, 2, 4, 1, 1, 1, 1, 2, 2, 2, 4, 1, 2, 3, 4, 1, 1, 4, 1, 4, 1, 3, 4, 2] [8, 8, 3, 4, 3, 6, 4, 3, 7, 4, 6, 4, 7, 8, 4, 6, 7, 6, 5, 6, 8, 7, 6, 8, 6, 4, 5, 3, 5, 5, 6, 4, 7, 6, 8, 7, 4, 7, 6, 5, 5, 6, 7, 6, 6, 7, 7, 4, 6, 5, 8, 8, 4, 4, 4, 6, 6, 5, 7, 4, 3, 3, 3, 5, 4, 6, 7, 4, 5, 7, 7, 4, 3, 7, 4, 6, 3, 5, 8, 6]
B_3 11.92 B 43 [4, 1, 1, 4, 1, 2, 1, 3, 3, 4, 3, 4, 3, 3, 1, 3, 3, 3, 4, 3, 1, 4, 1, 2, 4, 4, 1, 4, 3, 3, 4, 1, 4, 4, 4, 4, 2, 3, 1, 3, 3, 4, 2, 4, 1, 3, 3, 2, 3, 2, 3, 3, 1, 2, 4, 1, 3, 2, 3, 1, 2, 4, 3, 2, 1, 4, 2, 3, 2, 4, 1, 3, 3, 2, 3, 4, 3, 2, 2, 1] [7, 3, 4, 8, 5, 4, 3, 5, 6, 7, 6, 7, 5, 5, 5, 5, 5, 7, 8, 7, 4, 7, 5, 4, 7, 7, 4, 8, 7, 5, 7, 3, 6, 8, 7, 7, 5, 5, 3, 7, 6, 7, 6, 7, 3, 5, 5, 4, 6, 5, 5, 6, 5, 6, 7, 3, 6, 6, 6, 5, 6, 6, 7, 6, 4, 8, 4, 7, 6, 8, 4, 6, 5, 4, 6, 6, 5, 5, 4, 5]
B_4 12.92 B 44 [1, 1, 3, 3, 2, 2, 1, 2, 4, 3, 1, 2, 2, 3, 3, 4, 3, 1, 3, 2, 3, 3, 2, 4, 2, 4, 2, 4, 2, 4, 2, 4, 3, 3, 1, 1, 3, 1, 3, 4, 2, 4, 2, 1, 3, 2, 4, 3, 4, 4, 2, 4, 1, 3, 4, 1, 4, 3, 4, 3, 1, 1, 1, 3, 2, 3, 1, 1, 2, 2, 2, 3, 2, 4, 3, 3, 1, 1, 2, 3] [4, 4, 5, 6, 6, 6, 5, 5, 8, 5, 4, 5, 5, 5, 6, 7, 7, 5, 7, 6, 6, 7, 6, 6, 4, 8, 5, 7, 6, 7, 4, 7, 7, 5, 4, 3, 6, 4, 6, 7, 6, 8, 6, 3, 5, 4, 7, 5, 8, 8, 6, 7, 5, 7, 6, 5, 6, 5, 6, 6, 4, 5, 3, 5, 5, 7, 5, 4, 6, 4, 4, 5, 5, 8, 6, 7, 5, 3, 5, 7]
B_5 13.92 B 45 [4, 1, 2, 1, 1, 3, 3, 1, 3, 2, 1, 3, 4, 2, 4, 2, 3, 1, 1, 4, 3, 3, 3, 3, 4, 2, 1, 1, 2, 4, 1, 4, 4, 2, 1, 4, 1, 4, 4, 1, 4, 1, 3, 3, 2, 2, 4, 4, 3, 1, 4, 4, 2, 3, 1, 2, 4, 2, 4, 4, 2, 1, 4, 2, 1, 1, 1, 2, 1, 3, 3, 2, 1, 3, 4, 2, 2, 4, 4, 3] [7, 4, 6, 4, 4, 5, 6, 5, 5, 5, 3, 6, 8, 6, 8, 4, 5, 3, 5, 8, 5, 6, 5, 6, 8, 5, 3, 4, 6, 6, 3, 7, 6, 5, 4, 8, 3, 6, 7, 3, 7, 5, 7, 5, 4, 6, 8, 7, 5, 3, 7, 6, 6, 7, 3, 5, 6, 6, 7, 6, 5, 5, 6, 5, 3, 4, 4, 4, 5, 5, 7, 6, 5, 5, 8, 5, 5, 7, 7, 6]
B_6 16.11 B 46 [4, 4, 1, 4, 4, 3, 3, 1, 3, 2, 1, 3, 3, 4, 4, 4, 3, 1, 4, 2, 3, 2, 4, 4, 1, 4, 3, 1, 3, 1, 1, 4, 4, 2, 1, 3, 1, 2, 2, 2, 1, 4, 4, 3, 4, 4, 4, 4, 1, 3, 3, 4, 2, 4, 1, 1, 1, 3, 1, 1, 1, 4, 2, 2, 4, 1, 4, 1, 3, 4, 4, 3, 1, 1, 4, 3, 3, 3, 3, 2] [8, 8, 3, 8, 6, 7, 7, 4, 5, 4, 3, 5, 5, 8, 6, 7, 6, 3, 6, 6, 6, 4, 6, 8, 3, 8, 7, 4, 6, 4, 4, 6, 7, 4, 3, 5, 4, 5, 6, 4, 5, 6, 7, 5, 7, 8, 8, 6, 5, 5, 7, 7, 4, 8, 4, 4, 3, 5, 3, 4, 5, 8, 4, 4, 8, 5, 8, 3, 5, 6, 6, 6, 5, 4, 8, 7, 5, 5, 5, 5]
B_7 18.939999999999998 B 47 [4, 2, 3, 1, 3, 3, 2, 3, 3, 4, 4, 3, 4, 3, 4, 4, 4, 2, 2, 3, 1, 1, 4, 2, 4, 3, 4, 3, 3, 3, 1, 4, 2, 3, 1, 1, 2, 4, 1, 1, 3, 3, 2, 2, 3, 4, 4, 1, 3, 3, 3, 3, 3, 2, 4, 4, 2, 2, 3, 2, 4, 4, 4, 3, 3, 3, 2, 4, 2, 3, 4, 4, 1, 3, 1, 3, 3, 3, 1, 2] [8, 5, 5, 3, 5, 7, 6, 7, 7, 7, 6, 5, 7, 6, 6, 6, 6, 5, 6, 7, 3, 4, 6, 6, 6, 6, 8, 5, 5, 7, 3, 8, 5, 7, 5, 3, 6, 8, 3, 4, 5, 5, 4, 4, 5, 7, 6, 4, 7, 5, 7, 6, 7, 6, 6, 7, 5, 4, 7, 4, 8, 7, 7, 5, 6, 7, 6, 7, 4, 5, 7, 7, 4, 7, 5, 6, 7, 6, 5, 6]
B_8 22.089999999999996 B 48 [2, 1, 3, 1, 1, 4, 4, 1, 2, 4, 3, 1, 2, 3, 1, 2, 1, 1, 1, 1, 1, 4, 3, 2, 1, 1, 2, 3, 2, 1, 1, 3, 4, 1, 3, 2, 2, 4, 2, 3, 4, 1, 2, 3, 4, 3, 1, 3, 4, 3, 2, 1, 2, 4, 1, 3, 4, 2, 1, 2, 4, 3, 2, 2, 1, 3, 2, 1, 2, 1, 1, 4, 2, 4, 2, 2, 4, 2, 2, 1] [4, 4, 7, 4, 5, 7, 8, 5, 5, 6, 5, 4, 4, 5, 4, 6, 4, 4, 4, 3, 3, 6, 5, 6, 3, 4, 6, 6, 6, 5, 3, 6, 7, 3, 7, 6, 5, 6, 4, 5, 8, 3, 6, 6, 8, 5, 5, 7, 6, 5, 5, 4, 5, 7, 3, 7, 6, 6, 3, 4, 7, 7, 5, 5, 3, 6, 4, 3, 6, 3, 5, 6, 4, 7, 5, 6, 7, 4, 6, 3]
B_9 27.33 B 49 [3, 1, 2, 2, 2, 1, 2, 3, 1, 4, 3, 3, 1, 3, 4, 3, 4, 3, 1, 4, 3, 3, 3, 4, 3, 4, 4, 1, 1, 3, 3, 4, 1, 1, 4, 4, 1, 2, 3, 1, 3, 4, 1, 2, 4, 1, 3, 3, 3, 4, 3, 4, 3, 1, 3, 4, 4, 1, 4, 2, 3, 4, 2, 3, 3, 2, 3, 1, 3, 1, 2, 2, 3, 1, 4, 1, 1, 4, 4, 2] [5, 5, 6, 5, 4, 5, 6, 7, 5, 8, 7, 7, 4, 7, 8, 7, 6, 7, 3, 7, 7, 5, 5, 8, 6, 6, 6, 3, 3, 7, 6, 8, 5, 5, 7, 8, 3, 6, 6, 4, 6, 6, 5, 5, 8, 3, 5, 5, 5, 8, 6, 6, 7, 3, 6, 7, 8, 4, 8, 5, 7, 7, 6, 5, 7, 4, 6, 3, 6, 3, 5, 6, 5, 3, 7, 5, 3, 7, 8, 5]
B_10 28.919999999999998 B 50 [2, 4, 2, 1, 4, 4, 2, 2, 2, 3, 1, 4, 2, 3, 4, 3, 4, 3, 2, 2, 3, 3, 1, 2, 4, 3, 2, 4, 4, 4, 2, 1, 1, 1, 4, 4, 3, 4, 4, 1, 4, 4, 4, 3, 2, 4, 3, 3, 2, 3, 4, 1, 3, 3, 1, 3, 1, 1, 4, 2, 2, 2, 2, 1, 1, 2, 4, 1, 1, 3, 2, 3, 1, 2, 3, 4, 2, 1, 1, 4] [6, 6, 6, 5, 6, 7, 4, 5, 6, 6, 4, 7, 5, 7, 8, 6, 8, 6, 5, 4, 5, 5, 4, 4, 7, 6, 5, 6, 8, 8, 6, 4, 3, 5, 8, 6, 5, 8, 7, 4, 7, 7, 8, 5, 6, 7, 7, 7, 5, 6, 8, 5, 7, 6, 5, 6, 5, 4, 6, 5, 6, 6, 6, 5, 5, 4, 6, 4, 3, 5, 4, 6, 5, 5, 6, 8, 4, 5, 3, 7]
B_11 30.08 B 51 [3, 3, 3, 2, 3, 4, 1, 1, 2, 2, 1, 2, 2, 2, 2, 3, 1, 4, 1, 1, 1, 4, 2, 2, 3, 2, 3, 2, 2, 1, 1, 1, 4, 4, 2, 3, 3, 4, 2, 1, 4, 3, 4, 3, 4, 4, 4, 3, 1, 4, 1, 2, 3, 4, 4, 4, 4, 2, 1, 2, 1, 2, 1, 2, 2, 4, 4, 2, 1, 4, 4, 2, 1, 3, 2, 4, 2, 4, 4, 2] [7, 6, 5, 4, 5, 8, 3, 5, 4, 4, 5, 4, 4, 5, 4, 5, 4, 6, 4, 5, 5, 7, 6, 4, 7, 5, 6, 4, 4, 3, 3, 5, 7, 7, 6, 7, 6, 7, 4, 4, 7, 7, 8, 6, 7, 6, 7, 6, 4, 6, 5, 6, 7, 6, 8, 7, 8, 6, 3, 5, 3, 4, 5, 4, 4, 6, 7, 5, 5, 7, 6, 5, 4, 5, 4, 7, 5, 7, 6, 5]
B_12 34.61 B 52 [3, 3, 2, 4, 4, 2, 4, 3, 1, 2, 3, 2, 4, 1, 2, 4, 4, 1, 3, 2, 2, 4, 4, 3, 4, 2, 1, 4, 4, 2, 4, 1, 4, 3, 3, 4, 1, 1, 1, 3, 2, 1, 2, 1, 1, 2, 2, 3, 2, 3, 3, 3, 1, 3, 4, 3, 4, 4, 3, 2, 2, 4, 1, 2, 4, 4, 1, 3, 4, 4, 2, 4, 4, 3, 3, 4, 4, 2, 1, 1] [7, 7, 6, 6, 8, 6, 7, 5, 5, 5, 7, 5, 7, 5, 4, 7, 8, 4, 6, 5, 4, 8, 7, 5, 8, 5, 4, 6, 7, 5, 6, 3, 8, 7, 6, 8, 4, 3, 5, 7, 5, 4, 4, 5, 5, 6, 4, 7, 5, 7, 7, 7, 5, 7, 8, 7, 6, 7, 6, 4, 6, 6, 3, 5, 7, 7, 3, 6, 7, 7, 5, 7, 8, 5, 6, 8, 8, 4, 5, 5]
B_13 37.18 B 53 [4, 2, 2, 3, 3, 3, 1, 2, 3, 2, 4, 2, 3, 1, 3, 1, 1, 4, 4, 2, 2, 1, 2, 3, 4, 2, 1, 3, 2, 2, 3, 1, 1, 2, 1, 2, 2, 1, 3, 1, 2, 4, 1, 2, 3, 3, 4, 2, 4, 1, 3, 4, 3, 4, 2, 4, 2, 3, 2, 2, 2, 1, 3, 1, 3, 3, 4, 2, 3, 1, 4, 1, 4, 4, 2, 4, 1, 2, 4, 4] [7, 6, 6, 7, 6, 5, 5, 4, 5, 6, 6, 4, 6, 4, 7, 4, 5, 7, 6, 5, 5, 3, 4, 6, 6, 4, 5, 7, 5, 4, 5, 3, 5, 4, 3, 5, 6, 5, 6, 5, 6, 7, 4, 6, 7, 7, 8, 6, 7, 3, 6, 6, 7, 7, 6, 6, 5, 6, 4, 5, 5, 5, 6, 3, 7, 6, 6, 5, 7, 5, 8, 4, 7, 8, 6, 6, 3, 4, 8, 7]
B_14 46.2 B 54 [1, 4, 3, 3, 3, 3, 3, 3, 1, 3, 4, 1, 3, 4, 2, 4, 1, 1, 1, 1, 2, 2, 4, 3, 3, 1, 4, 4, 3, 4, 1, 4, 2, 2, 3, 3, 2, 2, 2, 4, 4, 4, 1, 4, 4, 1, 1, 4, 1, 3, 1, 4, 4, 2, 1, 1, 1, 4, 2, 4, 4, 3, 1, 3, 4, 1, 3, 3, 1, 2, 4, 4, 4, 1, 3, 4, 4, 1, 1, 1] [3, 7, 6, 7, 6, 6, 5, 6, 3, 6, 8, 4, 6, 8, 5, 8, 3, 4, 4, 3, 4, 6, 7, 6, 5, 4, 8, 8, 7, 7, 5, 7, 5, 4, 7, 5, 4, 4, 6, 8, 7, 8, 4, 7, 6, 3, 4, 6, 3, 6, 5, 8, 8, 6, 5, 3, 5, 8, 4, 6, 8, 7, 4, 7, 8, 3, 5, 5, 3, 6, 7, 7, 6, 4, 6, 7, 7, 4, 5, 5]
B_15 47.2 B 55 [1, 1, 3, 2, 4, 2, 1, 4, 2, 1, 3, 4, 3, 1, 3, 4, 2, 1, 1, 2, 2, 2, 4, 1, 4, 2, 2, 3, 4, 3, 4, 4, 1, 2, 1, 1, 2, 1, 3, 3, 4, 1, 4, 1, 1, 2, 1, 4, 3, 4, 3, 4, 3, 4, 1, 2, 1, 3, 3, 4, 3, 1, 3, 1, 3, 3, 3, 1, 3, 3, 2, 2, 3, 4, 4, 4, 4, 3, 4, 4] [3, 5, 5, 6, 6, 4, 5, 8, 4, 3, 6, 6, 5, 4, 7, 6, 5, 3, 5, 4, 6, 6, 8, 5, 8, 4, 4, 6, 8, 6, 7, 6, 5, 4, 3, 5, 6, 3, 5, 7, 8, 3, 6, 3, 5, 5, 4, 7, 7, 7, 6, 7, 7, 6, 3, 5, 3, 7, 5, 7, 6, 3, 5, 5, 5, 6, 7, 3, 5, 5, 5, 6, 7, 7, 7, 8, 6, 7, 7, 7]
B_16 49.07 B 56 [2, 2, 1, 3, 4, 3, 4, 2, 1, 4, 2, 3, 1, 2, 1, 3, 3, 2, 2, 2, 2, 1, 1, 3, 2, 1, 1, 1, 1, 2, 3, 2, 4, 1, 4, 3, 1, 3, 4, 1, 4, 4, 4, 3, 4, 4, 1, 2, 4, 4, 1, 4, 4, 2, 1, 1, 4, 3, 3, 2, 3, 3, 3, 2, 2, 4, 4, 4, 4, 2, 2, 4, 2, 4, 2, 2, 3, 4, 4, 2] [4, 5, 4, 6, 6, 5, 8, 5, 3, 6, 5, 6, 5, 5, 5, 7, 6, 4, 5, 6, 4, 3, 5, 7, 6, 4, 4, 3, 5, 5, 6, 4, 7, 5, 7, 5, 3, 5, 7, 4, 6, 7, 6, 6, 6, 6, 3, 5, 6, 8, 5, 8, 6, 5, 5, 3, 6, 5, 7, 4, 5, 7, 5, 4, 4, 8, 8, 7, 6, 4, 6, 6, 6, 7, 6, 4, 7, 7, 8, 5]
B_17 50.07 B 57 [2, 3, 3, 1, 1, 2, 3, 3, 4, 3, 2, 2, 2, 1, 1, 4, 3, 4, 2, 4, 1, 3, 2, 4, 4, 4, 4, 2, 2, 2, 4, 4, 2, 4, 4, 2, 3, 2, 2, 2, 4, 1, 2, 2, 3, 2, 3, 2, 2, 1, 1, 2, 4, 3, 4, 3, 3, 2, 3, 1, 1, 1, 2, 3, 1, 4, 2, 3, 1, 1, 4, 2, 4, 4, 2, 2, 4, 3, 4, 2] [6, 6, 7, 5, 3, 5, 5, 5, 8, 5, 4, 4, 5, 5, 5, 6, 6, 8, 5, 7, 5, 6, 5, 7, 6, 7, 8, 5, 6, 6, 8, 8, 4, 8, 8, 5, 6, 5, 4, 4, 7, 4, 5, 6, 5, 6, 5, 4, 6, 4, 4, 6, 7, 6, 8, 7, 5, 6, 5, 5, 5, 3, 4, 7, 4, 7, 4, 7, 5, 3, 7, 4, 8, 7, 6, 4, 8, 5, 7, 6]
B_18 53.5 B 58 [3, 4, 2, 3, 3, 1, 4, 3, 4, 1, 4, 3, 3, 1, 4, 4, 2, 4, 1, 1, 1, 3, 2, 1, 3, 3, 3, 2, 4, 3, 4, 3, 3, 1, 4, 2, 1, 2, 2, 1, 2, 3, 4, 3, 4, 4, 1, 3, 1, 4, 4, 1, 3, 2, 2, 3, 3, 3, 3, 4, 1, 4, 2, 2, 3, 2, 3, 4, 2, 4, 2, 2, 1, 2, 3, 2, 1, 3, 4, 3] [6, 8, 5, 7, 6, 3, 8, 7, 7, 5, 8, 7, 5, 5, 8, 6, 5, 7, 4, 5, 4, 5, 6, 5, 7, 7, 6, 5, 7, 5, 8, 7, 6, 4, 8, 6, 3, 5, 6, 3, 6, 5, 7, 6, 6, 7, 3, 7, 3, 8, 6, 3, 6, 4, 4, 5, 7, 5, 5, 6, 4, 7, 4, 4, 7, 6, 6, 6, 4, 6, 6, 6, 5, 6, 7, 6, 4, 6, 8, 7]
B_19 54.88 B 59 [3, 3, 4, 1, 2, 3, 1, 1, 3, 1, 2, 4, 2, 3, 1, 2, 1, 4, 4, 2, 4, 4, 1, 4, 4, 4, 1, 1, 2, 1, 2, 2, 3, 3, 4, 3, 4, 4, 2, 3, 3, 3, 1, 1, 3, 4, 1, 2, 2, 2, 2, 2, 2, 2, 4, 4, 2, 1, 4, 1, 2, 1, 4, 1, 4, 1, 3, 2, 4, 2, 3, 2, 4, 4, 2, 2, 4, 2, 2, 1] [5, 7, 6, 5, 5, 7, 4, 4, 6, 4, 4, 8, 6, 5, 4, 4, 5, 6, 6, 5, 8, 6, 3, 6, 6, 6, 3, 5, 6, 4, 5, 4, 5, 5, 6, 7, 8, 7, 5, 7, 5, 5, 4, 5, 6, 6, 4, 4, 4, 5, 5, 5, 4, 5, 6, 7, 4, 5, 6, 4, 5, 5, 6, 5, 6, 5, 6, 5, 8, 5, 5, 5, 8, 8, 6, 4, 8, 4, 6, 3]
B_20 58.31 B 60 [3, 4, 4, 2, 1, 1, 2, 3, 1, 1, 2, 4, 4, 2, 3, 4, 4, 3, 4, 3, 3, 1, 4, 4, 1, 3, 3, 2, 4, 4, 4, 2, 4, 2, 4, 2, 3, 1, 1, 3, 2, 4, 1, 2, 1, 2, 1, 4, 4, 3, 2, 1, 2, 2, 4, 3, 3, 1, 1, 2, 1, 3, 1, 4, 4, 2, 3, 1, 1, 4, 2, 1, 2, 4, 4, 4, 2, 3, 4, 1] [6, 7, 8, 4, 5, 5, 6, 6, 3, 3, 5, 7, 6, 5, 7, 8, 8, 6, 7, 6, 7, 3, 7, 7, 5, 5, 7, 5, 6, 6, 7, 5, 7, 5, 7, 6, 5, 5, 4, 5, 4, 8, 3, 6, 4, 5, 5, 8, 7, 7, 6, 3, 6, 5, 8, 6, 5, 5, 4, 5, 5, 5, 5, 7, 6, 5, 6, 3, 3, 7, 6, 3, 6, 7, 8, 7, 6, 5, 7, 3]
B_21 59.64 B 61 [3, 3, 3, 4, 2, 3, 1, 2, 3, 3, 2, 3, 2, 3, 1, 3, 2, 1, 2, 1, 3, 2, 2, 2, 2, 4, 4, 4, 3, 4, 1, 4, 1, 4, 1, 2, 3, 3, 3, 4, 2, 3, 1, 4, 1, 1, 4, 4, 3, 4, 2, 2, 4, 1, 3, 1, 3, 1, 4, 1, 3, 4, 2, 2, 4, 4, 3, 3, 4, 2, 4, 4, 3, 2, 4, 1, 4, 4, 3, 2] [5, 7, 5, 8, 5, 6, 5, 4, 5, 5, 5, 5, 6, 7, 4, 6, 6, 4, 5, 4, 5, 4, 6, 6, 6, 7, 8, 8, 6, 6, 3, 8, 4, 6, 3, 6, 5, 6, 7, 6, 6, 7, 3, 6, 5, 5, 8, 7, 7, 7, 6, 4, 6, 5, 7, 3, 7, 3, 7, 5, 5, 8, 4, 6, 6, 6, 5, 5, 6, 5, 6, 8, 5, 4, 8, 5, 6, 7, 6, 6]
B_22 60.64 B 62 [3, 3, 4, 3, 3, 4, 1, 4, 3, 3, 1, 3, 2, 2, 4, 2, 4, 4, 3, 1, 1, 4, 1, 4, 3, 3, 4, 2, 1, 2, 1, 4, 3, 2, 4, 3, 4, 1, 1, 1, 4, 3, 1, 3, 1, 4, 2, 4, 2, 2, 2, 1, 1, 3, 1, 3, 3, 2, 2, 4, 1, 2, 1, 2, 3, 4, 1, 4, 2, 4, 3, 1, 2, 1, 4, 1, 2, 3, 3, 1] [5, 6, 6, 5, 5, 7, 3, 7, 5, 6, 5, 5, 5, 5, 8, 4, 6, 6, 6, 5, 4, 8, 5, 6, 5, 6, 8, 4, 3, 4, 3, 7, 5, 6, 8, 7, 8, 4, 5, 3, 6, 6, 3, 7, 3, 6, 4, 7, 5, 6, 6, 5, 3, 6, 4, 5, 5, 4, 4, 6, 5, 4, 3, 4, 6, 7, 5, 7, 5, 8, 7, 4, 5, 4, 8, 5, 5, 5, 5, 5]
B_23 61.64 B 63 [1, 4, 4, 1, 2, 1, 4, 2, 3, 1, 3, 1, 1, 4, 3, 3, 3, 2, 3, 2, 2, 1, 3, 1, 4, 3, 3, 3, 2, 2, 3, 2, 1, 1, 1, 1, 2, 3, 3, 1, 3, 3, 2, 2, 3, 2, 2, 3, 2, 3, 1, 2, 2, 1, 3, 1, 2, 3, 2, 1, 4, 2, 2, 1, 3, 3, 3, 4, 1, 1, 1, 1, 2, 4, 3, 4, 1, 4, 1, 2] [4, 7, 7, 3, 6, 5, 8, 6, 6, 4, 5, 5, 3, 7, 5, 5, 6, 6, 6, 5, 4, 3, 5, 3, 8, 5, 6, 7, 5, 6, 6, 5, 3, 4, 4, 4, 6, 6, 7, 5, 5, 5, 5, 6, 5, 5, 4, 5, 5, 5, 5, 4, 5, 3, 7, 5, 4, 7, 4, 5, 7, 6, 4, 3, 5, 7, 6, 7, 5, 5, 3, 5, 4, 6, 7, 6, 5, 6, 4, 4]
B_24 65.96000000000001 B 64 [3, 4, 3, 4, 3, 3, 4, 1, 3, 4, 3, 4, 1, 2, 2, 2, 2, 1, 1, 3, 1, 4, 1, 3, 1, 4, 4, 3, 2, 1, 2, 4, 3, 3, 3, 1, 1, 1, 3, 1, 2, 4, 2, 1, 2, 1, 4, 3, 1, 3, 1, 2, 4, 3, 4, 3, 2, 1, 3, 4, 4, 4, 3, 3, 1, 4, 4, 3, 4, 3, 2, 2, 3, 1, 4, 3, 3, 1, 2, 1] [5, 8, 7, 8, 7, 6, 7, 3, 5, 7, 7, 7, 5, 4, 4, 6, 6, 5, 4, 6, 5, 6, 5, 7, 5, 6, 6, 5, 4, 5, 5, 6, 5, 5, 7, 3, 5, 4, 6, 3, 6, 7, 4, 4, 5, 3, 8, 6, 3, 7, 5, 4, 7, 7, 8, 5, 4, 4, 7, 6, 6, 6, 6, 5, 5, 6, 8, 5, 7, 5, 4, 4, 7, 4, 8, 7, 7, 3, 6, 4]
B_25 66.96000000000001 B 65 [3, 1, 4, 4, 3, 4, 1, 2, 4, 3, 2, 1, 1, 4, 2, 2, 2, 4, 1, 4, 2, 4, 4, 2, 3, 4, 4, 2, 1, 2, 2, 1, 2, 4, 3, 1, 2, 3, 1, 4, 4, 3, 2, 4, 3, 1, 1, 3, 3, 2, 2, 4, 4, 3, 1, 3, 4, 4, 2, 1, 2, 4, 4, 3, 4, 4, 2, 3, 3, 2, 1, 3, 3, 4, 3, 2, 2, 2, 1, 4] [5, 3, 8, 8, 6, 8, 3, 4, 6, 7, 6, 4, 5, 6, 4, 6, 5, 7, 3, 8, 6, 8, 7, 4, 7, 6, 7, 5, 3, 4, 4, 3, 6, 8, 6, 3, 5, 7, 5, 8, 6, 7, 6, 8, 7, 4, 5, 7, 6, 4, 4, 6, 7, 6, 3, 6, 8, 7, 6, 5, 5, 6, 7, 7, 6, 6, 6, 7, 7, 4, 5, 6, 6, 6, 5, 5, 5, 4, 3, 7]
B_26 67.96000000000001 B 66 [3, 2, 4, 3, 1, 1, 3, 2, 1, 1, 1, 2, 2, 4, 4, 4, 3, 1, 2, 3, 1, 3, 3, 3, 1, 2, 4, 1, 1, 4, 3, 2, 3, 2, 4, 2, 1, 3, 4, 4, 3, 4, 4, 2, 1, 1, 4, 2, 2, 3, 4, 4, 1, 4, 3, 3, 4, 2, 3, 3, 3, 3, 1, 3, 4, 2, 3, 4, 3, 3, 2, 3, 4, 2, 3, 2, 4, 2, 4, 1] [6, 4, 7, 5, 4, 3, 5, 4, 5, 5, 5, 4, 6, 7, 6, 8, 6, 4, 4, 7, 5, 5, 7, 6, 3, 4, 6, 4, 4, 6, 5, 6, 7, 4, 8, 5, 5, 7, 8, 8, 5, 6, 7, 4, 5, 4, 8, 6, 4, 6, 6, 7, 3, 6, 5, 7, 8, 4, 6, 6, 6, 5, 5, 6, 8, 6, 6, 7, 6, 5, 4, 5, 7, 4, 7, 6, 8, 5, 7, 5]
B_27 69.48 B 67 [2, 1, 2, 1, 3, 4, 1, 2, 3, 4, 1, 3, 3, 2, 3, 1, 4, 2, 1, 4, 2, 4, 4, 4, 4, 2, 3, 1, 2, 2, 1, 4, 2, 1, 2, 4, 4, 2, 4, 4, 2, 4, 1, 3, 1, 2, 1, 4, 1, 1, 1, 2, 3, 2, 3, 1, 4, 3, 4, 2, 1, 3, 4, 4, 3, 3, 4, 1, 3, 3, 4, 3, 3, 2, 4, 1, 3, 3, 3, 1] [4, 5, 5, 3, 7, 7, 3, 4, 6, 6, 5, 5, 5, 4, 6, 4, 7, 5, 3, 6, 5, 7, 7, 7, 8, 6, 6, 3, 4, 4, 5, 8, 5, 5, 4, 7, 7, 6, 6, 6, 6, 7, 4, 7, 4, 4, 3, 7, 3, 3, 4, 5, 6, 5, 5, 3, 7, 7, 6, 5, 3, 5, 7, 7, 5, 7, 7, 4, 6, 7, 6, 6, 7, 6, 8, 4, 7, 7, 7, 4]
B_28 70.48 B 68 [1, 4, 4, 2, 4, 2, 2, 2, 4, 1, 1, 3, 3, 3, 4, 4, 1, 1, 4, 2, 1, 4, 3, 2, 2, 4, 2, 1, 4, 3, 2, 1, 3, 3, 2, 1, 2, 1, 3, 4, 4, 3, 2, 2, 2, 1, 3, 2, 2, 3, 1, 1, 4, 3, 1, 3, 4, 1, 2, 4, 1, 4, 2, 1, 4, 3, 3, 3, 4, 3, 2, 4, 4, 1, 4, 3, 3, 3, 1, 1] [4, 8, 6, 5, 8, 4, 4, 6, 8, 3, 4, 7, 6, 7, 6, 7, 3, 4, 8, 4, 4, 8, 5, 5, 5, 6, 4, 4, 6, 7, 4, 5, 7, 7, 5, 5, 4, 4, 6, 6, 6, 7, 5, 6, 6, 5, 5, 4, 6, 6, 3, 5, 7, 7, 3, 5, 6, 5, 4, 8, 3, 6, 5, 5, 7, 7, 6, 6, 8, 5, 6, 6, 7, 5, 8, 6, 5, 5, 4, 4]
B_29 71.48 B 69 [4, 2, 3, 4, 3, 3, 1, 4, 3, 4, 1, 2, 4, 1, 4, 4, 4, 2, 2, 1, 4, 4, 1, 3, 3, 1, 1, 4, 1, 3, 1, 3, 3, 1, 4, 2, 2, 1, 1, 3, 3, 1, 3, 4, 2, 3, 4, 3, 1, 1, 3, 4, 4, 1, 2, 3, 2, 1, 4, 2, 4, 2, 4, 1, 3, 2, 3, 3, 3, 4, 3, 3, 2, 1, 4, 1, 4, 4, 3, 1] [8, 6, 7, 6, 5, 7, 3, 6, 5, 7, 3, 6, 7, 4, 6, 8, 6, 5, 4, 4, 7, 6, 3, 6, 5, 5, 3, 7, 5, 7, 4, 7, 5, 5, 7, 6, 5, 5, 4, 7, 6, 3, 7, 8, 4, 5, 6, 5, 3, 3, 5, 7, 7, 5, 6, 5, 4, 3, 6, 5, 7, 5, 8, 5, 5, 4, 5, 7, 5, 8, 5, 7, 5, 5, 7, 4, 8, 8, 5, 5]
B_30 72.48 B 70 [3, 2, 4, 2, 4, 4, 4, 1, 2, 4, 1, 3, 4, 3, 2, 3, 4, 4, 4, 1, 1, 4, 1, 2, 4, 2, 1, 2, 4, 3, 4, 4, 3, 4, 4, 1, 4, 2, 1, 2, 4, 2, 4, 1, 2, 3, 4, 4, 1, 2, 2, 4, 2, 4, 4, 2, 2, 4, 2, 3, 2, 4, 3, 1, 2, 1, 2, 4, 2, 3, 1, 1, 4, 3, 2, 3, 4, 4, 2, 3] [7, 5, 7, 6, 8, 8, 7, 5, 4, 6, 3, 7, 8, 6, 4, 6, 8, 8, 7, 4, 4, 7, 5, 5, 8, 6, 5, 4, 7, 7, 7, 7, 7, 8, 8, 4, 8, 4, 4, 4, 8, 6, 7, 4, 4, 7, 6, 7, 5, 5, 4, 6, 5, 8, 7, 5, 6, 7, 6, 5, 6, 6, 7, 3, 4, 5, 4, 6, 6, 5, 4, 4, 8, 5, 4, 5, 7, 6, 4, 7]
B_31 75.0 B 71 [1, 3, 2, 1, 4, 4, 2, 1, 1, 2, 4, 2, 2, 4, 4, 4, 1, 1, 3, 2, 4, 2, 1, 2, 1, 3, 2, 4, 2, 4, 1, 3, 2, 1, 4, 4, 4, 3, 2, 1, 3, 4, 1, 3, 3, 2, 3, 4, 4, 2, 3, 2, 4, 1, 4, 2, 4, 2, 2, 2, 1, 4, 1, 1, 2, 3, 3, 3, 4, 3, 1, 2, 4, 1, 4, 4, 3, 3, 4, 4] [4, 7, 6, 4, 6, 8, 4, 3, 4, 5, 7, 4, 5, 8, 7, 6, 4, 4, 6, 4, 6, 6, 3, 4, 3, 5, 4, 7, 5, 8, 3, 5, 6, 3, 6, 7, 7, 7, 6, 4, 7, 6, 4, 6, 5, 6, 6, 7, 6, 6, 6, 5, 7, 4, 7, 6, 6, 4, 6, 5, 3, 8, 4, 5, 4, 6, 5, 6, 6, 7, 4, 4, 7, 3, 8, 8, 5, 7, 7, 8]
B_32 76.61 B 72 [3, 1, 4, 4, 1, 3, 3, 1, 1, 1, 2, 2, 4, 4, 1, 2, 1, 2, 2, 4, 2, 3, 3, 2, 4, 3, 2, 2, 1, 2, 3, 2, 1, 3, 1, 3, 4, 2, 2, 2, 1, 3, 1, 3, 2, 1, 1, 1, 2, 3, 1, 1, 4, 4, 4, 3, 2, 4, 1, 4, 2, 3, 2, 2, 3, 3, 4, 3, 4, 2, 4, 4, 3, 3, 4, 1, 2, 3, 4, 3] [6, 4, 6, 6, 5, 5, 6, 3, 5, 5, 5, 6, 8, 8, 5, 5, 5, 5, 5, 6, 5, 6, 5, 5, 7, 5, 4, 5, 3, 4, 6, 4, 4, 7, 5, 5, 6, 5, 6, 6, 4, 5, 3, 5, 5, 5, 5, 4, 4, 5, 5, 4, 8, 7, 6, 7, 6, 8, 5, 8, 6, 5, 5, 4, 7, 6, 7, 7, 7, 5, 8, 7, 5, 6, 7, 3, 4, 6, 6, 7]
B_33 77.61 B 73 [4, 3, 4, 1, 2, 4, 1, 2, 1, 3, 4, 1, 4, 3, 4, 1, 3, 4, 2, 3, 4, 3, 2, 3, 1, 2, 1, 3, 3, 1, 4, 4, 2, 4, 3, 4, 2, 4, 3, 3, 4, 3, 4, 2, 4, 3, 1, 3, 4, 1, 2, 3, 3, 4, 1, 4, 4, 4, 2, 4, 4, 2, 1, 4, 1, 4, 2, 2, 1, 1, 3, 1, 3, 1, 3, 2, 3, 3, 4, 3] [8, 6, 8, 4, 4, 8, 5, 5, 5, 7, 8, 3, 6, 7, 6, 4, 7, 6, 4, 5, 7, 7, 4, 6, 3, 5, 5, 7, 6, 3, 7, 7, 6, 7, 6, 7, 4, 7, 5, 5, 6, 5, 7, 4, 8, 5, 4, 7, 7, 3, 5, 5, 5, 8, 4, 7, 7, 7, 6, 8, 7, 4, 4, 6, 4, 6, 4, 6, 5, 5, 5, 3, 6, 5, 7, 5, 6, 5, 6, 5]
B_34 78.61 B 74 [3, 4, 1, 3, 3, 2, 2, 2, 4, 2, 3, 4, 4, 4, 2, 2, 2, 4, 2, 2, 2, 3, 2, 2, 2, 4, 2, 4, 3, 1, 1, 1, 1, 2, 1, 3, 3, 2, 3, 1, 2, 4, 1, 3, 3, 4, 4, 1, 2, 4, 3, 2, 3, 2, 3, 4, 2, 2, 3, 2, 4, 4, 4, 3, 4, 3, 3, 4, 4, 4, 2, 4, 4, 3, 2, 3, 3, 1, 2, 4] [5, 7, 5, 6, 7, 4, 6, 6, 7, 4, 7, 6, 6, 6, 4, 5, 5, 8, 4, 4, 4, 6, 4, 4, 6, 6, 6, 8, 7, 4, 4, 5, 4, 4, 5, 5, 7, 4, 5, 4, 4, 8, 4, 6, 6, 8, 8, 5, 5, 7, 6, 4, 6, 6, 6, 7, 6, 6, 7, 6, 8, 8, 8, 7, 8, 5, 7, 8, 8, 7, 4, 8, 7, 7, 6, 6, 5, 4, 6, 8]
B_35 80.64 B 75 [2, 1, 2, 4, 4, 1, 3, 2, 4, 4, 1, 2, 3, 4, 2, 2, 4, 2, 3, 1, 3, 3, 1, 2, 4, 2, 4, 4, 1, 3, 1, 2, 4, 4, 1, 3, 4, 4, 3, 2, 1, 1, 4, 4, 3, 2, 3, 3, 2, 1, 4, 4, 4, 4, 4, 4, 2, 2, 2, 2, 4, 1, 1, 4, 3, 2, 2, 1, 3, 1, 3, 4, 1, 2, 3, 1, 2, 1, 4, 4] [6, 3, 4, 8, 7, 4, 5, 4, 8, 8, 3, 4, 5, 8, 4, 4, 7, 6, 6, 5, 6, 5, 5, 5, 6, 4, 6, 7, 3, 7, 4, 6, 7, 7, 5, 7, 7, 7, 7, 4, 5, 5, 6, 6, 7, 5, 7, 6, 6, 5, 8, 7, 8, 6, 7, 8, 4, 4, 6, 4, 7, 5, 5, 6, 7, 5, 6, 4, 6, 4, 5, 8, 3, 5, 6, 4, 4, 5, 7, 6]
B_36 83.16 B 76 [4, 3, 4, 4, 2, 2, 2, 1, 1, 1, 2, 4, 4, 3, 1, 2, 3, 1, 1, 3, 4, 4, 3, 1, 3, 2, 1, 2, 4, 2, 1, 3, 1, 3, 3, 4, 4, 1, 2, 4, 2, 4, 1, 3, 1, 2, 3, 3, 4, 1, 2, 2, 4, 1, 4, 4, 3, 4, 1, 4, 2, 4, 2, 1, 3, 2, 4, 3, 3, 4, 4, 3, 2, 3, 3, 2, 4, 2, 1, 2] [8, 7, 8, 8, 6, 5, 4, 3, 5, 4, 6, 8, 6, 7, 3, 4, 7, 5, 4, 7, 6, 8, 5, 3, 6, 5, 3, 5, 8, 4, 3, 7, 5, 6, 7, 8, 6, 5, 4, 8, 6, 6, 3, 5, 5, 5, 5, 7, 7, 3, 4, 5, 8, 3, 7, 6, 7, 8, 4, 8, 6, 6, 5, 5, 7, 5, 8, 7, 5, 8, 7, 5, 4, 6, 5, 4, 6, 6, 4, 5]
B_37 84.16 B 77 [3, 4, 2, 3, 4, 1, 4, 1, 4, 2, 2, 4, 4, 1, 4, 3, 4, 2, 1, 3, 1, 3, 1, 1, 3, 4, 3, 4, 4, 3, 4, 2, 2, 1, 2, 1, 1, 1, 3, 2, 1, 3, 3, 2, 1, 4, 3, 3, 2, 4, 1, 4, 2, 2, 1, 3, 4, 3, 3, 2, 3, 4, 3, 4, 1, 2, 2, 3, 3, 4, 4, 3, 3, 3, 1, 1, 2, 1, 1, 3] [6, 8, 5, 6, 6, 5, 6, 3, 8, 5, 4, 8, 7, 4, 8, 7, 8, 5, 5, 7, 4, 5, 3, 5, 7, 7, 5, 7, 8, 7, 6, 5, 6, 5, 6, 4, 4, 5, 7, 6, 4, 6, 5, 5, 3, 7, 5, 6, 4, 7, 5, 7, 4, 4, 4, 7, 7, 5, 6, 4, 5, 7, 5, 6, 3, 4, 5, 7, 5, 8, 6, 7, 6, 5, 4, 5, 6, 5, 4, 6]
B_38 85.16 B 78 [4, 3, 4, 1, 2, 1, 2, 1, 4, 2, 2, 3, 1, 2, 2, 1, 1, 2, 2, 1, 4, 2, 2, 3, 3, 4, 4, 2, 3, 3, 4, 3, 4, 4, 4, 2, 3, 2, 3, 3, 1, 1, 4, 2, 2, 4, 3, 1, 2, 4, 1, 4, 1, 4, 1, 4, 4, 4, 4, 2, 4, 3, 3, 1, 2, 1, 4, 3, 1, 3, 2, 4, 4, 4, 2, 4, 1, 1, 4, 2] [8, 6, 8, 4, 6, 3, 4, 5, 6, 5, 4, 7, 5, 6, 5, 4, 5, 4, 6, 3, 8, 4, 6, 7, 5, 7, 6, 5, 5, 7, 7, 5, 6, 7, 7, 6, 7, 5, 5, 5, 4, 3, 8, 4, 5, 7, 5, 5, 6, 8, 3, 6, 5, 8, 5, 7, 8, 7, 8, 6, 7, 6, 5, 4, 6, 3, 7, 7, 4, 5, 4, 7, 6, 6, 6, 7, 4, 4, 7, 6]
B_39 87.85 B 79 [4, 4, 2, 1, 3, 2, 3, 4, 1, 2, 4, 4, 4, 1, 1, 3, 1, 4, 3, 3, 1, 2, 3, 4, 4, 4, 1, 2, 3, 1, 2, 2, 1, 1, 2, 3, 4, 4, 1, 4, 4, 4, 2, 1, 3, 3, 2, 2, 1, 2, 4, 2, 1, 4, 1, 4, 2, 2, 3, 1, 1, 2, 1, 2, 1, 4, 1, 1, 1, 1, 3, 4, 3, 3, 4, 4, 2, 3, 2, 1] [7, 8, 6, 3, 7, 4, 6, 8, 5, 4, 7, 6, 8, 4, 4, 6, 5, 6, 5, 7, 5, 4, 5, 6, 6, 7, 4, 4, 6, 4, 6, 4, 4, 4, 5, 6, 7, 8, 3, 7, 6, 6, 6, 5, 7, 6, 5, 6, 3, 5, 7, 5, 5, 7, 5, 7, 5, 6, 7, 3, 3, 6, 5, 4, 4, 7, 5, 4, 4, 5, 7, 8, 7, 5, 8, 6, 5, 6, 6, 3]
