A_0 1 A 0 [2, 2, 1, 1, 2, 1, 3, 2, 1, 3, 1, 2, 2, 1, 1, 2, 3, 3, 1, 4, 3, 4, 1, 4, 1, 1, 4, 3, 1, 2, 1, 2, 2, 2, 2, 3, 1, 4, 2, 3, 1, 2, 3, 4, 1, 2, 2, 2, 2, 3, 3, 1, 4, 1, 4, 1, 2, 1, 4, 1, 2, 2, 2, 2, 4, 3, 2, 4, 3, 3, 3, 2, 1, 2, 4, 2, 3, 2, 3, 3] [5, 4, 4, 3, 5, 5, 7, 4, 4, 7, 5, 4, 5, 3, 5, 6, 6, 6, 5, 7, 5, 7, 4, 6, 5, 4, 8, 7, 5, 5, 4, 6, 6, 4, 4, 7, 4, 7, 6, 5, 3, 5, 6, 6, 4, 6, 4, 5, 4, 7, 5, 3, 6, 4, 7, 3, 6, 4, 8, 3, 4, 4, 5, 5, 8, 5, 6, 7, 6, 5, 7, 6, 3, 6, 8, 5, 5, 4, 5, 5]
A_1 2 A 1 [2, 4, 4, 1, 3, 3, 1, 2, 1, 3, 3, 2, 3, 2, 4, 3, 1, 4, 2, 3, 4, 3, 1, 4, 3, 2, 2, 2, 3, 3, 4, 3, 3, 3, 3, 2, 2, 4, 1, 3, 4, 2, 2, 4, 4, 4, 2, 4, 3, 4, 3, 1, 1, 2, 4, 2, 4, 2, 2, 1, 4, 3, 1, 3, 1, 4, 3, 1, 1, 2, 3, 2, 2, 3, 4, 2, 1, 1, 1, 2] [4, 6, 8, 5, 7, 7, 5, 4, 3, 5, 6, 6, 6, 4, 7, 7, 4, 7, 5, 7, 6, 6, 3, 6, 5, 5, 6, 6, 7, 7, 7, 6, 5, 6, 7, 6, 6, 6, 5, 5, 8, 4, 6, 8, 8, 6, 4, 7, 6, 8, 7, 5, 3, 6, 7, 6, 8, 6, 4, 3, 6, 5, 3, 7, 5, 6, 5, 4, 3, 4, 5, 4, 6, 7, 8, 6, 3, 4, 5, 5]
A_2 3 A 2 [1, 4, 4, 1, 2, 4, 1, 1, 4, 3, 3, 2, 3, 2, 2, 3, 3, 4, 2, 1, 4, 1, 3, 3, 2, 2, 4, 4, 1, 3, 3, 3, 3, 3, 3, 4, 3, 4, 1, 4, 3, 3, 1, 3, 2, 3, 3, 3, 1, 3, 2, 4, 1, 4, 2, 2, 2, 1, 2, 4, 3, 3, 1, 2, 4, 4, 3, 1, 3, 2, 2, 2, 1, 1, 1, 4, 1, 4, 4, 2] [4, 8, 6, 5, 6, 7, 3, 5, 6, 5, 6, 4, 7, 5, 6, 5, 7, 7, 4, 3, 8, 4, 7, 7, 6, 4, 7, 6, 4, 6, 6, 7, 5, 5, 7, 8, 6, 8, 4, 8, 7, 7, 3, 7, 4, 6, 6, 6, 4, 5, 6, 8, 5, 7, 6, 4, 4, 5, 6, 8, 6, 5, 3, 4, 7, 6, 7, 4, 5, 6, 6, 5, 5, 5, 3, 6, 4, 6, 6, 4]
A_3 4 A 3 [1, 1, 1, 4, 3, 2, 1, 1, 4, 1, 4, 2, 1, 2, 3, 2, 1, 1, 3, 3, 3, 4, 4, 3, 3, 4, 4, 1, 3, 4, 1, 3, 2, 4, 4, 3, 4, 1, 4, 2, 2, 1, 3, 4, 1, 1, 2, 4, 3, 2, 4, 3, 4, 2, 1, 1, 2, 3, 1, 1, 4, 3, 1, 1, 1, 1, 1, 4, 3, 2, 3, 1, 3, 4, 1, 3, 1, 4, 4, 1] [3, 5, 5, 6, 5, 6, 3, 4, 6, 3, 7, 4, 5, 4, 5, 5, 3, 5, 7, 5, 6, 7, 7, 6, 7, 7, 7, 3, 7, 8, 5, 6, 5, 6, 7, 7, 8, 4, 6, 6, 5, 5, 5, 6, 5, 4, 5, 8, 7, 4, 8, 5, 7, 5, 4, 5, 6, 5, 4, 4, 8, 6, 4, 5, 3, 5, 3, 7, 6, 6, 7, 3, 7, 6, 4, 7, 4, 6, 6, 4]
A_4 5 A 4 [2, 3, 2, 3, 3, 3, 2, 1, 2, 3, 4, 3, 3, 4, 3, 2, 3, 2, 3, 2, 1, 1, 1, 2, 1, 2, 2, 3, 1, 4, 3, 4, 3, 3, 4, 4, 3, 3, 4, 2, 1, 4, 1, 2, 1, 2, 1, 1, 2, 2, 1, 4, 3, 4, 3, 4, 3, 4, 3, 2, 1, 1, 2, 1, 4, 2, 2, 2, 3, 4, 1, 2, 1, 3, 2, 1, 4, 4, 2, 2] [5, 7, 6, 5, 5, 5, 6, 4, 6, 7, 8, 7, 6, 7, 6, 6, 7, 5, 6, 5, 4, 5, 5, 6, 4, 5, 6, 7, 4, 8, 7, 6, 6, 6, 6, 7, 7, 7, 6, 6, 3, 6, 4, 4, 3, 6, 3, 3, 4, 5, 3, 6, 6, 8, 5, 8, 7, 8, 6, 6, 4, 3, 4, 5, 7, 4, 4, 5, 7, 7, 3, 6, 3, 5, 6, 5, 6, 7, 6, 5]
A_5 6 A 5 [1, 3, 4, 2, 3, 2, 3, 2, 3, 2, 3, 1, 2, 3, 2, 1, 2, 2, 3, 3, 4, 3, 4, 4, 1, 2, 4, 4, 4, 2, 3, 4, 2, 3, 3, 1, 4, 1, 2, 2, 4, 1, 1, 3, 2, 2, 4, 2, 3, 3, 1, 4, 3, 1, 1, 3, 3, 3, 1, 1, 2, 4, 3, 1, 4, 4, 2, 4, 3, 2, 2, 1, 2, 4, 3, 1, 2, 4, 1, 1] [5, 7, 7, 6, 5, 5, 5, 6, 5, 4, 7, 3, 5, 6, 4, 3, 6, 5, 7, 6, 7, 5, 7, 8, 5, 4, 7, 8, 8, 4, 5, 6, 6, 5, 6, 5, 8, 5, 6, 5, 6, 5, 3, 6, 4, 4, 7, 4, 6, 7, 3, 6, 7, 5, 4, 7, 6, 5, 5, 5, 4, 8, 6, 3, 7, 8, 5, 7, 7, 4, 5, 3, 5, 7, 5, 3, 4, 6, 5, 5]
A_6 7 A 6 [3, 1, 1, 1, 2, 3, 1, 2, 3, 1, 2, 1, 2, 4, 4, 3, 1, 3, 3, 2, 1, 2, 3, 3, 1, 2, 2, 1, 4, 1, 3, 4, 4, 2, 1, 1, 1, 3, 1, 1, 4, 3, 2, 3, 4, 2, 2, 4, 3, 2, 3, 4, 1, 2, 2, 2, 2, 1, 3, 3, 2, 3, 4, 3, 2, 2, 3, 1, 2, 4, 4, 1, 2, 3, 4, 4, 3, 1, 1, 1] [7, 5, 3, 3, 6, 5, 4, 4, 7, 5, 6, 4, 6, 7, 8, 6, 4, 6, 6, 6, 5, 6, 6, 7, 3, 4, 6, 4, 7, 5, 7, 7, 7, 6, 4, 3, 5, 5, 4, 5, 7, 6, 6, 5, 7, 5, 5, 8, 7, 6, 7, 6, 3, 5, 4, 6, 4, 5, 7, 5, 4, 6, 7, 6, 4, 4, 5, 5, 4, 6, 6, 3, 6, 5, 7, 7, 6, 3, 5, 5]
A_7 8 A 7 [2, 2, 1, 1, 1, 2, 2, 2, 1, 2, 4, 2, 4, 3, 2, 4, 4, 2, 4, 4, 4, 4, 3, 3, 3, 2, 3, 3, 2, 3, 3, 4, 4, 2, 3, 2, 3, 4, 3, 4, 4, 3, 3, 3, 1, 2, 3, 2, 4, 1, 3, 4, 1, 4, 2, 3, 2, 3, 4, 3, 4, 2, 4, 2, 1, 3, 4, 1, 4, 4, 1, 4, 2, 3, 3, 3, 2, 4, 2, 2] [4, 4, 5, 4, 4, 6, 4, 6, 4, 4, 8, 5, 7, 6, 6, 6, 7, 5, 8, 6, 6, 7, 6, 5, 7, 5, 6, 7, 5, 7, 6, 6, 7, 6, 5, 6, 7, 8, 5, 8, 6, 5, 7, 7, 3, 4, 5, 5, 8, 4, 7, 6, 4, 6, 5, 5, 5, 6, 6, 7, 7, 4, 8, 6, 5, 5, 6, 5, 8, 7, 5, 7, 5, 6, 5, 5, 5, 6, 6, 6]
A_8 9 A 8 [1, 1, 4, 4, 2, 3, 3, 1, 3, 1, 4, 2, 4, 1, 4, 1, 2, 2, 3, 3, 4, 1, 4, 3, 3, 3, 1, 4, 3, 4, 2, 1, 1, 3, 4, 4, 1, 2, 3, 2, 3, 1, 2, 4, 2, 2, 1, 2, 4, 4, 3, 3, 4, 2, 2, 2, 1, 2, 3, 1, 4, 3, 2, 4, 4, 3, 2, 2, 1, 2, 2, 4, 1, 4, 1, 2, 1, 3, 3, 2] [4, 3, 6, 6, 6, 5, 7, 4, 7, 3, 8, 4, 7, 3, 6, 5, 5, 5, 5, 6, 8, 5, 8, 7, 6, 5, 3, 6, 5, 8, 6, 3, 4, 6, 8, 8, 4, 5, 7, 4, 5, 5, 6, 8, 6, 5, 4, 6, 8, 7, 5, 7, 7, 5, 4, 6, 5, 5, 7, 3, 8, 7, 5, 7, 6, 5, 4, 4, 4, 5, 4, 8, 5, 7, 5, 4, 4, 6, 6, 4]
A_9 11.379999999999999 A 9 [3, 3, 3, 1, 3, 2, 1, 2, 1, 2, 1, 3, 2, 2, 1, 2, 2, 4, 2, 3, 3, 2, 3, 1, 4, 2, 4, 4, 3, 3, 4, 2, 3, 4, 2, 2, 3, 3, 1, 4, 2, 1, 1, 1, 2, 4, 1, 2, 3, 2, 1, 3, 3, 1, 4, 4, 4, 4, 4, 4, 2, 4, 2, 2, 4, 2, 2, 4, 4, 2, 3, 3, 3, 2, 1, 3, 1, 3, 1, 4] [7, 5, 5, 3, 7, 4, 5, 4, 3, 6, 5, 5, 6, 4, 4, 6, 4, 8, 4, 5, 7, 4, 7, 4, 6, 4, 7, 8, 5, 5, 6, 5, 7, 6, 5, 6, 6, 7, 4, 6, 5, 3, 5, 4, 5, 8, 3, 5, 7, 6, 4, 6, 5, 3, 6, 8, 6, 8, 7, 6, 4, 6, 4, 5, 7, 4, 5, 7, 7, 4, 6, 7, 7, 4, 5, 6, 3, 6, 5, 6]
A_10 12.379999999999999 A 10 [1, 3, 3, 4, 4, 3, 2, 4, 4, 1, 4, 1, 4, 1, 3, 3, 2, 4, 2, 1, 4, 4, 4, 3, 4, 4, 1, 4, 4, 4, 4, 4, 2, 2, 3, 1, 1, 1, 3, 1, 4, 4, 2, 2, 4, 2, 4, 2, 1, 1, 2, 2, 2, 3, 4, 4, 3, 3, 4, 2, 4, 2, 1, 4, 4, 2, 2, 3, 1, 3, 2, 1, 2, 2, 2, 2, 4, 3, 4, 2] [5, 6, 6, 7, 8, 7, 6, 8, 8, 5, 7, 3, 6, 5, 5, 6, 6, 8, 4, 5, 8, 7, 8, 6, 8, 7, 3, 8, 7, 7, 6, 8, 6, 6, 7, 3, 3, 3, 7, 3, 6, 7, 4, 5, 7, 4, 6, 5, 4, 3, 5, 5, 5, 6, 8, 6, 6, 6, 6, 4, 8, 6, 4, 7, 8, 6, 6, 7, 3, 6, 5, 3, 4, 5, 5, 4, 8, 5, 7, 4]
A_11 17.169999999999998 A 11 [2, 2, 2, 2, 3, 1, 1, 2, 2, 3, 1, 4, 2, 4, 1, 2, 2, 1, 1, 2, 2, 3, 4, 4, 2, 2, 3, 2, 3, 3, 3, 4, 4, 4, 2, 2, 4, 1, 3, 1, 4, 2, 2, 2, 1, 1, 2, 1, 2, 1, 4, 1, 3, 1, 1, 4, 3, 4, 1, 3, 3, 2, 2, 1, 1, 2, 3, 2, 3, 1, 2, 3, 1, 2, 3, 3, 3, 2, 4, 4] [4, 6, 4, 4, 7, 3, 4, 5, 4, 5, 3, 7, 5, 8, 5, 5, 5, 5, 3, 6, 4, 7, 7, 8, 5, 6, 7, 5, 5, 6, 5, 6, 6, 7, 5, 5, 6, 4, 7, 3, 6, 5, 6, 6, 4, 5, 4, 4, 6, 4, 7, 3, 6, 3, 5, 8, 5, 7, 4, 5, 6, 6, 5, 3, 3, 5, 6, 4, 6, 4, 4, 7, 5, 6, 5, 7, 7, 6, 8, 8]
A_12 21.88 A 12 [2, 3, 3, 1, 3, 2, 2, 4, 4, 2, 4, 2, 1, 3, 4, 4, 1, 4, 4, 4, 3, 4, 2, 1, 4, 4, 3, 3, 2, 1, 3, 4, 4, 4, 4, 1, 4, 4, 3, 1, 2, 1, 2, 3, 2, 2, 3, 2, 2, 3, 2, 1, 1, 2, 1, 2, 1, 4, 1, 2, 3, 2, 1, 2, 1, 2, 1, 1, 3, 4, 1, 4, 2, 1, 2, 3, 1, 4, 1, 1] [5, 6, 7, 5, 6, 5, 6, 7, 7, 6, 6, 5, 3, 7, 8, 8, 4, 7, 8, 6, 6, 8, 5, 4, 8, 8, 6, 5, 5, 3, 7, 7, 7, 7, 8, 5, 6, 8, 6, 5, 6, 3, 5, 5, 6, 4, 6, 6, 5, 5, 6, 4, 4, 4, 5, 6, 5, 7, 4, 6, 6, 4, 3, 5, 3, 6, 5, 4, 5, 7, 4, 7, 4, 4, 4, 5, 5, 8, 3, 3]
A_13 24.23 A 13 [1, 2, 2, 2, 4, 3, 4, 3, 1, 2, 1, 4, 3, 4, 1, 1, 4, 1, 2, 3, 2, 1, 4, 1, 1, 4, 3, 2, 1, 1, 1, 3, 2, 2, 4, 4, 3, 1, 2, 3, 4, 2, 1, 1, 1, 1, 3, 4, 1, 3, 3, 1, 3, 1, 4, 1, 1, 4, 4, 2, 4, 2, 3, 3, 4, 3, 3, 2, 1, 2, 1, 3, 2, 4, 3, 2, 1, 4, 4, 3] [3, 4, 5, 4, 7, 6, 7, 6, 3, 4, 5, 8, 7, 8, 5, 5, 7, 3, 4, 5, 5, 3, 6, 3, 4, 6, 6, 6, 5, 4, 5, 7, 4, 6, 8, 8, 7, 3, 4, 5, 6, 4, 4, 5, 5, 4, 5, 8, 5, 7, 5, 5, 5, 5, 6, 5, 3, 8, 6, 6, 8, 4, 7, 6, 6, 7, 5, 6, 4, 4, 5, 5, 4, 8, 7, 6, 5, 7, 8, 6]
A_14 25.23 A 14 [1, 4, 2, 3, 3, 2, 4, 2, 4, 1, 3, 1, 4, 1, 1, 2, 4, 3, 1, 1, 4, 3, 3, 2, 2, 4, 1, 2, 2, 1, 1, 1, 2, 2, 2, 1, 3, 4, 2, 4, 1, 1, 2, 2, 4, 2, 3, 4, 1, 4, 3, 1, 2, 4, 2, 4, 1, 3, 3, 3, 2, 1, 2, 1, 2, 3, 1, 3, 2, 2, 1, 4, 4, 1, 4, 2, 2, 1, 3, 1] [5, 7, 6, 5, 6, 4, 8, 6, 6, 4, 5, 5, 8, 5, 3, 5, 8, 7, 5, 3, 6, 6, 7, 4, 4, 6, 4, 6, 6, 5, 3, 3, 5, 4, 5, 5, 7, 8, 6, 6, 3, 4, 6, 4, 6, 6, 6, 7, 4, 8, 6, 3, 6, 6, 4, 8, 3, 7, 6, 5, 5, 4, 5, 3, 4, 6, 4, 7, 6, 5, 3, 6, 7, 5, 6, 4, 5, 5, 5, 5]
A_15 30.53 A 15 [2, 3, 3, 2, 2, 1, 3, 4, 1, 2, 3, 2, 4, 1, 2, 4, 3, 3, 1, 3, 3, 4, 1, 4, 4, 1, 2, 3, 2, 4, 1, 1, 4, 4, 2, 4, 4, 3, 3, 1, 2, 1, 1, 4, 2, 1, 1, 1, 1, 4, 1, 2, 3, 4, 1, 3, 2, 4, 3, 1, 3, 3, 2, 4, 1, 4, 3, 3, 4, 2, 4, 3, 2, 1, 3, 3, 3, 3, 2, 2] [6, 7, 5, 5, 6, 3, 6, 6, 5, 6, 6, 5, 8, 5, 5, 6, 6, 7, 4, 6, 7, 7, 4, 8, 8, 4, 6, 6, 5, 7, 5, 3, 8, 8, 5, 8, 7, 6, 6, 5, 6, 3, 3, 8, 5, 3, 4, 4, 5, 7, 4, 6, 7, 7, 3, 7, 6, 7, 7, 4, 7, 7, 6, 6, 3, 6, 5, 7, 6, 4, 8, 5, 5, 5, 7, 6, 6, 5, 6, 5]
A_16 31.53 A 16 [3, 1, 3, 1, 3, 2, 1, 4, 2, 2, 2, 2, 1, 4, 4, 3, 2, 2, 2, 4, 3, 2, 4, 1, 3, 2, 2, 2, 2, 2, 2, 1, 4, 1, 1, 2, 2, 1, 1, 3, 3, 2, 3, 3, 3, 1, 4, 2, 4, 3, 2, 1, 1, 4, 1, 2, 4, 2, 3, 1, 4, 3, 1, 2, 2, 1, 2, 4, 2, 2, 4, 2, 1, 1, 3, 2, 1, 4, 2, 2] [6, 4, 7, 3, 7, 6, 4, 7, 5, 4, 6, 5, 4, 7, 8, 6, 4, 4, 4, 6, 7, 4, 8, 4, 5, 6, 5, 5, 5, 5, 5, 4, 8, 5, 3, 5, 4, 3, 3, 5, 7, 4, 6, 5, 5, 5, 6, 6, 8, 7, 5, 4, 3, 7, 5, 5, 6, 4, 6, 3, 8, 5, 4, 4, 5, 5, 4, 6, 6, 4, 8, 5, 3, 3, 5, 4, 3, 6, 5, 4]
A_17 32.53 A 17 [3, 4, 4, 1, 2, 2, 3, 2, 2, 4, 4, 1, 4, 1, 3, 3, 2, 2, 1, 2, 4, 3, 2, 4, 3, 3, 2, 2, 1, 1, 4, 3, 2, 1, 4, 2, 4, 3, 4, 1, 3, 3, 3, 4, 1, 2, 4, 3, 4, 1, 3, 3, 1, 3, 4, 4, 4, 4, 4, 2, 4, 3, 3, 2, 3, 2, 1, 1, 3, 2, 1, 4, 4, 4, 3, 4, 4, 4, 3, 3] [6, 7, 7, 5, 5, 5, 6, 5, 5, 8, 8, 5, 7, 3, 7, 7, 4, 4, 4, 5, 7, 5, 5, 6, 6, 5, 6, 4, 5, 3, 8, 6, 6, 5, 7, 4, 8, 5, 6, 3, 5, 7, 6, 7, 3, 5, 8, 6, 6, 5, 6, 7, 5, 6, 7, 8, 8, 6, 6, 4, 6, 6, 6, 4, 5, 6, 4, 5, 6, 5, 3, 8, 7, 8, 5, 7, 7, 7, 6, 6]
A_18 33.53 A 18 [1, 2, 2, 3, 3, 3, 3, 4, 3, 2, 2, 1, 4, 2, 1, 1, 2, 1, 3, 4, 3, 3, 1, 3, 1, 1, 2, 4, 2, 2, 3, 2, 1, 4, 3, 3, 1, 4, 3, 4, 3, 1, 2, 3, 4, 4, 3, 4, 3, 1, 3, 3, 1, 2, 1, 3, 4, 2, 4, 1, 2, 1, 1, 4, 4, 2, 4, 4, 2, 4, 1, 3, 2, 3, 3, 4, 3, 4, 4, 4] [5, 5, 4, 7, 6, 7, 6, 8, 5, 4, 4, 3, 8, 4, 5, 4, 4, 4, 6, 6, 6, 7, 5, 6, 5, 4, 5, 8, 4, 5, 7, 6, 4, 6, 7, 6, 3, 6, 6, 8, 7, 5, 6, 6, 8, 8, 5, 7, 5, 4, 5, 6, 3, 6, 4, 6, 8, 4, 8, 3, 5, 5, 3, 8, 8, 6, 6, 7, 4, 7, 4, 7, 5, 7, 5, 8, 7, 8, 7, 7]
A_19 34.53 A 19 [4, 3, 1, 3, 2, 3, 2, 4, 3, 3, 1, 2, 4, 3, 1, 3, 4, 2, 4, 3, 3, 3, 3, 3, 1, 3, 2, 3, 1, 1, 3, 2, 1, 2, 1, 2, 1, 4, 2, 2, 4, 4, 4, 3, 3, 1, 4, 1, 1, 2, 3, 1, 1, 2, 1, 3, 3, 1, 4, 2, 1, 1, 4, 4, 1, 1, 3, 3, 4, 2, 4, 2, 4, 3, 3, 3, 3, 4, 4, 1] [7, 7, 3, 5, 5, 6, 6, 6, 6, 5, 5, 6, 6, 5, 3, 6, 6, 5, 6, 6, 5, 7, 5, 6, 5, 7, 6, 6, 3, 3, 7, 5, 4, 5, 5, 5, 3, 8, 4, 5, 7, 7, 7, 7, 5, 3, 7, 3, 4, 6, 5, 4, 3, 4, 4, 7, 6, 4, 8, 5, 5, 4, 7, 8, 4, 4, 7, 5, 8, 4, 6, 5, 7, 6, 7, 6, 6, 7, 6, 4]
A_20 36.620000000000005 A 20 [3, 4, 4, 3, 1, 4, 1, 4, 4, 3, 4, 2, 3, 2, 4, 3, 3, 4, 3, 3, 1, 1, 1, 1, 2, 2, 1, 4, 3, 3, 1, 1, 4, 4, 4, 3, 2, 2, 1, 2, 2, 2, 4, 3, 1, 1, 3, 2, 2, 2, 4, 2, 4, 2, 4, 3, 1, 4, 1, 1, 2, 4, 1, 3, 4, 1, 2, 3, 1, 2, 4, 1, 4, 3, 1, 1, 1, 3, 4, 3] [5, 6, 8, 6, 4, 7, 5, 6, 8, 7, 8, 4, 6, 5, 6, 7, 7, 7, 6, 5, 5, 4, 5, 5, 6, 5, 5, 8, 5, 7, 3, 3, 8, 6, 7, 5, 4, 6, 3, 5, 5, 4, 6, 7, 3, 4, 7, 4, 4, 6, 7, 5, 6, 6, 8, 5, 5, 7, 5, 4, 4, 8, 4, 5, 8, 3, 5, 5, 4, 6, 6, 3, 6, 6, 4, 3, 3, 6, 8, 6]
A_21 37.800000000000004 A 21 [4, 3, 1, 4, 1, 3, 2, 4, 1, 2, 4, 3, 4, 1, 3, 4, 2, 3, 3, 3, 1, 2, 3, 2, 3, 1, 3, 1, 1, 2, 2, 2, 2, 1, 2, 1, 2, 3, 3, 4, 3, 2, 1, 1, 4, 3, 3, 3, 1, 3, 4, 4, 3, 3, 2, 3, 3, 1, 1, 1, 3, 3, 1, 4, 4, 3, 3, 3, 3, 1, 3, 1, 3, 4, 1, 1, 2, 4, 4, 3] [7, 6, 4, 7, 5, 5, 6, 7, 5, 4, 7, 7, 8, 3, 6, 7, 4, 5, 7, 7, 4, 5, 7, 5, 7, 3, 5, 4, 4, 6, 4, 4, 5, 3, 5, 3, 6, 6, 6, 6, 6, 5, 3, 5, 8, 7, 7, 6, 5, 6, 6, 8, 6, 6, 5, 5, 7, 3, 4, 3, 7, 6, 3, 7, 8, 7, 5, 6, 6, 5, 5, 4, 7, 8, 3, 5, 5, 6, 6, 6]
A_22 40.120000000000005 A 22 [1, 1, 3, 4, 1, 4, 3, 3, 4, 3, 4, 4, 2, 4, 3, 1, 4, 2, 1, 3, 1, 3, 1, 4, 2, 2, 4, 2, 4, 4, 3, 1, 2, 2, 3, 3, 4, 4, 1, 1, 3, 4, 3, 1, 4, 3, 1, 4, 1, 4, 1, 2, 2, 3, 3, 1, 2, 3, 4, 1, 1, 2, 1, 2, 3, 1, 1, 2, 1, 2, 3, 2, 1, 3, 1, 3, 2, 4, 2, 2] [4, 3, 7, 7, 5, 7, 6, 6, 8, 7, 8, 7, 5, 6, 7, 4, 8, 5, 5, 5, 5, 7, 4, 6, 6, 5, 6, 5, 7, 8, 7, 4, 4, 5, 5, 5, 6, 6, 5, 5, 5, 6, 6, 3, 7, 7, 3, 6, 4, 8, 3, 6, 6, 5, 5, 4, 6, 6, 8, 5, 5, 4, 3, 4, 6, 5, 3, 5, 3, 5, 5, 6, 5, 7, 3, 5, 5, 8, 4, 5]
A_23 41.120000000000005 A 23 [4, 4, 3, 3, 2, 4, 3, 3, 3, 1, 3, 4, 1, 1, 2, 4, 1, 4, 3, 3, 1, 2, 4, 2, 4, 3, 4, 1, 1, 1, 1, 3, 4, 1, 2, 4, 2, 2, 3, 3, 2, 2, 3, 4, 2, 3, 4, 3, 1, 4, 2, 4, 4, 4, 3, 1, 2, 3, 1, 4, 4, 1, 2, 1, 1, 3, 3, 3, 4, 4, 2, 3, 4, 3, 2, 3, 2, 2, 2, 3] [6, 6, 7, 6, 6, 8, 7, 5, 7, 4, 6, 8, 4, 3, 4, 8, 4, 6, 6, 6, 5, 5, 6, 6, 6, 5, 8, 4, 4, 5, 3, 6, 6, 3, 5, 7, 4, 5, 7, 7, 4, 5, 6, 6, 5, 7, 8, 5, 4, 8, 4, 7, 8, 8, 7, 4, 5, 5, 4, 8, 8, 4, 6, 3, 4, 5, 7, 7, 6, 8, 5, 7, 8, 7, 4, 5, 4, 6, 4, 5]
A_24 42.120000000000005 A 24 [1, 3, 2, 3, 1, 1, 1, 3, 3, 4, 4, 2, 4, 1, 2, 4, 3, 3, 1, 1, 2, 3, 2, 4, 2, 4, 3, 1, 1, 2, 3, 3, 3, 4, 2, 2, 2, 4, 4, 2, 2, 2, 1, 3, 3, 4, 4, 2, 3, 1, 3, 3, 3, 2, 4, 1, 3, 2, 3, 4, 4, 3, 3, 2, 2, 4, 2, 3, 4, 2, 3, 4, 2, 1, 2, 1, 1, 2, 4, 1] [5, 5, 6, 7, 4, 5, 3, 7, 6, 6, 8, 5, 8, 4, 4, 8, 5, 6, 5, 5, 6, 7, 6, 6, 6, 6, 6, 5, 4, 6, 7, 6, 5, 8, 5, 4, 6, 7, 6, 6, 5, 4, 5, 6, 7, 7, 8, 5, 7, 4, 7, 5, 6, 5, 6, 3, 7, 4, 5, 8, 8, 6, 6, 5, 6, 6, 5, 7, 8, 6, 5, 7, 6, 4, 4, 4, 3, 5, 7, 3]
A_25 43.120000000000005 A 25 [1, 2, 2, 4, 2, 2, 2, 2, 3, 2, 4, 2, 4, 4, 4, 1, 2, 3, 1, 3, 2, 1, 2, 3, 4, 4, 3, 2, 3, 2, 1, 4, 4, 2, 4, 4, 3, 4, 3, 4, 4, 2, 4, 3, 3, 3, 4, 4, 1, 2, 3, 4, 2, 2, 2, 3, 1, 2, 2, 1, 3, 1, 4, 2, 2, 4, 4, 3, 4, 3, 3, 1, 2, 2, 3, 4, 3, 3, 1, 2] [4, 5, 4, 7, 5, 4, 4, 5, 5, 4, 7, 6, 8, 6, 6, 4, 6, 5, 4, 7, 5, 3, 5, 5, 6, 7, 6, 4, 5, 6, 3, 8, 7, 6, 7, 7, 5, 8, 5, 6, 8, 5, 8, 6, 6, 5, 7, 6, 4, 5, 6, 6, 6, 6, 4, 6, 3, 6, 5, 3, 7, 5, 6, 6, 6, 6, 8, 5, 6, 5, 7, 3, 4, 5, 7, 7, 5, 7, 4, 6]
A_26 44.17 A 26 [4, 2, 4, 4, 2, 4, 2, 3, 1, 4, 1, 3, 3, 3, 1, 2, 2, 2, 2, 2, 1, 3, 4, 4, 3, 3, 4, 1, 2, 4, 1, 4, 3, 1, 3, 3, 1, 3, 4, 3, 2, 2, 1, 3, 3, 1, 1, 4, 4, 2, 4, 4, 1, 2, 4, 2, 1, 3, 4, 3, 3, 4, 4, 3, 2, 4, 4, 1, 3, 1, 4, 2, 3, 2, 3, 2, 1, 3, 4, 3] [8, 6, 7, 7, 6, 7, 6, 6, 3, 7, 3, 7, 6, 6, 4, 6, 5, 6, 5, 6, 5, 5, 6, 8, 6, 6, 6, 4, 4, 6, 3, 7, 5, 4, 7, 5, 4, 7, 6, 6, 6, 4, 3, 7, 7, 5, 5, 7, 7, 6, 8, 6, 3, 6, 6, 5, 4, 7, 7, 7, 5, 6, 7, 7, 5, 7, 7, 3, 7, 5, 6, 5, 5, 6, 6, 4, 4, 5, 8, 7]
A_27 46.07 A 27 [3, 2, 4, 1, 3, 4, 1, 3, 4, 4, 4, 2, 3, 2, 2, 3, 2, 2, 4, 3, 4, 1, 2, 1, 1, 2, 1, 4, 4, 4, 3, 4, 3, 1, 4, 2, 2, 4, 3, 3, 4, 4, 2, 4, 4, 2, 4, 2, 4, 3, 2, 4, 1, 3, 1, 2, 3, 1, 3, 1, 4, 2, 4, 4, 2, 4, 3, 3, 1, 4, 1, 3, 4, 3, 1, 3, 3, 4, 3, 3] [7, 6, 6, 3, 7, 8, 4, 7, 6, 8, 8, 5, 5, 6, 6, 6, 5, 4, 8, 6, 8, 4, 5, 4, 5, 4, 4, 7, 8, 7, 5, 7, 6, 4, 7, 4, 5, 8, 5, 5, 7, 8, 5, 8, 8, 4, 6, 4, 8, 6, 4, 8, 4, 6, 4, 6, 7, 5, 5, 3, 8, 6, 8, 7, 5, 8, 7, 6, 4, 8, 3, 6, 7, 6, 5, 5, 5, 8, 5, 6]
A_28 49.77 A 28 [1, 3, 1, 3, 1, 4, 4, 2, 3, 3, 4, 3, 2, 1, 2, 2, 2, 1, 2, 1, 3, 1, 4, 1, 1, 3, 2, 4, 2, 3, 4, 1, 3, 2, 2, 3, 4, 4, 1, 1, 4, 3, 4, 1, 3, 1, 4, 1, 1, 3, 2, 2, 4, 3, 1, 3, 3, 2, 2, 1, 1, 1, 3, 2, 3, 4, 3, 1, 3, 4, 3, 2, 3, 2, 2, 4, 2, 4, 4, 4] [5, 7, 4, 7, 4, 8, 7, 5, 5, 5, 7, 5, 5, 5, 6, 5, 5, 5, 4, 3, 5, 4, 7, 4, 4, 5, 4, 8, 6, 7, 8, 3, 5, 5, 4, 5, 6, 6, 4, 5, 8, 5, 7, 4, 5, 5, 6, 4, 5, 6, 5, 4, 6, 7, 3, 7, 6, 6, 6, 5, 5, 5, 7, 6, 6, 7, 6, 4, 6, 7, 7, 4, 5, 6, 6, 8, 6, 6, 7, 7]
A_29 50.77 A 29 [2, 3, 3, 4, 4, 2, 1, 3, 4, 3, 4, 3, 1, 1, 1, 4, 2, 1, 2, 1, 3, 2, 4, 1, 2, 2, 4, 4, 3, 2, 1, 4, 1, 1, 4, 1, 2, 1, 1, 2, 2, 2, 1, 4, 4, 1, 3, 1, 2, 3, 3, 2, 1, 4, 1, 3, 4, 1, 1, 4, 1, 1, 3, 1, 4, 3, 4, 3, 1, 1, 3, 1, 1, 4, 4, 2, 4, 3, 3, 4] [5, 7, 6, 8, 8, 4, 5, 7, 8, 5, 7, 6, 3, 4, 5, 7, 5, 3, 5, 3, 7, 6, 8, 5, 6, 6, 6, 7, 7, 5, 5, 8, 5, 5, 6, 3, 5, 4, 5, 4, 6, 6, 5, 7, 8, 5, 6, 5, 6, 5, 7, 6, 4, 8, 3, 7, 6, 5, 5, 8, 4, 5, 7, 4, 6, 5, 6, 5, 3, 5, 6, 4, 4, 7, 6, 5, 8, 5, 7, 6]
A_30 51.77 A 30 [1, 4, 3, 1, 3, 3, 3, 3, 2, 4, 4, 3, 3, 1, 1, 1, 2, 4, 3, 3, 1, 2, 3, 1, 3, 1, 1, 3, 4, 1, 1, 1, 4, 4, 2, 1, 3, 3, 3, 1, 3, 3, 4, 3, 2, 1, 2, 3, 3, 3, 4, 4, 3, 4, 1, 1, 1, 2, 1, 2, 4, 2, 2, 2, 4, 4, 2, 4, 1, 2, 1, 4, 2, 1, 3, 1, 4, 1, 2, 2] [4, 7, 6, 5, 7, 5, 7, 6, 6, 6, 6, 5, 7, 5, 3, 5, 5, 8, 7, 7, 3, 4, 7, 3, 7, 3, 3, 5, 8, 5, 4, 3, 6, 7, 5, 3, 7, 5, 6, 4, 5, 6, 6, 5, 5, 5, 4, 7, 7, 7, 7, 8, 5, 6, 4, 5, 5, 5, 3, 4, 6, 4, 4, 6, 7, 7, 6, 8, 3, 5, 5, 8, 6, 5, 7, 3, 7, 4, 5, 4]
A_31 52.77 A 31 [2, 3, 3, 3, 4, 4, 4, 4, 1, 2, 4, 4, 4, 3, 1, 1, 1, 3, 2, 2, 1, 2, 1, 3, 3, 4, 4, 4, 1, 4, 1, 2, 4, 4, 4, 1, 2, 2, 4, 4, 1, 2, 2, 3, 1, 2, 4, 4, 3, 4, 1, 2, 4, 1, 3, 3, 2, 2, 1, 2, 4, 1, 3, 1, 1, 1, 3, 4, 1, 2, 1, 3, 3, 3, 2, 2, 3, 3, 3, 1] [6, 6, 7, 6, 6, 6, 7, 6, 3, 5, 8, 6, 7, 7, 3, 3, 4, 6, 6, 5, 3, 4, 4, 6, 6, 8, 7, 7, 3, 8, 3, 5, 6, 8, 7, 5, 6, 6, 7, 6, 3, 6, 5, 7, 5, 5, 7, 8, 6, 6, 5, 5, 6, 4, 5, 6, 5, 5, 4, 6, 8, 3, 7, 5, 3, 3, 6, 7, 3, 5, 4, 6, 7, 6, 4, 6, 7, 7, 6, 5]
A_32 54.02 A 32 [2, 3, 3, 2, 3, 2, 4, 4, 1, 3, 2, 4, 4, 2, 2, 4, 4, 2, 1, 1, 4, 2, 2, 4, 3, 4, 3, 3, 3, 1, 4, 4, 2, 4, 2, 4, 3, 1, 2, 1, 3, 4, 1, 4, 4, 4, 4, 4, 2, 3, 4, 4, 4, 2, 2, 4, 4, 1, 2, 1, 3, 4, 4, 1, 2, 4, 4, 4, 1, 4, 3, 1, 4, 4, 3, 1, 1, 4, 2, 4] [6, 5, 5, 5, 6, 6, 7, 7, 4, 7, 6, 6, 7, 4, 5, 8, 8, 6, 4, 4, 8, 5, 4, 6, 5, 7, 5, 6, 5, 5, 6, 6, 4, 7, 5, 6, 7, 3, 4, 3, 7, 7, 4, 7, 8, 6, 7, 8, 6, 6, 6, 8, 6, 4, 4, 6, 7, 3, 5, 5, 6, 8, 7, 4, 4, 8, 6, 8, 5, 7, 5, 4, 6, 7, 7, 5, 5, 7, 5, 7]
A_33 55.02 A 33 [2, 3, 3, 4, 3, 3, 2, 2, 3, 4, 2, 4, 4, 2, 2, 4, 1, 1, 4, 2, 4, 1, 2, 1, 4, 2, 1, 1, 2, 1, 4, 4, 4, 3, 3, 1, 1, 4, 2, 3, 3, 2, 3, 4, 2, 3, 2, 2, 4, 3, 4, 4, 2, 1, 1, 4, 2, 4, 4, 3, 1, 4, 4, 1, 2, 2, 3, 3, 2, 4, 1, 3, 4, 1, 3, 1, 4, 1, 4, 3] [4, 6, 5, 6, 6, 5, 6, 6, 6, 6, 6, 7, 7, 6, 4, 8, 5, 5, 6, 5, 6, 3, 5, 3, 8, 6, 4, 4, 5, 5, 7, 8, 7, 7, 6, 3, 5, 7, 6, 7, 7, 6, 5, 6, 5, 7, 4, 4, 7, 5, 7, 8, 6, 3, 3, 6, 5, 7, 7, 7, 3, 7, 8, 4, 6, 5, 6, 6, 5, 6, 3, 6, 6, 3, 7, 4, 6, 3, 8, 7]
A_34 56.02 A 34 [2, 3, 3, 4, 4, 3, 1, 3, 4, 2, 3, 2, 4, 4, 2, 2, 1, 4, 3, 1, 4, 2, 3, 2, 2, 4, 3, 4, 2, 4, 2, 4, 2, 3, 4, 1, 1, 2, 2, 4, 4, 4, 2, 2, 1, 4, 2, 4, 3, 4, 3, 4, 4, 2, 1, 3, 3, 1, 4, 3, 1, 3, 3, 3, 4, 2, 1, 4, 4, 2, 3, 1, 4, 4, 3, 3, 3, 4, 1, 2] [4, 7, 7, 7, 6, 6, 4, 5, 8, 5, 7, 5, 8, 8, 5, 5, 3, 7, 7, 5, 7, 5, 5, 5, 5, 7, 7, 7, 4, 6, 5, 7, 5, 6, 7, 4, 3, 5, 6, 7, 6, 6, 5, 4, 5, 6, 5, 6, 6, 7, 5, 7, 6, 6, 3, 5, 5, 5, 7, 7, 5, 7, 5, 6, 7, 6, 3, 8, 7, 6, 7, 3, 7, 7, 7, 7, 6, 6, 3, 6]
A_35 57.02 A 35 [3, 2, 4, 3, 4, 1, 1, 2, 4, 2, 1, 2, 1, 4, 1, 4, 2, 2, 3, 2, 3, 1, 3, 4, 2, 4, 3, 2, 3, 1, 1, 1, 4, 1, 1, 4, 2, 4, 3, 3, 4, 4, 3, 1, 1, 4, 1, 3, 1, 2, 3, 4, 4, 3, 1, 2, 3, 1, 4, 2, 3, 2, 1, 1, 4, 4, 3, 3, 2, 1, 4, 2, 1, 1, 1, 2, 3, 3, 2, 3] [7, 6, 8, 7, 7, 5, 3, 6, 8, 6, 3, 5, 5, 8, 5, 8, 5, 4, 6, 5, 5, 3, 5, 7, 4, 7, 5, 4, 5, 3, 3, 5, 6, 3, 4, 6, 5, 7, 7, 6, 6, 6, 6, 5, 5, 8, 4, 7, 4, 4, 6, 8, 7, 7, 4, 6, 6, 4, 7, 5, 6, 6, 5, 5, 6, 6, 7, 7, 6, 3, 6, 5, 4, 4, 5, 4, 6, 5, 5, 5]
A_36 58.02 A 36 [1, 2, 3, 4, 3, 4, 1, 3, 1, 3, 1, 4, 4, 3, 3, 4, 2, 4, 1, 1, 2, 2, 4, 2, 2, 3, 1, 2, 4, 2, 3, 2, 3, 1, 1, 2, 4, 3, 2, 4, 1, 3, 3, 4, 2, 3, 4, 4, 3, 3, 1, 3, 4, 4, 2, 1, 1, 3, 4, 2, 3, 4, 4, 4, 4, 4, 4, 1, 3, 1, 4, 3, 4, 3, 3, 3, 3, 2, 3, 2] [4, 6, 6, 8, 7, 8, 5, 7, 4, 6, 3, 6, 6, 7, 7, 7, 4, 8, 3, 3, 4, 6, 6, 4, 6, 5, 4, 5, 6, 5, 7, 6, 7, 5, 3, 5, 6, 7, 4, 8, 5, 5, 6, 8, 5, 7, 8, 6, 5, 7, 4, 7, 7, 6, 4, 4, 5, 6, 6, 4, 5, 6, 7, 8, 6, 7, 8, 4, 7, 5, 6, 5, 8, 6, 6, 7, 7, 6, 7, 4]
A_37 60.550000000000004 A 37 [4, 4, 4, 1, 3, 1, 3, 4, 2, 3, 1, 1, 4, 1, 4, 3, 1, 3, 4, 4, 2, 3, 4, 2, 4, 4, 3, 4, 4, 1, 3, 2, 1, 4, 2, 4, 3, 2, 3, 4, 3, 3, 1, 1, 4, 1, 3, 4, 1, 3, 3, 1, 3, 1, 1, 4, 1, 4, 3, 4, 4, 2, 2, 4, 2, 3, 4, 2, 4, 2, 2, 4, 3, 1, 4, 2, 2, 2, 2, 1] [7, 6, 8, 4, 7, 5, 5, 8, 5, 7, 3, 4, 8, 3, 8, 6, 3, 5, 6, 8, 6, 6, 6, 5, 7, 8, 7, 8, 6, 4, 5, 6, 3, 7, 5, 7, 7, 6, 5, 8, 7, 5, 3, 3, 6, 5, 7, 8, 3, 5, 7, 3, 6, 3, 4, 7, 4, 8, 6, 6, 7, 5, 4, 8, 6, 6, 7, 4, 6, 6, 4, 8, 5, 3, 8, 6, 5, 6, 4, 5]
A_38 61.550000000000004 A 38 [2, 1, 1, 4, 4, 2, 1, 3, 3, 1, 3, 3, 3, 2, 2, 3, 1, 4, 3, 2, 1, 3, 1, 3, 4, 3, 4, 3, 1, 1, 3, 4, 2, 2, 2, 3, 2, 3, 4, 2, 3, 2, 1, 1, 1, 2, 4, 3, 1, 4, 2, 3, 4, 3, 1, 3, 2, 2, 3, 4, 4, 2, 3, 1, 1, 3, 2, 1, 2, 3, 4, 1, 1, 4, 2, 1, 4, 4, 1, 2] [6, 5, 4, 6, 6, 6, 4, 5, 7, 4, 7, 7, 6, 4, 6, 6, 3, 6, 6, 4, 3, 6, 5, 7, 6, 5, 6, 5, 4, 5, 6, 7, 4, 6, 6, 7, 4, 5, 6, 4, 5, 4, 5, 5, 3, 5, 7, 5, 4, 6, 4, 5, 7, 7, 5, 7, 4, 5, 6, 8, 8, 4, 7, 4, 3, 5, 4, 5, 5, 6, 7, 5, 4, 8, 6, 3, 7, 8, 5, 5]
A_39 65.62 A 39 [3, 3, 4, 2, 2, 2, 1, 4, 2, 4, 1, 1, 1, 3, 4, 1, 3, 1, 4, 2, 2, 4, 1, 3, 2, 4, 3, 3, 1, 2, 1, 4, 1, 3, 4, 3, 4, 4, 2, 1, 2, 4, 2, 3, 3, 3, 2, 4, 3, 3, 2, 1, 4, 3, 1, 4, 2, 3, 2, 2, 4, 2, 4, 2, 4, 2, 2, 3, 2, 4, 1, 4, 4, 3, 2, 2, 2, 3, 2, 3] [5, 5, 8, 6, 6, 5, 5, 8, 4, 6, 3, 3, 5, 5, 6, 5, 5, 3, 8, 5, 5, 6, 5, 7, 6, 6, 6, 5, 5, 4, 4, 6, 3, 7, 7, 6, 8, 8, 4, 5, 4, 6, 4, 6, 5, 5, 5, 6, 7, 6, 6, 5, 8, 5, 5, 8, 6, 6, 6, 5, 8, 4, 7, 4, 7, 4, 4, 7, 6, 6, 5, 7, 8, 7, 4, 4, 6, 7, 5, 5]
B_0 1.58 B 40 [1, 4, 3, 2, 1, 4, 4, 4, 3, 2, 4, 4, 2, 4, 1, 2, 3, 3, 3, 4, 2, 3, 3, 2, 2, 4, 2, 4, 4, 2, 3, 1, 3, 3, 4, 4, 1, 3, 3, 2, 1, 3, 1, 4, 3, 4, 1, 1, 4, 3, 2, 3, 1, 1, 4, 3, 3, 3, 4, 1, 4, 2, 1, 1, 4, 3, 1, 3, 1, 2, 3, 1, 2, 2, 4, 1, 3, 1, 1, 3] [3, 8, 7, 5, 3, 6, 7, 6, 5, 5, 6, 6, 6, 6, 3, 6, 7, 5, 7, 7, 5, 6, 5, 4, 5, 8, 6, 7, 8, 6, 5, 3, 7, 7, 6, 6, 5, 7, 5, 4, 5, 6, 5, 8, 6, 6, 3, 3, 8, 5, 5, 6, 5, 3, 7, 5, 6, 7, 8, 4, 8, 5, 4, 3, 6, 6, 5, 5, 3, 4, 5, 3, 5, 5, 6, 3, 5, 4, 5, 6]
B_1 3.5700000000000003 B 41 [2, 2, 3, 1, 4, 1, 3, 3, 1, 1, 4, 2, 1, 2, 1, 1, 2, 3, 1, 4, 2, 2, 4, 2, 2, 2, 2, 4, 3, 2, 3, 2, 4, 2, 4, 4, 3, 3, 2, 4, 3, 1, 1, 2, 3, 1, 3, 2, 3, 2, 3, 4, 4, 3, 4, 2, 4, 4, 4, 1, 3, 1, 4, 1, 2, 4, 4, 3, 4, 2, 1, 3, 3, 2, 4, 1, 2, 3, 2, 4] [5, 4, 7, 5, 6, 5, 6, 5, 5, 3, 7, 5, 3, 4, 4, 3, 4, 7, 5, 7, 4, 5, 6, 5, 4, 5, 4, 8, 5, 6, 6, 6, 7, 6, 6, 6, 5, 5, 4, 6, 6, 4, 3, 5, 6, 4, 7, 4, 6, 4, 6, 7, 6, 7, 7, 4, 8, 7, 7, 5, 5, 3, 6, 5, 5, 7, 7, 6, 7, 4, 4, 5, 5, 5, 6, 5, 4, 5, 6, 8]
B_2 4.800000000000001 B 42 [3, 2, 1, 3, 1, 1, 2, 3, 2, 1, 2, 2, 2, 1, 2, 1, 3, 3, 2, 4, 4, 1, 3, 3, 1, 4, 1, 2, 4, 1, 4, 2, 1, 3, 2, 3, 3, 1, 1, 2, 1, 1, 1, 1, 4, 3, 4, 4, 2, 4, 3, 1, 1, 3, 4, 4, 1, 3, 2, 2, 1, 3, 3, 1, 4, 1, 4, 3, 2, 2, 3, 2, 4, 3, 4, 3, 1, 4, 3, 2] [6, 6, 3, 5, 4, 3, 6, 7, 6, 5, 4, 6, 5, 4, 6, 3, 6, 6, 6, 7, 6, 3, 6, 6, 5, 8, 3, 5, 7, 5, 6, 5, 4, 5, 5, 6, 6, 3, 5, 4, 5, 3, 5, 4, 6, 5, 7, 8, 6, 6, 7, 4, 3, 6, 6, 8, 3, 5, 5, 5, 3, 7, 7, 5, 6, 4, 7, 5, 4, 6, 7, 6, 8, 5, 8, 7, 5, 6, 6, 5]
B_3 6.630000000000001 B 43 [4, 4, 3, 4, 2, 3, 3, 3, 4, 1, 2, 2, 3, 1, 2, 4, 3, 4, 3, 3, 3, 1, 1, 4, 3, 3, 3, 4, 1, 4, 3, 3, 4, 4, 2, 1, 4, 1, 1, 3, 4, 2, 1, 3, 2, 2, 1, 2, 2, 3, 3, 4, 4, 4, 4, 3, 3, 2, 4, 4, 1, 3, 1, 2, 1, 2, 3, 4, 1, 1, 1, 3, 1, 1, 4, 2, 2, 1, 1, 4] [6, 8, 7, 6, 4, 6, 5, 7, 8, 4, 5, 6, 5, 5, 4, 8, 5, 7, 6, 7, 7, 5, 3, 6, 6, 6, 7, 8, 4, 7, 5, 7, 7, 6, 4, 5, 8, 3, 5, 6, 8, 5, 4, 7, 6, 6, 3, 5, 6, 7, 7, 7, 8, 7, 6, 7, 5, 6, 8, 7, 4, 5, 5, 5, 3, 6, 6, 6, 5, 4, 4, 7, 3, 4, 7, 5, 6, 4, 5, 8]
B_4 7.630000000000001 B 44 [1, 4, 2, 1, 1, 2, 4, 1, 2, 2, 4, 1, 2, 1, 4, 2, 3, 1, 4, 3, 1, 4, 4, 2, 3, 3, 3, 4, 3, 4, 2, 1, 4, 2, 1, 1, 2, 4, 1, 3, 3, 3, 4, 2, 2, 4, 3, 3, 4, 4, 1, 2, 1, 3, 3, 1, 3, 3, 1, 3, 3, 3, 3, 1, 3, 4, 3, 1, 1, 2, 1, 3, 2, 4, 3, 4, 2, 1, 2, 3] [4, 8, 4, 5, 3, 4, 7, 3, 6, 5, 7, 4, 6, 5, 6, 5, 5, 3, 8, 5, 3, 8, 7, 5, 7, 6, 7, 8, 5, 8, 5, 5, 8, 5, 5, 5, 5, 6, 3, 5, 6, 6, 6, 6, 6, 7, 7, 6, 6, 7, 4, 6, 5, 6, 6, 4, 5, 6, 3, 7, 5, 6, 6, 4, 6, 7, 7, 5, 4, 4, 3, 5, 6, 8, 6, 8, 4, 3, 5, 7]
B_5 8.63 B 45 [2, 4, 3, 1, 2, 2, 2, 2, 2, 4, 2, 1, 2, 1, 2, 1, 1, 2, 4, 1, 1, 3, 3, 3, 4, 3, 1, 2, 1, 1, 1, 2, 4, 3, 4, 4, 3, 1, 2, 3, 4, 1, 3, 2, 4, 1, 2, 1, 1, 2, 4, 2, 1, 1, 3, 1, 1, 2, 4, 2, 1, 2, 1, 4, 2, 3, 1, 3, 4, 4, 1, 2, 2, 2, 1, 2, 2, 2, 4, 2] [6, 6, 6, 4, 6, 4, 5, 4, 5, 8, 4, 5, 4, 4, 6, 3, 5, 5, 8, 3, 4, 7, 7, 7, 7, 5, 5, 4, 5, 5, 5, 5, 6, 7, 6, 8, 7, 5, 5, 5, 6, 4, 5, 6, 7, 4, 4, 3, 4, 5, 8, 4, 3, 4, 7, 4, 3, 4, 7, 4, 4, 5, 3, 7, 6, 7, 5, 6, 8, 8, 5, 4, 4, 5, 4, 6, 5, 5, 8, 5]
B_6 9.63 B 46 [2, 2, 3, 2, 1, 4, 2, 3, 1, 1, 4, 2, 3, 3, 3, 1, 4, 4, 3, 4, 3, 3, 1, 4, 4, 4, 1, 4, 4, 3, 2, 4, 4, 2, 2, 1, 4, 3, 4, 2, 1, 3, 4, 1, 3, 2, 3, 3, 4, 3, 2, 2, 2, 4, 2, 4, 3, 3, 1, 1, 1, 3, 2, 4, 2, 4, 2, 2, 4, 3, 1, 4, 4, 2, 1, 4, 2, 1, 1, 3] [4, 4, 6, 5, 3, 7, 5, 5, 4, 3, 6, 4, 6, 5, 6, 4, 6, 8, 5, 7, 7, 7, 3, 8, 8, 7, 5, 6, 6, 6, 4, 7, 7, 4, 5, 4, 8, 7, 7, 5, 3, 7, 7, 3, 7, 4, 7, 5, 7, 5, 5, 6, 6, 6, 5, 6, 7, 7, 4, 3, 3, 7, 5, 8, 6, 8, 6, 5, 6, 6, 3, 8, 8, 5, 5, 7, 6, 3, 5, 7]
B_7 10.63 B 47 [2, 4, 3, 4, 1, 2, 4, 2, 2, 2, 2, 1, 2, 4, 4, 1, 2, 3, 4, 1, 2, 3, 4, 3, 2, 4, 4, 2, 1, 1, 3, 4, 4, 2, 4, 3, 4, 4, 3, 4, 1, 2, 4, 2, 3, 1, 3, 1, 4, 4, 4, 4, 1, 3, 2, 4, 2, 3, 4, 1, 3, 3, 4, 1, 3, 2, 1, 4, 3, 3, 1, 3, 4, 2, 3, 1, 2, 3, 3, 3] [5, 7, 6, 8, 3, 4, 8, 5, 6, 5, 5, 4, 6, 8, 7, 4, 6, 6, 7, 3, 4, 6, 6, 5, 5, 6, 7, 4, 4, 5, 7, 8, 8, 4, 6, 7, 6, 8, 5, 6, 3, 4, 8, 5, 6, 3, 5, 5, 7, 7, 6, 8, 4, 6, 4, 8, 6, 6, 7, 3, 5, 7, 8, 5, 6, 5, 4, 6, 7, 5, 4, 7, 6, 4, 6, 4, 4, 5, 7, 7]
B_8 13.91 B 48 [2, 3, 1, 3, 2, 3, 3, 4, 4, 3, 1, 2, 2, 1, 1, 1, 4, 4, 3, 1, 2, 1, 1, 1, 3, 1, 4, 4, 1, 2, 3, 3, 2, 4, 3, 1, 3, 1, 1, 3, 4, 3, 2, 2, 4, 1, 4, 4, 3, 2, 2, 2, 4, 2, 2, 2, 1, 2, 2, 3, 1, 3, 1, 4, 3, 2, 1, 3, 1, 3, 4, 3, 3, 3, 2, 4, 3, 3, 4, 4] [4, 6, 4, 7, 4, 6, 7, 8, 8, 7, 4, 6, 5, 5, 4, 5, 8, 6, 5, 4, 4, 5, 4, 4, 7, 4, 7, 8, 5, 6, 7, 6, 6, 7, 6, 4, 5, 3, 4, 7, 8, 6, 6, 6, 6, 4, 7, 7, 6, 4, 5, 5, 6, 4, 5, 4, 3, 5, 4, 7, 5, 7, 3, 8, 5, 5, 4, 7, 5, 6, 8, 7, 6, 5, 6, 7, 7, 7, 6, 7]
B_9 14.91 B 49 [3, 4, 3, 2, 2, 3, 2, 1, 4, 2, 1, 1, 3, 3, 4, 4, 3, 1, 1, 2, 2, 3, 4, 4, 1, 2, 2, 3, 3, 3, 3, 4, 3, 3, 4, 2, 3, 3, 4, 3, 3, 2, 4, 3, 4, 2, 3, 4, 2, 3, 3, 4, 4, 1, 4, 4, 1, 1, 3, 3, 3, 2, 1, 3, 3, 4, 2, 3, 3, 1, 4, 2, 1, 2, 2, 4, 1, 2, 1, 1] [7, 8, 5, 4, 5, 7, 6, 4, 7, 6, 3, 4, 5, 7, 8, 7, 7, 5, 4, 6, 6, 6, 8, 8, 4, 5, 6, 6, 6, 5, 7, 6, 6, 5, 7, 4, 7, 5, 6, 6, 5, 4, 6, 7, 7, 5, 5, 7, 4, 7, 5, 7, 7, 4, 7, 6, 3, 4, 5, 6, 5, 4, 4, 6, 7, 6, 6, 5, 7, 4, 7, 6, 5, 5, 5, 6, 4, 6, 3, 3]
B_10 20.89 B 50 [3, 3, 2, 4, 1, 1, 3, 3, 3, 1, 2, 4, 2, 3, 3, 1, 2, 3, 3, 3, 4, 4, 1, 2, 3, 3, 4, 2, 2, 3, 4, 1, 4, 4, 3, 3, 1, 3, 2, 2, 2, 3, 3, 3, 1, 4, 2, 4, 2, 3, 3, 3, 2, 2, 4, 1, 3, 3, 3, 1, 1, 1, 3, 2, 2, 1, 2, 2, 3, 4, 2, 1, 3, 4, 4, 3, 2, 3, 2, 2] [5, 7, 6, 8, 3, 3, 7, 7, 5, 4, 5, 7, 6, 5, 6, 4, 5, 6, 5, 5, 7, 6, 3, 4, 7, 6, 8, 4, 5, 7, 7, 5, 6, 7, 5, 6, 4, 7, 4, 6, 5, 6, 7, 7, 4, 8, 5, 6, 5, 5, 6, 7, 5, 6, 6, 4, 7, 6, 7, 4, 4, 4, 7, 5, 4, 4, 4, 5, 7, 7, 5, 4, 6, 8, 7, 6, 5, 6, 4, 5]
B_11 26.68 B 51 [1, 1, 4, 3, 4, 4, 4, 4, 3, 3, 2, 1, 1, 1, 1, 2, 1, 3, 3, 1, 2, 4, 2, 4, 3, 4, 4, 4, 2, 2, 4, 2, 4, 4, 4, 4, 3, 1, 3, 1, 3, 4, 1, 4, 2, 2, 2, 4, 2, 4, 3, 2, 4, 1, 2, 4, 4, 2, 4, 1, 4, 3, 4, 1, 4, 3, 3, 4, 1, 3, 3, 2, 4, 1, 3, 3, 2, 1, 3, 4] [3, 5, 8, 5, 6, 6, 6, 6, 7, 6, 5, 3, 4, 5, 3, 6, 4, 7, 6, 4, 5, 8, 6, 7, 5, 6, 6, 8, 4, 6, 8, 5, 8, 8, 7, 8, 7, 3, 5, 5, 6, 7, 4, 7, 6, 4, 6, 8, 5, 7, 7, 6, 6, 4, 4, 7, 8, 6, 7, 4, 6, 6, 6, 3, 6, 5, 7, 8, 3, 6, 5, 6, 8, 5, 7, 5, 5, 3, 6, 6]
B_12 27.68 B 52 [4, 1, 1, 4, 3, 3, 1, 1, 4, 3, 2, 3, 1, 3, 2, 3, 1, 1, 1, 1, 4, 3, 2, 4, 3, 2, 1, 1, 4, 1, 3, 4, 4, 2, 4, 4, 4, 3, 4, 4, 1, 4, 1, 4, 1, 1, 2, 1, 4, 4, 2, 4, 1, 4, 2, 4, 3, 4, 3, 2, 2, 4, 3, 2, 1, 2, 2, 1, 3, 4, 4, 3, 2, 4, 1, 3, 3, 4, 3, 3] [6, 3, 5, 7, 6, 7, 3, 4, 7, 5, 5, 6, 4, 5, 6, 7, 3, 5, 3, 3, 6, 6, 6, 8, 6, 6, 3, 4, 6, 4, 5, 6, 6, 6, 6, 7, 7, 6, 7, 8, 5, 6, 3, 8, 5, 3, 6, 4, 6, 7, 5, 6, 3, 6, 6, 6, 6, 6, 7, 5, 6, 7, 5, 5, 4, 6, 5, 5, 7, 8, 6, 6, 6, 6, 4, 5, 6, 8, 5, 6]
B_13 34.82 B 53 [1, 2, 4, 2, 4, 1, 2, 4, 2, 1, 3, 1, 2, 1, 4, 4, 4, 3, 2, 2, 2, 3, 3, 4, 2, 2, 2, 3, 3, 4, 4, 1, 2, 1, 2, 3, 4, 1, 3, 3, 1, 3, 3, 4, 3, 1, 4, 3, 2, 1, 2, 1, 4, 2, 1, 1, 2, 1, 1, 3, 1, 1, 3, 1, 4, 2, 4, 2, 1, 3, 1, 2, 2, 3, 3, 3, 1, 2, 1, 2] [4, 6, 7, 5, 8, 5, 5, 6, 5, 3, 6, 3, 4, 5, 6, 7, 7, 6, 6, 4, 6, 6, 5, 8, 5, 6, 6, 6, 7, 8, 6, 4, 4, 3, 6, 7, 6, 3, 7, 5, 3, 7, 6, 7, 6, 4, 6, 6, 4, 4, 6, 4, 6, 4, 3, 4, 6, 4, 3, 6, 5, 3, 6, 5, 6, 6, 7, 4, 4, 5, 3, 4, 4, 5, 5, 7, 3, 6, 5, 6]
B_14 35.82 B 54 [4, 4, 2, 1, 3, 1, 2, 2, 2, 4, 4, 1, 1, 4, 2, 1, 1, 4, 1, 1, 4, 2, 3, 3, 4, 2, 4, 1, 1, 1, 1, 3, 2, 1, 1, 1, 2, 1, 1, 1, 4, 4, 4, 4, 3, 3, 2, 2, 2, 4, 4, 2, 2, 1, 4, 2, 2, 2, 4, 2, 4, 2, 1, 1, 3, 4, 3, 2, 3, 1, 2, 3, 3, 1, 4, 2, 4, 1, 1, 2] [7, 7, 6, 4, 5, 4, 4, 5, 4, 6, 8, 5, 5, 6, 4, 3, 5, 7, 4, 4, 8, 5, 5, 7, 6, 4, 6, 4, 3, 3, 4, 5, 4, 3, 3, 4, 4, 4, 5, 5, 7, 7, 6, 6, 6, 7, 5, 4, 5, 7, 6, 4, 6, 3, 8, 5, 4, 5, 6, 5, 6, 6, 4, 4, 7, 8, 6, 5, 6, 5, 4, 6, 5, 3, 8, 6, 7, 3, 5, 4]
B_15 36.82 B 55 [1, 2, 2, 1, 4, 3, 2, 3, 2, 4, 4, 4, 2, 1, 4, 3, 2, 4, 3, 3, 3, 3, 1, 1, 1, 3, 2, 2, 3, 3, 1, 3, 4, 4, 3, 2, 1, 4, 3, 4, 3, 2, 4, 3, 1, 1, 4, 4, 2, 4, 1, 4, 4, 1, 2, 2, 1, 1, 1, 4, 1, 3, 1, 2, 2, 4, 3, 4, 3, 1, 4, 3, 1, 3, 1, 2, 1, 4, 3, 3] [3, 6, 4, 5, 8, 7, 6, 5, 6, 8, 6, 8, 6, 5, 8, 7, 5, 8, 6, 7, 5, 5, 4, 4, 3, 6, 5, 6, 7, 7, 5, 6, 6, 6, 5, 6, 4, 7, 7, 8, 5, 4, 8, 7, 4, 4, 6, 8, 4, 6, 4, 7, 6, 4, 5, 5, 4, 3, 4, 7, 3, 5, 3, 6, 6, 7, 6, 7, 6, 4, 7, 5, 5, 5, 3, 6, 3, 6, 6, 7]
B_16 39.33 B 56 [2, 4, 2, 2, 3, 3, 2, 2, 1, 4, 3, 3, 1, 1, 1, 2, 4, 4, 4, 3, 1, 3, 2, 2, 3, 1, 1, 3, 3, 4, 1, 2, 4, 2, 3, 3, 1, 1, 2, 2, 3, 4, 1, 3, 3, 1, 3, 2, 1, 1, 3, 4, 3, 2, 2, 1, 2, 3, 4, 3, 1, 4, 3, 2, 2, 4, 2, 4, 1, 4, 3, 2, 2, 4, 2, 3, 1, 2, 3, 3] [6, 8, 4, 6, 7, 6, 4, 5, 5, 6, 6, 5, 5, 3, 3, 6, 6, 8, 8, 6, 5, 7, 6, 5, 7, 3, 4, 7, 6, 6, 5, 5, 7, 5, 5, 6, 5, 4, 4, 6, 6, 8, 3, 5, 5, 3, 7, 6, 3, 3, 7, 8, 6, 6, 4, 4, 6, 6, 6, 7, 3, 7, 5, 4, 5, 6, 4, 7, 4, 8, 6, 6, 6, 8, 4, 7, 5, 6, 6, 7]
B_17 40.33 B 57 [1, 2, 1, 3, 4, 3, 1, 3, 2, 4, 3, 4, 4, 4, 3, 4, 2, 4, 2, 1, 4, 1, 3, 3, 2, 2, 3, 1, 2, 1, 2, 2, 1, 4, 1, 1, 3, 4, 2, 3, 3, 4, 3, 2, 3, 2, 3, 3, 2, 1, 3, 2, 4, 1, 2, 1, 3, 2, 4, 3, 3, 4, 2, 2, 3, 2, 1, 2, 2, 4, 4, 4, 2, 1, 4, 2, 3, 1, 3, 4] [4, 6, 5, 5, 8, 5, 5, 6, 5, 8, 6, 7, 7, 8, 7, 7, 4, 6, 4, 4, 7, 3, 6, 5, 4, 6, 7, 5, 6, 5, 5, 5, 3, 7, 5, 4, 6, 8, 5, 6, 7, 7, 5, 6, 6, 4, 7, 6, 5, 4, 6, 6, 6, 4, 5, 3, 6, 5, 8, 5, 7, 8, 5, 4, 7, 4, 4, 5, 6, 6, 7, 6, 6, 4, 8, 6, 5, 5, 6, 8]
B_18 42.35 B 58 [4, 2, 2, 1, 3, 1, 3, 4, 3, 4, 4, 1, 1, 4, 3, 3, 3, 4, 4, 4, 1, 1, 4, 1, 3, 2, 4, 3, 2, 1, 1, 1, 2, 4, 4, 4, 4, 3, 3, 2, 4, 4, 2, 4, 1, 4, 1, 4, 2, 3, 3, 4, 3, 1, 4, 1, 4, 4, 2, 4, 4, 2, 1, 3, 1, 4, 1, 3, 2, 4, 1, 4, 1, 2, 4, 1, 3, 4, 2, 2] [8, 4, 6, 4, 6, 5, 7, 6, 7, 7, 6, 4, 4, 6, 6, 7, 6, 6, 8, 8, 5, 4, 8, 4, 5, 5, 7, 5, 6, 5, 3, 4, 5, 7, 7, 7, 6, 6, 6, 6, 8, 7, 5, 8, 3, 7, 4, 7, 4, 5, 7, 7, 7, 3, 6, 4, 6, 8, 6, 6, 8, 4, 4, 6, 4, 7, 5, 5, 4, 6, 3, 8, 3, 5, 7, 5, 5, 6, 4, 5]
B_19 47.85 B 59 [1, 1, 4, 1, 2, 1, 3, 3, 1, 4, 2, 3, 2, 2, 3, 1, 1, 2, 1, 2, 1, 1, 1, 4, 4, 1, 3, 1, 1, 4, 2, 2, 1, 3, 3, 2, 2, 4, 4, 2, 1, 1, 2, 4, 3, 2, 1, 1, 3, 3, 1, 1, 2, 3, 2, 4, 3, 3, 4, 2, 4, 2, 3, 3, 1, 2, 1, 4, 2, 1, 4, 2, 3, 3, 2, 4, 1, 4, 2, 4] [3, 3, 8, 4, 6, 5, 5, 7, 3, 6, 4, 5, 6, 6, 5, 4, 3, 4, 3, 5, 4, 3, 5, 8, 8, 3, 7, 3, 5, 8, 4, 6, 5, 7, 7, 5, 4, 6, 8, 5, 4, 5, 5, 7, 7, 4, 3, 3, 7, 6, 4, 4, 5, 6, 5, 7, 7, 5, 6, 4, 8, 6, 5, 7, 4, 4, 3, 6, 5, 4, 7, 4, 6, 5, 4, 6, 3, 7, 6, 8]
B_20 49.11 B 60 [2, 4, 3, 4, 1, 2, 2, 4, 4, 2, 4, 3, 3, 4, 2, 3, 4, 4, 2, 1, 2, 3, 1, 4, 4, 3, 3, 4, 1, 1, 4, 4, 3, 1, 1, 3, 3, 4, 4, 4, 4, 3, 1, 1, 3, 1, 1, 3, 1, 3, 1, 4, 2, 1, 4, 1, 1, 3, 4, 4, 4, 3, 3, 3, 3, 1, 2, 2, 1, 2, 3, 4, 2, 2, 3, 2, 3, 3, 4, 2] [4, 6, 6, 8, 4, 4, 4, 7, 8, 4, 8, 6, 6, 8, 5, 7, 8, 6, 5, 5, 4, 7, 5, 8, 8, 7, 5, 8, 5, 4, 6, 8, 6, 3, 5, 6, 5, 7, 8, 8, 8, 5, 3, 4, 5, 4, 3, 5, 5, 5, 4, 6, 6, 5, 6, 3, 3, 7, 8, 8, 7, 7, 5, 7, 5, 3, 5, 5, 4, 6, 5, 8, 6, 5, 7, 6, 6, 7, 7, 6]
B_21 50.56 B 61 [2, 3, 3, 3, 1, 4, 3, 2, 3, 4, 2, 2, 2, 2, 1, 3, 3, 3, 1, 1, 4, 3, 2, 1, 3, 1, 4, 2, 1, 1, 2, 1, 4, 4, 3, 2, 4, 2, 2, 2, 2, 1, 3, 3, 3, 2, 3, 3, 3, 2, 1, 3, 4, 1, 2, 3, 4, 4, 2, 2, 3, 2, 1, 1, 3, 4, 3, 1, 2, 1, 2, 4, 3, 4, 1, 3, 3, 3, 2, 1] [4, 5, 5, 6, 3, 8, 6, 4, 7, 6, 6, 6, 4, 4, 4, 7, 5, 6, 5, 4, 8, 6, 4, 4, 6, 5, 6, 6, 5, 5, 4, 3, 8, 7, 7, 6, 6, 5, 4, 4, 5, 3, 7, 5, 6, 5, 7, 7, 7, 4, 4, 6, 7, 3, 6, 5, 7, 8, 4, 6, 7, 5, 4, 4, 6, 6, 6, 4, 4, 3, 6, 7, 6, 7, 3, 7, 5, 7, 5, 4]
B_22 51.56 B 62 [2, 1, 1, 1, 2, 3, 4, 4, 2, 2, 1, 2, 1, 3, 2, 2, 1, 3, 1, 4, 1, 1, 1, 2, 3, 4, 4, 4, 3, 3, 2, 3, 4, 4, 3, 1, 4, 2, 3, 4, 1, 4, 3, 1, 3, 1, 2, 4, 1, 1, 3, 4, 3, 3, 1, 1, 3, 2, 1, 3, 3, 1, 1, 4, 2, 1, 3, 4, 1, 1, 2, 4, 1, 1, 2, 4, 3, 4, 4, 4] [5, 3, 3, 4, 4, 6, 7, 8, 5, 4, 4, 5, 3, 7, 5, 6, 4, 6, 3, 7, 4, 3, 3, 6, 6, 6, 7, 8, 7, 7, 4, 7, 7, 8, 5, 5, 7, 4, 7, 7, 4, 6, 7, 5, 6, 3, 5, 8, 3, 4, 7, 6, 5, 6, 4, 3, 5, 5, 4, 5, 5, 4, 5, 6, 5, 3, 6, 8, 4, 3, 4, 8, 3, 5, 6, 8, 6, 7, 8, 6]
B_23 53.2 B 63 [2, 3, 2, 1, 1, 1, 3, 2, 4, 2, 4, 1, 2, 3, 1, 4, 2, 2, 4, 4, 3, 4, 2, 1, 2, 2, 3, 4, 2, 1, 2, 1, 1, 1, 3, 1, 4, 4, 1, 2, 1, 1, 1, 2, 1, 4, 4, 1, 4, 3, 2, 1, 2, 1, 1, 2, 2, 2, 3, 3, 3, 1, 4, 4, 1, 1, 1, 1, 2, 3, 3, 4, 3, 2, 4, 2, 1, 3, 1, 4] [5, 7, 4, 5, 5, 3, 6, 6, 7, 5, 7, 3, 5, 6, 3, 6, 4, 4, 8, 8, 5, 7, 4, 3, 5, 6, 7, 7, 6, 4, 6, 5, 4, 4, 6, 5, 8, 8, 4, 4, 3, 5, 5, 5, 4, 7, 8, 5, 8, 6, 5, 3, 5, 5, 4, 6, 4, 4, 6, 7, 7, 4, 6, 8, 5, 3, 5, 5, 5, 5, 6, 6, 5, 5, 6, 4, 5, 5, 3, 7]
B_24 57.17 B 64 [4, 1, 4, 1, 4, 4, 2, 1, 4, 4, 4, 1, 1, 4, 2, 1, 2, 3, 4, 1, 4, 4, 3, 1, 2, 2, 2, 2, 3, 4, 4, 1, 2, 2, 4, 4, 4, 2, 1, 4, 4, 2, 4, 1, 3, 2, 2, 3, 3, 3, 2, 4, 1, 4, 3, 2, 2, 3, 1, 1, 3, 3, 2, 1, 4, 3, 3, 2, 3, 3, 1, 2, 1, 1, 4, 4, 1, 1, 4, 3] [8, 5, 7, 3, 7, 7, 4, 5, 6, 7, 8, 3, 3, 6, 4, 3, 5, 5, 8, 4, 8, 8, 6, 4, 6, 6, 5, 5, 6, 6, 7, 3, 4, 6, 7, 6, 6, 6, 3, 7, 6, 5, 6, 3, 6, 6, 6, 6, 5, 7, 4, 6, 4, 6, 7, 6, 5, 7, 4, 4, 5, 6, 5, 5, 6, 7, 5, 5, 6, 5, 4, 4, 5, 5, 7, 6, 5, 4, 7, 6]
B_25 58.17 B 65 [3, 4, 4, 1, 2, 4, 2, 3, 3, 2, 2, 2, 2, 3, 3, 4, 1, 2, 2, 1, 1, 3, 1, 3, 4, 4, 4, 4, 4, 3, 4, 1, 4, 2, 2, 4, 4, 3, 3, 2, 3, 4, 1, 2, 4, 3, 4, 2, 2, 4, 1, 3, 2, 2, 4, 4, 4, 2, 4, 2, 1, 4, 1, 1, 3, 1, 4, 4, 1, 1, 1, 3, 3, 4, 4, 1, 2, 4, 3, 4] [5, 6, 6, 5, 4, 8, 4, 5, 5, 4, 6, 5, 6, 7, 6, 6, 5, 6, 6, 4, 3, 7, 5, 5, 6, 6, 7, 8, 7, 5, 7, 3, 8, 5, 6, 6, 7, 6, 5, 4, 6, 7, 4, 6, 7, 7, 8, 5, 5, 6, 4, 5, 6, 6, 8, 7, 6, 4, 7, 4, 3, 6, 3, 3, 7, 5, 6, 8, 5, 3, 5, 6, 7, 7, 7, 5, 6, 7, 6, 7]
B_26 62.230000000000004 B 66 [2, 3, 3, 1, 2, 2, 3, 4, 2, 2, 2, 3, 1, 3, 1, 3, 2, 1, 4, 3, 2, 3, 1, 3, 2, 4, 4, 3, 3, 4, 2, 3, 4, 3, 1, 3, 4, 4, 2, 2, 1, 4, 4, 3, 3, 1, 2, 1, 1, 2, 2, 3, 2, 4, 3, 3, 2, 1, 1, 1, 2, 3, 3, 1, 3, 4, 2, 1, 2, 1, 2, 4, 1, 1, 1, 2, 4, 1, 4, 2] [6, 5, 7, 3, 4, 5, 5, 6, 4, 5, 6, 6, 5, 5, 4, 5, 4, 4, 6, 7, 5, 5, 3, 7, 5, 8, 7, 7, 6, 6, 6, 6, 6, 6, 3, 7, 8, 7, 4, 4, 5, 7, 7, 6, 7, 5, 6, 4, 4, 6, 4, 7, 5, 7, 6, 6, 4, 4, 5, 3, 5, 6, 6, 5, 5, 6, 5, 4, 4, 3, 6, 8, 4, 5, 3, 4, 8, 3, 8, 4]
B_27 63.230000000000004 B 67 [4, 1, 1, 4, 2, 4, 1, 1, 2, 4, 3, 2, 1, 2, 3, 3, 4, 1, 4, 3, 3, 3, 2, 3, 3, 3, 1, 3, 1, 3, 4, 4, 4, 3, 4, 3, 1, 2, 1, 3, 3, 3, 3, 4, 1, 3, 2, 4, 3, 3, 2, 4, 1, 2, 2, 4, 4, 2, 3, 4, 2, 1, 4, 1, 2, 4, 1, 3, 4, 3, 3, 3, 1, 4, 3, 1, 3, 3, 3, 1] [7, 4, 4, 7, 5, 7, 5, 5, 4, 7, 7, 4, 4, 6, 7, 7, 6, 5, 7, 5, 5, 6, 5, 7, 7, 5, 3, 6, 4, 5, 8, 7, 8, 6, 8, 7, 4, 4, 5, 7, 5, 6, 5, 6, 5, 6, 5, 6, 7, 5, 5, 8, 5, 4, 5, 7, 7, 5, 5, 6, 5, 4, 8, 5, 5, 8, 4, 7, 7, 5, 6, 5, 4, 6, 5, 3, 7, 5, 7, 3]
B_28 64.3 B 68 [3, 1, 3, 3, 3, 3, 2, 4, 1, 4, 1, 3, 3, 1, 2, 4, 2, 3, 2, 4, 1, 3, 1, 4, 4, 4, 3, 1, 3, 1, 1, 1, 1, 2, 4, 2, 3, 4, 2, 2, 1, 4, 2, 1, 1, 4, 4, 3, 1, 3, 3, 1, 3, 1, 3, 3, 1, 2, 2, 2, 1, 2, 1, 2, 3, 1, 2, 4, 4, 1, 3, 3, 3, 4, 4, 4, 3, 1, 1, 4] [6, 3, 5, 6, 7, 7, 4, 8, 4, 7, 3, 6, 5, 4, 6, 6, 6, 6, 4, 8, 4, 6, 3, 6, 8, 6, 7, 4, 6, 3, 3, 3, 5, 5, 7, 6, 7, 6, 5, 6, 3, 7, 4, 5, 4, 8, 6, 7, 5, 7, 7, 3, 7, 4, 6, 6, 4, 6, 4, 5, 4, 4, 4, 5, 6, 5, 4, 7, 6, 5, 6, 5, 6, 7, 6, 6, 7, 3, 5, 6]
B_29 65.3 B 69 [3, 2, 2, 2, 4, 2, 4, 4, 2, 2, 3, 1, 4, 2, 2, 2, 2, 2, 4, 2, 2, 1, 2, 4, 2, 3, 1, 4, 4, 1, 2, 2, 4, 4, 2, 1, 1, 2, 3, 4, 2, 2, 2, 1, 2, 4, 3, 3, 3, 1, 4, 3, 4, 3, 1, 1, 4, 4, 4, 1, 2, 1, 1, 3, 3, 1, 1, 3, 1, 4, 4, 1, 1, 4, 3, 4, 1, 4, 4, 4] [5, 4, 6, 6, 7, 4, 6, 7, 5, 4, 6, 4, 7, 4, 5, 4, 4, 5, 7, 4, 6, 5, 5, 8, 6, 5, 5, 8, 7, 5, 5, 5, 7, 6, 6, 3, 5, 6, 6, 6, 4, 4, 6, 4, 4, 8, 6, 5, 6, 4, 7, 6, 8, 5, 5, 4, 8, 6, 6, 4, 6, 3, 3, 5, 5, 3, 3, 5, 5, 8, 8, 3, 5, 6, 5, 7, 5, 6, 6, 8]
B_30 66.3 B 70 [3, 3, 2, 3, 1, 2, 4, 1, 2, 3, 2, 2, 1, 1, 1, 4, 4, 1, 1, 4, 4, 3, 3, 2, 3, 3, 4, 1, 3, 3, 1, 1, 3, 1, 3, 4, 4, 2, 4, 1, 3, 1, 3, 1, 1, 1, 1, 1, 4, 4, 2, 3, 4, 1, 2, 4, 3, 4, 1, 4, 3, 2, 2, 3, 1, 1, 2, 3, 3, 4, 1, 1, 1, 4, 4, 1, 3, 3, 2, 3] [7, 5, 6, 7, 3, 5, 6, 5, 4, 6, 5, 4, 4, 5, 3, 8, 8, 3, 4, 6, 6, 5, 5, 5, 5, 7, 6, 3, 7, 6, 5, 4, 5, 3, 7, 6, 6, 4, 7, 5, 5, 4, 7, 4, 3, 5, 3, 4, 8, 7, 5, 5, 6, 3, 4, 7, 6, 7, 3, 7, 5, 6, 4, 6, 4, 5, 6, 6, 6, 8, 4, 3, 4, 6, 7, 5, 5, 5, 4, 5]
B_31 67.3 B 71 [2, 2, 2, 1, 2, 1, 1, 4, 4, 3, 1, 3, 4, 3, 4, 3, 2, 4, 3, 2, 1, 1, 2, 3, 4, 1, 2, 3, 2, 1, 4, 3, 1, 3, 1, 2, 3, 4, 1, 4, 1, 3, 2, 3, 3, 2, 4, 3, 3, 2, 1, 2, 3, 2, 3, 3, 2, 4, 4, 2, 4, 4, 4, 4, 2, 3, 4, 3, 3, 1, 1, 2, 4, 3, 3, 4, 1, 4, 4, 4] [6, 4, 5, 3, 6, 3, 3, 7, 8, 7, 3, 7, 7, 5, 6, 5, 5, 8, 7, 5, 3, 4, 6, 7, 7, 3, 5, 6, 4, 4, 8, 6, 4, 6, 3, 5, 5, 8, 5, 7, 3, 5, 6, 7, 5, 4, 8, 7, 7, 6, 4, 6, 6, 4, 6, 5, 6, 6, 8, 4, 8, 7, 8, 6, 4, 6, 8, 5, 5, 3, 3, 5, 8, 6, 6, 6, 4, 6, 8, 8]
B_32 69.89 B 72 [1, 2, 1, 3, 1, 2, 2, 2, 1, 3, 2, 1, 2, 2, 4, 2, 1, 4, 2, 4, 4, 3, 1, 4, 2, 2, 3, 4, 3, 1, 2, 3, 4, 4, 4, 1, 4, 3, 1, 4, 2, 3, 4, 1, 2, 2, 4, 4, 3, 1, 3, 4, 2, 2, 3, 1, 2, 2, 1, 3, 2, 3, 1, 3, 1, 3, 1, 1, 3, 1, 1, 4, 1, 4, 1, 3, 2, 1, 1, 2] [3, 6, 5, 7, 3, 5, 6, 5, 5, 7, 4, 5, 4, 4, 7, 5, 3, 7, 5, 7, 6, 7, 5, 8, 6, 4, 5, 7, 5, 4, 6, 7, 6, 6, 7, 4, 8, 5, 4, 8, 5, 5, 8, 3, 6, 4, 8, 6, 6, 5, 6, 8, 6, 4, 5, 5, 6, 6, 3, 6, 6, 6, 3, 5, 5, 7, 4, 4, 6, 5, 4, 8, 5, 6, 3, 6, 4, 3, 3, 5]
B_33 70.89 B 73 [2, 3, 1, 4, 3, 4, 3, 3, 4, 2, 2, 2, 1, 4, 1, 1, 1, 4, 3, 3, 3, 4, 3, 3, 1, 2, 2, 3, 2, 4, 1, 3, 4, 1, 4, 1, 3, 1, 4, 3, 2, 2, 3, 1, 4, 2, 2, 2, 3, 2, 4, 1, 4, 3, 1, 3, 4, 1, 2, 3, 2, 4, 1, 2, 1, 4, 1, 4, 4, 4, 4, 3, 4, 3, 1, 3, 1, 2, 2, 2] [6, 7, 5, 6, 5, 7, 5, 6, 7, 4, 5, 6, 4, 8, 5, 5, 3, 8, 7, 6, 6, 8, 7, 7, 4, 5, 6, 6, 6, 7, 5, 6, 7, 3, 7, 4, 6, 3, 8, 7, 5, 5, 5, 4, 8, 5, 5, 4, 5, 5, 8, 5, 6, 5, 3, 5, 8, 4, 5, 5, 5, 7, 5, 5, 5, 7, 5, 6, 7, 6, 6, 6, 6, 5, 4, 7, 5, 6, 4, 5]
B_34 71.89 B 74 [4, 4, 1, 1, 2, 3, 4, 3, 1, 1, 2, 3, 2, 3, 4, 3, 3, 3, 3, 3, 1, 1, 1, 2, 2, 3, 3, 1, 2, 4, 3, 2, 3, 3, 3, 1, 3, 4, 2, 2, 4, 4, 4, 4, 3, 1, 1, 3, 2, 2, 4, 3, 1, 3, 4, 1, 2, 4, 4, 2, 3, 1, 2, 4, 4, 4, 1, 3, 4, 3, 4, 3, 1, 1, 4, 4, 2, 3, 4, 2] [8, 8, 3, 4, 6, 5, 7, 5, 5, 5, 5, 5, 4, 7, 6, 7, 5, 5, 5, 7, 4, 3, 3, 4, 4, 7, 6, 5, 6, 6, 7, 4, 7, 7, 7, 5, 6, 8, 6, 4, 6, 6, 8, 7, 6, 4, 5, 6, 6, 5, 7, 7, 4, 5, 8, 3, 4, 8, 7, 4, 7, 3, 6, 6, 7, 7, 3, 5, 6, 5, 7, 6, 3, 4, 6, 8, 4, 7, 7, 6]
B_35 77.87 B 75 [2, 2, 4, 3, 1, 1, 4, 3, 2, 3, 2, 3, 3, 2, 2, 3, 2, 4, 4, 3, 1, 1, 3, 3, 1, 4, 2, 3, 4, 2, 1, 2, 1, 1, 3, 2, 3, 2, 1, 2, 1, 1, 3, 2, 4, 2, 4, 1, 4, 4, 3, 3, 3, 3, 2, 2, 3, 2, 1, 4, 2, 3, 4, 2, 4, 1, 2, 1, 4, 4, 1, 4, 3, 3, 4, 1, 1, 1, 4, 4] [5, 6, 6, 7, 5, 3, 7, 5, 4, 6, 4, 7, 5, 6, 4, 6, 4, 7, 8, 6, 3, 5, 5, 5, 4, 7, 4, 5, 8, 5, 3, 6, 5, 4, 7, 4, 7, 6, 3, 4, 3, 5, 7, 5, 8, 6, 7, 4, 7, 6, 6, 5, 5, 7, 6, 6, 7, 6, 5, 6, 6, 7, 8, 4, 6, 5, 4, 3, 6, 7, 5, 6, 6, 7, 8, 5, 3, 4, 7, 6]
B_36 78.87 B 76 [3, 1, 1, 1, 4, 2, 3, 2, 1, 1, 4, 3, 1, 1, 2, 3, 1, 4, 3, 3, 1, 2, 2, 2, 1, 3, 1, 3, 2, 4, 4, 3, 1, 4, 3, 3, 3, 2, 4, 2, 3, 2, 1, 2, 2, 2, 2, 2, 3, 1, 2, 2, 3, 1, 4, 1, 1, 3, 3, 1, 3, 3, 3, 1, 1, 2, 4, 3, 3, 1, 3, 1, 2, 1, 2, 1, 4, 1, 2, 3] [5, 3, 4, 4, 6, 4, 6, 5, 4, 3, 8, 7, 5, 5, 5, 6, 3, 7, 7, 6, 3, 5, 5, 4, 3, 5, 4, 5, 6, 8, 7, 7, 5, 6, 6, 6, 7, 5, 7, 6, 5, 4, 5, 6, 4, 5, 6, 4, 7, 4, 5, 5, 6, 3, 7, 3, 5, 5, 5, 3, 6, 5, 6, 5, 5, 6, 8, 7, 7, 5, 5, 4, 4, 5, 4, 3, 7, 3, 6, 5]
B_37 81.37 B 77 [2, 1, 4, 4, 4, 4, 1, 4, 3, 3, 3, 2, 4, 4, 1, 3, 4, 4, 4, 4, 3, 4, 4, 2, 2, 3, 3, 4, 4, 3, 1, 3, 4, 1, 4, 3, 2, 2, 4, 3, 1, 3, 4, 1, 1, 2, 1, 3, 3, 2, 3, 1, 4, 2, 1, 4, 2, 1, 4, 4, 3, 3, 4, 3, 1, 4, 1, 3, 1, 4, 3, 4, 1, 2, 3, 1, 1, 2, 1, 3] [4, 4, 6, 6, 7, 6, 3, 6, 6, 6, 5, 6, 8, 7, 5, 5, 6, 7, 8, 7, 6, 6, 8, 6, 5, 7, 5, 8, 6, 5, 4, 7, 7, 3, 6, 5, 6, 6, 8, 7, 4, 5, 6, 4, 3, 5, 3, 5, 7, 6, 6, 3, 8, 6, 3, 6, 6, 5, 6, 7, 7, 7, 7, 5, 4, 7, 3, 5, 3, 6, 5, 6, 3, 6, 7, 4, 3, 4, 4, 5]
B_38 84.43 B 78 [3, 1, 4, 4, 2, 1, 1, 2, 3, 1, 4, 4, 1, 4, 3, 2, 2, 3, 4, 4, 4, 4, 2, 2, 4, 1, 4, 3, 4, 3, 2, 3, 2, 4, 1, 2, 3, 2, 1, 2, 1, 2, 3, 1, 2, 4, 1, 3, 4, 1, 2, 3, 3, 1, 1, 3, 3, 3, 2, 2, 4, 2, 4, 1, 4, 3, 4, 3, 1, 4, 2, 4, 1, 2, 4, 4, 2, 1, 4, 2] [5, 5, 6, 6, 6, 5, 5, 6, 6, 5, 7, 8, 3, 8, 5, 6, 5, 6, 7, 6, 8, 6, 4, 4, 7, 4, 8, 5, 7, 7, 5, 6, 5, 8, 3, 5, 7, 4, 5, 5, 5, 6, 6, 5, 5, 8, 5, 7, 6, 3, 4, 6, 5, 5, 5, 6, 6, 6, 4, 6, 7, 5, 8, 3, 7, 6, 8, 7, 5, 6, 4, 8, 3, 4, 7, 7, 6, 4, 6, 4]
B_39 86.56 B 79 [3, 2, 2, 1, 2, 1, 1, 2, 2, 4, 2, 4, 1, 3, 1, 2, 2, 3, 4, 1, 3, 3, 2, 3, 1, 2, 3, 3, 4, 4, 2, 1, 4, 3, 2, 3, 2, 1, 2, 3, 3, 4, 2, 4, 3, 2, 3, 3, 4, 1, 2, 4, 3, 2, 2, 3, 3, 4, 2, 4, 2, 1, 4, 4, 3, 4, 2, 1, 4, 4, 3, 4, 2, 2, 2, 4, 3, 3, 2, 1] [5, 5, 4, 4, 5, 5, 5, 6, 4, 6, 4, 8, 3, 6, 5, 5, 4, 6, 7, 4, 6, 6, 5, 5, 3, 6, 7, 6, 7, 6, 4, 5, 7, 7, 6, 5, 4, 5, 5, 5, 6, 8, 5, 8, 7, 5, 7, 7, 7, 3, 5, 6, 6, 6, 4, 7, 7, 8, 5, 8, 6, 4, 6, 7, 6, 7, 4, 3, 6, 8, 5, 8, 5, 5, 6, 6, 5, 5, 4, 5]
