A_0 1.32 A 0 [4, 4, 2, 2, 2, 2, 4, 3, 3, 2, 2, 4, 3, 4, 3, 1, 2, 1, 1, 4, 4, 4, 2, 4, 3, 1, 4, 3, 1, 3, 4, 2, 3, 2, 2, 4, 1, 1, 4, 4, 3, 1, 3, 4, 3, 1, 2, 2, 3, 2, 3, 1, 3, 1, 2, 3, 4, 2, 4, 3, 2, 4, 1, 3, 1, 1, 2, 3, 2, 2, 3, 3, 2, 4, 2, 1, 2, 4, 4, 2] [8, 6, 6, 6, 6, 6, 7, 6, 5, 5, 6, 8, 6, 6, 6, 3, 5, 4, 3, 6, 7, 7, 6, 8, 5, 4, 7, 7, 3, 5, 8, 6, 5, 4, 6, 6, 5, 5, 7, 6, 7, 3, 5, 7, 6, 5, 5, 4, 7, 5, 5, 4, 7, 4, 6, 6, 6, 4, 6, 6, 6, 8, 4, 6, 5, 3, 6, 6, 4, 4, 5, 6, 5, 8, 5, 5, 5, 8, 8, 6]
A_1 2.3200000000000003 A 1 [4, 3, 1, 3, 4, 2, 3, 1, 3, 4, 3, 3, 3, 4, 1, 1, 4, 3, 3, 4, 3, 4, 3, 3, 1, 3, 2, 3, 3, 4, 4, 1, 4, 2, 1, 2, 1, 3, 3, 3, 1, 1, 4, 2, 1, 1, 4, 3, 2, 2, 2, 4, 4, 1, 1, 3, 1, 2, 2, 3, 1, 3, 4, 4, 3, 2, 2, 4, 2, 3, 1, 2, 2, 4, 2, 3, 4, 3, 2, 3] [6, 7, 5, 6, 6, 4, 5, 5, 6, 8, 6, 6, 7, 7, 4, 5, 7, 6, 5, 8, 5, 7, 6, 7, 5, 7, 5, 6, 5, 6, 8, 5, 8, 4, 3, 6, 5, 5, 5, 5, 3, 5, 7, 4, 4, 3, 7, 7, 5, 6, 6, 7, 7, 3, 3, 5, 3, 6, 4, 6, 4, 7, 7, 6, 7, 4, 5, 6, 5, 5, 5, 5, 6, 7, 6, 6, 6, 5, 6, 7]
A_2 4.43 A 2 [2, 1, 3, 1, 1, 1, 1, 3, 4, 2, 2, 1, 1, 1, 3, 4, 4, 4, 4, 3, 1, 2, 4, 2, 1, 3, 3, 2, 3, 1, 2, 2, 1, 2, 4, 1, 3, 4, 4, 2, 3, 2, 2, 2, 1, 4, 4, 3, 1, 2, 1, 2, 3, 2, 1, 4, 2, 3, 4, 1, 3, 4, 4, 3, 2, 3, 4, 4, 2, 1, 2, 3, 3, 4, 4, 2, 2, 2, 2, 4] [6, 5, 7, 3, 3, 3, 3, 5, 6, 4, 6, 3, 3, 3, 6, 8, 7, 8, 7, 6, 4, 4, 7, 6, 3, 5, 5, 6, 5, 3, 6, 6, 3, 6, 8, 3, 7, 8, 6, 6, 5, 6, 4, 6, 5, 8, 8, 5, 5, 4, 3, 4, 5, 6, 4, 8, 4, 7, 6, 3, 5, 7, 7, 5, 6, 5, 7, 7, 4, 5, 4, 6, 6, 8, 8, 5, 5, 5, 6, 7]
A_3 10.17 A 3 [2, 3, 1, 4, 3, 4, 1, 2, 1, 3, 4, 3, 1, 1, 2, 3, 4, 3, 2, 1, 4, 4, 1, 3, 1, 2, 4, 4, 1, 3, 2, 2, 4, 4, 1, 2, 2, 4, 4, 3, 2, 3, 2, 2, 3, 1, 1, 3, 1, 3, 4, 3, 3, 4, 2, 4, 2, 1, 4, 4, 4, 2, 2, 4, 1, 3, 2, 3, 3, 3, 4, 2, 4, 4, 4, 3, 3, 4, 4, 1] [6, 6, 3, 8, 5, 7, 5, 6, 4, 5, 8, 7, 5, 5, 6, 6, 7, 6, 6, 3, 7, 6, 3, 7, 5, 4, 6, 6, 4, 7, 5, 6, 8, 6, 5, 6, 4, 8, 6, 5, 5, 5, 4, 5, 6, 5, 4, 6, 4, 7, 7, 7, 6, 6, 4, 7, 6, 5, 7, 8, 6, 6, 6, 8, 5, 7, 4, 5, 6, 6, 7, 4, 6, 6, 8, 5, 5, 6, 8, 4]
A_4 12.56 A 4 [2, 4, 1, 3, 4, 2, 2, 4, 3, 3, 3, 3, 3, 2, 3, 1, 1, 3, 4, 2, 1, 1, 2, 4, 3, 2, 2, 1, 4, 3, 1, 1, 2, 4, 1, 2, 3, 4, 2, 1, 2, 2, 2, 4, 4, 4, 4, 3, 3, 3, 2, 3, 4, 1, 2, 3, 4, 2, 4, 3, 1, 3, 1, 3, 3, 4, 3, 2, 3, 2, 3, 2, 4, 2, 3, 4, 4, 1, 4, 3] [6, 6, 3, 5, 8, 5, 4, 8, 5, 6, 5, 6, 6, 4, 5, 5, 3, 5, 6, 6, 5, 4, 6, 7, 6, 5, 5, 5, 6, 7, 3, 5, 6, 8, 4, 5, 7, 8, 5, 3, 5, 6, 6, 6, 7, 7, 8, 7, 7, 5, 5, 7, 8, 5, 5, 7, 7, 4, 8, 6, 3, 7, 5, 6, 6, 7, 5, 4, 5, 6, 6, 6, 6, 5, 5, 8, 7, 3, 7, 6]
A_5 14.22 A 5 [2, 2, 1, 4, 2, 4, 1, 1, 2, 1, 3, 1, 4, 1, 4, 1, 1, 2, 4, 3, 4, 1, 1, 2, 2, 3, 3, 4, 3, 3, 3, 1, 2, 1, 1, 4, 4, 2, 2, 3, 2, 1, 3, 2, 3, 3, 2, 3, 1, 4, 2, 2, 4, 3, 4, 4, 3, 3, 3, 2, 3, 2, 1, 2, 3, 4, 1, 3, 4, 1, 2, 4, 2, 2, 4, 1, 3, 2, 2, 1] [6, 4, 3, 7, 5, 7, 4, 5, 4, 5, 6, 5, 7, 3, 7, 4, 5, 4, 7, 6, 6, 4, 5, 4, 5, 6, 5, 7, 6, 7, 7, 5, 5, 3, 4, 7, 7, 5, 5, 7, 6, 5, 5, 5, 7, 7, 5, 5, 4, 8, 4, 5, 6, 5, 6, 7, 5, 7, 5, 4, 7, 5, 4, 5, 6, 7, 4, 7, 7, 4, 4, 6, 6, 6, 6, 4, 7, 6, 4, 5]
A_6 15.22 A 6 [4, 3, 1, 1, 2, 1, 4, 1, 1, 4, 3, 3, 3, 1, 2, 1, 4, 2, 2, 4, 4, 4, 1, 2, 2, 1, 1, 1, 2, 3, 3, 1, 3, 2, 2, 2, 4, 1, 4, 3, 1, 4, 1, 4, 3, 2, 3, 1, 2, 1, 2, 1, 4, 3, 1, 3, 2, 2, 2, 1, 2, 3, 3, 2, 4, 2, 4, 4, 2, 1, 3, 3, 2, 3, 2, 3, 4, 2, 2, 3] [7, 5, 3, 5, 4, 4, 8, 4, 5, 8, 5, 5, 6, 5, 5, 4, 7, 6, 5, 8, 6, 6, 4, 6, 6, 3, 3, 3, 6, 5, 5, 5, 6, 6, 6, 4, 8, 5, 8, 6, 3, 6, 3, 7, 7, 5, 5, 3, 4, 4, 5, 5, 8, 5, 3, 5, 4, 6, 5, 4, 5, 7, 5, 4, 7, 4, 8, 7, 6, 4, 7, 6, 4, 5, 6, 6, 7, 5, 5, 7]
A_7 18.16 A 7 [3, 1, 3, 2, 4, 1, 1, 4, 4, 2, 2, 3, 4, 1, 2, 2, 2, 2, 1, 3, 2, 2, 1, 2, 3, 2, 4, 1, 3, 1, 4, 3, 4, 1, 1, 4, 4, 4, 2, 1, 1, 2, 3, 2, 1, 3, 4, 3, 4, 1, 3, 1, 3, 1, 4, 4, 2, 3, 2, 1, 4, 2, 4, 2, 2, 3, 2, 1, 1, 3, 4, 2, 3, 2, 3, 1, 3, 4, 1, 1] [6, 5, 5, 6, 8, 5, 4, 8, 8, 5, 5, 6, 7, 4, 5, 4, 6, 4, 4, 5, 6, 5, 4, 6, 6, 4, 8, 5, 7, 5, 6, 5, 8, 5, 5, 8, 8, 7, 5, 3, 3, 5, 5, 5, 3, 5, 8, 6, 6, 5, 7, 3, 6, 4, 6, 6, 6, 7, 4, 3, 8, 5, 7, 4, 5, 7, 6, 5, 4, 6, 6, 4, 5, 6, 5, 4, 7, 8, 3, 5]
A_8 25.27 A 8 [3, 3, 4, 1, 3, 2, 1, 4, 4, 3, 4, 1, 4, 4, 4, 2, 2, 4, 1, 1, 2, 1, 4, 2, 1, 1, 4, 4, 4, 1, 2, 2, 4, 4, 2, 1, 4, 2, 4, 2, 2, 4, 1, 2, 1, 1, 2, 3, 1, 3, 4, 4, 2, 3, 4, 4, 3, 3, 2, 2, 3, 2, 2, 1, 4, 4, 4, 3, 3, 4, 1, 2, 3, 2, 2, 3, 4, 4, 3, 4] [5, 6, 6, 4, 5, 4, 5, 8, 6, 6, 7, 4, 7, 6, 7, 6, 4, 6, 5, 5, 4, 3, 6, 6, 4, 3, 6, 8, 7, 3, 5, 6, 6, 7, 5, 4, 6, 5, 8, 6, 4, 8, 5, 5, 3, 5, 6, 7, 3, 5, 7, 6, 4, 7, 7, 6, 7, 5, 5, 6, 5, 6, 6, 5, 8, 7, 8, 7, 6, 7, 5, 5, 5, 6, 4, 6, 7, 6, 6, 7]
A_9 26.27 A 9 [2, 4, 2, 3, 3, 1, 4, 2, 3, 3, 1, 1, 2, 1, 4, 4, 1, 3, 4, 4, 4, 2, 4, 1, 3, 3, 1, 1, 1, 1, 2, 2, 2, 3, 2, 1, 3, 3, 2, 1, 2, 4, 3, 2, 1, 4, 4, 4, 2, 4, 3, 3, 3, 4, 1, 4, 1, 4, 3, 1, 1, 2, 3, 2, 1, 3, 4, 4, 2, 4, 1, 4, 3, 1, 4, 4, 1, 3, 2, 4] [5, 8, 4, 5, 6, 5, 8, 5, 6, 6, 4, 4, 4, 3, 6, 8, 3, 5, 6, 6, 6, 6, 8, 4, 6, 7, 3, 3, 4, 3, 5, 5, 5, 5, 5, 5, 6, 5, 6, 3, 5, 6, 6, 6, 5, 7, 7, 7, 6, 6, 5, 5, 5, 8, 5, 8, 3, 6, 5, 3, 5, 4, 6, 5, 4, 7, 8, 6, 5, 7, 4, 7, 5, 3, 8, 8, 4, 5, 4, 8]
A_10 32.13 A 10 [2, 3, 2, 4, 3, 3, 3, 2, 4, 1, 4, 1, 1, 2, 3, 1, 4, 4, 3, 1, 3, 4, 1, 4, 2, 3, 4, 1, 4, 3, 1, 4, 2, 4, 4, 2, 1, 1, 1, 1, 4, 4, 3, 4, 2, 4, 3, 4, 3, 1, 4, 2, 2, 3, 3, 2, 2, 2, 3, 2, 3, 2, 1, 1, 4, 2, 3, 2, 4, 4, 4, 2, 2, 3, 4, 2, 2, 3, 4, 2] [6, 6, 6, 8, 5, 6, 5, 5, 7, 4, 8, 4, 4, 5, 7, 5, 6, 7, 6, 3, 6, 7, 3, 6, 5, 6, 8, 5, 8, 6, 3, 6, 6, 8, 8, 5, 5, 5, 3, 3, 7, 6, 5, 6, 4, 8, 6, 6, 7, 5, 8, 5, 6, 7, 5, 4, 5, 6, 6, 5, 5, 6, 3, 3, 6, 5, 7, 6, 6, 8, 7, 5, 5, 5, 7, 5, 6, 5, 8, 6]
A_11 36.72 A 11 [4, 3, 1, 3, 3, 1, 3, 3, 1, 1, 1, 3, 4, 4, 1, 1, 1, 4, 4, 2, 2, 1, 4, 4, 4, 4, 3, 1, 3, 1, 1, 3, 1, 2, 2, 4, 1, 3, 2, 1, 1, 1, 3, 4, 2, 4, 1, 2, 2, 1, 3, 3, 1, 3, 1, 1, 1, 2, 4, 4, 1, 1, 4, 3, 3, 3, 4, 2, 2, 1, 3, 3, 3, 3, 4, 4, 1, 2, 2, 3] [8, 6, 3, 7, 6, 5, 5, 6, 4, 4, 4, 6, 8, 7, 5, 4, 4, 6, 6, 4, 5, 5, 8, 7, 8, 8, 5, 3, 7, 3, 4, 6, 3, 4, 6, 6, 4, 7, 4, 5, 4, 4, 6, 8, 4, 6, 4, 6, 6, 4, 6, 6, 5, 6, 3, 3, 5, 5, 6, 7, 4, 5, 7, 6, 6, 7, 7, 6, 5, 3, 5, 6, 5, 7, 8, 7, 4, 6, 6, 7]
A_12 39.19 A 12 [3, 3, 1, 1, 3, 4, 3, 4, 4, 2, 1, 4, 3, 3, 4, 1, 4, 2, 4, 1, 4, 3, 4, 4, 3, 2, 2, 2, 1, 4, 4, 3, 4, 4, 2, 4, 4, 1, 2, 2, 3, 1, 2, 3, 2, 4, 4, 4, 4, 2, 1, 1, 1, 2, 2, 2, 3, 1, 2, 3, 1, 1, 1, 2, 3, 3, 3, 1, 1, 2, 1, 2, 2, 4, 4, 2, 4, 3, 3, 1] [6, 7, 3, 5, 6, 7, 6, 7, 7, 4, 4, 8, 6, 6, 6, 5, 6, 4, 8, 3, 7, 7, 7, 6, 6, 5, 6, 4, 3, 8, 6, 6, 7, 6, 4, 7, 7, 3, 6, 4, 5, 3, 4, 5, 4, 7, 6, 8, 6, 5, 4, 4, 4, 5, 6, 4, 5, 3, 6, 5, 5, 5, 3, 6, 6, 6, 6, 5, 4, 6, 4, 6, 5, 8, 6, 4, 6, 7, 7, 4]
A_13 41.48 A 13 [4, 4, 1, 1, 2, 1, 1, 1, 4, 1, 2, 4, 3, 3, 4, 4, 1, 2, 4, 2, 2, 1, 3, 4, 1, 2, 1, 1, 2, 1, 4, 1, 3, 2, 2, 4, 2, 3, 2, 4, 3, 4, 4, 4, 2, 1, 1, 4, 4, 1, 1, 1, 2, 3, 2, 1, 1, 4, 2, 1, 3, 2, 2, 1, 4, 1, 3, 3, 2, 1, 1, 4, 2, 2, 4, 1, 3, 2, 3, 3] [6, 7, 3, 5, 4, 3, 5, 4, 6, 3, 5, 7, 6, 5, 7, 7, 3, 6, 8, 6, 6, 4, 5, 8, 3, 6, 4, 4, 6, 3, 6, 3, 6, 6, 4, 6, 4, 7, 5, 8, 6, 6, 8, 8, 4, 5, 5, 7, 8, 4, 3, 4, 5, 6, 6, 3, 3, 6, 5, 3, 7, 6, 5, 5, 7, 3, 6, 7, 5, 5, 4, 6, 4, 5, 6, 4, 5, 5, 6, 7]
A_14 42.73 A 14 [3, 1, 3, 2, 3, 4, 2, 2, 4, 4, 3, 1, 4, 4, 1, 2, 2, 2, 1, 1, 2, 2, 2, 3, 1, 1, 4, 1, 2, 3, 1, 1, 3, 2, 1, 2, 1, 3, 2, 4, 4, 1, 3, 1, 4, 4, 4, 2, 2, 4, 2, 1, 3, 4, 1, 4, 2, 4, 3, 3, 4, 3, 4, 1, 4, 2, 2, 3, 2, 4, 2, 3, 4, 1, 3, 2, 1, 4, 3, 3] [6, 4, 6, 6, 5, 7, 5, 5, 7, 6, 7, 5, 6, 7, 5, 5, 6, 4, 3, 4, 6, 6, 6, 5, 5, 4, 8, 4, 5, 7, 5, 4, 7, 6, 4, 6, 5, 5, 4, 6, 8, 5, 6, 3, 7, 7, 7, 5, 6, 6, 5, 4, 6, 6, 5, 8, 5, 8, 5, 5, 7, 6, 8, 3, 6, 5, 4, 6, 4, 6, 5, 7, 6, 4, 6, 4, 4, 8, 6, 7]
A_15 43.73 A 15 [1, 1, 4, 3, 1, 1, 1, 2, 2, 4, 1, 1, 1, 4, 2, 4, 3, 1, 3, 4, 3, 2, 1, 2, 1, 2, 3, 1, 4, 2, 4, 2, 4, 2, 3, 1, 1, 2, 1, 3, 2, 2, 1, 4, 2, 1, 1, 1, 2, 2, 3, 2, 2, 2, 4, 4, 2, 4, 2, 3, 1, 1, 1, 3, 4, 2, 1, 4, 1, 1, 3, 4, 2, 4, 4, 1, 2, 3, 1, 2] [3, 5, 8, 6, 5, 4, 4, 4, 6, 8, 5, 4, 5, 7, 5, 6, 5, 3, 6, 7, 6, 5, 4, 5, 5, 4, 5, 5, 6, 5, 8, 4, 6, 6, 7, 5, 5, 6, 5, 7, 5, 4, 5, 6, 5, 5, 4, 5, 6, 5, 5, 6, 6, 5, 7, 7, 6, 8, 6, 7, 5, 3, 4, 7, 7, 5, 4, 8, 4, 4, 6, 6, 4, 8, 7, 3, 5, 5, 4, 5]
A_16 44.73 A 16 [2, 4, 4, 4, 1, 1, 4, 2, 2, 1, 4, 1, 4, 1, 2, 3, 3, 2, 2, 4, 3, 3, 1, 2, 2, 4, 1, 1, 2, 2, 4, 2, 3, 2, 3, 1, 4, 1, 4, 1, 1, 2, 3, 2, 3, 4, 3, 2, 3, 4, 3, 3, 2, 3, 1, 3, 3, 4, 1, 4, 4, 4, 1, 4, 3, 4, 3, 1, 1, 4, 1, 2, 4, 1, 3, 4, 3, 3, 2, 1] [5, 7, 7, 7, 3, 5, 7, 6, 4, 3, 6, 4, 6, 3, 6, 5, 6, 6, 6, 6, 7, 7, 3, 5, 6, 8, 5, 5, 4, 4, 8, 4, 7, 6, 5, 5, 8, 5, 6, 4, 3, 4, 6, 6, 5, 8, 5, 4, 7, 6, 6, 7, 6, 6, 3, 5, 6, 7, 3, 8, 7, 7, 4, 6, 7, 7, 5, 3, 3, 6, 3, 5, 6, 4, 6, 7, 7, 7, 6, 5]
A_17 46.4 A 17 [1, 3, 4, 3, 3, 2, 2, 2, 4, 3, 4, 4, 2, 2, 2, 1, 2, 3, 2, 4, 1, 3, 3, 1, 4, 1, 4, 4, 2, 4, 3, 1, 3, 4, 2, 2, 2, 3, 4, 1, 4, 2, 2, 4, 3, 4, 2, 2, 3, 2, 3, 4, 3, 2, 3, 2, 4, 3, 4, 2, 3, 3, 4, 1, 3, 3, 2, 4, 4, 4, 2, 4, 4, 4, 2, 1, 3, 2, 1, 2] [4, 6, 8, 6, 5, 4, 6, 4, 6, 5, 7, 6, 4, 6, 4, 3, 6, 7, 6, 8, 5, 5, 7, 4, 8, 3, 6, 6, 5, 8, 5, 4, 5, 8, 6, 6, 5, 6, 7, 4, 7, 6, 5, 7, 5, 8, 4, 6, 6, 4, 5, 7, 7, 5, 5, 5, 8, 6, 8, 6, 7, 6, 6, 3, 5, 6, 6, 8, 7, 7, 6, 7, 7, 6, 5, 4, 6, 6, 4, 5]
A_18 47.4 A 18 [1, 3, 4, 2, 4, 4, 2, 1, 1, 4, 3, 4, 4, 4, 1, 3, 2, 2, 2, 4, 4, 4, 1, 3, 4, 1, 2, 3, 2, 4, 3, 4, 1, 2, 4, 4, 1, 1, 4, 3, 1, 4, 1, 4, 3, 1, 3, 2, 3, 3, 2, 1, 2, 2, 1, 4, 2, 4, 3, 2, 1, 4, 3, 4, 1, 3, 2, 4, 4, 4, 3, 4, 1, 1, 2, 1, 2, 3, 3, 3] [3, 5, 7, 6, 6, 7, 5, 4, 5, 6, 6, 6, 8, 8, 3, 6, 6, 6, 6, 8, 7, 6, 4, 6, 7, 4, 5, 5, 6, 8, 5, 6, 4, 5, 7, 8, 5, 3, 6, 6, 4, 6, 5, 6, 5, 4, 5, 6, 5, 6, 6, 4, 4, 5, 3, 8, 4, 6, 5, 6, 5, 7, 7, 7, 5, 6, 4, 8, 6, 7, 5, 8, 4, 5, 6, 3, 6, 6, 7, 6]
A_19 48.4 A 19 [4, 4, 3, 1, 2, 3, 4, 3, 1, 4, 1, 2, 1, 2, 1, 4, 4, 4, 4, 3, 4, 1, 1, 2, 2, 4, 3, 4, 2, 3, 4, 2, 3, 3, 4, 1, 1, 2, 4, 1, 3, 4, 2, 1, 1, 3, 3, 3, 4, 1, 2, 3, 3, 4, 4, 4, 1, 3, 4, 4, 4, 4, 2, 4, 3, 1, 2, 1, 4, 4, 4, 2, 2, 2, 1, 1, 3, 4, 3, 1] [6, 8, 6, 3, 6, 6, 8, 5, 5, 6, 3, 4, 3, 6, 4, 7, 6, 8, 8, 5, 7, 5, 4, 5, 5, 8, 7, 7, 5, 6, 6, 4, 7, 5, 7, 3, 3, 4, 6, 3, 6, 6, 5, 3, 4, 6, 5, 5, 6, 3, 5, 6, 5, 6, 7, 7, 5, 6, 6, 7, 6, 6, 4, 6, 6, 3, 6, 4, 8, 8, 6, 6, 6, 6, 3, 3, 5, 7, 5, 3]
A_20 51.949999999999996 A 20 [4, 3, 1, 4, 1, 4, 4, 2, 2, 4, 3, 2, 4, 2, 2, 3, 3, 1, 4, 4, 3, 4, 3, 4, 4, 2, 4, 1, 3, 2, 3, 1, 1, 3, 2, 1, 4, 2, 2, 2, 3, 4, 4, 2, 2, 1, 1, 4, 3, 2, 2, 3, 2, 2, 1, 2, 2, 3, 3, 1, 2, 3, 1, 1, 1, 3, 4, 2, 1, 4, 4, 3, 2, 4, 1, 3, 1, 2, 2, 2] [7, 5, 4, 7, 5, 6, 6, 6, 4, 6, 6, 5, 7, 6, 6, 6, 7, 5, 7, 7, 7, 7, 5, 8, 6, 4, 6, 3, 6, 5, 6, 4, 4, 5, 6, 3, 7, 6, 5, 6, 6, 6, 8, 6, 6, 5, 4, 6, 6, 5, 4, 6, 6, 5, 4, 4, 5, 6, 6, 5, 4, 7, 4, 3, 4, 6, 8, 5, 4, 6, 6, 7, 4, 7, 3, 7, 3, 5, 6, 6]
A_21 55.089999999999996 A 21 [4, 4, 2, 4, 1, 1, 4, 2, 1, 2, 4, 1, 3, 1, 2, 2, 3, 3, 4, 1, 4, 1, 3, 3, 1, 4, 3, 4, 2, 2, 4, 1, 1, 1, 3, 4, 4, 1, 2, 3, 1, 3, 3, 1, 3, 4, 2, 4, 1, 2, 3, 4, 2, 2, 1, 2, 4, 3, 1, 1, 3, 1, 3, 1, 2, 3, 2, 4, 3, 2, 4, 3, 1, 2, 1, 1, 3, 2, 2, 3] [7, 7, 4, 6, 4, 4, 6, 5, 3, 6, 7, 5, 7, 4, 6, 5, 7, 5, 6, 5, 7, 3, 6, 5, 3, 7, 5, 6, 4, 6, 7, 3, 3, 3, 6, 7, 8, 5, 4, 6, 4, 7, 6, 5, 5, 8, 6, 6, 3, 6, 6, 6, 6, 4, 5, 5, 8, 6, 3, 4, 6, 4, 7, 3, 6, 6, 4, 6, 6, 4, 6, 7, 5, 5, 5, 4, 7, 4, 5, 7]
A_22 56.089999999999996 A 22 [2, 3, 4, 1, 2, 1, 1, 1, 4, 4, 1, 4, 4, 3, 2, 1, 1, 3, 1, 1, 3, 3, 4, 4, 2, 4, 1, 2, 1, 4, 2, 2, 4, 2, 1, 2, 1, 3, 2, 4, 3, 3, 3, 3, 1, 4, 2, 2, 4, 2, 4, 2, 2, 1, 3, 2, 1, 1, 4, 1, 1, 2, 4, 1, 1, 4, 3, 1, 3, 4, 4, 1, 3, 2, 4, 4, 3, 1, 4, 4] [6, 6, 7, 3, 6, 5, 4, 4, 6, 8, 3, 8, 7, 5, 6, 4, 3, 7, 4, 4, 5, 6, 6, 7, 5, 6, 3, 5, 5, 8, 4, 4, 7, 6, 4, 4, 5, 7, 5, 7, 6, 5, 5, 7, 5, 7, 4, 4, 7, 6, 6, 5, 5, 5, 5, 6, 4, 4, 6, 5, 4, 6, 7, 4, 5, 7, 5, 5, 5, 7, 7, 3, 6, 4, 8, 6, 6, 3, 7, 6]
A_23 57.089999999999996 A 23 [4, 3, 2, 3, 4, 2, 2, 2, 2, 1, 4, 4, 4, 4, 3, 2, 2, 1, 3, 2, 4, 3, 4, 3, 2, 1, 4, 1, 4, 4, 4, 3, 1, 2, 1, 4, 3, 4, 3, 4, 3, 4, 2, 1, 3, 2, 3, 2, 3, 1, 3, 1, 4, 4, 2, 2, 1, 3, 1, 1, 1, 3, 4, 1, 4, 2, 2, 4, 2, 1, 2, 3, 4, 4, 2, 1, 1, 4, 1, 4] [8, 7, 6, 7, 7, 4, 6, 6, 6, 4, 6, 7, 6, 8, 5, 5, 5, 4, 6, 5, 8, 5, 7, 5, 4, 4, 7, 5, 8, 8, 7, 5, 5, 4, 4, 7, 7, 8, 6, 6, 7, 7, 6, 5, 5, 4, 6, 4, 5, 4, 7, 4, 7, 7, 6, 5, 5, 6, 3, 4, 4, 6, 6, 5, 6, 4, 6, 6, 4, 4, 6, 6, 6, 6, 5, 5, 3, 7, 5, 6]
A_24 58.089999999999996 A 24 [3, 1, 1, 1, 3, 2, 2, 3, 1, 3, 2, 4, 3, 1, 1, 1, 2, 4, 4, 2, 4, 1, 2, 2, 1, 4, 3, 2, 3, 4, 4, 4, 3, 3, 3, 1, 4, 2, 4, 1, 4, 2, 1, 4, 2, 3, 3, 1, 3, 1, 2, 2, 1, 4, 4, 3, 4, 4, 3, 1, 4, 4, 4, 1, 3, 3, 2, 3, 2, 1, 4, 3, 3, 2, 4, 1, 1, 4, 4, 4] [5, 5, 3, 5, 6, 5, 6, 6, 4, 6, 5, 8, 6, 3, 5, 5, 6, 8, 7, 5, 6, 3, 5, 4, 3, 8, 7, 6, 7, 6, 6, 7, 7, 7, 6, 5, 8, 5, 6, 3, 6, 6, 5, 8, 5, 5, 5, 4, 6, 3, 5, 5, 5, 8, 6, 5, 7, 6, 7, 3, 8, 7, 7, 3, 5, 6, 6, 5, 6, 3, 8, 6, 7, 6, 8, 5, 5, 7, 8, 7]
A_25 59.089999999999996 A 25 [1, 3, 3, 2, 2, 3, 1, 2, 1, 3, 3, 4, 2, 2, 1, 2, 4, 1, 1, 4, 2, 4, 4, 1, 4, 1, 1, 3, 2, 2, 1, 4, 2, 2, 4, 4, 4, 2, 1, 1, 3, 3, 2, 2, 3, 4, 1, 3, 1, 4, 2, 1, 3, 2, 2, 4, 3, 3, 1, 2, 2, 2, 4, 4, 3, 4, 1, 2, 1, 2, 1, 4, 3, 3, 4, 4, 4, 3, 4, 2] [4, 7, 5, 4, 5, 6, 3, 4, 3, 7, 6, 8, 5, 6, 4, 4, 8, 3, 4, 8, 4, 7, 6, 4, 8, 4, 3, 7, 5, 5, 5, 6, 5, 6, 7, 8, 8, 5, 3, 5, 7, 7, 4, 5, 5, 7, 5, 5, 3, 8, 5, 4, 7, 4, 6, 6, 7, 5, 4, 6, 6, 6, 8, 7, 7, 7, 5, 5, 5, 6, 5, 7, 7, 5, 7, 6, 6, 6, 8, 5]
A_26 60.8 A 26 [4, 2, 3, 4, 2, 3, 1, 4, 4, 1, 4, 3, 2, 1, 4, 3, 1, 4, 2, 3, 4, 3, 1, 4, 3, 1, 1, 2, 3, 4, 3, 3, 2, 2, 2, 2, 2, 2, 4, 1, 3, 3, 2, 4, 2, 4, 2, 4, 3, 3, 1, 2, 1, 4, 2, 3, 1, 3, 1, 4, 1, 4, 4, 3, 1, 3, 2, 3, 2, 1, 3, 3, 1, 1, 3, 4, 1, 3, 2, 4] [7, 5, 5, 6, 5, 5, 3, 8, 6, 3, 8, 5, 6, 4, 8, 5, 5, 6, 5, 7, 6, 5, 3, 7, 7, 3, 3, 5, 6, 6, 7, 7, 5, 6, 5, 5, 4, 4, 6, 4, 5, 5, 4, 6, 4, 7, 4, 7, 6, 6, 4, 5, 4, 6, 4, 6, 4, 7, 3, 8, 5, 8, 7, 5, 4, 5, 6, 7, 6, 3, 7, 6, 5, 5, 6, 7, 3, 6, 5, 7]
A_27 62.15 A 27 [3, 3, 2, 4, 1, 4, 1, 1, 4, 1, 1, 1, 2, 1, 1, 1, 1, 4, 3, 4, 1, 4, 2, 1, 2, 3, 2, 1, 1, 3, 3, 3, 1, 4, 1, 4, 3, 4, 3, 1, 3, 4, 1, 3, 2, 3, 4, 2, 1, 2, 2, 3, 1, 4, 4, 4, 2, 1, 3, 1, 3, 3, 2, 4, 3, 1, 2, 4, 3, 2, 4, 4, 3, 2, 3, 2, 3, 3, 1, 2] [7, 6, 6, 6, 5, 7, 3, 5, 8, 3, 5, 3, 4, 4, 4, 5, 5, 6, 5, 7, 3, 6, 5, 5, 6, 7, 5, 5, 4, 7, 7, 5, 4, 6, 5, 6, 7, 6, 7, 5, 6, 8, 4, 7, 6, 7, 6, 6, 5, 4, 6, 6, 3, 7, 7, 8, 5, 4, 6, 3, 7, 6, 6, 6, 5, 5, 4, 6, 7, 4, 7, 7, 5, 5, 5, 6, 5, 7, 3, 5]
A_28 65.05 A 28 [1, 3, 3, 1, 4, 3, 2, 3, 4, 1, 4, 3, 1, 2, 2, 4, 2, 2, 2, 2, 3, 2, 1, 4, 3, 2, 3, 1, 2, 2, 3, 1, 1, 1, 2, 2, 1, 3, 3, 1, 3, 1, 2, 1, 2, 4, 4, 2, 1, 4, 2, 2, 4, 2, 4, 3, 3, 4, 2, 4, 1, 3, 2, 4, 1, 4, 1, 2, 4, 1, 2, 3, 1, 3, 1, 1, 1, 2, 2, 4] [3, 5, 5, 4, 6, 6, 6, 7, 7, 4, 8, 7, 3, 6, 5, 6, 4, 5, 6, 5, 6, 4, 5, 8, 7, 5, 6, 4, 6, 5, 6, 5, 4, 4, 5, 4, 4, 6, 7, 5, 5, 4, 5, 5, 5, 7, 8, 6, 3, 8, 4, 5, 8, 4, 7, 5, 5, 8, 6, 7, 4, 7, 4, 6, 4, 7, 5, 5, 8, 4, 4, 6, 4, 5, 3, 5, 5, 5, 6, 6]
A_29 66.38 A 29 [3, 4, 1, 3, 3, 3, 3, 1, 1, 1, 3, 1, 4, 1, 3, 2, 2, 4, 4, 3, 2, 2, 4, 4, 4, 2, 4, 3, 2, 3, 3, 3, 4, 1, 3, 4, 4, 3, 4, 2, 1, 4, 3, 1, 1, 4, 2, 4, 2, 3, 1, 3, 1, 4, 3, 4, 2, 1, 2, 2, 2, 1, 1, 2, 4, 2, 2, 1, 3, 3, 4, 4, 2, 2, 2, 3, 1, 3, 2, 4] [5, 6, 3, 7, 7, 7, 5, 5, 3, 3, 6, 3, 8, 3, 7, 5, 4, 8, 8, 6, 5, 6, 8, 8, 6, 5, 6, 7, 5, 7, 5, 5, 6, 3, 6, 6, 8, 5, 7, 5, 4, 6, 6, 5, 5, 8, 4, 7, 5, 7, 5, 6, 4, 8, 5, 6, 6, 5, 4, 4, 4, 4, 3, 4, 7, 5, 4, 3, 5, 6, 8, 6, 5, 6, 4, 5, 3, 6, 5, 6]
A_30 67.38 A 30 [4, 4, 2, 2, 1, 3, 3, 4, 2, 2, 1, 1, 4, 4, 1, 4, 4, 3, 3, 4, 3, 4, 2, 4, 4, 1, 3, 3, 3, 3, 2, 4, 2, 4, 2, 1, 3, 4, 3, 3, 2, 4, 3, 1, 1, 1, 3, 2, 2, 3, 4, 3, 1, 4, 1, 4, 3, 1, 3, 4, 2, 2, 3, 2, 1, 1, 1, 2, 3, 4, 1, 1, 4, 4, 2, 4, 1, 2, 1, 1] [8, 8, 6, 5, 3, 7, 5, 6, 5, 5, 3, 4, 6, 6, 5, 8, 8, 5, 5, 6, 6, 7, 4, 7, 6, 5, 7, 7, 6, 5, 4, 8, 5, 7, 5, 4, 5, 7, 7, 6, 4, 7, 6, 3, 5, 4, 6, 5, 6, 7, 8, 7, 4, 8, 4, 8, 7, 3, 7, 6, 4, 5, 7, 4, 5, 3, 3, 4, 5, 7, 3, 3, 7, 7, 5, 6, 3, 6, 5, 5]
A_31 68.38 A 31 [2, 1, 2, 2, 1, 1, 1, 3, 2, 2, 4, 3, 3, 1, 1, 2, 2, 1, 4, 2, 1, 1, 2, 3, 4, 4, 3, 3, 1, 3, 4, 3, 2, 3, 1, 1, 4, 3, 1, 1, 1, 4, 2, 1, 3, 3, 4, 1, 4, 4, 4, 2, 4, 3, 2, 4, 1, 2, 1, 3, 3, 1, 1, 3, 4, 1, 2, 1, 4, 2, 2, 1, 4, 3, 3, 4, 2, 1, 1, 4] [6, 5, 6, 6, 5, 5, 5, 5, 6, 5, 6, 6, 6, 3, 4, 4, 4, 4, 6, 4, 4, 3, 4, 5, 7, 6, 7, 5, 5, 5, 8, 6, 4, 7, 5, 5, 7, 7, 5, 4, 5, 8, 6, 3, 6, 7, 8, 3, 8, 6, 8, 6, 6, 6, 5, 6, 4, 4, 5, 6, 5, 5, 3, 7, 6, 5, 4, 3, 8, 6, 4, 3, 8, 5, 5, 7, 6, 3, 4, 7]
A_32 69.38 A 32 [3, 4, 1, 4, 2, 2, 3, 4, 4, 2, 2, 1, 4, 3, 3, 4, 3, 3, 1, 3, 1, 1, 4, 1, 3, 2, 2, 1, 1, 4, 2, 2, 2, 1, 3, 4, 2, 1, 4, 4, 3, 4, 2, 1, 2, 3, 3, 2, 4, 1, 1, 3, 1, 1, 4, 3, 4, 2, 1, 2, 1, 2, 3, 4, 1, 1, 4, 2, 3, 3, 3, 1, 1, 1, 3, 3, 1, 1, 2, 4] [5, 8, 3, 8, 6, 5, 6, 8, 6, 5, 6, 3, 7, 6, 7, 6, 7, 5, 4, 7, 4, 3, 7, 5, 7, 5, 5, 4, 4, 6, 5, 4, 4, 3, 6, 8, 6, 4, 8, 6, 7, 6, 6, 5, 6, 6, 6, 6, 7, 4, 4, 7, 5, 4, 7, 5, 6, 4, 4, 6, 5, 4, 5, 7, 4, 5, 7, 5, 6, 5, 7, 4, 5, 4, 6, 5, 4, 5, 4, 7]
A_33 71.47 A 33 [2, 2, 2, 4, 4, 1, 2, 1, 4, 3, 4, 2, 4, 2, 2, 2, 2, 4, 2, 3, 3, 1, 2, 2, 3, 2, 2, 4, 1, 1, 4, 3, 1, 1, 4, 1, 3, 1, 2, 1, 2, 3, 3, 3, 1, 2, 2, 3, 3, 4, 2, 2, 2, 4, 4, 3, 1, 3, 2, 2, 3, 4, 4, 2, 4, 3, 2, 1, 4, 2, 1, 2, 2, 2, 3, 2, 1, 1, 4, 2] [4, 4, 6, 6, 8, 3, 6, 5, 7, 5, 8, 4, 6, 6, 6, 6, 6, 8, 5, 5, 5, 3, 6, 4, 7, 6, 6, 6, 4, 3, 7, 7, 3, 4, 6, 4, 5, 5, 6, 3, 4, 7, 6, 5, 4, 6, 6, 6, 7, 7, 6, 6, 5, 7, 6, 6, 5, 5, 6, 4, 6, 7, 8, 5, 8, 6, 4, 3, 8, 4, 5, 6, 5, 5, 7, 5, 4, 3, 8, 6]
A_34 72.47 A 34 [2, 1, 4, 1, 1, 1, 2, 1, 2, 2, 4, 2, 2, 2, 1, 3, 3, 2, 4, 4, 2, 3, 1, 1, 3, 4, 2, 1, 2, 3, 2, 1, 3, 4, 1, 3, 3, 4, 2, 3, 1, 2, 4, 2, 3, 1, 4, 1, 1, 2, 1, 3, 2, 3, 3, 1, 1, 3, 1, 2, 1, 4, 2, 1, 3, 1, 3, 2, 3, 1, 3, 3, 1, 4, 4, 2, 2, 4, 2, 1] [6, 3, 8, 5, 4, 4, 6, 5, 5, 5, 8, 6, 4, 4, 4, 7, 5, 6, 7, 7, 6, 6, 4, 4, 6, 7, 5, 5, 5, 6, 5, 5, 6, 6, 4, 5, 7, 8, 6, 7, 4, 5, 6, 4, 7, 4, 7, 5, 5, 6, 3, 6, 4, 5, 6, 3, 5, 7, 3, 5, 4, 7, 5, 3, 6, 4, 6, 5, 6, 5, 7, 6, 3, 8, 8, 4, 4, 6, 5, 5]
A_35 73.47 A 35 [4, 2, 1, 2, 2, 4, 2, 4, 1, 1, 2, 4, 4, 4, 2, 1, 1, 2, 4, 1, 1, 4, 2, 4, 1, 4, 2, 4, 2, 4, 1, 1, 4, 1, 3, 4, 1, 1, 2, 1, 3, 1, 1, 1, 1, 4, 1, 2, 1, 4, 3, 2, 3, 1, 2, 3, 4, 4, 3, 3, 1, 1, 4, 1, 4, 1, 3, 1, 4, 4, 2, 3, 2, 1, 1, 3, 2, 2, 2, 3] [6, 6, 3, 6, 5, 7, 4, 8, 4, 5, 5, 6, 7, 6, 6, 5, 5, 6, 8, 3, 3, 7, 4, 7, 5, 8, 5, 6, 4, 6, 4, 5, 8, 4, 5, 7, 5, 3, 4, 3, 6, 4, 3, 4, 3, 6, 4, 6, 4, 7, 7, 6, 7, 5, 5, 7, 7, 8, 7, 6, 4, 4, 8, 5, 8, 5, 5, 4, 8, 6, 4, 5, 4, 5, 3, 6, 6, 6, 4, 6]
A_36 75.2 A 36 [1, 1, 3, 2, 3, 4, 4, 4, 4, 3, 1, 1, 4, 2, 1, 1, 4, 2, 1, 1, 4, 4, 1, 3, 4, 4, 2, 3, 1, 4, 3, 4, 2, 3, 3, 1, 3, 4, 4, 1, 2, 3, 2, 1, 3, 4, 1, 2, 2, 4, 1, 1, 1, 2, 2, 4, 4, 2, 2, 3, 3, 4, 2, 2, 4, 2, 2, 3, 3, 2, 3, 3, 1, 3, 1, 4, 2, 2, 3, 3] [5, 5, 7, 4, 7, 7, 8, 8, 6, 6, 5, 4, 7, 4, 5, 5, 8, 5, 5, 3, 7, 8, 5, 7, 8, 8, 4, 7, 4, 8, 5, 7, 6, 5, 7, 5, 6, 7, 6, 5, 4, 6, 5, 5, 5, 8, 3, 5, 6, 8, 3, 3, 5, 5, 6, 7, 8, 6, 6, 5, 5, 7, 6, 5, 7, 6, 5, 6, 7, 5, 7, 6, 5, 6, 5, 8, 6, 4, 7, 7]
A_37 76.42 A 37 [1, 3, 4, 4, 4, 2, 1, 4, 2, 3, 1, 3, 1, 3, 3, 2, 1, 3, 1, 2, 2, 1, 3, 4, 2, 2, 2, 4, 3, 3, 4, 3, 1, 1, 4, 1, 4, 4, 2, 4, 3, 2, 3, 3, 3, 1, 4, 1, 4, 1, 1, 1, 2, 1, 1, 2, 4, 4, 3, 2, 1, 3, 2, 3, 4, 1, 2, 4, 3, 2, 3, 4, 4, 3, 4, 1, 4, 4, 2, 2] [5, 5, 8, 8, 8, 5, 5, 7, 5, 5, 5, 7, 3, 7, 5, 6, 5, 6, 3, 4, 6, 5, 7, 8, 5, 5, 4, 6, 6, 5, 7, 7, 4, 5, 8, 3, 7, 8, 4, 7, 7, 4, 7, 7, 6, 5, 8, 3, 6, 3, 4, 5, 5, 4, 5, 4, 8, 7, 5, 5, 4, 7, 5, 6, 8, 3, 4, 7, 6, 6, 6, 8, 8, 7, 6, 5, 7, 6, 6, 4]
A_38 77.42 A 38 [4, 3, 4, 4, 2, 2, 4, 2, 4, 2, 1, 2, 2, 2, 2, 1, 4, 4, 4, 4, 2, 2, 2, 3, 4, 1, 4, 3, 3, 4, 3, 1, 4, 2, 2, 2, 4, 2, 2, 1, 1, 4, 4, 1, 3, 1, 4, 2, 4, 1, 2, 1, 2, 4, 3, 4, 3, 1, 3, 1, 1, 3, 1, 3, 1, 1, 2, 2, 3, 2, 4, 2, 4, 2, 4, 4, 1, 4, 4, 4] [7, 5, 6, 6, 5, 5, 8, 5, 8, 6, 3, 4, 6, 5, 4, 5, 6, 7, 6, 6, 5, 4, 5, 6, 6, 3, 6, 7, 7, 7, 7, 5, 8, 6, 6, 4, 6, 4, 4, 4, 5, 6, 8, 3, 7, 5, 8, 5, 7, 5, 4, 5, 6, 7, 6, 8, 7, 3, 6, 4, 4, 6, 4, 7, 4, 3, 4, 5, 5, 6, 8, 6, 6, 6, 8, 6, 3, 7, 7, 8]
A_39 78.74 A 39 [4, 3, 2, 3, 1, 3, 3, 1, 2, 1, 1, 1, 2, 4, 4, 3, 1, 1, 3, 1, 2, 3, 4, 4, 1, 1, 1, 1, 1, 2, 3, 1, 4, 1, 3, 1, 1, 4, 1, 3, 1, 4, 1, 3, 2, 3, 2, 3, 1, 2, 3, 3, 4, 4, 3, 3, 2, 1, 2, 3, 1, 1, 1, 3, 2, 4, 1, 1, 4, 3, 4, 4, 1, 2, 2, 4, 1, 2, 3, 2] [6, 5, 6, 5, 3, 7, 6, 3, 6, 3, 3, 5, 4, 8, 6, 7, 4, 4, 6, 3, 6, 6, 7, 6, 3, 5, 4, 5, 5, 5, 6, 4, 6, 3, 7, 3, 5, 7, 4, 7, 4, 7, 3, 5, 5, 5, 4, 7, 3, 5, 7, 7, 7, 8, 7, 6, 5, 3, 4, 6, 5, 3, 4, 6, 5, 6, 3, 3, 6, 7, 7, 6, 4, 6, 6, 7, 4, 6, 5, 5]
B_0 3.79 B 40 [3, 1, 3, 2, 2, 2, 1, 1, 2, 2, 4, 1, 3, 3, 4, 2, 1, 4, 1, 3, 3, 1, 3, 3, 4, 3, 3, 3, 3, 1, 2, 1, 3, 2, 1, 3, 2, 3, 1, 1, 2, 4, 2, 2, 3, 4, 4, 1, 4, 3, 2, 1, 3, 1, 1, 3, 1, 2, 2, 4, 3, 3, 4, 3, 3, 3, 2, 3, 1, 1, 4, 1, 4, 3, 2, 1, 2, 1, 4, 1] [7, 3, 5, 5, 5, 6, 3, 3, 4, 5, 7, 4, 5, 6, 8, 5, 3, 7, 4, 6, 6, 4, 6, 7, 6, 7, 5, 6, 5, 4, 4, 5, 7, 4, 4, 6, 4, 7, 5, 4, 6, 8, 5, 5, 7, 7, 8, 5, 7, 7, 5, 3, 6, 4, 3, 7, 4, 4, 4, 7, 7, 6, 8, 6, 5, 7, 5, 7, 5, 3, 8, 5, 7, 5, 4, 5, 6, 4, 8, 3]
B_1 5.2 B 41 [1, 1, 2, 3, 2, 1, 4, 2, 4, 4, 4, 1, 1, 4, 1, 2, 2, 2, 4, 4, 4, 3, 3, 4, 2, 3, 3, 4, 1, 4, 4, 4, 4, 3, 2, 1, 3, 2, 4, 4, 4, 2, 1, 4, 3, 3, 4, 1, 4, 4, 2, 3, 2, 1, 4, 2, 4, 1, 4, 2, 3, 1, 2, 1, 1, 1, 3, 3, 1, 1, 3, 3, 2, 2, 1, 4, 1, 1, 2, 1] [3, 5, 6, 5, 6, 5, 6, 5, 8, 6, 6, 4, 3, 6, 5, 4, 4, 6, 6, 6, 6, 7, 5, 7, 6, 7, 5, 8, 4, 6, 7, 8, 6, 7, 5, 4, 6, 4, 6, 7, 8, 4, 4, 6, 5, 6, 8, 4, 7, 7, 5, 6, 6, 5, 6, 4, 7, 3, 7, 5, 6, 5, 5, 4, 3, 5, 6, 6, 4, 5, 7, 5, 6, 6, 4, 6, 3, 4, 5, 5]
B_2 10.370000000000001 B 42 [3, 4, 2, 2, 2, 3, 1, 3, 1, 3, 3, 3, 2, 4, 3, 1, 3, 2, 1, 2, 4, 3, 3, 2, 1, 2, 2, 1, 2, 3, 3, 2, 2, 3, 4, 1, 2, 3, 4, 1, 2, 1, 2, 3, 1, 3, 3, 1, 1, 2, 2, 1, 1, 1, 1, 4, 3, 2, 3, 4, 4, 4, 1, 3, 2, 3, 2, 2, 3, 4, 2, 4, 3, 1, 1, 3, 3, 3, 3, 4] [5, 7, 4, 4, 6, 5, 3, 5, 5, 6, 5, 6, 4, 8, 6, 5, 6, 5, 5, 5, 8, 6, 5, 6, 5, 4, 4, 4, 5, 6, 6, 6, 6, 6, 6, 3, 5, 7, 8, 3, 5, 4, 4, 7, 3, 7, 5, 3, 4, 5, 4, 4, 3, 5, 5, 7, 7, 4, 7, 8, 7, 6, 5, 7, 6, 6, 4, 6, 6, 6, 4, 8, 7, 3, 4, 5, 5, 7, 7, 8]
B_3 13.88 B 43 [4, 2, 2, 2, 4, 2, 4, 2, 2, 2, 4, 4, 3, 4, 1, 4, 2, 4, 4, 1, 2, 1, 3, 1, 4, 2, 4, 3, 1, 1, 1, 1, 1, 3, 2, 1, 1, 3, 1, 3, 2, 4, 3, 4, 3, 4, 2, 1, 2, 2, 1, 1, 1, 2, 3, 2, 4, 3, 2, 4, 2, 2, 4, 2, 3, 3, 2, 2, 4, 2, 2, 2, 1, 2, 1, 4, 4, 1, 3, 1] [7, 4, 6, 5, 6, 5, 7, 5, 5, 6, 6, 8, 5, 8, 3, 6, 6, 7, 6, 3, 6, 5, 7, 5, 8, 5, 6, 7, 5, 5, 3, 3, 5, 5, 4, 4, 5, 7, 3, 5, 5, 6, 7, 7, 5, 8, 4, 4, 6, 4, 4, 4, 5, 4, 7, 5, 7, 6, 5, 7, 6, 5, 6, 4, 7, 6, 5, 4, 7, 4, 5, 5, 5, 4, 3, 8, 7, 4, 5, 3]
B_4 14.88 B 44 [3, 1, 1, 3, 4, 3, 3, 1, 1, 1, 2, 2, 2, 2, 4, 2, 3, 3, 3, 1, 2, 3, 1, 3, 2, 3, 2, 2, 2, 1, 1, 3, 2, 1, 3, 1, 3, 3, 3, 2, 3, 3, 1, 3, 1, 1, 1, 1, 3, 3, 1, 3, 3, 3, 3, 3, 4, 4, 4, 3, 3, 3, 2, 4, 4, 1, 1, 1, 4, 1, 3, 1, 1, 1, 4, 2, 2, 3, 1, 3] [6, 4, 5, 6, 7, 7, 7, 3, 3, 5, 4, 4, 4, 4, 7, 5, 5, 5, 5, 4, 6, 5, 5, 5, 5, 5, 4, 6, 5, 5, 5, 6, 6, 4, 7, 3, 5, 6, 7, 5, 7, 5, 3, 5, 4, 3, 4, 3, 5, 5, 4, 7, 6, 5, 5, 5, 8, 6, 6, 7, 5, 6, 4, 7, 7, 5, 4, 4, 6, 3, 7, 3, 4, 3, 7, 4, 6, 5, 4, 6]
B_5 18.85 B 45 [1, 1, 4, 1, 4, 3, 2, 3, 1, 4, 4, 4, 4, 1, 4, 1, 4, 4, 1, 3, 1, 4, 4, 2, 3, 4, 4, 3, 4, 4, 1, 3, 3, 2, 1, 4, 4, 1, 1, 3, 4, 3, 3, 4, 1, 1, 4, 1, 1, 2, 4, 1, 3, 2, 1, 2, 4, 1, 1, 1, 4, 2, 4, 3, 4, 2, 4, 2, 3, 3, 2, 2, 2, 3, 4, 2, 3, 4, 2, 2] [5, 3, 8, 5, 7, 7, 5, 5, 5, 7, 8, 6, 7, 5, 7, 5, 8, 8, 4, 6, 5, 8, 7, 4, 5, 7, 7, 7, 7, 8, 4, 7, 6, 6, 4, 6, 8, 5, 5, 5, 7, 6, 7, 8, 3, 3, 8, 3, 5, 5, 7, 5, 6, 5, 5, 6, 7, 4, 3, 3, 6, 6, 6, 6, 8, 5, 8, 4, 5, 7, 5, 5, 6, 7, 6, 5, 7, 7, 6, 4]
B_6 20.240000000000002 B 46 [2, 4, 4, 1, 4, 2, 3, 4, 2, 4, 3, 1, 4, 1, 4, 1, 3, 2, 3, 3, 1, 2, 2, 3, 3, 1, 2, 4, 4, 2, 3, 4, 3, 2, 4, 1, 1, 4, 4, 2, 4, 4, 3, 2, 1, 4, 1, 4, 2, 2, 1, 2, 3, 4, 3, 4, 4, 3, 2, 2, 1, 2, 4, 4, 2, 2, 1, 3, 3, 4, 4, 4, 3, 2, 1, 2, 2, 4, 4, 2] [5, 7, 8, 4, 8, 5, 5, 8, 6, 7, 6, 4, 6, 5, 7, 4, 5, 4, 5, 5, 4, 6, 4, 6, 5, 5, 4, 6, 8, 4, 6, 8, 6, 6, 7, 4, 3, 8, 8, 4, 8, 8, 5, 4, 4, 8, 5, 8, 6, 5, 4, 4, 7, 8, 5, 6, 6, 5, 5, 5, 4, 5, 6, 8, 5, 4, 5, 5, 6, 7, 7, 8, 7, 5, 3, 4, 6, 7, 8, 6]
B_7 21.46 B 47 [2, 3, 3, 3, 3, 3, 1, 3, 3, 4, 4, 2, 4, 4, 2, 1, 2, 2, 2, 3, 4, 4, 2, 2, 1, 3, 4, 2, 2, 4, 2, 1, 2, 3, 1, 2, 2, 1, 2, 3, 1, 1, 1, 1, 1, 1, 4, 3, 3, 2, 2, 4, 1, 1, 1, 1, 4, 1, 4, 3, 2, 4, 1, 4, 3, 3, 2, 1, 1, 4, 3, 3, 4, 1, 1, 2, 1, 3, 4, 3] [4, 7, 5, 6, 7, 5, 3, 6, 7, 7, 6, 6, 8, 7, 5, 5, 4, 6, 6, 5, 6, 6, 4, 4, 4, 5, 7, 6, 6, 7, 5, 3, 6, 6, 5, 6, 5, 3, 5, 7, 5, 4, 3, 4, 3, 3, 8, 7, 5, 4, 6, 6, 4, 4, 5, 4, 6, 4, 7, 7, 5, 7, 3, 7, 6, 5, 4, 4, 5, 7, 6, 5, 7, 3, 5, 5, 5, 5, 6, 5]
B_8 26.330000000000002 B 48 [3, 2, 1, 1, 3, 1, 2, 4, 1, 2, 3, 2, 4, 4, 2, 2, 3, 3, 3, 4, 3, 1, 4, 3, 3, 1, 3, 1, 1, 2, 2, 4, 4, 3, 1, 1, 2, 4, 4, 1, 4, 4, 1, 2, 3, 1, 2, 3, 4, 4, 3, 2, 2, 4, 3, 4, 2, 4, 3, 3, 1, 1, 4, 1, 3, 1, 2, 2, 3, 2, 3, 3, 4, 3, 2, 1, 1, 4, 3, 4] [7, 5, 5, 4, 7, 4, 4, 6, 3, 6, 7, 6, 6, 8, 6, 6, 7, 6, 5, 6, 6, 3, 7, 5, 6, 3, 6, 5, 3, 5, 6, 8, 7, 7, 5, 4, 6, 6, 7, 3, 7, 7, 4, 6, 5, 5, 6, 5, 8, 8, 7, 5, 5, 8, 5, 6, 5, 6, 6, 5, 5, 4, 7, 4, 7, 5, 5, 6, 5, 4, 6, 5, 7, 7, 5, 4, 3, 8, 5, 6]
B_9 28.1 B 49 [2, 2, 2, 3, 3, 4, 1, 1, 3, 4, 1, 1, 2, 1, 4, 2, 4, 2, 3, 1, 2, 2, 2, 1, 1, 4, 3, 2, 4, 3, 3, 4, 1, 4, 2, 4, 4, 1, 1, 2, 3, 4, 2, 2, 3, 2, 2, 2, 4, 1, 1, 2, 3, 1, 2, 1, 4, 1, 4, 1, 4, 1, 4, 1, 4, 2, 3, 3, 2, 2, 3, 2, 3, 1, 1, 1, 2, 1, 2, 2] [5, 6, 4, 7, 5, 8, 4, 5, 5, 6, 5, 4, 5, 4, 6, 5, 6, 4, 6, 3, 5, 6, 6, 4, 3, 8, 6, 4, 8, 7, 7, 6, 4, 7, 6, 7, 8, 3, 5, 5, 7, 7, 5, 4, 5, 5, 5, 4, 8, 3, 3, 6, 5, 4, 5, 4, 6, 3, 8, 4, 7, 4, 7, 5, 8, 4, 5, 5, 5, 5, 7, 6, 6, 5, 3, 4, 4, 4, 5, 4]
B_10 29.1 B 50 [3, 2, 1, 4, 2, 2, 2, 3, 4, 3, 4, 3, 1, 1, 2, 3, 3, 3, 2, 2, 2, 3, 4, 3, 2, 2, 1, 2, 2, 1, 4, 4, 1, 2, 1, 3, 1, 1, 2, 3, 2, 2, 2, 1, 1, 4, 1, 2, 3, 1, 1, 2, 3, 1, 3, 4, 3, 4, 2, 4, 4, 3, 4, 1, 3, 4, 4, 3, 2, 2, 3, 2, 2, 3, 1, 1, 1, 2, 4, 1] [5, 6, 3, 7, 5, 4, 5, 7, 7, 5, 8, 6, 4, 3, 5, 5, 6, 5, 6, 5, 4, 6, 6, 7, 5, 5, 4, 6, 4, 5, 8, 8, 4, 6, 3, 7, 3, 4, 4, 7, 5, 5, 4, 4, 4, 7, 4, 6, 7, 3, 3, 6, 6, 5, 7, 7, 6, 8, 4, 6, 7, 7, 8, 5, 7, 6, 6, 6, 4, 6, 6, 5, 5, 7, 3, 4, 5, 6, 6, 3]
B_11 32.27 B 51 [1, 4, 2, 3, 3, 2, 1, 1, 4, 3, 2, 3, 1, 1, 1, 2, 3, 4, 1, 3, 3, 4, 2, 1, 2, 1, 2, 3, 2, 3, 3, 2, 3, 2, 3, 2, 1, 1, 1, 3, 1, 3, 1, 1, 3, 1, 2, 4, 2, 2, 2, 3, 3, 1, 2, 1, 2, 4, 3, 4, 2, 1, 4, 1, 2, 1, 4, 3, 4, 3, 3, 1, 3, 3, 4, 2, 4, 3, 2, 1] [4, 7, 4, 7, 7, 5, 5, 3, 6, 5, 5, 6, 4, 4, 4, 6, 7, 7, 4, 6, 6, 6, 5, 4, 5, 4, 5, 6, 5, 6, 7, 6, 7, 6, 6, 6, 3, 5, 5, 7, 3, 6, 4, 4, 7, 5, 4, 6, 5, 6, 6, 5, 7, 4, 4, 4, 5, 8, 5, 7, 6, 4, 7, 4, 4, 3, 7, 5, 7, 5, 6, 3, 5, 6, 7, 6, 7, 5, 6, 4]
B_12 35.17 B 52 [3, 4, 3, 3, 4, 4, 4, 3, 2, 3, 2, 1, 1, 2, 3, 2, 2, 3, 2, 3, 2, 2, 2, 4, 1, 3, 1, 1, 4, 1, 1, 4, 1, 2, 2, 3, 1, 2, 2, 4, 3, 2, 1, 1, 3, 3, 3, 1, 2, 3, 3, 3, 4, 2, 1, 1, 1, 1, 2, 1, 3, 1, 2, 4, 1, 3, 3, 3, 3, 3, 3, 3, 3, 1, 3, 3, 3, 4, 1, 3] [7, 7, 5, 6, 8, 6, 8, 6, 4, 5, 6, 5, 4, 5, 6, 6, 6, 7, 4, 5, 6, 6, 5, 7, 5, 7, 4, 3, 8, 4, 4, 6, 5, 5, 4, 7, 5, 5, 6, 7, 6, 6, 3, 5, 6, 6, 7, 4, 5, 5, 6, 7, 7, 5, 3, 3, 3, 4, 4, 4, 5, 4, 6, 8, 3, 5, 6, 6, 6, 7, 5, 6, 7, 3, 5, 7, 7, 7, 3, 7]
B_13 40.63 B 53 [1, 1, 2, 4, 1, 3, 3, 1, 3, 4, 3, 3, 2, 3, 4, 2, 3, 2, 2, 4, 2, 2, 1, 4, 4, 2, 4, 4, 2, 4, 4, 3, 1, 4, 3, 1, 2, 1, 4, 4, 1, 1, 1, 2, 3, 2, 4, 1, 4, 1, 1, 1, 2, 1, 4, 2, 2, 2, 1, 3, 4, 3, 3, 3, 4, 3, 1, 2, 3, 3, 3, 4, 4, 3, 2, 2, 2, 4, 3, 1] [4, 3, 6, 6, 5, 5, 5, 4, 7, 8, 7, 6, 5, 6, 6, 5, 6, 5, 5, 6, 5, 4, 5, 7, 8, 4, 6, 7, 4, 8, 8, 6, 4, 7, 5, 5, 5, 4, 7, 8, 4, 5, 5, 4, 5, 5, 8, 4, 8, 4, 5, 4, 5, 4, 6, 6, 5, 5, 3, 7, 7, 6, 6, 6, 8, 7, 3, 6, 7, 6, 6, 8, 7, 7, 5, 4, 6, 6, 7, 5]
B_14 41.63 B 54 [2, 1, 1, 2, 2, 4, 1, 4, 4, 1, 3, 1, 2, 2, 1, 4, 1, 3, 1, 4, 1, 1, 3, 2, 4, 2, 2, 4, 4, 3, 1, 2, 4, 4, 3, 2, 2, 1, 3, 3, 1, 4, 1, 3, 3, 1, 3, 1, 3, 2, 3, 2, 1, 4, 2, 3, 4, 1, 2, 4, 2, 1, 4, 4, 1, 3, 3, 4, 1, 2, 1, 4, 4, 2, 1, 1, 4, 1, 1, 3] [6, 3, 4, 4, 5, 6, 3, 6, 7, 5, 5, 3, 6, 6, 5, 7, 3, 5, 3, 7, 4, 5, 5, 6, 6, 6, 4, 7, 7, 5, 4, 5, 7, 6, 6, 5, 6, 5, 6, 7, 3, 6, 5, 7, 5, 5, 5, 5, 5, 5, 7, 4, 3, 6, 4, 5, 6, 5, 6, 6, 4, 3, 6, 8, 3, 6, 7, 7, 4, 6, 3, 8, 8, 6, 5, 5, 8, 5, 4, 6]
B_15 46.78 B 55 [3, 3, 4, 4, 3, 4, 3, 4, 4, 4, 2, 1, 2, 1, 4, 4, 3, 2, 4, 4, 2, 2, 2, 2, 3, 4, 3, 4, 3, 4, 4, 4, 3, 3, 1, 3, 4, 2, 4, 3, 3, 2, 4, 2, 3, 2, 4, 1, 4, 1, 4, 1, 1, 2, 3, 3, 2, 3, 2, 1, 1, 4, 3, 4, 1, 3, 4, 2, 3, 2, 1, 3, 1, 2, 1, 4, 1, 2, 1, 4] [6, 5, 8, 7, 7, 7, 5, 6, 6, 8, 4, 3, 4, 3, 8, 7, 5, 5, 8, 7, 4, 5, 6, 5, 5, 6, 6, 8, 5, 6, 8, 6, 5, 6, 3, 7, 7, 4, 8, 6, 7, 4, 7, 5, 5, 6, 6, 4, 6, 4, 7, 4, 3, 6, 5, 7, 5, 5, 4, 3, 4, 7, 7, 7, 5, 5, 6, 4, 7, 6, 4, 7, 5, 5, 3, 6, 5, 4, 5, 8]
B_16 47.78 B 56 [4, 1, 2, 2, 4, 3, 2, 2, 3, 1, 2, 1, 3, 1, 2, 2, 3, 4, 2, 1, 2, 4, 1, 1, 4, 3, 1, 2, 3, 2, 3, 1, 4, 1, 1, 4, 4, 4, 3, 2, 1, 4, 3, 4, 4, 4, 4, 4, 2, 4, 3, 2, 1, 2, 4, 2, 4, 3, 1, 1, 1, 2, 3, 1, 3, 2, 3, 4, 1, 1, 1, 3, 2, 3, 3, 2, 2, 2, 2, 3] [6, 3, 4, 6, 7, 5, 4, 6, 7, 3, 5, 5, 5, 3, 5, 6, 6, 8, 4, 5, 5, 8, 4, 5, 7, 7, 4, 5, 5, 6, 7, 4, 6, 5, 5, 7, 8, 8, 7, 5, 4, 7, 7, 7, 8, 7, 6, 6, 5, 6, 6, 5, 3, 5, 6, 5, 6, 7, 5, 5, 3, 5, 6, 3, 7, 5, 7, 6, 5, 4, 4, 6, 4, 7, 6, 6, 6, 6, 4, 6]
B_17 51.99 B 57 [2, 2, 3, 1, 2, 3, 2, 3, 3, 4, 2, 2, 1, 4, 4, 4, 4, 3, 4, 3, 3, 3, 1, 3, 4, 3, 3, 1, 4, 1, 1, 2, 2, 3, 3, 4, 2, 4, 1, 1, 2, 1, 2, 3, 4, 1, 3, 1, 4, 1, 4, 4, 1, 2, 1, 3, 3, 3, 3, 2, 2, 1, 4, 1, 2, 2, 2, 2, 1, 4, 3, 1, 1, 2, 3, 2, 3, 3, 2, 3] [4, 6, 7, 5, 4, 7, 6, 7, 5, 6, 6, 5, 3, 6, 8, 8, 7, 6, 6, 6, 6, 6, 4, 6, 6, 5, 7, 4, 8, 5, 3, 4, 4, 5, 7, 8, 6, 7, 3, 3, 4, 3, 4, 6, 6, 4, 5, 4, 6, 3, 8, 8, 4, 5, 5, 5, 7, 6, 6, 5, 6, 4, 8, 5, 6, 5, 4, 5, 3, 8, 7, 5, 3, 5, 7, 4, 7, 6, 6, 5]
B_18 54.6 B 58 [4, 2, 4, 4, 4, 3, 2, 2, 2, 3, 3, 4, 2, 2, 3, 2, 1, 4, 3, 4, 3, 1, 4, 1, 3, 1, 1, 3, 2, 2, 3, 1, 1, 2, 1, 3, 2, 3, 3, 2, 2, 4, 3, 2, 4, 1, 2, 4, 3, 4, 2, 3, 2, 1, 2, 2, 1, 3, 4, 4, 3, 3, 2, 3, 1, 3, 3, 1, 1, 1, 4, 2, 2, 4, 2, 3, 2, 3, 3, 1] [6, 4, 6, 7, 8, 5, 5, 4, 5, 5, 6, 6, 6, 5, 5, 6, 3, 8, 5, 6, 6, 3, 6, 3, 7, 4, 3, 6, 6, 4, 7, 5, 4, 6, 3, 7, 6, 5, 6, 4, 4, 7, 7, 5, 6, 3, 5, 7, 6, 8, 4, 5, 4, 3, 6, 4, 5, 6, 8, 7, 5, 7, 6, 7, 5, 7, 7, 3, 4, 3, 6, 5, 4, 6, 4, 7, 6, 6, 7, 4]
B_19 58.74 B 59 [3, 3, 1, 4, 3, 2, 1, 1, 2, 1, 2, 4, 3, 1, 3, 3, 4, 2, 2, 4, 1, 1, 1, 1, 1, 2, 4, 1, 4, 2, 4, 3, 2, 2, 2, 3, 3, 2, 1, 3, 4, 2, 4, 4, 3, 1, 2, 3, 3, 1, 4, 4, 1, 3, 4, 1, 1, 2, 4, 1, 1, 3, 4, 4, 1, 2, 1, 3, 4, 3, 1, 3, 4, 1, 1, 3, 3, 2, 4, 1] [6, 6, 3, 8, 6, 4, 4, 3, 6, 3, 5, 7, 5, 3, 5, 7, 8, 6, 6, 7, 5, 4, 5, 4, 3, 6, 8, 3, 7, 4, 6, 6, 6, 4, 5, 6, 5, 5, 4, 6, 7, 5, 8, 7, 7, 3, 5, 7, 5, 4, 6, 7, 4, 7, 6, 3, 5, 5, 7, 3, 3, 7, 7, 7, 4, 4, 5, 5, 6, 7, 3, 5, 6, 3, 4, 6, 6, 5, 8, 3]
B_20 59.74 B 60 [2, 1, 3, 4, 1, 3, 2, 4, 3, 1, 3, 1, 1, 3, 4, 1, 4, 3, 1, 4, 2, 3, 1, 1, 4, 2, 1, 3, 1, 2, 2, 3, 1, 3, 1, 1, 3, 1, 1, 1, 3, 3, 4, 2, 3, 4, 1, 2, 1, 4, 4, 2, 3, 4, 2, 1, 1, 2, 3, 1, 4, 1, 4, 1, 2, 2, 1, 3, 3, 3, 3, 4, 4, 1, 4, 1, 2, 1, 3, 1] [6, 4, 5, 6, 3, 7, 5, 8, 5, 5, 5, 4, 5, 7, 7, 5, 7, 7, 5, 6, 4, 6, 4, 4, 8, 6, 5, 7, 4, 4, 4, 5, 5, 6, 4, 4, 5, 4, 4, 5, 7, 6, 7, 6, 5, 6, 4, 5, 5, 7, 7, 6, 5, 7, 4, 4, 3, 6, 5, 3, 6, 3, 8, 4, 5, 4, 5, 5, 7, 6, 5, 6, 8, 5, 7, 5, 6, 4, 6, 5]
B_21 61.45 B 61 [4, 3, 4, 2, 3, 2, 3, 2, 2, 2, 2, 1, 1, 2, 3, 1, 4, 3, 4, 4, 3, 1, 2, 3, 4, 2, 4, 3, 3, 1, 2, 1, 2, 4, 4, 1, 4, 3, 3, 1, 3, 1, 4, 2, 3, 2, 2, 4, 1, 1, 3, 1, 1, 3, 1, 4, 2, 1, 3, 3, 1, 1, 4, 1, 1, 2, 1, 2, 4, 3, 2, 1, 2, 3, 2, 4, 3, 3, 4, 2] [8, 7, 7, 6, 7, 5, 7, 5, 6, 4, 6, 5, 5, 6, 6, 3, 7, 6, 7, 6, 7, 4, 6, 6, 7, 6, 8, 6, 7, 4, 5, 5, 4, 7, 7, 4, 7, 7, 6, 3, 6, 5, 6, 5, 6, 6, 5, 7, 4, 4, 7, 4, 4, 6, 3, 7, 5, 4, 7, 7, 3, 5, 6, 5, 5, 6, 5, 6, 7, 6, 5, 3, 6, 6, 6, 8, 5, 5, 7, 5]
B_22 62.470000000000006 B 62 [1, 4, 4, 2, 1, 1, 3, 4, 2, 3, 1, 4, 1, 2, 4, 1, 1, 4, 3, 2, 1, 3, 4, 4, 4, 4, 4, 2, 2, 1, 3, 1, 3, 4, 2, 4, 2, 2, 1, 1, 4, 2, 1, 4, 2, 4, 4, 1, 4, 4, 4, 4, 2, 3, 4, 3, 3, 4, 2, 4, 4, 4, 1, 1, 4, 2, 1, 2, 1, 4, 4, 1, 1, 3, 3, 4, 3, 2, 1, 3] [4, 7, 7, 6, 5, 4, 5, 7, 6, 6, 3, 7, 3, 5, 8, 4, 4, 6, 7, 4, 4, 7, 7, 6, 7, 8, 7, 6, 4, 3, 7, 3, 5, 8, 5, 8, 6, 5, 4, 4, 8, 5, 5, 6, 4, 6, 6, 3, 7, 7, 8, 7, 6, 6, 6, 7, 6, 8, 6, 7, 8, 6, 3, 5, 6, 4, 5, 5, 3, 7, 6, 4, 3, 5, 5, 8, 5, 5, 5, 5]
B_23 64.72 B 63 [3, 4, 3, 4, 3, 2, 2, 2, 1, 2, 1, 3, 2, 1, 1, 3, 4, 1, 4, 4, 1, 1, 1, 1, 1, 4, 3, 4, 4, 2, 2, 3, 4, 2, 1, 1, 2, 3, 3, 3, 3, 1, 3, 2, 4, 3, 4, 4, 1, 1, 1, 1, 4, 3, 4, 4, 1, 1, 3, 4, 1, 1, 1, 2, 4, 1, 3, 3, 3, 3, 3, 2, 2, 4, 3, 2, 2, 1, 3, 2] [6, 6, 5, 8, 6, 5, 4, 4, 5, 5, 3, 6, 6, 5, 3, 7, 6, 3, 7, 6, 3, 3, 4, 5, 3, 7, 5, 6, 6, 4, 4, 7, 7, 5, 3, 5, 5, 6, 7, 6, 6, 4, 7, 4, 7, 6, 8, 7, 4, 5, 5, 4, 8, 6, 8, 7, 3, 5, 7, 7, 4, 5, 5, 4, 8, 5, 6, 5, 6, 5, 5, 6, 4, 8, 6, 4, 6, 5, 5, 4]
B_24 65.72 B 64 [1, 3, 2, 1, 3, 3, 4, 2, 4, 1, 4, 3, 3, 4, 4, 4, 3, 3, 1, 3, 1, 2, 1, 4, 3, 3, 1, 3, 1, 4, 1, 4, 1, 4, 3, 4, 4, 4, 1, 2, 3, 1, 2, 3, 4, 4, 2, 3, 3, 4, 3, 2, 1, 4, 1, 1, 3, 2, 1, 1, 2, 1, 4, 4, 3, 2, 3, 1, 3, 4, 4, 4, 2, 2, 2, 2, 3, 4, 3, 3] [5, 7, 6, 5, 6, 6, 7, 5, 8, 4, 6, 6, 6, 7, 6, 7, 7, 5, 5, 6, 4, 6, 5, 6, 5, 7, 4, 5, 4, 7, 5, 6, 4, 8, 6, 8, 7, 8, 4, 5, 5, 3, 6, 7, 7, 8, 5, 6, 7, 8, 7, 4, 3, 8, 3, 5, 7, 6, 5, 4, 5, 5, 6, 8, 5, 6, 6, 5, 6, 7, 8, 8, 5, 5, 4, 6, 7, 7, 7, 5]
B_25 66.72 B 65 [1, 2, 3, 3, 4, 4, 2, 3, 4, 3, 2, 3, 3, 1, 2, 2, 4, 3, 3, 1, 3, 3, 4, 2, 3, 4, 3, 1, 4, 2, 1, 1, 1, 3, 1, 1, 2, 1, 1, 4, 3, 1, 3, 3, 1, 2, 2, 3, 1, 2, 4, 1, 3, 3, 3, 3, 2, 2, 3, 2, 2, 2, 2, 1, 2, 4, 3, 4, 3, 1, 3, 3, 1, 4, 3, 4, 3, 3, 4, 3] [3, 4, 5, 7, 7, 7, 4, 7, 7, 7, 5, 7, 6, 3, 5, 5, 7, 6, 6, 3, 6, 6, 7, 4, 6, 7, 5, 5, 7, 5, 3, 5, 5, 6, 4, 5, 6, 3, 3, 6, 7, 5, 6, 6, 5, 5, 4, 5, 5, 4, 6, 3, 5, 7, 6, 5, 5, 5, 7, 4, 4, 6, 4, 5, 6, 8, 6, 6, 5, 5, 5, 5, 3, 6, 5, 8, 5, 5, 6, 5]
B_26 67.72 B 66 [2, 2, 4, 2, 3, 1, 4, 2, 4, 4, 3, 4, 3, 3, 2, 1, 3, 2, 2, 2, 4, 2, 3, 2, 2, 1, 2, 2, 1, 2, 1, 2, 4, 2, 3, 3, 2, 2, 2, 1, 2, 3, 2, 2, 1, 4, 1, 2, 2, 3, 4, 4, 3, 1, 3, 4, 3, 2, 3, 1, 1, 1, 1, 3, 3, 3, 3, 3, 2, 3, 3, 2, 3, 2, 1, 2, 4, 3, 1, 4] [6, 5, 7, 4, 5, 4, 8, 6, 8, 8, 7, 7, 6, 6, 4, 4, 5, 6, 4, 6, 8, 4, 5, 6, 6, 5, 6, 4, 5, 4, 3, 4, 7, 4, 6, 5, 5, 4, 4, 3, 5, 6, 4, 5, 4, 8, 5, 4, 5, 5, 6, 7, 6, 3, 7, 6, 7, 4, 7, 5, 5, 5, 5, 6, 6, 6, 5, 5, 5, 5, 5, 5, 6, 5, 4, 6, 7, 5, 3, 8]
B_27 70.37 B 67 [3, 4, 4, 3, 2, 3, 4, 1, 3, 4, 2, 2, 1, 3, 3, 4, 1, 4, 4, 1, 2, 4, 1, 4, 3, 2, 3, 4, 2, 1, 2, 1, 2, 1, 2, 1, 3, 4, 2, 1, 3, 3, 2, 2, 1, 2, 3, 1, 2, 3, 3, 3, 3, 2, 4, 2, 4, 2, 1, 3, 3, 2, 2, 3, 1, 4, 3, 1, 4, 3, 4, 3, 1, 2, 3, 2, 3, 2, 3, 2] [6, 6, 7, 5, 4, 7, 7, 5, 7, 6, 6, 6, 5, 7, 6, 8, 3, 8, 8, 4, 5, 6, 5, 6, 5, 5, 7, 6, 5, 3, 4, 3, 5, 3, 5, 4, 6, 7, 5, 3, 7, 6, 6, 4, 4, 4, 5, 4, 6, 5, 6, 5, 6, 6, 7, 4, 6, 5, 3, 5, 5, 6, 5, 5, 5, 6, 5, 3, 6, 7, 8, 7, 4, 5, 5, 5, 7, 5, 6, 4]
B_28 71.37 B 68 [2, 2, 2, 3, 3, 4, 2, 1, 3, 2, 4, 2, 1, 2, 2, 1, 1, 4, 4, 4, 1, 3, 3, 2, 2, 1, 2, 3, 4, 3, 3, 4, 3, 4, 3, 4, 3, 3, 3, 4, 1, 1, 3, 4, 4, 3, 3, 1, 3, 2, 2, 4, 3, 3, 1, 3, 1, 1, 1, 4, 3, 4, 1, 3, 3, 3, 2, 4, 2, 1, 1, 1, 3, 4, 1, 1, 3, 4, 1, 3] [4, 5, 4, 6, 5, 7, 6, 4, 6, 5, 6, 5, 4, 5, 4, 4, 3, 7, 6, 8, 4, 6, 5, 4, 6, 5, 6, 7, 8, 5, 5, 8, 6, 8, 6, 8, 7, 6, 5, 6, 5, 4, 6, 7, 6, 5, 6, 5, 5, 5, 4, 7, 6, 7, 4, 7, 5, 3, 4, 6, 7, 7, 3, 6, 6, 5, 5, 6, 5, 4, 3, 3, 5, 6, 4, 3, 5, 7, 4, 7]
B_29 74.45 B 69 [2, 3, 1, 3, 2, 1, 1, 3, 4, 4, 4, 1, 2, 1, 4, 1, 4, 4, 4, 4, 4, 2, 4, 1, 1, 2, 1, 2, 1, 3, 4, 2, 3, 2, 1, 4, 2, 2, 2, 3, 1, 1, 4, 2, 1, 3, 4, 4, 2, 2, 2, 3, 3, 3, 2, 2, 1, 4, 1, 3, 3, 3, 4, 3, 4, 1, 3, 3, 1, 2, 3, 3, 2, 3, 4, 1, 2, 1, 4, 2] [4, 5, 5, 6, 6, 4, 4, 6, 7, 7, 8, 3, 6, 5, 6, 4, 6, 7, 7, 8, 6, 4, 7, 4, 3, 6, 3, 4, 4, 6, 7, 6, 5, 4, 5, 6, 5, 6, 6, 7, 3, 5, 6, 4, 3, 7, 7, 7, 4, 5, 6, 5, 7, 6, 6, 6, 4, 8, 3, 7, 6, 6, 7, 5, 7, 5, 5, 7, 4, 5, 7, 7, 6, 7, 6, 4, 5, 3, 6, 4]
B_30 75.76 B 70 [3, 1, 2, 4, 3, 2, 3, 4, 1, 1, 4, 3, 1, 1, 2, 3, 1, 2, 3, 4, 4, 4, 4, 2, 4, 1, 3, 4, 2, 4, 1, 2, 3, 1, 3, 2, 3, 3, 4, 4, 4, 3, 2, 2, 3, 2, 4, 3, 3, 3, 3, 3, 3, 3, 1, 1, 1, 3, 4, 1, 3, 2, 4, 3, 4, 3, 3, 4, 1, 3, 4, 4, 3, 2, 4, 1, 4, 1, 1, 2] [5, 5, 4, 7, 6, 4, 7, 6, 5, 4, 7, 5, 4, 4, 5, 6, 3, 6, 5, 6, 6, 6, 7, 6, 8, 5, 7, 7, 4, 8, 3, 4, 7, 5, 7, 4, 7, 6, 8, 7, 8, 7, 4, 5, 7, 5, 7, 6, 6, 7, 6, 6, 5, 6, 3, 4, 4, 7, 6, 3, 5, 5, 6, 5, 8, 5, 5, 8, 3, 7, 6, 7, 6, 6, 8, 4, 8, 4, 3, 4]
B_31 76.76 B 71 [3, 2, 3, 2, 2, 4, 3, 2, 2, 4, 2, 3, 2, 4, 3, 4, 2, 4, 4, 2, 3, 3, 1, 3, 3, 4, 3, 4, 3, 4, 1, 1, 1, 2, 3, 3, 3, 4, 2, 4, 1, 3, 4, 2, 1, 2, 4, 3, 3, 2, 2, 1, 3, 4, 4, 3, 3, 1, 2, 3, 4, 1, 1, 2, 4, 3, 2, 3, 1, 3, 4, 4, 1, 2, 4, 1, 1, 3, 3, 3] [6, 5, 6, 4, 6, 6, 6, 4, 5, 7, 5, 6, 6, 6, 7, 6, 5, 7, 8, 6, 7, 7, 3, 6, 6, 7, 6, 7, 6, 6, 3, 3, 4, 6, 6, 5, 6, 8, 6, 6, 5, 5, 8, 5, 3, 5, 8, 5, 5, 6, 5, 3, 6, 8, 8, 7, 6, 5, 5, 5, 6, 3, 4, 6, 8, 5, 5, 7, 3, 7, 7, 8, 3, 5, 8, 5, 3, 6, 7, 5]
B_32 77.76 B 72 [2, 2, 3, 4, 4, 2, 2, 3, 3, 3, 2, 3, 2, 2, 4, 2, 4, 4, 1, 2, 2, 1, 3, 4, 3, 3, 1, 3, 1, 2, 4, 4, 1, 2, 1, 2, 1, 4, 4, 1, 4, 2, 3, 1, 1, 2, 3, 4, 4, 3, 2, 3, 3, 4, 4, 1, 2, 1, 2, 4, 4, 2, 1, 2, 2, 1, 3, 1, 3, 2, 3, 1, 1, 2, 3, 2, 3, 2, 2, 4] [5, 6, 6, 6, 6, 6, 4, 5, 5, 5, 5, 5, 5, 4, 6, 4, 6, 7, 4, 6, 4, 5, 6, 6, 7, 7, 5, 5, 4, 5, 7, 8, 5, 5, 3, 4, 5, 8, 6, 4, 7, 6, 7, 5, 4, 6, 7, 7, 7, 6, 5, 5, 7, 7, 8, 5, 4, 3, 4, 6, 8, 6, 3, 4, 5, 3, 6, 4, 5, 6, 6, 3, 5, 6, 7, 5, 6, 6, 4, 8]
B_33 78.76 B 73 [4, 4, 4, 4, 2, 2, 3, 2, 2, 1, 3, 3, 4, 2, 1, 4, 1, 4, 1, 2, 4, 2, 2, 4, 2, 3, 1, 2, 3, 2, 4, 3, 1, 2, 4, 1, 3, 3, 2, 2, 3, 2, 1, 2, 1, 3, 2, 1, 3, 1, 3, 3, 1, 3, 2, 2, 3, 2, 4, 1, 1, 3, 3, 4, 2, 4, 2, 2, 4, 3, 2, 2, 2, 1, 2, 1, 3, 4, 3, 4] [8, 7, 8, 6, 5, 6, 5, 6, 6, 3, 5, 7, 8, 5, 4, 8, 4, 6, 5, 6, 7, 5, 4, 6, 6, 5, 5, 5, 5, 6, 7, 5, 4, 5, 8, 5, 6, 7, 6, 6, 5, 6, 3, 4, 3, 7, 5, 3, 7, 5, 7, 6, 3, 7, 6, 5, 7, 5, 6, 3, 5, 6, 5, 8, 5, 6, 5, 5, 6, 7, 6, 5, 6, 5, 5, 4, 7, 8, 7, 7]
B_34 79.76 B 74 [2, 2, 4, 4, 3, 4, 2, 3, 2, 4, 4, 4, 4, 4, 3, 4, 3, 2, 2, 1, 1, 1, 4, 2, 4, 4, 3, 3, 1, 2, 2, 3, 3, 3, 4, 1, 1, 4, 4, 2, 2, 1, 1, 1, 4, 4, 1, 1, 2, 1, 1, 4, 3, 2, 1, 1, 3, 3, 2, 1, 4, 2, 3, 3, 2, 3, 1, 3, 1, 4, 4, 4, 3, 2, 4, 3, 1, 3, 2, 3] [5, 6, 8, 8, 5, 6, 6, 5, 4, 8, 7, 8, 6, 6, 6, 7, 6, 5, 6, 3, 3, 5, 8, 5, 8, 7, 6, 5, 3, 4, 5, 5, 6, 7, 8, 3, 5, 6, 8, 6, 4, 4, 4, 3, 7, 6, 3, 5, 5, 3, 3, 7, 5, 5, 5, 3, 6, 7, 4, 4, 7, 6, 5, 6, 4, 5, 4, 5, 4, 6, 8, 8, 7, 5, 6, 5, 4, 7, 4, 5]
B_35 81.96000000000001 B 75 [1, 3, 2, 3, 4, 1, 3, 1, 3, 4, 2, 4, 2, 1, 2, 1, 4, 1, 1, 1, 3, 1, 4, 1, 1, 4, 4, 2, 1, 3, 4, 4, 3, 2, 2, 3, 4, 1, 4, 4, 1, 4, 3, 4, 2, 2, 2, 2, 1, 1, 1, 2, 3, 2, 1, 4, 2, 2, 3, 3, 1, 4, 4, 2, 2, 4, 2, 2, 1, 1, 1, 1, 2, 1, 3, 2, 3, 4, 2, 1] [5, 6, 5, 5, 8, 4, 6, 4, 6, 8, 5, 7, 4, 4, 4, 3, 7, 4, 3, 3, 7, 4, 6, 5, 5, 6, 7, 6, 5, 5, 6, 7, 5, 5, 4, 6, 8, 5, 6, 7, 5, 6, 5, 8, 4, 5, 4, 5, 4, 4, 4, 6, 7, 4, 5, 6, 6, 4, 7, 6, 5, 8, 8, 4, 6, 8, 6, 5, 3, 4, 4, 5, 5, 4, 5, 5, 7, 8, 4, 3]
B_36 83.16000000000001 B 76 [2, 4, 2, 3, 4, 3, 4, 3, 4, 1, 2, 1, 4, 3, 1, 2, 3, 3, 2, 3, 1, 3, 3, 1, 1, 4, 1, 3, 1, 1, 1, 2, 1, 1, 2, 2, 2, 4, 1, 1, 2, 1, 3, 4, 2, 3, 2, 1, 1, 2, 1, 4, 3, 2, 4, 1, 2, 3, 2, 3, 2, 3, 3, 2, 3, 3, 4, 3, 3, 2, 4, 1, 3, 3, 1, 3, 2, 3, 1, 3] [5, 6, 5, 5, 7, 7, 7, 7, 7, 4, 6, 4, 6, 5, 4, 5, 7, 6, 6, 5, 3, 7, 6, 3, 5, 6, 3, 5, 5, 3, 3, 6, 4, 4, 4, 6, 6, 7, 3, 4, 6, 3, 5, 7, 6, 7, 6, 5, 3, 4, 5, 7, 7, 6, 8, 5, 6, 7, 6, 6, 6, 5, 5, 6, 7, 5, 7, 7, 5, 5, 8, 3, 6, 7, 4, 7, 5, 6, 3, 5]
B_37 84.16000000000001 B 77 [4, 3, 2, 4, 1, 2, 2, 4, 4, 3, 3, 2, 3, 2, 4, 3, 3, 2, 3, 4, 2, 2, 1, 4, 4, 3, 3, 3, 2, 3, 2, 1, 1, 1, 4, 2, 2, 4, 4, 2, 1, 1, 3, 1, 3, 4, 4, 3, 4, 1, 2, 3, 4, 4, 1, 2, 2, 3, 3, 2, 1, 3, 2, 1, 4, 3, 3, 2, 4, 1, 1, 3, 2, 4, 3, 4, 3, 1, 2, 4] [8, 5, 5, 6, 3, 6, 5, 8, 6, 5, 5, 6, 7, 5, 8, 5, 7, 6, 6, 7, 5, 4, 3, 7, 7, 6, 6, 7, 5, 6, 6, 3, 5, 3, 6, 6, 4, 6, 7, 6, 4, 4, 7, 4, 5, 7, 7, 5, 8, 4, 6, 5, 7, 6, 5, 4, 6, 6, 6, 5, 4, 5, 5, 5, 7, 5, 5, 5, 7, 3, 4, 6, 6, 8, 7, 8, 6, 4, 5, 6]
B_38 85.16000000000001 B 78 [4, 2, 2, 4, 4, 2, 2, 1, 3, 2, 4, 2, 3, 3, 3, 1, 2, 1, 3, 3, 2, 2, 4, 1, 4, 4, 2, 1, 2, 2, 1, 1, 2, 4, 2, 2, 3, 2, 4, 3, 4, 2, 3, 3, 1, 2, 4, 4, 3, 2, 4, 2, 1, 3, 1, 1, 2, 2, 3, 4, 3, 4, 1, 3, 3, 4, 1, 3, 1, 4, 1, 3, 2, 3, 2, 2, 1, 2, 3, 4] [8, 6, 6, 8, 7, 4, 5, 3, 6, 4, 8, 6, 7, 6, 6, 4, 6, 4, 7, 5, 6, 5, 7, 5, 8, 8, 5, 3, 6, 5, 5, 4, 4, 8, 5, 4, 7, 6, 7, 5, 8, 5, 7, 5, 4, 6, 8, 6, 5, 5, 6, 6, 3, 7, 4, 5, 4, 6, 7, 8, 6, 7, 5, 5, 7, 6, 3, 6, 4, 6, 3, 7, 4, 7, 4, 4, 3, 5, 7, 7]
B_39 86.16000000000001 B 79 [2, 3, 4, 1, 3, 1, 3, 1, 4, 4, 2, 3, 1, 3, 3, 2, 1, 2, 3, 1, 2, 3, 4, 4, 4, 2, 4, 2, 4, 4, 1, 4, 4, 2, 1, 3, 3, 2, 4, 2, 1, 1, 4, 1, 3, 2, 2, 3, 4, 2, 1, 1, 3, 1, 3, 4, 3, 3, 1, 1, 1, 2, 3, 2, 3, 3, 4, 2, 3, 2, 2, 3, 4, 4, 3, 1, 3, 4, 4, 1] [6, 7, 7, 4, 6, 5, 7, 5, 7, 8, 6, 7, 4, 7, 7, 5, 5, 5, 6, 3, 6, 7, 6, 6, 7, 5, 7, 5, 6, 6, 5, 7, 7, 6, 5, 6, 7, 4, 8, 5, 3, 5, 8, 3, 6, 4, 6, 5, 6, 4, 3, 4, 7, 5, 6, 8, 6, 5, 4, 3, 5, 5, 5, 4, 5, 5, 8, 4, 7, 4, 4, 5, 8, 7, 5, 3, 5, 6, 7, 4]
