0
0 A_0 81 0 0
10 B_0 91 0 1
2 B_1 93 0 2
5 A_1 98 0 3
3 A_2 101 0 4
9 B_2 110 0 5
1 B_3 111 0 6
9 A_3 120 0 7
3 B_4 123 0 8
6 A_4 129 0 9
2 A_5 131 0 10
4 A_6 135 0 11
5 B_5 140 0 12
7 A_7 147 0 13
10 B_6 157 0 14
5 A_8 162 0 15
7 B_7 169 0 16
7 A_9 176 0 17
3 A_10 179 0 18
9 B_8 188 0 19
5 A_11 193 0 20
8 B_9 201 0 21
8 A_12 209 0 22
5 B_10 214 0 23
4 A_13 218 0 24
1 A_14 219 0 25
4 A_15 223 0 26
6 A_16 229 0 27
2 A_17 231 0 28
5 B_11 236 0 29
6 A_18 242 0 30
6 B_12 248 0 31
5 A_19 253 0 32
8 B_13 261 0 33
5 B_14 266 0 34
6 B_15 272 0 35
8 A_20 280 0 36
9 B_16 289 0 37
5 A_21 294 0 38
3 B_17 297 0 39
7 A_22 304 0 40
3 A_23 307 0 41
4 B_18 311 0 42
5 A_24 316 0 43
8 B_19 324 0 44
6 A_25 330 0 45
4 B_20 334 0 46
10 A_26 344 0 47
10 B_21 354 0 48
5 B_22 359 0 49
1 B_23 360 0 50
6 A_27 366 0 51
4 B_24 370 0 52
3 A_28 373 0 53
6 A_29 379 0 54
1 A_30 380 0 55
1 A_31 381 0 56
6 B_25 387 0 57
2 B_26 389 0 58
9 A_32 398 0 59
7 B_27 405 0 60
6 A_33 411 0 61
9 B_28 420 0 62
9 A_34 429 0 63
9 B_29 438 0 64
5 A_35 443 0 65
6 B_30 449 0 66
5 B_31 454 0 67
6 B_32 460 0 68
9 A_36 469 0 69
8 B_33 477 0 70
8 A_37 485 0 71
5 B_34 490 0 72
3 B_35 493 0 73
9 A_38 502 0 74
5 B_36 507 0 75
8 A_39 515 0 76
4 B_37 519 0 77
1 B_38 520 0 78
3 B_39 523 0 79
No lane change: 523
---------------------
in formation_2
pass
---------------------
in formation_3
pass
---------------------
in formation_4
pass
---------------------
in formation_5
pass
---------------------
in formation_6
pass
---------------------
in formation_7
pass
error in formulation  []
