1
0 A_0 81 0 0
3 A_1 84 0 1
1 A_2 85 0 2
2 A_3 87 0 3
3 B_0 90 1 4
4 B_1 94 1 5
1 B_2 95 1 6
3 B_3 98 1 7
2 B_4 100 1 8
1 B_5 101 1 9
1 A_4 102 0 10
1 B_6 103 1 11
2 B_7 105 1 12
3 A_5 108 1 13
4 B_8 112 0 14
3 A_6 115 1 15
1 B_9 116 0 16
2 A_7 118 1 17
3 B_10 121 0 18
3 A_8 124 1 19
4 B_11 128 0 20
1 A_9 129 1 21
2 A_10 131 1 22
1 B_12 132 0 23
1 B_13 133 0 24
4 B_14 137 0 25
3 A_11 140 0 26
1 A_12 141 0 27
3 B_15 144 0 28
1 A_13 145 1 29
3 A_14 148 1 30
4 B_16 152 0 31
3 A_15 155 1 32
1 A_16 156 1 33
1 B_17 157 0 34
3 A_17 160 1 35
2 B_18 162 0 36
2 A_18 164 1 37
4 B_19 168 0 38
3 A_19 171 1 39
4 A_20 175 1 40
4 B_20 179 0 41
2 A_21 181 1 42
1 B_21 182 0 43
2 A_22 184 1 44
3 B_22 187 1 45
3 A_23 190 0 46
2 B_23 192 1 47
4 B_24 196 1 48
4 B_25 200 1 49
4 B_26 204 1 50
2 B_27 206 1 51
2 A_24 208 0 52
4 A_25 212 0 53
3 B_28 215 0 54
1 B_29 216 0 55
3 A_26 219 1 56
3 B_30 222 1 57
1 A_27 223 0 58
2 A_28 225 0 59
1 A_29 226 0 60
3 B_31 229 0 61
4 B_32 233 0 62
4 B_33 237 0 63
4 B_34 241 0 64
3 B_35 244 0 65
3 B_36 247 0 66
1 B_37 248 0 67
2 B_38 250 0 68
3 A_30 253 1 69
1 A_31 254 1 70
2 A_32 256 1 71
3 B_39 259 0 72
1 A_33 260 1 73
4 A_34 264 1 74
3 A_35 267 1 75
3 A_36 270 1 76
2 A_37 272 1 77
1 A_38 273 1 78
4 A_39 277 1 79
greedy: 277 131.85237499999997 0.0003609657287597656
---------------------
in formation_2
pass
---------------------
in formation_3
pass
---------------------
in formation_4
pass
---------------------
in formation_5
pass
---------------------
in formation_6
pass
---------------------
in formation_7
pass
error in formulation  []
