2
[0, 0, 0, 0, 2, 2, 2, 2, 2, 2, 2, 2, 2, 2, 2, 2, 2, 2, 2, 2, 2, 2, 2, 2, 2, 2, 0, 0, 0, 0, 2, 2, 2, 0, 0, 0, 0, 0, 3, 0, 0, 0, 0, 0, 0, 0, 0, 0, 0, 0, 0, 0, 0, 2, 2, 2, 2, 2, 2, 0, 0, 0, 0, 0, 0, 0, 2, 2, 0, 0, 2, 2, 2, 2, 2, 2, 0, 0, 0, 0]
0 A_0 81 0 0
3 A_1 84 0 1
1 A_2 85 0 2
2 A_3 87 0 3
5 B_0 92 0 4
4 B_1 96 0 5
1 B_2 97 0 6
3 B_3 100 0 7
2 B_4 102 0 8
1 B_5 103 0 9
2 B_6 105 0 10
2 B_7 107 0 11
4 B_8 111 0 12
3 B_9 114 0 13
3 B_10 117 0 14
1 B_11 118 0 15
1 B_12 119 0 16
1 B_13 120 0 17
4 B_14 124 0 18
3 B_15 127 0 19
2 B_16 129 0 20
4 B_17 133 0 21
1 B_18 134 0 22
4 B_19 138 0 23
1 B_20 139 0 24
2 B_21 141 0 25
4 A_4 145 0 26
2 A_5 147 0 27
3 A_6 150 0 28
2 A_7 152 0 29
4 B_22 156 0 30
2 B_23 158 0 31
4 B_24 162 0 32
3 A_8 165 0 33
1 A_9 166 0 34
2 A_10 168 0 35
2 A_11 170 0 36
1 A_12 171 0 37
3 B_25 174 1 38
3 A_13 177 0 39
3 A_14 180 0 40
1 A_15 181 0 41
1 A_16 182 0 42
4 A_17 186 0 43
1 A_18 187 0 44
2 A_19 189 0 45
4 A_20 193 0 46
4 A_21 197 0 47
3 A_22 200 0 48
3 A_23 203 0 49
2 A_24 205 0 50
4 A_25 209 0 51
2 A_26 211 0 52
4 B_26 215 0 53
2 B_27 217 0 54
3 B_28 220 0 55
1 B_29 221 0 56
2 B_30 223 0 57
2 B_31 225 0 58
3 A_27 228 0 59
2 A_28 230 0 60
1 A_29 231 0 61
4 A_30 235 0 62
1 A_31 236 0 63
2 A_32 238 0 64
3 A_33 241 0 65
6 B_32 247 0 66
4 B_33 251 0 67
3 A_34 254 0 68
3 A_35 257 0 69
5 B_34 262 0 70
3 B_35 265 0 71
3 B_36 268 0 72
1 B_37 269 0 73
2 B_38 271 0 74
4 B_39 275 0 75
3 A_36 278 0 76
2 A_37 280 0 77
1 A_38 281 0 78
4 A_39 285 0 79
dp: 285 135.87737499999992 0.04870867729187012
---------------------
in formation_2
pass
---------------------
in formation_3
pass
---------------------
in formation_4
pass
---------------------
in formation_5
pass
---------------------
in formation_6
pass
---------------------
in formation_7
pass
error in formulation  []
