3
0 A_0 81 0 0
6 A_1 87 0 1
3 A_2 90 0 2
5 A_3 95 0 3
4 A_4 99 0 4
2 A_5 101 0 5
4 A_6 105 0 6
2 A_7 107 0 7
5 A_8 112 0 8
4 B_0 116 0 9
2 B_1 118 0 10
4 A_9 122 0 11
3 A_10 125 0 12
4 B_2 129 0 13
1 B_3 130 0 14
3 A_11 133 0 15
3 B_4 136 0 16
2 B_5 138 0 17
4 B_6 142 0 18
6 B_7 148 0 19
5 B_8 153 0 20
5 B_9 158 0 21
5 B_10 163 0 22
5 A_12 168 0 23
3 A_13 171 0 24
1 A_14 172 0 25
4 A_15 176 0 26
3 B_11 179 0 27
4 B_12 183 0 28
6 A_16 189 0 29
2 A_17 191 0 30
4 A_18 195 0 31
3 A_19 198 0 32
2 A_20 200 0 33
5 B_13 205 0 34
5 B_14 210 0 35
5 A_21 215 0 36
3 B_15 218 0 37
4 A_22 222 0 38
3 A_23 225 0 39
3 B_16 228 0 40
1 B_17 229 0 41
3 B_18 232 0 42
2 B_19 234 0 43
3 B_20 237 0 44
3 A_24 240 0 45
2 A_25 242 0 46
1 A_26 243 0 47
6 A_27 249 0 48
5 B_21 254 0 49
5 B_22 259 0 50
1 B_23 260 0 51
1 B_24 261 0 52
3 A_28 264 0 53
7 B_25 271 0 54
2 B_26 273 0 55
5 B_27 278 0 56
5 B_28 283 0 57
1 B_29 284 0 58
4 B_30 288 0 59
5 B_31 293 0 60
6 B_32 299 0 61
4 A_29 303 0 62
1 A_30 304 0 63
1 A_31 305 0 64
2 A_32 307 0 65
1 A_33 308 0 66
3 A_34 311 0 67
1 A_35 312 0 68
7 B_33 319 0 69
2 B_34 321 0 70
3 B_35 324 0 71
4 A_36 328 0 72
6 B_36 334 0 73
3 A_37 337 0 74
3 A_38 340 0 75
6 A_39 346 0 76
4 B_37 350 0 77
1 B_38 351 0 78
3 B_39 354 0 79
nldp: 354
---------------------
in formation_2
pass
---------------------
in formation_3
pass
---------------------
in formation_4
pass
---------------------
in formation_5
pass
---------------------
in formation_6
pass
---------------------
in formation_7
pass
error in formulation  []
