A_0 5.54 A 0 [4, 4, 1, 1, 6, 2, 3, 2, 6, 2, 5, 4, 3, 6, 4, 6, 5, 5, 1, 5, 2, 2, 3, 4, 4, 5, 1, 6, 5, 2, 6, 4, 2, 4, 3, 1, 2, 2, 5, 5] [4, 4, 2, 3, 7, 3, 3, 4, 7, 3, 6, 6, 3, 8, 4, 8, 7, 7, 2, 6, 2, 4, 3, 5, 6, 5, 3, 7, 7, 4, 8, 4, 2, 4, 3, 1, 4, 4, 5, 7]
A_1 6.77 A 1 [4, 2, 4, 5, 1, 6, 2, 3, 4, 2, 1, 3, 3, 5, 1, 2, 3, 6, 2, 6, 5, 3, 6, 1, 1, 6, 6, 5, 4, 6, 3, 2, 5, 2, 6, 1, 6, 5, 3, 6] [4, 4, 5, 6, 1, 8, 4, 4, 6, 2, 1, 4, 5, 5, 1, 2, 4, 7, 2, 8, 5, 4, 7, 1, 2, 7, 6, 6, 6, 8, 5, 2, 7, 3, 6, 1, 7, 6, 4, 7]
A_2 8.709999999999999 A 2 [1, 4, 4, 1, 1, 6, 3, 4, 1, 2, 2, 3, 6, 1, 1, 2, 6, 3, 1, 2, 6, 4, 4, 5, 4, 6, 1, 5, 1, 1, 3, 2, 4, 6, 5, 6, 3, 6, 1, 1] [2, 5, 5, 3, 1, 6, 3, 4, 1, 3, 3, 5, 8, 3, 1, 2, 7, 3, 1, 3, 8, 4, 6, 5, 5, 6, 2, 6, 1, 2, 4, 3, 6, 8, 5, 6, 4, 6, 2, 3]
A_3 9.709999999999999 A 3 [1, 5, 1, 2, 5, 5, 2, 2, 6, 6, 5, 4, 3, 1, 3, 3, 6, 6, 3, 1, 1, 2, 4, 5, 1, 3, 1, 1, 2, 3, 2, 3, 6, 3, 1, 4, 5, 6, 3, 4] [3, 6, 3, 2, 5, 5, 2, 3, 6, 8, 5, 6, 5, 1, 5, 3, 6, 7, 5, 1, 1, 3, 6, 6, 2, 3, 1, 1, 3, 5, 2, 4, 7, 3, 3, 4, 6, 8, 4, 6]
A_4 10.709999999999999 A 4 [6, 1, 1, 5, 3, 5, 1, 4, 6, 3, 5, 3, 6, 6, 3, 5, 5, 5, 4, 5, 3, 3, 3, 3, 4, 3, 5, 5, 5, 3, 4, 2, 6, 5, 5, 1, 6, 3, 1, 5] [7, 1, 1, 5, 4, 6, 1, 5, 6, 3, 7, 3, 6, 6, 4, 5, 6, 6, 4, 6, 4, 4, 3, 5, 4, 4, 6, 6, 6, 4, 4, 3, 7, 7, 7, 2, 8, 3, 2, 6]
A_5 11.709999999999999 A 5 [2, 6, 6, 5, 5, 1, 2, 2, 2, 4, 1, 5, 3, 6, 4, 5, 5, 5, 2, 3, 5, 4, 2, 1, 6, 2, 6, 3, 6, 2, 1, 1, 6, 5, 2, 5, 4, 3, 1, 1] [3, 8, 6, 5, 6, 3, 4, 3, 3, 6, 3, 7, 5, 6, 4, 6, 6, 7, 4, 5, 6, 6, 2, 2, 7, 3, 8, 4, 8, 2, 3, 1, 8, 7, 4, 6, 6, 3, 1, 2]
A_6 12.709999999999999 A 6 [3, 2, 3, 2, 1, 2, 3, 5, 2, 2, 2, 4, 4, 6, 6, 6, 5, 2, 1, 6, 2, 4, 5, 2, 3, 3, 6, 6, 2, 2, 1, 6, 3, 3, 3, 3, 6, 4, 1, 1] [3, 4, 3, 2, 1, 4, 3, 7, 2, 2, 3, 5, 6, 8, 6, 7, 5, 4, 3, 8, 2, 4, 5, 3, 5, 4, 7, 6, 3, 3, 1, 7, 4, 5, 4, 5, 8, 5, 1, 1]
A_7 14.309999999999999 A 7 [2, 3, 4, 2, 4, 2, 5, 3, 4, 5, 4, 1, 4, 1, 4, 6, 1, 6, 6, 2, 2, 2, 3, 5, 5, 1, 6, 5, 3, 3, 4, 5, 1, 2, 5, 2, 1, 4, 1, 2] [4, 4, 4, 3, 5, 3, 7, 4, 4, 5, 4, 2, 5, 3, 6, 7, 2, 7, 7, 2, 2, 4, 5, 5, 6, 2, 8, 6, 3, 4, 6, 6, 1, 2, 5, 2, 3, 5, 1, 4]
A_8 15.309999999999999 A 8 [6, 4, 1, 6, 6, 2, 2, 4, 5, 5, 5, 2, 2, 6, 5, 5, 1, 5, 5, 1, 4, 5, 4, 2, 6, 2, 1, 1, 4, 4, 6, 4, 5, 6, 2, 6, 1, 6, 5, 3] [7, 6, 1, 6, 6, 3, 2, 4, 7, 7, 7, 2, 3, 6, 6, 6, 1, 7, 6, 1, 4, 7, 4, 3, 6, 4, 1, 1, 5, 6, 8, 5, 7, 7, 3, 8, 1, 8, 7, 4]
A_9 16.31 A 9 [2, 2, 2, 6, 3, 4, 2, 5, 5, 6, 3, 5, 6, 4, 5, 6, 3, 4, 4, 3, 5, 5, 4, 4, 4, 2, 3, 2, 3, 5, 1, 4, 2, 5, 4, 2, 3, 2, 2, 3] [3, 2, 3, 8, 3, 6, 2, 5, 7, 6, 5, 5, 8, 4, 7, 6, 5, 4, 4, 5, 5, 5, 5, 6, 4, 4, 3, 2, 5, 7, 2, 5, 4, 7, 4, 3, 3, 2, 4, 5]
A_10 17.31 A 10 [5, 1, 2, 5, 5, 1, 2, 4, 5, 3, 3, 2, 5, 2, 5, 3, 6, 4, 5, 4, 1, 3, 2, 4, 4, 4, 1, 2, 1, 6, 1, 5, 1, 1, 5, 5, 3, 2, 6, 3] [6, 1, 3, 5, 7, 3, 3, 4, 7, 5, 5, 4, 5, 4, 7, 5, 8, 4, 6, 5, 3, 3, 3, 6, 5, 5, 2, 4, 1, 6, 1, 5, 3, 3, 6, 7, 3, 4, 6, 5]
A_11 20.07 A 11 [4, 3, 3, 4, 3, 5, 4, 1, 2, 5, 2, 5, 6, 1, 4, 5, 1, 4, 6, 5, 1, 6, 5, 3, 1, 4, 5, 4, 3, 2, 3, 3, 6, 3, 6, 3, 5, 3, 1, 5] [6, 4, 5, 6, 3, 7, 5, 2, 2, 5, 4, 6, 7, 2, 4, 7, 3, 6, 6, 6, 1, 8, 7, 3, 3, 6, 7, 6, 5, 4, 5, 4, 6, 3, 8, 4, 5, 4, 1, 7]
A_12 21.07 A 12 [3, 3, 6, 3, 6, 3, 4, 4, 2, 6, 5, 6, 1, 6, 3, 5, 3, 6, 2, 4, 6, 2, 5, 2, 6, 5, 1, 6, 4, 1, 3, 1, 4, 3, 2, 5, 2, 1, 6, 4] [3, 5, 8, 5, 6, 5, 6, 5, 3, 8, 5, 7, 2, 7, 3, 7, 4, 8, 3, 6, 7, 4, 5, 4, 6, 7, 2, 8, 5, 1, 4, 1, 4, 3, 2, 6, 3, 1, 6, 6]
A_13 22.7 A 13 [6, 5, 1, 1, 6, 6, 6, 1, 6, 4, 2, 1, 6, 2, 2, 1, 3, 2, 4, 5, 1, 2, 6, 1, 1, 3, 5, 1, 3, 2, 2, 5, 6, 6, 3, 4, 5, 1, 6, 5] [8, 5, 3, 1, 6, 6, 8, 3, 6, 4, 4, 2, 7, 4, 3, 1, 5, 3, 5, 5, 3, 4, 6, 1, 3, 3, 6, 2, 5, 4, 2, 5, 7, 7, 5, 6, 5, 3, 7, 5]
A_14 23.7 A 14 [4, 1, 1, 3, 3, 4, 6, 4, 5, 5, 5, 4, 3, 2, 6, 3, 1, 4, 1, 1, 1, 4, 1, 6, 1, 4, 6, 2, 2, 4, 1, 4, 4, 5, 3, 4, 3, 6, 6, 4] [4, 1, 1, 5, 4, 4, 6, 6, 6, 7, 7, 4, 3, 3, 8, 5, 2, 5, 1, 1, 1, 4, 2, 6, 3, 5, 6, 2, 2, 4, 2, 5, 6, 6, 3, 5, 3, 8, 8, 6]
A_15 28.14 A 15 [6, 2, 2, 3, 5, 5, 6, 6, 5, 6, 3, 5, 5, 1, 3, 4, 1, 2, 1, 6, 4, 6, 3, 3, 2, 6, 4, 4, 4, 3, 1, 1, 3, 4, 3, 4, 4, 4, 3, 4] [8, 2, 2, 3, 5, 6, 7, 7, 6, 6, 5, 7, 7, 1, 5, 6, 3, 2, 1, 7, 4, 8, 4, 5, 3, 7, 6, 5, 5, 4, 2, 2, 3, 6, 4, 6, 6, 5, 5, 4]
A_16 29.14 A 16 [5, 3, 6, 6, 5, 5, 5, 1, 1, 3, 6, 1, 3, 3, 1, 1, 5, 5, 2, 6, 1, 2, 2, 1, 2, 3, 5, 1, 4, 6, 1, 3, 2, 5, 4, 3, 5, 4, 1, 6] [7, 4, 7, 6, 6, 6, 5, 2, 1, 5, 8, 3, 4, 5, 2, 3, 6, 7, 2, 6, 2, 2, 2, 1, 2, 4, 7, 1, 5, 6, 2, 5, 2, 5, 6, 4, 6, 4, 1, 7]
A_17 30.14 A 17 [5, 6, 3, 6, 5, 5, 2, 6, 5, 4, 4, 4, 6, 2, 4, 2, 5, 6, 3, 1, 5, 1, 6, 6, 6, 1, 4, 6, 3, 3, 3, 2, 5, 1, 2, 3, 4, 6, 2, 1] [7, 7, 3, 7, 6, 7, 4, 7, 7, 4, 4, 6, 8, 3, 5, 2, 7, 7, 5, 3, 7, 2, 6, 7, 7, 2, 4, 7, 4, 4, 5, 4, 6, 1, 4, 5, 6, 8, 4, 1]
A_18 31.14 A 18 [1, 2, 1, 3, 4, 2, 1, 6, 5, 4, 5, 6, 2, 4, 1, 1, 2, 3, 3, 3, 6, 2, 4, 6, 6, 6, 2, 1, 1, 4, 4, 5, 3, 5, 5, 5, 6, 4, 6, 3] [2, 2, 1, 5, 4, 4, 3, 7, 6, 4, 6, 6, 3, 5, 1, 1, 2, 5, 4, 4, 6, 3, 4, 8, 7, 7, 3, 3, 2, 4, 5, 5, 4, 7, 6, 6, 8, 5, 8, 5]
A_19 32.14 A 19 [5, 6, 2, 1, 5, 3, 6, 2, 1, 3, 4, 5, 4, 5, 1, 6, 6, 1, 3, 4, 6, 6, 2, 2, 3, 3, 5, 1, 6, 4, 3, 1, 2, 3, 2, 4, 6, 4, 2, 3] [6, 8, 3, 1, 6, 5, 8, 2, 1, 5, 5, 6, 6, 5, 1, 7, 6, 3, 4, 6, 6, 6, 3, 3, 5, 3, 5, 1, 8, 6, 5, 2, 4, 3, 2, 5, 7, 6, 4, 3]
B_0 1 B 20 [2, 5, 6, 1, 3, 5, 2, 2, 4, 5, 1, 1, 6, 1, 1, 4, 1, 5, 6, 6, 2, 4, 3, 3, 6, 2, 1, 4, 3, 3, 5, 6, 4, 6, 2, 6, 6, 6, 5, 1] [2, 5, 8, 1, 4, 6, 2, 2, 4, 5, 3, 1, 7, 3, 1, 4, 2, 7, 6, 6, 4, 5, 5, 4, 6, 2, 1, 5, 5, 4, 6, 8, 6, 7, 3, 8, 8, 8, 7, 1]
B_1 2 B 21 [2, 3, 4, 2, 3, 4, 4, 2, 5, 5, 3, 6, 2, 2, 4, 6, 2, 1, 2, 6, 4, 6, 1, 1, 6, 4, 4, 1, 3, 2, 4, 1, 1, 5, 2, 4, 4, 1, 6, 1] [4, 4, 4, 3, 4, 6, 4, 4, 7, 5, 3, 8, 4, 4, 4, 8, 2, 2, 3, 6, 5, 7, 2, 1, 6, 5, 4, 2, 3, 2, 5, 2, 2, 6, 2, 6, 5, 1, 6, 1]
B_2 3.05 B 22 [3, 6, 4, 4, 3, 2, 5, 3, 4, 4, 2, 5, 5, 6, 1, 3, 2, 6, 4, 2, 3, 1, 5, 1, 4, 2, 5, 2, 4, 3, 1, 4, 5, 1, 5, 3, 3, 4, 4, 6] [3, 7, 6, 6, 3, 2, 5, 5, 4, 5, 3, 7, 5, 6, 2, 4, 2, 6, 4, 3, 5, 2, 6, 1, 4, 2, 7, 3, 6, 5, 1, 6, 5, 1, 6, 3, 3, 5, 4, 6]
B_3 4.05 B 23 [4, 1, 5, 5, 3, 1, 2, 5, 2, 4, 4, 3, 2, 1, 6, 3, 1, 6, 6, 2, 3, 1, 1, 1, 4, 3, 3, 4, 6, 1, 5, 6, 6, 5, 2, 5, 2, 2, 5, 6] [5, 1, 5, 6, 5, 2, 3, 5, 3, 6, 6, 3, 4, 1, 6, 5, 1, 7, 8, 3, 4, 1, 1, 2, 5, 3, 4, 4, 8, 2, 5, 8, 7, 5, 4, 7, 3, 4, 6, 7]
B_4 7.4 B 24 [4, 1, 4, 1, 4, 6, 3, 5, 6, 4, 4, 1, 6, 1, 1, 2, 2, 6, 6, 3, 6, 6, 4, 4, 2, 4, 4, 2, 5, 5, 6, 3, 3, 6, 5, 3, 2, 6, 3, 3] [6, 2, 5, 2, 4, 7, 5, 6, 6, 4, 5, 3, 6, 3, 3, 3, 2, 7, 7, 5, 6, 6, 4, 5, 3, 6, 6, 4, 5, 6, 8, 5, 3, 7, 5, 5, 2, 8, 4, 5]
B_5 8.4 B 25 [5, 6, 6, 3, 3, 2, 3, 1, 2, 2, 4, 4, 5, 3, 4, 6, 3, 1, 6, 3, 2, 4, 2, 3, 4, 2, 4, 6, 2, 6, 4, 2, 4, 6, 1, 6, 2, 4, 1, 4] [5, 7, 6, 3, 4, 3, 4, 2, 4, 4, 5, 6, 7, 3, 5, 7, 4, 2, 7, 3, 2, 5, 2, 3, 6, 3, 5, 8, 4, 6, 6, 4, 6, 8, 3, 8, 4, 6, 2, 4]
B_6 9.41 B 26 [1, 6, 1, 1, 5, 6, 6, 6, 1, 3, 1, 5, 1, 5, 6, 4, 5, 4, 2, 5, 1, 4, 5, 3, 4, 4, 1, 3, 5, 1, 1, 1, 6, 2, 5, 5, 2, 5, 2, 6] [3, 6, 2, 1, 6, 8, 7, 8, 1, 3, 2, 7, 2, 6, 6, 6, 7, 4, 3, 5, 1, 4, 7, 4, 6, 5, 1, 5, 7, 3, 1, 2, 6, 3, 6, 6, 4, 5, 4, 6]
B_7 10.41 B 27 [6, 5, 5, 1, 5, 3, 6, 5, 1, 2, 2, 4, 6, 1, 2, 4, 1, 6, 1, 1, 4, 1, 2, 4, 2, 6, 3, 3, 6, 3, 2, 3, 5, 2, 1, 3, 3, 4, 6, 4] [7, 6, 6, 1, 6, 4, 6, 6, 1, 2, 4, 6, 8, 2, 2, 5, 1, 7, 3, 1, 5, 2, 3, 4, 4, 8, 5, 3, 8, 5, 2, 3, 6, 4, 3, 3, 3, 6, 7, 6]
B_8 13.97 B 28 [5, 4, 1, 2, 5, 6, 2, 3, 4, 3, 1, 3, 4, 3, 2, 4, 4, 3, 1, 6, 3, 3, 4, 6, 5, 2, 5, 6, 6, 5, 6, 5, 2, 1, 3, 4, 1, 6, 1, 1] [7, 6, 1, 3, 6, 8, 3, 3, 5, 5, 1, 5, 5, 5, 2, 5, 5, 4, 2, 8, 5, 3, 6, 8, 5, 4, 7, 8, 6, 5, 7, 7, 2, 2, 4, 6, 1, 8, 1, 3]
B_9 16.53 B 29 [2, 6, 1, 3, 3, 2, 2, 3, 4, 5, 6, 2, 1, 2, 4, 3, 6, 3, 4, 4, 3, 2, 3, 1, 5, 6, 1, 3, 5, 2, 5, 6, 1, 4, 4, 2, 5, 1, 1, 6] [4, 8, 2, 5, 4, 2, 3, 4, 6, 7, 6, 4, 1, 4, 4, 4, 6, 4, 4, 6, 4, 2, 5, 2, 6, 6, 3, 5, 5, 3, 6, 7, 2, 5, 4, 2, 5, 3, 2, 8]
B_10 19.61 B 30 [6, 3, 3, 2, 4, 1, 1, 4, 6, 1, 1, 3, 3, 2, 1, 1, 1, 3, 4, 3, 5, 4, 1, 5, 6, 4, 1, 2, 6, 5, 2, 2, 6, 3, 6, 5, 2, 6, 6, 2] [8, 5, 4, 2, 4, 3, 1, 6, 8, 2, 1, 5, 4, 2, 2, 2, 2, 5, 5, 5, 6, 5, 1, 5, 8, 6, 1, 2, 7, 6, 2, 2, 6, 4, 6, 6, 3, 6, 8, 2]
B_11 20.61 B 31 [4, 2, 2, 3, 2, 1, 6, 5, 4, 4, 5, 3, 1, 5, 4, 1, 3, 2, 5, 1, 6, 1, 4, 6, 3, 2, 1, 3, 5, 6, 2, 1, 2, 5, 1, 5, 4, 1, 1, 6] [4, 2, 3, 4, 3, 1, 7, 6, 5, 5, 5, 4, 1, 5, 5, 2, 5, 4, 5, 2, 8, 2, 6, 8, 5, 4, 2, 3, 7, 7, 2, 3, 2, 6, 2, 7, 4, 1, 3, 7]
B_12 21.61 B 32 [2, 5, 4, 6, 6, 6, 3, 1, 5, 2, 1, 6, 4, 6, 4, 3, 2, 5, 3, 2, 4, 1, 5, 6, 3, 4, 6, 5, 2, 1, 6, 2, 4, 5, 5, 2, 2, 6, 1, 5] [2, 7, 6, 7, 7, 8, 4, 1, 7, 4, 3, 6, 4, 7, 6, 3, 2, 6, 4, 4, 6, 2, 5, 7, 3, 6, 6, 6, 2, 2, 6, 2, 6, 6, 6, 3, 3, 6, 3, 7]
B_13 22.61 B 33 [4, 2, 6, 3, 5, 5, 3, 2, 6, 5, 1, 3, 3, 6, 5, 4, 5, 1, 5, 3, 6, 5, 1, 5, 6, 6, 2, 2, 1, 4, 3, 5, 5, 1, 2, 2, 3, 3, 4, 6] [4, 3, 8, 3, 7, 7, 5, 2, 7, 7, 3, 3, 3, 7, 6, 6, 5, 1, 7, 3, 7, 6, 1, 5, 7, 8, 3, 4, 2, 5, 4, 6, 6, 3, 2, 4, 3, 5, 5, 8]
B_14 24.869999999999997 B 34 [3, 6, 5, 1, 5, 2, 3, 5, 2, 4, 5, 6, 2, 3, 3, 3, 4, 2, 5, 2, 2, 2, 5, 2, 5, 1, 5, 1, 3, 4, 6, 1, 5, 2, 3, 1, 1, 2, 6, 1] [3, 6, 5, 3, 7, 4, 4, 5, 3, 4, 6, 8, 2, 5, 3, 4, 6, 4, 6, 2, 3, 2, 6, 4, 5, 3, 6, 3, 4, 4, 6, 2, 6, 2, 5, 1, 3, 2, 8, 2]
B_15 25.949999999999996 B 35 [1, 1, 6, 4, 1, 5, 3, 2, 6, 2, 5, 3, 5, 4, 4, 4, 3, 3, 5, 4, 6, 4, 3, 5, 3, 6, 5, 3, 4, 2, 5, 5, 2, 2, 1, 3, 2, 1, 4, 4] [1, 1, 6, 4, 2, 6, 5, 2, 8, 3, 7, 4, 6, 6, 5, 6, 4, 5, 6, 5, 8, 6, 3, 7, 5, 8, 6, 3, 6, 2, 6, 7, 3, 4, 1, 3, 3, 1, 6, 6]
B_16 26.949999999999996 B 36 [2, 6, 3, 5, 6, 4, 6, 1, 1, 3, 3, 5, 2, 5, 3, 4, 5, 4, 6, 6, 6, 4, 3, 2, 2, 2, 2, 3, 1, 5, 2, 4, 2, 3, 1, 2, 4, 1, 6, 1] [4, 7, 4, 6, 8, 6, 8, 3, 1, 3, 3, 5, 3, 5, 3, 6, 6, 6, 8, 7, 8, 5, 3, 3, 2, 4, 4, 3, 1, 5, 3, 4, 3, 3, 3, 3, 5, 3, 8, 2]
B_17 27.949999999999996 B 37 [2, 5, 6, 6, 3, 3, 4, 4, 6, 2, 2, 3, 1, 1, 6, 4, 4, 6, 4, 4, 6, 1, 4, 2, 6, 4, 5, 4, 6, 1, 6, 1, 6, 3, 2, 1, 1, 3, 1, 6] [4, 6, 6, 8, 3, 3, 5, 5, 8, 2, 4, 4, 1, 3, 8, 5, 4, 8, 5, 6, 8, 1, 5, 4, 8, 6, 5, 6, 8, 3, 6, 1, 6, 5, 2, 1, 3, 5, 3, 7]
B_18 28.949999999999996 B 38 [5, 3, 1, 3, 1, 1, 1, 1, 5, 2, 6, 1, 6, 6, 6, 3, 1, 2, 6, 2, 5, 6, 4, 5, 3, 1, 2, 6, 1, 1, 6, 1, 1, 4, 6, 4, 6, 1, 4, 6] [5, 4, 2, 4, 2, 1, 1, 1, 7, 4, 6, 1, 6, 7, 8, 5, 1, 4, 8, 4, 7, 6, 4, 6, 4, 2, 4, 7, 1, 2, 8, 3, 3, 5, 8, 6, 8, 3, 6, 7]
B_19 29.949999999999996 B 39 [5, 6, 1, 4, 5, 1, 1, 2, 3, 3, 3, 5, 4, 5, 4, 4, 6, 1, 3, 3, 1, 1, 6, 6, 3, 4, 6, 4, 1, 6, 2, 6, 5, 6, 1, 4, 1, 6, 6, 4] [7, 7, 3, 6, 6, 2, 1, 4, 4, 5, 5, 7, 6, 5, 6, 4, 7, 1, 5, 3, 1, 1, 6, 7, 5, 4, 6, 6, 3, 8, 2, 7, 7, 8, 2, 6, 2, 7, 7, 4]
