A_0 4.84 A 0 [1, 1, 2, 6, 3, 5, 6, 4, 2, 3, 2, 1, 2, 1, 2, 3, 4, 6, 6, 5, 1, 3, 3, 1, 3, 5, 2, 5, 5, 5, 2, 2, 1, 5, 3, 6, 1, 3, 1, 2] [3, 5, 4, 9, 5, 8, 8, 7, 6, 6, 6, 4, 6, 5, 6, 6, 7, 8, 8, 7, 3, 5, 6, 4, 5, 9, 5, 7, 8, 7, 5, 6, 3, 7, 6, 9, 4, 5, 3, 6]
A_1 5.84 A 1 [1, 6, 6, 5, 4, 2, 4, 1, 3, 2, 6, 2, 1, 2, 1, 6, 6, 6, 4, 5, 2, 2, 5, 3, 6, 1, 1, 1, 5, 4, 1, 3, 5, 2, 5, 5, 3, 3, 2, 4] [5, 9, 9, 7, 7, 6, 6, 4, 5, 6, 10, 6, 4, 4, 5, 8, 9, 8, 7, 7, 5, 4, 8, 6, 10, 5, 3, 3, 8, 6, 3, 6, 8, 4, 8, 8, 7, 5, 4, 7]
A_2 7.58 A 2 [2, 6, 1, 3, 1, 6, 6, 6, 4, 6, 6, 6, 3, 1, 2, 2, 6, 3, 6, 1, 4, 6, 4, 2, 2, 4, 6, 6, 4, 6, 3, 4, 1, 5, 1, 2, 1, 4, 3, 3] [4, 9, 4, 6, 4, 10, 10, 10, 6, 10, 9, 9, 5, 3, 4, 4, 9, 5, 8, 3, 8, 9, 6, 4, 6, 6, 10, 9, 7, 9, 7, 8, 4, 8, 4, 5, 3, 6, 6, 5]
A_3 8.58 A 3 [6, 5, 3, 4, 2, 1, 2, 6, 6, 1, 6, 1, 3, 5, 4, 4, 3, 4, 4, 1, 2, 4, 1, 1, 5, 1, 3, 3, 6, 2, 6, 2, 1, 5, 3, 5, 4, 1, 3, 4] [9, 7, 6, 7, 4, 3, 6, 8, 8, 3, 10, 3, 5, 9, 7, 6, 6, 6, 6, 4, 5, 8, 3, 4, 9, 4, 7, 7, 10, 4, 9, 4, 4, 8, 6, 8, 6, 3, 5, 8]
A_4 13.870000000000001 A 4 [3, 4, 1, 2, 5, 1, 6, 2, 1, 2, 2, 3, 5, 1, 1, 3, 6, 4, 1, 3, 2, 3, 1, 6, 6, 2, 5, 1, 1, 5, 3, 3, 6, 2, 1, 1, 4, 5, 1, 6] [5, 7, 4, 4, 7, 5, 8, 6, 4, 4, 6, 7, 7, 3, 3, 6, 8, 8, 5, 5, 5, 5, 4, 10, 10, 6, 9, 4, 3, 8, 6, 5, 8, 4, 4, 3, 7, 9, 5, 9]
A_5 14.870000000000001 A 5 [5, 2, 6, 1, 1, 3, 4, 4, 6, 3, 1, 3, 3, 2, 1, 6, 1, 5, 3, 1, 2, 6, 4, 6, 3, 3, 3, 6, 4, 3, 3, 1, 2, 1, 1, 1, 1, 5, 2, 4] [8, 6, 10, 3, 5, 5, 8, 7, 8, 7, 3, 6, 5, 6, 5, 8, 5, 9, 5, 5, 5, 8, 8, 9, 6, 6, 7, 10, 8, 5, 7, 3, 4, 3, 5, 4, 4, 7, 5, 8]
A_6 15.870000000000001 A 6 [6, 4, 6, 2, 6, 4, 3, 6, 5, 6, 4, 4, 3, 4, 3, 6, 1, 3, 2, 3, 4, 4, 6, 6, 2, 6, 5, 3, 5, 3, 4, 1, 5, 2, 5, 3, 3, 5, 2, 3] [8, 6, 10, 6, 8, 8, 7, 10, 8, 10, 8, 6, 5, 8, 6, 8, 5, 5, 4, 5, 6, 8, 9, 9, 4, 10, 7, 7, 7, 7, 8, 4, 7, 5, 9, 6, 5, 8, 5, 6]
A_7 16.87 A 7 [4, 1, 6, 6, 2, 4, 6, 2, 5, 2, 4, 6, 6, 2, 5, 3, 3, 6, 2, 6, 2, 5, 2, 6, 4, 6, 1, 1, 4, 5, 5, 1, 4, 6, 3, 6, 5, 2, 1, 4] [7, 4, 10, 8, 6, 7, 10, 4, 7, 6, 6, 9, 10, 4, 7, 7, 6, 10, 6, 8, 5, 8, 6, 9, 7, 10, 4, 5, 8, 7, 9, 5, 6, 8, 6, 9, 7, 5, 4, 6]
A_8 17.87 A 8 [2, 3, 4, 6, 1, 6, 5, 5, 6, 1, 6, 4, 1, 2, 1, 2, 4, 1, 6, 6, 4, 3, 2, 4, 5, 6, 2, 1, 6, 2, 2, 5, 3, 3, 5, 2, 1, 6, 6, 4] [6, 5, 6, 8, 4, 8, 8, 7, 9, 3, 8, 6, 4, 6, 4, 5, 8, 4, 9, 10, 6, 7, 6, 7, 9, 8, 5, 3, 9, 6, 5, 7, 7, 7, 8, 5, 5, 8, 8, 7]
A_9 18.94 A 9 [3, 2, 6, 1, 2, 3, 6, 2, 1, 5, 5, 2, 1, 2, 6, 2, 6, 6, 5, 5, 5, 3, 3, 5, 6, 1, 1, 5, 4, 3, 2, 3, 4, 5, 5, 2, 2, 4, 5, 4] [6, 6, 10, 3, 4, 7, 10, 6, 3, 7, 7, 6, 4, 4, 10, 6, 10, 10, 7, 8, 7, 7, 6, 7, 9, 4, 3, 7, 8, 7, 4, 6, 7, 9, 9, 6, 4, 7, 8, 6]
A_10 20.21 A 10 [2, 6, 6, 6, 2, 1, 4, 4, 6, 5, 2, 1, 4, 4, 4, 6, 3, 4, 3, 5, 5, 6, 1, 3, 6, 4, 5, 3, 2, 5, 3, 5, 5, 1, 5, 1, 5, 4, 6, 3] [6, 10, 9, 10, 6, 3, 8, 6, 8, 7, 5, 5, 7, 7, 8, 8, 6, 8, 6, 9, 8, 8, 4, 7, 10, 6, 9, 5, 5, 8, 7, 9, 8, 4, 8, 4, 8, 8, 8, 6]
A_11 23.16 A 11 [1, 2, 6, 1, 3, 3, 4, 6, 4, 2, 1, 3, 1, 3, 6, 3, 3, 4, 3, 1, 2, 4, 6, 3, 2, 3, 3, 3, 3, 2, 2, 2, 4, 3, 1, 5, 2, 3, 3, 1] [4, 6, 9, 3, 7, 6, 6, 9, 6, 6, 5, 7, 5, 5, 8, 5, 7, 7, 7, 3, 4, 8, 10, 5, 4, 6, 7, 6, 6, 6, 5, 5, 8, 6, 3, 9, 5, 6, 7, 4]
A_12 24.16 A 12 [2, 1, 3, 3, 5, 3, 3, 6, 1, 1, 4, 1, 1, 6, 6, 6, 3, 3, 6, 1, 6, 6, 4, 5, 3, 1, 2, 2, 4, 2, 3, 4, 3, 5, 3, 1, 5, 2, 3, 5] [6, 4, 5, 5, 7, 5, 5, 10, 4, 4, 7, 5, 4, 9, 8, 10, 5, 6, 9, 5, 9, 9, 6, 8, 5, 3, 6, 5, 7, 5, 5, 6, 6, 9, 5, 5, 8, 4, 5, 8]
A_13 25.91 A 13 [1, 2, 1, 5, 1, 2, 4, 2, 2, 2, 4, 3, 6, 4, 3, 1, 4, 4, 3, 4, 2, 6, 5, 4, 3, 1, 4, 5, 5, 3, 3, 2, 5, 4, 6, 6, 6, 6, 2, 2] [5, 4, 3, 9, 3, 6, 8, 4, 6, 4, 7, 5, 9, 6, 5, 3, 8, 7, 7, 7, 5, 8, 8, 8, 7, 3, 6, 7, 7, 6, 7, 6, 9, 8, 9, 9, 8, 10, 4, 5]
A_14 26.91 A 14 [2, 1, 2, 4, 1, 1, 3, 5, 1, 6, 4, 6, 6, 3, 5, 3, 5, 1, 5, 4, 3, 2, 1, 4, 3, 5, 2, 5, 4, 1, 5, 5, 2, 2, 4, 2, 1, 4, 3, 4] [6, 5, 4, 7, 3, 5, 6, 7, 4, 10, 8, 8, 8, 5, 9, 7, 8, 3, 8, 8, 5, 6, 4, 8, 6, 8, 5, 9, 6, 4, 8, 9, 6, 4, 6, 5, 5, 6, 5, 6]
A_15 27.91 A 15 [3, 6, 2, 4, 3, 6, 6, 3, 2, 2, 6, 3, 6, 1, 3, 6, 2, 2, 6, 1, 2, 5, 5, 5, 2, 2, 1, 4, 2, 4, 6, 4, 4, 6, 4, 2, 6, 2, 1, 5] [6, 8, 4, 6, 6, 8, 8, 7, 5, 6, 8, 5, 10, 3, 7, 8, 5, 6, 8, 4, 4, 8, 9, 8, 5, 5, 5, 7, 6, 7, 9, 6, 7, 10, 6, 4, 9, 4, 5, 8]
A_16 28.91 A 16 [4, 6, 6, 3, 6, 1, 1, 3, 4, 6, 3, 3, 3, 4, 5, 2, 6, 2, 1, 6, 5, 3, 6, 3, 3, 4, 1, 2, 1, 6, 2, 1, 1, 5, 6, 4, 2, 1, 5, 6] [7, 9, 9, 6, 8, 5, 5, 6, 8, 10, 6, 7, 5, 8, 8, 5, 10, 5, 5, 8, 9, 7, 9, 6, 6, 7, 3, 5, 3, 10, 6, 4, 4, 7, 8, 6, 4, 3, 7, 9]
A_17 29.91 A 17 [6, 6, 3, 4, 4, 5, 3, 6, 1, 6, 4, 4, 3, 4, 1, 2, 2, 4, 3, 4, 2, 3, 4, 4, 4, 5, 6, 5, 2, 1, 2, 3, 4, 1, 5, 5, 4, 4, 1, 1] [8, 8, 5, 6, 8, 9, 5, 10, 4, 10, 8, 7, 6, 7, 3, 6, 5, 7, 5, 6, 5, 7, 7, 7, 7, 9, 8, 7, 5, 4, 5, 5, 8, 3, 8, 7, 6, 8, 5, 3]
A_18 30.91 A 18 [6, 4, 6, 4, 1, 3, 2, 2, 6, 5, 3, 3, 6, 3, 5, 6, 1, 3, 1, 5, 4, 6, 1, 6, 4, 4, 2, 6, 4, 3, 1, 5, 6, 4, 5, 3, 6, 1, 6, 2] [8, 7, 8, 6, 5, 5, 4, 6, 9, 7, 6, 7, 9, 7, 8, 8, 5, 5, 5, 7, 7, 9, 5, 8, 7, 6, 4, 9, 8, 6, 3, 7, 9, 7, 8, 5, 8, 4, 8, 5]
A_19 31.91 A 19 [5, 5, 1, 1, 3, 1, 3, 6, 6, 5, 5, 1, 1, 4, 4, 1, 6, 4, 5, 3, 6, 5, 4, 4, 4, 1, 4, 5, 6, 1, 5, 6, 6, 1, 5, 2, 2, 2, 2, 2] [7, 7, 3, 4, 5, 5, 5, 8, 10, 8, 9, 3, 5, 7, 8, 4, 8, 6, 7, 5, 10, 9, 8, 8, 6, 5, 8, 7, 10, 3, 9, 8, 9, 4, 9, 5, 5, 5, 4, 6]
B_0 3.96 B 20 [1, 2, 4, 2, 2, 2, 4, 2, 4, 5, 5, 2, 6, 2, 3, 2, 5, 2, 4, 6, 1, 4, 4, 6, 2, 4, 1, 4, 4, 1, 3, 4, 1, 5, 1, 5, 5, 4, 3, 5] [3, 5, 8, 5, 5, 5, 6, 5, 6, 7, 8, 4, 9, 5, 5, 4, 9, 5, 7, 10, 3, 7, 7, 10, 4, 8, 5, 8, 7, 3, 5, 8, 4, 7, 5, 9, 7, 8, 6, 7]
B_1 4.96 B 21 [3, 2, 6, 4, 3, 6, 4, 5, 3, 3, 6, 4, 6, 6, 2, 5, 3, 3, 6, 5, 4, 3, 3, 5, 2, 6, 2, 6, 6, 5, 6, 6, 4, 1, 6, 2, 4, 6, 6, 4] [5, 4, 9, 8, 5, 8, 8, 8, 7, 7, 8, 8, 9, 8, 6, 8, 7, 7, 9, 9, 7, 7, 6, 8, 4, 10, 6, 8, 8, 9, 8, 9, 7, 4, 8, 5, 6, 9, 8, 6]
B_2 5.96 B 22 [3, 5, 4, 1, 1, 4, 6, 2, 2, 3, 1, 6, 4, 5, 1, 5, 6, 4, 1, 4, 4, 3, 1, 6, 4, 6, 2, 4, 6, 2, 4, 5, 6, 6, 3, 5, 3, 3, 6, 2] [6, 8, 6, 3, 4, 8, 9, 6, 6, 6, 4, 10, 6, 8, 4, 9, 9, 7, 5, 8, 7, 6, 4, 8, 7, 9, 6, 6, 10, 5, 6, 8, 10, 9, 5, 7, 7, 5, 9, 4]
B_3 6.96 B 23 [1, 3, 2, 1, 6, 6, 6, 6, 4, 5, 3, 3, 5, 4, 4, 5, 3, 4, 6, 4, 6, 5, 6, 4, 5, 2, 3, 2, 4, 5, 6, 3, 3, 5, 2, 3, 6, 2, 5, 1] [4, 6, 4, 4, 10, 9, 9, 9, 7, 7, 7, 5, 8, 8, 8, 8, 6, 7, 8, 8, 10, 8, 8, 7, 7, 4, 6, 6, 8, 8, 8, 6, 5, 9, 4, 6, 10, 4, 7, 4]
B_4 7.96 B 24 [3, 6, 2, 5, 6, 3, 2, 4, 5, 6, 6, 2, 3, 3, 3, 2, 3, 4, 4, 4, 2, 2, 4, 5, 2, 2, 5, 3, 3, 1, 2, 6, 3, 6, 1, 3, 3, 3, 6, 3] [5, 10, 6, 9, 10, 6, 4, 7, 9, 9, 10, 4, 5, 7, 6, 5, 6, 7, 7, 6, 4, 4, 7, 7, 6, 4, 9, 5, 7, 5, 4, 9, 5, 8, 3, 6, 5, 5, 8, 5]
B_5 8.96 B 25 [5, 1, 4, 1, 2, 3, 6, 6, 6, 1, 4, 3, 1, 1, 5, 2, 4, 5, 4, 1, 4, 6, 6, 2, 2, 5, 5, 5, 4, 3, 3, 3, 5, 3, 6, 1, 3, 2, 6, 1] [9, 5, 6, 4, 6, 6, 10, 10, 8, 4, 6, 6, 3, 3, 8, 5, 7, 9, 6, 5, 8, 10, 9, 4, 4, 7, 9, 7, 7, 7, 7, 5, 9, 6, 9, 4, 7, 6, 9, 5]
B_6 9.96 B 26 [2, 1, 6, 3, 5, 3, 5, 1, 2, 1, 5, 3, 2, 4, 2, 1, 1, 6, 2, 4, 1, 2, 2, 3, 5, 5, 4, 2, 5, 1, 4, 6, 6, 3, 2, 4, 2, 6, 3, 2] [5, 3, 10, 7, 9, 7, 7, 4, 5, 3, 9, 7, 6, 6, 5, 5, 3, 8, 4, 8, 5, 6, 6, 6, 9, 9, 7, 5, 8, 5, 7, 8, 8, 6, 6, 7, 5, 9, 6, 4]
B_7 10.96 B 27 [5, 1, 6, 3, 1, 6, 3, 1, 1, 5, 3, 3, 2, 5, 5, 4, 2, 5, 6, 5, 4, 6, 4, 2, 3, 5, 2, 6, 3, 6, 6, 4, 5, 5, 1, 6, 1, 6, 1, 3] [7, 3, 9, 7, 4, 10, 7, 5, 3, 7, 5, 6, 5, 7, 9, 7, 5, 7, 9, 7, 8, 8, 6, 6, 5, 7, 5, 10, 5, 10, 10, 7, 8, 8, 4, 8, 4, 8, 4, 5]
B_8 15.190000000000001 B 28 [5, 5, 4, 6, 1, 4, 5, 4, 6, 4, 2, 3, 4, 5, 4, 2, 1, 2, 4, 6, 4, 6, 6, 4, 3, 4, 5, 3, 2, 5, 1, 5, 4, 5, 1, 3, 1, 2, 6, 1] [8, 8, 7, 10, 3, 8, 7, 8, 9, 8, 5, 6, 7, 7, 6, 6, 3, 5, 8, 10, 7, 8, 10, 8, 7, 7, 8, 5, 6, 7, 4, 9, 6, 7, 5, 6, 4, 4, 9, 4]
B_9 17.39 B 29 [5, 4, 6, 2, 5, 3, 3, 5, 2, 3, 5, 2, 2, 3, 1, 4, 6, 1, 3, 1, 1, 5, 2, 5, 1, 3, 1, 6, 5, 3, 5, 1, 2, 2, 3, 3, 6, 6, 3, 5] [7, 6, 9, 4, 8, 5, 7, 7, 6, 7, 8, 6, 5, 6, 4, 7, 10, 4, 6, 3, 3, 9, 5, 8, 5, 7, 5, 10, 7, 5, 7, 4, 5, 5, 5, 6, 9, 8, 7, 9]
B_10 18.39 B 30 [2, 1, 3, 6, 3, 3, 4, 5, 2, 2, 3, 2, 3, 3, 5, 6, 2, 2, 1, 5, 3, 6, 4, 6, 2, 3, 4, 6, 1, 5, 1, 1, 6, 4, 3, 1, 1, 6, 2, 6] [5, 3, 7, 9, 6, 7, 8, 9, 5, 4, 7, 5, 5, 7, 8, 9, 6, 5, 3, 9, 5, 8, 6, 8, 4, 7, 7, 10, 4, 7, 4, 4, 9, 6, 5, 3, 4, 8, 5, 9]
B_11 19.39 B 31 [2, 3, 4, 2, 3, 1, 1, 1, 5, 3, 5, 2, 4, 2, 5, 4, 1, 3, 5, 6, 4, 6, 5, 3, 6, 3, 6, 4, 5, 1, 1, 2, 4, 5, 4, 4, 2, 1, 5, 6] [6, 6, 8, 4, 5, 3, 4, 5, 7, 6, 9, 5, 6, 6, 9, 6, 4, 5, 7, 8, 8, 9, 8, 6, 9, 5, 8, 7, 9, 4, 4, 6, 6, 8, 7, 7, 6, 3, 9, 9]
B_12 20.57 B 32 [1, 5, 1, 1, 6, 2, 5, 4, 3, 4, 5, 4, 3, 5, 2, 4, 1, 4, 6, 6, 1, 4, 6, 3, 3, 5, 6, 5, 4, 2, 6, 4, 4, 2, 5, 4, 4, 2, 6, 2] [3, 8, 4, 4, 8, 4, 7, 6, 7, 7, 8, 8, 6, 9, 6, 7, 4, 8, 9, 9, 4, 7, 10, 5, 5, 9, 8, 8, 6, 5, 9, 6, 6, 4, 7, 6, 6, 6, 9, 4]
B_13 21.57 B 33 [5, 2, 5, 5, 2, 1, 2, 6, 3, 5, 1, 3, 5, 4, 2, 6, 5, 1, 4, 1, 5, 1, 6, 5, 6, 3, 3, 5, 5, 2, 4, 5, 2, 1, 1, 5, 1, 2, 4, 3] [7, 4, 8, 8, 4, 3, 5, 8, 7, 9, 4, 6, 9, 8, 4, 10, 7, 3, 7, 4, 7, 4, 9, 9, 8, 6, 6, 8, 7, 5, 6, 8, 4, 5, 5, 7, 4, 5, 8, 7]
B_14 25.36 B 34 [3, 5, 1, 3, 1, 1, 5, 3, 5, 5, 5, 1, 3, 6, 4, 4, 6, 5, 5, 5, 1, 6, 3, 2, 1, 6, 2, 1, 1, 3, 3, 4, 5, 1, 5, 4, 2, 6, 2, 1] [6, 8, 4, 6, 4, 5, 9, 6, 8, 9, 8, 3, 5, 9, 6, 6, 8, 8, 8, 9, 5, 8, 5, 4, 3, 9, 6, 4, 5, 5, 5, 7, 7, 5, 9, 6, 5, 9, 5, 5]
B_15 29.13 B 35 [6, 5, 2, 5, 1, 1, 3, 6, 2, 2, 1, 5, 1, 6, 2, 2, 4, 5, 3, 2, 5, 2, 5, 3, 3, 1, 4, 6, 3, 3, 1, 4, 4, 5, 4, 1, 5, 6, 4, 6] [9, 8, 5, 8, 3, 4, 6, 9, 5, 6, 4, 9, 5, 9, 5, 4, 6, 7, 5, 5, 9, 5, 7, 6, 6, 4, 7, 8, 6, 6, 3, 7, 6, 7, 6, 3, 7, 10, 8, 8]
B_16 30.13 B 36 [1, 3, 1, 4, 4, 1, 3, 5, 1, 2, 5, 2, 5, 6, 1, 6, 2, 4, 6, 2, 5, 4, 3, 6, 3, 3, 2, 1, 1, 6, 1, 2, 4, 1, 2, 5, 2, 4, 1, 5] [4, 7, 3, 6, 7, 4, 5, 7, 5, 4, 8, 5, 8, 8, 5, 9, 4, 6, 8, 5, 7, 6, 7, 10, 5, 7, 5, 4, 4, 9, 4, 6, 6, 4, 5, 7, 6, 8, 5, 7]
B_17 32.23 B 37 [3, 3, 4, 1, 5, 5, 5, 2, 6, 4, 4, 3, 2, 6, 4, 2, 1, 4, 1, 2, 4, 6, 3, 2, 3, 2, 6, 6, 2, 6, 6, 1, 2, 2, 6, 6, 4, 5, 2, 6] [5, 5, 6, 3, 9, 7, 8, 5, 8, 7, 8, 6, 4, 10, 6, 4, 3, 8, 4, 5, 8, 9, 5, 4, 5, 6, 9, 8, 4, 8, 8, 3, 6, 5, 9, 10, 8, 9, 5, 8]
B_18 33.23 B 38 [1, 2, 3, 3, 1, 2, 2, 1, 6, 5, 6, 3, 3, 2, 3, 1, 5, 1, 6, 2, 3, 6, 6, 5, 6, 6, 3, 1, 6, 3, 2, 5, 6, 4, 2, 4, 1, 2, 6, 3] [3, 4, 6, 5, 5, 5, 5, 4, 8, 8, 8, 7, 5, 4, 5, 5, 7, 5, 8, 4, 6, 8, 9, 7, 8, 9, 6, 4, 9, 7, 5, 9, 9, 8, 5, 8, 5, 5, 9, 7]
B_19 34.959999999999994 B 39 [2, 4, 3, 4, 6, 4, 3, 4, 4, 4, 3, 1, 5, 2, 4, 5, 6, 1, 2, 2, 5, 4, 2, 1, 3, 1, 2, 3, 1, 5, 6, 6, 2, 3, 1, 6, 5, 6, 3, 2] [6, 7, 5, 8, 9, 8, 6, 6, 7, 6, 6, 4, 8, 5, 6, 8, 9, 3, 5, 6, 7, 6, 4, 4, 5, 5, 4, 5, 4, 9, 9, 9, 4, 7, 5, 8, 7, 8, 7, 5]
