A_0 1.15 A 0 [1, 2, 4, 1, 5, 6, 5, 3, 3, 4, 2, 5, 1, 4, 2, 2, 4, 4, 4, 4, 2, 4, 2, 4, 2, 3, 5, 5, 1, 2, 1, 4, 4, 5, 2, 6, 1, 2, 4, 6] [1, 3, 5, 3, 5, 8, 7, 4, 3, 5, 4, 6, 1, 6, 3, 2, 6, 5, 5, 5, 2, 6, 4, 4, 4, 3, 7, 7, 1, 3, 1, 4, 5, 7, 3, 7, 3, 3, 5, 7]
A_1 2.15 A 1 [2, 6, 6, 6, 5, 3, 3, 4, 5, 2, 5, 4, 3, 5, 4, 1, 5, 4, 1, 5, 4, 1, 1, 1, 3, 2, 4, 3, 1, 3, 2, 1, 5, 2, 2, 2, 6, 2, 3, 6] [3, 8, 6, 8, 6, 3, 3, 4, 6, 2, 5, 6, 4, 5, 6, 2, 6, 6, 1, 7, 6, 1, 1, 1, 4, 4, 6, 5, 2, 4, 4, 1, 7, 3, 3, 2, 6, 3, 4, 7]
A_2 4.17 A 2 [4, 6, 4, 4, 5, 5, 6, 6, 4, 6, 3, 1, 3, 2, 2, 4, 5, 4, 3, 3, 6, 2, 4, 1, 1, 5, 6, 2, 1, 2, 3, 6, 6, 3, 6, 1, 2, 1, 3, 1] [5, 6, 5, 4, 5, 5, 6, 6, 5, 8, 5, 2, 5, 2, 4, 5, 6, 5, 5, 5, 7, 3, 5, 3, 1, 6, 7, 3, 1, 4, 3, 8, 7, 5, 7, 1, 4, 1, 4, 2]
A_3 5.17 A 3 [1, 6, 4, 3, 1, 1, 3, 2, 4, 3, 4, 4, 6, 3, 2, 2, 3, 1, 5, 4, 5, 5, 5, 6, 6, 6, 4, 1, 6, 4, 5, 1, 6, 1, 6, 2, 2, 3, 5, 5] [3, 8, 4, 3, 2, 3, 5, 4, 4, 4, 6, 5, 8, 4, 2, 3, 4, 1, 5, 6, 7, 6, 5, 7, 7, 6, 5, 3, 6, 6, 7, 3, 7, 3, 8, 2, 4, 4, 6, 6]
A_4 6.17 A 4 [5, 5, 5, 1, 3, 1, 1, 6, 5, 4, 4, 4, 5, 2, 1, 1, 6, 3, 3, 3, 6, 5, 3, 3, 6, 6, 2, 2, 4, 3, 6, 1, 6, 6, 2, 3, 6, 6, 6, 2] [5, 6, 5, 2, 5, 2, 3, 8, 5, 6, 4, 5, 6, 4, 1, 3, 8, 5, 4, 3, 6, 6, 3, 4, 8, 6, 4, 2, 5, 4, 8, 2, 8, 7, 4, 3, 7, 7, 7, 3]
A_5 7.17 A 5 [6, 3, 5, 1, 1, 2, 2, 4, 1, 3, 4, 6, 4, 5, 1, 4, 4, 2, 2, 5, 4, 1, 2, 3, 1, 3, 1, 3, 5, 6, 6, 6, 6, 1, 4, 3, 3, 4, 4, 5] [8, 3, 5, 3, 2, 2, 4, 5, 1, 3, 4, 8, 4, 7, 3, 6, 4, 2, 3, 6, 6, 1, 4, 5, 2, 4, 3, 3, 7, 6, 6, 6, 6, 3, 5, 5, 4, 4, 5, 6]
A_6 9.219999999999999 A 6 [5, 3, 6, 3, 1, 2, 4, 5, 6, 2, 5, 3, 2, 2, 2, 3, 4, 1, 2, 4, 1, 6, 1, 1, 2, 2, 6, 6, 2, 2, 2, 3, 6, 2, 4, 4, 4, 3, 5, 6] [7, 3, 6, 5, 3, 4, 6, 5, 7, 4, 6, 5, 3, 4, 2, 3, 5, 1, 4, 5, 2, 6, 1, 1, 3, 3, 7, 8, 2, 3, 4, 5, 6, 2, 4, 5, 4, 4, 7, 6]
A_7 10.219999999999999 A 7 [3, 4, 6, 2, 6, 4, 5, 1, 3, 4, 5, 1, 2, 5, 1, 2, 3, 1, 1, 6, 1, 1, 4, 4, 3, 5, 1, 4, 5, 3, 3, 5, 5, 2, 3, 1, 5, 3, 6, 6] [4, 4, 6, 4, 8, 5, 5, 2, 4, 6, 7, 1, 4, 5, 1, 4, 5, 1, 3, 8, 1, 1, 5, 6, 4, 6, 3, 6, 6, 5, 4, 6, 7, 3, 5, 3, 7, 4, 8, 6]
A_8 11.249999999999998 A 8 [3, 5, 4, 4, 5, 1, 6, 3, 3, 1, 5, 5, 5, 1, 2, 1, 2, 5, 2, 5, 3, 2, 2, 4, 2, 4, 3, 5, 2, 6, 6, 2, 5, 2, 5, 2, 1, 3, 4, 6] [3, 6, 5, 4, 5, 1, 7, 4, 5, 3, 5, 7, 6, 3, 4, 3, 3, 5, 3, 6, 4, 2, 3, 5, 3, 4, 5, 6, 2, 8, 7, 2, 6, 4, 5, 4, 1, 5, 5, 6]
A_9 12.249999999999998 A 9 [4, 2, 6, 3, 4, 3, 2, 4, 1, 4, 6, 3, 1, 5, 5, 4, 5, 5, 5, 2, 4, 1, 4, 4, 6, 1, 6, 6, 1, 1, 2, 3, 6, 2, 2, 5, 1, 6, 5, 1] [5, 2, 8, 4, 6, 3, 4, 6, 3, 4, 6, 5, 2, 6, 6, 6, 5, 6, 5, 3, 5, 3, 4, 5, 7, 3, 7, 6, 1, 2, 3, 5, 8, 3, 2, 6, 1, 6, 6, 3]
A_10 14.519999999999998 A 10 [2, 5, 3, 4, 4, 4, 5, 5, 5, 6, 6, 1, 3, 4, 4, 4, 2, 2, 1, 5, 1, 3, 6, 3, 6, 1, 4, 5, 3, 5, 3, 3, 6, 2, 3, 6, 1, 1, 3, 4] [4, 5, 5, 6, 4, 4, 6, 7, 5, 6, 6, 2, 5, 4, 5, 5, 3, 3, 2, 7, 3, 3, 6, 4, 6, 2, 4, 7, 5, 7, 5, 4, 6, 2, 4, 8, 3, 3, 4, 5]
A_11 17.009999999999998 A 11 [5, 4, 1, 4, 4, 6, 3, 1, 5, 3, 1, 2, 2, 3, 4, 1, 1, 2, 3, 2, 2, 6, 5, 4, 1, 6, 4, 5, 1, 5, 2, 5, 3, 5, 5, 1, 1, 4, 6, 5] [6, 6, 2, 5, 5, 8, 5, 1, 7, 5, 2, 2, 3, 4, 6, 1, 2, 4, 5, 4, 2, 6, 7, 4, 3, 7, 6, 6, 1, 5, 4, 6, 4, 7, 5, 1, 2, 5, 6, 6]
A_12 18.689999999999998 A 12 [1, 3, 3, 6, 5, 4, 2, 2, 5, 1, 3, 2, 2, 1, 1, 3, 3, 6, 2, 4, 4, 1, 2, 1, 4, 1, 6, 5, 3, 1, 2, 6, 1, 4, 6, 3, 4, 3, 4, 2] [1, 4, 5, 8, 6, 4, 3, 4, 6, 2, 5, 3, 2, 2, 3, 3, 4, 7, 2, 4, 4, 1, 3, 2, 6, 1, 8, 5, 5, 1, 3, 8, 1, 4, 7, 4, 4, 3, 6, 2]
A_13 19.689999999999998 A 13 [4, 5, 2, 3, 2, 5, 2, 5, 1, 5, 4, 3, 1, 6, 2, 5, 5, 1, 4, 6, 6, 5, 1, 3, 3, 2, 4, 5, 6, 5, 4, 5, 5, 4, 4, 2, 6, 2, 4, 1] [6, 5, 2, 4, 4, 7, 4, 5, 3, 6, 4, 4, 2, 6, 3, 5, 5, 3, 4, 8, 8, 5, 2, 5, 5, 2, 6, 5, 8, 6, 6, 6, 6, 5, 4, 3, 6, 2, 5, 2]
A_14 21.299999999999997 A 14 [2, 4, 2, 2, 1, 1, 2, 1, 2, 5, 4, 4, 1, 2, 1, 5, 6, 5, 6, 1, 2, 2, 4, 1, 6, 3, 4, 5, 1, 1, 1, 2, 4, 3, 6, 4, 2, 2, 5, 2] [3, 6, 4, 2, 1, 3, 2, 1, 4, 6, 5, 6, 3, 3, 1, 6, 7, 6, 8, 2, 3, 3, 4, 1, 7, 3, 6, 7, 1, 3, 1, 2, 5, 4, 7, 6, 3, 4, 6, 4]
A_15 22.299999999999997 A 15 [2, 1, 4, 2, 1, 4, 3, 2, 1, 4, 4, 1, 3, 5, 5, 4, 2, 1, 1, 3, 4, 6, 2, 3, 5, 1, 1, 4, 5, 4, 3, 6, 6, 5, 5, 1, 2, 5, 4, 3] [2, 2, 5, 3, 3, 6, 3, 4, 3, 6, 5, 1, 3, 5, 6, 6, 3, 1, 2, 5, 6, 7, 4, 5, 5, 1, 3, 4, 7, 6, 5, 7, 6, 6, 5, 1, 4, 7, 4, 4]
A_16 23.599999999999998 A 16 [4, 5, 5, 3, 6, 4, 4, 3, 2, 5, 2, 1, 3, 5, 6, 2, 3, 5, 4, 6, 1, 1, 2, 4, 5, 4, 2, 3, 5, 3, 5, 3, 3, 1, 4, 4, 3, 3, 1, 3] [6, 6, 6, 4, 8, 4, 5, 5, 3, 5, 3, 2, 4, 5, 7, 3, 4, 5, 5, 7, 1, 2, 2, 5, 5, 6, 4, 5, 5, 5, 5, 4, 4, 3, 4, 5, 3, 5, 2, 5]
A_17 25.54 A 17 [4, 4, 4, 1, 3, 2, 1, 1, 5, 5, 2, 2, 6, 1, 5, 1, 5, 5, 6, 5, 6, 5, 3, 5, 4, 3, 3, 1, 5, 2, 4, 6, 6, 6, 2, 5, 2, 5, 5, 3] [5, 6, 5, 1, 5, 2, 1, 1, 5, 6, 3, 4, 7, 3, 6, 1, 5, 6, 7, 7, 6, 6, 4, 5, 6, 3, 4, 3, 6, 3, 5, 6, 7, 7, 4, 7, 2, 5, 7, 4]
A_18 26.99 A 18 [4, 1, 3, 5, 3, 2, 2, 1, 2, 5, 1, 3, 2, 4, 6, 1, 4, 6, 6, 1, 4, 5, 1, 6, 4, 3, 4, 4, 2, 2, 6, 1, 4, 2, 2, 6, 6, 2, 6, 5] [5, 1, 5, 5, 4, 3, 4, 3, 3, 5, 2, 5, 2, 4, 8, 2, 5, 7, 7, 2, 6, 5, 2, 6, 5, 3, 5, 4, 3, 2, 8, 1, 5, 3, 3, 8, 7, 2, 6, 7]
A_19 27.99 A 19 [4, 5, 3, 4, 3, 5, 4, 6, 5, 2, 5, 2, 4, 6, 1, 3, 6, 5, 1, 6, 3, 5, 3, 1, 3, 1, 3, 5, 5, 3, 2, 2, 2, 4, 1, 3, 3, 6, 1, 2] [5, 7, 5, 6, 3, 6, 5, 8, 6, 3, 7, 4, 4, 8, 2, 5, 7, 7, 2, 6, 3, 6, 4, 3, 3, 1, 5, 6, 5, 5, 3, 4, 2, 5, 2, 3, 4, 8, 3, 4]
B_0 1.27 B 20 [2, 4, 6, 5, 6, 4, 1, 1, 3, 4, 1, 2, 4, 6, 2, 4, 1, 6, 4, 3, 5, 4, 4, 3, 5, 1, 4, 4, 2, 2, 4, 4, 2, 3, 4, 3, 2, 4, 3, 6] [2, 6, 7, 7, 6, 6, 2, 1, 4, 5, 3, 2, 4, 8, 3, 6, 1, 6, 6, 3, 6, 5, 4, 3, 7, 3, 6, 4, 2, 3, 5, 6, 4, 4, 6, 3, 3, 6, 4, 8]
B_1 2.73 B 21 [4, 1, 2, 5, 5, 1, 6, 1, 2, 1, 3, 6, 1, 5, 2, 6, 1, 5, 5, 5, 4, 3, 2, 6, 6, 1, 1, 3, 4, 4, 1, 6, 5, 4, 2, 4, 4, 2, 3, 1] [6, 1, 3, 6, 6, 1, 6, 1, 2, 3, 3, 6, 1, 5, 3, 7, 2, 6, 5, 6, 5, 5, 3, 6, 7, 1, 3, 4, 6, 6, 1, 7, 5, 4, 3, 5, 4, 2, 5, 1]
B_2 4.55 B 22 [2, 1, 4, 5, 3, 2, 1, 4, 2, 4, 6, 5, 2, 1, 4, 2, 2, 3, 1, 3, 4, 2, 2, 4, 3, 5, 6, 3, 3, 4, 3, 4, 1, 3, 4, 5, 2, 5, 6, 4] [4, 1, 5, 5, 3, 4, 1, 5, 3, 4, 6, 7, 3, 2, 4, 4, 2, 4, 2, 4, 4, 3, 4, 4, 3, 5, 6, 5, 5, 4, 5, 6, 3, 5, 4, 6, 4, 6, 8, 4]
B_3 5.55 B 23 [4, 1, 1, 6, 3, 3, 1, 4, 4, 4, 3, 4, 1, 3, 1, 3, 4, 5, 6, 1, 3, 6, 4, 3, 1, 2, 2, 2, 6, 3, 6, 3, 5, 5, 4, 3, 1, 4, 1, 2] [4, 1, 3, 7, 4, 5, 1, 6, 5, 5, 4, 4, 2, 5, 1, 5, 5, 5, 6, 3, 3, 6, 4, 3, 1, 4, 4, 3, 7, 5, 6, 4, 7, 5, 6, 4, 2, 5, 3, 4]
B_4 6.79 B 24 [2, 3, 1, 6, 6, 1, 2, 3, 2, 6, 6, 1, 4, 3, 6, 5, 5, 4, 4, 3, 5, 6, 3, 1, 4, 1, 5, 3, 4, 5, 1, 4, 1, 3, 6, 4, 5, 4, 4, 1] [4, 4, 1, 7, 8, 2, 3, 4, 3, 7, 6, 3, 6, 5, 7, 5, 5, 6, 5, 3, 7, 7, 3, 1, 4, 1, 7, 3, 6, 6, 3, 6, 3, 4, 6, 5, 6, 6, 4, 2]
B_5 7.79 B 25 [3, 2, 5, 6, 6, 3, 2, 5, 4, 1, 1, 6, 1, 2, 3, 1, 4, 3, 3, 1, 1, 1, 5, 2, 1, 1, 4, 6, 3, 4, 2, 4, 6, 4, 2, 2, 2, 6, 5, 3] [3, 4, 6, 6, 6, 4, 3, 6, 4, 3, 2, 7, 1, 2, 3, 1, 6, 3, 3, 1, 3, 1, 5, 4, 1, 1, 6, 8, 5, 6, 3, 5, 7, 6, 4, 4, 3, 7, 6, 4]
B_6 8.96 B 26 [5, 4, 6, 4, 2, 1, 6, 1, 3, 6, 4, 4, 6, 4, 4, 1, 2, 3, 4, 3, 4, 1, 6, 2, 5, 4, 6, 6, 4, 1, 1, 5, 1, 6, 5, 3, 3, 5, 2, 3] [7, 6, 7, 5, 4, 3, 7, 3, 5, 7, 4, 6, 8, 6, 6, 3, 4, 4, 5, 5, 6, 3, 6, 4, 7, 6, 6, 6, 5, 2, 2, 5, 1, 6, 6, 4, 4, 5, 4, 5]
B_7 10.100000000000001 B 27 [5, 3, 2, 1, 2, 3, 6, 4, 5, 6, 5, 5, 5, 5, 5, 4, 3, 1, 4, 5, 4, 3, 3, 2, 3, 6, 6, 6, 6, 3, 2, 1, 4, 5, 3, 2, 4, 6, 3, 6] [7, 5, 3, 3, 2, 3, 8, 6, 6, 6, 7, 6, 5, 5, 7, 4, 5, 3, 4, 6, 4, 4, 5, 3, 3, 8, 6, 7, 6, 4, 2, 2, 6, 5, 5, 3, 4, 7, 3, 7]
B_8 15.100000000000001 B 28 [1, 1, 1, 6, 4, 5, 2, 5, 2, 1, 3, 1, 3, 6, 1, 5, 5, 5, 2, 5, 2, 4, 3, 6, 4, 3, 4, 6, 6, 5, 5, 6, 6, 2, 6, 1, 5, 4, 2, 4] [1, 2, 1, 6, 5, 7, 2, 6, 2, 1, 5, 1, 5, 8, 1, 7, 5, 6, 3, 5, 2, 6, 5, 7, 6, 5, 5, 6, 8, 6, 7, 6, 8, 4, 6, 1, 7, 6, 2, 5]
B_9 16.1 B 29 [2, 3, 2, 4, 3, 6, 2, 3, 6, 1, 5, 5, 1, 5, 1, 4, 3, 2, 2, 3, 2, 4, 4, 3, 5, 4, 1, 3, 5, 2, 1, 1, 5, 6, 3, 4, 4, 5, 6, 1] [3, 4, 4, 6, 4, 6, 3, 5, 8, 2, 7, 5, 1, 6, 3, 6, 5, 3, 2, 5, 3, 6, 4, 5, 6, 6, 2, 4, 6, 3, 3, 1, 6, 7, 3, 6, 4, 7, 6, 1]
B_10 17.1 B 30 [1, 2, 3, 5, 6, 6, 2, 3, 6, 2, 3, 2, 2, 4, 1, 3, 5, 4, 6, 2, 4, 1, 3, 6, 1, 2, 1, 2, 5, 1, 5, 5, 1, 4, 2, 2, 1, 1, 3, 3] [1, 4, 3, 7, 8, 6, 4, 4, 7, 3, 5, 4, 3, 6, 1, 5, 5, 5, 8, 3, 5, 1, 5, 6, 3, 3, 2, 2, 7, 3, 7, 7, 2, 5, 2, 3, 1, 3, 3, 5]
B_11 18.1 B 31 [4, 1, 6, 1, 1, 6, 3, 5, 2, 3, 3, 5, 6, 5, 2, 6, 3, 6, 1, 2, 4, 6, 4, 3, 4, 4, 5, 1, 6, 1, 5, 5, 2, 3, 3, 4, 4, 2, 3, 1] [4, 1, 8, 3, 2, 6, 5, 6, 2, 5, 4, 6, 8, 6, 2, 7, 4, 6, 1, 4, 6, 7, 6, 4, 6, 5, 5, 2, 6, 1, 7, 5, 4, 5, 5, 4, 4, 3, 5, 2]
B_12 19.55 B 32 [4, 5, 6, 6, 6, 6, 6, 5, 5, 6, 6, 3, 1, 5, 4, 6, 3, 6, 4, 2, 2, 5, 1, 5, 1, 6, 1, 4, 6, 5, 1, 2, 2, 6, 4, 1, 5, 6, 1, 2] [5, 7, 7, 7, 8, 6, 6, 7, 6, 8, 6, 4, 1, 6, 5, 6, 4, 7, 5, 2, 4, 5, 3, 7, 3, 7, 1, 6, 8, 6, 2, 4, 4, 6, 6, 2, 7, 8, 3, 4]
B_13 20.55 B 33 [5, 2, 3, 1, 6, 1, 2, 2, 2, 2, 2, 5, 4, 4, 3, 5, 1, 6, 2, 4, 3, 4, 3, 5, 3, 4, 6, 5, 2, 6, 4, 3, 6, 1, 5, 3, 6, 4, 3, 1] [7, 3, 5, 3, 7, 3, 2, 3, 4, 3, 2, 7, 4, 5, 4, 6, 3, 7, 3, 5, 4, 4, 5, 5, 4, 6, 6, 5, 4, 7, 5, 5, 6, 1, 5, 4, 8, 4, 5, 3]
B_14 22.42 B 34 [2, 2, 6, 6, 2, 4, 4, 3, 5, 2, 3, 5, 6, 4, 6, 5, 4, 2, 2, 1, 4, 2, 4, 4, 6, 2, 5, 3, 6, 3, 2, 3, 4, 5, 2, 3, 2, 5, 4, 5] [3, 3, 7, 8, 4, 5, 4, 5, 5, 2, 4, 5, 7, 4, 7, 5, 4, 4, 3, 2, 6, 3, 4, 6, 6, 4, 6, 5, 6, 3, 2, 5, 6, 5, 3, 5, 2, 7, 6, 6]
B_15 23.44 B 35 [6, 2, 1, 2, 3, 3, 4, 1, 2, 5, 6, 1, 3, 2, 4, 1, 4, 5, 6, 3, 3, 4, 5, 3, 4, 2, 3, 2, 1, 4, 2, 4, 1, 3, 3, 3, 2, 1, 3, 4] [7, 2, 1, 2, 3, 5, 5, 3, 4, 6, 8, 1, 4, 3, 6, 1, 5, 7, 8, 3, 3, 5, 6, 4, 5, 4, 4, 3, 1, 6, 3, 4, 2, 4, 5, 5, 3, 1, 5, 5]
B_16 24.44 B 36 [1, 6, 2, 2, 6, 3, 4, 5, 1, 1, 1, 1, 4, 6, 2, 2, 3, 2, 6, 3, 2, 4, 2, 1, 5, 2, 3, 4, 5, 4, 1, 4, 5, 6, 2, 2, 2, 3, 6, 2] [3, 6, 4, 4, 7, 4, 4, 7, 1, 1, 3, 2, 4, 6, 3, 4, 3, 2, 7, 4, 3, 4, 4, 2, 6, 3, 4, 4, 7, 4, 1, 4, 7, 8, 2, 3, 4, 4, 6, 2]
B_17 25.44 B 37 [2, 2, 1, 3, 6, 4, 3, 3, 3, 6, 1, 4, 3, 2, 2, 5, 3, 5, 2, 6, 4, 2, 5, 4, 4, 6, 5, 6, 4, 5, 1, 2, 6, 4, 5, 1, 3, 6, 5, 1] [3, 3, 1, 4, 7, 4, 4, 4, 5, 6, 3, 5, 3, 2, 4, 7, 5, 5, 2, 8, 6, 2, 6, 5, 6, 7, 5, 7, 6, 7, 3, 3, 8, 4, 7, 1, 4, 8, 6, 2]
B_18 26.44 B 38 [4, 3, 3, 5, 6, 4, 5, 6, 4, 5, 3, 6, 4, 4, 5, 4, 1, 5, 6, 1, 3, 3, 6, 1, 4, 5, 2, 3, 2, 6, 3, 3, 1, 3, 4, 3, 6, 5, 3, 1] [5, 4, 4, 6, 7, 5, 7, 8, 5, 6, 4, 6, 6, 5, 6, 4, 2, 7, 6, 3, 4, 5, 8, 3, 4, 6, 4, 3, 2, 6, 3, 5, 3, 5, 6, 5, 6, 6, 3, 2]
B_19 27.44 B 39 [6, 6, 1, 5, 2, 5, 6, 6, 6, 1, 4, 5, 2, 1, 2, 3, 3, 3, 5, 2, 6, 1, 4, 2, 1, 3, 3, 6, 4, 1, 3, 1, 2, 1, 5, 4, 2, 1, 1, 5] [7, 7, 2, 6, 3, 6, 6, 6, 6, 3, 5, 6, 2, 2, 4, 4, 5, 4, 7, 4, 8, 1, 4, 4, 2, 4, 5, 7, 5, 1, 5, 2, 4, 3, 6, 5, 2, 2, 2, 6]
