A_0 1 A 0 [6, 3, 1, 3, 4, 2, 1, 1, 1, 2, 3, 2, 3, 3, 2, 3, 5, 1, 6, 3, 6, 6, 3, 5, 3, 1, 3, 6, 4, 5, 4, 4, 5, 5, 3, 5, 1, 6, 5, 3] [8, 6, 4, 7, 8, 5, 3, 5, 3, 5, 7, 4, 5, 6, 5, 6, 7, 4, 8, 5, 8, 8, 6, 9, 6, 4, 7, 9, 7, 9, 6, 8, 7, 7, 7, 9, 4, 10, 9, 7]
A_1 2 A 1 [3, 6, 3, 6, 3, 5, 3, 4, 2, 2, 5, 1, 3, 3, 1, 4, 1, 5, 1, 2, 2, 3, 2, 4, 1, 2, 3, 2, 2, 1, 1, 1, 6, 2, 1, 3, 4, 1, 1, 5] [6, 9, 7, 10, 7, 8, 6, 7, 4, 4, 9, 4, 5, 6, 4, 7, 5, 9, 4, 6, 6, 5, 4, 8, 5, 5, 7, 5, 5, 4, 5, 5, 9, 4, 5, 7, 7, 3, 3, 8]
A_2 3 A 2 [1, 3, 1, 6, 5, 5, 6, 5, 4, 1, 3, 4, 3, 2, 6, 5, 1, 3, 4, 1, 1, 5, 5, 3, 6, 2, 3, 6, 2, 5, 1, 1, 4, 1, 6, 3, 2, 2, 6, 2] [4, 7, 4, 9, 8, 7, 10, 7, 8, 4, 5, 7, 6, 4, 8, 7, 4, 5, 6, 3, 4, 7, 8, 7, 9, 6, 6, 8, 4, 7, 5, 3, 8, 5, 8, 7, 4, 5, 9, 6]
A_3 4.75 A 3 [3, 6, 6, 2, 4, 3, 2, 2, 3, 6, 3, 4, 3, 1, 5, 2, 5, 4, 1, 1, 5, 1, 6, 3, 2, 3, 5, 3, 6, 4, 1, 5, 5, 1, 2, 5, 5, 2, 4, 3] [7, 10, 9, 4, 6, 5, 6, 6, 6, 9, 6, 8, 7, 4, 8, 6, 7, 7, 5, 5, 9, 4, 9, 6, 5, 6, 7, 5, 10, 7, 3, 9, 8, 3, 6, 7, 8, 5, 7, 6]
A_4 5.75 A 4 [4, 3, 5, 4, 6, 1, 4, 4, 1, 4, 2, 3, 2, 4, 1, 3, 1, 1, 1, 4, 2, 3, 6, 1, 6, 2, 4, 1, 5, 4, 5, 1, 5, 4, 2, 2, 1, 6, 5, 6] [8, 7, 8, 6, 9, 4, 8, 6, 3, 6, 4, 6, 5, 8, 4, 5, 4, 3, 4, 7, 4, 7, 8, 3, 9, 5, 7, 5, 8, 6, 8, 5, 8, 6, 5, 6, 5, 9, 7, 8]
A_5 9.01 A 5 [2, 5, 5, 3, 1, 6, 2, 2, 5, 6, 4, 6, 4, 6, 2, 2, 6, 1, 5, 5, 6, 1, 4, 4, 5, 5, 4, 1, 2, 4, 5, 3, 3, 3, 2, 6, 4, 2, 1, 2] [5, 8, 7, 5, 4, 10, 5, 6, 9, 8, 6, 9, 8, 8, 4, 4, 10, 3, 9, 7, 8, 5, 7, 7, 7, 7, 6, 3, 4, 7, 7, 5, 5, 7, 6, 10, 6, 5, 4, 4]
A_6 10.01 A 6 [1, 3, 6, 2, 4, 2, 2, 5, 3, 3, 2, 2, 4, 4, 6, 3, 4, 5, 2, 4, 6, 5, 2, 5, 3, 3, 6, 5, 2, 3, 4, 6, 6, 5, 4, 4, 4, 2, 1, 5] [3, 6, 10, 6, 8, 5, 5, 9, 7, 5, 4, 4, 6, 8, 9, 5, 6, 7, 5, 7, 10, 9, 6, 8, 5, 7, 10, 8, 5, 7, 6, 9, 10, 9, 6, 8, 8, 6, 4, 7]
A_7 11.01 A 7 [1, 4, 5, 2, 4, 2, 5, 2, 6, 2, 1, 3, 4, 3, 2, 3, 6, 5, 6, 4, 1, 1, 2, 4, 3, 6, 2, 6, 5, 6, 4, 6, 4, 4, 6, 5, 5, 4, 1, 1] [5, 7, 7, 6, 6, 6, 9, 6, 8, 6, 5, 5, 8, 7, 4, 5, 8, 8, 8, 8, 4, 4, 5, 8, 6, 9, 6, 9, 8, 10, 8, 10, 7, 7, 8, 9, 8, 7, 4, 3]
A_8 12.01 A 8 [1, 2, 4, 3, 1, 5, 3, 6, 3, 4, 1, 5, 4, 4, 1, 4, 4, 5, 2, 2, 2, 2, 3, 6, 3, 3, 4, 1, 3, 3, 2, 4, 5, 6, 5, 5, 2, 2, 6, 2] [3, 4, 8, 6, 3, 9, 7, 8, 7, 8, 5, 9, 8, 7, 3, 7, 8, 7, 4, 6, 5, 6, 5, 8, 5, 5, 7, 5, 6, 5, 5, 8, 8, 9, 8, 8, 6, 5, 8, 6]
A_9 13.01 A 9 [2, 2, 1, 6, 4, 6, 3, 2, 4, 6, 5, 3, 5, 4, 6, 3, 6, 5, 1, 5, 5, 4, 1, 2, 6, 6, 3, 3, 5, 5, 2, 1, 5, 5, 6, 3, 3, 2, 5, 4] [5, 4, 4, 9, 6, 8, 5, 6, 8, 9, 9, 5, 9, 6, 9, 6, 9, 7, 4, 7, 7, 6, 5, 4, 9, 9, 6, 6, 7, 7, 6, 5, 9, 9, 8, 7, 7, 4, 8, 6]
A_10 14.01 A 10 [3, 5, 3, 3, 2, 4, 2, 1, 1, 5, 6, 2, 6, 5, 3, 1, 3, 1, 1, 2, 4, 1, 5, 4, 1, 6, 2, 1, 5, 4, 6, 6, 4, 4, 3, 1, 1, 2, 4, 3] [7, 9, 5, 6, 4, 6, 4, 5, 5, 9, 8, 5, 10, 7, 7, 4, 5, 4, 4, 4, 6, 5, 7, 6, 5, 8, 4, 4, 9, 7, 9, 9, 7, 8, 7, 5, 5, 5, 8, 7]
A_11 15.73 A 11 [2, 1, 4, 4, 3, 6, 2, 3, 5, 3, 2, 1, 1, 4, 1, 6, 6, 1, 2, 5, 3, 4, 6, 3, 3, 6, 5, 1, 6, 2, 6, 4, 6, 4, 2, 3, 1, 2, 6, 6] [4, 4, 7, 8, 6, 9, 4, 5, 9, 5, 5, 5, 5, 7, 4, 9, 8, 5, 6, 7, 6, 8, 8, 6, 5, 9, 9, 4, 10, 5, 8, 8, 9, 6, 6, 6, 5, 5, 10, 10]
A_12 17.46 A 12 [3, 3, 3, 3, 2, 4, 4, 4, 4, 5, 6, 1, 3, 3, 6, 6, 1, 6, 1, 3, 1, 3, 4, 2, 5, 3, 2, 2, 6, 4, 3, 1, 1, 2, 5, 4, 1, 4, 1, 2] [5, 5, 6, 7, 5, 8, 6, 8, 8, 9, 10, 5, 6, 5, 8, 8, 4, 10, 5, 7, 4, 5, 8, 6, 7, 5, 6, 6, 10, 8, 6, 5, 4, 4, 8, 6, 5, 7, 4, 4]
A_13 18.46 A 13 [3, 3, 2, 1, 4, 6, 4, 3, 4, 4, 5, 4, 3, 1, 1, 5, 6, 2, 6, 4, 4, 4, 5, 2, 2, 1, 1, 6, 1, 3, 1, 4, 2, 1, 4, 5, 1, 3, 4, 5] [6, 6, 4, 4, 8, 8, 8, 7, 7, 6, 7, 7, 5, 3, 4, 8, 8, 5, 10, 7, 8, 6, 9, 4, 5, 3, 5, 9, 5, 7, 3, 6, 6, 3, 8, 9, 4, 5, 7, 9]
A_14 19.46 A 14 [2, 1, 6, 5, 1, 2, 6, 2, 1, 6, 3, 1, 6, 1, 4, 6, 2, 2, 5, 3, 6, 4, 3, 5, 4, 4, 6, 4, 3, 2, 5, 4, 4, 3, 3, 5, 5, 1, 4, 1] [5, 4, 8, 8, 4, 4, 9, 4, 3, 9, 7, 4, 8, 4, 8, 10, 6, 6, 8, 5, 8, 6, 5, 9, 7, 8, 8, 7, 7, 6, 9, 6, 7, 7, 7, 8, 8, 5, 7, 4]
A_15 20.46 A 15 [3, 4, 5, 2, 3, 2, 3, 3, 4, 3, 1, 6, 6, 5, 6, 4, 1, 6, 2, 1, 6, 1, 6, 1, 4, 4, 5, 6, 5, 5, 2, 3, 3, 5, 5, 2, 2, 1, 1, 6] [6, 7, 7, 6, 5, 4, 5, 5, 7, 6, 4, 9, 8, 8, 10, 8, 3, 10, 4, 3, 10, 5, 9, 4, 7, 8, 8, 8, 8, 8, 6, 5, 7, 9, 8, 4, 4, 4, 5, 9]
A_16 26.57 A 16 [5, 1, 1, 5, 1, 6, 4, 6, 4, 6, 3, 6, 1, 6, 2, 1, 1, 1, 2, 1, 2, 2, 4, 5, 2, 5, 3, 2, 1, 1, 1, 3, 5, 6, 2, 1, 4, 3, 3, 1] [7, 5, 4, 7, 4, 10, 6, 8, 8, 9, 5, 8, 4, 8, 6, 3, 3, 5, 4, 5, 6, 4, 7, 8, 4, 8, 7, 5, 5, 4, 5, 6, 9, 9, 4, 4, 6, 7, 7, 5]
A_17 27.57 A 17 [1, 5, 3, 4, 1, 1, 5, 5, 5, 5, 1, 1, 6, 2, 2, 6, 1, 6, 6, 1, 3, 2, 6, 2, 1, 1, 2, 1, 3, 6, 5, 6, 3, 6, 3, 4, 3, 2, 6, 6] [4, 9, 5, 7, 3, 3, 7, 8, 7, 7, 4, 5, 10, 5, 6, 10, 5, 10, 9, 3, 6, 4, 9, 4, 3, 3, 5, 5, 6, 9, 7, 9, 5, 8, 7, 6, 7, 5, 9, 8]
A_18 28.57 A 18 [6, 1, 4, 1, 1, 5, 2, 6, 2, 1, 1, 2, 1, 6, 5, 2, 2, 6, 6, 1, 4, 3, 5, 4, 3, 2, 3, 5, 6, 2, 4, 2, 3, 4, 2, 6, 2, 6, 4, 5] [8, 4, 6, 5, 4, 9, 5, 8, 4, 4, 4, 6, 5, 10, 8, 4, 4, 9, 9, 3, 8, 7, 9, 8, 5, 4, 6, 8, 9, 4, 8, 5, 5, 7, 4, 10, 5, 8, 8, 9]
A_19 29.57 A 19 [3, 2, 1, 1, 4, 5, 4, 4, 2, 5, 2, 5, 3, 4, 3, 1, 1, 1, 1, 6, 6, 3, 5, 3, 2, 3, 3, 1, 4, 4, 1, 5, 5, 3, 2, 2, 4, 5, 5, 6] [5, 6, 3, 5, 7, 7, 7, 8, 6, 7, 4, 7, 7, 7, 5, 3, 5, 3, 3, 8, 8, 7, 9, 7, 5, 7, 5, 5, 8, 7, 4, 8, 8, 6, 4, 4, 7, 8, 8, 10]
B_0 1 B 20 [6, 2, 1, 5, 2, 6, 6, 1, 2, 5, 4, 3, 1, 4, 6, 6, 2, 3, 4, 6, 2, 6, 1, 5, 3, 2, 1, 3, 3, 6, 5, 2, 4, 5, 1, 4, 6, 2, 5, 3] [8, 6, 4, 9, 4, 8, 10, 4, 5, 7, 6, 6, 4, 8, 8, 10, 6, 6, 8, 8, 6, 10, 4, 9, 5, 5, 5, 6, 6, 10, 9, 5, 6, 7, 3, 6, 8, 6, 7, 7]
B_1 2.3200000000000003 B 21 [6, 3, 5, 1, 3, 1, 5, 1, 2, 4, 1, 4, 3, 4, 4, 1, 2, 2, 3, 3, 6, 3, 2, 1, 3, 1, 4, 5, 5, 4, 5, 2, 1, 6, 5, 4, 1, 5, 1, 1] [8, 5, 7, 4, 7, 5, 9, 4, 6, 6, 5, 8, 5, 6, 6, 5, 4, 4, 7, 7, 10, 6, 6, 4, 7, 4, 8, 9, 7, 8, 8, 5, 4, 10, 9, 7, 4, 9, 5, 5]
B_2 6.25 B 22 [3, 2, 5, 6, 6, 4, 2, 2, 3, 1, 5, 6, 4, 5, 3, 6, 4, 6, 5, 5, 1, 2, 5, 6, 2, 3, 5, 2, 1, 1, 2, 1, 1, 4, 3, 6, 6, 6, 1, 6] [6, 4, 8, 9, 8, 7, 6, 5, 5, 5, 7, 8, 8, 9, 5, 9, 7, 9, 9, 9, 4, 6, 9, 9, 5, 7, 7, 6, 5, 5, 5, 4, 4, 6, 7, 9, 9, 10, 4, 8]
B_3 7.25 B 23 [5, 4, 3, 3, 1, 4, 5, 4, 6, 2, 4, 3, 2, 2, 5, 1, 5, 2, 4, 3, 5, 1, 6, 4, 2, 6, 2, 5, 5, 2, 1, 4, 6, 2, 1, 2, 1, 4, 6, 5] [9, 8, 7, 6, 3, 7, 8, 8, 8, 4, 6, 6, 6, 4, 9, 4, 8, 4, 8, 7, 9, 4, 9, 7, 4, 8, 4, 7, 9, 5, 3, 6, 8, 6, 5, 4, 5, 8, 10, 9]
B_4 9.26 B 24 [3, 1, 6, 2, 6, 5, 3, 3, 3, 6, 1, 3, 5, 2, 4, 4, 2, 1, 3, 2, 3, 3, 2, 2, 6, 1, 5, 6, 5, 2, 1, 6, 3, 4, 5, 3, 3, 5, 2, 1] [6, 5, 9, 5, 9, 7, 5, 6, 5, 9, 5, 5, 7, 5, 7, 7, 4, 3, 5, 5, 5, 7, 5, 4, 8, 4, 8, 9, 8, 6, 5, 10, 5, 8, 8, 7, 7, 9, 6, 4]
B_5 12.969999999999999 B 25 [1, 2, 2, 3, 2, 5, 3, 6, 3, 6, 6, 6, 3, 1, 4, 4, 5, 1, 2, 3, 2, 1, 3, 6, 1, 5, 3, 6, 2, 3, 1, 3, 1, 2, 1, 3, 6, 6, 5, 3] [4, 5, 6, 6, 5, 7, 7, 9, 5, 9, 8, 9, 5, 3, 8, 8, 8, 3, 4, 7, 5, 4, 7, 8, 4, 9, 5, 9, 4, 5, 3, 7, 4, 6, 4, 6, 8, 10, 7, 6]
B_6 14.349999999999998 B 26 [3, 3, 3, 5, 4, 4, 6, 2, 4, 3, 2, 5, 2, 1, 6, 5, 3, 2, 3, 3, 1, 4, 5, 2, 5, 3, 4, 3, 6, 4, 2, 5, 4, 6, 6, 5, 3, 6, 3, 2] [7, 7, 6, 7, 7, 6, 10, 6, 7, 6, 4, 9, 6, 5, 8, 8, 7, 5, 6, 5, 5, 8, 7, 4, 8, 5, 6, 6, 8, 8, 4, 8, 7, 9, 9, 8, 6, 9, 5, 5]
B_7 15.349999999999998 B 27 [6, 2, 6, 3, 1, 1, 5, 6, 1, 3, 1, 1, 2, 6, 4, 6, 2, 1, 5, 1, 3, 5, 2, 5, 6, 6, 3, 4, 4, 2, 4, 3, 6, 1, 3, 5, 2, 3, 6, 1] [9, 5, 8, 5, 5, 3, 8, 9, 5, 6, 4, 4, 6, 9, 7, 8, 5, 5, 8, 5, 6, 9, 6, 7, 9, 9, 6, 6, 7, 5, 8, 7, 10, 5, 6, 7, 6, 6, 9, 5]
B_8 16.349999999999998 B 28 [4, 2, 2, 6, 5, 2, 2, 5, 3, 5, 5, 6, 6, 1, 3, 5, 1, 3, 6, 4, 3, 5, 1, 5, 5, 2, 6, 4, 6, 1, 5, 4, 3, 4, 6, 1, 5, 4, 6, 3] [7, 5, 4, 10, 8, 4, 5, 8, 6, 7, 9, 10, 10, 5, 7, 8, 5, 6, 9, 8, 6, 7, 5, 9, 8, 4, 8, 7, 9, 5, 9, 6, 5, 6, 8, 3, 8, 7, 10, 5]
B_9 17.349999999999998 B 29 [5, 1, 5, 4, 4, 4, 3, 6, 3, 5, 4, 2, 4, 3, 2, 5, 1, 6, 2, 4, 6, 4, 1, 2, 2, 3, 4, 2, 1, 1, 3, 1, 3, 1, 4, 1, 2, 6, 6, 4] [9, 4, 7, 7, 6, 7, 7, 10, 5, 7, 7, 5, 8, 7, 6, 8, 4, 9, 4, 7, 10, 8, 5, 5, 6, 5, 8, 5, 5, 3, 6, 5, 7, 5, 6, 4, 4, 10, 8, 7]
B_10 18.349999999999998 B 30 [4, 1, 1, 1, 5, 5, 4, 4, 2, 2, 6, 6, 3, 1, 5, 2, 1, 5, 4, 1, 5, 5, 2, 1, 1, 1, 2, 4, 5, 3, 3, 2, 5, 1, 4, 4, 4, 2, 4, 4] [6, 5, 5, 3, 8, 7, 6, 8, 5, 6, 9, 8, 6, 3, 9, 6, 5, 7, 8, 4, 9, 8, 5, 3, 5, 3, 4, 8, 9, 6, 7, 5, 8, 4, 6, 6, 8, 6, 8, 8]
B_11 21.819999999999997 B 31 [4, 1, 1, 5, 1, 3, 6, 6, 4, 1, 6, 4, 1, 4, 4, 3, 3, 6, 2, 5, 2, 2, 1, 4, 6, 3, 5, 3, 4, 1, 2, 6, 5, 5, 5, 6, 4, 4, 4, 1] [8, 5, 3, 9, 5, 5, 9, 10, 8, 5, 9, 8, 5, 6, 6, 5, 6, 9, 5, 8, 5, 5, 4, 6, 10, 7, 8, 7, 6, 5, 5, 9, 9, 9, 7, 9, 6, 6, 6, 5]
B_12 25.989999999999995 B 32 [5, 6, 4, 5, 5, 3, 6, 4, 5, 5, 4, 6, 1, 2, 4, 3, 5, 3, 3, 5, 4, 1, 1, 6, 3, 1, 4, 6, 3, 3, 5, 5, 1, 1, 1, 1, 2, 2, 4, 6] [7, 9, 8, 8, 8, 5, 10, 7, 8, 9, 7, 9, 4, 6, 7, 7, 9, 5, 5, 8, 6, 4, 4, 8, 5, 4, 7, 10, 5, 7, 8, 9, 5, 4, 5, 5, 6, 5, 8, 8]
B_13 28.249999999999993 B 33 [5, 2, 1, 1, 4, 3, 5, 4, 6, 5, 4, 4, 2, 1, 3, 5, 6, 6, 4, 3, 5, 6, 4, 2, 4, 2, 6, 1, 4, 1, 1, 5, 1, 6, 6, 1, 4, 5, 6, 2] [7, 4, 5, 3, 6, 7, 9, 7, 9, 9, 8, 6, 4, 3, 7, 9, 9, 8, 7, 6, 7, 10, 6, 6, 8, 6, 9, 5, 6, 5, 4, 9, 4, 10, 9, 5, 7, 8, 10, 6]
B_14 31.879999999999992 B 34 [3, 1, 6, 2, 2, 2, 4, 6, 5, 6, 3, 2, 5, 4, 3, 5, 2, 3, 2, 2, 1, 5, 3, 1, 5, 1, 6, 3, 6, 4, 4, 5, 1, 6, 4, 3, 3, 6, 4, 6] [7, 5, 8, 6, 5, 6, 6, 8, 8, 8, 7, 6, 8, 8, 7, 8, 4, 7, 4, 4, 3, 9, 7, 5, 8, 4, 9, 6, 8, 6, 6, 7, 5, 9, 8, 7, 5, 9, 8, 9]
B_15 32.879999999999995 B 35 [5, 3, 3, 5, 2, 6, 4, 5, 5, 3, 1, 3, 4, 5, 5, 2, 1, 4, 6, 2, 4, 4, 6, 2, 3, 3, 5, 5, 1, 1, 4, 6, 1, 1, 3, 3, 1, 3, 1, 3] [9, 7, 7, 7, 6, 10, 8, 9, 8, 7, 5, 6, 6, 9, 8, 4, 4, 6, 10, 4, 6, 7, 9, 4, 7, 6, 8, 7, 3, 4, 6, 9, 5, 5, 7, 5, 4, 6, 5, 7]
B_16 35.379999999999995 B 36 [1, 4, 2, 5, 1, 4, 4, 5, 2, 3, 1, 1, 1, 1, 5, 2, 4, 3, 2, 4, 6, 1, 6, 1, 3, 6, 3, 2, 5, 2, 4, 4, 2, 4, 3, 1, 5, 6, 2, 3] [4, 7, 4, 8, 5, 6, 8, 8, 6, 7, 5, 5, 5, 4, 8, 4, 6, 7, 5, 7, 8, 4, 9, 5, 7, 8, 6, 6, 8, 4, 8, 6, 6, 7, 5, 4, 8, 8, 4, 5]
B_17 36.379999999999995 B 37 [6, 1, 2, 2, 6, 2, 2, 4, 2, 2, 2, 2, 4, 3, 1, 1, 3, 2, 6, 5, 2, 5, 6, 4, 5, 6, 6, 3, 4, 6, 2, 4, 2, 5, 6, 3, 6, 3, 4, 6] [10, 3, 5, 5, 9, 5, 6, 7, 5, 4, 5, 5, 7, 5, 5, 4, 7, 5, 8, 8, 6, 9, 10, 8, 9, 10, 9, 6, 7, 10, 6, 6, 5, 8, 9, 6, 8, 7, 6, 8]
B_18 39.41 B 38 [5, 1, 6, 4, 5, 1, 1, 1, 6, 5, 4, 6, 1, 4, 4, 1, 3, 6, 4, 5, 5, 1, 1, 6, 2, 5, 3, 6, 6, 6, 4, 4, 4, 6, 4, 1, 2, 4, 1, 6] [9, 3, 9, 7, 7, 4, 4, 4, 8, 8, 8, 10, 4, 7, 7, 5, 7, 9, 8, 8, 7, 5, 4, 10, 6, 7, 5, 9, 10, 8, 8, 6, 8, 10, 8, 5, 4, 6, 3, 9]
B_19 41.169999999999995 B 39 [3, 5, 2, 3, 6, 2, 5, 1, 2, 4, 3, 6, 2, 5, 1, 6, 1, 6, 5, 6, 3, 1, 6, 5, 1, 3, 2, 1, 3, 4, 4, 1, 6, 2, 6, 3, 3, 6, 6, 1] [7, 8, 6, 6, 8, 4, 7, 3, 6, 6, 7, 10, 4, 9, 4, 9, 5, 8, 9, 10, 7, 5, 8, 9, 4, 6, 5, 5, 5, 7, 8, 5, 8, 6, 9, 7, 5, 8, 9, 4]
