A_0 1 A 0 [6, 6, 5, 6, 3, 5, 2, 6, 3, 3, 3, 3, 5, 4, 3, 2, 5, 3, 5, 4, 1, 4, 5, 2, 1, 3, 6, 6, 2, 3, 1, 6, 2, 4, 3, 1, 3, 1, 2, 1] [9, 8, 7, 8, 5, 7, 5, 10, 5, 5, 5, 6, 8, 8, 6, 4, 8, 5, 7, 7, 5, 7, 9, 4, 5, 5, 10, 9, 4, 5, 4, 9, 5, 8, 5, 5, 7, 4, 4, 3]
A_1 2 A 1 [6, 3, 6, 5, 1, 2, 1, 6, 1, 5, 3, 5, 5, 5, 3, 3, 1, 1, 5, 3, 2, 6, 2, 4, 6, 5, 2, 5, 6, 1, 6, 4, 5, 3, 3, 2, 3, 5, 5, 6] [8, 6, 8, 7, 5, 4, 3, 10, 4, 9, 7, 7, 7, 9, 5, 6, 4, 3, 9, 6, 4, 8, 5, 7, 8, 8, 5, 9, 9, 5, 10, 7, 7, 7, 7, 4, 7, 8, 8, 10]
A_2 3 A 2 [5, 6, 6, 3, 6, 3, 3, 3, 5, 3, 3, 5, 5, 4, 4, 1, 4, 6, 1, 2, 6, 5, 5, 2, 6, 4, 3, 3, 5, 4, 4, 3, 6, 4, 4, 4, 1, 1, 1, 5] [7, 8, 8, 5, 8, 5, 7, 5, 8, 6, 7, 8, 7, 7, 8, 4, 7, 8, 3, 6, 10, 9, 7, 4, 9, 8, 6, 5, 7, 7, 8, 5, 9, 6, 7, 6, 4, 5, 4, 7]
A_3 4.41 A 3 [6, 5, 3, 1, 1, 3, 6, 6, 6, 2, 4, 3, 3, 4, 5, 3, 4, 6, 6, 6, 5, 2, 3, 6, 3, 1, 3, 5, 4, 4, 3, 3, 1, 1, 1, 2, 1, 4, 3, 6] [8, 7, 5, 5, 3, 6, 9, 9, 8, 5, 8, 7, 5, 8, 8, 5, 8, 10, 8, 9, 8, 4, 6, 10, 7, 4, 6, 9, 7, 6, 7, 7, 4, 3, 5, 5, 4, 6, 6, 10]
A_4 6.01 A 4 [3, 1, 6, 1, 5, 6, 1, 5, 4, 1, 2, 3, 1, 6, 1, 6, 5, 6, 2, 6, 2, 5, 1, 5, 6, 5, 6, 3, 4, 4, 6, 1, 2, 1, 2, 3, 5, 6, 2, 3] [5, 5, 8, 3, 8, 8, 5, 7, 7, 4, 4, 6, 4, 10, 3, 10, 7, 10, 4, 10, 5, 9, 5, 7, 8, 8, 9, 5, 7, 6, 10, 5, 5, 3, 5, 5, 7, 8, 6, 6]
A_5 8.65 A 5 [5, 2, 3, 3, 6, 2, 6, 2, 3, 1, 6, 4, 5, 4, 3, 3, 6, 2, 4, 6, 6, 5, 3, 3, 4, 6, 3, 6, 3, 3, 4, 6, 2, 3, 6, 3, 3, 4, 1, 1] [7, 4, 5, 6, 8, 4, 10, 6, 6, 3, 8, 7, 7, 6, 7, 6, 8, 6, 8, 10, 10, 8, 5, 6, 7, 9, 7, 10, 5, 5, 6, 9, 4, 7, 10, 6, 7, 6, 5, 4]
A_6 11.92 A 6 [2, 1, 3, 6, 1, 6, 2, 5, 3, 6, 4, 6, 4, 4, 2, 4, 3, 5, 1, 2, 3, 5, 4, 2, 1, 4, 3, 2, 3, 4, 3, 5, 3, 1, 1, 6, 2, 5, 4, 4] [5, 3, 7, 9, 5, 10, 5, 9, 7, 8, 7, 9, 7, 8, 4, 8, 6, 8, 3, 6, 6, 7, 8, 4, 4, 7, 5, 4, 6, 8, 5, 7, 6, 3, 3, 9, 4, 8, 6, 7]
A_7 13.8 A 7 [6, 6, 3, 6, 5, 2, 5, 2, 4, 4, 3, 4, 1, 6, 2, 5, 1, 5, 6, 4, 4, 3, 5, 3, 3, 2, 1, 3, 2, 4, 5, 4, 1, 4, 1, 5, 2, 1, 6, 6] [10, 10, 5, 9, 7, 6, 9, 6, 8, 8, 6, 7, 4, 10, 5, 7, 3, 9, 8, 8, 7, 5, 8, 6, 7, 5, 5, 6, 4, 7, 8, 7, 4, 7, 4, 7, 4, 4, 8, 8]
A_8 17.21 A 8 [3, 1, 5, 6, 4, 3, 3, 4, 4, 4, 6, 3, 6, 4, 3, 6, 4, 5, 6, 4, 6, 3, 3, 3, 5, 4, 5, 5, 6, 2, 5, 5, 6, 3, 1, 2, 4, 3, 3, 5] [5, 4, 8, 8, 7, 6, 7, 8, 6, 8, 9, 6, 10, 7, 7, 10, 8, 7, 8, 7, 9, 7, 5, 5, 7, 7, 7, 9, 10, 5, 9, 7, 10, 6, 4, 6, 6, 5, 7, 7]
A_9 18.21 A 9 [3, 5, 3, 2, 1, 1, 6, 4, 4, 6, 5, 1, 3, 1, 3, 4, 6, 3, 3, 1, 4, 2, 1, 3, 6, 3, 4, 5, 6, 3, 4, 4, 4, 5, 6, 2, 6, 3, 4, 1] [5, 9, 6, 5, 4, 3, 8, 8, 8, 10, 7, 3, 5, 5, 5, 8, 8, 5, 7, 3, 6, 4, 3, 6, 10, 6, 8, 9, 8, 6, 8, 7, 6, 9, 8, 4, 9, 6, 6, 3]
A_10 19.21 A 10 [3, 3, 3, 4, 2, 6, 4, 3, 6, 5, 3, 5, 3, 1, 2, 1, 6, 3, 5, 1, 5, 6, 4, 3, 2, 1, 3, 1, 5, 6, 3, 1, 1, 4, 4, 2, 3, 1, 2, 1] [5, 7, 7, 8, 4, 8, 7, 6, 9, 7, 6, 7, 5, 4, 6, 3, 10, 6, 7, 5, 9, 9, 6, 6, 6, 3, 6, 5, 7, 9, 6, 5, 5, 8, 8, 6, 7, 4, 4, 4]
A_11 20.59 A 11 [3, 5, 5, 3, 3, 4, 6, 4, 3, 1, 5, 2, 5, 2, 6, 2, 6, 2, 5, 5, 1, 5, 3, 5, 1, 4, 6, 3, 4, 5, 2, 1, 5, 1, 1, 6, 1, 4, 3, 3] [6, 7, 8, 7, 6, 7, 9, 7, 6, 3, 7, 4, 8, 4, 9, 6, 10, 6, 8, 8, 5, 7, 6, 7, 3, 6, 10, 6, 8, 8, 5, 4, 9, 5, 5, 8, 4, 6, 7, 5]
A_12 21.59 A 12 [5, 5, 5, 3, 1, 5, 4, 1, 6, 3, 3, 5, 5, 5, 5, 5, 6, 5, 6, 2, 6, 3, 1, 4, 2, 6, 6, 6, 1, 2, 4, 5, 6, 2, 2, 1, 4, 4, 1, 3] [8, 7, 7, 5, 4, 7, 7, 4, 10, 5, 5, 8, 7, 8, 9, 8, 8, 8, 8, 4, 10, 5, 3, 6, 5, 9, 8, 8, 4, 6, 6, 7, 10, 6, 5, 5, 6, 8, 4, 5]
A_13 22.67 A 13 [4, 5, 4, 4, 6, 4, 4, 6, 4, 1, 1, 2, 5, 5, 5, 4, 4, 3, 2, 1, 6, 3, 4, 2, 5, 1, 1, 6, 6, 5, 1, 4, 6, 3, 6, 2, 2, 3, 1, 1] [8, 9, 7, 8, 10, 6, 8, 10, 7, 5, 4, 4, 8, 8, 8, 8, 7, 5, 6, 4, 10, 7, 7, 6, 8, 5, 3, 8, 9, 7, 5, 7, 10, 5, 10, 5, 6, 6, 3, 4]
A_14 24.520000000000003 A 14 [3, 3, 4, 5, 1, 3, 2, 2, 3, 3, 2, 6, 5, 5, 1, 6, 6, 4, 3, 5, 1, 5, 5, 5, 4, 1, 6, 2, 1, 6, 6, 5, 2, 5, 4, 4, 1, 6, 4, 6] [6, 5, 8, 8, 3, 7, 4, 5, 7, 5, 6, 9, 9, 8, 5, 10, 8, 6, 5, 7, 3, 9, 8, 7, 7, 4, 10, 6, 4, 10, 8, 7, 6, 7, 8, 6, 4, 8, 7, 10]
A_15 33.67 A 15 [2, 3, 1, 3, 6, 3, 4, 5, 6, 4, 1, 2, 5, 4, 6, 3, 1, 1, 6, 2, 5, 5, 1, 2, 6, 3, 6, 2, 5, 2, 5, 4, 3, 2, 6, 4, 3, 4, 3, 3] [4, 6, 4, 5, 10, 6, 8, 7, 10, 8, 3, 6, 8, 8, 10, 5, 3, 4, 8, 6, 8, 8, 3, 6, 10, 6, 8, 6, 9, 5, 9, 6, 7, 4, 8, 8, 7, 8, 7, 5]
A_16 34.67 A 16 [5, 1, 4, 4, 5, 6, 3, 1, 4, 6, 6, 6, 6, 4, 6, 1, 4, 3, 1, 5, 5, 3, 6, 4, 5, 6, 6, 5, 3, 2, 3, 1, 1, 6, 3, 6, 6, 2, 6, 4] [8, 4, 7, 8, 7, 8, 6, 3, 8, 8, 10, 10, 8, 7, 8, 3, 7, 7, 3, 8, 9, 7, 9, 8, 9, 10, 9, 7, 5, 4, 7, 3, 4, 9, 6, 8, 10, 5, 9, 7]
A_17 35.67 A 17 [3, 1, 6, 6, 6, 2, 5, 5, 5, 3, 3, 2, 5, 3, 4, 1, 3, 6, 2, 2, 4, 2, 5, 2, 6, 2, 5, 3, 5, 1, 4, 5, 4, 5, 6, 6, 4, 5, 5, 6] [5, 3, 8, 10, 10, 6, 8, 9, 7, 5, 6, 6, 8, 5, 6, 4, 7, 8, 6, 6, 8, 5, 9, 6, 9, 6, 8, 5, 7, 5, 7, 9, 6, 7, 8, 9, 7, 8, 9, 9]
A_18 36.67 A 18 [5, 5, 1, 6, 2, 4, 1, 6, 6, 3, 5, 5, 6, 2, 3, 6, 1, 2, 2, 6, 6, 1, 6, 5, 5, 6, 4, 2, 4, 4, 4, 1, 4, 3, 2, 1, 1, 3, 2, 3] [7, 9, 3, 8, 4, 8, 3, 8, 8, 7, 7, 8, 8, 6, 5, 8, 3, 6, 5, 10, 9, 3, 10, 7, 8, 10, 7, 5, 7, 8, 7, 4, 6, 5, 4, 4, 5, 6, 4, 7]
A_19 40.79 A 19 [4, 3, 2, 6, 6, 6, 2, 4, 4, 1, 1, 5, 2, 1, 5, 2, 5, 2, 6, 2, 3, 6, 1, 3, 4, 5, 4, 2, 3, 4, 2, 5, 2, 2, 4, 4, 3, 1, 1, 6] [7, 6, 6, 9, 10, 10, 6, 8, 7, 3, 5, 8, 4, 4, 7, 6, 8, 6, 10, 4, 7, 10, 3, 6, 8, 7, 7, 6, 5, 6, 6, 7, 6, 5, 6, 8, 5, 4, 4, 9]
B_0 1 B 20 [1, 2, 6, 5, 2, 6, 3, 4, 6, 4, 5, 1, 6, 6, 1, 5, 5, 4, 6, 3, 4, 3, 2, 2, 4, 3, 5, 4, 3, 4, 1, 6, 4, 4, 6, 1, 2, 1, 1, 2] [5, 4, 10, 8, 5, 10, 6, 7, 9, 6, 9, 5, 10, 10, 3, 8, 9, 8, 9, 7, 6, 7, 5, 5, 8, 6, 9, 6, 7, 6, 3, 9, 7, 6, 10, 5, 5, 3, 5, 6]
B_1 2.3600000000000003 B 21 [4, 6, 5, 2, 5, 5, 5, 3, 3, 2, 6, 5, 3, 3, 5, 5, 3, 2, 1, 6, 3, 2, 3, 4, 3, 2, 3, 5, 5, 6, 4, 6, 5, 6, 5, 2, 1, 4, 5, 1] [7, 8, 9, 4, 9, 8, 7, 5, 7, 4, 9, 7, 5, 7, 9, 8, 7, 5, 3, 10, 7, 4, 7, 6, 5, 4, 6, 9, 8, 9, 6, 9, 7, 9, 7, 4, 4, 6, 8, 3]
B_2 3.3600000000000003 B 22 [5, 2, 5, 3, 1, 3, 4, 5, 3, 1, 4, 3, 1, 4, 5, 1, 6, 5, 6, 1, 2, 3, 5, 6, 6, 1, 6, 6, 5, 6, 6, 3, 1, 6, 6, 3, 4, 5, 2, 1] [9, 5, 7, 6, 5, 5, 8, 8, 5, 3, 6, 6, 3, 7, 8, 3, 9, 9, 10, 3, 5, 7, 7, 8, 9, 3, 9, 9, 7, 8, 8, 6, 4, 9, 10, 7, 6, 9, 6, 5]
B_3 4.36 B 23 [2, 4, 2, 6, 5, 3, 2, 3, 3, 3, 3, 5, 4, 2, 5, 2, 4, 2, 5, 3, 2, 4, 6, 6, 2, 5, 6, 1, 1, 6, 2, 5, 5, 4, 6, 3, 2, 3, 5, 5] [4, 7, 4, 10, 7, 6, 4, 6, 5, 6, 6, 7, 6, 6, 7, 6, 8, 6, 7, 6, 5, 6, 8, 8, 6, 9, 10, 3, 4, 10, 6, 7, 7, 6, 8, 6, 6, 5, 9, 8]
B_4 5.36 B 24 [1, 6, 6, 3, 6, 4, 1, 3, 5, 6, 2, 1, 2, 5, 4, 6, 5, 6, 5, 4, 4, 3, 6, 2, 6, 1, 2, 6, 6, 6, 1, 1, 4, 3, 2, 6, 2, 5, 5, 1] [5, 8, 9, 7, 8, 7, 4, 7, 7, 10, 6, 3, 5, 8, 7, 10, 9, 9, 8, 8, 8, 5, 9, 6, 8, 4, 5, 8, 9, 8, 3, 3, 8, 5, 6, 10, 6, 7, 9, 4]
B_5 6.7 B 25 [3, 5, 4, 1, 5, 6, 4, 2, 4, 3, 1, 4, 6, 1, 1, 3, 6, 2, 6, 5, 3, 2, 1, 5, 1, 3, 6, 5, 3, 6, 3, 2, 4, 6, 6, 6, 4, 2, 4, 2] [5, 8, 8, 4, 8, 9, 7, 5, 7, 6, 3, 6, 9, 5, 4, 6, 10, 6, 10, 7, 6, 4, 3, 9, 4, 5, 9, 7, 5, 8, 6, 4, 8, 10, 9, 10, 6, 4, 6, 4]
B_6 7.7 B 26 [6, 2, 3, 3, 6, 3, 3, 1, 5, 4, 3, 6, 6, 1, 6, 6, 6, 5, 4, 4, 5, 3, 6, 6, 2, 6, 2, 4, 1, 2, 5, 4, 3, 2, 2, 1, 1, 4, 1, 5] [10, 5, 6, 6, 9, 7, 5, 5, 7, 8, 6, 10, 8, 3, 10, 8, 9, 8, 7, 7, 9, 6, 9, 10, 5, 9, 6, 7, 3, 6, 9, 8, 5, 4, 6, 5, 4, 8, 5, 7]
B_7 8.7 B 27 [6, 5, 3, 5, 3, 6, 2, 3, 5, 5, 1, 3, 6, 6, 2, 2, 5, 3, 2, 2, 4, 5, 6, 1, 6, 5, 4, 2, 2, 4, 2, 2, 1, 5, 6, 3, 1, 2, 1, 4] [9, 9, 5, 9, 5, 10, 4, 6, 9, 9, 5, 6, 8, 8, 6, 6, 7, 5, 5, 6, 6, 9, 9, 3, 8, 7, 7, 4, 5, 8, 5, 5, 5, 8, 8, 5, 5, 4, 4, 8]
B_8 10.149999999999999 B 28 [2, 6, 5, 4, 4, 3, 3, 2, 6, 6, 5, 4, 1, 6, 1, 5, 3, 5, 4, 3, 3, 5, 5, 1, 6, 3, 1, 2, 4, 3, 5, 5, 6, 1, 1, 6, 5, 3, 3, 3] [4, 9, 7, 7, 7, 5, 6, 4, 10, 8, 7, 8, 4, 9, 4, 9, 5, 7, 7, 5, 7, 8, 7, 4, 9, 5, 3, 5, 7, 5, 8, 9, 10, 3, 4, 9, 7, 7, 5, 6]
B_9 11.989999999999998 B 29 [3, 1, 4, 4, 4, 3, 4, 4, 2, 3, 6, 5, 2, 5, 6, 2, 2, 1, 4, 4, 4, 6, 6, 6, 6, 6, 2, 4, 3, 2, 2, 6, 2, 4, 6, 5, 4, 1, 5, 1] [5, 5, 7, 6, 6, 5, 8, 7, 5, 6, 9, 8, 6, 7, 10, 5, 4, 5, 8, 6, 6, 9, 8, 10, 8, 8, 6, 8, 5, 6, 6, 9, 4, 7, 10, 9, 7, 3, 8, 4]
B_10 13.04 B 30 [1, 6, 4, 3, 6, 4, 3, 5, 5, 4, 3, 2, 4, 1, 6, 5, 3, 4, 4, 2, 1, 4, 6, 2, 1, 3, 5, 2, 5, 2, 2, 5, 4, 4, 2, 6, 6, 4, 2, 3] [4, 10, 8, 7, 10, 6, 5, 8, 9, 8, 6, 5, 6, 5, 8, 9, 7, 7, 7, 6, 3, 6, 8, 6, 3, 6, 9, 5, 8, 6, 5, 9, 8, 7, 6, 8, 9, 7, 4, 6]
B_11 14.04 B 31 [6, 4, 3, 3, 1, 6, 5, 4, 5, 4, 1, 1, 5, 4, 5, 4, 1, 5, 1, 5, 6, 6, 3, 5, 1, 2, 4, 2, 5, 6, 5, 4, 2, 4, 5, 2, 3, 2, 2, 2] [9, 7, 5, 7, 5, 9, 7, 7, 7, 7, 5, 4, 7, 7, 7, 6, 3, 9, 4, 7, 9, 9, 6, 7, 3, 4, 8, 5, 9, 9, 9, 8, 4, 7, 8, 5, 7, 5, 5, 4]
B_12 15.04 B 32 [2, 5, 6, 1, 2, 2, 3, 1, 6, 4, 1, 5, 6, 6, 2, 3, 1, 4, 4, 2, 4, 5, 1, 5, 4, 4, 3, 1, 6, 2, 4, 2, 2, 4, 1, 5, 5, 4, 1, 2] [5, 7, 9, 4, 5, 4, 6, 4, 10, 6, 5, 9, 10, 10, 6, 7, 4, 6, 6, 6, 7, 7, 4, 7, 8, 8, 5, 5, 10, 4, 8, 4, 6, 7, 3, 8, 7, 6, 4, 5]
B_13 16.04 B 33 [4, 3, 4, 1, 1, 3, 1, 4, 3, 5, 4, 1, 2, 3, 5, 2, 6, 5, 3, 2, 4, 6, 6, 4, 3, 6, 2, 5, 1, 4, 4, 4, 4, 3, 3, 2, 4, 1, 2, 6] [8, 7, 6, 3, 3, 7, 3, 7, 6, 9, 8, 5, 6, 5, 7, 4, 9, 7, 5, 5, 6, 9, 9, 6, 5, 10, 4, 8, 3, 7, 7, 7, 7, 6, 6, 5, 7, 4, 6, 8]
B_14 18.75 B 34 [3, 3, 4, 1, 2, 6, 1, 1, 1, 6, 4, 1, 2, 6, 4, 6, 3, 6, 2, 4, 6, 5, 6, 6, 2, 6, 2, 6, 1, 6, 2, 5, 1, 3, 2, 4, 4, 2, 5, 2] [5, 7, 7, 5, 5, 10, 3, 4, 4, 8, 8, 5, 5, 10, 8, 8, 6, 8, 4, 6, 10, 7, 10, 8, 6, 9, 6, 8, 4, 10, 6, 8, 3, 6, 5, 8, 7, 5, 7, 5]
B_15 19.75 B 35 [1, 2, 4, 2, 3, 3, 6, 5, 2, 2, 2, 6, 1, 2, 4, 4, 6, 6, 1, 4, 1, 2, 3, 3, 6, 6, 1, 3, 6, 5, 6, 2, 5, 2, 4, 1, 6, 3, 4, 6] [5, 4, 6, 5, 5, 6, 9, 7, 6, 4, 6, 8, 5, 5, 6, 8, 8, 9, 4, 8, 5, 4, 7, 6, 10, 10, 5, 5, 9, 9, 8, 5, 8, 5, 8, 4, 9, 6, 7, 10]
B_16 21.12 B 36 [3, 3, 1, 1, 5, 3, 2, 2, 4, 6, 3, 1, 4, 2, 1, 3, 6, 4, 1, 3, 2, 1, 4, 2, 2, 4, 1, 1, 5, 4, 6, 3, 5, 4, 4, 6, 3, 2, 5, 5] [7, 7, 4, 4, 7, 7, 4, 4, 6, 9, 7, 4, 6, 6, 4, 7, 10, 7, 5, 5, 5, 4, 6, 6, 6, 6, 4, 5, 7, 7, 9, 7, 7, 7, 7, 9, 6, 5, 7, 8]
B_17 22.12 B 37 [1, 5, 1, 4, 6, 4, 5, 1, 3, 3, 1, 4, 4, 3, 6, 4, 2, 5, 3, 1, 1, 4, 5, 3, 5, 2, 4, 2, 3, 1, 4, 2, 4, 1, 2, 3, 2, 4, 3, 5] [4, 8, 5, 6, 8, 6, 8, 4, 5, 6, 4, 6, 8, 6, 8, 8, 5, 8, 6, 4, 3, 6, 9, 5, 7, 4, 8, 4, 7, 3, 7, 5, 6, 4, 5, 6, 5, 6, 5, 7]
B_18 23.12 B 38 [2, 5, 1, 3, 2, 1, 4, 6, 3, 4, 2, 3, 1, 1, 4, 3, 6, 5, 2, 1, 1, 5, 2, 5, 5, 4, 1, 1, 3, 5, 2, 2, 1, 2, 5, 4, 5, 3, 4, 6] [4, 8, 4, 6, 6, 5, 6, 8, 7, 6, 4, 7, 4, 3, 7, 7, 9, 9, 4, 4, 5, 8, 6, 9, 9, 6, 5, 4, 5, 8, 4, 5, 4, 6, 7, 7, 7, 5, 7, 10]
B_19 25.1 B 39 [1, 6, 5, 6, 3, 1, 4, 6, 5, 1, 1, 3, 3, 1, 6, 3, 4, 6, 3, 6, 2, 1, 1, 5, 1, 2, 5, 4, 3, 1, 3, 2, 2, 6, 2, 6, 5, 5, 6, 5] [3, 10, 7, 10, 6, 4, 7, 8, 7, 3, 4, 5, 5, 4, 10, 5, 7, 9, 7, 9, 6, 3, 5, 8, 4, 4, 7, 8, 6, 4, 6, 4, 5, 8, 5, 10, 8, 7, 10, 7]
