A_0 1 A 0 [4, 2, 3, 2, 1, 4, 3, 2, 2, 2, 4, 1, 3, 1, 4, 1, 3, 1, 4, 3, 2, 3, 3, 2, 4, 3, 2, 3, 1, 2, 4, 4, 3, 3, 4, 4, 4, 3, 2, 1] [6, 5, 6, 5, 5, 6, 5, 5, 4, 6, 8, 5, 5, 5, 7, 4, 6, 5, 8, 6, 4, 7, 5, 5, 8, 5, 6, 6, 4, 6, 8, 7, 7, 5, 6, 7, 8, 6, 5, 4]
A_1 4.8100000000000005 A 1 [2, 4, 4, 3, 2, 4, 3, 4, 1, 1, 4, 3, 2, 3, 2, 3, 1, 1, 1, 4, 3, 3, 2, 3, 4, 3, 1, 3, 2, 2, 2, 1, 1, 1, 1, 4, 2, 2, 3, 1] [5, 8, 8, 6, 6, 8, 6, 7, 5, 4, 7, 6, 4, 5, 4, 7, 3, 3, 4, 8, 6, 7, 4, 5, 7, 7, 3, 5, 5, 6, 4, 5, 4, 3, 3, 6, 4, 4, 7, 5]
A_2 6.4 A 2 [3, 4, 1, 1, 2, 4, 3, 4, 1, 3, 2, 1, 4, 2, 4, 1, 4, 1, 2, 3, 1, 2, 3, 3, 2, 3, 3, 4, 1, 3, 1, 1, 4, 4, 3, 1, 2, 2, 3, 4] [6, 8, 3, 5, 6, 8, 5, 6, 3, 5, 5, 4, 7, 5, 7, 4, 8, 4, 5, 5, 5, 5, 7, 6, 5, 7, 7, 8, 5, 6, 3, 4, 8, 7, 6, 4, 6, 5, 5, 8]
A_3 7.4 A 3 [2, 3, 1, 3, 3, 4, 1, 3, 3, 2, 3, 3, 1, 4, 4, 1, 2, 2, 1, 1, 3, 1, 4, 4, 2, 4, 1, 2, 4, 1, 4, 2, 4, 3, 2, 1, 1, 1, 1, 3] [5, 6, 5, 5, 6, 6, 3, 7, 5, 6, 7, 7, 4, 8, 8, 5, 6, 5, 4, 4, 7, 3, 6, 8, 4, 6, 4, 6, 8, 5, 8, 4, 6, 7, 5, 4, 5, 3, 3, 6]
A_4 8.440000000000001 A 4 [1, 2, 2, 3, 2, 2, 3, 4, 4, 4, 2, 4, 4, 2, 4, 3, 3, 3, 2, 1, 1, 1, 3, 2, 4, 1, 2, 3, 4, 3, 4, 3, 4, 1, 1, 4, 1, 4, 1, 4] [5, 6, 6, 6, 4, 5, 7, 8, 8, 6, 4, 6, 7, 4, 6, 6, 7, 6, 6, 5, 3, 4, 5, 4, 7, 5, 5, 5, 7, 7, 7, 5, 6, 4, 5, 8, 4, 6, 5, 7]
A_5 9.82 A 5 [4, 4, 4, 4, 2, 3, 3, 4, 3, 2, 1, 3, 3, 4, 2, 4, 1, 1, 1, 3, 2, 3, 2, 1, 2, 1, 4, 3, 1, 4, 2, 3, 3, 4, 4, 3, 4, 1, 2, 1] [6, 8, 8, 6, 5, 6, 5, 8, 7, 4, 4, 6, 6, 6, 5, 7, 4, 3, 3, 7, 6, 7, 4, 3, 4, 5, 7, 5, 4, 8, 5, 5, 6, 7, 6, 7, 6, 3, 4, 4]
A_6 10.82 A 6 [3, 3, 3, 1, 3, 3, 2, 2, 4, 2, 3, 4, 3, 1, 3, 4, 1, 1, 3, 3, 1, 1, 1, 1, 1, 3, 4, 1, 3, 4, 4, 1, 1, 1, 2, 1, 2, 3, 1, 4] [5, 6, 5, 3, 7, 5, 6, 6, 6, 5, 6, 6, 7, 3, 7, 7, 3, 5, 5, 6, 3, 3, 3, 5, 4, 7, 6, 4, 5, 7, 8, 3, 5, 4, 5, 5, 5, 5, 5, 6]
A_7 13.16 A 7 [2, 4, 4, 3, 4, 4, 2, 1, 2, 1, 3, 2, 1, 1, 3, 2, 2, 1, 1, 2, 3, 4, 1, 4, 3, 1, 4, 3, 4, 1, 3, 4, 3, 2, 4, 3, 2, 2, 1, 3] [5, 7, 6, 7, 8, 8, 6, 5, 5, 4, 5, 4, 4, 5, 7, 5, 6, 5, 5, 6, 5, 8, 5, 6, 6, 4, 8, 6, 8, 3, 6, 6, 6, 4, 6, 6, 6, 4, 4, 6]
A_8 15.13 A 8 [2, 1, 1, 3, 4, 3, 4, 2, 3, 2, 3, 2, 3, 1, 3, 3, 1, 1, 4, 4, 2, 1, 1, 3, 1, 2, 4, 4, 4, 3, 2, 1, 1, 1, 4, 2, 1, 3, 3, 2] [4, 5, 3, 5, 8, 7, 6, 5, 7, 4, 5, 5, 7, 4, 6, 7, 3, 4, 7, 8, 4, 3, 5, 6, 5, 5, 8, 7, 8, 6, 5, 3, 4, 4, 8, 6, 5, 6, 7, 6]
A_9 16.970000000000002 A 9 [2, 1, 3, 2, 4, 2, 2, 1, 2, 1, 2, 1, 2, 4, 3, 4, 3, 4, 4, 3, 1, 4, 4, 4, 3, 3, 2, 3, 4, 4, 2, 3, 4, 3, 1, 4, 1, 3, 4, 3] [6, 4, 5, 6, 6, 4, 5, 4, 4, 5, 5, 5, 4, 7, 5, 6, 6, 8, 8, 6, 4, 6, 8, 7, 6, 7, 5, 7, 7, 8, 5, 6, 6, 6, 5, 8, 5, 6, 6, 7]
A_10 18.85 A 10 [4, 4, 2, 3, 2, 1, 3, 3, 3, 2, 4, 3, 3, 1, 3, 3, 2, 2, 1, 2, 2, 3, 3, 2, 3, 4, 4, 2, 3, 3, 1, 3, 3, 2, 1, 3, 2, 2, 1, 1] [8, 7, 5, 7, 4, 4, 6, 5, 5, 5, 6, 5, 7, 3, 6, 6, 5, 5, 3, 6, 4, 7, 5, 6, 5, 8, 6, 5, 7, 5, 3, 6, 5, 5, 5, 6, 4, 6, 5, 3]
A_11 20.93 A 11 [1, 3, 1, 3, 4, 3, 4, 2, 2, 1, 3, 3, 4, 3, 2, 3, 2, 1, 2, 1, 1, 1, 4, 1, 2, 1, 1, 3, 2, 3, 3, 3, 1, 4, 1, 4, 2, 2, 1, 1] [5, 6, 4, 7, 6, 6, 6, 4, 5, 5, 5, 5, 6, 7, 4, 7, 4, 3, 6, 4, 5, 3, 6, 5, 6, 3, 4, 6, 6, 6, 6, 5, 3, 8, 3, 6, 6, 6, 4, 3]
A_12 21.93 A 12 [3, 2, 4, 1, 4, 3, 3, 1, 3, 2, 3, 4, 1, 4, 2, 1, 4, 3, 1, 1, 2, 4, 2, 1, 4, 1, 4, 4, 3, 3, 3, 4, 2, 4, 4, 1, 4, 2, 3, 2] [5, 4, 7, 4, 7, 6, 7, 4, 7, 4, 7, 6, 4, 8, 6, 4, 6, 5, 4, 5, 6, 7, 6, 3, 7, 5, 6, 7, 7, 6, 6, 7, 4, 6, 7, 5, 7, 5, 6, 6]
A_13 23.46 A 13 [1, 3, 2, 4, 2, 4, 1, 1, 1, 4, 1, 3, 4, 3, 3, 2, 2, 4, 1, 4, 3, 4, 2, 4, 2, 4, 2, 2, 3, 3, 3, 4, 3, 4, 2, 1, 2, 4, 3, 1] [5, 5, 5, 8, 4, 6, 3, 5, 4, 7, 3, 7, 8, 7, 6, 6, 4, 6, 3, 8, 6, 7, 4, 8, 4, 7, 5, 6, 7, 5, 7, 8, 5, 8, 6, 5, 6, 7, 5, 4]
A_14 24.46 A 14 [4, 2, 4, 4, 4, 2, 3, 3, 3, 3, 3, 2, 2, 3, 2, 1, 4, 2, 1, 4, 3, 4, 4, 3, 1, 4, 3, 2, 3, 1, 2, 1, 4, 2, 3, 2, 2, 3, 2, 4] [7, 4, 7, 8, 6, 5, 7, 7, 6, 5, 6, 4, 6, 6, 5, 4, 8, 5, 5, 8, 7, 7, 7, 7, 3, 8, 6, 4, 7, 3, 4, 5, 7, 4, 7, 5, 6, 6, 5, 7]
A_15 26.1 A 15 [1, 3, 1, 1, 3, 4, 4, 2, 3, 4, 3, 3, 1, 2, 1, 4, 4, 4, 4, 1, 1, 2, 3, 2, 4, 4, 4, 4, 1, 2, 1, 2, 4, 1, 1, 2, 1, 3, 4, 2] [4, 7, 4, 5, 6, 7, 7, 5, 7, 6, 6, 7, 4, 6, 4, 7, 6, 6, 8, 3, 3, 5, 6, 5, 7, 7, 8, 6, 5, 6, 4, 4, 8, 3, 3, 5, 4, 7, 6, 6]
A_16 28.490000000000002 A 16 [3, 1, 4, 2, 3, 1, 1, 2, 1, 3, 2, 2, 4, 2, 4, 4, 1, 3, 4, 4, 4, 2, 1, 3, 3, 2, 3, 2, 1, 4, 3, 2, 4, 4, 3, 1, 2, 2, 2, 4] [6, 3, 8, 6, 7, 4, 3, 6, 3, 6, 5, 4, 6, 4, 8, 6, 3, 5, 7, 7, 6, 6, 3, 5, 7, 6, 6, 5, 4, 6, 7, 5, 6, 8, 7, 4, 4, 6, 4, 8]
A_17 29.490000000000002 A 17 [1, 1, 1, 2, 3, 1, 1, 1, 1, 4, 2, 1, 3, 4, 2, 4, 3, 3, 3, 3, 2, 3, 2, 1, 4, 3, 1, 3, 3, 3, 4, 4, 3, 1, 4, 1, 2, 2, 2, 2] [5, 3, 4, 5, 6, 3, 5, 5, 4, 8, 5, 3, 5, 6, 5, 6, 5, 7, 7, 7, 6, 7, 6, 3, 6, 5, 4, 6, 6, 6, 7, 7, 5, 3, 6, 5, 4, 5, 5, 5]
A_18 30.490000000000002 A 18 [4, 1, 2, 1, 2, 1, 3, 1, 4, 4, 1, 2, 1, 1, 1, 4, 4, 3, 4, 1, 3, 4, 4, 3, 2, 2, 3, 3, 4, 2, 2, 3, 3, 2, 2, 1, 3, 1, 4, 3] [8, 4, 5, 4, 6, 3, 5, 5, 7, 8, 3, 6, 4, 3, 5, 8, 7, 7, 6, 5, 5, 7, 8, 6, 4, 4, 7, 7, 6, 4, 6, 6, 6, 4, 6, 5, 5, 3, 7, 5]
A_19 31.490000000000002 A 19 [3, 4, 3, 1, 1, 3, 3, 2, 4, 3, 2, 1, 1, 4, 4, 1, 4, 3, 1, 3, 1, 4, 1, 3, 1, 3, 2, 2, 4, 2, 3, 4, 1, 4, 3, 3, 2, 2, 3, 3] [6, 8, 5, 4, 5, 7, 6, 6, 8, 6, 6, 4, 5, 8, 8, 3, 7, 7, 5, 6, 3, 6, 5, 5, 5, 5, 4, 4, 6, 6, 7, 8, 5, 8, 5, 7, 4, 5, 5, 5]
B_0 2.81 B 20 [2, 3, 1, 3, 1, 2, 1, 3, 2, 1, 2, 1, 2, 3, 3, 1, 4, 2, 3, 1, 2, 1, 3, 3, 3, 1, 2, 4, 1, 3, 4, 3, 4, 4, 1, 2, 1, 2, 1, 3] [4, 6, 5, 7, 3, 6, 3, 5, 4, 4, 4, 5, 6, 6, 7, 3, 6, 6, 5, 3, 4, 5, 5, 5, 6, 5, 6, 7, 3, 6, 8, 6, 7, 7, 5, 4, 4, 5, 4, 5]
B_1 3.81 B 21 [3, 3, 2, 1, 1, 3, 1, 4, 1, 4, 3, 1, 4, 4, 4, 2, 2, 3, 4, 4, 1, 2, 2, 3, 4, 2, 1, 4, 4, 1, 3, 2, 3, 1, 3, 2, 2, 1, 4, 4] [7, 7, 5, 3, 4, 7, 3, 8, 3, 6, 7, 3, 7, 7, 7, 5, 6, 7, 7, 6, 5, 5, 4, 6, 8, 6, 5, 7, 7, 3, 5, 6, 7, 4, 5, 6, 5, 5, 7, 7]
B_2 4.8100000000000005 B 22 [3, 2, 3, 4, 3, 2, 1, 1, 1, 4, 3, 4, 2, 2, 4, 3, 1, 2, 4, 1, 3, 2, 3, 3, 2, 4, 2, 3, 1, 2, 3, 2, 2, 2, 2, 1, 4, 2, 2, 1] [5, 4, 7, 6, 5, 4, 3, 5, 5, 8, 5, 6, 6, 4, 7, 6, 3, 6, 8, 5, 5, 4, 5, 5, 5, 8, 6, 5, 4, 5, 5, 5, 6, 6, 6, 4, 8, 6, 4, 4]
B_3 5.8100000000000005 B 23 [2, 3, 3, 4, 2, 1, 1, 4, 3, 4, 2, 1, 1, 4, 3, 2, 3, 1, 3, 3, 3, 3, 3, 2, 1, 4, 1, 4, 4, 4, 2, 1, 4, 1, 1, 4, 4, 2, 4, 4] [5, 5, 6, 8, 4, 3, 5, 6, 6, 7, 6, 5, 3, 8, 7, 5, 5, 3, 6, 5, 5, 6, 5, 6, 5, 8, 5, 6, 6, 6, 5, 5, 6, 4, 5, 6, 6, 4, 6, 7]
B_4 6.8100000000000005 B 24 [4, 4, 2, 2, 4, 2, 1, 3, 1, 3, 3, 2, 4, 2, 1, 4, 3, 4, 2, 1, 3, 4, 2, 1, 1, 4, 4, 2, 4, 4, 2, 1, 2, 1, 4, 2, 3, 1, 4, 4] [8, 7, 5, 4, 7, 4, 4, 6, 5, 6, 5, 6, 7, 4, 3, 7, 7, 6, 4, 5, 6, 8, 5, 5, 5, 7, 7, 5, 8, 8, 6, 5, 6, 3, 6, 6, 6, 3, 8, 7]
B_5 7.8100000000000005 B 25 [3, 3, 3, 4, 1, 1, 3, 1, 2, 3, 4, 1, 1, 4, 4, 4, 2, 3, 2, 3, 1, 2, 4, 4, 4, 3, 1, 3, 4, 3, 2, 4, 2, 4, 3, 3, 2, 4, 4, 2] [5, 7, 7, 6, 5, 5, 7, 4, 5, 7, 8, 3, 5, 7, 8, 7, 6, 5, 4, 5, 5, 6, 8, 8, 7, 7, 5, 7, 7, 7, 4, 7, 6, 7, 5, 5, 4, 8, 6, 5]
B_6 14.45 B 26 [2, 1, 3, 1, 2, 4, 4, 4, 4, 2, 4, 1, 4, 2, 3, 4, 3, 1, 3, 2, 2, 1, 2, 1, 4, 1, 2, 1, 4, 2, 1, 2, 3, 2, 1, 1, 4, 1, 3, 3] [6, 3, 7, 4, 5, 7, 6, 8, 8, 5, 6, 4, 6, 5, 6, 8, 6, 4, 7, 4, 6, 5, 6, 5, 7, 5, 5, 3, 6, 5, 4, 5, 6, 4, 4, 4, 6, 4, 6, 5]
B_7 15.45 B 27 [3, 3, 4, 2, 3, 3, 1, 3, 4, 3, 2, 3, 4, 2, 2, 4, 2, 3, 3, 2, 4, 4, 3, 4, 2, 3, 1, 4, 1, 3, 3, 2, 4, 1, 4, 2, 4, 4, 1, 1] [6, 5, 8, 6, 5, 5, 4, 6, 7, 7, 5, 6, 7, 6, 4, 6, 5, 6, 7, 4, 7, 7, 5, 6, 5, 7, 3, 8, 5, 5, 6, 5, 8, 3, 6, 4, 7, 7, 5, 4]
B_8 19.39 B 28 [1, 2, 1, 4, 4, 1, 3, 4, 4, 4, 3, 2, 3, 3, 3, 1, 1, 3, 4, 4, 1, 4, 1, 4, 4, 4, 4, 1, 2, 1, 3, 1, 3, 2, 4, 1, 4, 3, 4, 3] [4, 5, 5, 8, 7, 4, 5, 8, 8, 7, 7, 6, 7, 7, 7, 5, 4, 6, 6, 6, 3, 7, 4, 6, 8, 7, 6, 5, 6, 5, 7, 4, 6, 5, 7, 5, 6, 6, 8, 7]
B_9 21.07 B 29 [2, 2, 3, 1, 3, 4, 4, 1, 3, 4, 3, 3, 3, 3, 1, 2, 4, 3, 2, 2, 3, 1, 2, 4, 4, 3, 2, 3, 1, 3, 2, 4, 2, 3, 2, 1, 1, 2, 4, 3] [6, 6, 6, 5, 7, 8, 7, 3, 6, 8, 5, 6, 6, 5, 3, 6, 6, 6, 4, 6, 6, 3, 5, 6, 8, 7, 5, 5, 5, 7, 4, 8, 5, 5, 5, 4, 4, 5, 6, 7]
B_10 22.82 B 30 [4, 2, 1, 4, 4, 2, 4, 3, 2, 2, 1, 3, 3, 3, 2, 1, 3, 4, 2, 3, 4, 3, 3, 2, 2, 2, 1, 3, 3, 2, 4, 1, 2, 4, 4, 3, 2, 1, 3, 4] [8, 4, 3, 8, 7, 5, 8, 6, 5, 5, 3, 6, 6, 7, 4, 4, 7, 7, 6, 7, 8, 5, 5, 5, 6, 4, 4, 6, 7, 4, 7, 4, 6, 6, 6, 6, 6, 3, 5, 8]
B_11 25.94 B 31 [4, 1, 1, 2, 3, 3, 1, 4, 1, 3, 3, 3, 4, 4, 1, 2, 2, 4, 3, 4, 3, 2, 2, 1, 1, 4, 2, 2, 1, 4, 1, 4, 4, 1, 4, 1, 1, 4, 4, 2] [7, 5, 4, 4, 5, 5, 3, 6, 3, 6, 6, 5, 7, 8, 5, 4, 5, 7, 6, 8, 6, 6, 5, 5, 5, 7, 5, 5, 4, 8, 4, 7, 7, 5, 6, 3, 5, 8, 7, 4]
B_12 26.94 B 32 [3, 1, 4, 4, 4, 3, 1, 3, 1, 4, 3, 1, 2, 3, 4, 4, 4, 3, 3, 1, 4, 3, 2, 4, 2, 2, 3, 4, 3, 2, 2, 4, 1, 1, 1, 2, 3, 1, 4, 2] [7, 4, 8, 6, 6, 6, 5, 6, 4, 6, 5, 3, 4, 5, 7, 8, 6, 5, 6, 5, 7, 7, 6, 6, 6, 6, 6, 8, 6, 5, 6, 7, 3, 3, 3, 4, 5, 5, 8, 6]
B_13 28.98 B 33 [3, 1, 4, 3, 1, 4, 1, 2, 1, 3, 2, 4, 4, 4, 2, 1, 4, 1, 2, 4, 4, 1, 2, 1, 1, 4, 2, 1, 2, 3, 4, 1, 1, 1, 2, 4, 2, 3, 1, 3] [5, 3, 7, 7, 4, 7, 4, 4, 4, 6, 5, 8, 6, 8, 4, 3, 8, 3, 4, 8, 7, 4, 6, 4, 3, 7, 4, 3, 5, 5, 6, 5, 3, 4, 5, 6, 6, 6, 5, 5]
B_14 31.12 B 34 [4, 1, 3, 2, 1, 4, 2, 4, 4, 1, 1, 1, 4, 2, 3, 1, 3, 4, 2, 3, 1, 3, 2, 1, 4, 3, 1, 4, 4, 2, 4, 4, 1, 2, 3, 1, 4, 1, 4, 2] [6, 3, 6, 5, 5, 6, 5, 6, 8, 5, 5, 3, 7, 6, 7, 3, 7, 6, 6, 5, 5, 5, 6, 5, 6, 5, 4, 6, 7, 5, 6, 6, 3, 5, 6, 4, 6, 3, 8, 5]
B_15 32.480000000000004 B 35 [4, 4, 1, 1, 4, 3, 1, 3, 2, 4, 3, 4, 1, 1, 2, 2, 1, 1, 1, 3, 2, 2, 1, 4, 2, 3, 1, 2, 1, 1, 3, 1, 2, 4, 1, 4, 3, 4, 1, 1] [7, 6, 4, 4, 8, 7, 5, 6, 6, 8, 6, 6, 5, 5, 5, 5, 4, 5, 5, 7, 4, 6, 4, 6, 6, 5, 4, 4, 5, 4, 6, 3, 4, 6, 4, 6, 6, 7, 5, 4]
B_16 33.480000000000004 B 36 [4, 2, 2, 1, 1, 4, 2, 2, 1, 1, 2, 2, 4, 2, 2, 1, 2, 2, 3, 2, 1, 2, 4, 4, 3, 2, 4, 4, 4, 1, 2, 1, 3, 2, 4, 3, 2, 1, 4, 4] [8, 4, 6, 5, 4, 6, 5, 6, 5, 5, 4, 6, 7, 6, 6, 4, 4, 4, 5, 4, 4, 5, 8, 6, 6, 4, 6, 7, 6, 4, 6, 5, 5, 6, 6, 6, 5, 5, 6, 7]
B_17 34.6 B 37 [3, 2, 2, 1, 4, 1, 3, 2, 3, 3, 2, 2, 2, 4, 3, 3, 2, 2, 1, 2, 2, 1, 2, 2, 1, 4, 1, 4, 3, 2, 1, 4, 1, 3, 1, 4, 1, 3, 4, 3] [6, 4, 5, 3, 6, 3, 5, 4, 6, 6, 6, 6, 5, 7, 6, 7, 6, 5, 3, 5, 5, 5, 6, 4, 3, 8, 4, 7, 6, 5, 3, 8, 5, 6, 3, 7, 5, 6, 6, 7]
B_18 35.6 B 38 [2, 3, 3, 1, 1, 2, 1, 1, 3, 4, 1, 1, 3, 3, 2, 4, 2, 2, 4, 3, 1, 4, 2, 4, 4, 4, 3, 1, 4, 4, 3, 4, 4, 1, 4, 1, 4, 4, 3, 2] [5, 7, 5, 3, 5, 4, 5, 4, 7, 6, 5, 4, 6, 5, 5, 6, 4, 5, 7, 5, 4, 7, 4, 6, 8, 6, 6, 5, 8, 6, 5, 7, 8, 5, 8, 5, 6, 6, 7, 4]
B_19 36.6 B 39 [1, 1, 4, 3, 4, 1, 4, 3, 2, 3, 1, 1, 2, 1, 4, 2, 4, 2, 3, 3, 3, 4, 1, 4, 4, 2, 3, 1, 3, 3, 4, 2, 2, 3, 2, 1, 4, 3, 2, 2] [4, 5, 8, 6, 7, 4, 6, 6, 6, 7, 3, 3, 6, 4, 7, 6, 8, 5, 5, 5, 5, 7, 4, 7, 7, 5, 5, 4, 7, 7, 8, 4, 6, 5, 5, 4, 7, 7, 4, 4]
