A_0 1 A 0 [1, 1, 3, 3, 3, 2, 1, 1, 2, 3, 2, 4, 4, 2, 2, 4, 4, 1, 2, 4, 2, 2, 1, 4, 3, 2, 1, 1, 4, 4, 3, 4, 4, 1, 2, 3, 1, 2, 4, 1] [4, 4, 6, 5, 5, 5, 3, 5, 5, 6, 4, 6, 8, 4, 6, 7, 8, 5, 5, 6, 5, 5, 3, 6, 5, 4, 4, 3, 8, 8, 6, 8, 7, 4, 5, 7, 5, 5, 8, 4]
A_1 2.06 A 1 [1, 1, 2, 4, 2, 1, 4, 1, 1, 2, 1, 3, 2, 2, 1, 1, 1, 4, 3, 3, 1, 2, 1, 3, 4, 1, 2, 3, 4, 3, 4, 2, 2, 1, 3, 3, 2, 2, 4, 1] [4, 5, 5, 7, 5, 4, 8, 5, 5, 6, 5, 7, 4, 6, 3, 5, 4, 8, 7, 7, 4, 4, 3, 5, 7, 5, 6, 7, 8, 6, 8, 6, 5, 3, 6, 6, 5, 4, 7, 4]
A_2 4.16 A 2 [3, 2, 3, 3, 1, 1, 4, 3, 3, 2, 3, 4, 2, 1, 4, 1, 2, 3, 4, 4, 1, 1, 4, 1, 2, 2, 2, 2, 3, 2, 1, 2, 2, 2, 2, 4, 4, 1, 1, 1] [6, 5, 6, 5, 5, 5, 6, 6, 5, 6, 6, 8, 6, 4, 6, 5, 5, 7, 6, 7, 3, 4, 7, 3, 4, 5, 5, 5, 6, 5, 3, 5, 5, 5, 4, 8, 7, 5, 4, 3]
A_3 5.16 A 3 [3, 4, 3, 1, 4, 1, 2, 4, 4, 1, 4, 2, 4, 1, 1, 3, 1, 4, 2, 3, 4, 1, 4, 2, 2, 3, 1, 1, 4, 2, 1, 2, 3, 3, 2, 2, 4, 1, 1, 1] [5, 7, 5, 5, 8, 5, 6, 6, 8, 4, 7, 5, 7, 4, 4, 7, 5, 7, 5, 7, 8, 3, 8, 6, 6, 5, 3, 5, 8, 4, 4, 5, 7, 6, 4, 4, 8, 4, 5, 3]
A_4 6.16 A 4 [3, 2, 1, 4, 2, 2, 1, 3, 2, 4, 4, 1, 2, 1, 1, 3, 2, 3, 2, 1, 1, 4, 2, 1, 1, 2, 1, 4, 3, 1, 1, 2, 1, 4, 3, 1, 3, 3, 3, 4] [5, 5, 5, 8, 4, 5, 5, 5, 6, 7, 8, 5, 5, 5, 3, 6, 4, 6, 4, 4, 5, 7, 4, 5, 5, 5, 5, 8, 6, 3, 3, 5, 5, 6, 7, 5, 7, 5, 5, 7]
A_5 7.16 A 5 [2, 1, 1, 1, 2, 4, 2, 4, 2, 4, 2, 3, 2, 1, 1, 1, 1, 2, 4, 4, 3, 4, 2, 4, 3, 1, 1, 2, 2, 2, 2, 4, 2, 2, 1, 4, 2, 2, 4, 3] [5, 4, 5, 5, 5, 7, 6, 8, 4, 6, 4, 5, 4, 5, 5, 3, 5, 6, 8, 8, 6, 7, 4, 7, 6, 5, 5, 4, 5, 5, 5, 8, 4, 6, 3, 7, 4, 6, 8, 7]
A_6 10.65 A 6 [1, 4, 4, 2, 1, 2, 2, 1, 2, 2, 3, 2, 4, 1, 4, 2, 1, 3, 1, 2, 4, 2, 1, 4, 2, 1, 1, 4, 1, 1, 2, 2, 2, 4, 2, 3, 4, 3, 1, 1] [3, 8, 6, 6, 5, 6, 6, 3, 6, 4, 6, 4, 7, 3, 7, 5, 3, 5, 3, 6, 7, 5, 5, 8, 6, 4, 4, 8, 4, 4, 4, 5, 4, 7, 5, 5, 8, 6, 3, 4]
A_7 11.65 A 7 [1, 1, 3, 4, 3, 4, 1, 4, 4, 4, 3, 3, 3, 4, 2, 4, 3, 3, 4, 2, 4, 3, 1, 1, 2, 3, 4, 1, 2, 2, 3, 2, 2, 3, 1, 1, 4, 1, 3, 2] [5, 5, 6, 6, 5, 8, 3, 6, 7, 6, 6, 6, 6, 6, 5, 8, 6, 6, 6, 4, 6, 6, 5, 5, 4, 7, 7, 4, 4, 4, 7, 5, 6, 5, 5, 5, 7, 3, 5, 5]
A_8 13.200000000000001 A 8 [2, 1, 3, 4, 2, 2, 2, 4, 3, 4, 4, 4, 4, 3, 3, 1, 4, 2, 4, 4, 1, 3, 3, 1, 4, 4, 4, 2, 1, 4, 4, 1, 3, 2, 4, 1, 2, 1, 2, 1] [5, 5, 5, 8, 6, 4, 6, 7, 6, 6, 8, 6, 7, 5, 5, 5, 8, 4, 8, 8, 3, 5, 7, 5, 8, 7, 8, 6, 4, 6, 7, 5, 7, 4, 6, 5, 4, 4, 6, 3]
A_9 14.23 A 9 [3, 2, 2, 1, 4, 4, 2, 4, 4, 4, 2, 1, 2, 2, 4, 2, 4, 1, 3, 2, 3, 3, 1, 3, 3, 4, 4, 3, 1, 1, 1, 1, 1, 1, 2, 4, 4, 2, 2, 1] [6, 6, 6, 4, 7, 6, 4, 6, 6, 8, 4, 3, 4, 4, 6, 4, 6, 3, 5, 5, 6, 5, 3, 5, 6, 6, 6, 7, 5, 5, 3, 4, 5, 5, 6, 8, 6, 6, 4, 3]
A_10 15.23 A 10 [2, 1, 3, 4, 4, 2, 3, 3, 4, 2, 3, 4, 2, 3, 4, 4, 1, 4, 3, 2, 2, 4, 1, 3, 4, 1, 1, 4, 1, 4, 2, 3, 2, 3, 3, 4, 1, 3, 4, 3] [4, 5, 6, 7, 8, 4, 6, 6, 8, 4, 5, 6, 5, 6, 8, 7, 4, 6, 6, 4, 6, 8, 5, 6, 7, 5, 5, 8, 4, 7, 4, 5, 4, 7, 7, 8, 5, 6, 7, 5]
A_11 16.23 A 11 [4, 3, 4, 2, 1, 3, 2, 3, 4, 1, 4, 1, 2, 3, 3, 4, 4, 1, 1, 2, 2, 4, 1, 4, 1, 1, 3, 3, 2, 2, 4, 1, 3, 4, 3, 4, 4, 1, 3, 3] [6, 7, 8, 5, 5, 5, 4, 6, 6, 3, 6, 4, 4, 6, 5, 8, 7, 3, 3, 6, 4, 6, 4, 6, 3, 5, 6, 5, 4, 6, 8, 5, 7, 7, 5, 8, 6, 4, 7, 6]
A_12 19.07 A 12 [4, 2, 2, 4, 2, 2, 4, 3, 4, 2, 2, 2, 2, 2, 4, 3, 2, 3, 3, 2, 1, 1, 2, 4, 1, 2, 2, 3, 2, 1, 4, 2, 1, 4, 1, 1, 3, 2, 1, 1] [8, 4, 6, 7, 5, 4, 7, 6, 7, 4, 5, 4, 4, 6, 7, 6, 6, 7, 5, 4, 5, 4, 6, 6, 4, 5, 6, 7, 5, 5, 8, 5, 5, 8, 3, 5, 6, 6, 4, 5]
A_13 20.17 A 13 [2, 2, 1, 1, 1, 1, 1, 4, 3, 2, 3, 3, 2, 3, 4, 4, 1, 1, 2, 3, 3, 3, 1, 2, 2, 3, 3, 4, 4, 4, 3, 2, 2, 4, 1, 2, 3, 3, 3, 4] [4, 6, 4, 4, 5, 5, 3, 6, 5, 4, 6, 6, 6, 6, 6, 6, 5, 5, 6, 5, 7, 6, 3, 6, 5, 5, 7, 7, 7, 7, 6, 6, 4, 8, 4, 4, 6, 5, 7, 8]
A_14 21.330000000000002 A 14 [2, 1, 4, 1, 1, 1, 4, 2, 3, 4, 4, 3, 4, 4, 4, 4, 1, 1, 1, 3, 3, 3, 2, 4, 1, 4, 2, 4, 1, 2, 4, 2, 3, 2, 1, 1, 1, 4, 3, 4] [6, 3, 6, 4, 3, 5, 7, 5, 5, 6, 8, 5, 7, 6, 8, 6, 4, 5, 5, 7, 7, 7, 5, 7, 3, 6, 6, 8, 4, 5, 7, 4, 6, 5, 5, 5, 3, 8, 7, 7]
A_15 24.220000000000002 A 15 [4, 1, 1, 3, 3, 1, 2, 4, 1, 2, 4, 4, 3, 4, 4, 3, 3, 2, 1, 3, 3, 4, 3, 1, 3, 2, 3, 4, 3, 3, 2, 1, 3, 2, 2, 1, 3, 4, 2, 2] [7, 5, 5, 7, 6, 3, 5, 8, 5, 4, 7, 8, 6, 6, 6, 6, 5, 5, 4, 7, 5, 7, 7, 4, 6, 6, 5, 6, 6, 6, 6, 3, 6, 4, 5, 3, 7, 6, 5, 4]
A_16 27.090000000000003 A 16 [4, 1, 2, 1, 2, 1, 1, 3, 4, 4, 1, 4, 2, 1, 1, 3, 1, 1, 2, 2, 4, 3, 4, 1, 2, 1, 2, 4, 3, 2, 1, 4, 2, 2, 4, 2, 3, 1, 3, 1] [8, 4, 5, 5, 4, 5, 3, 6, 8, 6, 4, 7, 6, 5, 4, 5, 4, 5, 4, 4, 7, 7, 8, 5, 6, 5, 6, 6, 5, 5, 5, 7, 4, 4, 6, 4, 5, 3, 5, 5]
A_17 28.220000000000002 A 17 [1, 4, 3, 4, 3, 2, 3, 3, 2, 1, 4, 1, 3, 1, 1, 2, 1, 1, 3, 2, 1, 1, 3, 3, 2, 3, 1, 4, 1, 1, 2, 1, 2, 2, 4, 2, 1, 4, 2, 3] [5, 8, 7, 7, 6, 6, 5, 6, 4, 3, 6, 3, 7, 5, 5, 5, 5, 4, 5, 4, 5, 5, 5, 7, 6, 5, 5, 6, 3, 4, 4, 3, 4, 6, 7, 5, 3, 6, 6, 6]
A_18 29.220000000000002 A 18 [2, 3, 4, 2, 2, 4, 1, 4, 4, 3, 3, 1, 3, 2, 1, 1, 2, 3, 2, 1, 3, 4, 2, 1, 4, 3, 4, 1, 2, 1, 4, 4, 2, 3, 2, 1, 2, 1, 4, 4] [5, 7, 6, 5, 4, 8, 3, 6, 8, 5, 6, 3, 5, 6, 5, 4, 4, 5, 6, 4, 5, 8, 5, 4, 6, 6, 7, 3, 6, 4, 7, 8, 6, 7, 6, 4, 6, 5, 6, 8]
A_19 33.52 A 19 [4, 3, 4, 3, 1, 4, 2, 2, 4, 2, 2, 2, 2, 3, 3, 3, 2, 2, 1, 2, 2, 4, 4, 3, 3, 4, 1, 1, 4, 1, 1, 2, 4, 1, 2, 3, 3, 3, 2, 3] [6, 7, 7, 7, 4, 8, 6, 4, 8, 5, 4, 6, 4, 5, 7, 7, 4, 4, 4, 4, 6, 7, 7, 5, 6, 8, 5, 3, 6, 3, 3, 6, 7, 4, 4, 7, 7, 7, 4, 6]
B_0 1 B 20 [2, 1, 1, 4, 1, 3, 4, 4, 1, 3, 2, 2, 1, 3, 3, 3, 4, 1, 3, 2, 2, 1, 3, 3, 1, 3, 1, 4, 1, 3, 2, 1, 1, 1, 4, 2, 2, 1, 2, 1] [5, 4, 3, 8, 5, 6, 7, 6, 3, 6, 6, 4, 5, 7, 7, 5, 7, 5, 5, 6, 5, 5, 5, 5, 4, 5, 5, 6, 4, 7, 6, 3, 5, 5, 7, 4, 5, 4, 6, 3]
B_1 2 B 21 [2, 2, 1, 1, 4, 4, 2, 3, 3, 3, 4, 4, 1, 3, 3, 4, 3, 1, 4, 4, 1, 3, 4, 2, 4, 2, 3, 1, 1, 2, 4, 2, 3, 2, 1, 2, 1, 2, 1, 4] [5, 4, 4, 3, 7, 7, 5, 6, 5, 5, 8, 6, 4, 6, 7, 7, 7, 5, 8, 7, 5, 5, 7, 5, 7, 6, 7, 4, 5, 5, 7, 4, 7, 5, 4, 4, 4, 6, 3, 7]
B_2 4.66 B 22 [1, 1, 4, 4, 2, 2, 1, 1, 3, 1, 1, 1, 2, 1, 2, 3, 4, 3, 2, 4, 3, 4, 2, 3, 4, 4, 1, 2, 3, 1, 1, 2, 2, 4, 1, 3, 1, 4, 4, 3] [3, 3, 7, 8, 4, 4, 5, 5, 7, 3, 5, 4, 6, 3, 5, 7, 8, 5, 5, 7, 5, 7, 5, 6, 8, 6, 4, 5, 6, 3, 5, 4, 6, 6, 4, 7, 5, 7, 7, 5]
B_3 5.66 B 23 [4, 3, 1, 2, 1, 4, 4, 1, 1, 3, 3, 4, 4, 2, 4, 1, 1, 3, 1, 3, 3, 2, 3, 4, 1, 1, 4, 2, 3, 4, 3, 3, 2, 1, 3, 1, 2, 3, 4, 2] [6, 5, 3, 6, 5, 7, 8, 5, 5, 5, 6, 6, 6, 6, 7, 4, 5, 7, 4, 5, 5, 5, 6, 7, 4, 3, 6, 6, 5, 8, 5, 5, 4, 3, 5, 3, 4, 6, 8, 4]
B_4 6.66 B 24 [3, 4, 2, 2, 1, 3, 2, 2, 4, 3, 4, 1, 1, 2, 1, 3, 2, 2, 4, 3, 1, 4, 4, 1, 3, 3, 3, 3, 4, 3, 4, 4, 1, 1, 1, 1, 4, 1, 2, 1] [5, 7, 4, 6, 5, 6, 6, 4, 8, 6, 7, 3, 4, 5, 3, 6, 6, 6, 6, 6, 4, 7, 8, 4, 5, 6, 6, 6, 6, 6, 8, 6, 3, 4, 5, 4, 7, 4, 4, 4]
B_5 7.66 B 25 [2, 1, 2, 3, 2, 1, 1, 3, 4, 4, 1, 1, 2, 3, 4, 2, 1, 3, 3, 4, 3, 2, 4, 1, 3, 2, 4, 4, 4, 2, 3, 2, 2, 4, 1, 2, 3, 3, 1, 3] [4, 5, 5, 5, 5, 5, 4, 7, 7, 6, 5, 5, 5, 5, 6, 6, 5, 5, 6, 8, 5, 6, 6, 3, 6, 6, 7, 8, 8, 6, 7, 5, 4, 6, 5, 4, 5, 6, 5, 7]
B_6 8.82 B 26 [1, 2, 2, 1, 1, 1, 1, 4, 4, 4, 1, 3, 2, 3, 2, 3, 2, 1, 4, 1, 1, 3, 1, 4, 3, 4, 4, 2, 1, 1, 2, 1, 2, 3, 4, 1, 2, 4, 4, 4] [4, 6, 5, 3, 5, 5, 4, 7, 8, 6, 5, 6, 6, 7, 6, 5, 6, 5, 7, 5, 5, 7, 4, 6, 6, 7, 7, 4, 5, 3, 5, 3, 4, 6, 6, 3, 6, 6, 6, 7]
B_7 9.82 B 27 [1, 3, 2, 1, 4, 2, 4, 1, 2, 3, 4, 3, 3, 4, 4, 4, 4, 4, 1, 1, 4, 1, 2, 2, 3, 4, 2, 2, 2, 4, 3, 4, 3, 1, 1, 4, 1, 4, 2, 4] [3, 7, 5, 5, 8, 4, 8, 4, 6, 7, 8, 5, 7, 7, 8, 6, 6, 6, 3, 3, 6, 4, 5, 6, 6, 8, 4, 5, 5, 7, 6, 8, 6, 5, 5, 6, 4, 8, 6, 7]
B_8 10.82 B 28 [4, 4, 3, 4, 3, 2, 1, 2, 1, 1, 1, 2, 2, 4, 1, 3, 3, 1, 2, 4, 1, 1, 3, 3, 4, 4, 1, 2, 1, 1, 3, 4, 2, 3, 3, 3, 2, 3, 1, 2] [8, 8, 6, 8, 6, 5, 4, 4, 4, 5, 4, 4, 5, 7, 4, 6, 5, 3, 6, 6, 4, 5, 6, 5, 6, 8, 5, 5, 5, 4, 5, 8, 6, 6, 6, 7, 4, 5, 5, 4]
B_9 13.33 B 29 [4, 3, 2, 2, 1, 2, 1, 2, 4, 1, 4, 2, 1, 4, 2, 3, 2, 1, 1, 1, 3, 2, 1, 4, 3, 2, 1, 4, 1, 3, 1, 4, 2, 4, 2, 2, 2, 4, 1, 2] [8, 6, 5, 4, 3, 5, 4, 4, 6, 5, 7, 6, 5, 7, 5, 6, 5, 4, 4, 3, 7, 5, 3, 8, 6, 6, 3, 7, 4, 5, 4, 6, 4, 7, 4, 4, 6, 7, 5, 5]
B_10 15.11 B 30 [3, 4, 1, 1, 1, 2, 2, 3, 4, 1, 2, 4, 4, 3, 4, 2, 1, 2, 4, 1, 2, 4, 1, 3, 4, 3, 2, 3, 3, 1, 1, 4, 1, 1, 2, 2, 2, 1, 2, 4] [6, 8, 3, 4, 3, 5, 4, 7, 7, 3, 4, 8, 8, 6, 7, 6, 5, 4, 7, 3, 6, 7, 5, 5, 8, 7, 5, 6, 5, 4, 4, 7, 4, 5, 6, 4, 4, 5, 4, 6]
B_11 17.04 B 31 [4, 2, 2, 2, 2, 4, 2, 2, 1, 1, 3, 1, 2, 2, 2, 1, 4, 1, 4, 2, 1, 2, 2, 3, 4, 2, 1, 4, 4, 4, 4, 3, 4, 4, 2, 1, 2, 4, 3, 2] [8, 6, 5, 5, 5, 8, 5, 5, 5, 4, 5, 5, 5, 6, 4, 3, 7, 3, 8, 6, 3, 4, 4, 5, 6, 5, 3, 8, 8, 6, 7, 6, 8, 8, 4, 5, 4, 8, 5, 5]
B_12 18.04 B 32 [4, 2, 2, 3, 1, 2, 2, 2, 3, 1, 2, 3, 1, 2, 3, 3, 2, 2, 2, 4, 1, 3, 2, 2, 1, 2, 2, 3, 2, 2, 1, 4, 1, 4, 2, 1, 4, 3, 1, 3] [7, 5, 5, 7, 5, 4, 4, 6, 7, 5, 4, 7, 5, 4, 6, 6, 4, 4, 6, 7, 5, 7, 6, 4, 3, 4, 4, 6, 6, 4, 4, 8, 5, 7, 4, 4, 8, 7, 5, 6]
B_13 22.59 B 33 [1, 1, 2, 3, 4, 2, 4, 3, 2, 1, 3, 4, 4, 4, 2, 2, 2, 2, 3, 1, 1, 2, 4, 1, 1, 4, 3, 1, 3, 4, 1, 4, 4, 1, 2, 4, 3, 1, 2, 3] [4, 3, 5, 6, 6, 6, 7, 5, 4, 5, 7, 7, 8, 8, 5, 4, 4, 6, 7, 4, 5, 5, 6, 3, 4, 6, 6, 5, 6, 7, 5, 8, 7, 5, 6, 8, 5, 3, 4, 5]
B_14 26.27 B 34 [2, 3, 2, 2, 3, 1, 2, 1, 4, 2, 3, 3, 1, 1, 1, 2, 4, 4, 2, 2, 4, 1, 1, 3, 1, 1, 4, 1, 3, 2, 2, 2, 2, 2, 4, 2, 1, 1, 1, 2] [5, 6, 4, 4, 7, 3, 5, 5, 6, 6, 7, 5, 3, 4, 5, 5, 6, 7, 6, 4, 7, 4, 4, 5, 5, 5, 6, 5, 6, 4, 6, 4, 4, 6, 7, 4, 3, 4, 4, 6]
B_15 27.32 B 35 [3, 3, 4, 2, 1, 4, 3, 1, 1, 4, 4, 4, 1, 2, 1, 1, 2, 2, 1, 3, 2, 2, 3, 1, 1, 2, 1, 4, 3, 2, 2, 1, 1, 4, 2, 1, 1, 3, 3, 3] [7, 6, 8, 4, 5, 7, 5, 5, 5, 8, 8, 8, 5, 4, 5, 3, 4, 5, 4, 7, 4, 4, 7, 3, 4, 4, 3, 6, 7, 4, 4, 5, 4, 8, 4, 3, 5, 6, 6, 5]
B_16 28.32 B 36 [1, 2, 4, 4, 3, 2, 4, 4, 2, 4, 1, 4, 3, 3, 1, 3, 3, 1, 2, 3, 2, 1, 1, 2, 4, 3, 2, 1, 2, 2, 2, 2, 4, 3, 1, 1, 4, 4, 4, 2] [5, 5, 7, 8, 7, 4, 8, 7, 4, 6, 5, 6, 6, 6, 3, 7, 5, 3, 6, 7, 5, 4, 5, 4, 7, 5, 6, 4, 4, 6, 4, 4, 8, 5, 3, 5, 6, 7, 8, 5]
B_17 31.58 B 37 [2, 2, 1, 1, 3, 2, 3, 1, 1, 2, 3, 1, 2, 3, 4, 4, 1, 4, 1, 3, 1, 2, 4, 3, 1, 3, 4, 4, 3, 4, 1, 4, 3, 1, 1, 3, 4, 3, 3, 1] [5, 4, 5, 4, 5, 6, 6, 3, 4, 6, 6, 4, 6, 5, 8, 6, 3, 6, 5, 7, 4, 6, 7, 6, 4, 6, 6, 8, 5, 7, 5, 8, 7, 3, 4, 6, 7, 7, 5, 5]
B_18 32.58 B 38 [4, 4, 1, 1, 3, 4, 1, 3, 2, 2, 4, 3, 1, 3, 3, 2, 3, 2, 4, 2, 2, 1, 4, 4, 2, 1, 4, 2, 1, 1, 2, 3, 1, 2, 1, 3, 4, 3, 4, 4] [8, 7, 4, 5, 5, 8, 3, 5, 6, 4, 7, 7, 4, 7, 7, 5, 5, 6, 6, 4, 6, 3, 7, 8, 4, 5, 6, 6, 5, 5, 4, 5, 5, 4, 4, 6, 8, 5, 6, 8]
B_19 33.58 B 39 [1, 1, 1, 1, 4, 3, 1, 2, 1, 1, 3, 3, 1, 4, 4, 2, 1, 3, 4, 3, 1, 4, 3, 2, 1, 3, 4, 4, 2, 2, 4, 2, 3, 3, 2, 3, 2, 1, 4, 3] [4, 4, 3, 3, 7, 7, 4, 5, 3, 3, 5, 6, 5, 8, 7, 4, 5, 6, 8, 6, 3, 7, 5, 4, 4, 7, 7, 7, 4, 5, 6, 5, 6, 5, 6, 5, 5, 5, 8, 5]
