A_0 4.14 A 0 [3, 2, 5, 5, 4, 6, 2, 2, 3, 4, 2, 2, 5, 2, 4, 1, 5, 2, 2, 5, 6, 3, 2, 1, 1, 5, 6, 3, 2, 4, 2, 1, 4, 3, 1, 4, 3, 1, 3, 2] [7, 5, 7, 9, 6, 10, 4, 6, 6, 7, 4, 6, 7, 5, 6, 4, 8, 5, 5, 7, 8, 5, 6, 5, 4, 9, 10, 5, 4, 6, 6, 5, 8, 6, 5, 8, 7, 3, 5, 6]
A_1 5.18 A 1 [2, 5, 1, 5, 6, 1, 6, 4, 1, 3, 6, 5, 1, 3, 2, 5, 5, 6, 2, 2, 1, 6, 4, 5, 6, 3, 5, 2, 4, 2, 6, 4, 2, 5, 6, 1, 3, 2, 3, 3] [5, 8, 4, 7, 9, 4, 8, 8, 5, 6, 9, 8, 5, 6, 5, 9, 7, 9, 4, 4, 5, 8, 7, 8, 8, 5, 9, 6, 7, 5, 10, 6, 6, 9, 9, 4, 6, 4, 5, 6]
A_2 6.18 A 2 [5, 1, 5, 3, 3, 6, 3, 5, 2, 2, 2, 6, 1, 2, 3, 5, 1, 6, 6, 5, 3, 6, 3, 2, 1, 4, 2, 5, 5, 3, 5, 5, 2, 5, 5, 6, 1, 2, 2, 2] [7, 4, 9, 5, 6, 9, 6, 8, 5, 4, 4, 9, 4, 6, 5, 7, 4, 10, 10, 7, 6, 10, 5, 6, 5, 8, 6, 9, 7, 5, 8, 7, 4, 7, 8, 9, 3, 6, 6, 4]
A_3 7.18 A 3 [5, 5, 3, 1, 1, 4, 3, 5, 3, 6, 1, 5, 5, 5, 3, 6, 5, 5, 1, 3, 2, 1, 6, 5, 3, 3, 6, 5, 3, 2, 5, 1, 5, 1, 4, 6, 2, 4, 1, 4] [9, 7, 5, 5, 3, 7, 7, 8, 5, 10, 5, 9, 7, 9, 5, 10, 7, 8, 5, 5, 4, 4, 9, 9, 6, 6, 10, 9, 7, 4, 9, 4, 9, 5, 8, 9, 5, 6, 4, 7]
A_4 9.719999999999999 A 4 [4, 6, 3, 1, 3, 2, 5, 4, 5, 6, 4, 2, 3, 2, 2, 2, 5, 4, 6, 1, 1, 4, 4, 3, 5, 6, 4, 2, 5, 5, 3, 5, 5, 4, 2, 1, 2, 5, 6, 3] [6, 9, 6, 3, 6, 4, 7, 8, 9, 9, 7, 5, 5, 5, 4, 5, 8, 7, 9, 3, 5, 6, 8, 6, 8, 10, 7, 6, 7, 7, 5, 8, 8, 6, 6, 3, 6, 9, 9, 5]
A_5 13.79 A 5 [6, 1, 6, 4, 2, 3, 3, 6, 6, 2, 2, 3, 4, 4, 3, 2, 4, 2, 1, 3, 6, 6, 2, 6, 5, 5, 4, 1, 5, 5, 2, 6, 4, 4, 3, 6, 2, 4, 3, 1] [10, 4, 9, 7, 4, 6, 5, 9, 8, 4, 6, 7, 7, 6, 5, 6, 8, 6, 5, 5, 9, 9, 6, 9, 7, 9, 8, 5, 8, 7, 6, 10, 8, 7, 7, 10, 4, 6, 6, 3]
A_6 14.79 A 6 [2, 6, 3, 3, 5, 3, 2, 4, 3, 6, 4, 2, 2, 6, 4, 3, 1, 6, 3, 3, 2, 4, 6, 5, 4, 2, 1, 5, 6, 4, 4, 1, 4, 4, 1, 3, 3, 1, 2, 4] [4, 8, 6, 7, 7, 5, 4, 6, 5, 10, 6, 5, 5, 8, 8, 7, 4, 8, 5, 5, 5, 7, 9, 8, 6, 4, 5, 9, 10, 6, 8, 4, 8, 6, 5, 7, 7, 3, 5, 8]
A_7 16.04 A 7 [2, 4, 5, 5, 4, 6, 4, 3, 1, 2, 2, 5, 6, 1, 5, 3, 3, 4, 1, 3, 4, 6, 6, 5, 5, 3, 4, 4, 3, 5, 3, 2, 5, 6, 5, 3, 4, 4, 5, 4] [6, 8, 8, 8, 8, 9, 6, 6, 4, 6, 5, 9, 9, 5, 8, 5, 6, 8, 5, 5, 6, 10, 9, 9, 9, 5, 6, 7, 6, 9, 6, 5, 7, 10, 8, 7, 8, 8, 7, 6]
A_8 17.23 A 8 [3, 1, 2, 3, 5, 6, 3, 1, 1, 4, 6, 1, 5, 5, 3, 3, 4, 6, 4, 6, 5, 4, 6, 6, 2, 4, 2, 2, 5, 3, 4, 5, 4, 3, 4, 4, 4, 3, 1, 1] [6, 5, 5, 5, 9, 8, 5, 4, 3, 7, 8, 3, 7, 7, 7, 5, 6, 9, 6, 10, 8, 7, 8, 8, 6, 7, 6, 4, 7, 6, 6, 9, 7, 6, 7, 6, 7, 7, 5, 5]
A_9 18.23 A 9 [4, 3, 2, 6, 6, 2, 6, 2, 4, 1, 2, 1, 3, 5, 4, 2, 2, 2, 4, 3, 5, 3, 6, 2, 1, 6, 3, 2, 2, 6, 4, 3, 4, 2, 1, 2, 6, 1, 6, 3] [7, 6, 4, 10, 9, 4, 10, 6, 7, 5, 4, 5, 5, 9, 8, 5, 6, 5, 7, 7, 9, 7, 9, 4, 3, 10, 5, 5, 6, 9, 8, 7, 7, 6, 3, 5, 10, 5, 8, 7]
A_10 19.23 A 10 [2, 6, 2, 1, 4, 2, 4, 2, 6, 2, 4, 1, 6, 1, 3, 3, 4, 5, 4, 2, 6, 6, 1, 2, 5, 3, 6, 6, 1, 3, 2, 1, 4, 4, 5, 3, 4, 3, 3, 6] [4, 9, 4, 5, 7, 6, 6, 5, 8, 4, 7, 4, 8, 4, 5, 5, 8, 7, 6, 4, 9, 8, 3, 5, 7, 7, 8, 9, 4, 7, 5, 5, 8, 6, 8, 6, 8, 6, 5, 10]
A_11 20.23 A 11 [2, 5, 6, 5, 2, 3, 2, 5, 1, 1, 1, 2, 4, 1, 4, 4, 2, 3, 5, 1, 5, 2, 1, 6, 3, 3, 4, 2, 6, 6, 4, 1, 6, 4, 4, 1, 5, 6, 1, 6] [6, 8, 9, 9, 5, 7, 5, 9, 3, 5, 4, 5, 8, 3, 6, 8, 6, 5, 8, 3, 7, 5, 5, 9, 6, 7, 8, 5, 10, 8, 8, 5, 10, 7, 8, 3, 8, 10, 3, 9]
A_12 21.23 A 12 [5, 1, 1, 5, 3, 4, 2, 6, 5, 3, 6, 4, 3, 3, 1, 3, 2, 6, 1, 1, 2, 5, 5, 4, 4, 5, 3, 4, 3, 4, 1, 4, 5, 1, 1, 5, 1, 5, 3, 5] [7, 5, 4, 7, 5, 7, 5, 9, 7, 5, 8, 8, 6, 6, 5, 7, 4, 8, 5, 5, 5, 8, 7, 7, 8, 8, 5, 6, 6, 6, 5, 6, 8, 4, 5, 8, 4, 7, 6, 8]
A_13 22.23 A 13 [2, 3, 2, 5, 2, 4, 6, 1, 5, 5, 1, 1, 3, 6, 6, 2, 3, 6, 6, 6, 1, 5, 3, 1, 4, 3, 2, 3, 3, 5, 2, 5, 6, 3, 5, 6, 3, 2, 4, 3] [5, 6, 6, 9, 5, 6, 8, 5, 7, 9, 4, 3, 6, 9, 9, 5, 7, 8, 9, 8, 5, 9, 6, 3, 6, 7, 4, 7, 5, 8, 5, 7, 9, 5, 8, 10, 6, 4, 6, 7]
A_14 23.23 A 14 [4, 2, 3, 3, 2, 3, 4, 5, 3, 4, 3, 4, 1, 6, 4, 5, 5, 2, 2, 6, 3, 4, 1, 5, 3, 4, 2, 3, 6, 6, 2, 2, 6, 2, 3, 1, 5, 2, 5, 4] [6, 5, 5, 5, 4, 5, 8, 8, 7, 8, 5, 6, 5, 9, 7, 8, 8, 5, 5, 9, 7, 8, 3, 9, 7, 6, 6, 6, 10, 9, 5, 6, 10, 4, 6, 3, 8, 5, 9, 7]
A_15 24.23 A 15 [1, 5, 5, 6, 2, 2, 3, 3, 3, 2, 3, 4, 3, 2, 5, 5, 1, 1, 3, 6, 6, 1, 4, 2, 3, 2, 3, 3, 6, 6, 6, 6, 2, 3, 6, 1, 4, 1, 1, 4] [4, 9, 7, 10, 5, 6, 7, 5, 5, 5, 5, 8, 7, 5, 8, 8, 5, 4, 7, 8, 9, 3, 8, 4, 7, 6, 5, 7, 9, 8, 8, 8, 5, 5, 10, 3, 8, 4, 3, 7]
A_16 25.87 A 16 [5, 5, 1, 5, 5, 4, 1, 3, 4, 2, 4, 2, 2, 3, 5, 1, 4, 3, 1, 2, 3, 1, 6, 2, 3, 6, 4, 3, 1, 2, 6, 4, 3, 2, 2, 5, 1, 2, 3, 2] [8, 7, 4, 7, 8, 8, 4, 6, 6, 6, 8, 6, 4, 7, 8, 5, 6, 7, 4, 5, 7, 5, 10, 6, 5, 8, 6, 7, 3, 5, 9, 8, 5, 5, 6, 9, 4, 4, 7, 5]
A_17 31.16 A 17 [2, 6, 6, 5, 4, 2, 6, 4, 6, 2, 5, 3, 6, 6, 2, 1, 3, 4, 1, 4, 5, 6, 5, 5, 1, 6, 1, 1, 2, 5, 3, 5, 1, 1, 3, 5, 4, 3, 5, 1] [5, 9, 10, 8, 7, 6, 8, 8, 9, 5, 7, 5, 8, 8, 5, 4, 7, 8, 3, 7, 7, 8, 7, 8, 5, 9, 4, 3, 6, 8, 6, 7, 5, 4, 5, 8, 8, 7, 7, 4]
A_18 32.7 A 18 [2, 2, 6, 1, 6, 1, 3, 1, 4, 4, 4, 5, 1, 6, 2, 3, 1, 1, 4, 6, 6, 1, 3, 2, 2, 4, 1, 3, 2, 3, 6, 6, 6, 2, 3, 1, 5, 6, 3, 1] [5, 4, 10, 5, 9, 5, 5, 5, 6, 7, 6, 8, 5, 9, 5, 7, 4, 3, 8, 10, 8, 5, 7, 5, 4, 7, 3, 7, 6, 5, 8, 10, 9, 5, 5, 5, 9, 9, 6, 3]
A_19 35.32 A 19 [5, 2, 5, 3, 1, 3, 3, 3, 6, 3, 2, 1, 1, 6, 6, 6, 2, 4, 6, 4, 1, 1, 6, 1, 1, 2, 5, 5, 1, 2, 2, 5, 6, 4, 2, 4, 5, 5, 5, 6] [7, 4, 7, 5, 3, 5, 5, 5, 10, 7, 4, 3, 5, 8, 9, 8, 5, 7, 10, 8, 5, 3, 8, 5, 3, 4, 8, 8, 4, 6, 6, 8, 9, 8, 5, 7, 9, 9, 9, 9]
B_0 1 B 20 [6, 1, 3, 2, 1, 6, 2, 4, 5, 5, 6, 5, 2, 1, 3, 6, 3, 5, 6, 1, 2, 2, 5, 4, 2, 4, 5, 2, 1, 4, 3, 2, 4, 4, 3, 3, 3, 6, 2, 5] [8, 5, 6, 4, 5, 9, 5, 6, 8, 9, 9, 7, 5, 5, 7, 9, 7, 7, 8, 5, 5, 6, 9, 8, 4, 7, 9, 6, 4, 8, 7, 4, 6, 7, 6, 5, 7, 8, 5, 9]
B_1 2 B 21 [3, 6, 6, 1, 4, 6, 4, 6, 4, 3, 6, 2, 5, 5, 4, 1, 1, 6, 1, 1, 2, 2, 5, 2, 5, 4, 2, 1, 6, 5, 5, 6, 4, 6, 5, 2, 1, 3, 3, 5] [5, 8, 10, 4, 6, 9, 7, 10, 7, 7, 8, 5, 8, 9, 8, 3, 5, 8, 5, 3, 6, 6, 9, 4, 9, 8, 5, 3, 10, 7, 8, 8, 7, 10, 7, 5, 5, 6, 5, 7]
B_2 3 B 22 [2, 4, 3, 6, 4, 2, 6, 6, 6, 6, 1, 1, 5, 3, 1, 4, 6, 5, 3, 6, 5, 5, 1, 1, 3, 4, 6, 1, 6, 6, 4, 6, 2, 5, 3, 4, 4, 1, 5, 6] [6, 7, 5, 9, 8, 6, 9, 9, 8, 9, 3, 5, 7, 6, 3, 8, 10, 7, 7, 8, 9, 9, 4, 5, 7, 6, 9, 4, 10, 10, 6, 8, 6, 8, 6, 7, 7, 3, 7, 10]
B_3 4.37 B 23 [1, 5, 2, 5, 3, 6, 5, 5, 6, 2, 2, 6, 4, 1, 5, 2, 2, 5, 2, 1, 4, 2, 1, 4, 5, 6, 2, 6, 5, 2, 5, 5, 5, 1, 3, 4, 2, 4, 6, 6] [5, 8, 6, 9, 6, 9, 8, 9, 8, 4, 5, 9, 7, 3, 9, 4, 6, 8, 5, 5, 8, 4, 5, 7, 7, 9, 5, 10, 9, 5, 7, 9, 7, 3, 7, 6, 6, 8, 10, 8]
B_4 5.37 B 24 [1, 6, 1, 3, 5, 5, 4, 5, 2, 1, 5, 3, 4, 4, 3, 3, 3, 1, 2, 1, 2, 5, 3, 5, 2, 4, 6, 3, 2, 1, 4, 4, 1, 2, 5, 3, 5, 6, 5, 3] [4, 8, 5, 6, 8, 7, 6, 9, 6, 3, 7, 6, 8, 6, 7, 7, 5, 5, 4, 3, 4, 9, 7, 7, 4, 6, 9, 6, 5, 5, 8, 8, 3, 6, 8, 5, 9, 8, 8, 5]
B_5 6.890000000000001 B 25 [5, 3, 4, 3, 6, 5, 2, 3, 4, 6, 3, 3, 5, 3, 4, 2, 6, 6, 4, 2, 4, 4, 4, 6, 4, 4, 6, 5, 5, 2, 4, 6, 5, 4, 2, 4, 2, 6, 3, 6] [9, 5, 8, 6, 10, 9, 4, 5, 7, 10, 7, 7, 8, 7, 6, 6, 8, 9, 7, 4, 7, 8, 6, 9, 6, 6, 8, 8, 7, 4, 7, 8, 8, 7, 5, 7, 6, 8, 7, 9]
B_6 7.890000000000001 B 26 [6, 5, 2, 6, 4, 4, 1, 4, 2, 3, 6, 4, 3, 2, 2, 3, 4, 1, 1, 5, 5, 2, 6, 2, 6, 6, 4, 6, 3, 3, 3, 4, 1, 4, 2, 1, 2, 6, 4, 4] [10, 9, 6, 10, 7, 8, 5, 6, 6, 5, 8, 8, 5, 4, 6, 5, 6, 4, 3, 8, 9, 5, 9, 5, 9, 8, 6, 8, 7, 5, 5, 8, 5, 7, 4, 3, 6, 10, 8, 6]
B_7 10.200000000000001 B 27 [3, 2, 5, 5, 2, 1, 5, 4, 2, 2, 6, 2, 4, 3, 3, 3, 3, 1, 3, 5, 2, 1, 1, 6, 3, 5, 6, 6, 6, 2, 3, 3, 3, 2, 1, 1, 1, 6, 4, 2] [5, 6, 9, 9, 6, 5, 9, 7, 4, 5, 9, 5, 6, 7, 6, 7, 7, 3, 7, 8, 6, 3, 4, 10, 6, 8, 8, 9, 10, 6, 7, 6, 6, 5, 3, 4, 3, 8, 8, 5]
B_8 12.290000000000001 B 28 [2, 4, 5, 3, 5, 5, 6, 3, 5, 2, 1, 6, 3, 3, 6, 6, 1, 2, 2, 1, 1, 6, 6, 5, 2, 5, 3, 6, 3, 5, 1, 1, 1, 1, 2, 3, 3, 1, 4, 6] [4, 7, 7, 7, 7, 8, 10, 6, 7, 6, 4, 10, 6, 5, 10, 9, 3, 6, 6, 4, 4, 10, 10, 9, 5, 7, 7, 10, 7, 9, 3, 3, 4, 5, 4, 5, 5, 5, 7, 10]
B_9 18.1 B 29 [4, 2, 3, 2, 5, 5, 4, 5, 3, 6, 3, 6, 4, 5, 6, 6, 2, 5, 3, 2, 4, 5, 6, 2, 1, 2, 3, 2, 5, 5, 5, 2, 2, 1, 4, 5, 4, 2, 6, 4] [6, 5, 5, 4, 7, 7, 6, 9, 6, 9, 7, 8, 6, 8, 9, 8, 5, 8, 5, 6, 8, 7, 10, 5, 5, 4, 5, 6, 9, 7, 8, 4, 6, 5, 6, 7, 8, 6, 8, 8]
B_10 19.67 B 30 [2, 6, 5, 5, 3, 2, 4, 3, 4, 4, 2, 4, 1, 2, 2, 6, 6, 3, 6, 2, 3, 5, 4, 5, 4, 4, 3, 3, 1, 5, 1, 1, 6, 4, 5, 2, 5, 5, 5, 1] [6, 10, 8, 9, 5, 6, 8, 6, 6, 8, 5, 8, 5, 5, 5, 8, 9, 6, 8, 6, 7, 8, 6, 7, 8, 7, 5, 7, 3, 8, 4, 5, 9, 7, 9, 5, 8, 8, 7, 3]
B_11 20.67 B 31 [1, 4, 5, 1, 5, 6, 1, 2, 5, 3, 1, 1, 4, 5, 2, 6, 4, 5, 6, 5, 2, 6, 6, 5, 4, 6, 4, 3, 1, 2, 1, 5, 1, 4, 6, 3, 4, 2, 3, 5] [5, 6, 7, 4, 8, 10, 4, 5, 9, 7, 5, 5, 6, 7, 6, 8, 8, 7, 10, 8, 4, 8, 8, 9, 8, 8, 8, 6, 3, 4, 5, 9, 5, 8, 8, 6, 7, 4, 6, 7]
B_12 21.67 B 32 [4, 2, 2, 5, 5, 4, 4, 5, 4, 4, 4, 6, 5, 6, 6, 2, 3, 1, 6, 6, 4, 4, 2, 5, 1, 5, 1, 3, 1, 2, 6, 1, 1, 3, 6, 6, 4, 5, 2, 4] [8, 6, 4, 9, 8, 8, 8, 7, 7, 7, 8, 10, 8, 9, 10, 5, 5, 5, 9, 9, 6, 7, 6, 7, 3, 8, 5, 6, 4, 6, 9, 5, 4, 6, 9, 9, 6, 8, 4, 7]
B_13 22.67 B 33 [3, 5, 5, 1, 4, 4, 4, 6, 3, 2, 4, 4, 1, 3, 2, 3, 2, 1, 2, 4, 4, 6, 5, 1, 2, 4, 4, 2, 1, 1, 4, 4, 3, 1, 5, 2, 4, 6, 4, 6] [6, 9, 7, 5, 6, 7, 6, 10, 6, 6, 6, 7, 4, 5, 4, 5, 5, 4, 5, 8, 7, 10, 8, 3, 6, 7, 7, 5, 5, 5, 7, 8, 6, 3, 7, 4, 7, 10, 6, 8]
B_14 23.67 B 34 [1, 6, 5, 4, 2, 3, 1, 5, 4, 1, 5, 4, 1, 5, 3, 6, 2, 3, 3, 2, 3, 5, 3, 3, 5, 2, 2, 1, 2, 4, 5, 6, 6, 5, 6, 5, 4, 2, 3, 2] [5, 9, 8, 8, 6, 7, 5, 8, 7, 3, 8, 8, 5, 8, 6, 10, 6, 5, 5, 5, 6, 7, 6, 7, 8, 5, 4, 3, 4, 6, 9, 8, 9, 7, 9, 7, 7, 6, 6, 6]
B_15 25.6 B 35 [4, 1, 6, 6, 1, 6, 3, 3, 4, 2, 3, 1, 5, 6, 1, 1, 5, 5, 1, 4, 3, 2, 4, 4, 3, 4, 1, 1, 3, 5, 2, 3, 6, 2, 5, 6, 4, 6, 6, 6] [8, 4, 9, 9, 3, 10, 7, 7, 6, 5, 6, 3, 8, 10, 3, 3, 9, 8, 5, 7, 5, 5, 7, 6, 5, 7, 3, 4, 5, 7, 5, 6, 9, 4, 7, 9, 6, 8, 8, 8]
B_16 29.01 B 36 [3, 3, 1, 2, 2, 2, 3, 4, 4, 6, 4, 5, 1, 3, 5, 4, 1, 4, 5, 5, 3, 1, 4, 2, 5, 2, 2, 1, 3, 4, 5, 4, 4, 4, 4, 4, 4, 2, 6, 6] [7, 6, 3, 5, 6, 4, 7, 8, 7, 10, 8, 8, 4, 6, 8, 8, 4, 8, 9, 9, 7, 5, 7, 6, 9, 6, 6, 3, 5, 8, 8, 7, 6, 7, 7, 6, 8, 6, 9, 9]
B_17 30.01 B 37 [1, 2, 2, 4, 5, 4, 1, 4, 3, 1, 3, 6, 5, 2, 2, 1, 2, 3, 6, 5, 6, 3, 1, 4, 6, 6, 6, 6, 1, 2, 5, 2, 5, 6, 2, 6, 2, 2, 4, 1] [3, 4, 6, 6, 9, 6, 3, 8, 7, 5, 6, 10, 7, 4, 5, 4, 4, 7, 9, 9, 8, 6, 3, 8, 8, 8, 10, 8, 5, 6, 8, 4, 8, 10, 6, 8, 6, 5, 8, 5]
B_18 31.540000000000003 B 38 [3, 3, 2, 1, 6, 3, 2, 5, 1, 6, 3, 1, 3, 4, 5, 1, 3, 5, 3, 5, 2, 3, 5, 6, 5, 3, 4, 4, 4, 6, 5, 3, 2, 4, 3, 6, 6, 4, 3, 2] [5, 5, 6, 4, 9, 6, 5, 7, 5, 8, 5, 3, 6, 6, 9, 3, 7, 7, 6, 9, 5, 5, 7, 10, 8, 7, 8, 8, 7, 8, 7, 6, 4, 6, 6, 8, 9, 8, 5, 4]
B_19 32.540000000000006 B 39 [2, 3, 2, 4, 3, 1, 4, 4, 1, 3, 6, 6, 5, 3, 4, 4, 2, 1, 1, 6, 5, 5, 6, 6, 3, 6, 4, 2, 6, 4, 1, 5, 4, 6, 2, 6, 6, 1, 2, 4] [6, 6, 4, 7, 5, 3, 8, 6, 5, 7, 10, 9, 8, 7, 7, 7, 5, 4, 3, 9, 9, 7, 10, 8, 5, 9, 6, 5, 10, 8, 3, 7, 7, 8, 6, 8, 9, 5, 4, 7]
