A_0 1 A 0 [3, 6, 3, 5, 4, 1, 6, 5, 1, 4, 5, 3, 5, 6, 3, 2, 4, 4, 2, 3, 5, 6, 3, 6, 3, 1, 6, 1, 3, 1, 1, 4, 6, 5, 6, 2, 5, 1, 1, 5] [5, 7, 3, 5, 6, 2, 7, 6, 1, 5, 5, 4, 6, 8, 3, 4, 4, 5, 2, 4, 6, 6, 3, 7, 4, 2, 6, 2, 3, 1, 2, 4, 7, 6, 8, 3, 5, 2, 3, 7]
A_1 2 A 1 [6, 5, 3, 2, 1, 3, 1, 1, 4, 1, 1, 4, 2, 2, 2, 4, 5, 6, 1, 6, 4, 6, 6, 2, 3, 5, 1, 2, 2, 1, 3, 6, 6, 2, 4, 2, 5, 6, 1, 6] [7, 5, 3, 3, 1, 3, 1, 1, 4, 3, 2, 4, 3, 2, 2, 5, 7, 8, 2, 6, 4, 6, 8, 2, 5, 6, 2, 4, 3, 1, 3, 7, 7, 3, 6, 3, 7, 8, 1, 8]
A_2 3 A 2 [3, 3, 1, 4, 2, 3, 6, 6, 2, 2, 4, 6, 3, 5, 5, 6, 4, 2, 5, 3, 5, 6, 2, 2, 1, 3, 2, 5, 4, 4, 6, 2, 6, 3, 4, 5, 3, 2, 5, 4] [3, 3, 2, 6, 2, 4, 7, 8, 4, 4, 4, 7, 5, 7, 7, 8, 4, 3, 5, 3, 6, 6, 3, 4, 3, 3, 2, 7, 4, 4, 8, 2, 6, 3, 6, 7, 5, 3, 5, 5]
A_3 6.09 A 3 [5, 2, 4, 5, 2, 4, 3, 5, 3, 3, 5, 6, 2, 5, 2, 3, 4, 3, 1, 2, 6, 6, 3, 3, 1, 5, 4, 6, 4, 1, 2, 3, 2, 1, 4, 3, 2, 4, 1, 1] [5, 3, 6, 7, 3, 6, 5, 7, 4, 5, 7, 8, 4, 7, 4, 3, 6, 5, 1, 2, 7, 6, 5, 5, 2, 7, 6, 7, 5, 3, 4, 3, 3, 1, 5, 3, 3, 4, 1, 3]
A_4 9.58 A 4 [4, 1, 2, 2, 4, 1, 3, 3, 2, 5, 5, 1, 6, 6, 2, 5, 6, 1, 2, 5, 2, 1, 4, 4, 5, 3, 6, 1, 1, 4, 3, 3, 4, 2, 6, 6, 1, 3, 3, 1] [6, 1, 2, 3, 6, 1, 3, 4, 3, 6, 7, 2, 8, 8, 4, 6, 6, 1, 2, 6, 2, 3, 4, 4, 5, 3, 8, 2, 2, 4, 5, 3, 6, 3, 8, 8, 3, 4, 3, 2]
A_5 12.98 A 5 [1, 3, 3, 4, 1, 3, 6, 5, 1, 1, 4, 5, 2, 5, 5, 6, 5, 4, 2, 6, 4, 5, 5, 6, 4, 4, 2, 4, 2, 1, 1, 6, 6, 4, 2, 5, 3, 5, 6, 1] [2, 3, 4, 6, 1, 3, 8, 5, 3, 2, 5, 6, 4, 5, 7, 8, 6, 5, 4, 6, 6, 5, 6, 7, 4, 6, 3, 4, 2, 2, 3, 6, 8, 6, 2, 7, 4, 5, 7, 3]
A_6 14.370000000000001 A 6 [6, 1, 6, 3, 3, 6, 2, 3, 3, 1, 2, 2, 2, 3, 2, 4, 2, 4, 1, 1, 1, 2, 2, 5, 3, 1, 6, 4, 3, 1, 6, 1, 1, 4, 5, 1, 3, 4, 4, 3] [7, 1, 7, 5, 3, 8, 4, 5, 5, 1, 3, 2, 2, 5, 3, 6, 2, 4, 1, 2, 3, 4, 2, 6, 3, 2, 6, 6, 4, 1, 6, 2, 3, 5, 5, 2, 4, 6, 6, 5]
A_7 15.920000000000002 A 7 [5, 1, 6, 5, 3, 5, 3, 4, 1, 3, 4, 4, 5, 2, 3, 5, 4, 4, 5, 5, 2, 1, 4, 2, 6, 5, 5, 6, 5, 6, 1, 5, 1, 3, 1, 5, 1, 6, 6, 3] [6, 1, 8, 7, 4, 5, 5, 5, 1, 5, 4, 4, 7, 2, 4, 7, 4, 5, 7, 6, 4, 3, 5, 2, 7, 6, 5, 6, 5, 7, 1, 6, 3, 5, 3, 5, 2, 7, 8, 5]
A_8 20.110000000000003 A 8 [1, 4, 2, 3, 2, 1, 3, 1, 1, 6, 4, 5, 6, 3, 6, 1, 1, 4, 1, 6, 3, 2, 6, 3, 4, 2, 6, 2, 1, 3, 5, 5, 5, 5, 1, 2, 2, 1, 1, 2] [1, 4, 4, 4, 3, 3, 5, 1, 3, 8, 5, 5, 6, 5, 6, 2, 1, 5, 3, 6, 5, 4, 7, 5, 4, 2, 8, 3, 1, 3, 7, 7, 7, 5, 2, 2, 4, 2, 2, 2]
A_9 21.110000000000003 A 9 [4, 1, 2, 3, 5, 1, 1, 3, 6, 4, 4, 2, 3, 3, 6, 6, 4, 4, 3, 4, 2, 4, 2, 3, 2, 2, 3, 2, 6, 6, 2, 2, 4, 6, 1, 3, 6, 6, 5, 2] [5, 3, 4, 5, 6, 2, 1, 5, 8, 6, 4, 3, 4, 4, 8, 6, 5, 5, 5, 5, 4, 5, 4, 3, 4, 4, 4, 2, 6, 6, 2, 2, 6, 8, 2, 3, 6, 8, 7, 2]
A_10 22.610000000000003 A 10 [5, 1, 4, 5, 5, 4, 2, 4, 4, 4, 4, 2, 6, 1, 3, 6, 1, 6, 4, 4, 2, 2, 1, 5, 6, 3, 4, 5, 3, 3, 5, 2, 3, 4, 2, 4, 5, 5, 4, 5] [5, 2, 4, 7, 7, 5, 3, 4, 5, 4, 4, 4, 6, 1, 5, 8, 2, 8, 4, 4, 4, 2, 2, 7, 7, 5, 5, 5, 4, 3, 5, 3, 4, 4, 3, 6, 5, 7, 4, 7]
A_11 23.610000000000003 A 11 [3, 4, 6, 6, 1, 5, 2, 4, 5, 2, 2, 2, 3, 5, 5, 3, 1, 4, 5, 3, 4, 1, 4, 4, 2, 1, 3, 4, 5, 5, 2, 3, 6, 4, 6, 1, 1, 1, 5, 4] [4, 4, 7, 8, 2, 6, 2, 4, 5, 3, 4, 2, 4, 5, 7, 5, 2, 4, 7, 5, 5, 2, 4, 5, 2, 2, 3, 4, 5, 5, 2, 4, 8, 6, 6, 1, 3, 2, 7, 4]
A_12 24.610000000000003 A 12 [5, 2, 3, 2, 6, 2, 2, 5, 6, 3, 6, 3, 2, 5, 4, 6, 1, 2, 5, 2, 4, 4, 5, 6, 1, 6, 5, 4, 6, 1, 5, 5, 6, 1, 6, 1, 4, 1, 5, 1] [6, 3, 5, 4, 8, 4, 2, 7, 6, 4, 6, 4, 4, 5, 5, 7, 3, 3, 6, 4, 4, 5, 6, 7, 3, 7, 7, 4, 7, 3, 7, 7, 6, 1, 6, 1, 4, 1, 7, 3]
A_13 25.610000000000003 A 13 [6, 2, 5, 5, 6, 5, 3, 2, 3, 3, 1, 5, 5, 3, 6, 1, 2, 1, 1, 1, 6, 5, 6, 1, 6, 1, 6, 4, 6, 1, 1, 6, 6, 4, 3, 5, 5, 3, 6, 5] [8, 2, 7, 7, 8, 5, 5, 2, 5, 4, 1, 5, 5, 3, 6, 3, 4, 1, 3, 1, 8, 7, 6, 2, 8, 1, 7, 4, 6, 1, 3, 8, 6, 5, 4, 5, 5, 5, 7, 7]
A_14 26.610000000000003 A 14 [3, 2, 5, 2, 2, 5, 2, 3, 6, 6, 3, 5, 4, 6, 6, 5, 5, 5, 6, 1, 5, 4, 2, 5, 3, 2, 1, 1, 5, 1, 4, 1, 4, 6, 6, 5, 5, 6, 6, 2] [3, 2, 7, 4, 4, 7, 3, 4, 6, 8, 5, 7, 5, 6, 6, 5, 5, 5, 7, 1, 5, 4, 2, 6, 5, 2, 2, 1, 6, 3, 5, 1, 6, 8, 6, 7, 7, 7, 6, 4]
A_15 27.610000000000003 A 15 [2, 4, 6, 3, 5, 6, 4, 5, 1, 6, 6, 3, 6, 1, 5, 1, 6, 6, 5, 5, 3, 3, 5, 1, 5, 3, 2, 2, 4, 1, 5, 2, 6, 6, 3, 4, 4, 6, 1, 5] [4, 5, 8, 3, 6, 8, 6, 7, 2, 6, 8, 5, 7, 3, 5, 1, 8, 6, 6, 6, 3, 4, 5, 3, 5, 4, 4, 4, 4, 2, 5, 4, 7, 6, 4, 6, 4, 8, 1, 6]
A_16 28.610000000000003 A 16 [4, 5, 4, 4, 6, 5, 2, 4, 1, 4, 1, 1, 1, 2, 5, 6, 3, 1, 2, 2, 2, 5, 5, 4, 4, 3, 1, 6, 2, 3, 5, 5, 5, 5, 5, 4, 6, 5, 6, 2] [4, 7, 4, 6, 6, 6, 2, 4, 1, 5, 2, 2, 3, 4, 5, 8, 3, 2, 3, 4, 4, 6, 6, 4, 6, 5, 3, 6, 4, 5, 6, 7, 5, 7, 5, 4, 8, 7, 6, 3]
A_17 29.610000000000003 A 17 [4, 6, 2, 3, 1, 4, 4, 4, 4, 4, 6, 4, 2, 1, 5, 6, 1, 3, 3, 4, 2, 1, 5, 6, 2, 1, 3, 1, 1, 2, 2, 5, 1, 3, 1, 1, 6, 4, 4, 3] [5, 8, 3, 5, 1, 5, 4, 5, 5, 5, 8, 4, 3, 1, 5, 6, 2, 5, 5, 5, 2, 1, 7, 7, 3, 2, 5, 3, 1, 2, 3, 7, 2, 4, 1, 2, 7, 5, 6, 5]
A_18 30.610000000000003 A 18 [2, 1, 5, 1, 2, 2, 1, 5, 1, 3, 4, 5, 5, 1, 6, 5, 2, 3, 5, 1, 5, 5, 4, 2, 4, 2, 5, 2, 4, 6, 1, 5, 2, 5, 1, 2, 4, 3, 3, 2] [2, 2, 5, 1, 2, 4, 1, 7, 3, 5, 4, 7, 6, 3, 7, 6, 3, 5, 7, 1, 5, 5, 5, 2, 5, 3, 6, 3, 4, 7, 3, 6, 3, 7, 2, 4, 5, 4, 5, 3]
A_19 31.610000000000003 A 19 [3, 6, 3, 2, 5, 6, 1, 5, 6, 4, 4, 3, 2, 1, 1, 5, 2, 4, 1, 1, 3, 5, 3, 2, 4, 6, 6, 4, 1, 6, 6, 2, 5, 3, 1, 5, 4, 6, 6, 6] [4, 6, 3, 2, 6, 6, 2, 6, 6, 5, 4, 5, 4, 1, 1, 6, 4, 5, 1, 1, 3, 6, 3, 2, 4, 7, 7, 6, 1, 7, 6, 3, 6, 4, 2, 7, 5, 7, 7, 6]
B_0 2.57 B 20 [5, 4, 5, 6, 2, 4, 1, 2, 3, 2, 2, 4, 4, 6, 5, 3, 2, 2, 5, 3, 6, 2, 5, 3, 2, 1, 5, 3, 6, 4, 6, 3, 3, 6, 2, 3, 1, 2, 4, 2] [6, 4, 6, 7, 2, 6, 3, 4, 5, 4, 4, 5, 4, 8, 5, 3, 4, 2, 5, 3, 8, 2, 7, 5, 2, 3, 5, 4, 6, 4, 7, 5, 5, 6, 2, 3, 1, 3, 5, 3]
B_1 3.57 B 21 [6, 6, 6, 6, 1, 5, 2, 1, 2, 4, 2, 1, 4, 5, 4, 3, 5, 1, 5, 5, 2, 1, 5, 1, 6, 1, 5, 6, 1, 1, 5, 4, 6, 2, 4, 2, 6, 1, 3, 3] [6, 6, 6, 6, 3, 5, 4, 3, 4, 5, 2, 2, 5, 7, 4, 4, 6, 1, 5, 6, 2, 1, 6, 3, 8, 2, 6, 6, 2, 1, 5, 6, 8, 3, 4, 3, 8, 1, 5, 4]
B_2 4.57 B 22 [3, 6, 2, 3, 4, 5, 2, 4, 6, 2, 1, 4, 5, 6, 2, 5, 5, 5, 4, 3, 5, 5, 4, 6, 6, 4, 5, 3, 4, 2, 2, 6, 6, 5, 1, 4, 2, 5, 4, 6] [3, 8, 3, 5, 4, 6, 2, 5, 7, 4, 2, 4, 6, 6, 2, 5, 6, 7, 5, 3, 7, 6, 5, 8, 7, 5, 5, 4, 4, 2, 3, 7, 6, 5, 3, 5, 4, 5, 4, 6]
B_3 5.57 B 23 [6, 2, 2, 3, 4, 6, 5, 2, 3, 3, 5, 4, 6, 1, 5, 1, 4, 6, 2, 2, 3, 1, 6, 4, 3, 1, 4, 4, 1, 4, 1, 4, 3, 5, 1, 5, 4, 2, 6, 2] [7, 2, 4, 5, 4, 7, 6, 2, 5, 3, 7, 5, 7, 2, 6, 3, 4, 7, 2, 2, 5, 3, 8, 4, 4, 1, 4, 5, 3, 5, 2, 4, 4, 5, 3, 7, 5, 4, 6, 3]
B_4 6.57 B 24 [3, 3, 1, 1, 5, 4, 3, 6, 4, 2, 6, 2, 1, 6, 3, 5, 4, 2, 4, 4, 2, 6, 6, 3, 2, 2, 5, 6, 1, 6, 4, 5, 2, 1, 4, 1, 2, 6, 6, 5] [4, 5, 3, 2, 5, 4, 3, 7, 4, 4, 7, 2, 3, 8, 5, 5, 6, 3, 5, 4, 2, 8, 7, 4, 2, 3, 6, 6, 2, 8, 6, 6, 3, 2, 5, 2, 3, 8, 8, 7]
B_5 7.59 B 25 [1, 5, 3, 5, 3, 4, 1, 5, 2, 2, 3, 1, 6, 1, 2, 3, 3, 1, 2, 6, 1, 1, 4, 1, 2, 2, 3, 4, 6, 1, 2, 2, 6, 1, 5, 3, 5, 2, 3, 6] [2, 6, 3, 7, 3, 6, 2, 6, 2, 4, 5, 2, 7, 1, 2, 4, 5, 2, 3, 7, 3, 2, 5, 1, 3, 3, 4, 5, 6, 1, 2, 3, 8, 3, 7, 5, 5, 2, 5, 8]
B_6 8.59 B 26 [6, 1, 2, 4, 6, 2, 6, 5, 6, 3, 4, 3, 5, 6, 1, 2, 1, 3, 5, 6, 5, 5, 5, 4, 5, 3, 3, 1, 1, 5, 3, 5, 5, 6, 5, 5, 5, 1, 2, 2] [6, 2, 2, 6, 8, 3, 6, 5, 8, 4, 5, 3, 7, 7, 2, 4, 3, 5, 6, 7, 5, 6, 5, 4, 6, 4, 3, 1, 3, 5, 5, 5, 6, 6, 5, 7, 7, 2, 2, 2]
B_7 9.67 B 27 [1, 2, 5, 6, 1, 4, 4, 6, 2, 2, 5, 4, 4, 4, 1, 2, 6, 1, 2, 4, 3, 6, 3, 4, 6, 4, 1, 4, 5, 5, 2, 1, 5, 2, 4, 5, 4, 2, 3, 3] [2, 4, 7, 7, 2, 4, 6, 6, 3, 2, 5, 4, 4, 4, 1, 4, 6, 3, 3, 6, 4, 6, 4, 5, 6, 5, 1, 6, 5, 5, 2, 2, 5, 3, 6, 6, 4, 2, 3, 3]
B_8 10.67 B 28 [3, 2, 4, 4, 1, 2, 3, 5, 1, 6, 3, 5, 6, 6, 5, 4, 2, 1, 4, 1, 6, 1, 4, 1, 1, 6, 1, 5, 3, 4, 6, 3, 5, 1, 5, 3, 1, 4, 3, 4] [3, 3, 4, 5, 2, 2, 4, 5, 1, 6, 4, 5, 7, 6, 6, 4, 4, 1, 4, 1, 6, 2, 4, 3, 2, 6, 3, 5, 5, 4, 8, 4, 6, 1, 5, 5, 3, 6, 5, 5]
B_9 11.67 B 29 [1, 1, 4, 1, 4, 1, 1, 6, 3, 6, 3, 5, 1, 1, 1, 1, 3, 2, 6, 6, 4, 1, 2, 4, 6, 1, 5, 5, 4, 4, 6, 2, 5, 1, 6, 6, 2, 1, 2, 1] [1, 1, 4, 3, 4, 2, 1, 7, 3, 6, 3, 5, 3, 1, 3, 2, 5, 2, 7, 7, 4, 1, 2, 5, 8, 1, 5, 5, 4, 5, 7, 4, 6, 1, 6, 6, 2, 3, 2, 2]
B_10 12.67 B 30 [1, 3, 6, 2, 3, 1, 6, 1, 5, 2, 5, 2, 5, 1, 4, 5, 5, 2, 1, 6, 6, 5, 2, 1, 4, 2, 3, 2, 6, 6, 3, 5, 4, 3, 4, 5, 5, 5, 5, 5] [2, 3, 8, 4, 5, 3, 6, 1, 7, 2, 5, 2, 7, 3, 5, 5, 6, 3, 3, 6, 7, 5, 3, 2, 6, 2, 5, 2, 8, 7, 3, 5, 4, 5, 4, 6, 5, 7, 5, 7]
B_11 13.67 B 31 [4, 6, 2, 3, 3, 6, 1, 5, 5, 2, 2, 3, 5, 6, 1, 2, 5, 5, 5, 2, 3, 4, 6, 4, 5, 2, 5, 1, 3, 2, 5, 2, 5, 4, 3, 2, 2, 1, 4, 5] [4, 7, 2, 3, 3, 6, 2, 6, 7, 2, 3, 4, 7, 8, 1, 4, 7, 7, 6, 3, 5, 6, 7, 4, 6, 3, 5, 2, 4, 4, 5, 2, 7, 5, 4, 4, 4, 1, 4, 7]
B_12 14.67 B 32 [6, 6, 6, 2, 4, 6, 1, 1, 5, 4, 3, 6, 6, 6, 4, 6, 5, 1, 2, 5, 3, 6, 6, 3, 2, 6, 5, 5, 5, 5, 4, 5, 6, 2, 3, 2, 6, 2, 2, 2] [7, 7, 6, 3, 6, 8, 3, 3, 7, 6, 4, 8, 6, 6, 6, 7, 5, 2, 3, 6, 5, 8, 6, 4, 3, 8, 6, 5, 6, 6, 4, 7, 6, 3, 3, 2, 6, 3, 2, 2]
B_13 15.67 B 33 [5, 2, 3, 1, 2, 4, 4, 3, 5, 6, 4, 4, 1, 4, 6, 6, 5, 3, 5, 3, 6, 2, 5, 5, 1, 1, 6, 2, 1, 1, 3, 4, 2, 5, 2, 6, 6, 1, 2, 5] [6, 3, 3, 1, 3, 6, 5, 5, 5, 8, 4, 6, 1, 5, 8, 6, 7, 4, 7, 4, 6, 3, 5, 5, 2, 3, 6, 3, 1, 1, 5, 5, 3, 6, 4, 6, 6, 1, 3, 7]
B_14 17.53 B 34 [6, 4, 4, 4, 6, 2, 5, 1, 1, 1, 2, 6, 6, 3, 6, 3, 5, 1, 1, 1, 2, 4, 1, 1, 4, 5, 5, 4, 5, 6, 4, 3, 3, 2, 3, 5, 5, 2, 3, 2] [8, 6, 6, 5, 8, 2, 5, 3, 2, 2, 3, 6, 6, 4, 6, 4, 5, 1, 2, 2, 2, 4, 3, 3, 5, 7, 5, 6, 5, 6, 4, 4, 3, 4, 5, 7, 7, 3, 5, 3]
B_15 18.92 B 35 [2, 2, 5, 3, 6, 5, 1, 5, 2, 3, 4, 1, 1, 5, 5, 4, 4, 1, 2, 5, 3, 2, 4, 5, 1, 3, 5, 5, 3, 6, 5, 2, 2, 6, 5, 3, 4, 1, 3, 3] [3, 3, 7, 3, 8, 7, 2, 5, 2, 3, 6, 1, 1, 5, 7, 6, 4, 2, 4, 7, 3, 3, 5, 7, 2, 5, 7, 6, 5, 6, 6, 4, 2, 6, 7, 4, 6, 1, 5, 5]
B_16 24.94 B 36 [5, 5, 3, 2, 1, 3, 3, 1, 2, 6, 5, 1, 4, 5, 5, 4, 6, 6, 4, 4, 1, 6, 2, 4, 2, 5, 5, 4, 1, 2, 5, 2, 6, 6, 5, 4, 2, 3, 3, 3] [5, 7, 5, 3, 3, 4, 4, 2, 4, 6, 5, 3, 4, 5, 7, 4, 8, 7, 5, 5, 1, 8, 4, 5, 3, 5, 7, 4, 3, 2, 5, 4, 6, 6, 7, 6, 2, 3, 4, 4]
B_17 25.94 B 37 [1, 6, 2, 4, 3, 5, 4, 6, 1, 6, 5, 1, 1, 3, 6, 6, 5, 4, 3, 6, 2, 1, 5, 2, 6, 2, 1, 2, 4, 1, 5, 1, 2, 1, 2, 1, 3, 5, 4, 6] [2, 8, 3, 4, 4, 5, 6, 7, 2, 8, 7, 2, 1, 5, 7, 8, 7, 5, 4, 7, 3, 1, 5, 4, 8, 2, 2, 2, 6, 3, 7, 1, 3, 1, 3, 1, 3, 6, 5, 8]
B_18 26.94 B 38 [1, 1, 5, 1, 3, 6, 4, 6, 1, 5, 4, 5, 5, 6, 6, 1, 6, 4, 3, 6, 4, 3, 4, 6, 6, 3, 2, 3, 3, 2, 5, 4, 2, 2, 3, 3, 3, 4, 2, 1] [3, 1, 5, 1, 3, 7, 6, 8, 2, 7, 4, 7, 7, 7, 6, 1, 6, 6, 5, 7, 5, 5, 4, 6, 8, 5, 2, 3, 5, 2, 5, 4, 2, 3, 5, 5, 4, 5, 4, 2]
B_19 27.94 B 39 [5, 6, 4, 1, 1, 1, 3, 3, 2, 2, 5, 4, 1, 5, 2, 5, 2, 3, 2, 6, 2, 3, 6, 2, 5, 6, 2, 3, 4, 1, 5, 5, 2, 5, 2, 3, 3, 6, 1, 1] [7, 8, 5, 3, 2, 3, 5, 5, 2, 2, 7, 4, 3, 7, 4, 6, 3, 5, 3, 6, 3, 4, 6, 3, 7, 8, 2, 3, 5, 2, 7, 7, 2, 7, 3, 5, 4, 8, 2, 3]
