A_0 2.31 A 0 [5, 6, 2, 5, 2, 1, 3, 3, 6, 1, 6, 4, 5, 1, 4, 2, 2, 1, 4, 6, 2, 4, 4, 4, 6, 3, 2, 5, 1, 1, 5, 5, 2, 1, 1, 6, 5, 5, 2, 2] [5, 8, 4, 7, 3, 1, 3, 5, 8, 1, 6, 5, 6, 3, 6, 3, 3, 1, 6, 6, 4, 4, 4, 6, 6, 3, 4, 6, 1, 2, 6, 6, 2, 1, 2, 8, 7, 7, 2, 4]
A_1 3.31 A 1 [6, 1, 6, 2, 1, 4, 4, 6, 3, 2, 1, 6, 2, 4, 2, 2, 2, 6, 4, 4, 2, 1, 3, 5, 4, 4, 1, 6, 5, 4, 2, 3, 2, 5, 1, 1, 6, 5, 5, 4] [8, 1, 6, 3, 1, 4, 5, 7, 3, 4, 3, 6, 4, 4, 2, 4, 4, 7, 5, 6, 3, 2, 3, 5, 5, 5, 2, 6, 6, 4, 4, 5, 3, 7, 3, 1, 8, 5, 6, 5]
A_2 5.04 A 2 [2, 6, 5, 6, 4, 6, 3, 2, 2, 4, 4, 5, 2, 4, 1, 3, 2, 2, 1, 4, 1, 1, 5, 3, 3, 5, 5, 4, 2, 4, 1, 4, 4, 3, 1, 1, 3, 2, 4, 5] [4, 6, 5, 6, 5, 6, 3, 2, 4, 6, 5, 6, 4, 5, 1, 3, 2, 4, 1, 4, 1, 1, 5, 5, 5, 7, 6, 4, 3, 6, 2, 4, 6, 5, 3, 2, 3, 4, 4, 6]
A_3 10.52 A 3 [5, 2, 6, 5, 3, 1, 2, 5, 2, 3, 4, 4, 4, 4, 5, 6, 6, 1, 3, 3, 6, 2, 5, 2, 3, 3, 1, 6, 4, 3, 3, 1, 1, 4, 2, 3, 5, 3, 3, 5] [7, 3, 6, 7, 4, 2, 4, 6, 4, 4, 4, 5, 4, 4, 6, 8, 6, 1, 5, 3, 8, 3, 7, 2, 3, 3, 2, 8, 5, 5, 4, 1, 1, 6, 4, 5, 7, 4, 4, 5]
A_4 11.52 A 4 [2, 1, 4, 3, 1, 2, 6, 5, 4, 2, 6, 4, 5, 4, 3, 5, 1, 1, 5, 5, 1, 4, 3, 3, 6, 3, 5, 1, 4, 3, 4, 6, 2, 2, 6, 3, 1, 2, 6, 4] [3, 1, 5, 4, 2, 3, 7, 6, 5, 3, 6, 6, 7, 4, 4, 7, 2, 2, 7, 7, 1, 6, 5, 4, 6, 4, 7, 2, 5, 5, 4, 8, 4, 2, 8, 3, 1, 2, 6, 4]
A_5 12.52 A 5 [1, 4, 6, 1, 2, 6, 2, 3, 5, 2, 2, 3, 3, 5, 3, 3, 2, 2, 2, 4, 4, 2, 4, 6, 6, 1, 3, 5, 2, 2, 1, 1, 6, 6, 6, 3, 3, 5, 3, 4] [1, 4, 6, 2, 3, 7, 2, 3, 6, 4, 4, 5, 5, 5, 4, 4, 2, 3, 2, 6, 6, 3, 5, 8, 7, 3, 4, 5, 2, 3, 2, 2, 7, 8, 6, 5, 5, 6, 5, 4]
A_6 15.459999999999999 A 6 [3, 4, 3, 2, 6, 2, 2, 2, 1, 6, 6, 4, 6, 1, 4, 5, 2, 6, 6, 1, 6, 4, 1, 4, 4, 2, 3, 4, 1, 4, 1, 4, 3, 5, 3, 3, 5, 6, 4, 6] [3, 5, 3, 4, 7, 2, 3, 4, 2, 8, 7, 5, 8, 2, 5, 6, 4, 6, 7, 2, 7, 5, 2, 4, 4, 3, 5, 5, 1, 5, 2, 5, 3, 7, 3, 4, 5, 8, 4, 7]
A_7 16.509999999999998 A 7 [3, 6, 2, 5, 5, 3, 2, 3, 3, 2, 1, 2, 2, 3, 3, 2, 2, 2, 2, 4, 4, 1, 1, 1, 3, 1, 3, 5, 3, 1, 2, 2, 3, 5, 6, 2, 2, 4, 5, 1] [5, 7, 2, 6, 6, 3, 4, 3, 5, 2, 2, 4, 4, 4, 3, 4, 2, 3, 3, 6, 5, 1, 1, 3, 4, 1, 4, 5, 5, 3, 3, 4, 3, 5, 7, 2, 2, 4, 6, 1]
A_8 17.509999999999998 A 8 [6, 3, 2, 2, 4, 5, 1, 3, 5, 4, 1, 2, 2, 4, 6, 2, 4, 5, 1, 5, 6, 3, 5, 4, 6, 3, 5, 3, 5, 2, 3, 6, 3, 3, 1, 1, 5, 1, 1, 6] [8, 3, 4, 4, 5, 6, 2, 5, 7, 6, 3, 2, 4, 4, 6, 4, 4, 7, 3, 6, 6, 3, 6, 5, 7, 4, 7, 3, 5, 3, 4, 8, 4, 3, 2, 2, 7, 2, 3, 7]
A_9 18.9 A 9 [1, 2, 4, 3, 2, 2, 6, 2, 4, 5, 5, 1, 6, 6, 2, 3, 6, 3, 4, 1, 5, 1, 2, 6, 5, 1, 6, 1, 1, 2, 6, 4, 2, 5, 5, 3, 6, 4, 1, 5] [1, 4, 6, 4, 3, 4, 8, 2, 6, 5, 6, 1, 8, 6, 3, 5, 6, 3, 5, 2, 6, 2, 2, 7, 7, 3, 8, 2, 1, 4, 7, 5, 2, 7, 5, 4, 7, 6, 1, 6]
A_10 21.04 A 10 [6, 1, 4, 4, 6, 2, 6, 1, 1, 5, 2, 2, 2, 4, 4, 3, 3, 5, 5, 2, 2, 4, 5, 1, 5, 5, 1, 1, 4, 6, 4, 3, 4, 4, 4, 2, 6, 2, 2, 3] [6, 3, 5, 4, 6, 4, 7, 2, 3, 6, 4, 4, 2, 4, 6, 5, 5, 6, 7, 4, 3, 4, 7, 1, 6, 6, 1, 1, 4, 7, 4, 4, 5, 5, 4, 3, 6, 3, 2, 4]
A_11 22.04 A 11 [4, 6, 5, 4, 4, 3, 4, 2, 2, 1, 2, 2, 2, 4, 2, 4, 4, 5, 2, 2, 6, 4, 4, 5, 3, 4, 4, 4, 6, 5, 4, 6, 2, 2, 6, 6, 6, 4, 2, 2] [5, 6, 6, 5, 6, 5, 5, 4, 2, 1, 4, 3, 2, 5, 4, 5, 5, 6, 4, 4, 7, 4, 6, 7, 3, 5, 5, 6, 8, 7, 5, 8, 2, 4, 8, 6, 7, 6, 3, 4]
A_12 23.41 A 12 [5, 2, 2, 4, 5, 3, 6, 2, 2, 6, 2, 2, 3, 5, 3, 2, 5, 2, 5, 1, 1, 3, 1, 6, 4, 6, 2, 3, 3, 5, 5, 3, 3, 1, 3, 1, 4, 2, 1, 2] [6, 4, 4, 4, 7, 5, 8, 4, 4, 8, 2, 2, 5, 7, 3, 2, 6, 2, 5, 3, 3, 3, 2, 8, 4, 8, 4, 4, 3, 7, 5, 5, 5, 2, 4, 1, 6, 2, 1, 2]
A_13 24.41 A 13 [1, 4, 4, 4, 4, 5, 1, 3, 4, 6, 4, 4, 5, 4, 2, 1, 3, 6, 5, 5, 4, 3, 2, 3, 6, 2, 5, 4, 1, 4, 3, 6, 4, 5, 5, 5, 1, 3, 1, 4] [3, 4, 5, 4, 4, 5, 2, 4, 4, 6, 4, 5, 7, 5, 4, 1, 4, 8, 6, 7, 6, 4, 3, 3, 6, 2, 5, 4, 3, 4, 5, 8, 6, 7, 6, 6, 1, 3, 1, 4]
A_14 25.41 A 14 [4, 2, 1, 5, 3, 3, 4, 3, 6, 2, 4, 2, 3, 2, 3, 2, 5, 1, 1, 1, 4, 3, 3, 5, 1, 4, 3, 5, 3, 3, 6, 6, 6, 6, 6, 5, 2, 3, 3, 1] [6, 2, 1, 6, 4, 4, 5, 3, 6, 3, 6, 4, 3, 4, 4, 2, 7, 2, 3, 1, 4, 4, 4, 7, 2, 5, 4, 7, 5, 5, 7, 6, 8, 8, 6, 7, 2, 4, 3, 3]
A_15 27.12 A 15 [2, 2, 3, 6, 5, 3, 5, 2, 2, 3, 3, 4, 2, 1, 2, 5, 2, 2, 3, 1, 3, 1, 5, 3, 4, 4, 4, 2, 6, 6, 2, 5, 2, 4, 5, 5, 5, 3, 3, 2] [3, 4, 3, 8, 7, 4, 6, 4, 4, 5, 5, 5, 2, 1, 2, 5, 2, 4, 3, 2, 5, 1, 5, 5, 6, 4, 4, 4, 8, 8, 4, 5, 3, 5, 7, 6, 7, 3, 4, 2]
A_16 28.12 A 16 [2, 2, 2, 6, 1, 2, 2, 2, 4, 6, 3, 4, 5, 3, 5, 2, 4, 4, 5, 4, 4, 5, 5, 1, 1, 3, 1, 5, 3, 1, 6, 4, 1, 2, 5, 1, 5, 6, 3, 3] [3, 4, 2, 6, 2, 2, 4, 2, 4, 6, 5, 5, 6, 4, 7, 2, 6, 6, 5, 6, 6, 5, 7, 2, 3, 5, 2, 7, 5, 3, 6, 4, 2, 2, 7, 2, 7, 7, 3, 3]
A_17 29.55 A 17 [1, 6, 2, 1, 1, 2, 6, 2, 5, 3, 5, 5, 2, 6, 1, 2, 4, 1, 2, 6, 6, 3, 5, 2, 4, 3, 3, 5, 1, 2, 4, 5, 6, 1, 1, 1, 1, 4, 3, 2] [1, 7, 4, 1, 2, 3, 6, 3, 7, 3, 6, 6, 2, 8, 2, 4, 6, 2, 3, 8, 7, 3, 6, 3, 5, 4, 4, 6, 3, 3, 5, 6, 7, 1, 1, 3, 3, 5, 5, 3]
A_18 30.55 A 18 [4, 4, 1, 3, 5, 2, 6, 2, 1, 4, 5, 2, 5, 5, 1, 3, 5, 2, 6, 6, 6, 2, 2, 4, 4, 1, 2, 6, 4, 1, 4, 5, 5, 5, 2, 2, 2, 3, 4, 3] [6, 5, 1, 5, 7, 2, 7, 3, 3, 5, 7, 4, 5, 6, 3, 3, 5, 3, 7, 8, 6, 2, 4, 6, 5, 1, 4, 6, 5, 3, 5, 7, 6, 7, 2, 3, 4, 4, 4, 3]
A_19 31.55 A 19 [6, 4, 4, 3, 5, 4, 1, 4, 5, 1, 2, 2, 1, 5, 1, 1, 4, 6, 6, 2, 5, 4, 2, 6, 3, 6, 4, 2, 4, 5, 1, 3, 5, 6, 3, 5, 5, 3, 6, 6] [6, 6, 4, 3, 7, 6, 2, 6, 6, 2, 4, 4, 3, 7, 1, 2, 6, 8, 8, 2, 7, 5, 3, 7, 3, 6, 5, 4, 6, 5, 1, 3, 5, 7, 4, 7, 5, 5, 8, 8]
B_0 1 B 20 [2, 2, 1, 6, 1, 4, 6, 4, 6, 5, 2, 6, 1, 4, 4, 3, 4, 6, 6, 5, 6, 6, 2, 3, 2, 1, 1, 2, 3, 4, 4, 4, 5, 5, 2, 5, 1, 3, 4, 5] [4, 3, 1, 8, 1, 6, 7, 5, 6, 6, 3, 7, 3, 6, 4, 5, 6, 7, 6, 7, 6, 6, 3, 3, 4, 1, 3, 3, 3, 4, 4, 6, 6, 5, 4, 7, 2, 5, 6, 5]
B_1 3.66 B 21 [4, 1, 1, 2, 4, 2, 4, 1, 3, 1, 4, 4, 3, 3, 3, 1, 5, 3, 2, 4, 6, 2, 4, 2, 5, 1, 3, 4, 4, 4, 4, 2, 6, 4, 2, 1, 2, 5, 3, 3] [4, 2, 1, 3, 6, 3, 5, 1, 3, 2, 4, 4, 3, 4, 4, 1, 5, 3, 2, 5, 6, 4, 5, 4, 6, 3, 4, 5, 4, 5, 4, 2, 7, 4, 4, 1, 2, 7, 4, 4]
B_2 9.620000000000001 B 22 [4, 3, 5, 5, 3, 4, 1, 1, 5, 2, 5, 4, 1, 2, 3, 5, 5, 5, 2, 2, 2, 4, 6, 2, 1, 1, 3, 2, 5, 2, 1, 4, 6, 3, 3, 6, 4, 3, 5, 4] [4, 3, 5, 7, 5, 5, 2, 1, 6, 2, 7, 6, 2, 3, 4, 5, 7, 6, 4, 3, 3, 5, 7, 3, 3, 3, 4, 3, 5, 2, 3, 6, 8, 3, 3, 8, 5, 3, 6, 4]
B_3 10.840000000000002 B 23 [4, 5, 3, 2, 3, 6, 4, 1, 4, 6, 1, 5, 6, 3, 5, 3, 1, 2, 4, 6, 3, 2, 2, 4, 3, 3, 1, 6, 4, 2, 3, 2, 5, 6, 2, 2, 1, 3, 3, 4] [6, 5, 5, 2, 4, 8, 4, 3, 5, 7, 1, 7, 8, 3, 7, 5, 2, 3, 6, 7, 3, 4, 3, 5, 5, 3, 3, 7, 4, 3, 5, 3, 7, 8, 4, 4, 3, 5, 5, 6]
B_4 13.71 B 24 [6, 4, 3, 3, 6, 6, 4, 3, 6, 5, 5, 3, 4, 6, 1, 4, 1, 4, 4, 3, 2, 5, 1, 3, 2, 2, 3, 5, 3, 2, 3, 6, 5, 1, 2, 4, 5, 4, 1, 4] [6, 5, 5, 3, 6, 7, 4, 4, 7, 7, 6, 3, 4, 6, 2, 6, 3, 5, 5, 3, 4, 6, 3, 5, 4, 4, 3, 6, 5, 3, 3, 8, 6, 3, 3, 5, 5, 5, 1, 4]
B_5 15.420000000000002 B 25 [3, 4, 5, 3, 3, 1, 2, 1, 3, 1, 5, 4, 6, 2, 4, 4, 3, 3, 1, 6, 1, 1, 1, 3, 2, 5, 5, 5, 1, 4, 2, 2, 1, 1, 4, 4, 4, 6, 3, 2] [3, 5, 7, 3, 4, 3, 3, 1, 4, 3, 6, 5, 8, 2, 5, 4, 5, 4, 1, 6, 1, 3, 3, 3, 4, 7, 5, 5, 1, 4, 4, 3, 3, 3, 6, 6, 5, 7, 5, 4]
B_6 17.87 B 26 [2, 1, 5, 1, 5, 3, 3, 3, 5, 6, 1, 4, 2, 5, 3, 4, 1, 3, 2, 4, 1, 3, 3, 1, 3, 5, 6, 1, 3, 5, 1, 6, 4, 2, 6, 4, 5, 3, 1, 2] [4, 2, 6, 2, 7, 4, 5, 4, 7, 8, 1, 5, 4, 5, 4, 4, 2, 4, 4, 5, 3, 4, 4, 3, 3, 5, 6, 3, 3, 6, 1, 6, 6, 3, 7, 6, 7, 4, 3, 3]
B_7 18.87 B 27 [5, 6, 4, 6, 1, 5, 4, 5, 3, 1, 1, 4, 3, 4, 5, 2, 5, 5, 6, 2, 2, 4, 2, 6, 5, 5, 1, 3, 6, 2, 1, 1, 6, 3, 2, 5, 5, 3, 1, 5] [6, 6, 4, 8, 2, 5, 5, 5, 3, 2, 1, 6, 4, 4, 7, 4, 7, 6, 6, 4, 3, 5, 3, 7, 6, 5, 3, 3, 6, 4, 3, 3, 6, 3, 3, 5, 7, 5, 3, 7]
B_8 19.87 B 28 [1, 5, 2, 4, 4, 2, 1, 3, 5, 1, 4, 6, 3, 1, 3, 6, 3, 1, 4, 4, 3, 4, 5, 4, 3, 1, 3, 6, 1, 1, 6, 5, 1, 4, 5, 4, 4, 1, 1, 6] [1, 6, 3, 5, 5, 2, 1, 5, 5, 1, 4, 8, 3, 3, 5, 8, 5, 3, 5, 6, 3, 4, 5, 4, 5, 1, 3, 6, 2, 1, 8, 6, 1, 6, 6, 6, 5, 1, 1, 8]
B_9 24.380000000000003 B 29 [1, 4, 4, 3, 3, 2, 4, 1, 2, 2, 6, 5, 5, 4, 3, 6, 1, 2, 1, 5, 4, 4, 2, 2, 2, 4, 5, 2, 1, 4, 1, 5, 6, 2, 5, 3, 6, 5, 2, 2] [2, 4, 6, 5, 5, 3, 5, 3, 3, 4, 7, 7, 7, 4, 5, 8, 3, 3, 3, 5, 4, 5, 2, 3, 3, 4, 6, 4, 1, 5, 3, 5, 8, 2, 7, 5, 7, 6, 2, 2]
B_10 26.040000000000003 B 30 [5, 2, 1, 3, 4, 1, 1, 2, 3, 6, 4, 4, 5, 3, 6, 2, 6, 4, 4, 1, 4, 4, 1, 3, 3, 2, 1, 1, 6, 1, 1, 5, 4, 5, 2, 3, 2, 6, 2, 3] [6, 4, 2, 4, 4, 2, 2, 3, 4, 7, 4, 5, 5, 5, 7, 4, 6, 5, 5, 1, 4, 4, 3, 5, 3, 4, 1, 3, 8, 3, 1, 6, 5, 6, 2, 3, 2, 8, 2, 4]
B_11 31.500000000000004 B 31 [5, 3, 4, 1, 6, 1, 4, 2, 6, 4, 3, 6, 3, 6, 6, 5, 4, 5, 5, 3, 4, 2, 4, 2, 6, 2, 6, 1, 5, 5, 5, 4, 5, 5, 6, 5, 6, 3, 2, 2] [6, 5, 4, 1, 8, 2, 5, 4, 8, 5, 4, 8, 5, 8, 6, 5, 4, 6, 7, 3, 6, 2, 6, 3, 8, 3, 6, 3, 6, 5, 6, 4, 6, 5, 8, 5, 8, 3, 2, 4]
B_12 32.74 B 32 [2, 2, 4, 1, 2, 6, 3, 3, 3, 2, 4, 2, 3, 4, 6, 2, 1, 6, 5, 5, 5, 6, 6, 5, 5, 1, 4, 6, 1, 6, 4, 5, 2, 6, 6, 2, 2, 4, 6, 2] [2, 3, 6, 1, 4, 7, 3, 3, 4, 2, 5, 2, 5, 6, 8, 3, 2, 7, 6, 5, 6, 7, 8, 7, 6, 3, 6, 6, 1, 8, 5, 6, 4, 8, 8, 2, 4, 4, 7, 3]
B_13 34.29 B 33 [1, 5, 3, 4, 2, 6, 5, 5, 3, 5, 4, 2, 1, 5, 6, 4, 2, 1, 5, 6, 5, 4, 3, 6, 1, 1, 2, 3, 4, 2, 5, 5, 6, 2, 2, 2, 5, 5, 5, 3] [1, 7, 5, 6, 2, 8, 7, 5, 3, 7, 5, 4, 2, 7, 8, 5, 2, 1, 7, 7, 5, 4, 3, 8, 3, 3, 3, 3, 6, 2, 6, 5, 8, 2, 2, 4, 7, 6, 7, 3]
B_14 35.29 B 34 [1, 1, 1, 2, 6, 6, 3, 6, 1, 5, 4, 6, 3, 5, 6, 5, 5, 1, 2, 3, 2, 2, 3, 2, 2, 4, 6, 2, 5, 5, 2, 6, 6, 2, 6, 5, 6, 3, 5, 1] [2, 3, 3, 4, 8, 6, 3, 7, 2, 5, 4, 8, 4, 6, 6, 7, 7, 1, 2, 4, 4, 4, 3, 4, 3, 6, 7, 3, 6, 7, 2, 8, 8, 2, 7, 5, 7, 3, 6, 3]
B_15 36.63 B 35 [6, 1, 1, 3, 3, 3, 3, 2, 1, 3, 2, 6, 1, 5, 5, 5, 1, 1, 2, 5, 5, 1, 6, 2, 4, 4, 4, 5, 4, 3, 3, 5, 2, 2, 5, 1, 2, 1, 6, 5] [8, 1, 2, 5, 3, 5, 4, 2, 2, 4, 3, 6, 1, 6, 7, 6, 2, 3, 3, 7, 7, 1, 8, 4, 5, 6, 6, 5, 6, 5, 3, 5, 2, 4, 5, 2, 4, 2, 6, 6]
B_16 39.43 B 36 [5, 6, 3, 5, 1, 3, 5, 2, 5, 6, 6, 6, 4, 1, 2, 5, 5, 1, 2, 5, 1, 2, 4, 1, 5, 4, 5, 5, 4, 6, 2, 6, 2, 5, 6, 2, 1, 2, 4, 1] [7, 8, 3, 7, 1, 5, 5, 2, 7, 7, 6, 7, 6, 1, 2, 7, 7, 3, 4, 5, 2, 2, 5, 3, 5, 5, 7, 7, 5, 7, 2, 8, 4, 7, 7, 4, 2, 2, 5, 1]
B_17 41.36 B 37 [5, 5, 2, 3, 2, 5, 6, 4, 1, 4, 2, 4, 2, 3, 3, 3, 6, 4, 3, 3, 3, 5, 3, 3, 4, 6, 3, 3, 1, 5, 6, 3, 4, 5, 3, 1, 2, 3, 1, 6] [7, 5, 4, 4, 2, 6, 8, 4, 2, 6, 3, 6, 2, 3, 4, 3, 7, 5, 4, 5, 5, 7, 3, 5, 5, 7, 4, 5, 1, 6, 8, 3, 4, 6, 3, 2, 2, 3, 1, 8]
B_18 43.41 B 38 [2, 5, 4, 3, 6, 3, 4, 5, 1, 1, 2, 2, 1, 1, 3, 3, 3, 3, 4, 6, 4, 3, 5, 3, 1, 3, 1, 1, 1, 2, 2, 2, 6, 5, 5, 6, 4, 1, 2, 3] [2, 6, 4, 4, 6, 5, 4, 6, 3, 1, 2, 3, 1, 1, 3, 4, 3, 5, 4, 8, 6, 4, 6, 5, 1, 5, 3, 3, 1, 2, 2, 2, 7, 7, 6, 6, 5, 1, 2, 5]
B_19 44.41 B 39 [2, 4, 5, 5, 4, 4, 6, 1, 6, 5, 3, 2, 2, 4, 1, 2, 3, 2, 3, 6, 5, 3, 4, 4, 4, 2, 2, 5, 6, 2, 3, 2, 2, 3, 1, 5, 1, 6, 3, 2] [4, 5, 6, 5, 4, 4, 7, 1, 7, 6, 4, 4, 2, 4, 3, 2, 3, 3, 3, 8, 5, 4, 4, 6, 4, 4, 3, 7, 8, 2, 4, 4, 3, 3, 3, 6, 1, 8, 5, 3]
