0
0 B_0 82 0 0
7 A_0 89 0 1
7 B_1 96 0 2
2 B_2 98 0 3
3 B_3 101 0 4
4 B_4 105 0 5
2 B_5 107 0 6
7 A_1 114 0 7
2 A_2 116 0 8
2 A_3 118 0 9
1 A_4 119 0 10
7 B_6 126 0 11
2 B_7 128 0 12
4 B_8 132 0 13
3 B_9 135 0 14
6 A_5 141 0 15
4 A_6 145 0 16
5 B_10 150 0 17
1 B_11 151 0 18
3 B_12 154 0 19
3 B_13 157 0 20
4 B_14 161 0 21
4 A_7 165 0 22
1 A_8 166 0 23
2 A_9 168 0 24
1 A_10 169 0 25
6 B_15 175 0 26
2 B_16 177 0 27
4 A_11 181 0 28
1 A_12 182 0 29
4 A_13 186 0 30
5 B_17 191 0 31
5 A_14 196 0 32
6 B_18 202 0 33
5 A_15 207 0 34
4 B_19 211 0 35
6 A_16 217 0 36
3 A_17 220 0 37
5 B_20 225 0 38
4 A_18 229 0 39
2 A_19 231 0 40
1 A_20 232 0 41
2 A_21 234 0 42
3 A_22 237 0 43
2 A_23 239 0 44
2 A_24 241 0 45
4 A_25 245 0 46
2 A_26 247 0 47
6 B_21 253 0 48
6 A_27 259 0 49
3 A_28 262 0 50
4 B_22 266 0 51
1 B_23 267 0 52
2 B_24 269 0 53
4 A_29 273 0 54
4 B_25 277 0 55
3 A_30 280 0 56
4 B_26 284 0 57
6 A_31 290 0 58
4 A_32 294 0 59
1 A_33 295 0 60
3 A_34 298 0 61
6 B_27 304 0 62
4 A_35 308 0 63
6 B_28 314 0 64
5 A_36 319 0 65
6 B_29 325 0 66
7 A_37 332 0 67
4 B_30 336 0 68
5 A_38 341 0 69
3 B_31 344 0 70
2 B_32 346 0 71
3 A_39 349 0 72
4 A_40 353 0 73
4 A_41 357 0 74
5 B_33 362 0 75
3 B_34 365 0 76
7 A_42 372 0 77
6 B_35 378 0 78
4 B_36 382 0 79
5 A_43 387 0 80
4 A_44 391 0 81
4 A_45 395 0 82
1 A_46 396 0 83
1 A_47 397 0 84
3 A_48 400 0 85
4 B_37 404 0 86
6 A_49 410 0 87
4 B_38 414 0 88
4 B_39 418 0 89
7 A_50 425 0 90
5 B_40 430 0 91
4 A_51 434 0 92
4 B_41 438 0 93
3 B_42 441 0 94
4 A_52 445 0 95
3 A_53 448 0 96
3 A_54 451 0 97
2 A_55 453 0 98
4 A_56 457 0 99
4 A_57 461 0 100
5 B_43 466 0 101
4 A_58 470 0 102
4 B_44 474 0 103
7 A_59 481 0 104
5 B_45 486 0 105
1 B_46 487 0 106
3 B_47 490 0 107
2 B_48 492 0 108
1 B_49 493 0 109
3 B_50 496 0 110
3 B_51 499 0 111
1 B_52 500 0 112
3 B_53 503 0 113
1 B_54 504 0 114
1 B_55 505 0 115
1 B_56 506 0 116
2 B_57 508 0 117
3 B_58 511 0 118
4 B_59 515 0 119
No lane change: 515 220.81991666666667 0.00021600723266601562
---------------------
in formation_2
pass
---------------------
in formation_3
pass
---------------------
in formation_4
pass
---------------------
in formation_5
pass
---------------------
in formation_6
pass
---------------------
in formation_7
pass
error in formulation  []
