1
0 B_0 82 0 0
4 A_0 86 1 1
4 B_1 90 0 2
2 B_2 92 0 3
3 B_3 95 0 4
4 B_4 99 0 5
2 B_5 101 0 6
4 A_1 105 1 7
2 A_2 107 1 8
2 A_3 109 1 9
1 A_4 110 1 10
4 B_6 114 0 11
2 B_7 116 0 12
4 B_8 120 0 13
3 B_9 123 0 14
3 A_5 126 1 15
4 A_6 130 1 16
3 B_10 133 0 17
1 B_11 134 0 18
3 B_12 137 0 19
3 B_13 140 0 20
4 B_14 144 0 21
2 A_7 146 1 22
1 A_8 147 1 23
2 A_9 149 1 24
1 A_10 150 1 25
3 B_15 153 0 26
2 B_16 155 0 27
2 A_11 157 1 28
1 A_12 158 1 29
4 A_13 162 1 30
3 B_17 165 0 31
2 A_14 167 1 32
3 B_18 170 0 33
3 A_15 173 1 34
2 B_19 175 0 35
3 A_16 178 1 36
3 A_17 181 1 37
2 B_20 183 0 38
1 A_18 184 1 39
2 A_19 186 1 40
1 A_20 187 1 41
2 A_21 189 1 42
3 A_22 192 1 43
2 A_23 194 1 44
2 A_24 196 1 45
4 A_25 200 1 46
2 A_26 202 1 47
3 B_21 205 0 48
4 A_27 209 1 49
3 A_28 212 1 50
2 B_22 214 0 51
1 B_23 215 0 52
2 B_24 217 0 53
1 A_29 218 1 54
2 B_25 220 0 55
3 A_30 223 0 56
1 B_26 224 1 57
3 A_31 227 0 58
4 A_32 231 0 59
1 A_33 232 0 60
3 A_34 235 0 61
3 B_27 238 1 62
2 A_35 240 0 63
4 B_28 244 1 64
2 A_36 246 0 65
4 B_29 250 1 66
4 A_37 254 0 67
2 B_30 256 1 68
2 A_38 258 0 69
3 B_31 261 0 70
2 B_32 263 0 71
3 A_39 266 0 72
4 A_40 270 0 73
4 A_41 274 0 74
2 B_33 276 1 75
3 B_34 279 1 76
4 A_42 283 0 77
3 B_35 286 1 78
4 B_36 290 1 79
2 A_43 292 0 80
4 A_44 296 0 81
4 A_45 300 0 82
1 A_46 301 0 83
1 A_47 302 0 84
3 A_48 305 0 85
1 B_37 306 1 86
4 A_49 310 0 87
1 B_38 311 1 88
4 B_39 315 1 89
4 A_50 319 0 90
3 B_40 322 1 91
2 A_51 324 0 92
2 B_41 326 1 93
3 B_42 329 1 94
2 A_52 331 0 95
3 A_53 334 0 96
3 A_54 337 0 97
2 A_55 339 0 98
4 A_56 343 0 99
4 A_57 347 0 100
3 B_43 350 1 101
2 A_58 352 0 102
1 B_44 353 1 103
4 A_59 357 0 104
2 B_45 359 1 105
1 B_46 360 1 106
3 B_47 363 1 107
2 B_48 365 1 108
1 B_49 366 1 109
3 B_50 369 1 110
3 B_51 372 1 111
1 B_52 373 1 112
3 B_53 376 1 113
1 B_54 377 1 114
1 B_55 378 1 115
1 B_56 379 1 116
2 B_57 381 1 117
3 B_58 384 1 118
4 B_59 388 1 119
greedy: 388 154.70325000000008 0.0011899471282958984
---------------------
in formation_2
pass
---------------------
in formation_3
pass
---------------------
in formation_4
pass
---------------------
in formation_5
pass
---------------------
in formation_6
pass
---------------------
in formation_7
pass
error in formulation  []
