2
[0, 0, 0, 0, 0, 0, 0, 0, 0, 0, 2, 2, 2, 1, 1, 1, 3, 0, 0, 0, 0, 0, 0, 0, 0, 3, 0, 3, 3, 0, 3, 0, 3, 3, 3, 0, 0, 0, 0, 0, 0, 0, 0, 3, 0, 0, 0, 0, 0, 0, 0, 3, 1, 2, 2, 2, 2, 2, 2, 1, 1, 2, 1, 2, 2, 2, 2, 2, 2, 2, 2, 2, 2, 1, 2, 2, 2, 2, 2, 2, 1, 1, 2, 2, 1, 1, 2, 2, 2, 0, 3, 0, 0, 0, 0, 2, 2, 2, 2, 2, 0, 3, 0, 0, 0, 2, 2, 2, 2, 2, 2, 1, 2, 2, 1, 2, 2, 2, 2, 1]
0 A_0 82 0 0
2 A_1 84 0 1
3 A_2 87 0 2
4 A_3 91 0 3
1 A_4 92 0 4
4 A_5 96 0 5
1 A_6 97 0 6
1 A_7 98 0 7
2 A_8 100 0 8
4 A_9 104 0 9
5 B_0 109 0 10
1 B_1 110 0 11
2 B_2 112 0 12
3 A_10 115 1 13
4 A_11 119 1 14
5 A_12 124 1 15
4 B_3 128 1 16
1 A_13 129 0 17
2 A_14 131 0 18
4 A_15 135 0 19
3 A_16 138 0 20
4 A_17 142 0 21
3 A_18 145 0 22
2 A_19 147 0 23
3 A_20 150 0 24
3 B_4 153 1 25
4 A_21 157 0 26
2 B_5 159 1 27
4 B_6 163 1 28
2 A_22 165 0 29
2 B_7 167 1 30
4 A_23 171 0 31
4 B_8 175 1 32
4 B_9 179 1 33
4 B_10 183 1 34
4 A_24 187 0 35
4 A_25 191 0 36
4 A_26 195 0 37
1 A_27 196 0 38
1 A_28 197 0 39
1 A_29 198 0 40
2 A_30 200 0 41
1 A_31 201 0 42
2 B_11 203 1 43
2 A_32 205 0 44
4 A_33 209 0 45
2 A_34 211 0 46
1 A_35 212 0 47
4 A_36 216 0 48
2 A_37 218 0 49
2 A_38 220 0 50
1 B_12 221 1 51
5 A_39 226 1 52
3 B_13 229 0 53
1 B_14 230 0 54
3 B_15 233 0 55
2 B_16 235 0 56
2 B_17 237 0 57
3 B_18 240 0 58
1 A_40 241 1 59
4 A_41 245 1 60
4 B_19 249 0 61
3 A_42 252 1 62
4 B_20 256 0 63
4 B_21 260 0 64
1 B_22 261 0 65
2 B_23 263 0 66
5 B_24 268 0 67
4 B_25 272 0 68
4 B_26 276 0 69
3 B_27 279 0 70
5 B_28 284 0 71
3 B_29 287 0 72
3 A_43 290 1 73
1 B_30 291 0 74
4 B_31 295 0 75
3 B_32 298 0 76
2 B_33 300 0 77
2 B_34 302 0 78
1 B_35 303 0 79
3 A_44 306 1 80
3 A_45 309 1 81
4 B_36 313 0 82
1 B_37 314 0 83
4 A_46 318 1 84
4 A_47 322 1 85
3 B_38 325 0 86
2 B_39 327 0 87
4 B_40 331 0 88
4 A_48 335 0 89
1 B_41 336 1 90
4 A_49 340 0 91
2 A_50 342 0 92
1 A_51 343 0 93
1 A_52 344 0 94
5 B_42 349 0 95
4 B_43 353 0 96
3 B_44 356 0 97
1 B_45 357 0 98
5 B_46 362 0 99
3 A_53 365 0 100
3 B_47 368 1 101
3 A_54 371 0 102
2 A_55 373 0 103
3 A_56 376 0 104
8 B_48 384 0 105
4 B_49 388 0 106
1 B_50 389 0 107
5 B_51 394 0 108
3 B_52 397 0 109
2 B_53 399 0 110
1 A_57 400 1 111
3 B_54 403 0 112
4 B_55 407 0 113
4 A_58 411 1 114
2 B_56 413 0 115
2 B_57 415 0 116
3 B_58 418 0 117
2 B_59 420 0 118
2 A_59 422 1 119
dp: 422
---------------------
in formation_2
pass
---------------------
in formation_3
pass
---------------------
in formation_4
pass
---------------------
in formation_5
pass
---------------------
in formation_6
pass
---------------------
in formation_7
pass
error in formulation  []
