3
0 A_0 83 0 0
7 B_0 90 0 1
4 B_1 94 0 2
2 B_2 96 0 3
3 B_3 99 0 4
5 A_1 104 0 5
2 A_2 106 0 6
2 A_3 108 0 7
1 A_4 109 0 8
4 A_5 113 0 9
4 B_4 117 0 10
2 B_5 119 0 11
4 A_6 123 0 12
3 A_7 126 0 13
1 A_8 127 0 14
2 A_9 129 0 15
1 A_10 130 0 16
1 A_11 131 0 17
1 A_12 132 0 18
4 A_13 136 0 19
4 A_14 140 0 20
3 A_15 143 0 21
2 A_16 145 0 22
3 A_17 148 0 23
1 A_18 149 0 24
2 A_19 151 0 25
1 A_20 152 0 26
2 A_21 154 0 27
3 A_22 157 0 28
2 A_23 159 0 29
2 A_24 161 0 30
3 B_6 164 0 31
2 B_7 166 0 32
3 A_25 169 0 33
2 A_26 171 0 34
2 A_27 173 0 35
3 A_28 176 0 36
3 A_29 179 0 37
3 A_30 182 0 38
4 A_31 186 0 39
4 A_32 190 0 40
1 A_33 191 0 41
3 A_34 194 0 42
3 A_35 197 0 43
2 A_36 199 0 44
4 A_37 203 0 45
2 A_38 205 0 46
4 A_39 209 0 47
4 A_40 213 0 48
3 B_8 216 0 49
3 B_9 219 0 50
1 B_10 220 0 51
1 B_11 221 0 52
3 A_41 224 0 53
4 A_42 228 0 54
2 A_43 230 0 55
4 A_44 234 0 56
3 B_12 237 0 57
3 B_13 240 0 58
4 B_14 244 0 59
2 B_15 246 0 60
2 B_16 248 0 61
1 B_17 249 0 62
3 B_18 252 0 63
1 B_19 253 0 64
1 B_20 254 0 65
3 B_21 257 0 66
3 B_22 260 0 67
1 B_23 261 0 68
2 B_24 263 0 69
3 B_25 266 0 70
3 B_26 269 0 71
3 A_45 272 0 72
1 A_46 273 0 73
1 A_47 274 0 74
3 A_48 277 0 75
2 A_49 279 0 76
3 A_50 282 0 77
1 A_51 283 0 78
4 A_52 287 0 79
3 A_53 290 0 80
3 A_54 293 0 81
2 A_55 295 0 82
4 A_56 299 0 83
3 B_27 302 0 84
2 B_28 304 0 85
4 B_29 308 0 86
3 B_30 311 0 87
1 B_31 312 0 88
2 B_32 314 0 89
1 B_33 315 0 90
3 B_34 318 0 91
3 B_35 321 0 92
3 A_57 324 0 93
1 A_58 325 0 94
4 A_59 329 0 95
3 B_36 332 0 96
1 B_37 333 0 97
3 B_38 336 0 98
4 B_39 340 0 99
1 B_40 341 0 100
1 B_41 342 0 101
3 B_42 345 0 102
4 B_43 349 0 103
2 B_44 351 0 104
3 B_45 354 0 105
1 B_46 355 0 106
3 B_47 358 0 107
2 B_48 360 0 108
1 B_49 361 0 109
3 B_50 364 0 110
3 B_51 367 0 111
1 B_52 368 0 112
3 B_53 371 0 113
1 B_54 372 0 114
1 B_55 373 0 115
1 B_56 374 0 116
2 B_57 376 0 117
3 B_58 379 0 118
4 B_59 383 0 119
nldp: 383 156.04491666666672 0.03629493713378906
---------------------
in formation_2
pass
---------------------
in formation_3
pass
---------------------
in formation_4
pass
---------------------
in formation_5
pass
---------------------
in formation_6
pass
---------------------
in formation_7
pass
error in formulation  []
