0
0 B_0 82 0 0
5 A_0 87 0 1
3 A_1 90 0 2
5 B_1 95 0 3
6 A_2 101 0 4
4 B_2 105 0 5
5 A_3 110 0 6
4 B_3 114 0 7
2 B_4 116 0 8
3 A_4 119 0 9
5 B_5 124 0 10
2 B_6 126 0 11
5 A_5 131 0 12
4 B_7 135 0 13
6 A_6 141 0 14
2 A_7 143 0 15
3 A_8 146 0 16
2 A_9 148 0 17
5 B_8 153 0 18
3 B_9 156 0 19
4 B_10 160 0 20
1 B_11 161 0 21
3 A_10 164 0 22
3 A_11 167 0 23
2 A_12 169 0 24
1 A_13 170 0 25
3 B_12 173 0 26
4 A_14 177 0 27
2 A_15 179 0 28
6 B_13 185 0 29
4 A_16 189 0 30
5 B_14 194 0 31
3 A_17 197 0 32
5 B_15 202 0 33
1 B_16 203 0 34
2 B_17 205 0 35
1 B_18 206 0 36
4 A_18 210 0 37
3 A_19 213 0 38
4 B_19 217 0 39
6 A_20 223 0 40
5 B_20 228 0 41
5 A_21 233 0 42
4 B_21 237 0 43
3 A_22 240 0 44
4 B_22 244 0 45
3 B_23 247 0 46
3 B_24 250 0 47
6 A_23 256 0 48
7 B_25 263 0 49
3 A_24 266 0 50
4 A_25 270 0 51
3 B_26 273 0 52
4 A_26 277 0 53
3 B_27 280 0 54
3 A_27 283 0 55
6 B_28 289 0 56
4 A_28 293 0 57
6 B_29 299 0 58
3 A_29 302 0 59
6 B_30 308 0 60
4 A_30 312 0 61
1 A_31 313 0 62
3 B_31 316 0 63
3 A_32 319 0 64
5 B_32 324 0 65
2 B_33 326 0 66
7 A_33 333 0 67
3 A_34 336 0 68
4 A_35 340 0 69
5 B_34 345 0 70
3 B_35 348 0 71
5 A_36 353 0 72
7 B_36 360 0 73
7 A_37 367 0 74
6 B_37 373 0 75
5 A_38 378 0 76
2 A_39 380 0 77
3 B_38 383 0 78
5 A_40 388 0 79
1 A_41 389 0 80
3 B_39 392 0 81
3 A_42 395 0 82
3 B_40 398 0 83
3 B_41 401 0 84
4 A_43 405 0 85
5 B_42 410 0 86
6 A_44 416 0 87
2 A_45 418 0 88
5 B_43 423 0 89
6 A_46 429 0 90
6 B_44 435 0 91
3 A_47 438 0 92
6 B_45 444 0 93
3 A_48 447 0 94
6 B_46 453 0 95
4 B_47 457 0 96
4 A_49 461 0 97
6 B_48 467 0 98
5 A_50 472 0 99
4 A_51 476 0 100
1 A_52 477 0 101
3 A_53 480 0 102
3 A_54 483 0 103
6 B_49 489 0 104
4 A_55 493 0 105
4 A_56 497 0 106
7 B_50 504 0 107
3 A_57 507 0 108
1 A_58 508 0 109
5 B_51 513 0 110
3 B_52 516 0 111
7 A_59 523 0 112
5 B_53 528 0 113
1 B_54 529 0 114
4 B_55 533 0 115
4 B_56 537 0 116
2 B_57 539 0 117
3 B_58 542 0 118
2 B_59 544 0 119
No lane change: 544 247.08325000000008 0.0007369518280029297
---------------------
in formation_2
pass
---------------------
in formation_3
pass
---------------------
in formation_4
pass
---------------------
in formation_5
pass
---------------------
in formation_6
pass
---------------------
in formation_7
pass
error in formulation  []
