1
0 A_0 82 0 0
1 A_1 83 0 1
5 B_0 88 1 2
4 A_2 92 0 3
2 A_3 94 0 4
6 B_1 100 1 5
6 A_4 106 0 6
1 B_2 107 1 7
6 A_5 113 0 8
1 A_6 114 0 9
6 B_3 120 1 10
5 A_7 125 0 11
6 B_4 131 1 12
2 A_8 133 0 13
5 B_5 138 1 14
5 B_6 143 1 15
3 A_9 146 0 16
4 B_7 150 1 17
2 A_10 152 0 18
2 A_11 154 0 19
3 B_8 157 1 20
2 B_9 159 1 21
6 A_12 165 0 22
2 A_13 167 0 23
3 B_10 170 0 24
6 A_14 176 1 25
5 B_11 181 0 26
3 A_15 184 1 27
1 A_16 185 1 28
6 A_17 191 1 29
3 A_18 194 1 30
1 A_19 195 1 31
5 B_12 200 0 32
3 A_20 203 1 33
3 B_13 206 0 34
5 A_21 211 1 35
4 B_14 215 0 36
4 A_22 219 1 37
1 B_15 220 0 38
3 A_23 223 0 39
5 B_16 228 1 40
1 A_24 229 0 41
3 B_17 232 1 42
4 A_25 236 0 43
5 A_26 241 0 44
2 A_27 243 0 45
4 A_28 247 0 46
2 A_29 249 0 47
4 A_30 253 0 48
5 A_31 258 0 49
3 B_18 261 1 50
6 A_32 267 0 51
1 B_19 268 1 52
1 B_20 269 1 53
3 B_21 272 1 54
4 B_22 276 1 55
2 B_23 278 1 56
1 B_24 279 1 57
3 A_33 282 1 58
3 B_25 285 0 59
1 B_26 286 0 60
3 B_27 289 0 61
1 A_34 290 1 62
2 B_28 292 0 63
3 A_35 295 1 64
3 A_36 298 1 65
3 B_29 301 1 66
5 A_37 306 0 67
6 B_30 312 1 68
4 A_38 316 0 69
5 B_31 321 1 70
3 A_39 324 0 71
5 B_32 329 1 72
3 A_40 332 0 73
2 B_33 334 1 74
3 A_41 337 0 75
6 B_34 343 1 76
6 A_42 349 0 77
4 B_35 353 1 78
3 A_43 356 0 79
4 B_36 360 1 80
6 A_44 366 0 81
4 A_45 370 0 82
6 A_46 376 0 83
6 A_47 382 0 84
3 A_48 385 0 85
2 A_49 387 0 86
6 A_50 393 0 87
2 A_51 395 0 88
4 B_37 399 1 89
2 B_38 401 1 90
3 A_52 404 0 91
6 A_53 410 0 92
6 B_39 416 1 93
4 A_54 420 0 94
1 A_55 421 0 95
6 B_40 427 1 96
3 A_56 430 0 97
5 B_41 435 1 98
3 A_57 438 1 99
3 A_58 441 1 100
2 B_42 443 0 101
3 B_43 446 0 102
2 B_44 448 0 103
3 A_59 451 1 104
5 B_45 456 0 105
4 B_46 460 0 106
6 B_47 466 0 107
6 B_48 472 0 108
5 B_49 477 0 109
6 B_50 483 0 110
3 B_51 486 0 111
3 B_52 489 0 112
5 B_53 494 0 113
4 B_54 498 0 114
5 B_55 503 0 115
5 B_56 508 0 116
1 B_57 509 0 117
2 B_58 511 0 118
5 B_59 516 0 119
greedy: 516
---------------------
in formation_2
pass
---------------------
in formation_3
pass
---------------------
in formation_4
pass
---------------------
in formation_5
pass
---------------------
in formation_6
pass
---------------------
in formation_7
pass
error in formulation  []
