2
[0, 0, 0, 0, 0, 0, 0, 0, 3, 3, 1, 2, 2, 2, 2, 2, 2, 2, 2, 2, 2, 2, 2, 2, 2, 2, 2, 2, 2, 2, 2, 2, 2, 2, 2, 2, 2, 3, 0, 0, 0, 0, 0, 0, 0, 0, 3, 0, 0, 0, 3, 0, 3, 0, 0, 0, 3, 0, 0, 0, 0, 0, 0, 0, 0, 0, 0, 0, 3, 3, 0, 0, 0, 0, 2, 2, 1, 2, 2, 1, 2, 2, 2, 2, 2, 2, 0, 3, 3, 0, 3, 0, 0, 3, 3, 1, 2, 2, 2, 1, 2, 0, 0, 0, 2, 1, 2, 1, 2, 2, 2, 1, 3, 0, 0, 0, 0, 0, 0, 0]
0 A_0 82 0 0
1 A_1 83 0 1
3 A_2 86 0 2
2 A_3 88 0 3
3 A_4 91 0 4
3 A_5 94 0 5
1 A_6 95 0 6
2 A_7 97 0 7
5 B_0 102 1 8
4 B_1 106 1 9
4 A_8 110 1 10
3 B_2 113 0 11
1 B_3 114 0 12
5 B_4 119 0 13
2 B_5 121 0 14
5 B_6 126 0 15
5 B_7 131 0 16
1 B_8 132 0 17
2 B_9 134 0 18
4 B_10 138 0 19
5 B_11 143 0 20
1 B_12 144 0 21
4 B_13 148 0 22
5 B_14 153 0 23
1 B_15 154 0 24
5 B_16 159 0 25
3 B_17 162 0 26
5 B_18 167 0 27
1 B_19 168 0 28
1 B_20 169 0 29
3 B_21 172 0 30
4 B_22 176 0 31
2 B_23 178 0 32
1 B_24 179 0 33
5 B_25 184 0 34
1 B_26 185 0 35
3 B_27 188 0 36
5 B_28 193 1 37
4 A_9 197 0 38
3 A_10 200 0 39
2 A_11 202 0 40
1 A_12 203 0 41
2 A_13 205 0 42
4 A_14 209 0 43
3 A_15 212 0 44
1 A_16 213 0 45
2 B_29 215 1 46
2 A_17 217 0 47
3 A_18 220 0 48
1 A_19 221 0 49
3 B_30 224 1 50
4 A_20 228 0 51
3 B_31 231 1 52
4 A_21 235 0 53
2 A_22 237 0 54
1 A_23 238 0 55
3 B_32 241 1 56
1 A_24 242 0 57
1 A_25 243 0 58
5 A_26 248 0 59
2 A_27 250 0 60
4 A_28 254 0 61
2 A_29 256 0 62
4 A_30 260 0 63
5 A_31 265 0 64
2 A_32 267 0 65
1 A_33 268 0 66
4 A_34 272 0 67
3 B_33 275 1 68
4 B_34 279 1 69
1 A_35 280 0 70
3 A_36 283 0 71
1 A_37 284 0 72
2 A_38 286 0 73
4 B_35 290 0 74
2 B_36 292 0 75
4 A_39 296 1 76
4 B_37 300 0 77
2 B_38 302 0 78
4 A_40 306 1 79
3 B_39 309 0 80
3 B_40 312 0 81
1 B_41 313 0 82
3 B_42 316 0 83
3 B_43 319 0 84
2 B_44 321 0 85
3 A_41 324 0 86
4 B_45 328 1 87
4 B_46 332 1 88
3 A_42 335 0 89
5 B_47 340 1 90
4 A_43 344 0 91
2 A_44 346 0 92
1 B_48 347 1 93
5 B_49 352 1 94
4 A_45 356 1 95
2 B_50 358 0 96
3 B_51 361 0 97
3 B_52 364 0 98
3 A_46 367 1 99
1 B_53 368 0 100
4 A_47 372 0 101
3 A_48 375 0 102
2 A_49 377 0 103
3 B_54 380 0 104
4 A_50 384 1 105
3 B_55 387 0 106
1 A_51 388 1 107
4 B_56 392 0 108
1 B_57 393 0 109
2 B_58 395 0 110
3 A_52 398 1 111
3 B_59 401 1 112
3 A_53 404 0 113
1 A_54 405 0 114
1 A_55 406 0 115
3 A_56 409 0 116
1 A_57 410 0 117
3 A_58 413 0 118
1 A_59 414 0 119
dp: 414
---------------------
in formation_2
pass
---------------------
in formation_3
pass
---------------------
in formation_4
pass
---------------------
in formation_5
pass
---------------------
in formation_6
pass
---------------------
in formation_7
pass
error in formulation  []
