3
0 A_0 83 0 0
3 A_1 86 0 1
1 A_2 87 0 2
4 B_0 91 0 3
1 B_1 92 0 4
2 B_2 94 0 5
3 B_3 97 0 6
2 B_4 99 0 7
3 B_5 102 0 8
2 B_6 104 0 9
3 B_7 107 0 10
1 B_8 108 0 11
3 B_9 111 0 12
4 B_10 115 0 13
1 B_11 116 0 14
2 B_12 118 0 15
1 B_13 119 0 16
2 B_14 121 0 17
1 B_15 122 0 18
1 B_16 123 0 19
2 B_17 125 0 20
1 B_18 126 0 21
3 B_19 129 0 22
1 B_20 130 0 23
3 B_21 133 0 24
3 B_22 136 0 25
3 B_23 139 0 26
3 B_24 142 0 27
3 B_25 145 0 28
3 B_26 148 0 29
3 A_3 151 0 30
2 A_4 153 0 31
2 A_5 155 0 32
3 A_6 158 0 33
2 A_7 160 0 34
3 A_8 163 0 35
2 A_9 165 0 36
3 B_27 168 0 37
3 B_28 171 0 38
3 B_29 174 0 39
3 B_30 177 0 40
4 B_31 181 0 41
1 B_32 182 0 42
2 B_33 184 0 43
3 A_10 187 0 44
3 B_34 190 0 45
3 B_35 193 0 46
4 B_36 197 0 47
1 B_37 198 0 48
1 B_38 199 0 49
3 A_11 202 0 50
2 A_12 204 0 51
1 A_13 205 0 52
3 A_14 208 0 53
3 B_39 211 0 54
4 B_40 215 0 55
3 B_41 218 0 56
3 B_42 221 0 57
2 B_43 223 0 58
3 B_44 226 0 59
1 B_45 227 0 60
3 A_15 230 0 61
2 A_16 232 0 62
3 A_17 235 0 63
1 A_18 236 0 64
3 A_19 239 0 65
2 A_20 241 0 66
4 A_21 245 0 67
3 A_22 248 0 68
2 A_23 250 0 69
4 A_24 254 0 70
4 A_25 258 0 71
2 A_26 260 0 72
4 A_27 264 0 73
2 A_28 266 0 74
2 A_29 268 0 75
3 A_30 271 0 76
1 A_31 272 0 77
2 A_32 274 0 78
2 A_33 276 0 79
3 A_34 279 0 80
4 A_35 283 0 81
1 A_36 284 0 82
2 A_37 286 0 83
4 A_38 290 0 84
2 A_39 292 0 85
4 A_40 296 0 86
1 A_41 297 0 87
1 A_42 298 0 88
2 A_43 300 0 89
2 A_44 302 0 90
2 A_45 304 0 91
1 A_46 305 0 92
3 B_46 308 0 93
4 B_47 312 0 94
1 B_48 313 0 95
4 B_49 317 0 96
1 B_50 318 0 97
3 B_51 321 0 98
3 B_52 324 0 99
1 B_53 325 0 100
1 B_54 326 0 101
3 A_47 329 0 102
2 A_48 331 0 103
3 B_55 334 0 104
3 A_49 337 0 105
1 A_50 338 0 106
3 B_56 341 0 107
2 B_57 343 0 108
3 B_58 346 0 109
2 B_59 348 0 110
3 A_51 351 0 111
1 A_52 352 0 112
3 A_53 355 0 113
3 A_54 358 0 114
1 A_55 359 0 115
4 A_56 363 0 116
2 A_57 365 0 117
1 A_58 366 0 118
1 A_59 367 0 119
nldp: 367 163.83325000000005 0.03184103965759277
---------------------
in formation_2
pass
---------------------
in formation_3
pass
---------------------
in formation_4
pass
---------------------
in formation_5
pass
---------------------
in formation_6
pass
---------------------
in formation_7
pass
error in formulation  []
