0
0 B_0 82 0 0
6 B_1 88 0 1
6 A_0 94 0 2
6 A_1 100 0 3
4 B_2 104 0 4
6 A_2 110 0 5
7 B_3 117 0 6
5 B_4 122 0 7
10 A_3 132 0 8
3 B_5 135 0 9
4 A_4 139 0 10
5 B_6 144 0 11
10 A_5 154 0 12
1 A_6 155 0 13
7 B_7 162 0 14
7 A_7 169 0 15
7 B_8 176 0 16
3 A_8 179 0 17
4 B_9 183 0 18
1 B_10 184 0 19
6 A_9 190 0 20
8 B_11 198 0 21
9 A_10 207 0 22
3 A_11 210 0 23
8 B_12 218 0 24
3 B_13 221 0 25
2 B_14 223 0 26
1 B_15 224 0 27
10 A_12 234 0 28
10 B_16 244 0 29
3 A_13 247 0 30
4 A_14 251 0 31
7 B_17 258 0 32
2 B_18 260 0 33
9 A_15 269 0 34
4 A_16 273 0 35
7 B_19 280 0 36
5 B_20 285 0 37
7 A_17 292 0 38
7 B_21 299 0 39
6 A_18 305 0 40
3 B_22 308 0 41
8 A_19 316 0 42
7 B_23 323 0 43
10 A_20 333 0 44
8 B_24 341 0 45
7 A_21 348 0 46
3 B_25 351 0 47
6 A_22 357 0 48
10 B_26 367 0 49
3 A_23 370 0 50
7 B_27 377 0 51
9 A_24 386 0 52
4 B_28 390 0 53
8 A_25 398 0 54
7 B_29 405 0 55
3 B_30 408 0 56
6 A_26 414 0 57
1 A_27 415 0 58
5 B_31 420 0 59
3 A_28 423 0 60
9 B_32 432 0 61
7 A_29 439 0 62
2 A_30 441 0 63
10 B_33 451 0 64
2 B_34 453 0 65
4 A_31 457 0 66
5 A_32 462 0 67
9 B_35 471 0 68
6 B_36 477 0 69
5 B_37 482 0 70
4 B_38 486 0 71
5 B_39 491 0 72
3 A_33 494 0 73
2 A_34 496 0 74
3 A_35 499 0 75
4 A_36 503 0 76
2 A_37 505 0 77
6 A_38 511 0 78
2 A_39 513 0 79
No lane change: 513
---------------------
in formation_2
pass
---------------------
in formation_3
pass
---------------------
in formation_4
pass
---------------------
in formation_5
pass
---------------------
in formation_6
pass
---------------------
in formation_7
pass
error in formulation  []
