1
0 B_0 82 0 0
6 B_1 88 0 1
2 A_0 90 1 2
6 A_1 96 1 3
2 B_2 98 0 4
3 A_2 101 1 5
5 B_3 106 0 6
5 B_4 111 0 7
6 A_3 117 1 8
3 B_5 120 1 9
2 A_4 122 0 10
3 B_6 125 1 11
6 A_5 131 0 12
1 A_6 132 0 13
3 B_7 135 1 14
4 A_7 139 0 15
4 B_8 143 1 16
3 A_8 146 1 17
2 B_9 148 0 18
1 B_10 149 0 19
2 A_9 151 1 20
5 B_11 156 0 21
6 A_10 162 1 22
3 A_11 165 1 23
6 B_12 171 0 24
3 B_13 174 0 25
2 B_14 176 0 26
1 B_15 177 0 27
6 A_12 183 1 28
6 B_16 189 0 29
3 A_13 192 0 30
4 A_14 196 0 31
5 B_17 201 1 32
2 B_18 203 1 33
5 A_15 208 0 34
4 A_16 212 0 35
4 B_19 216 1 36
5 B_20 221 1 37
3 A_17 224 0 38
5 B_21 229 1 39
3 A_18 232 0 40
3 B_22 235 0 41
5 A_19 240 1 42
5 B_23 245 0 43
6 A_20 251 1 44
6 B_24 257 0 45
5 A_21 262 1 46
3 B_25 265 1 47
2 A_22 267 0 48
6 B_26 273 1 49
3 A_23 276 1 50
5 B_27 281 0 51
6 A_24 287 1 52
2 B_28 289 0 53
6 A_25 295 1 54
3 B_29 298 0 55
3 B_30 301 0 56
3 A_26 304 1 57
1 A_27 305 1 58
1 B_31 306 0 59
3 A_28 309 0 60
6 B_32 315 1 61
3 A_29 318 0 62
2 A_30 320 0 63
6 B_33 326 1 64
2 B_34 328 1 65
2 A_31 330 0 66
5 A_32 335 0 67
5 B_35 340 1 68
6 B_36 346 1 69
5 B_37 351 1 70
4 B_38 355 1 71
5 B_39 360 1 72
3 A_33 363 1 73
2 A_34 365 1 74
3 A_35 368 1 75
4 A_36 372 1 76
2 A_37 374 1 77
6 A_38 380 1 78
2 A_39 382 1 79
greedy: 382
---------------------
in formation_2
pass
---------------------
in formation_3
pass
---------------------
in formation_4
pass
---------------------
in formation_5
pass
---------------------
in formation_6
pass
---------------------
in formation_7
pass
error in formulation  []
