2
[0, 0, 0, 0, 0, 0, 0, 0, 0, 2, 2, 2, 2, 2, 0, 2, 2, 2, 2, 2, 2, 2, 2, 2, 2, 2, 2, 2, 0, 2, 2, 2, 2, 2, 2, 2, 2, 2, 2, 2, 2, 2, 2, 2, 2, 2, 1, 2, 2, 2, 2, 2, 0, 0, 0, 0, 0, 0, 0, 0, 0, 0, 0, 0, 0, 0, 0, 0, 0, 0, 0, 0, 0, 0, 0, 0, 0, 0, 0, 0]
0 A_0 81 0 0
1 A_1 82 0 1
3 A_2 85 0 2
3 A_3 88 0 3
4 A_4 92 0 4
1 A_5 93 0 5
1 A_6 94 0 6
2 A_7 96 0 7
2 A_8 98 0 8
4 B_0 102 0 9
3 B_1 105 0 10
2 B_2 107 0 11
3 B_3 110 0 12
3 B_4 113 0 13
3 A_9 116 0 14
3 B_5 119 0 15
1 B_6 120 0 16
3 B_7 123 0 17
4 B_8 127 0 18
1 B_9 128 0 19
4 B_10 132 0 20
2 B_11 134 0 21
1 B_12 135 0 22
1 B_13 136 0 23
1 B_14 137 0 24
1 B_15 138 0 25
2 B_16 140 0 26
2 B_17 142 0 27
3 A_10 145 0 28
5 B_18 150 0 29
3 B_19 153 0 30
3 B_20 156 0 31
3 B_21 159 0 32
3 B_22 162 0 33
3 B_23 165 0 34
2 B_24 167 0 35
4 B_25 171 0 36
3 B_26 174 0 37
3 B_27 177 0 38
4 B_28 181 0 39
2 B_29 183 0 40
2 B_30 185 0 41
4 B_31 189 0 42
1 B_32 190 0 43
3 B_33 193 0 44
1 B_34 194 0 45
4 A_11 198 1 46
3 B_35 201 0 47
1 B_36 202 0 48
2 B_37 204 0 49
1 B_38 205 0 50
2 B_39 207 0 51
3 A_12 210 0 52
2 A_13 212 0 53
3 A_14 215 0 54
4 A_15 219 0 55
1 A_16 220 0 56
1 A_17 221 0 57
1 A_18 222 0 58
3 A_19 225 0 59
4 A_20 229 0 60
4 A_21 233 0 61
4 A_22 237 0 62
3 A_23 240 0 63
4 A_24 244 0 64
4 A_25 248 0 65
3 A_26 251 0 66
4 A_27 255 0 67
3 A_28 258 0 68
4 A_29 262 0 69
4 A_30 266 0 70
4 A_31 270 0 71
4 A_32 274 0 72
3 A_33 277 0 73
2 A_34 279 0 74
2 A_35 281 0 75
1 A_36 282 0 76
1 A_37 283 0 77
1 A_38 284 0 78
4 A_39 288 0 79
dp: 288 143.943875 0.04625988006591797
---------------------
in formation_2
pass
---------------------
in formation_3
pass
---------------------
in formation_4
pass
---------------------
in formation_5
pass
---------------------
in formation_6
pass
---------------------
in formation_7
pass
error in formulation  []
