3
0 A_0 81 0 0
1 A_1 82 0 1
3 A_2 85 0 2
3 A_3 88 0 3
4 A_4 92 0 4
1 A_5 93 0 5
1 A_6 94 0 6
2 A_7 96 0 7
2 A_8 98 0 8
4 A_9 102 0 9
4 A_10 106 0 10
3 B_0 109 0 11
3 B_1 112 0 12
2 B_2 114 0 13
3 A_11 117 0 14
4 A_12 121 0 15
2 A_13 123 0 16
3 A_14 126 0 17
3 B_3 129 0 18
3 B_4 132 0 19
3 A_15 135 0 20
1 A_16 136 0 21
1 A_17 137 0 22
1 A_18 138 0 23
3 A_19 141 0 24
4 A_20 145 0 25
4 A_21 149 0 26
3 B_5 152 0 27
1 B_6 153 0 28
3 B_7 156 0 29
3 A_22 159 0 30
5 B_8 164 0 31
1 B_9 165 0 32
4 B_10 169 0 33
2 B_11 171 0 34
1 B_12 172 0 35
1 B_13 173 0 36
1 B_14 174 0 37
1 B_15 175 0 38
2 B_16 177 0 39
2 B_17 179 0 40
3 A_23 182 0 41
3 B_18 185 0 42
3 B_19 188 0 43
3 B_20 191 0 44
3 B_21 194 0 45
3 B_22 197 0 46
3 B_23 200 0 47
2 B_24 202 0 48
4 B_25 206 0 49
3 A_24 209 0 50
4 A_25 213 0 51
3 A_26 216 0 52
4 A_27 220 0 53
3 A_28 223 0 54
3 B_26 226 0 55
3 B_27 229 0 56
4 B_28 233 0 57
2 B_29 235 0 58
2 B_30 237 0 59
4 A_29 241 0 60
4 A_30 245 0 61
3 B_31 248 0 62
1 B_32 249 0 63
3 B_33 252 0 64
1 B_34 253 0 65
4 B_35 257 0 66
1 B_36 258 0 67
2 B_37 260 0 68
1 B_38 261 0 69
2 B_39 263 0 70
3 A_31 266 0 71
4 A_32 270 0 72
3 A_33 273 0 73
2 A_34 275 0 74
2 A_35 277 0 75
1 A_36 278 0 76
1 A_37 279 0 77
1 A_38 280 0 78
4 A_39 284 0 79
nldp: 284 146.518875 0.010411977767944336
---------------------
in formation_2
pass
---------------------
in formation_3
pass
---------------------
in formation_4
pass
---------------------
in formation_5
pass
---------------------
in formation_6
pass
---------------------
in formation_7
pass
error in formulation  []
