0
0 A_0 81 0 0
1 A_1 82 0 1
4 B_0 86 0 2
2 B_1 88 0 3
1 B_2 89 0 4
7 A_2 96 0 5
6 B_3 102 0 6
5 A_3 107 0 7
5 B_4 112 0 8
5 A_4 117 0 9
4 A_5 121 0 10
1 A_6 122 0 11
4 A_7 126 0 12
7 B_5 133 0 13
6 A_8 139 0 14
3 B_6 142 0 15
6 A_9 148 0 16
5 B_7 153 0 17
6 A_10 159 0 18
6 B_8 165 0 19
1 B_9 166 0 20
7 A_11 173 0 21
6 B_10 179 0 22
2 B_11 181 0 23
7 A_12 188 0 24
6 B_12 194 0 25
4 B_13 198 0 26
7 A_13 205 0 27
6 B_14 211 0 28
4 A_14 215 0 29
3 B_15 218 0 30
6 A_15 224 0 31
2 A_16 226 0 32
1 A_17 227 0 33
4 B_16 231 0 34
7 A_18 238 0 35
4 B_17 242 0 36
5 A_19 247 0 37
7 B_18 254 0 38
1 B_19 255 0 39
No lane change: 255 147.33150000000003 6.508827209472656e-05
---------------------
in formation_2
pass
---------------------
in formation_3
pass
---------------------
in formation_4
pass
---------------------
in formation_5
pass
---------------------
in formation_6
pass
---------------------
in formation_7
pass
error in formulation  []
