1
0 A_0 81 0 0
3 A_1 84 0 1
1 A_2 85 0 2
4 A_3 89 0 3
3 A_4 92 0 4
1 B_0 93 1 5
1 A_5 94 0 6
4 B_1 98 1 7
5 B_2 103 1 8
2 B_3 105 1 9
4 B_4 109 1 10
4 B_5 113 1 11
6 B_6 119 1 12
3 A_6 122 0 13
5 B_7 127 1 14
1 B_8 129 1 15
2 B_9 133 1 16
5 A_7 138 0 17
6 B_10 144 1 18
4 A_8 148 0 19
5 A_9 153 0 20
1 A_10 154 0 21
3 A_11 157 0 22
2 A_12 159 0 23
3 A_13 162 0 24
5 A_14 167 0 25
4 A_15 171 0 26
6 B_11 177 1 27
4 A_16 181 0 28
4 B_12 185 1 29
5 A_17 190 0 30
6 B_13 196 1 31
2 A_18 198 0 32
4 B_14 202 1 33
2 A_19 204 0 34
6 B_15 210 1 35
5 B_16 215 1 36
6 B_17 221 1 37
5 B_18 226 1 38
4 B_19 230 1 39
greedy: 230
---------------------
in formation_2
pass
---------------------
in formation_3
pass
---------------------
in formation_4
pass
---------------------
in formation_5
pass
---------------------
in formation_6
pass
---------------------
in formation_7
pass
error in formulation  []
