2
[0, 0, 0, 0, 0, 2, 2, 2, 2, 2, 2, 2, 2, 2, 2, 1, 2, 2, 2, 0, 0, 0, 2, 2, 2, 2, 0, 0, 0, 0, 0, 0, 0, 0, 3, 0, 0, 0, 3, 3]
0 A_0 81 0 0
3 A_1 84 0 1
1 A_2 85 0 2
4 A_3 89 0 3
3 A_4 92 0 4
4 B_0 96 0 5
2 B_1 98 0 6
5 B_2 103 0 7
2 B_3 105 0 8
4 B_4 109 0 9
4 B_5 113 0 10
6 B_6 119 0 11
1 B_7 120 0 12
1 B_8 121 0 13
2 B_9 123 0 14
2 A_5 125 1 15
3 B_10 128 0 16
2 B_11 130 0 17
3 B_12 133 0 18
4 A_6 137 0 19
1 A_7 138 0 20
3 A_8 141 0 21
6 B_13 147 0 22
5 B_14 152 0 23
2 B_15 154 0 24
5 B_16 159 0 25
3 A_9 162 0 26
1 A_10 163 0 27
3 A_11 166 0 28
2 A_12 168 0 29
3 A_13 171 0 30
5 A_14 176 0 31
4 A_15 180 0 32
1 A_16 181 0 33
2 B_17 183 1 34
4 A_17 187 0 35
1 A_18 188 0 36
2 A_19 190 0 37
3 B_18 193 1 38
4 B_19 197 1 39
dp: 197
---------------------
in formation_2
pass
---------------------
in formation_3
pass
---------------------
in formation_4
pass
---------------------
in formation_5
pass
---------------------
in formation_6
pass
---------------------
in formation_7
pass
error in formulation  []
