3
0 A_0 81 0 0
3 A_1 84 0 1
1 A_2 85 0 2
7 B_0 92 0 3
2 B_1 94 0 4
5 B_2 99 0 5
2 B_3 101 0 6
4 B_4 105 0 7
4 B_5 109 0 8
4 A_3 113 0 9
3 A_4 116 0 10
3 B_6 119 0 11
1 B_7 120 0 12
1 B_8 121 0 13
2 B_9 123 0 14
5 B_10 128 0 15
2 B_11 130 0 16
3 B_12 133 0 17
3 A_5 136 0 18
5 A_6 141 0 19
1 A_7 142 0 20
3 A_8 145 0 21
6 B_13 151 0 22
5 B_14 156 0 23
2 B_15 158 0 24
5 B_16 163 0 25
3 A_9 166 0 26
1 A_10 167 0 27
3 A_11 170 0 28
2 A_12 172 0 29
3 A_13 175 0 30
5 A_14 180 0 31
4 A_15 184 0 32
1 A_16 185 0 33
6 A_17 191 0 34
1 A_18 192 0 35
2 A_19 194 0 36
3 B_17 197 0 37
5 B_18 202 0 38
4 B_19 206 0 39
nldp: 206
---------------------
in formation_2
pass
---------------------
in formation_3
pass
---------------------
in formation_4
pass
---------------------
in formation_5
pass
---------------------
in formation_6
pass
---------------------
in formation_7
pass
error in formulation  []
