0
0 B_0 81 0 0
10 A_0 91 0 1
4 A_1 95 0 2
3 B_1 98 0 3
1 B_2 99 0 4
9 A_2 108 0 5
4 B_3 112 0 6
1 B_4 113 0 7
7 A_3 120 0 8
6 B_5 126 0 9
1 B_6 127 0 10
6 B_7 133 0 11
8 A_4 141 0 12
9 B_8 150 0 13
4 B_9 154 0 14
5 B_10 159 0 15
5 B_11 164 0 16
6 A_5 170 0 17
6 B_12 176 0 18
6 A_6 182 0 19
6 A_7 188 0 20
3 B_13 191 0 21
10 A_8 201 0 22
6 B_14 207 0 23
8 A_9 215 0 24
4 B_15 219 0 25
5 A_10 224 0 26
9 B_16 233 0 27
4 B_17 237 0 28
5 B_18 242 0 29
6 A_11 248 0 30
6 B_19 254 0 31
5 A_12 259 0 32
8 B_20 267 0 33
5 A_13 272 0 34
10 B_21 282 0 35
6 B_22 288 0 36
6 A_14 294 0 37
6 B_23 300 0 38
3 A_15 303 0 39
5 B_24 308 0 40
6 A_16 314 0 41
3 A_17 317 0 42
6 A_18 323 0 43
8 B_25 331 0 44
4 B_26 335 0 45
6 A_19 341 0 46
6 B_27 347 0 47
10 A_20 357 0 48
6 A_21 363 0 49
8 B_28 371 0 50
9 A_22 380 0 51
3 A_23 383 0 52
5 B_29 388 0 53
6 A_24 394 0 54
6 B_30 400 0 55
7 A_25 407 0 56
3 A_26 410 0 57
10 B_31 420 0 58
5 A_27 425 0 59
5 B_32 430 0 60
5 B_33 435 0 61
7 A_28 442 0 62
4 B_34 446 0 63
5 B_35 451 0 64
6 A_29 457 0 65
6 B_36 463 0 66
9 A_30 472 0 67
3 B_37 475 0 68
6 A_31 481 0 69
4 A_32 485 0 70
3 A_33 488 0 71
5 A_34 493 0 72
3 A_35 496 0 73
5 A_36 501 0 74
2 A_37 503 0 75
5 B_38 508 0 76
10 A_38 518 0 77
5 B_39 523 0 78
2 B_40 525 0 79
7 A_39 532 0 80
5 A_40 537 0 81
6 A_41 543 0 82
1 A_42 544 0 83
2 A_43 546 0 84
1 A_44 547 0 85
5 B_41 552 0 86
5 B_42 557 0 87
5 B_43 562 0 88
2 B_44 564 0 89
4 B_45 568 0 90
6 A_45 574 0 91
3 A_46 577 0 92
4 A_47 581 0 93
6 A_48 587 0 94
4 B_46 591 0 95
7 A_49 598 0 96
5 B_47 603 0 97
9 A_50 612 0 98
5 B_48 617 0 99
1 B_49 618 0 100
9 A_51 627 0 101
7 B_50 634 0 102
3 B_51 637 0 103
1 B_52 638 0 104
4 A_52 642 0 105
6 A_53 648 0 106
5 B_53 653 0 107
3 A_54 656 0 108
5 B_54 661 0 109
3 B_55 664 0 110
4 B_56 668 0 111
6 B_57 674 0 112
6 A_55 680 0 113
6 B_58 686 0 114
4 B_59 690 0 115
9 A_56 699 0 116
2 A_57 701 0 117
5 A_58 706 0 118
2 A_59 708 0 119
No lane change: 708
---------------------
in formation_2
pass
---------------------
in formation_3
pass
---------------------
in formation_4
pass
---------------------
in formation_5
pass
---------------------
in formation_6
pass
---------------------
in formation_7
pass
error in formulation  []
