1
0 B_0 81 0 0
6 A_0 87 1 1
4 A_1 91 1 2
3 B_1 94 1 3
1 B_2 97 1 4
5 A_2 102 0 5
2 B_3 105 1 6
1 B_4 109 1 7
3 A_3 113 0 8
4 B_5 117 1 9
1 B_6 121 1 10
6 B_7 127 1 11
5 A_4 132 0 12
5 B_8 137 1 13
4 B_9 141 1 14
5 B_10 146 1 15
5 B_11 151 1 16
4 A_5 155 0 17
4 B_12 159 1 18
2 A_6 161 0 19
6 A_7 167 0 20
3 B_13 170 0 21
6 A_8 176 1 22
2 B_14 178 0 23
5 A_9 183 1 24
2 B_15 185 0 25
2 A_10 187 1 26
6 B_16 193 0 27
4 B_17 197 0 28
5 B_18 202 0 29
4 A_11 206 1 30
4 B_19 210 0 31
3 A_12 213 1 32
5 B_20 218 0 33
1 A_13 219 1 34
6 B_21 225 0 35
6 B_22 231 0 36
3 A_14 234 1 37
4 B_23 238 0 38
3 A_15 241 0 39
3 B_24 244 1 40
2 A_16 246 0 41
3 A_17 249 0 42
6 A_18 255 0 43
4 B_25 259 1 44
4 B_26 263 1 45
3 A_19 266 0 46
3 B_27 269 1 47
6 A_20 275 0 48
6 A_21 281 0 49
4 B_28 285 1 50
6 A_22 291 0 51
3 A_23 294 0 52
1 B_29 295 1 53
3 A_24 298 0 54
4 B_30 302 1 55
5 A_25 307 0 56
3 A_26 310 0 57
6 B_31 316 1 58
3 A_27 319 0 59
3 B_32 322 1 60
5 B_33 327 1 61
5 A_28 332 0 62
1 B_34 333 1 63
5 B_35 338 1 64
4 A_29 342 0 65
2 B_36 344 1 66
5 A_30 349 0 67
3 B_37 352 0 68
4 A_31 356 1 69
4 A_32 360 1 70
3 A_33 363 1 71
5 A_34 368 1 72
3 A_35 371 1 73
5 A_36 376 1 74
2 A_37 378 1 75
1 B_38 379 0 76
6 A_38 385 1 77
2 B_39 387 0 78
2 B_40 389 0 79
3 A_39 392 1 80
5 A_40 397 1 81
6 A_41 403 1 82
1 A_42 404 1 83
2 A_43 406 1 84
1 A_44 407 1 85
2 B_41 409 0 86
5 B_42 414 0 87
5 B_43 419 0 88
2 B_44 421 0 89
4 B_45 425 0 90
4 A_45 429 1 91
3 A_46 432 1 92
4 A_47 436 1 93
6 A_48 442 1 94
2 B_46 444 0 95
5 A_49 449 1 96
2 B_47 451 0 97
5 A_50 456 1 98
1 B_48 457 0 99
1 B_49 458 0 100
5 A_51 463 1 101
4 B_50 467 0 102
3 B_51 470 0 103
1 B_52 471 0 104
2 A_52 473 1 105
6 A_53 479 1 106
2 B_53 481 0 107
3 A_54 484 0 108
3 B_54 487 1 109
3 B_55 490 1 110
4 B_56 494 1 111
6 B_57 500 1 112
2 A_55 502 0 113
2 B_58 504 1 114
4 B_59 508 1 115
5 A_56 513 0 116
2 A_57 515 0 117
5 A_58 520 0 118
2 A_59 522 0 119
greedy: 522
---------------------
in formation_2
pass
---------------------
in formation_3
pass
---------------------
in formation_4
pass
---------------------
in formation_5
pass
---------------------
in formation_6
pass
---------------------
in formation_7
pass
error in formulation  []
