2
[3, 0, 2, 2, 2, 2, 2, 2, 1, 2, 1, 2, 2, 2, 2, 2, 2, 1, 2, 1, 2, 2, 2, 1, 2, 2, 2, 2, 1, 2, 0, 0, 0, 3, 3, 3, 0, 0, 3, 0, 0, 0, 0, 3, 1, 2, 1, 2, 1, 2, 2, 2, 2, 2, 1, 2, 1, 2, 2, 2, 1, 0, 0, 0, 0, 0, 0, 2, 2, 0, 0, 0, 0, 0, 0, 3, 0, 0, 3, 0, 0, 0, 0, 2, 2, 1, 2, 2, 2, 2, 2, 2, 2, 2, 0, 0, 0, 0, 0, 0, 0, 3, 0, 0, 0, 3, 0, 0, 2, 0, 0, 0, 2, 0, 0, 0, 0, 2, 2, 2]
0 B_0 81 1 0
6 A_0 87 0 1
8 B_1 95 0 2
1 B_2 96 0 3
2 B_3 98 0 4
1 B_4 99 0 5
3 B_5 102 0 6
1 B_6 103 0 7
4 A_1 107 1 8
2 B_7 109 0 9
3 A_2 112 1 10
1 B_8 114 0 11
4 B_9 118 0 12
5 B_10 123 0 13
5 B_11 128 0 14
4 B_12 132 0 15
3 B_13 135 0 16
2 A_3 137 1 17
4 B_14 141 0 18
2 A_4 143 1 19
3 B_15 146 0 20
4 B_16 150 0 21
4 B_17 154 0 22
3 A_5 157 1 23
3 B_18 160 0 24
4 B_19 164 0 25
1 B_20 165 0 26
1 B_21 166 0 27
4 A_6 170 1 28
3 B_22 173 0 29
3 A_7 176 0 30
4 A_8 180 0 31
1 A_9 181 0 32
3 B_23 184 1 33
6 B_24 190 1 34
3 B_25 193 1 35
2 A_10 195 0 36
2 A_11 197 0 37
3 B_26 200 1 38
1 A_12 201 0 39
1 A_13 202 0 40
2 A_14 204 0 41
2 A_15 206 0 42
4 B_27 210 1 43
4 A_16 214 1 44
4 B_28 218 0 45
3 A_17 221 1 46
2 B_29 223 0 47
1 A_18 224 1 48
3 B_30 227 0 49
3 B_31 230 0 50
2 B_32 232 0 51
5 B_33 237 0 52
3 B_34 240 0 53
4 A_19 244 1 54
3 B_35 247 0 55
5 A_20 252 1 56
3 B_36 255 0 57
2 B_37 257 0 58
3 B_38 260 0 59
3 A_21 263 1 60
5 A_22 268 0 61
3 A_23 271 0 62
1 A_24 272 0 63
3 A_25 275 0 64
3 A_26 278 0 65
1 A_27 279 0 66
6 B_39 285 0 67
2 B_40 287 0 68
3 A_28 290 0 69
2 A_29 292 0 70
1 A_30 293 0 71
4 A_31 297 0 72
4 A_32 301 0 73
3 A_33 304 0 74
4 B_41 308 1 75
2 A_34 310 0 76
3 A_35 313 0 77
3 B_42 316 1 78
2 A_36 318 0 79
2 A_37 320 0 80
1 A_38 321 0 81
3 A_39 324 0 82
7 B_43 331 0 83
2 B_44 333 0 84
2 A_40 335 1 85
2 B_45 337 0 86
3 B_46 340 0 87
2 B_47 342 0 88
1 B_48 343 0 89
1 B_49 344 0 90
1 B_50 345 0 91
3 B_51 348 0 92
1 B_52 349 0 93
4 A_41 353 0 94
1 A_42 354 0 95
2 A_43 356 0 96
1 A_44 357 0 97
4 A_45 361 0 98
3 A_46 364 0 99
4 A_47 368 0 100
3 B_53 371 1 101
2 A_48 373 0 102
4 A_49 377 0 103
4 A_50 381 0 104
1 B_54 382 1 105
3 A_51 385 0 106
1 A_52 386 0 107
8 B_55 394 0 108
3 A_53 397 0 109
1 A_54 398 0 110
5 A_55 403 0 111
10 B_56 413 0 112
3 A_56 416 0 113
2 A_57 418 0 114
5 A_58 423 0 115
2 A_59 425 0 116
5 B_57 430 0 117
2 B_58 432 0 118
4 B_59 436 0 119
dp: 436
---------------------
in formation_2
pass
---------------------
in formation_3
pass
---------------------
in formation_4
pass
---------------------
in formation_5
pass
---------------------
in formation_6
pass
---------------------
in formation_7
pass
error in formulation  []
