3
0 B_0 81 0 0
10 A_0 91 0 1
4 A_1 95 0 2
3 B_1 98 0 3
1 B_2 99 0 4
2 B_3 101 0 5
1 B_4 102 0 6
3 B_5 105 0 7
1 B_6 106 0 8
6 B_7 112 0 9
5 A_2 117 0 10
3 A_3 120 0 11
5 A_4 125 0 12
4 A_5 129 0 13
5 A_6 134 0 14
3 B_8 137 0 15
4 B_9 141 0 16
5 B_10 146 0 17
3 A_7 149 0 18
4 A_8 153 0 19
1 A_9 154 0 20
4 A_10 158 0 21
2 A_11 160 0 22
4 B_11 164 0 23
4 B_12 168 0 24
3 B_13 171 0 25
3 A_12 174 0 26
1 A_13 175 0 27
2 A_14 177 0 28
2 A_15 179 0 29
5 A_16 184 0 30
3 A_17 187 0 31
6 A_18 193 0 32
5 A_19 198 0 33
4 B_14 202 0 34
4 B_15 206 0 35
4 B_16 210 0 36
4 B_17 214 0 37
5 B_18 219 0 38
4 B_19 223 0 39
1 B_20 224 0 40
1 B_21 225 0 41
6 B_22 231 0 42
3 A_20 234 0 43
4 B_23 238 0 44
6 B_24 244 0 45
3 B_25 247 0 46
4 B_26 251 0 47
4 A_21 255 0 48
3 A_22 258 0 49
3 A_23 261 0 50
1 A_24 262 0 51
3 A_25 265 0 52
3 A_26 268 0 53
1 A_27 269 0 54
5 A_28 274 0 55
2 A_29 276 0 56
1 A_30 277 0 57
4 A_31 281 0 58
3 B_27 284 0 59
4 B_28 288 0 60
3 A_32 291 0 61
3 A_33 294 0 62
5 A_34 299 0 63
3 A_35 302 0 64
5 A_36 307 0 65
2 A_37 309 0 66
1 A_38 310 0 67
3 A_39 313 0 68
5 A_40 318 0 69
6 A_41 324 0 70
1 A_42 325 0 71
2 A_43 327 0 72
1 A_44 328 0 73
4 A_45 332 0 74
3 A_46 335 0 75
4 A_47 339 0 76
4 B_29 343 0 77
5 A_48 348 0 78
4 A_49 352 0 79
4 A_50 356 0 80
3 B_30 359 0 81
3 B_31 362 0 82
2 B_32 364 0 83
5 B_33 369 0 84
3 B_34 372 0 85
5 B_35 377 0 86
3 A_51 380 0 87
1 A_52 381 0 88
3 B_36 384 0 89
2 B_37 386 0 90
3 B_38 389 0 91
6 B_39 395 0 92
2 B_40 397 0 93
4 B_41 401 0 94
5 B_42 406 0 95
5 B_43 411 0 96
2 B_44 413 0 97
4 B_45 417 0 98
3 B_46 420 0 99
2 B_47 422 0 100
1 B_48 423 0 101
1 B_49 424 0 102
1 B_50 425 0 103
3 B_51 428 0 104
1 B_52 429 0 105
4 A_53 433 0 106
1 A_54 434 0 107
5 A_55 439 0 108
4 B_53 443 0 109
4 B_54 447 0 110
3 B_55 450 0 111
4 B_56 454 0 112
3 A_56 457 0 113
2 A_57 459 0 114
5 A_58 464 0 115
2 A_59 466 0 116
5 B_57 471 0 117
2 B_58 473 0 118
4 B_59 477 0 119
nldp: 477
---------------------
in formation_2
pass
---------------------
in formation_3
pass
---------------------
in formation_4
pass
---------------------
in formation_5
pass
---------------------
in formation_6
pass
---------------------
in formation_7
pass
error in formulation  []
