0
0 B_0 81 0 0
2 B_1 83 0 1
4 B_2 87 0 2
3 B_3 90 0 3
7 A_0 97 0 4
3 B_4 100 0 5
4 B_5 104 0 6
3 B_6 107 0 7
2 B_7 109 0 8
6 A_1 115 0 9
4 A_2 119 0 10
7 B_8 126 0 11
1 B_9 127 0 12
5 A_3 132 0 13
1 A_4 133 0 14
7 B_10 140 0 15
4 B_11 144 0 16
5 A_5 149 0 17
2 A_6 151 0 18
4 B_12 155 0 19
3 A_7 158 0 20
4 B_13 162 0 21
5 A_8 167 0 22
1 A_9 168 0 23
6 B_14 174 0 24
6 A_10 180 0 25
7 B_15 187 0 26
5 A_11 192 0 27
1 A_12 193 0 28
5 B_16 198 0 29
6 A_13 204 0 30
4 B_17 208 0 31
3 A_14 211 0 32
3 A_15 214 0 33
3 A_16 217 0 34
5 B_18 222 0 35
4 A_17 226 0 36
6 B_19 232 0 37
7 A_18 239 0 38
4 A_19 243 0 39
3 B_20 246 0 40
1 B_21 247 0 41
4 A_20 251 0 42
6 B_22 257 0 43
3 B_23 260 0 44
5 A_21 265 0 45
4 B_24 269 0 46
6 A_22 275 0 47
6 B_25 281 0 48
7 A_23 288 0 49
3 A_24 291 0 50
6 B_26 297 0 51
1 B_27 298 0 52
4 A_25 302 0 53
7 B_28 309 0 54
4 A_26 313 0 55
5 B_29 318 0 56
6 A_27 324 0 57
4 A_28 328 0 58
3 A_29 331 0 59
7 B_30 338 0 60
3 A_30 341 0 61
4 A_31 345 0 62
4 B_31 349 0 63
2 B_32 351 0 64
5 A_32 356 0 65
4 B_33 360 0 66
2 B_34 362 0 67
4 B_35 366 0 68
4 B_36 370 0 69
4 A_33 374 0 70
6 B_37 380 0 71
3 B_38 383 0 72
3 A_34 386 0 73
5 B_39 391 0 74
3 A_35 394 0 75
3 A_36 397 0 76
4 A_37 401 0 77
3 A_38 404 0 78
2 A_39 406 0 79
No lane change: 406 207.68075000000005 0.00021195411682128906
---------------------
in formation_2
pass
---------------------
in formation_3
pass
---------------------
in formation_4
pass
---------------------
in formation_5
pass
---------------------
in formation_6
pass
---------------------
in formation_7
pass
error in formulation  []
