1
0 B_0 82 0 0
3 B_1 85 0 1
6 B_2 91 0 2
4 A_0 95 1 3
3 A_1 98 1 4
2 A_2 100 1 5
3 B_3 103 0 6
4 A_3 107 1 7
6 B_4 113 0 8
3 B_5 116 0 9
3 A_4 119 1 10
3 B_6 122 0 11
5 A_5 127 1 12
3 B_7 130 1 13
2 A_6 132 0 14
3 B_8 135 1 15
4 A_7 139 0 16
1 A_8 140 0 17
4 B_9 144 1 18
3 A_9 147 0 19
2 A_10 149 0 20
2 B_10 151 1 21
1 B_11 155 1 22
4 B_12 159 1 23
5 B_13 164 1 24
3 A_11 167 1 25
1 A_12 171 1 26
5 B_14 176 0 27
5 B_15 181 0 28
3 A_13 184 0 29
3 A_14 187 0 30
4 A_15 191 0 31
4 A_16 195 0 32
2 A_17 197 0 33
3 B_16 200 1 34
3 A_18 203 0 35
1 B_17 204 1 36
3 A_19 207 0 37
4 B_18 211 1 38
5 B_19 216 1 39
2 A_20 218 0 40
5 B_20 223 1 41
4 A_21 227 0 42
3 B_21 230 0 43
3 B_22 233 0 44
6 A_22 239 1 45
2 B_23 241 0 46
4 A_23 245 1 47
2 B_24 247 0 48
5 A_24 252 1 49
4 A_25 256 1 50
4 B_25 260 0 51
5 B_26 265 0 52
6 A_26 271 1 53
2 B_27 273 0 54
5 B_28 278 0 55
1 B_29 279 0 56
3 A_27 282 1 57
2 A_28 284 1 58
5 B_30 289 0 59
1 A_29 290 1 60
3 A_30 293 1 61
2 A_31 295 1 62
4 B_31 299 0 63
2 B_32 301 0 64
4 A_32 305 1 65
4 A_33 309 1 66
5 A_34 314 1 67
3 A_35 317 1 68
3 A_36 320 1 69
2 A_37 322 1 70
3 B_33 325 0 71
2 A_38 327 1 72
4 B_34 331 0 73
2 A_39 333 1 74
4 B_35 337 0 75
6 B_36 343 0 76
1 B_37 344 0 77
1 B_38 345 0 78
2 B_39 347 0 79
greedy: 347
---------------------
in formation_2
pass
---------------------
in formation_3
pass
---------------------
in formation_4
pass
---------------------
in formation_5
pass
---------------------
in formation_6
pass
---------------------
in formation_7
pass
error in formulation  []
