2
[2, 2, 2, 2, 2, 2, 2, 2, 0, 2, 2, 2, 2, 2, 2, 2, 2, 2, 2, 2, 2, 2, 2, 2, 2, 2, 2, 2, 2, 2, 2, 2, 2, 2, 2, 2, 0, 3, 0, 0, 0, 0, 0, 0, 0, 0, 0, 0, 0, 0, 2, 0, 0, 0, 0, 0, 0, 0, 0, 0, 0, 0, 0, 0, 0, 2, 0, 0, 0, 0, 0, 0, 0, 0, 0, 2, 2, 0, 0, 0]
0 B_0 81 0 0
2 B_1 83 0 1
4 B_2 87 0 2
3 B_3 90 0 3
2 B_4 92 0 4
4 B_5 96 0 5
3 B_6 99 0 6
2 B_7 101 0 7
3 A_0 104 0 8
4 B_8 108 0 9
1 B_9 109 0 10
1 B_10 110 0 11
4 B_11 114 0 12
3 B_12 117 0 13
3 B_13 120 0 14
2 B_14 122 0 15
4 B_15 126 0 16
4 B_16 130 0 17
2 B_17 132 0 18
2 B_18 134 0 19
1 B_19 135 0 20
2 B_20 137 0 21
1 B_21 138 0 22
2 B_22 140 0 23
3 B_23 143 0 24
3 B_24 146 0 25
3 B_25 149 0 26
3 B_26 152 0 27
1 B_27 153 0 28
4 B_28 157 0 29
1 B_29 158 0 30
3 B_30 161 0 31
4 B_31 165 0 32
2 B_32 167 0 33
3 B_33 170 0 34
2 B_34 172 0 35
3 A_1 175 0 36
4 B_35 179 1 37
2 A_2 181 0 38
4 A_3 185 0 39
1 A_4 186 0 40
4 A_5 190 0 41
2 A_6 192 0 42
4 A_7 196 0 43
2 A_8 198 0 44
1 A_9 199 0 45
1 A_10 200 0 46
4 A_11 204 0 47
1 A_12 205 0 48
1 A_13 206 0 49
3 B_36 209 0 50
3 A_14 212 0 51
3 A_15 215 0 52
3 A_16 218 0 53
4 A_17 222 0 54
3 A_18 225 0 55
4 A_19 229 0 56
2 A_20 231 0 57
1 A_21 232 0 58
2 A_22 234 0 59
2 A_23 236 0 60
3 A_24 239 0 61
2 A_25 241 0 62
2 A_26 243 0 63
1 A_27 244 0 64
4 B_37 248 0 65
3 A_28 251 0 66
3 A_29 254 0 67
3 A_30 257 0 68
4 A_31 261 0 69
2 A_32 263 0 70
1 A_33 264 0 71
1 A_34 265 0 72
1 A_35 266 0 73
3 A_36 269 0 74
4 B_38 273 0 75
3 B_39 276 0 76
3 A_37 279 0 77
3 A_38 282 0 78
2 A_39 284 0 79
dp: 284 147.28074999999993 0.0944359302520752
---------------------
in formation_2
pass
---------------------
in formation_3
pass
---------------------
in formation_4
pass
---------------------
in formation_5
pass
---------------------
in formation_6
pass
---------------------
in formation_7
pass
error in formulation  []
