3
0 A_0 86 0 0
4 B_0 90 0 1
2 B_1 92 0 2
4 B_2 96 0 3
3 B_3 99 0 4
2 B_4 101 0 5
3 A_1 104 0 6
4 A_2 108 0 7
4 A_3 112 0 8
1 A_4 113 0 9
4 A_5 117 0 10
2 A_6 119 0 11
3 B_5 122 0 12
3 B_6 125 0 13
2 B_7 127 0 14
3 B_8 130 0 15
1 B_9 131 0 16
1 B_10 132 0 17
3 A_7 135 0 18
2 A_8 137 0 19
1 A_9 138 0 20
1 A_10 139 0 21
4 A_11 143 0 22
1 A_12 144 0 23
1 A_13 145 0 24
3 B_11 148 0 25
3 B_12 151 0 26
3 A_14 154 0 27
3 A_15 157 0 28
3 A_16 160 0 29
4 B_13 164 0 30
2 B_14 166 0 31
3 A_17 169 0 32
3 A_18 172 0 33
4 A_19 176 0 34
2 A_20 178 0 35
1 A_21 179 0 36
2 A_22 181 0 37
2 A_23 183 0 38
3 A_24 186 0 39
2 A_25 188 0 40
2 A_26 190 0 41
1 A_27 191 0 42
4 A_28 195 0 43
3 A_29 198 0 44
3 A_30 201 0 45
3 B_15 204 0 46
4 B_16 208 0 47
2 B_17 210 0 48
2 B_18 212 0 49
1 B_19 213 0 50
2 B_20 215 0 51
1 B_21 216 0 52
2 B_22 218 0 53
3 B_23 221 0 54
3 B_24 224 0 55
3 B_25 227 0 56
3 B_26 230 0 57
1 B_27 231 0 58
4 B_28 235 0 59
1 B_29 236 0 60
3 B_30 239 0 61
4 B_31 243 0 62
2 B_32 245 0 63
3 B_33 248 0 64
2 B_34 250 0 65
4 B_35 254 0 66
3 A_31 257 0 67
2 A_32 259 0 68
1 A_33 260 0 69
1 A_34 261 0 70
1 A_35 262 0 71
3 A_36 265 0 72
4 B_36 269 0 73
4 B_37 273 0 74
3 B_38 276 0 75
3 B_39 279 0 76
3 A_37 282 0 77
3 A_38 285 0 78
2 A_39 287 0 79
nldp: 287 150.4057500000001 0.00919198989868164
---------------------
in formation_2
pass
---------------------
in formation_3
pass
---------------------
in formation_4
pass
---------------------
in formation_5
pass
---------------------
in formation_6
pass
---------------------
in formation_7
pass
error in formulation  []
