0
0 B_0 81 0 0
1 B_1 83 0 1
6 A_0 89 0 2
1 A_1 90 0 3
5 B_2 95 0 4
6 A_2 101 0 5
7 B_3 108 0 6
7 A_3 115 0 7
2 A_4 117 0 8
3 B_4 120 0 9
5 A_5 125 0 10
5 B_5 130 0 11
4 A_6 134 0 12
4 A_7 138 0 13
4 A_8 142 0 14
1 A_9 143 0 15
1 A_10 144 0 16
4 A_11 148 0 17
6 B_6 154 0 18
3 A_12 157 0 19
1 A_13 158 0 20
6 B_7 164 0 21
4 B_8 168 0 22
7 A_14 175 0 23
5 B_9 180 0 24
6 A_15 186 0 25
1 A_16 187 0 26
4 B_10 191 0 27
1 B_11 192 0 28
4 B_12 196 0 29
6 A_17 202 0 30
3 B_13 205 0 31
3 A_18 208 0 32
5 B_14 213 0 33
4 A_19 217 0 34
5 B_15 222 0 35
4 A_20 226 0 36
1 A_21 227 0 37
5 B_16 232 0 38
7 A_22 239 0 39
6 B_17 245 0 40
3 B_18 248 0 41
5 A_23 253 0 42
4 A_24 257 0 43
7 B_19 264 0 44
3 B_20 267 0 45
5 A_25 272 0 46
3 B_21 275 0 47
4 A_26 279 0 48
7 B_22 286 0 49
4 B_23 290 0 50
5 A_27 295 0 51
4 B_24 299 0 52
4 A_28 303 0 53
5 B_25 308 0 54
3 A_29 311 0 55
4 A_30 315 0 56
1 A_31 316 0 57
4 B_26 320 0 58
1 B_27 321 0 59
4 A_32 325 0 60
7 B_28 332 0 61
7 A_33 339 0 62
5 B_29 344 0 63
1 B_30 345 0 64
6 A_34 351 0 65
2 A_35 353 0 66
2 A_36 355 0 67
4 A_37 359 0 68
6 B_31 365 0 69
2 B_32 367 0 70
4 B_33 371 0 71
7 A_38 378 0 72
1 A_39 379 0 73
5 B_34 384 0 74
4 B_35 388 0 75
1 B_36 389 0 76
2 B_37 391 0 77
4 B_38 395 0 78
3 B_39 398 0 79
No lane change: 398 192.76925000000003 0.00011086463928222656
---------------------
in formation_2
pass
---------------------
in formation_3
pass
---------------------
in formation_4
pass
---------------------
in formation_5
pass
---------------------
in formation_6
pass
---------------------
in formation_7
pass
error in formulation  []
