1
0 A_0 81 0 0
3 B_0 85 1 1
4 A_1 89 0 2
5 B_1 94 1 3
4 A_2 98 0 4
4 B_2 102 1 5
6 A_3 108 0 6
6 B_3 114 1 7
3 A_4 117 0 8
2 A_5 119 0 9
2 A_6 121 0 10
3 B_4 124 0 11
3 B_5 127 0 12
5 A_7 132 1 13
3 B_6 135 0 14
3 A_8 138 1 15
3 B_7 141 1 16
2 A_9 143 0 17
1 A_10 144 0 18
6 B_8 150 1 19
2 A_11 152 0 20
1 A_12 153 0 21
6 B_9 159 1 22
5 B_10 164 1 23
4 A_13 168 0 24
3 B_11 171 1 25
1 A_14 172 0 26
6 B_12 178 1 27
2 A_15 180 0 28
3 B_13 183 0 29
4 B_14 187 0 30
3 A_16 190 1 31
3 A_17 193 1 32
3 B_15 196 0 33
6 A_18 202 1 34
3 A_19 205 1 35
6 B_16 211 0 36
6 B_17 217 0 37
5 B_18 222 0 38
5 A_20 227 1 39
1 B_19 228 0 40
1 B_20 229 0 41
5 A_21 234 1 42
1 A_22 235 1 43
6 A_23 241 1 44
3 B_21 244 0 45
4 B_22 248 0 46
4 B_23 252 0 47
1 A_24 253 1 48
3 A_25 256 1 49
2 A_26 258 1 50
2 B_24 260 0 51
3 A_27 263 0 52
3 B_25 266 1 53
4 A_28 270 0 54
2 A_29 272 0 55
1 A_30 273 0 56
2 A_31 275 0 57
3 B_26 278 0 58
4 B_27 282 0 59
3 A_32 285 0 60
6 A_33 291 0 61
6 B_28 297 1 62
3 A_34 300 0 63
5 B_29 305 1 64
1 A_35 306 0 65
2 B_30 308 1 66
3 A_36 311 0 67
4 A_37 315 0 68
1 B_31 316 1 69
6 A_38 322 0 70
5 B_32 327 1 71
2 B_33 329 1 72
4 B_34 333 1 73
4 A_39 337 0 74
3 B_35 340 0 75
4 B_36 344 0 76
5 B_37 349 0 77
4 B_38 353 0 78
5 B_39 358 0 79
greedy: 358
---------------------
in formation_2
pass
---------------------
in formation_3
pass
---------------------
in formation_4
pass
---------------------
in formation_5
pass
---------------------
in formation_6
pass
---------------------
in formation_7
pass
error in formulation  []
