2
[3, 0, 0, 0, 3, 0, 0, 0, 0, 3, 1, 2, 2, 2, 2, 1, 3, 0, 0, 0, 0, 0, 0, 3, 0, 0, 0, 3, 0, 0, 0, 3, 0, 0, 0, 0, 0, 0, 0, 0, 0, 0, 0, 0, 2, 2, 2, 2, 2, 2, 1, 2, 1, 2, 2, 2, 2, 2, 2, 2, 2, 2, 2, 2, 0, 0, 0, 0, 3, 1, 2, 2, 2, 2, 2, 2, 2, 2, 2, 2]
0 B_0 82 1 0
3 A_0 86 0 1
1 A_1 87 0 2
3 A_2 90 0 3
4 B_1 94 1 4
3 A_3 97 0 5
2 A_4 99 0 6
2 A_5 101 0 7
2 A_6 103 0 8
3 B_2 106 1 9
3 A_7 109 1 10
3 B_3 112 0 11
6 B_4 118 0 12
3 B_5 121 0 13
1 B_6 122 0 14
3 A_8 125 1 15
3 B_7 128 1 16
2 A_9 130 0 17
1 A_10 131 0 18
2 A_11 133 0 19
1 A_12 134 0 20
2 A_13 136 0 21
2 A_14 138 0 22
3 B_8 141 1 23
2 A_15 143 0 24
2 A_16 145 0 25
3 A_17 148 0 26
4 B_9 152 1 27
2 A_18 154 0 28
3 A_19 157 0 29
3 A_20 160 0 30
1 B_10 161 1 31
1 A_21 162 0 32
1 A_22 163 0 33
6 A_23 169 0 34
4 A_24 173 0 35
3 A_25 176 0 36
2 A_26 178 0 37
3 A_27 181 0 38
4 A_28 185 0 39
2 A_29 187 0 40
1 A_30 188 0 41
2 A_31 190 0 42
2 A_32 192 0 43
8 B_11 200 0 44
5 B_12 205 0 45
1 B_13 206 0 46
4 B_14 210 0 47
1 B_15 211 0 48
4 B_16 215 0 49
4 A_33 219 1 50
3 B_17 222 0 51
1 A_34 223 1 52
1 B_18 224 0 53
1 B_19 225 0 54
1 B_20 226 0 55
1 B_21 227 0 56
4 B_22 231 0 57
4 B_23 235 0 58
1 B_24 236 0 59
4 B_25 240 0 60
3 B_26 243 0 61
4 B_27 247 0 62
1 B_28 248 0 63
3 A_35 251 0 64
2 A_36 253 0 65
4 A_37 257 0 66
4 A_38 261 0 67
4 B_29 265 1 68
4 A_39 269 1 69
2 B_30 271 0 70
1 B_31 272 0 71
1 B_32 273 0 72
2 B_33 275 0 73
4 B_34 279 0 74
1 B_35 280 0 75
4 B_36 284 0 76
5 B_37 289 0 77
4 B_38 293 0 78
5 B_39 298 0 79
dp: 298
---------------------
in formation_2
pass
---------------------
in formation_3
pass
---------------------
in formation_4
pass
---------------------
in formation_5
pass
---------------------
in formation_6
pass
---------------------
in formation_7
pass
error in formulation  []
