3
0 A_0 83 0 0
1 A_1 84 0 1
1 A_2 85 0 2
3 A_3 88 0 3
2 A_4 90 0 4
1 A_5 91 0 5
4 B_0 95 0 6
1 B_1 96 0 7
1 B_2 97 0 8
2 B_3 99 0 9
3 B_4 102 0 10
2 B_5 104 0 11
3 B_6 107 0 12
2 B_7 109 0 13
4 B_8 113 0 14
2 B_9 115 0 15
3 A_6 118 0 16
3 B_10 121 0 17
1 B_11 122 0 18
4 B_12 126 0 19
2 B_13 128 0 20
1 B_14 129 0 21
3 B_15 132 0 22
1 B_16 133 0 23
4 B_17 137 0 24
3 B_18 140 0 25
3 B_19 143 0 26
3 B_20 146 0 27
4 B_21 150 0 28
2 B_22 152 0 29
4 A_7 156 0 30
4 A_8 160 0 31
1 A_9 161 0 32
1 A_10 162 0 33
3 B_23 165 0 34
4 B_24 169 0 35
3 A_11 172 0 36
4 A_12 176 0 37
1 A_13 177 0 38
3 A_14 180 0 39
3 B_25 183 0 40
1 B_26 184 0 41
1 B_27 185 0 42
3 A_15 188 0 43
1 A_16 189 0 44
3 A_17 192 0 45
1 A_18 193 0 46
2 A_19 195 0 47
1 A_20 196 0 48
1 A_21 197 0 49
1 A_22 198 0 50
1 A_23 199 0 51
3 B_28 202 0 52
4 B_29 206 0 53
1 B_30 207 0 54
2 B_31 209 0 55
2 B_32 211 0 56
3 A_24 214 0 57
1 A_25 215 0 58
2 A_26 217 0 59
4 A_27 221 0 60
4 B_33 225 0 61
1 B_34 226 0 62
3 A_28 229 0 63
3 A_29 232 0 64
4 A_30 236 0 65
1 A_31 237 0 66
4 A_32 241 0 67
2 A_33 243 0 68
2 A_34 245 0 69
2 A_35 247 0 70
2 A_36 249 0 71
4 A_37 253 0 72
3 B_35 256 0 73
1 B_36 257 0 74
2 B_37 259 0 75
4 B_38 263 0 76
3 B_39 266 0 77
4 A_38 270 0 78
1 A_39 271 0 79
nldp: 271 125.08175000000001 0.025192975997924805
---------------------
in formation_2
pass
---------------------
in formation_3
pass
---------------------
in formation_4
pass
---------------------
in formation_5
pass
---------------------
in formation_6
pass
---------------------
in formation_7
pass
error in formulation  []
