0
0 A_0 81 0 0
9 B_0 90 0 1
8 A_1 98 0 2
10 B_1 108 0 3
10 A_2 118 0 4
9 B_2 127 0 5
1 B_3 128 0 6
4 B_4 132 0 7
7 A_3 139 0 8
5 B_5 144 0 9
3 B_6 147 0 10
6 A_4 153 0 11
9 B_7 162 0 12
8 A_5 170 0 13
7 B_8 177 0 14
5 A_6 182 0 15
8 B_9 190 0 16
8 A_7 198 0 17
9 B_10 207 0 18
6 A_8 213 0 19
10 B_11 223 0 20
7 A_9 230 0 21
8 B_12 238 0 22
6 A_10 244 0 23
8 B_13 252 0 24
7 A_11 259 0 25
1 A_12 260 0 26
5 A_13 265 0 27
5 A_14 270 0 28
5 A_15 275 0 29
3 A_16 278 0 30
6 B_14 284 0 31
10 A_17 294 0 32
6 B_15 300 0 33
5 B_16 305 0 34
6 A_18 311 0 35
1 A_19 312 0 36
3 B_17 315 0 37
4 A_20 319 0 38
5 B_18 324 0 39
5 B_19 329 0 40
4 B_20 333 0 41
1 B_21 334 0 42
10 A_21 344 0 43
7 B_22 351 0 44
6 A_22 357 0 45
7 B_23 364 0 46
7 A_23 371 0 47
6 B_24 377 0 48
4 B_25 381 0 49
7 A_24 388 0 50
7 B_26 395 0 51
7 A_25 402 0 52
7 B_27 409 0 53
8 A_26 417 0 54
6 B_28 423 0 55
8 A_27 431 0 56
4 B_29 435 0 57
9 A_28 444 0 58
4 B_30 448 0 59
4 A_29 452 0 60
5 B_31 457 0 61
9 A_30 466 0 62
10 B_32 476 0 63
8 A_31 484 0 64
6 B_33 490 0 65
4 A_32 494 0 66
7 B_34 501 0 67
4 A_33 505 0 68
8 B_35 513 0 69
2 B_36 515 0 70
8 A_34 523 0 71
4 B_37 527 0 72
8 A_35 535 0 73
8 B_38 543 0 74
3 A_36 546 0 75
6 B_39 552 0 76
2 B_40 554 0 77
3 A_37 557 0 78
3 A_38 560 0 79
1 A_39 561 0 80
1 A_40 562 0 81
4 A_41 566 0 82
5 B_41 571 0 83
4 A_42 575 0 84
7 B_42 582 0 85
9 A_43 591 0 86
5 B_43 596 0 87
5 A_44 601 0 88
4 A_45 605 0 89
4 B_44 609 0 90
3 A_46 612 0 91
6 A_47 618 0 92
7 B_45 625 0 93
4 B_46 629 0 94
2 B_47 631 0 95
2 B_48 633 0 96
6 A_48 639 0 97
7 B_49 646 0 98
7 A_49 653 0 99
1 A_50 654 0 100
6 B_50 660 0 101
6 A_51 666 0 102
3 B_51 669 0 103
7 A_52 676 0 104
9 B_52 685 0 105
4 B_53 689 0 106
2 B_54 691 0 107
9 A_53 700 0 108
8 B_55 708 0 109
8 A_54 716 0 110
6 A_55 722 0 111
4 B_56 726 0 112
7 A_56 733 0 113
7 B_57 740 0 114
6 A_57 746 0 115
6 B_58 752 0 116
5 A_58 757 0 117
4 B_59 761 0 118
8 A_59 769 0 119
No lane change: 769
---------------------
in formation_2
pass
---------------------
in formation_3
pass
---------------------
in formation_4
pass
---------------------
in formation_5
pass
---------------------
in formation_6
pass
---------------------
in formation_7
pass
error in formulation  []
