1
0 A_0 81 0 0
6 B_0 87 1 1
6 A_1 93 0 2
6 B_1 99 1 3
6 A_2 105 0 4
5 B_2 110 1 5
1 B_3 111 1 6
4 B_4 115 1 7
3 A_3 118 0 8
2 B_5 120 1 9
3 B_6 123 1 10
2 A_4 125 0 11
6 B_7 131 1 12
5 A_5 136 0 13
3 B_8 139 1 14
1 A_6 141 0 15
4 B_9 145 1 16
6 A_7 151 0 17
5 B_10 156 1 18
3 A_8 159 0 19
6 B_11 165 1 20
4 A_9 169 0 21
4 B_12 173 1 22
3 A_10 176 0 23
6 B_13 182 1 24
5 A_11 187 0 25
1 A_12 188 0 26
5 A_13 193 0 27
5 A_14 198 0 28
5 A_15 203 0 29
3 A_16 206 0 30
2 B_14 208 1 31
6 A_17 214 0 32
3 B_15 217 1 33
5 B_16 222 1 34
3 A_18 225 0 35
1 A_19 226 0 36
3 B_17 229 0 37
2 A_20 231 1 38
1 B_18 232 0 39
5 B_19 237 0 40
4 B_20 241 0 41
1 B_21 242 0 42
6 A_21 248 1 43
3 B_22 251 0 44
2 A_22 253 1 45
4 B_23 257 0 46
4 A_23 261 1 47
4 B_24 265 0 48
4 B_25 269 0 49
4 A_24 273 1 50
4 B_26 277 0 51
5 A_25 282 1 52
3 B_27 285 0 53
5 A_26 290 1 54
2 B_28 292 0 55
6 A_27 298 1 56
1 B_29 299 0 57
6 A_28 305 1 58
2 B_30 307 0 59
1 A_29 308 1 60
1 B_31 309 0 61
6 A_30 315 1 62
6 B_32 321 0 63
5 A_31 326 1 64
2 B_33 328 0 65
1 A_32 329 1 66
3 B_34 332 0 67
2 A_33 334 1 68
6 B_35 340 0 69
2 B_36 342 0 70
6 A_34 348 1 71
1 B_37 349 0 72
5 A_35 354 1 73
4 B_38 358 0 74
3 A_36 361 0 75
2 B_39 363 1 76
2 B_40 365 1 77
3 A_37 368 1 78
3 A_38 371 1 79
1 A_39 372 1 80
1 A_40 373 1 81
4 A_41 377 1 82
3 B_41 380 0 83
2 A_42 382 1 84
3 B_42 385 0 85
6 A_43 391 1 86
3 B_43 394 0 87
3 A_44 397 1 88
4 A_45 401 1 89
2 B_44 403 0 90
3 A_46 406 0 91
6 A_47 412 0 92
3 B_45 415 1 93
4 B_46 419 1 94
2 B_47 421 1 95
2 B_48 423 1 96
2 A_48 425 0 97
4 B_49 429 1 98
3 A_49 432 0 99
1 A_50 433 0 100
4 B_50 437 1 101
3 A_51 440 0 102
3 B_51 443 0 103
5 A_52 448 1 104
6 B_52 454 0 105
4 B_53 458 0 106
2 B_54 460 0 107
6 A_53 466 1 108
4 B_55 470 0 109
5 A_54 475 1 110
6 A_55 481 1 111
1 B_56 482 0 112
5 A_56 487 1 113
3 B_57 490 0 114
4 A_57 494 1 115
2 B_58 496 0 116
2 A_58 498 1 117
2 B_59 500 0 118
4 A_59 504 1 119
greedy: 504
---------------------
in formation_2
pass
---------------------
in formation_3
pass
---------------------
in formation_4
pass
---------------------
in formation_5
pass
---------------------
in formation_6
pass
---------------------
in formation_7
pass
error in formulation  []
