2
[2, 2, 2, 2, 2, 2, 2, 2, 2, 2, 2, 2, 2, 2, 2, 2, 2, 2, 2, 2, 2, 2, 2, 2, 2, 2, 2, 2, 2, 2, 2, 0, 0, 0, 0, 0, 0, 0, 0, 0, 0, 2, 2, 2, 2, 2, 2, 0, 0, 0, 2, 2, 2, 2, 0, 0, 2, 2, 0, 0, 0, 0, 2, 2, 2, 0, 0, 0, 0, 0, 0, 2, 2, 2, 2, 2, 2, 2, 2, 2, 2, 2, 1, 2, 2, 2, 0, 0, 0, 0, 0, 0, 0, 0, 0, 0, 0, 0, 0, 0, 0, 0, 0, 0, 0, 0, 0, 0, 0, 0, 0, 0, 0, 0, 0, 0, 0, 0, 0, 0]
0 B_0 81 0 0
4 B_1 85 0 1
3 B_2 88 0 2
1 B_3 89 0 3
3 B_4 92 0 4
1 B_5 93 0 5
4 B_6 97 0 6
4 B_7 101 0 7
4 B_8 105 0 8
2 B_9 107 0 9
4 B_10 111 0 10
1 B_11 112 0 11
3 B_12 115 0 12
2 B_13 117 0 13
1 B_14 118 0 14
4 B_15 122 0 15
4 B_16 126 0 16
2 B_17 128 0 17
4 B_18 132 0 18
4 B_19 136 0 19
2 B_20 138 0 20
4 B_21 142 0 21
1 B_22 143 0 22
1 B_23 144 0 23
4 B_24 148 0 24
4 B_25 152 0 25
2 B_26 154 0 26
2 B_27 156 0 27
4 B_28 160 0 28
1 B_29 161 0 29
4 B_30 165 0 30
3 A_0 168 0 31
2 A_1 170 0 32
3 A_2 173 0 33
3 A_3 176 0 34
3 A_4 179 0 35
2 A_5 181 0 36
1 A_6 182 0 37
1 A_7 183 0 38
1 A_8 184 0 39
1 A_9 185 0 40
6 B_31 191 0 41
3 B_32 194 0 42
2 B_33 196 0 43
3 B_34 199 0 44
4 B_35 203 0 45
4 B_36 207 0 46
3 A_10 210 0 47
3 A_11 213 0 48
3 A_12 216 0 49
4 B_37 220 0 50
4 B_38 224 0 51
1 B_39 225 0 52
4 B_40 229 0 53
3 A_13 232 0 54
4 A_14 236 0 55
5 B_41 241 0 56
3 B_42 244 0 57
3 A_15 247 0 58
3 A_16 250 0 59
2 A_17 252 0 60
1 A_18 253 0 61
5 B_43 258 0 62
4 B_44 262 0 63
4 B_45 266 0 64
3 A_19 269 0 65
1 A_20 270 0 66
3 A_21 273 0 67
3 A_22 276 0 68
1 A_23 277 0 69
1 A_24 278 0 70
6 B_46 284 0 71
1 B_47 285 0 72
2 B_48 287 0 73
1 B_49 288 0 74
4 B_50 292 0 75
4 B_51 296 0 76
1 B_52 297 0 77
4 B_53 301 0 78
2 B_54 303 0 79
2 B_55 305 0 80
1 B_56 306 0 81
4 A_25 310 1 82
1 B_57 311 0 83
2 B_58 313 0 84
2 B_59 315 0 85
3 A_26 318 0 86
1 A_27 319 0 87
2 A_28 321 0 88
2 A_29 323 0 89
1 A_30 324 0 90
4 A_31 328 0 91
2 A_32 330 0 92
1 A_33 331 0 93
1 A_34 332 0 94
2 A_35 334 0 95
1 A_36 335 0 96
1 A_37 336 0 97
4 A_38 340 0 98
4 A_39 344 0 99
1 A_40 345 0 100
2 A_41 347 0 101
2 A_42 349 0 102
3 A_43 352 0 103
1 A_44 353 0 104
1 A_45 354 0 105
2 A_46 356 0 106
3 A_47 359 0 107
1 A_48 360 0 108
3 A_49 363 0 109
2 A_50 365 0 110
1 A_51 366 0 111
4 A_52 370 0 112
3 A_53 373 0 113
3 A_54 376 0 114
3 A_55 379 0 115
4 A_56 383 0 116
1 A_57 384 0 117
4 A_58 388 0 118
4 A_59 392 0 119
dp: 392 194.80399999999992 0.15379905700683594
---------------------
in formation_2
pass
---------------------
in formation_3
pass
---------------------
in formation_4
pass
---------------------
in formation_5
pass
---------------------
in formation_6
pass
---------------------
in formation_7
pass
error in formulation  []
