3
0 A_0 82 0 0
2 A_1 84 0 1
3 A_2 87 0 2
3 A_3 90 0 3
4 B_0 94 0 4
4 B_1 98 0 5
3 B_2 101 0 6
1 B_3 102 0 7
3 B_4 105 0 8
1 B_5 106 0 9
4 B_6 110 0 10
4 B_7 114 0 11
4 B_8 118 0 12
2 B_9 120 0 13
4 A_4 124 0 14
2 A_5 126 0 15
1 A_6 127 0 16
1 A_7 128 0 17
1 A_8 129 0 18
1 A_9 130 0 19
3 B_10 133 0 20
1 B_11 134 0 21
3 B_12 137 0 22
2 B_13 139 0 23
1 B_14 140 0 24
3 A_10 143 0 25
3 A_11 146 0 26
4 B_15 150 0 27
4 B_16 154 0 28
2 B_17 156 0 29
4 B_18 160 0 30
4 B_19 164 0 31
2 B_20 166 0 32
4 B_21 170 0 33
1 B_22 171 0 34
1 B_23 172 0 35
4 B_24 176 0 36
4 B_25 180 0 37
2 B_26 182 0 38
2 B_27 184 0 39
3 A_12 187 0 40
3 A_13 190 0 41
4 B_28 194 0 42
1 B_29 195 0 43
4 A_14 199 0 44
3 B_30 202 0 45
3 A_15 205 0 46
3 A_16 208 0 47
2 A_17 210 0 48
1 A_18 211 0 49
3 B_31 214 0 50
3 B_32 217 0 51
2 B_33 219 0 52
3 B_34 222 0 53
3 A_19 225 0 54
1 A_20 226 0 55
3 A_21 229 0 56
3 A_22 232 0 57
1 A_23 233 0 58
1 A_24 234 0 59
4 A_25 238 0 60
4 A_26 242 0 61
1 A_27 243 0 62
2 A_28 245 0 63
2 A_29 247 0 64
1 A_30 248 0 65
4 A_31 252 0 66
2 A_32 254 0 67
1 A_33 255 0 68
1 A_34 256 0 69
2 A_35 258 0 70
1 A_36 259 0 71
1 A_37 260 0 72
4 A_38 264 0 73
4 A_39 268 0 74
1 A_40 269 0 75
2 A_41 271 0 76
2 A_42 273 0 77
3 A_43 276 0 78
1 A_44 277 0 79
1 A_45 278 0 80
2 A_46 280 0 81
3 A_47 283 0 82
1 A_48 284 0 83
3 A_49 287 0 84
2 A_50 289 0 85
1 A_51 290 0 86
3 B_35 293 0 87
3 A_52 296 0 88
3 A_53 299 0 89
3 A_54 302 0 90
3 A_55 305 0 91
4 A_56 309 0 92
1 A_57 310 0 93
3 B_36 313 0 94
3 B_37 316 0 95
4 B_38 320 0 96
1 B_39 321 0 97
4 B_40 325 0 98
4 B_41 329 0 99
3 B_42 332 0 100
4 B_43 336 0 101
3 A_58 339 0 102
3 B_44 342 0 103
4 B_45 346 0 104
3 B_46 349 0 105
1 B_47 350 0 106
2 B_48 352 0 107
1 B_49 353 0 108
4 B_50 357 0 109
4 A_59 361 0 110
4 B_51 365 0 111
1 B_52 366 0 112
4 B_53 370 0 113
2 B_54 372 0 114
2 B_55 374 0 115
1 B_56 375 0 116
4 B_57 379 0 117
2 B_58 381 0 118
2 B_59 383 0 119
nldp: 383 184.95400000000006 0.03715872764587402
---------------------
in formation_2
pass
---------------------
in formation_3
pass
---------------------
in formation_4
pass
---------------------
in formation_5
pass
---------------------
in formation_6
pass
---------------------
in formation_7
pass
error in formulation  []
