0
0 A_0 81 0 0
5 B_0 86 0 1
4 A_1 90 0 2
4 B_1 94 0 3
4 A_2 98 0 4
4 B_2 102 0 5
6 A_3 108 0 6
5 B_3 113 0 7
4 B_4 117 0 8
2 B_5 119 0 9
5 A_4 124 0 10
6 B_6 130 0 11
6 A_5 136 0 12
2 A_6 138 0 13
6 B_7 144 0 14
7 A_7 151 0 15
3 A_8 154 0 16
5 B_8 159 0 17
4 A_9 163 0 18
7 B_9 170 0 19
2 B_10 172 0 20
7 A_10 179 0 21
4 B_11 183 0 22
4 A_11 187 0 23
6 B_12 193 0 24
4 B_13 197 0 25
5 A_12 202 0 26
5 B_14 207 0 27
2 B_15 209 0 28
4 A_13 213 0 29
6 B_16 219 0 30
6 A_14 225 0 31
7 B_17 232 0 32
6 A_15 238 0 33
7 B_18 245 0 34
4 A_16 249 0 35
6 B_19 255 0 36
6 A_17 261 0 37
2 A_18 263 0 38
3 A_19 266 0 39
No lane change: 266 157.92599999999996 6.29425048828125e-05
---------------------
in formation_2
pass
---------------------
in formation_3
pass
---------------------
in formation_4
pass
---------------------
in formation_5
pass
---------------------
in formation_6
pass
---------------------
in formation_7
pass
error in formulation  []
