1
0 A_0 81 0 0
3 B_0 84 1 1
1 A_1 85 0 2
1 B_1 87 1 3
2 A_2 89 0 4
1 B_2 91 1 5
4 A_3 95 0 6
3 B_3 98 1 7
4 B_4 102 1 8
2 B_5 104 1 9
3 A_4 107 0 10
3 B_6 110 1 11
4 A_5 114 0 12
2 A_6 116 0 13
3 B_7 119 1 14
4 A_7 123 0 15
3 A_8 126 0 16
3 B_8 129 1 17
1 A_9 130 0 18
4 B_9 134 1 19
2 B_10 136 1 20
4 A_10 140 0 21
1 B_11 141 1 22
2 A_11 143 0 23
4 B_12 147 1 24
4 B_13 151 1 25
3 A_12 154 0 26
3 B_14 157 1 27
2 B_15 159 1 28
1 A_13 160 0 29
3 B_16 163 1 30
3 A_14 166 0 31
4 B_17 170 1 32
3 A_15 173 0 33
4 B_18 177 1 34
2 A_16 179 0 35
4 B_19 183 1 36
4 A_17 187 0 37
2 A_18 189 0 38
3 A_19 192 0 39
greedy: 192 120.901 0.00032210350036621094
---------------------
in formation_2
pass
---------------------
in formation_3
pass
---------------------
in formation_4
pass
---------------------
in formation_5
pass
---------------------
in formation_6
pass
---------------------
in formation_7
pass
error in formulation  []
