2
[2, 0, 0, 3, 3, 0, 0, 0, 0, 2, 2, 2, 2, 2, 2, 2, 1, 2, 2, 1, 2, 2, 2, 2, 0, 0, 0, 0, 0, 2, 2, 2, 0, 0, 0, 0, 0, 0, 3, 0]
0 B_0 84 0 0
3 A_0 87 0 1
1 A_1 88 0 2
2 B_1 90 1 3
3 B_2 94 1 4
4 A_2 98 0 5
3 A_3 101 0 6
2 A_4 103 0 7
1 A_5 104 0 8
9 B_3 113 0 9
5 B_4 118 0 10
2 B_5 120 0 11
5 B_6 125 0 12
2 B_7 127 0 13
3 B_8 130 0 14
5 B_9 135 0 15
3 A_6 138 1 16
4 B_10 142 0 17
1 B_11 143 0 18
1 A_7 144 1 19
4 B_12 148 0 20
2 B_13 150 0 21
1 B_14 151 0 22
4 B_15 155 0 23
5 A_8 160 0 24
1 A_9 161 0 25
5 A_10 166 0 26
1 A_11 167 0 27
1 A_12 168 0 28
8 B_16 176 0 29
4 B_17 180 0 30
2 B_18 182 0 31
4 A_13 186 0 32
3 A_14 189 0 33
3 A_15 192 0 34
2 A_16 194 0 35
2 A_17 196 0 36
3 A_18 199 0 37
2 B_19 201 1 38
2 A_19 203 0 39
dp: 203
---------------------
in formation_2
pass
---------------------
in formation_3
pass
---------------------
in formation_4
pass
---------------------
in formation_5
pass
---------------------
in formation_6
pass
---------------------
in formation_7
pass
error in formulation  []
