3
0 A_0 81 0 0
3 A_1 84 0 1
3 A_2 87 0 2
1 A_3 88 0 3
1 A_4 89 0 4
2 A_5 91 0 5
2 A_6 93 0 6
2 A_7 95 0 7
3 B_0 98 0 8
2 B_1 100 0 9
2 B_2 102 0 10
3 B_3 105 0 11
3 A_8 108 0 12
4 A_9 112 0 13
1 A_10 113 0 14
2 A_11 115 0 15
4 A_12 119 0 16
1 A_13 120 0 17
3 A_14 123 0 18
1 A_15 124 0 19
1 A_16 125 0 20
3 A_17 128 0 21
2 A_18 130 0 22
3 A_19 133 0 23
3 B_4 136 0 24
2 B_5 138 0 25
2 B_6 140 0 26
3 B_7 143 0 27
2 B_8 145 0 28
1 B_9 146 0 29
2 B_10 148 0 30
1 B_11 149 0 31
1 B_12 150 0 32
4 B_13 154 0 33
2 B_14 156 0 34
2 B_15 158 0 35
1 B_16 159 0 36
3 B_17 162 0 37
4 B_18 166 0 38
2 B_19 168 0 39
nldp: 168 110.651 0.0022389888763427734
---------------------
in formation_2
pass
---------------------
in formation_3
pass
---------------------
in formation_4
pass
---------------------
in formation_5
pass
---------------------
in formation_6
pass
---------------------
in formation_7
pass
error in formulation  []
