0
0 A_0 81 0 0
1 A_1 85 0 1
7 B_0 92 0 2
7 A_2 99 0 3
3 A_3 102 0 4
6 B_1 108 0 5
4 A_4 112 0 6
6 B_2 118 0 7
3 B_3 121 0 8
5 A_5 126 0 9
4 A_6 130 0 10
2 A_7 132 0 11
6 B_4 138 0 12
1 B_5 139 0 13
3 B_6 142 0 14
4 A_8 146 0 15
4 A_9 150 0 16
3 A_10 153 0 17
7 B_7 160 0 18
6 A_11 166 0 19
6 B_8 172 0 20
5 A_12 177 0 21
3 A_13 180 0 22
5 B_9 185 0 23
1 B_10 186 0 24
7 A_14 193 0 25
3 B_11 196 0 26
4 A_15 200 0 27
3 A_16 203 0 28
4 B_12 207 0 29
4 A_17 211 0 30
6 B_13 217 0 31
2 B_14 219 0 32
2 B_15 221 0 33
2 B_16 223 0 34
3 A_18 226 0 35
4 B_17 230 0 36
1 B_18 231 0 37
5 A_19 236 0 38
3 A_20 239 0 39
4 A_21 243 0 40
5 B_19 248 0 41
6 A_22 254 0 42
4 B_20 258 0 43
5 A_23 263 0 44
6 B_21 269 0 45
5 A_24 274 0 46
6 B_22 280 0 47
6 A_25 286 0 48
4 B_23 290 0 49
3 A_26 293 0 50
7 B_24 300 0 51
2 B_25 302 0 52
4 B_26 306 0 53
1 B_27 307 0 54
1 B_28 308 0 55
1 B_29 309 0 56
5 A_27 314 0 57
6 B_30 320 0 58
3 B_31 323 0 59
7 A_28 330 0 60
1 A_29 331 0 61
4 B_32 335 0 62
3 B_33 338 0 63
1 B_34 339 0 64
6 A_30 345 0 65
1 A_31 346 0 66
5 B_35 351 0 67
4 B_36 355 0 68
6 A_32 361 0 69
6 B_37 367 0 70
3 B_38 370 0 71
7 A_33 377 0 72
3 B_39 380 0 73
5 A_34 385 0 74
4 B_40 389 0 75
4 B_41 393 0 76
4 B_42 397 0 77
4 B_43 401 0 78
6 A_35 407 0 79
4 B_44 411 0 80
5 A_36 416 0 81
6 B_45 422 0 82
5 A_37 427 0 83
6 B_46 433 0 84
7 A_38 440 0 85
3 B_47 443 0 86
2 B_48 445 0 87
1 B_49 446 0 88
6 A_39 452 0 89
4 A_40 456 0 90
6 B_50 462 0 91
4 B_51 466 0 92
4 A_41 470 0 93
4 B_52 474 0 94
5 A_42 479 0 95
6 B_53 485 0 96
3 B_54 488 0 97
7 A_43 495 0 98
3 A_44 498 0 99
6 B_55 504 0 100
3 A_45 507 0 101
4 B_56 511 0 102
6 A_46 517 0 103
2 A_47 519 0 104
4 B_57 523 0 105
3 A_48 526 0 106
4 A_49 530 0 107
5 B_58 535 0 108
3 A_50 538 0 109
6 B_59 544 0 110
5 A_51 549 0 111
1 A_52 550 0 112
3 A_53 553 0 113
1 A_54 554 0 114
2 A_55 556 0 115
3 A_56 559 0 116
3 A_57 562 0 117
1 A_58 563 0 118
2 A_59 565 0 119
No lane change: 565 245.81416666666667 0.0002129077911376953
---------------------
in formation_2
pass
---------------------
in formation_3
pass
---------------------
in formation_4
pass
---------------------
in formation_5
pass
---------------------
in formation_6
pass
---------------------
in formation_7
pass
error in formulation  []
