1
0 A_0 81 0 0
2 B_0 85 1 1
4 B_1 89 1 2
4 B_2 93 1 3
1 A_1 97 0 4
1 A_2 98 0 5
5 A_3 103 0 6
3 A_4 106 0 7
5 B_3 111 1 8
4 B_4 115 1 9
1 A_5 116 0 10
3 A_6 119 0 11
3 A_7 122 0 12
4 B_5 126 1 13
4 B_6 130 1 14
2 B_7 132 1 15
4 B_8 136 1 16
5 A_8 141 0 17
5 B_9 146 1 18
6 B_10 152 1 19
1 A_9 153 0 20
4 B_11 157 1 21
6 A_10 163 0 22
5 A_11 168 0 23
4 B_12 172 1 24
3 A_12 175 0 25
5 A_13 180 0 26
1 B_13 181 1 27
3 A_14 184 1 28
2 A_15 186 1 29
4 B_14 190 0 30
3 B_15 193 0 31
2 A_16 195 1 32
6 B_16 201 0 33
4 B_17 205 0 34
6 A_17 211 1 35
2 B_18 213 0 36
4 A_18 217 1 37
2 A_19 219 1 38
6 B_19 225 0 39
3 A_20 228 1 40
3 B_20 231 0 41
3 A_21 234 1 42
4 B_21 238 0 43
1 B_22 239 0 44
6 B_23 245 0 45
3 A_22 248 1 46
6 B_24 254 0 47
5 A_23 259 1 48
1 A_24 260 1 49
3 B_25 263 0 50
5 B_26 268 0 51
3 B_27 271 0 52
2 A_25 273 1 53
2 A_26 275 1 54
2 B_28 277 0 55
2 A_27 279 1 56
5 B_29 284 0 57
5 B_30 289 0 58
1 B_31 290 0 59
4 B_32 294 0 60
3 A_28 297 0 61
4 B_33 301 1 62
5 A_29 306 0 63
6 A_30 312 0 64
1 A_31 313 0 65
6 B_34 319 1 66
3 A_32 322 0 67
5 B_35 327 1 68
5 B_36 332 1 69
5 B_37 337 1 70
6 B_38 343 1 71
2 A_33 345 0 72
1 B_39 346 1 73
2 B_40 348 1 74
1 B_41 349 1 75
6 A_34 355 0 76
6 B_42 361 1 77
2 B_43 363 1 78
1 A_35 364 0 79
3 A_36 367 0 80
3 A_37 370 0 81
1 B_44 371 1 82
3 A_38 374 0 83
1 A_39 375 0 84
3 B_45 378 1 85
4 B_46 382 1 86
2 A_40 384 0 87
4 B_47 388 1 88
2 A_41 390 0 89
1 A_42 391 0 90
1 B_48 392 1 91
6 A_43 398 0 92
4 B_49 402 1 93
2 A_44 404 0 94
3 B_50 407 1 95
3 B_51 410 1 96
4 B_52 414 1 97
1 B_53 415 1 98
2 B_54 417 1 99
3 B_55 420 1 100
2 B_56 422 1 101
6 A_45 428 0 102
4 A_46 432 0 103
3 A_47 435 0 104
1 A_48 436 0 105
3 B_57 439 1 106
4 B_58 443 1 107
6 A_49 449 0 108
6 B_59 455 1 109
5 A_50 460 0 110
6 A_51 466 0 111
6 A_52 472 0 112
6 A_53 478 0 113
2 A_54 480 0 114
6 A_55 486 0 115
4 A_56 490 0 116
6 A_57 496 0 117
6 A_58 502 0 118
5 A_59 507 0 119
greedy: 507
---------------------
in formation_2
pass
---------------------
in formation_3
pass
---------------------
in formation_4
pass
---------------------
in formation_5
pass
---------------------
in formation_6
pass
---------------------
in formation_7
pass
error in formulation  []
