2
[0, 0, 0, 0, 2, 2, 2, 2, 2, 2, 2, 2, 2, 2, 2, 2, 2, 2, 2, 2, 2, 2, 2, 2, 2, 2, 2, 2, 2, 2, 2, 2, 2, 2, 2, 2, 2, 2, 2, 2, 2, 2, 2, 2, 2, 2, 0, 2, 2, 2, 2, 0, 2, 0, 0, 0, 0, 0, 0, 0, 0, 2, 2, 2, 2, 0, 0, 0, 0, 0, 0, 0, 0, 0, 0, 0, 0, 0, 0, 0, 0, 0, 0, 0, 0, 0, 0, 0, 0, 0, 0, 2, 2, 2, 2, 2, 2, 2, 2, 2, 0, 0, 0, 0, 0, 0, 0, 0, 0, 0, 0, 0, 0, 0, 0, 0, 0, 0, 0, 0]
0 A_0 81 0 0
1 A_1 85 0 1
1 A_2 87 0 2
3 A_3 90 0 3
4 B_0 94 0 4
2 B_1 96 0 5
4 B_2 100 0 6
3 B_3 103 0 7
4 B_4 107 0 8
1 B_5 108 0 9
3 B_6 111 0 10
4 B_7 115 0 11
2 B_8 117 0 12
2 B_9 119 0 13
1 B_10 120 0 14
2 B_11 122 0 15
4 B_12 126 0 16
3 B_13 129 0 17
2 B_14 131 0 18
2 B_15 133 0 19
2 B_16 135 0 20
4 B_17 139 0 21
1 B_18 140 0 22
4 B_19 144 0 23
4 B_20 148 0 24
3 B_21 151 0 25
1 B_22 152 0 26
2 B_23 154 0 27
2 B_24 156 0 28
2 B_25 158 0 29
4 B_26 162 0 30
1 B_27 163 0 31
1 B_28 164 0 32
1 B_29 165 0 33
1 B_30 166 0 34
3 B_31 169 0 35
4 B_32 173 0 36
3 B_33 176 0 37
1 B_34 177 0 38
1 B_35 178 0 39
4 B_36 182 0 40
2 B_37 184 0 41
3 B_38 187 0 42
2 B_39 189 0 43
1 B_40 190 0 44
4 B_41 194 0 45
3 A_4 197 0 46
5 B_42 202 0 47
4 B_43 206 0 48
3 B_44 209 0 49
2 B_45 211 0 50
3 A_5 214 0 51
7 B_46 221 0 52
4 A_6 225 0 53
2 A_7 227 0 54
1 A_8 228 0 55
4 A_9 232 0 56
3 A_10 235 0 57
4 A_11 239 0 58
2 A_12 241 0 59
3 A_13 244 0 60
6 B_47 250 0 61
2 B_48 252 0 62
1 B_49 253 0 63
1 B_50 254 0 64
3 A_14 257 0 65
3 A_15 260 0 66
3 A_16 263 0 67
2 A_17 265 0 68
4 A_18 269 0 69
3 A_19 272 0 70
3 A_20 275 0 71
4 A_21 279 0 72
1 A_22 280 0 73
1 A_23 281 0 74
4 A_24 285 0 75
1 A_25 286 0 76
1 A_26 287 0 77
3 A_27 290 0 78
3 A_28 293 0 79
1 A_29 294 0 80
1 A_30 295 0 81
1 A_31 296 0 82
2 A_32 298 0 83
2 A_33 300 0 84
2 A_34 302 0 85
4 A_35 306 0 86
2 A_36 308 0 87
1 A_37 309 0 88
3 A_38 312 0 89
1 A_39 313 0 90
3 B_51 316 0 91
2 B_52 318 0 92
1 B_53 319 0 93
3 B_54 322 0 94
2 B_55 324 0 95
1 B_56 325 0 96
2 B_57 327 0 97
2 B_58 329 0 98
3 B_59 332 0 99
3 A_40 335 0 100
2 A_41 337 0 101
2 A_42 339 0 102
2 A_43 341 0 103
3 A_44 344 0 104
2 A_45 346 0 105
3 A_46 349 0 106
2 A_47 351 0 107
3 A_48 354 0 108
4 A_49 358 0 109
4 A_50 362 0 110
1 A_51 363 0 111
1 A_52 364 0 112
3 A_53 367 0 113
1 A_54 368 0 114
2 A_55 370 0 115
3 A_56 373 0 116
3 A_57 376 0 117
1 A_58 377 0 118
2 A_59 379 0 119
dp: 379 152.32250000000005 0.12316584587097168
---------------------
in formation_2
pass
---------------------
in formation_3
pass
---------------------
in formation_4
pass
---------------------
in formation_5
pass
---------------------
in formation_6
pass
---------------------
in formation_7
pass
error in formulation  []
