3
0 A_0 81 0 0
1 A_1 85 0 1
1 A_2 87 0 2
3 A_3 90 0 3
4 B_0 94 0 4
2 B_1 96 0 5
4 B_2 100 0 6
3 B_3 103 0 7
3 A_4 106 0 8
4 A_5 110 0 9
4 B_4 114 0 10
1 B_5 115 0 11
3 B_6 118 0 12
4 B_7 122 0 13
2 B_8 124 0 14
2 B_9 126 0 15
1 B_10 127 0 16
2 B_11 129 0 17
4 B_12 133 0 18
3 B_13 136 0 19
2 B_14 138 0 20
2 B_15 140 0 21
2 B_16 142 0 22
3 A_6 145 0 23
2 A_7 147 0 24
1 A_8 148 0 25
3 B_17 151 0 26
1 B_18 152 0 27
4 B_19 156 0 28
4 B_20 160 0 29
3 B_21 163 0 30
1 B_22 164 0 31
2 B_23 166 0 32
2 B_24 168 0 33
2 B_25 170 0 34
4 B_26 174 0 35
1 B_27 175 0 36
1 B_28 176 0 37
1 B_29 177 0 38
1 B_30 178 0 39
3 B_31 181 0 40
4 B_32 185 0 41
3 B_33 188 0 42
1 B_34 189 0 43
1 B_35 190 0 44
3 A_9 193 0 45
3 A_10 196 0 46
4 A_11 200 0 47
2 A_12 202 0 48
3 A_13 205 0 49
3 B_36 208 0 50
2 B_37 210 0 51
3 B_38 213 0 52
2 B_39 215 0 53
1 B_40 216 0 54
4 A_14 220 0 55
3 A_15 223 0 56
3 B_41 226 0 57
4 B_42 230 0 58
4 B_43 234 0 59
3 B_44 237 0 60
2 B_45 239 0 61
3 A_16 242 0 62
2 A_17 244 0 63
4 A_18 248 0 64
3 A_19 251 0 65
3 A_20 254 0 66
4 B_46 258 0 67
3 A_21 261 0 68
1 A_22 262 0 69
1 A_23 263 0 70
4 A_24 267 0 71
1 A_25 268 0 72
1 A_26 269 0 73
3 A_27 272 0 74
3 A_28 275 0 75
1 A_29 276 0 76
1 A_30 277 0 77
1 A_31 278 0 78
2 A_32 280 0 79
2 A_33 282 0 80
3 B_47 285 0 81
2 B_48 287 0 82
1 B_49 288 0 83
1 B_50 289 0 84
3 A_34 292 0 85
4 A_35 296 0 86
2 A_36 298 0 87
1 A_37 299 0 88
3 A_38 302 0 89
1 A_39 303 0 90
3 B_51 306 0 91
2 B_52 308 0 92
1 B_53 309 0 93
3 B_54 312 0 94
2 B_55 314 0 95
1 B_56 315 0 96
2 B_57 317 0 97
2 B_58 319 0 98
3 B_59 322 0 99
3 A_40 325 0 100
2 A_41 327 0 101
2 A_42 329 0 102
2 A_43 331 0 103
3 A_44 334 0 104
2 A_45 336 0 105
3 A_46 339 0 106
2 A_47 341 0 107
3 A_48 344 0 108
4 A_49 348 0 109
4 A_50 352 0 110
1 A_51 353 0 111
1 A_52 354 0 112
3 A_53 357 0 113
1 A_54 358 0 114
2 A_55 360 0 115
3 A_56 363 0 116
3 A_57 366 0 117
1 A_58 367 0 118
2 A_59 369 0 119
nldp: 369 147.13083333333333 0.019124984741210938
---------------------
in formation_2
pass
---------------------
in formation_3
pass
---------------------
in formation_4
pass
---------------------
in formation_5
pass
---------------------
in formation_6
pass
---------------------
in formation_7
pass
error in formulation  []
