0
0 A_0 81 0 0
6 B_0 87 0 1
1 B_1 88 0 2
4 A_1 92 0 3
6 A_2 98 0 4
7 B_2 105 0 5
9 A_3 114 0 6
5 B_3 119 0 7
8 A_4 127 0 8
3 B_4 130 0 9
7 A_5 137 0 10
5 A_6 142 0 11
7 B_5 149 0 12
3 A_7 152 0 13
6 B_6 158 0 14
7 A_8 165 0 15
6 B_7 171 0 16
6 B_8 177 0 17
6 A_9 183 0 18
5 B_9 188 0 19
9 A_10 197 0 20
4 B_10 201 0 21
1 B_11 202 0 22
4 B_12 206 0 23
9 A_11 215 0 24
7 B_13 222 0 25
5 B_14 227 0 26
7 A_12 234 0 27
3 A_13 237 0 28
6 B_15 243 0 29
6 A_14 249 0 30
7 B_16 256 0 31
6 B_17 262 0 32
4 B_18 266 0 33
2 B_19 268 0 34
7 A_15 275 0 35
4 B_20 279 0 36
7 A_16 286 0 37
10 B_21 296 0 38
6 A_17 302 0 39
7 B_22 309 0 40
8 A_18 317 0 41
7 B_23 324 0 42
2 B_24 326 0 43
10 A_19 336 0 44
2 A_20 338 0 45
8 B_25 346 0 46
8 A_21 354 0 47
1 A_22 355 0 48
7 B_26 362 0 49
9 A_23 371 0 50
5 B_27 376 0 51
8 A_24 384 0 52
7 B_28 391 0 53
10 A_25 401 0 54
3 B_29 404 0 55
4 A_26 408 0 56
5 B_30 413 0 57
8 A_27 421 0 58
3 B_31 424 0 59
2 B_32 426 0 60
4 B_33 430 0 61
9 A_28 439 0 62
6 A_29 445 0 63
3 B_34 448 0 64
6 A_30 454 0 65
4 B_35 458 0 66
6 A_31 464 0 67
5 B_36 469 0 68
10 A_32 479 0 69
7 B_37 486 0 70
9 A_33 495 0 71
6 B_38 501 0 72
5 A_34 506 0 73
8 B_39 514 0 74
8 A_35 522 0 75
5 B_40 527 0 76
8 A_36 535 0 77
7 B_41 542 0 78
4 B_42 546 0 79
6 B_43 552 0 80
6 B_44 558 0 81
9 A_37 567 0 82
6 B_45 573 0 83
10 A_38 583 0 84
1 A_39 584 0 85
1 A_40 585 0 86
9 B_46 594 0 87
3 A_41 597 0 88
5 B_47 602 0 89
9 A_42 611 0 90
4 A_43 615 0 91
4 B_48 619 0 92
3 A_44 622 0 93
9 B_49 631 0 94
9 A_45 640 0 95
5 B_50 645 0 96
1 B_51 646 0 97
9 A_46 655 0 98
4 A_47 659 0 99
5 A_48 664 0 100
6 B_52 670 0 101
3 A_49 673 0 102
4 B_53 677 0 103
7 A_50 684 0 104
7 B_54 691 0 105
4 B_55 695 0 106
6 A_51 701 0 107
2 A_52 703 0 108
2 A_53 705 0 109
5 B_56 710 0 110
8 A_54 718 0 111
7 B_57 725 0 112
5 A_55 730 0 113
5 B_58 735 0 114
8 A_56 743 0 115
6 B_59 749 0 116
5 A_57 754 0 117
3 A_58 757 0 118
4 A_59 761 0 119
No lane change: 761
---------------------
in formation_2
pass
---------------------
in formation_3
pass
---------------------
in formation_4
pass
---------------------
in formation_5
pass
---------------------
in formation_6
pass
---------------------
in formation_7
pass
error in formulation  []
