1
0 A_0 81 0 0
3 B_0 84 1 1
3 A_1 87 0 2
2 A_2 89 0 3
2 B_1 91 1 4
1 B_2 92 1 5
3 A_3 95 0 6
1 B_3 96 1 7
2 A_4 98 0 8
2 B_4 100 1 9
3 A_5 103 1 10
1 B_5 104 0 11
3 A_6 107 1 12
2 B_6 109 0 13
3 A_7 112 1 14
3 B_7 115 0 15
3 A_8 118 1 16
2 B_8 120 0 17
1 A_9 121 1 18
4 B_9 125 0 19
1 A_10 126 1 20
3 B_10 129 0 21
1 B_11 130 0 22
4 B_12 134 0 23
3 A_11 137 0 24
2 A_12 139 0 25
4 B_13 143 1 26
3 A_13 146 0 27
3 B_14 149 0 28
1 A_14 150 1 29
2 B_15 152 0 30
4 B_16 156 0 31
1 A_15 157 1 32
3 A_16 160 1 33
3 B_17 163 0 34
3 A_17 166 0 35
1 B_18 167 1 36
1 A_18 168 0 37
1 A_19 169 0 38
3 A_20 172 0 39
3 B_19 175 1 40
3 A_21 178 0 41
3 B_20 181 1 42
3 A_22 184 0 43
2 B_21 186 1 44
2 A_23 188 0 45
2 A_24 190 0 46
1 A_25 191 0 47
3 B_22 194 1 48
4 A_26 198 0 49
4 B_23 202 1 50
4 A_27 206 0 51
3 B_24 209 0 52
3 A_28 212 1 53
2 B_25 214 0 54
1 B_26 215 0 55
1 A_29 216 1 56
4 A_30 220 1 57
4 B_27 224 0 58
2 A_31 226 1 59
4 B_28 230 0 60
3 B_29 233 0 61
1 B_30 234 0 62
4 A_32 238 1 63
4 B_31 242 0 64
4 A_33 246 1 65
3 B_32 249 0 66
1 A_34 250 1 67
2 A_35 252 1 68
1 A_36 253 1 69
4 B_33 257 0 70
1 A_37 258 1 71
4 B_34 262 0 72
3 B_35 265 0 73
3 B_36 268 0 74
2 A_38 270 1 75
2 B_37 272 0 76
3 A_39 275 0 77
1 A_40 276 0 78
1 B_38 277 1 79
2 B_39 279 1 80
3 B_40 282 1 81
1 B_41 283 1 82
3 A_41 286 1 83
4 B_42 290 0 84
3 A_42 293 0 85
4 B_43 297 1 86
4 A_43 301 0 87
4 B_44 305 1 88
4 A_44 309 0 89
4 B_45 313 1 90
3 A_45 316 0 91
1 B_46 317 1 92
1 A_46 318 0 93
3 B_47 321 1 94
4 A_47 325 0 95
3 B_48 328 1 96
2 A_48 330 0 97
3 B_49 333 0 98
3 A_49 336 1 99
3 A_50 339 1 100
4 A_51 343 1 101
3 B_50 346 0 102
2 A_52 348 1 103
2 B_51 350 0 104
2 A_53 352 1 105
3 A_54 355 1 106
1 B_52 356 0 107
3 A_55 359 1 108
4 B_53 363 0 109
4 A_56 367 1 110
1 A_57 368 1 111
1 A_58 369 1 112
2 B_54 371 0 113
4 A_59 375 1 114
1 B_55 376 0 115
4 B_56 380 0 116
3 B_57 383 0 117
3 B_58 386 0 118
4 B_59 390 0 119
greedy: 390 187.62958333333344 0.0010249614715576172
---------------------
in formation_2
pass
---------------------
in formation_3
pass
---------------------
in formation_4
pass
---------------------
in formation_5
pass
---------------------
in formation_6
pass
---------------------
in formation_7
pass
error in formulation  []
