2
[1, 2, 2, 2, 2, 2, 2, 1, 2, 2, 2, 2, 1, 2, 2, 2, 2, 0, 0, 3, 0, 3, 0, 0, 3, 1, 2, 1, 2, 2, 2, 1, 2, 2, 2, 2, 1, 2, 2, 2, 1, 1, 1, 1, 2, 2, 2, 1, 2, 2, 2, 2, 1, 2, 2, 2, 2, 2, 2, 2, 3, 0, 0, 0, 3, 0, 0, 2, 2, 2, 0, 0, 0, 0, 0, 0, 2, 2, 0, 0, 0, 2, 1, 2, 2, 2, 2, 1, 2, 2, 0, 0, 0, 0, 0, 0, 0, 0, 0, 0, 0, 0, 0, 0, 2, 2, 0, 0, 0, 0, 0, 0, 2, 2, 0, 0, 0, 0, 0, 0]
0 A_0 81 1 0
2 B_0 85 0 1
1 B_1 86 0 2
1 B_2 87 0 3
4 B_3 91 0 4
1 B_4 92 0 5
3 B_5 95 0 6
2 A_1 97 1 7
3 B_6 100 0 8
2 B_7 102 0 9
6 B_8 108 0 10
1 B_9 109 0 11
1 A_2 110 1 12
1 B_10 111 0 13
1 B_11 112 0 14
4 B_12 116 0 15
1 B_13 117 0 16
3 A_3 120 0 17
1 A_4 121 0 18
1 B_14 122 1 19
2 A_5 124 0 20
1 B_15 126 1 21
1 A_6 130 0 22
1 A_7 131 0 23
4 B_16 135 1 24
3 A_8 139 1 25
2 B_17 143 0 26
3 A_9 147 1 27
3 B_18 151 0 28
2 B_19 153 0 29
1 B_20 154 0 30
4 A_10 158 1 31
4 B_21 162 0 32
4 B_22 166 0 33
2 B_23 168 0 34
2 B_24 170 0 35
1 A_11 171 1 36
5 B_25 176 0 37
4 B_26 180 0 38
2 B_27 182 0 39
3 A_12 185 1 40
3 A_13 188 1 41
3 A_14 191 1 42
4 A_15 195 1 43
2 B_28 197 0 44
1 B_29 198 0 45
3 B_30 201 0 46
4 A_16 205 1 47
2 B_31 207 0 48
2 B_32 209 0 49
4 B_33 213 0 50
1 B_34 214 0 51
4 A_17 218 1 52
1 B_35 219 0 53
2 B_36 221 0 54
2 B_37 223 0 55
1 B_38 224 0 56
3 B_39 227 0 57
3 B_40 230 0 58
2 B_41 232 0 59
6 B_42 238 1 60
5 A_18 243 0 61
1 A_19 244 0 62
2 A_20 246 0 63
2 B_43 248 1 64
1 A_21 249 0 65
1 A_22 250 0 66
10 B_44 260 0 67
4 B_45 264 0 68
2 B_46 266 0 69
4 A_23 270 0 70
2 A_24 272 0 71
3 A_25 275 0 72
2 A_26 277 0 73
2 A_27 279 0 74
1 A_28 280 0 75
5 B_47 285 0 76
2 B_48 287 0 77
4 A_29 291 0 78
2 A_30 293 0 79
1 A_31 294 0 80
6 B_49 300 0 81
3 A_32 303 1 82
4 B_50 307 0 83
1 B_51 308 0 84
3 B_52 311 0 85
1 B_53 312 0 86
4 A_33 316 1 87
2 B_54 318 0 88
4 B_55 322 0 89
3 A_34 325 0 90
1 A_35 326 0 91
6 A_36 332 0 92
3 A_37 335 0 93
4 A_38 339 0 94
1 A_39 340 0 95
1 A_40 341 0 96
4 A_41 345 0 97
3 A_42 348 0 98
4 A_43 352 0 99
3 A_44 355 0 100
2 A_45 357 0 101
1 A_46 358 0 102
4 A_47 362 0 103
8 B_56 370 0 104
1 B_57 371 0 105
3 A_48 374 0 106
1 A_49 375 0 107
2 A_50 377 0 108
5 A_51 382 0 109
2 A_52 384 0 110
2 A_53 386 0 111
9 B_58 395 0 112
1 B_59 396 0 113
5 A_54 401 0 114
1 A_55 402 0 115
3 A_56 405 0 116
2 A_57 407 0 117
3 A_58 410 0 118
4 A_59 414 0 119
dp: 414
---------------------
in formation_2
pass
---------------------
in formation_3
pass
---------------------
in formation_4
pass
---------------------
in formation_5
pass
---------------------
in formation_6
pass
---------------------
in formation_7
pass
error in formulation  []
