3
0 A_0 81 0 0
1 A_1 83 0 1
6 A_2 89 0 2
5 A_3 94 0 3
1 A_4 95 0 4
4 A_5 99 0 5
5 A_6 104 0 6
1 A_7 105 0 7
4 A_8 109 0 8
6 A_9 115 0 9
5 B_0 120 0 10
1 B_1 121 0 11
1 B_2 122 0 12
4 B_3 126 0 13
1 B_4 127 0 14
3 B_5 130 0 15
3 A_10 133 0 16
5 B_6 138 0 17
2 B_7 140 0 18
5 A_11 145 0 19
6 A_12 151 0 20
3 A_13 154 0 21
3 A_14 157 0 22
4 A_15 161 0 23
5 A_16 166 0 24
5 A_17 171 0 25
4 B_8 175 0 26
1 B_9 176 0 27
4 B_10 180 0 28
1 B_11 181 0 29
4 B_12 185 0 30
1 B_13 186 0 31
4 A_18 190 0 32
1 A_19 191 0 33
2 A_20 193 0 34
3 B_14 196 0 35
3 B_15 199 0 36
3 A_21 202 0 37
1 A_22 203 0 38
5 A_23 208 0 39
2 A_24 210 0 40
3 A_25 213 0 41
2 A_26 215 0 42
2 A_27 217 0 43
1 A_28 218 0 44
6 A_29 224 0 45
2 A_30 226 0 46
1 A_31 227 0 47
7 B_16 234 0 48
4 A_32 238 0 49
5 A_33 243 0 50
4 B_17 247 0 51
4 B_18 251 0 52
2 B_19 253 0 53
1 B_20 254 0 54
5 A_34 259 0 55
1 A_35 260 0 56
4 B_21 264 0 57
4 B_22 268 0 58
2 B_23 270 0 59
2 B_24 272 0 60
5 A_36 277 0 61
3 A_37 280 0 62
5 B_25 285 0 63
4 B_26 289 0 64
2 B_27 291 0 65
3 A_38 294 0 66
1 A_39 295 0 67
1 A_40 296 0 68
4 B_28 300 0 69
1 B_29 301 0 70
3 B_30 304 0 71
6 B_31 310 0 72
2 B_32 312 0 73
4 B_33 316 0 74
1 B_34 317 0 75
4 B_35 321 0 76
2 B_36 323 0 77
2 B_37 325 0 78
1 B_38 326 0 79
3 B_39 329 0 80
3 B_40 332 0 81
2 B_41 334 0 82
4 B_42 338 0 83
6 B_43 344 0 84
6 B_44 350 0 85
4 B_45 354 0 86
2 B_46 356 0 87
3 A_41 359 0 88
3 A_42 362 0 89
4 A_43 366 0 90
3 A_44 369 0 91
2 A_45 371 0 92
1 A_46 372 0 93
4 A_47 376 0 94
3 B_47 379 0 95
2 B_48 381 0 96
3 B_49 384 0 97
4 A_48 388 0 98
1 A_49 389 0 99
2 A_50 391 0 100
5 B_50 396 0 101
1 B_51 397 0 102
3 A_51 400 0 103
2 A_52 402 0 104
2 A_53 404 0 105
3 B_52 407 0 106
1 B_53 408 0 107
6 B_54 414 0 108
4 B_55 418 0 109
5 B_56 423 0 110
1 B_57 424 0 111
4 B_58 428 0 112
1 B_59 429 0 113
5 A_54 434 0 114
1 A_55 435 0 115
3 A_56 438 0 116
2 A_57 440 0 117
3 A_58 443 0 118
4 A_59 447 0 119
nldp: 447
---------------------
in formation_2
pass
---------------------
in formation_3
pass
---------------------
in formation_4
pass
---------------------
in formation_5
pass
---------------------
in formation_6
pass
---------------------
in formation_7
pass
error in formulation  []
