0
0 A_0 81 0 0
3 A_1 84 0 1
4 A_2 88 0 2
2 A_3 90 0 3
5 B_0 95 0 4
4 B_1 99 0 5
1 B_2 100 0 6
5 A_4 105 0 7
6 A_5 111 0 8
9 B_3 120 0 9
8 A_6 128 0 10
6 B_4 134 0 11
8 A_7 142 0 12
3 B_5 145 0 13
3 A_8 148 0 14
5 B_6 153 0 15
8 A_9 161 0 16
6 B_7 167 0 17
7 A_10 174 0 18
10 B_8 184 0 19
4 A_11 188 0 20
5 A_12 193 0 21
7 B_9 200 0 22
4 A_13 204 0 23
6 B_10 210 0 24
4 B_11 214 0 25
10 A_14 224 0 26
5 B_12 229 0 27
6 B_13 235 0 28
8 A_15 243 0 29
9 B_14 252 0 30
8 A_16 260 0 31
1 A_17 261 0 32
3 B_15 264 0 33
1 B_16 265 0 34
8 A_18 273 0 35
5 B_17 278 0 36
1 B_18 279 0 37
6 A_19 285 0 38
1 A_20 286 0 39
5 A_21 291 0 40
8 B_19 299 0 41
1 B_20 300 0 42
1 B_21 301 0 43
6 A_22 307 0 44
3 B_22 310 0 45
10 A_23 320 0 46
7 B_23 327 0 47
2 B_24 329 0 48
1 B_25 330 0 49
3 B_26 333 0 50
3 B_27 336 0 51
7 A_24 343 0 52
3 A_25 346 0 53
7 B_28 353 0 54
1 B_29 354 0 55
3 B_30 357 0 56
7 A_26 364 0 57
2 A_27 366 0 58
4 B_31 370 0 59
6 B_32 376 0 60
5 A_28 381 0 61
5 A_29 386 0 62
7 B_33 393 0 63
6 B_34 399 0 64
5 A_30 404 0 65
6 B_35 410 0 66
7 A_31 417 0 67
2 A_32 419 0 68
5 A_33 424 0 69
6 B_36 430 0 70
3 A_34 433 0 71
8 B_37 441 0 72
6 A_35 447 0 73
3 A_36 450 0 74
9 B_38 459 0 75
7 A_37 466 0 76
2 A_38 468 0 77
6 B_39 474 0 78
5 A_39 479 0 79
No lane change: 479
---------------------
in formation_2
pass
---------------------
in formation_3
pass
---------------------
in formation_4
pass
---------------------
in formation_5
pass
---------------------
in formation_6
pass
---------------------
in formation_7
pass
error in formulation  []
