1
0 A_0 81 0 0
2 A_1 85 0 1
1 A_2 86 0 2
3 B_0 89 1 3
4 A_3 93 0 4
4 B_1 97 1 5
4 A_4 101 0 6
3 B_2 104 0 7
4 A_5 108 1 8
1 A_6 109 1 9
2 B_3 111 0 10
3 A_7 114 1 11
3 B_4 117 0 12
1 A_8 118 1 13
3 A_9 121 1 14
4 B_5 125 0 15
3 A_10 128 1 16
3 B_6 131 0 17
2 B_7 133 0 18
3 A_11 136 1 19
1 B_8 137 0 20
2 B_9 139 0 21
3 A_12 142 1 22
2 B_10 144 0 23
4 B_11 148 0 24
2 A_13 150 1 25
2 A_14 152 1 26
4 B_12 156 0 27
4 A_15 160 1 28
3 B_13 163 1 29
2 B_14 165 1 30
3 B_15 168 1 31
3 B_16 171 1 32
3 A_16 174 0 33
3 A_17 177 0 34
1 B_17 178 1 35
1 A_18 179 0 36
2 B_18 181 1 37
4 A_19 185 0 38
2 B_19 187 1 39
2 A_20 189 0 40
4 B_20 193 1 41
3 B_21 196 1 42
3 A_21 199 0 43
1 A_22 200 0 44
2 B_22 202 1 45
1 B_23 203 1 46
2 A_23 205 0 47
1 A_24 206 0 48
4 A_25 210 0 49
3 B_24 213 1 50
2 A_26 215 0 51
2 B_25 217 1 52
4 B_26 221 1 53
4 B_27 225 1 54
3 A_27 228 1 55
3 B_28 231 1 56
4 A_28 235 0 57
1 B_29 236 1 58
4 A_29 240 0 59
3 B_30 243 0 60
2 A_30 245 1 61
4 B_31 249 0 62
1 B_32 250 0 63
3 A_31 253 1 64
4 A_32 257 1 65
3 B_33 260 1 66
3 A_33 263 0 67
3 A_34 266 0 68
4 B_34 270 1 69
3 A_35 273 1 70
1 A_36 274 1 71
3 B_35 277 0 72
3 A_37 280 1 73
4 B_36 284 0 74
3 A_38 287 1 75
4 B_37 291 0 76
2 A_39 293 1 77
4 B_38 297 0 78
2 B_39 299 0 79
greedy: 299 131.03912499999993 0.0006630420684814453
---------------------
in formation_2
pass
---------------------
in formation_3
pass
---------------------
in formation_4
pass
---------------------
in formation_5
pass
---------------------
in formation_6
pass
---------------------
in formation_7
pass
error in formulation  []
