2
[0, 0, 0, 0, 0, 0, 0, 0, 0, 0, 0, 0, 0, 0, 0, 2, 2, 2, 2, 2, 2, 2, 2, 2, 2, 2, 1, 2, 2, 2, 2, 2, 2, 2, 0, 0, 0, 0, 0, 0, 0, 0, 0, 0, 0, 0, 2, 2, 2, 2, 2, 2, 2, 2, 0, 0, 0, 0, 3, 0, 0, 0, 2, 2, 2, 2, 2, 2, 2, 2, 2, 2, 2, 0, 0, 0, 2, 2, 0, 0]
0 A_0 81 0 0
2 A_1 85 0 1
1 A_2 86 0 2
1 A_3 87 0 3
4 A_4 92 0 4
4 A_5 96 0 5
1 A_6 97 0 6
3 A_7 100 0 7
2 A_8 102 0 8
3 A_9 105 0 9
4 A_10 109 0 10
2 A_11 111 0 11
1 A_12 112 0 12
2 A_13 114 0 13
2 A_14 116 0 14
4 B_0 120 0 15
3 B_1 123 0 16
4 B_2 127 0 17
3 B_3 130 0 18
4 B_4 134 0 19
1 B_5 135 0 20
3 B_6 138 0 21
2 B_7 140 0 22
2 B_8 142 0 23
2 B_9 144 0 24
1 B_10 145 0 25
4 A_15 149 1 26
3 B_11 152 0 27
3 B_12 155 0 28
2 B_13 157 0 29
2 B_14 159 0 30
3 B_15 162 0 31
3 B_16 165 0 32
3 B_17 168 0 33
3 A_16 171 0 34
3 A_17 174 0 35
2 A_18 176 0 36
4 A_19 180 0 37
4 A_20 184 0 38
4 A_21 188 0 39
1 A_22 189 0 40
1 A_23 190 0 41
1 A_24 191 0 42
4 A_25 195 0 43
2 A_26 197 0 44
2 A_27 199 0 45
3 B_18 202 0 46
4 B_19 206 0 47
1 B_20 207 0 48
3 B_21 210 0 49
1 B_22 211 0 50
1 B_23 212 0 51
1 B_24 213 0 52
1 B_25 214 0 53
3 A_28 217 0 54
1 A_29 218 0 55
3 A_30 221 0 56
1 A_31 222 0 57
1 B_26 223 1 58
4 A_32 227 0 59
1 A_33 228 0 60
3 A_34 231 0 61
4 B_27 235 0 62
4 B_28 239 0 63
2 B_29 241 0 64
1 B_30 242 0 65
3 B_31 245 0 66
1 B_32 246 0 67
3 B_33 249 0 68
2 B_34 251 0 69
2 B_35 253 0 70
4 B_36 257 0 71
1 B_37 258 0 72
4 A_35 262 0 73
1 A_36 263 0 74
1 A_37 264 0 75
5 B_38 269 0 76
2 B_39 271 0 77
4 A_38 275 0 78
1 A_39 276 0 79
dp: 276 123.68912499999995 0.04919886589050293
---------------------
in formation_2
pass
---------------------
in formation_3
pass
---------------------
in formation_4
pass
---------------------
in formation_5
pass
---------------------
in formation_6
pass
---------------------
in formation_7
pass
error in formulation  []
