3
0 A_0 81 0 0
3 A_1 84 0 1
4 A_2 88 0 2
2 A_3 90 0 3
5 A_4 95 0 4
6 A_5 101 0 5
2 A_6 103 0 6
4 A_7 107 0 7
5 B_0 112 0 8
4 A_8 116 0 9
5 A_9 121 0 10
1 A_10 122 0 11
3 B_1 125 0 12
1 B_2 126 0 13
2 B_3 128 0 14
5 B_4 133 0 15
1 B_5 134 0 16
1 B_6 135 0 17
4 B_7 139 0 18
1 B_8 140 0 19
3 B_9 143 0 20
3 B_10 146 0 21
4 B_11 150 0 22
3 B_12 153 0 23
6 B_13 159 0 24
2 B_14 161 0 25
2 B_15 163 0 26
1 B_16 164 0 27
1 B_17 165 0 28
1 B_18 166 0 29
3 A_11 169 0 30
5 A_12 174 0 31
6 A_13 180 0 32
2 A_14 182 0 33
4 B_19 186 0 34
1 B_20 187 0 35
1 B_21 188 0 36
1 B_22 189 0 37
2 B_23 191 0 38
2 B_24 193 0 39
1 B_25 194 0 40
3 B_26 197 0 41
3 B_27 200 0 42
1 B_28 201 0 43
1 B_29 202 0 44
3 B_30 205 0 45
3 B_31 208 0 46
3 A_15 211 0 47
3 B_32 214 0 48
3 B_33 217 0 49
6 B_34 223 0 50
5 A_16 228 0 51
1 A_17 229 0 52
5 A_18 234 0 53
4 A_19 238 0 54
1 A_20 239 0 55
5 A_21 244 0 56
3 B_35 247 0 57
5 A_22 252 0 58
5 A_23 257 0 59
3 A_24 260 0 60
3 A_25 263 0 61
3 A_26 266 0 62
2 A_27 268 0 63
5 A_28 273 0 64
5 A_29 278 0 65
3 A_30 281 0 66
6 A_31 287 0 67
2 A_32 289 0 68
5 A_33 294 0 69
4 A_34 298 0 70
2 A_35 300 0 71
3 A_36 303 0 72
6 A_37 309 0 73
2 A_38 311 0 74
2 A_39 313 0 75
4 B_36 317 0 76
4 B_37 321 0 77
2 B_38 323 0 78
4 B_39 327 0 79
nldp: 327
---------------------
in formation_2
pass
---------------------
in formation_3
pass
---------------------
in formation_4
pass
---------------------
in formation_5
pass
---------------------
in formation_6
pass
---------------------
in formation_7
pass
error in formulation  []
