0
0 A_0 81 0 0
6 B_0 87 0 1
4 B_1 91 0 2
7 A_1 98 0 3
1 A_2 99 0 4
6 B_2 105 0 5
6 A_3 111 0 6
6 B_3 117 0 7
6 A_4 123 0 8
3 A_5 126 0 9
6 B_4 132 0 10
4 B_5 136 0 11
2 B_6 138 0 12
1 B_7 139 0 13
7 A_6 146 0 14
5 B_8 151 0 15
6 A_7 157 0 16
7 B_9 164 0 17
6 A_8 170 0 18
6 B_10 176 0 19
2 B_11 178 0 20
6 A_9 184 0 21
1 A_10 185 0 22
5 B_12 190 0 23
4 A_11 194 0 24
1 A_12 195 0 25
5 B_13 200 0 26
3 A_13 203 0 27
1 A_14 204 0 28
1 A_15 205 0 29
3 A_16 208 0 30
6 B_14 214 0 31
6 A_17 220 0 32
4 B_15 224 0 33
3 A_18 227 0 34
5 B_16 232 0 35
7 A_19 239 0 36
5 B_17 244 0 37
6 A_20 250 0 38
3 B_18 253 0 39
4 B_19 257 0 40
5 A_21 262 0 41
5 B_20 267 0 42
2 B_21 269 0 43
4 A_22 273 0 44
4 A_23 277 0 45
4 B_22 281 0 46
6 A_24 287 0 47
7 B_23 294 0 48
1 B_24 295 0 49
1 B_25 296 0 50
5 A_25 301 0 51
4 A_26 305 0 52
5 B_26 310 0 53
6 A_27 316 0 54
6 B_27 322 0 55
3 A_28 325 0 56
3 A_29 328 0 57
3 B_28 331 0 58
1 B_29 332 0 59
4 B_30 336 0 60
4 A_30 340 0 61
4 A_31 344 0 62
1 A_32 345 0 63
4 A_33 349 0 64
1 A_34 350 0 65
5 B_31 355 0 66
4 A_35 359 0 67
5 B_32 364 0 68
6 A_36 370 0 69
1 A_37 371 0 70
2 A_38 373 0 71
5 B_33 378 0 72
6 A_39 384 0 73
5 B_34 389 0 74
1 B_35 390 0 75
3 B_36 393 0 76
3 B_37 396 0 77
4 B_38 400 0 78
4 B_39 404 0 79
No lane change: 404 210.15137499999997 0.00010657310485839844
---------------------
in formation_2
pass
---------------------
in formation_3
pass
---------------------
in formation_4
pass
---------------------
in formation_5
pass
---------------------
in formation_6
pass
---------------------
in formation_7
pass
error in formulation  []
