1
0 B_0 81 0 0
4 B_1 85 0 1
3 B_2 88 0 2
3 B_3 91 0 3
6 B_4 97 0 4
4 B_5 101 0 5
4 B_6 105 0 6
4 B_7 109 0 7
6 B_8 115 0 8
3 A_0 118 0 9
1 A_1 119 0 10
3 A_2 122 0 11
1 A_3 123 0 12
5 B_9 128 1 13
5 A_4 133 0 14
5 B_10 138 1 15
2 A_5 140 0 16
1 A_6 141 0 17
1 A_7 142 0 18
6 B_11 148 1 19
3 A_8 151 0 20
5 B_12 156 1 21
5 A_9 161 0 22
3 B_13 164 0 23
4 A_10 168 1 24
3 B_14 171 0 25
5 A_11 176 1 26
6 B_15 182 0 27
5 A_12 187 1 28
3 B_16 190 1 29
1 A_13 191 0 30
3 B_17 194 1 31
1 B_18 195 1 32
4 A_14 199 0 33
2 B_19 201 1 34
2 A_15 203 0 35
6 A_16 209 0 36
5 B_20 214 1 37
1 B_21 215 1 38
3 A_17 218 1 39
6 B_22 224 0 40
6 B_23 230 0 41
6 B_24 236 0 42
1 A_18 237 1 43
6 B_25 243 0 44
3 B_26 246 0 45
4 A_19 250 1 46
3 B_27 253 1 47
5 A_20 258 0 48
2 B_28 260 1 49
5 B_29 265 1 50
4 A_21 269 0 51
4 B_30 273 1 52
4 B_31 277 1 53
3 A_22 280 1 54
5 B_32 285 0 55
4 A_23 289 1 56
3 B_33 292 1 57
4 A_24 296 0 58
2 A_25 298 0 59
6 A_26 304 0 60
4 B_34 308 1 61
5 B_35 313 1 62
2 B_36 315 1 63
3 A_27 318 0 64
4 B_37 322 1 65
3 B_38 325 1 66
3 A_28 328 0 67
6 A_29 334 0 68
2 A_30 336 0 69
2 A_31 338 0 70
1 A_32 339 0 71
4 B_39 343 1 72
5 A_33 348 0 73
2 A_34 350 0 74
6 A_35 356 0 75
2 A_36 358 0 76
5 A_37 363 0 77
6 A_38 369 0 78
1 A_39 370 0 79
greedy: 370
---------------------
in formation_2
pass
---------------------
in formation_3
pass
---------------------
in formation_4
pass
---------------------
in formation_5
pass
---------------------
in formation_6
pass
---------------------
in formation_7
pass
error in formulation  []
