2
[2, 2, 2, 2, 0, 0, 0, 0, 3, 3, 3, 3, 0, 3, 0, 0, 0, 3, 3, 0, 0, 3, 3, 0, 0, 0, 0, 2, 2, 1, 2, 2, 2, 2, 2, 2, 2, 2, 1, 3, 0, 0, 0, 0, 0, 0, 0, 0, 0, 0, 3, 0, 0, 3, 3, 0, 3, 3, 0, 0, 0, 1, 2, 2, 2, 2, 0, 0, 2, 0, 0, 2, 2, 2, 2, 2, 0, 3, 0, 0]
0 B_0 81 0 0
4 B_1 85 0 1
3 B_2 88 0 2
3 B_3 91 0 3
5 A_0 96 0 4
1 A_1 97 0 5
3 A_2 100 0 6
1 A_3 101 0 7
1 B_4 102 1 8
4 B_5 106 1 9
4 B_6 110 1 10
4 B_7 114 1 11
1 A_4 116 0 12
4 B_8 120 1 13
2 A_5 124 0 14
1 A_6 125 0 15
1 A_7 126 0 16
1 B_9 130 1 17
5 B_10 135 1 18
2 A_8 138 0 19
3 A_9 141 0 20
3 B_11 144 1 21
4 B_12 148 1 22
2 A_10 151 0 23
1 A_11 152 0 24
5 A_12 157 0 25
2 A_13 159 0 26
3 B_13 162 0 27
2 B_14 164 0 28
3 A_14 167 1 29
1 B_15 168 0 30
2 B_16 170 0 31
2 B_17 172 0 32
1 B_18 173 0 33
3 B_19 176 0 34
2 B_20 178 0 35
1 B_21 179 0 36
1 B_22 180 0 37
6 A_15 186 1 38
4 B_23 190 1 39
6 A_16 196 0 40
2 A_17 198 0 41
2 A_18 200 0 42
3 A_19 203 0 43
2 A_20 205 0 44
4 A_21 209 0 45
1 A_22 210 0 46
2 A_23 212 0 47
2 A_24 214 0 48
2 A_25 216 0 49
2 B_24 218 1 50
2 A_26 220 0 51
4 A_27 224 0 52
3 B_25 227 1 53
3 B_26 230 1 54
5 A_28 235 0 55
2 B_27 237 1 56
4 B_28 241 1 57
4 A_29 245 0 58
2 A_30 247 0 59
2 A_31 249 0 60
4 A_32 253 1 61
3 B_29 256 0 62
3 B_30 259 0 63
4 B_31 263 0 64
1 B_32 264 0 65
3 A_33 267 0 66
2 A_34 269 0 67
5 B_33 274 0 68
3 A_35 277 0 69
2 A_36 279 0 70
10 B_34 289 0 71
5 B_35 294 0 72
2 B_36 296 0 73
1 B_37 297 0 74
3 B_38 300 0 75
3 A_37 303 0 76
4 B_39 307 1 77
3 A_38 310 0 78
1 A_39 311 0 79
dp: 311
---------------------
in formation_2
pass
---------------------
in formation_3
pass
---------------------
in formation_4
pass
---------------------
in formation_5
pass
---------------------
in formation_6
pass
---------------------
in formation_7
pass
error in formulation  []
