3
0 B_0 81 0 0
4 B_1 85 0 1
1 B_2 86 0 2
2 B_3 88 0 3
1 B_4 89 0 4
3 A_0 92 0 5
1 A_1 93 0 6
1 A_2 94 0 7
1 A_3 95 0 8
3 A_4 98 0 9
3 A_5 101 0 10
3 B_5 104 0 11
2 B_6 106 0 12
1 B_7 107 0 13
4 B_8 111 0 14
2 B_9 113 0 15
1 B_10 114 0 16
2 B_11 116 0 17
4 B_12 120 0 18
3 B_13 123 0 19
2 B_14 125 0 20
3 B_15 128 0 21
4 B_16 132 0 22
4 B_17 136 0 23
4 B_18 140 0 24
4 B_19 144 0 25
4 B_20 148 0 26
2 B_21 150 0 27
1 B_22 151 0 28
3 B_23 154 0 29
1 B_24 155 0 30
1 B_25 156 0 31
2 B_26 158 0 32
2 B_27 160 0 33
2 B_28 162 0 34
1 B_29 163 0 35
4 B_30 167 0 36
1 B_31 168 0 37
3 B_32 171 0 38
3 A_6 174 0 39
3 B_33 177 0 40
2 B_34 179 0 41
1 B_35 180 0 42
4 A_7 184 0 43
4 A_8 188 0 44
3 A_9 191 0 45
1 A_10 192 0 46
3 A_11 195 0 47
1 A_12 196 0 48
3 B_36 199 0 49
3 B_37 202 0 50
3 A_13 205 0 51
1 A_14 206 0 52
1 A_15 207 0 53
3 A_16 210 0 54
2 A_17 212 0 55
1 A_18 213 0 56
4 A_19 217 0 57
3 A_20 220 0 58
1 A_21 221 0 59
3 B_38 224 0 60
4 A_22 228 0 61
4 A_23 232 0 62
2 A_24 234 0 63
4 A_25 238 0 64
4 A_26 242 0 65
3 B_39 245 0 66
3 A_27 248 0 67
1 A_28 249 0 68
3 A_29 252 0 69
1 A_30 253 0 70
4 A_31 257 0 71
1 A_32 258 0 72
4 A_33 262 0 73
1 A_34 263 0 74
4 A_35 267 0 75
4 A_36 271 0 76
1 A_37 272 0 77
2 A_38 274 0 78
4 A_39 278 0 79
nldp: 278 134.96387499999997 0.01630377769470215
---------------------
in formation_2
pass
---------------------
in formation_3
pass
---------------------
in formation_4
pass
---------------------
in formation_5
pass
---------------------
in formation_6
pass
---------------------
in formation_7
pass
error in formulation  []
