B_0 0 B 0 [0, 4, 3, 1, 6, 1, 6, 2, 1, 5, 3, 2, 4, 4, 2, 5, 6, 3, 1, 5] [0, 7, 8, 6, 11, 6, 10, 5, 4, 8, 7, 5, 8, 9, 6, 10, 10, 7, 4, 8]
A_0 1 A 1 [4, 0, 3, 4, 6, 5, 5, 1, 2, 1, 4, 2, 6, 6, 5, 4, 4, 1, 5, 6] [7, 0, 6, 8, 9, 9, 10, 4, 6, 6, 9, 6, 10, 10, 10, 9, 7, 5, 9, 11]
B_1 1 B 2 [3, 3, 0, 2, 1, 4, 3, 6, 3, 6, 6, 6, 5, 1, 5, 4, 5, 3, 1, 3] [8, 6, 0, 5, 6, 7, 8, 9, 7, 10, 10, 11, 9, 6, 9, 7, 9, 6, 5, 8]
B_2 2 B 3 [1, 4, 2, 0, 5, 2, 2, 1, 1, 1, 5, 2, 5, 6, 1, 6, 6, 1, 6, 3] [6, 8, 5, 0, 8, 6, 6, 6, 4, 5, 10, 5, 10, 9, 6, 11, 10, 6, 10, 8]
A_1 3 A 4 [6, 6, 1, 5, 0, 4, 5, 2, 1, 5, 2, 6, 1, 1, 5, 6, 3, 6, 6, 3] [11, 9, 6, 8, 0, 8, 9, 7, 5, 8, 7, 11, 6, 4, 8, 9, 8, 10, 9, 7]
B_3 4 B 5 [1, 5, 4, 2, 4, 0, 2, 3, 3, 1, 6, 5, 5, 3, 2, 2, 6, 1, 4, 1] [6, 9, 7, 6, 8, 0, 5, 7, 7, 4, 9, 8, 9, 8, 7, 6, 10, 4, 9, 4]
A_2 6 A 6 [6, 5, 3, 2, 5, 2, 0, 3, 2, 2, 6, 2, 2, 3, 5, 3, 6, 3, 2, 3] [10, 10, 8, 6, 9, 5, 0, 8, 7, 7, 11, 6, 5, 6, 8, 6, 9, 8, 7, 8]
B_4 6 B 7 [2, 1, 6, 1, 2, 3, 3, 0, 2, 6, 6, 1, 3, 6, 4, 4, 1, 6, 3, 3] [5, 4, 9, 6, 7, 7, 8, 0, 7, 11, 9, 5, 7, 10, 9, 7, 6, 11, 7, 8]
A_3 8 A 8 [1, 2, 3, 1, 1, 3, 2, 2, 0, 6, 3, 6, 3, 5, 2, 4, 5, 6, 2, 1] [4, 6, 7, 4, 5, 7, 7, 7, 0, 9, 8, 10, 7, 10, 6, 9, 10, 10, 5, 5]
B_5 8 B 9 [5, 1, 6, 1, 5, 1, 2, 6, 6, 0, 4, 3, 1, 1, 3, 5, 2, 6, 5, 5] [8, 6, 10, 5, 8, 4, 7, 11, 9, 0, 7, 6, 6, 6, 6, 10, 6, 10, 8, 10]
A_4 9 A 10 [3, 4, 6, 5, 2, 6, 6, 6, 3, 4, 0, 6, 3, 6, 1, 2, 1, 5, 3, 3] [7, 9, 10, 10, 7, 9, 11, 9, 8, 7, 0, 11, 8, 11, 6, 7, 6, 9, 7, 6]
B_6 9 B 11 [2, 2, 6, 2, 6, 5, 2, 1, 6, 3, 6, 0, 6, 2, 2, 3, 2, 3, 1, 3] [5, 6, 11, 5, 11, 8, 6, 5, 10, 6, 11, 0, 9, 7, 6, 6, 5, 6, 5, 8]
B_7 11 B 12 [4, 6, 5, 5, 1, 5, 2, 3, 3, 1, 3, 6, 0, 1, 3, 5, 1, 4, 6, 5] [8, 10, 9, 10, 6, 9, 5, 7, 7, 6, 8, 9, 0, 4, 8, 8, 5, 8, 9, 8]
A_5 12 A 13 [4, 6, 1, 6, 1, 3, 3, 6, 5, 1, 6, 2, 1, 0, 1, 4, 1, 4, 6, 2] [9, 10, 6, 9, 4, 8, 6, 10, 10, 6, 11, 7, 4, 0, 6, 8, 4, 7, 11, 7]
A_6 13 A 14 [2, 5, 5, 1, 5, 2, 5, 4, 2, 3, 1, 2, 3, 1, 0, 6, 5, 4, 3, 6] [6, 10, 9, 6, 8, 7, 8, 9, 6, 6, 6, 6, 8, 6, 0, 9, 9, 8, 8, 10]
A_7 14 A 15 [5, 4, 4, 6, 6, 2, 3, 4, 4, 5, 2, 3, 5, 4, 6, 0, 2, 3, 2, 5] [10, 9, 7, 11, 9, 6, 6, 7, 9, 10, 7, 6, 8, 8, 9, 0, 7, 7, 6, 8]
B_8 14 B 16 [6, 4, 5, 6, 3, 6, 6, 1, 5, 2, 1, 2, 1, 1, 5, 2, 0, 3, 2, 4] [10, 7, 9, 10, 8, 10, 9, 6, 10, 6, 6, 5, 5, 4, 9, 7, 0, 7, 6, 8]
A_8 15 A 17 [3, 1, 3, 1, 6, 1, 3, 6, 6, 6, 5, 3, 4, 4, 4, 3, 3, 0, 6, 4] [7, 5, 6, 6, 10, 4, 8, 11, 10, 10, 9, 6, 8, 7, 8, 7, 7, 0, 11, 9]
A_9 16 A 18 [1, 5, 1, 6, 6, 4, 2, 3, 2, 5, 3, 1, 6, 6, 3, 2, 2, 6, 0, 4] [4, 9, 5, 10, 9, 9, 7, 7, 5, 8, 7, 5, 9, 11, 8, 6, 6, 11, 0, 8]
B_9 16 B 19 [5, 6, 3, 3, 3, 1, 3, 3, 1, 5, 3, 3, 5, 2, 6, 5, 4, 4, 4, 0] [8, 11, 8, 8, 7, 4, 8, 8, 5, 10, 6, 8, 8, 7, 10, 8, 8, 9, 8, 0]
