0
0 A_0 81 0 0
7 B_0 88 0 1
5 A_1 93 0 2
5 A_2 98 0 3
4 B_1 102 0 4
5 B_2 107 0 5
5 B_3 112 0 6
3 B_4 115 0 7
9 A_3 124 0 8
4 B_5 128 0 9
4 A_4 132 0 10
8 B_6 140 0 11
6 A_5 146 0 12
4 A_6 150 0 13
7 B_7 157 0 14
6 A_7 163 0 15
5 A_8 168 0 16
4 B_8 172 0 17
7 A_9 179 0 18
4 A_10 183 0 19
4 A_11 187 0 20
7 B_9 194 0 21
5 A_12 199 0 22
8 B_10 207 0 23
6 B_11 213 0 24
4 A_13 217 0 25
9 B_12 226 0 26
6 B_13 232 0 27
9 A_14 241 0 28
10 B_14 251 0 29
4 A_15 255 0 30
6 B_15 261 0 31
2 B_16 263 0 32
7 A_16 270 0 33
6 A_17 276 0 34
10 B_17 286 0 35
2 B_18 288 0 36
8 A_18 296 0 37
6 A_19 302 0 38
5 A_20 307 0 39
4 A_21 311 0 40
9 B_19 320 0 41
6 A_22 326 0 42
9 B_20 335 0 43
9 A_23 344 0 44
2 A_24 346 0 45
9 B_21 355 0 46
8 A_25 363 0 47
4 B_22 367 0 48
7 A_26 374 0 49
9 B_23 383 0 50
7 A_27 390 0 51
8 B_24 398 0 52
6 A_28 404 0 53
2 A_29 406 0 54
6 B_25 412 0 55
1 B_26 413 0 56
3 B_27 416 0 57
4 B_28 420 0 58
6 B_29 426 0 59
9 A_30 435 0 60
8 B_30 443 0 61
6 B_31 449 0 62
7 A_31 456 0 63
2 A_32 458 0 64
4 B_32 462 0 65
8 A_33 470 0 66
5 B_33 475 0 67
4 A_34 479 0 68
9 B_34 488 0 69
10 A_35 498 0 70
4 B_35 502 0 71
4 A_36 506 0 72
8 B_36 514 0 73
6 A_37 520 0 74
2 A_38 522 0 75
5 B_37 527 0 76
7 A_39 534 0 77
10 B_38 544 0 78
3 B_39 547 0 79
No lane change: 547
---------------------
in formation_2
pass
---------------------
in formation_3
pass
---------------------
in formation_4
pass
---------------------
in formation_5
pass
---------------------
in formation_6
pass
---------------------
in formation_7
pass
error in formulation  []
