1
0 A_0 81 0 0
4 B_0 85 1 1
3 A_1 88 0 2
4 B_1 92 1 3
3 A_2 95 0 4
3 A_3 98 0 5
3 A_4 101 0 6
3 A_5 104 0 7
4 B_2 108 1 8
3 A_6 111 0 9
3 B_3 114 0 10
2 A_7 116 1 11
4 B_4 120 0 12
4 A_8 124 1 13
3 A_9 127 1 14
4 A_10 131 1 15
4 A_11 135 1 16
3 B_5 138 0 17
3 A_12 141 1 18
2 B_6 143 0 19
1 A_13 144 1 20
4 B_7 148 0 21
4 A_14 152 1 22
2 B_8 154 0 23
3 A_15 157 1 24
2 A_16 159 1 25
2 A_17 161 1 26
4 B_9 165 0 27
2 A_18 167 1 28
3 A_19 170 1 29
2 A_20 172 1 30
3 B_10 175 0 31
3 A_21 178 1 32
2 A_22 180 1 33
4 A_23 184 1 34
3 B_11 187 0 35
2 B_12 189 0 36
2 B_13 191 0 37
3 A_24 194 0 38
3 A_25 197 0 39
3 A_26 200 0 40
3 A_27 203 0 41
3 B_14 206 1 42
3 A_28 209 1 43
4 A_29 213 1 44
4 B_15 217 0 45
4 B_16 221 0 46
3 A_30 224 0 47
1 B_17 225 1 48
2 A_31 227 0 49
3 B_18 230 1 50
1 B_19 231 1 51
4 A_32 235 0 52
1 A_33 236 0 53
1 B_20 237 1 54
2 B_21 239 1 55
4 A_34 243 0 56
4 B_22 247 1 57
4 A_35 251 0 58
4 B_23 255 1 59
2 A_36 257 0 60
1 B_24 258 1 61
3 A_37 261 1 62
2 B_25 263 0 63
3 B_26 266 0 64
4 A_38 270 1 65
3 B_27 273 0 66
3 A_39 276 0 67
3 B_28 279 0 68
1 B_29 280 0 69
3 B_30 283 0 70
2 B_31 285 0 71
2 B_32 287 0 72
3 B_33 290 0 73
4 B_34 294 0 74
3 B_35 297 0 75
4 B_36 301 0 76
3 B_37 304 0 77
4 B_38 308 0 78
2 B_39 310 0 79
greedy: 310 156.49075 0.000354766845703125
---------------------
in formation_2
pass
---------------------
in formation_3
pass
---------------------
in formation_4
pass
---------------------
in formation_5
pass
---------------------
in formation_6
pass
---------------------
in formation_7
pass
error in formulation  []
