2
[3, 0, 0, 3, 0, 0, 0, 3, 0, 0, 2, 2, 2, 2, 2, 2, 2, 2, 1, 3, 0, 0, 0, 0, 0, 0, 0, 0, 3, 0, 3, 0, 1, 2, 2, 2, 2, 2, 1, 2, 2, 1, 2, 2, 2, 2, 2, 2, 2, 2, 0, 0, 0, 0, 3, 0, 0, 0, 0, 3, 1, 2, 2, 2, 2, 2, 0, 3, 0, 0, 3, 0, 0, 0, 0, 0, 0, 0, 2, 2]
0 B_0 81 1 0
3 A_0 85 0 1
3 A_1 88 0 2
4 B_1 92 1 3
1 A_2 94 0 4
2 A_3 96 0 5
3 A_4 99 0 6
2 B_2 101 1 7
2 A_5 104 0 8
4 A_6 108 0 9
10 B_3 118 0 10
3 B_4 121 0 11
1 B_5 122 0 12
2 B_6 124 0 13
1 B_7 125 0 14
5 B_8 130 0 15
3 B_9 133 0 16
1 B_10 134 0 17
1 A_7 135 1 18
5 B_11 140 1 19
4 A_8 144 0 20
1 A_9 145 0 21
4 A_10 149 0 22
4 A_11 153 0 23
3 A_12 156 0 24
4 A_13 160 0 25
1 A_14 161 0 26
2 A_15 163 0 27
2 B_12 165 1 28
2 A_16 167 0 29
4 B_13 171 1 30
2 A_17 173 0 31
4 A_18 177 1 32
4 B_14 181 0 33
4 B_15 185 0 34
2 B_16 187 0 35
3 B_17 190 0 36
2 B_18 192 0 37
3 A_19 195 1 38
1 B_19 196 0 39
4 B_20 200 0 40
2 A_20 202 1 41
5 B_21 207 0 42
2 B_22 209 0 43
2 B_23 211 0 44
3 B_24 214 0 45
5 B_25 219 0 46
1 B_26 220 0 47
3 B_27 223 0 48
4 B_28 227 0 49
4 A_21 231 0 50
1 A_22 232 0 51
2 A_23 234 0 52
2 A_24 236 0 53
3 B_29 239 1 54
3 A_25 242 0 55
1 A_26 243 0 56
4 A_27 247 0 57
2 A_28 249 0 58
1 B_30 250 1 59
4 A_29 254 1 60
1 B_31 255 0 61
4 B_32 259 0 62
3 B_33 262 0 63
3 B_34 265 0 64
2 B_35 267 0 65
4 A_30 271 0 66
4 B_36 275 1 67
2 A_31 277 0 68
2 A_32 279 0 69
1 B_37 280 1 70
1 A_33 281 0 71
3 A_34 284 0 72
2 A_35 286 0 73
2 A_36 288 0 74
1 A_37 289 0 75
2 A_38 291 0 76
3 A_39 294 0 77
10 B_38 304 0 78
3 B_39 307 0 79
dp: 307
---------------------
in formation_2
pass
---------------------
in formation_3
pass
---------------------
in formation_4
pass
---------------------
in formation_5
pass
---------------------
in formation_6
pass
---------------------
in formation_7
pass
error in formulation  []
