3
0 A_0 81 0 0
3 A_1 84 0 1
5 B_0 89 0 2
6 B_1 95 0 3
4 A_2 99 0 4
2 A_3 101 0 5
3 A_4 104 0 6
6 A_5 110 0 7
4 A_6 114 0 8
5 B_2 119 0 9
4 A_7 123 0 10
5 A_8 128 0 11
1 A_9 129 0 12
4 A_10 133 0 13
4 A_11 137 0 14
3 A_12 140 0 15
3 B_3 143 0 16
3 B_4 146 0 17
1 B_5 147 0 18
2 B_6 149 0 19
1 B_7 150 0 20
5 B_8 155 0 21
3 B_9 158 0 22
1 B_10 159 0 23
4 A_13 163 0 24
1 A_14 164 0 25
2 A_15 166 0 26
6 A_16 172 0 27
3 B_11 175 0 28
3 B_12 178 0 29
6 B_13 184 0 30
6 B_14 190 0 31
4 B_15 194 0 32
2 B_16 196 0 33
3 B_17 199 0 34
2 B_18 201 0 35
4 A_17 205 0 36
1 A_18 206 0 37
6 A_19 212 0 38
5 A_20 217 0 39
4 A_21 221 0 40
1 A_22 222 0 41
2 A_23 224 0 42
2 A_24 226 0 43
4 B_19 230 0 44
4 B_20 234 0 45
5 B_21 239 0 46
2 B_22 241 0 47
2 B_23 243 0 48
3 B_24 246 0 49
3 A_25 249 0 50
1 A_26 250 0 51
4 A_27 254 0 52
2 A_28 256 0 53
2 A_29 258 0 54
3 A_30 261 0 55
6 A_31 267 0 56
2 A_32 269 0 57
4 B_25 273 0 58
1 B_26 274 0 59
3 B_27 277 0 60
4 B_28 281 0 61
6 B_29 287 0 62
3 A_33 290 0 63
3 A_34 293 0 64
2 A_35 295 0 65
4 B_30 299 0 66
6 B_31 305 0 67
4 B_32 309 0 68
3 B_33 312 0 69
3 B_34 315 0 70
2 B_35 317 0 71
6 B_36 323 0 72
3 B_37 326 0 73
4 B_38 330 0 74
3 B_39 333 0 75
3 A_36 336 0 76
1 A_37 337 0 77
2 A_38 339 0 78
3 A_39 342 0 79
nldp: 342
---------------------
in formation_2
pass
---------------------
in formation_3
pass
---------------------
in formation_4
pass
---------------------
in formation_5
pass
---------------------
in formation_6
pass
---------------------
in formation_7
pass
error in formulation  []
