0
0 A_0 81 0 0
1 A_1 82 0 1
6 B_0 88 0 2
2 B_1 90 0 3
6 A_2 96 0 4
1 A_3 97 0 5
6 B_2 103 0 6
3 B_3 106 0 7
3 B_4 109 0 8
2 B_5 111 0 9
6 A_4 117 0 10
4 A_5 121 0 11
7 B_6 128 0 12
3 B_7 131 0 13
3 B_8 134 0 14
5 A_6 139 0 15
5 B_9 144 0 16
6 A_7 150 0 17
1 A_8 151 0 18
7 B_10 158 0 19
4 B_11 162 0 20
6 A_9 168 0 21
4 A_10 172 0 22
4 A_11 176 0 23
5 B_12 181 0 24
7 A_12 188 0 25
4 B_13 192 0 26
1 B_14 193 0 27
6 A_13 199 0 28
4 A_14 203 0 29
4 A_15 207 0 30
6 B_15 213 0 31
7 A_16 220 0 32
4 B_16 224 0 33
4 B_17 228 0 34
6 A_17 234 0 35
2 A_18 236 0 36
4 B_18 240 0 37
3 B_19 243 0 38
4 A_19 247 0 39
5 B_20 252 0 40
1 B_21 253 0 41
4 A_20 257 0 42
6 B_22 263 0 43
2 B_23 265 0 44
5 A_21 270 0 45
6 B_24 276 0 46
1 B_25 277 0 47
2 B_26 279 0 48
2 B_27 281 0 49
4 B_28 285 0 50
5 A_22 290 0 51
5 B_29 295 0 52
3 B_30 298 0 53
7 A_23 305 0 54
5 B_31 310 0 55
1 B_32 311 0 56
7 A_24 318 0 57
1 A_25 319 0 58
6 B_33 325 0 59
6 A_26 331 0 60
1 A_27 332 0 61
2 A_28 334 0 62
5 B_34 339 0 63
6 A_29 345 0 64
4 A_30 349 0 65
3 A_31 352 0 66
5 B_35 357 0 67
6 A_32 363 0 68
1 A_33 364 0 69
5 B_36 369 0 70
4 B_37 373 0 71
4 A_34 377 0 72
7 B_38 384 0 73
7 A_35 391 0 74
6 B_39 397 0 75
7 A_36 404 0 76
4 A_37 408 0 77
2 A_38 410 0 78
1 A_39 411 0 79
No lane change: 411 188.55687500000002 0.0001728534698486328
---------------------
in formation_2
pass
---------------------
in formation_3
pass
---------------------
in formation_4
pass
---------------------
in formation_5
pass
---------------------
in formation_6
pass
---------------------
in formation_7
pass
error in formulation  []
