1
0 A_0 81 0 0
5 B_0 86 1 1
1 A_1 89 0 2
1 B_1 93 1 3
2 A_2 97 0 4
5 A_3 102 0 5
6 A_4 108 0 6
3 B_2 111 0 7
4 A_5 115 1 8
3 A_6 118 1 9
4 B_3 122 0 10
1 B_4 123 0 11
2 A_7 125 1 12
3 A_8 128 1 13
6 A_9 134 1 14
4 B_5 138 0 15
1 A_10 139 1 16
3 B_6 142 1 17
2 A_11 144 0 18
2 A_12 146 0 19
3 B_7 149 1 20
1 A_13 150 0 21
6 A_14 156 0 22
2 B_8 158 1 23
1 B_9 159 1 24
4 B_10 163 1 25
2 A_15 166 0 26
1 B_11 170 1 27
1 B_12 174 1 28
3 A_16 178 0 29
2 A_17 180 0 30
2 B_13 183 1 31
2 A_18 187 0 32
4 A_19 191 0 33
5 B_14 196 1 34
4 A_20 200 0 35
4 B_15 204 1 36
3 A_21 207 1 37
6 B_16 213 0 38
6 A_22 219 1 39
6 B_17 225 0 40
6 A_23 231 1 41
3 B_18 234 0 42
4 A_24 238 1 43
6 B_19 244 0 44
5 A_25 249 1 45
1 B_20 250 0 46
4 A_26 254 1 47
5 B_21 259 0 48
3 B_22 262 0 49
5 B_23 267 0 50
6 A_27 273 1 51
1 A_28 274 1 52
6 B_24 280 0 53
2 A_29 282 1 54
3 B_25 285 0 55
3 B_26 288 0 56
6 A_30 294 1 57
6 B_27 300 0 58
1 A_31 301 1 59
6 B_28 307 0 60
4 A_32 311 1 61
5 B_29 316 0 62
2 A_33 318 1 63
4 B_30 322 0 64
4 A_34 326 1 65
3 B_31 329 0 66
6 B_32 335 0 67
6 B_33 341 0 68
1 B_34 342 0 69
3 B_35 345 0 70
3 B_36 348 0 71
3 B_37 351 0 72
2 A_35 353 1 73
3 B_38 356 0 74
3 A_36 359 1 75
6 B_39 365 0 76
4 A_37 369 1 77
5 A_38 374 1 78
3 A_39 377 1 79
greedy: 377
---------------------
in formation_2
pass
---------------------
in formation_3
pass
---------------------
in formation_4
pass
---------------------
in formation_5
pass
---------------------
in formation_6
pass
---------------------
in formation_7
pass
error in formulation  []
