2
[0, 0, 2, 2, 2, 2, 2, 2, 2, 2, 2, 2, 2, 2, 2, 0, 0, 0, 2, 2, 2, 2, 2, 2, 2, 2, 2, 2, 2, 2, 2, 2, 2, 2, 2, 2, 2, 2, 0, 0, 0, 0, 0, 3, 0, 0, 0, 0, 2, 2, 2, 2, 0, 0, 0, 0, 0, 0, 0, 0, 0, 0, 0, 0, 0, 0, 0, 0, 0, 0, 0, 0, 0, 0, 2, 0, 2, 0, 0, 0]
0 A_0 81 0 0
1 A_1 82 0 1
6 B_0 88 0 2
2 B_1 90 0 3
1 B_2 91 0 4
3 B_3 94 0 5
3 B_4 97 0 6
2 B_5 99 0 7
1 B_6 100 0 8
3 B_7 103 0 9
3 B_8 106 0 10
1 B_9 107 0 11
2 B_10 109 0 12
4 B_11 113 0 13
2 B_12 115 0 14
3 A_2 118 0 15
1 A_3 119 0 16
1 A_4 120 0 17
7 B_13 127 0 18
1 B_14 128 0 19
3 B_15 131 0 20
3 B_16 134 0 21
4 B_17 138 0 22
4 B_18 142 0 23
3 B_19 145 0 24
4 B_20 149 0 25
1 B_21 150 0 26
3 B_22 153 0 27
2 B_23 155 0 28
2 B_24 157 0 29
1 B_25 158 0 30
2 B_26 160 0 31
2 B_27 162 0 32
4 B_28 166 0 33
2 B_29 168 0 34
3 B_30 171 0 35
3 B_31 174 0 36
1 B_32 175 0 37
3 A_5 178 0 38
2 A_6 180 0 39
1 A_7 181 0 40
1 A_8 182 0 41
2 A_9 184 0 42
3 B_33 187 1 43
1 A_10 188 0 44
4 A_11 192 0 45
1 A_12 193 0 46
1 A_13 194 0 47
6 B_34 200 0 48
2 B_35 202 0 49
4 B_36 206 0 50
4 B_37 210 0 51
3 A_14 213 0 52
4 A_15 217 0 53
3 A_16 220 0 54
4 A_17 224 0 55
2 A_18 226 0 56
1 A_19 227 0 57
4 A_20 231 0 58
3 A_21 234 0 59
4 A_22 238 0 60
2 A_23 240 0 61
2 A_24 242 0 62
1 A_25 243 0 63
4 A_26 247 0 64
1 A_27 248 0 65
2 A_28 250 0 66
4 A_29 254 0 67
4 A_30 258 0 68
3 A_31 261 0 69
3 A_32 264 0 70
1 A_33 265 0 71
4 A_34 269 0 72
2 A_35 271 0 73
7 B_38 278 0 74
3 A_36 281 0 75
7 B_39 288 0 76
3 A_37 291 0 77
2 A_38 293 0 78
1 A_39 294 0 79
dp: 294 126.53187500000004 0.05490303039550781
---------------------
in formation_2
pass
---------------------
in formation_3
pass
---------------------
in formation_4
pass
---------------------
in formation_5
pass
---------------------
in formation_6
pass
---------------------
in formation_7
pass
error in formulation  []
