3
0 A_0 81 0 0
4 A_1 85 0 1
5 A_2 90 0 2
5 A_3 95 0 3
3 B_0 98 0 4
3 B_1 101 0 5
5 B_2 106 0 6
5 B_3 111 0 7
1 B_4 112 0 8
6 B_5 118 0 9
5 B_6 123 0 10
2 B_7 125 0 11
3 A_4 128 0 12
5 A_5 133 0 13
3 A_6 136 0 14
4 B_8 140 0 15
1 B_9 141 0 16
4 B_10 145 0 17
2 B_11 147 0 18
1 B_12 148 0 19
4 B_13 152 0 20
3 B_14 155 0 21
2 B_15 157 0 22
5 B_16 162 0 23
6 B_17 168 0 24
3 B_18 171 0 25
3 A_7 174 0 26
3 A_8 177 0 27
3 B_19 180 0 28
1 B_20 181 0 29
3 A_9 184 0 30
5 A_10 189 0 31
2 A_11 191 0 32
2 A_12 193 0 33
3 A_13 196 0 34
6 A_14 202 0 35
5 A_15 207 0 36
5 A_16 212 0 37
2 A_17 214 0 38
4 A_18 218 0 39
4 A_19 222 0 40
4 B_21 226 0 41
3 B_22 229 0 42
5 B_23 234 0 43
3 A_20 237 0 44
2 A_21 239 0 45
5 B_24 244 0 46
3 A_22 247 0 47
2 A_23 249 0 48
5 A_24 254 0 49
2 A_25 256 0 50
4 B_25 260 0 51
3 B_26 263 0 52
3 A_26 266 0 53
3 A_27 269 0 54
1 A_28 270 0 55
2 A_29 272 0 56
2 A_30 274 0 57
3 A_31 277 0 58
1 A_32 278 0 59
6 B_27 284 0 60
3 B_28 287 0 61
3 B_29 290 0 62
6 B_30 296 0 63
1 B_31 297 0 64
4 A_33 301 0 65
3 A_34 304 0 66
3 A_35 307 0 67
4 A_36 311 0 68
1 A_37 312 0 69
5 A_38 317 0 70
3 A_39 320 0 71
4 B_32 324 0 72
6 B_33 330 0 73
1 B_34 331 0 74
3 B_35 334 0 75
3 B_36 337 0 76
3 B_37 340 0 77
3 B_38 343 0 78
4 B_39 347 0 79
nldp: 347
---------------------
in formation_2
pass
---------------------
in formation_3
pass
---------------------
in formation_4
pass
---------------------
in formation_5
pass
---------------------
in formation_6
pass
---------------------
in formation_7
pass
error in formulation  []
