0
0 A_0 81 0 0
4 B_0 85 0 1
4 A_1 89 0 2
7 B_1 96 0 3
3 A_2 99 0 4
5 B_2 104 0 5
6 A_3 110 0 6
6 B_3 116 0 7
4 B_4 120 0 8
1 B_5 121 0 9
3 A_4 124 0 10
4 B_6 128 0 11
6 A_5 134 0 12
5 B_7 139 0 13
4 A_6 143 0 14
4 B_8 147 0 15
1 B_9 148 0 16
4 B_10 152 0 17
4 B_11 156 0 18
5 A_7 161 0 19
5 B_12 166 0 20
3 B_13 169 0 21
2 B_14 171 0 22
3 B_15 174 0 23
5 A_8 179 0 24
3 A_9 182 0 25
7 B_16 189 0 26
6 A_10 195 0 27
4 B_17 199 0 28
3 B_18 202 0 29
1 B_19 203 0 30
4 B_20 207 0 31
4 B_21 211 0 32
6 A_11 217 0 33
5 B_22 222 0 34
4 A_12 226 0 35
5 B_23 231 0 36
3 A_13 234 0 37
3 B_24 237 0 38
4 A_14 241 0 39
4 B_25 245 0 40
4 A_15 249 0 41
7 B_26 256 0 42
4 B_27 260 0 43
7 A_16 267 0 44
6 B_28 273 0 45
5 A_17 278 0 46
7 B_29 285 0 47
5 A_18 290 0 48
3 B_30 293 0 49
7 A_19 300 0 50
5 B_31 305 0 51
4 A_20 309 0 52
6 B_32 315 0 53
6 A_21 321 0 54
4 B_33 325 0 55
4 A_22 329 0 56
3 B_34 332 0 57
5 A_23 337 0 58
4 B_35 341 0 59
5 A_24 346 0 60
4 A_25 350 0 61
7 B_36 357 0 62
1 B_37 358 0 63
7 A_26 365 0 64
2 A_27 367 0 65
5 B_38 372 0 66
5 A_28 377 0 67
6 B_39 383 0 68
6 A_29 389 0 69
3 A_30 392 0 70
2 A_31 394 0 71
3 A_32 397 0 72
1 A_33 398 0 73
3 A_34 401 0 74
1 A_35 402 0 75
2 A_36 404 0 76
4 A_37 408 0 77
3 A_38 411 0 78
3 A_39 414 0 79
No lane change: 414 218.86412499999992 0.00019598007202148438
---------------------
in formation_2
pass
---------------------
in formation_3
pass
---------------------
in formation_4
pass
---------------------
in formation_5
pass
---------------------
in formation_6
pass
---------------------
in formation_7
pass
error in formulation  []
