1
0 A_0 81 0 0
5 B_0 86 1 1
2 B_1 89 1 2
6 B_2 95 1 3
1 A_1 97 0 4
4 B_3 101 1 5
5 B_4 106 1 6
2 A_2 109 0 7
1 B_5 113 1 8
6 A_3 119 0 9
2 A_4 121 0 10
1 B_6 122 1 11
5 B_7 127 1 12
2 B_8 130 1 13
3 B_9 134 1 14
3 A_5 138 0 15
3 B_10 142 1 16
6 A_6 148 0 17
6 B_11 154 1 18
3 A_7 157 0 19
2 A_8 159 0 20
4 A_9 163 0 21
3 A_10 166 0 22
3 B_12 169 1 23
3 B_13 172 1 24
2 A_11 174 0 25
4 A_12 178 0 26
3 A_13 181 0 27
3 B_14 184 1 28
5 A_14 189 0 29
2 B_15 191 1 30
1 A_15 192 0 31
6 A_16 198 0 32
1 B_16 199 1 33
5 A_17 204 0 34
1 A_18 205 0 35
2 B_17 207 1 36
2 A_19 209 0 37
4 B_18 213 1 38
6 A_20 219 0 39
4 B_19 223 1 40
4 B_20 227 1 41
4 A_21 231 0 42
4 B_21 235 1 43
2 A_22 237 0 44
5 A_23 242 0 45
3 A_24 245 0 46
2 B_22 247 1 47
6 A_25 253 0 48
2 A_26 255 0 49
1 B_23 256 1 50
1 A_27 257 0 51
1 A_28 258 0 52
4 B_24 262 1 53
4 A_29 266 0 54
6 B_25 272 1 55
4 B_26 276 1 56
3 B_27 279 1 57
1 A_30 280 0 58
4 A_31 284 0 59
1 B_28 285 1 60
2 A_32 287 0 61
6 A_33 293 0 62
3 A_34 296 0 63
4 A_35 300 0 64
3 B_29 303 1 65
1 A_36 304 0 66
2 A_37 306 0 67
6 B_30 312 1 68
5 A_38 317 0 69
6 B_31 323 1 70
1 A_39 324 0 71
3 B_32 327 1 72
2 B_33 329 1 73
3 B_34 332 1 74
3 B_35 335 1 75
5 B_36 340 1 76
4 B_37 344 1 77
5 B_38 349 1 78
1 B_39 350 1 79
greedy: 350
---------------------
in formation_2
pass
---------------------
in formation_3
pass
---------------------
in formation_4
pass
---------------------
in formation_5
pass
---------------------
in formation_6
pass
---------------------
in formation_7
pass
error in formulation  []
