2
[0, 0, 0, 0, 0, 0, 0, 0, 0, 0, 0, 0, 0, 0, 2, 2, 2, 2, 2, 2, 2, 2, 2, 2, 2, 0, 2, 2, 2, 2, 2, 2, 2, 2, 2, 0, 0, 0, 0, 0, 2, 0, 0, 2, 2, 2, 2, 2, 2, 1, 1, 2, 0, 2, 2, 0, 0, 0, 0, 0, 0, 0, 0, 0, 0, 0, 0, 0, 0, 0, 2, 2, 2, 2, 2, 2, 2, 2, 2, 2]
0 A_0 81 0 0
4 A_1 85 0 1
4 A_2 89 0 2
3 A_3 92 0 3
3 A_4 95 0 4
4 A_5 99 0 5
3 A_6 102 0 6
3 A_7 105 0 7
3 A_8 108 0 8
3 A_9 111 0 9
3 A_10 114 0 10
3 A_11 117 0 11
2 A_12 119 0 12
3 A_13 122 0 13
3 B_0 125 0 14
4 B_1 129 0 15
3 B_2 132 0 16
1 B_3 133 0 17
4 B_4 137 0 18
1 B_5 138 0 19
1 B_6 139 0 20
2 B_7 141 0 21
2 B_8 143 0 22
1 B_9 144 0 23
4 B_10 148 0 24
4 A_14 152 0 25
6 B_11 158 0 26
2 B_12 160 0 27
3 B_13 163 0 28
2 B_14 165 0 29
3 B_15 168 0 30
1 B_16 169 0 31
1 B_17 170 0 32
3 B_18 173 0 33
1 B_19 174 0 34
4 A_15 178 0 35
4 A_16 182 0 36
1 A_17 183 0 37
4 A_18 187 0 38
3 A_19 190 0 39
6 B_20 196 0 40
3 A_20 199 0 41
2 A_21 201 0 42
4 B_21 205 0 43
3 B_22 208 0 44
2 B_23 210 0 45
2 B_24 212 0 46
4 B_25 216 0 47
2 B_26 218 0 48
4 A_22 222 1 49
4 A_23 226 1 50
3 B_27 229 0 51
3 A_24 232 0 52
7 B_28 239 0 53
3 B_29 242 0 54
3 A_25 245 0 55
2 A_26 247 0 56
2 A_27 249 0 57
4 A_28 253 0 58
1 A_29 254 0 59
3 A_30 257 0 60
2 A_31 259 0 61
3 A_32 262 0 62
1 A_33 263 0 63
3 A_34 266 0 64
1 A_35 267 0 65
2 A_36 269 0 66
4 A_37 273 0 67
3 A_38 276 0 68
3 A_39 279 0 69
4 B_30 283 0 70
2 B_31 285 0 71
1 B_32 286 0 72
4 B_33 290 0 73
3 B_34 293 0 74
2 B_35 295 0 75
1 B_36 296 0 76
1 B_37 297 0 77
2 B_38 299 0 78
2 B_39 301 0 79
dp: 301 162.81412500000002 0.04477214813232422
---------------------
in formation_2
pass
---------------------
in formation_3
pass
---------------------
in formation_4
pass
---------------------
in formation_5
pass
---------------------
in formation_6
pass
---------------------
in formation_7
pass
error in formulation  []
