3
0 B_0 81 0 0
4 B_1 85 0 1
3 B_2 88 0 2
1 B_3 89 0 3
4 B_4 93 0 4
1 B_5 94 0 5
1 B_6 95 0 6
2 B_7 97 0 7
2 B_8 99 0 8
1 B_9 100 0 9
4 B_10 104 0 10
4 B_11 108 0 11
2 B_12 110 0 12
3 B_13 113 0 13
2 B_14 115 0 14
3 B_15 118 0 15
1 B_16 119 0 16
1 B_17 120 0 17
3 B_18 123 0 18
1 B_19 124 0 19
3 A_0 127 0 20
4 A_1 131 0 21
4 A_2 135 0 22
3 A_3 138 0 23
3 A_4 141 0 24
3 B_20 144 0 25
3 A_5 147 0 26
3 A_6 150 0 27
3 B_21 153 0 28
3 B_22 156 0 29
2 B_23 158 0 30
2 B_24 160 0 31
4 B_25 164 0 32
2 B_26 166 0 33
4 A_7 170 0 34
3 A_8 173 0 35
3 A_9 176 0 36
3 A_10 179 0 37
3 A_11 182 0 38
2 A_12 184 0 39
3 A_13 187 0 40
4 A_14 191 0 41
4 A_15 195 0 42
4 A_16 199 0 43
1 A_17 200 0 44
3 B_27 203 0 45
3 A_18 206 0 46
3 A_19 209 0 47
4 A_20 213 0 48
2 A_21 215 0 49
4 A_22 219 0 50
4 A_23 223 0 51
4 B_28 227 0 52
3 B_29 230 0 53
2 B_30 232 0 54
2 B_31 234 0 55
1 B_32 235 0 56
4 B_33 239 0 57
3 B_34 242 0 58
2 B_35 244 0 59
1 B_36 245 0 60
1 B_37 246 0 61
2 B_38 248 0 62
2 B_39 250 0 63
4 A_24 254 0 64
4 A_25 258 0 65
2 A_26 260 0 66
2 A_27 262 0 67
4 A_28 266 0 68
1 A_29 267 0 69
3 A_30 270 0 70
2 A_31 272 0 71
3 A_32 275 0 72
1 A_33 276 0 73
3 A_34 279 0 74
1 A_35 280 0 75
2 A_36 282 0 76
4 A_37 286 0 77
3 A_38 289 0 78
3 A_39 292 0 79
nldp: 292 153.93912499999993 0.008443117141723633
---------------------
in formation_2
pass
---------------------
in formation_3
pass
---------------------
in formation_4
pass
---------------------
in formation_5
pass
---------------------
in formation_6
pass
---------------------
in formation_7
pass
error in formulation  []
