B_0 0 B 0 [0, 2, 6, 5, 6, 2, 5, 4, 4, 3, 5, 2, 1, 6, 5, 1, 3, 3, 2, 2, 2, 4, 6, 1, 5, 5, 2, 4, 2, 5, 3, 3, 2, 4, 6, 5, 3, 2, 3, 2, 6, 5, 3, 2, 1, 5, 6, 4, 1, 2, 1, 5, 3, 3, 6, 3, 5, 2, 4, 4, 3, 1, 2, 5, 3, 5, 6, 2, 1, 1, 3, 5, 2, 1, 5, 2, 2, 5, 2, 6] [0, 3, 7, 7, 8, 4, 7, 6, 4, 5, 6, 2, 1, 6, 5, 1, 4, 4, 3, 4, 3, 6, 7, 1, 6, 7, 3, 4, 3, 7, 3, 3, 4, 4, 8, 5, 3, 2, 4, 4, 6, 6, 4, 3, 2, 5, 8, 4, 2, 3, 3, 5, 5, 3, 8, 5, 5, 4, 6, 6, 3, 1, 2, 5, 4, 5, 7, 3, 3, 1, 3, 6, 2, 3, 5, 4, 3, 7, 2, 6]
A_0 1 A 1 [2, 0, 6, 4, 2, 3, 4, 6, 2, 6, 6, 4, 5, 1, 6, 3, 3, 3, 3, 5, 4, 3, 4, 3, 2, 2, 2, 6, 5, 4, 5, 5, 4, 1, 5, 5, 5, 4, 4, 3, 1, 5, 4, 5, 6, 1, 2, 4, 2, 5, 2, 4, 4, 2, 6, 1, 5, 1, 3, 3, 1, 1, 3, 1, 3, 5, 2, 6, 5, 5, 6, 3, 2, 1, 4, 5, 4, 2, 2, 3] [3, 0, 7, 5, 2, 3, 4, 7, 2, 6, 7, 5, 5, 3, 7, 3, 4, 3, 3, 6, 4, 4, 6, 3, 4, 4, 4, 6, 6, 6, 6, 7, 6, 3, 5, 7, 6, 5, 6, 3, 2, 5, 5, 6, 7, 2, 4, 6, 3, 6, 3, 4, 4, 4, 8, 3, 5, 2, 5, 4, 1, 1, 3, 2, 4, 6, 4, 7, 7, 7, 6, 4, 2, 3, 5, 7, 6, 3, 2, 3]
B_1 1 B 2 [6, 6, 0, 5, 2, 1, 3, 2, 2, 2, 5, 3, 1, 3, 2, 3, 6, 4, 1, 2, 1, 1, 4, 2, 1, 3, 3, 4, 6, 1, 1, 3, 3, 6, 3, 5, 4, 5, 4, 1, 5, 3, 5, 6, 4, 6, 2, 3, 1, 5, 5, 1, 4, 1, 1, 4, 5, 1, 4, 3, 4, 6, 3, 2, 2, 1, 4, 3, 6, 6, 4, 2, 2, 3, 1, 5, 4, 1, 3, 6] [7, 7, 0, 7, 4, 1, 4, 2, 3, 4, 7, 4, 3, 5, 4, 4, 8, 5, 3, 3, 2, 3, 5, 2, 1, 3, 5, 4, 6, 3, 2, 3, 3, 8, 5, 6, 4, 5, 6, 2, 7, 4, 5, 8, 5, 8, 4, 3, 1, 5, 5, 2, 5, 2, 1, 5, 7, 2, 6, 4, 5, 7, 5, 3, 4, 3, 6, 3, 7, 7, 5, 3, 4, 3, 1, 6, 4, 2, 4, 6]
A_1 2 A 3 [5, 4, 5, 0, 5, 5, 3, 1, 3, 5, 4, 4, 6, 4, 1, 3, 6, 5, 2, 5, 6, 2, 3, 2, 1, 3, 2, 3, 3, 1, 4, 1, 2, 6, 6, 2, 4, 4, 5, 6, 2, 5, 2, 5, 6, 3, 1, 4, 3, 2, 1, 4, 3, 1, 2, 6, 6, 6, 5, 1, 3, 5, 5, 3, 6, 3, 6, 1, 6, 2, 3, 2, 5, 2, 4, 5, 4, 4, 6, 1] [7, 5, 7, 0, 7, 6, 3, 1, 3, 7, 5, 4, 6, 4, 2, 4, 8, 6, 2, 6, 7, 4, 5, 3, 3, 4, 2, 4, 3, 1, 6, 2, 3, 6, 6, 2, 4, 4, 7, 6, 4, 7, 3, 7, 6, 3, 1, 6, 4, 2, 1, 6, 3, 3, 4, 6, 7, 6, 5, 3, 4, 7, 6, 3, 7, 4, 6, 1, 8, 4, 5, 2, 5, 2, 4, 7, 5, 6, 6, 2]
B_2 2 B 4 [6, 2, 2, 5, 0, 1, 3, 1, 3, 5, 6, 5, 5, 1, 2, 1, 2, 6, 3, 6, 5, 5, 1, 5, 3, 5, 6, 4, 1, 2, 3, 6, 1, 6, 1, 3, 1, 2, 3, 2, 6, 1, 3, 2, 2, 4, 1, 6, 5, 5, 3, 4, 3, 6, 2, 4, 1, 5, 4, 2, 6, 6, 6, 3, 2, 1, 6, 4, 6, 2, 3, 3, 2, 4, 6, 4, 1, 5, 1, 6] [8, 2, 4, 7, 0, 2, 3, 3, 5, 5, 6, 7, 7, 2, 4, 1, 2, 8, 3, 8, 7, 6, 2, 6, 5, 7, 7, 4, 3, 2, 4, 6, 3, 8, 2, 4, 3, 4, 4, 4, 6, 2, 4, 2, 3, 4, 2, 8, 7, 5, 5, 6, 5, 7, 2, 4, 1, 7, 6, 3, 8, 6, 7, 5, 4, 3, 8, 4, 8, 2, 4, 5, 3, 6, 7, 4, 1, 6, 1, 8]
B_3 3 B 5 [2, 3, 1, 5, 1, 0, 2, 6, 4, 4, 3, 2, 2, 2, 3, 1, 4, 5, 6, 4, 4, 2, 3, 6, 2, 5, 1, 6, 5, 2, 5, 6, 2, 1, 1, 1, 6, 1, 4, 6, 3, 5, 2, 3, 5, 5, 2, 2, 4, 2, 4, 6, 1, 4, 1, 2, 3, 3, 2, 2, 1, 1, 1, 4, 3, 1, 6, 1, 5, 2, 2, 1, 4, 2, 5, 2, 2, 3, 5, 6] [4, 3, 1, 6, 2, 0, 3, 6, 5, 5, 4, 2, 3, 3, 4, 1, 6, 6, 8, 6, 5, 3, 3, 6, 2, 7, 1, 7, 6, 2, 6, 6, 2, 2, 3, 2, 8, 3, 4, 7, 4, 7, 3, 4, 5, 6, 3, 3, 6, 4, 4, 8, 1, 4, 2, 3, 4, 3, 2, 4, 1, 1, 1, 6, 4, 1, 8, 1, 5, 2, 2, 3, 5, 2, 5, 4, 3, 5, 7, 7]
A_2 5 A 6 [5, 4, 3, 3, 3, 2, 0, 3, 4, 1, 4, 5, 1, 3, 3, 6, 5, 3, 5, 3, 5, 2, 4, 5, 2, 1, 1, 2, 1, 3, 1, 3, 2, 4, 6, 2, 3, 5, 5, 3, 4, 2, 1, 3, 2, 4, 2, 4, 2, 1, 1, 3, 1, 1, 1, 5, 4, 2, 1, 6, 4, 2, 6, 2, 1, 2, 5, 6, 1, 6, 4, 3, 1, 3, 2, 5, 3, 5, 1, 5] [7, 4, 4, 3, 3, 3, 0, 3, 5, 1, 5, 7, 3, 4, 5, 7, 7, 4, 7, 5, 6, 4, 6, 5, 3, 3, 3, 2, 2, 5, 2, 4, 2, 4, 6, 3, 3, 6, 6, 3, 4, 3, 1, 3, 3, 6, 2, 6, 2, 3, 2, 4, 1, 1, 2, 7, 6, 4, 1, 7, 5, 4, 7, 4, 2, 3, 5, 7, 1, 7, 5, 4, 1, 3, 4, 5, 3, 7, 3, 5]
A_3 6 A 7 [4, 6, 2, 1, 1, 6, 3, 0, 1, 1, 4, 2, 6, 5, 4, 1, 2, 3, 4, 1, 4, 2, 3, 4, 2, 3, 1, 5, 4, 5, 2, 4, 4, 6, 4, 3, 5, 2, 4, 3, 5, 5, 6, 1, 4, 4, 2, 6, 1, 4, 5, 3, 4, 4, 4, 5, 1, 5, 1, 3, 5, 5, 4, 1, 6, 4, 6, 6, 4, 6, 1, 2, 1, 3, 1, 3, 6, 4, 4, 1] [6, 7, 2, 1, 3, 6, 3, 0, 2, 3, 5, 3, 7, 7, 5, 1, 3, 3, 5, 3, 5, 2, 4, 5, 2, 5, 1, 5, 6, 5, 3, 5, 6, 7, 6, 5, 6, 3, 4, 4, 5, 5, 6, 2, 6, 6, 2, 8, 1, 4, 5, 5, 4, 5, 6, 6, 1, 5, 1, 3, 7, 5, 5, 3, 7, 5, 6, 6, 4, 6, 2, 3, 2, 5, 3, 4, 7, 5, 6, 1]
B_4 7 B 8 [4, 2, 2, 3, 3, 4, 4, 1, 0, 4, 5, 1, 3, 3, 5, 4, 1, 2, 3, 2, 1, 1, 5, 5, 2, 5, 3, 5, 4, 2, 1, 5, 4, 5, 4, 6, 6, 4, 3, 6, 1, 6, 2, 3, 3, 1, 2, 5, 1, 4, 2, 2, 4, 2, 4, 2, 1, 6, 2, 6, 3, 5, 5, 3, 5, 1, 5, 6, 5, 6, 3, 4, 6, 4, 5, 2, 3, 6, 6, 3] [4, 2, 3, 3, 5, 5, 5, 2, 0, 4, 6, 1, 3, 4, 6, 6, 2, 4, 4, 4, 3, 1, 7, 7, 2, 7, 5, 5, 6, 4, 1, 6, 6, 7, 6, 8, 6, 5, 5, 6, 3, 7, 2, 3, 4, 1, 4, 7, 3, 4, 3, 4, 5, 4, 4, 4, 1, 6, 4, 6, 5, 7, 7, 5, 6, 3, 5, 7, 6, 8, 3, 6, 8, 5, 7, 2, 4, 8, 8, 3]
A_4 8 A 9 [3, 6, 2, 5, 5, 4, 1, 1, 4, 0, 5, 5, 2, 2, 4, 5, 6, 6, 5, 1, 2, 1, 2, 3, 5, 6, 6, 2, 1, 2, 6, 4, 1, 4, 4, 2, 4, 5, 3, 4, 5, 2, 2, 3, 5, 5, 1, 3, 6, 4, 5, 1, 3, 1, 3, 2, 6, 2, 2, 5, 3, 5, 1, 2, 5, 3, 2, 1, 3, 5, 3, 1, 1, 3, 2, 1, 6, 1, 2, 5] [5, 6, 4, 7, 5, 5, 1, 3, 4, 0, 7, 6, 3, 4, 4, 7, 8, 6, 7, 2, 2, 2, 2, 4, 5, 6, 6, 2, 2, 4, 8, 4, 2, 5, 5, 3, 4, 7, 3, 6, 5, 4, 3, 3, 6, 6, 1, 4, 6, 6, 7, 2, 5, 3, 3, 4, 8, 3, 2, 5, 4, 5, 2, 4, 6, 4, 4, 1, 5, 6, 5, 2, 2, 5, 2, 2, 7, 3, 2, 7]
B_5 8 B 10 [5, 6, 5, 4, 6, 3, 4, 4, 5, 5, 0, 2, 2, 5, 6, 4, 5, 2, 5, 1, 1, 6, 5, 5, 1, 5, 5, 6, 1, 5, 3, 4, 3, 1, 4, 5, 2, 1, 5, 2, 5, 6, 1, 2, 5, 3, 5, 3, 1, 6, 2, 6, 3, 5, 3, 2, 6, 4, 1, 5, 2, 1, 3, 2, 6, 3, 1, 3, 3, 6, 4, 3, 1, 6, 2, 4, 2, 6, 4, 5] [6, 7, 7, 5, 6, 4, 5, 5, 6, 7, 0, 4, 4, 5, 6, 5, 7, 4, 6, 1, 3, 6, 6, 6, 2, 7, 5, 7, 3, 6, 5, 6, 4, 2, 6, 7, 3, 2, 7, 3, 7, 6, 1, 3, 5, 3, 5, 5, 3, 8, 2, 6, 4, 6, 3, 4, 6, 6, 1, 7, 4, 2, 3, 2, 8, 5, 2, 4, 3, 7, 5, 5, 1, 7, 4, 4, 3, 6, 5, 7]
A_5 10 A 11 [2, 4, 3, 4, 5, 2, 5, 2, 1, 5, 2, 0, 2, 1, 4, 2, 2, 2, 4, 2, 6, 3, 5, 4, 5, 6, 1, 5, 5, 5, 4, 4, 1, 3, 6, 5, 3, 6, 6, 6, 4, 2, 3, 1, 4, 3, 6, 3, 3, 1, 5, 3, 4, 2, 4, 3, 6, 5, 3, 3, 1, 2, 5, 6, 1, 3, 4, 6, 3, 3, 3, 5, 6, 1, 6, 5, 2, 4, 2, 3] [2, 5, 4, 4, 7, 2, 7, 3, 1, 6, 4, 0, 4, 3, 5, 4, 3, 3, 4, 4, 6, 3, 5, 4, 5, 8, 1, 5, 5, 7, 6, 5, 2, 4, 7, 7, 3, 8, 8, 8, 4, 3, 5, 1, 6, 5, 6, 5, 4, 1, 7, 4, 6, 3, 6, 5, 6, 5, 5, 5, 2, 2, 7, 8, 1, 3, 6, 6, 4, 5, 5, 5, 6, 3, 7, 6, 2, 4, 2, 4]
B_6 10 B 12 [1, 5, 1, 6, 5, 2, 1, 6, 3, 2, 2, 2, 0, 5, 5, 6, 5, 1, 6, 4, 4, 5, 2, 4, 2, 3, 2, 4, 1, 1, 6, 3, 5, 3, 3, 1, 6, 1, 5, 6, 2, 1, 5, 4, 4, 2, 2, 6, 1, 5, 3, 4, 3, 3, 6, 6, 5, 6, 4, 5, 4, 5, 3, 3, 5, 6, 3, 5, 3, 6, 5, 5, 4, 6, 6, 6, 1, 5, 5, 2] [1, 5, 3, 6, 7, 3, 3, 7, 3, 3, 4, 4, 0, 6, 5, 6, 5, 2, 7, 4, 6, 5, 2, 4, 4, 5, 4, 6, 2, 1, 8, 3, 6, 5, 4, 2, 8, 1, 6, 7, 3, 1, 5, 5, 5, 3, 4, 6, 2, 5, 4, 5, 3, 5, 8, 6, 5, 8, 5, 7, 6, 7, 4, 3, 7, 7, 5, 5, 4, 8, 7, 6, 6, 6, 8, 7, 3, 7, 5, 2]
B_7 11 B 13 [6, 1, 3, 4, 1, 2, 3, 5, 3, 2, 5, 1, 5, 0, 2, 1, 1, 5, 2, 6, 3, 1, 3, 5, 6, 3, 4, 3, 3, 5, 4, 6, 3, 1, 3, 2, 6, 2, 1, 2, 6, 3, 5, 2, 1, 2, 1, 3, 1, 5, 1, 5, 3, 6, 4, 1, 6, 3, 6, 6, 5, 4, 3, 5, 1, 2, 4, 1, 1, 3, 3, 3, 1, 6, 2, 5, 5, 5, 2, 6] [6, 3, 5, 4, 2, 3, 4, 7, 4, 4, 5, 3, 6, 0, 4, 1, 1, 7, 2, 8, 3, 3, 5, 5, 6, 4, 6, 4, 4, 6, 4, 7, 4, 3, 3, 2, 7, 2, 2, 3, 8, 4, 5, 4, 2, 2, 2, 5, 2, 6, 2, 6, 3, 8, 6, 2, 8, 4, 7, 7, 7, 6, 3, 7, 3, 2, 6, 2, 3, 4, 3, 5, 2, 6, 4, 5, 7, 6, 4, 8]
A_6 12 A 14 [5, 6, 2, 1, 2, 3, 3, 4, 5, 4, 6, 4, 5, 2, 0, 5, 5, 2, 6, 5, 2, 4, 4, 5, 2, 5, 3, 4, 2, 2, 2, 5, 2, 5, 1, 2, 1, 4, 3, 5, 4, 5, 5, 6, 1, 6, 6, 6, 4, 2, 2, 5, 4, 6, 2, 4, 6, 6, 4, 1, 3, 1, 4, 5, 1, 2, 4, 4, 2, 1, 4, 1, 6, 3, 3, 5, 4, 5, 5, 5] [5, 7, 4, 2, 4, 4, 5, 5, 6, 4, 6, 5, 5, 4, 0, 6, 5, 4, 7, 5, 3, 4, 6, 6, 3, 7, 5, 6, 2, 2, 4, 6, 4, 5, 1, 4, 2, 4, 4, 6, 6, 5, 5, 6, 3, 8, 6, 8, 5, 3, 3, 7, 6, 7, 4, 5, 6, 8, 4, 3, 3, 3, 4, 7, 3, 2, 4, 5, 4, 2, 6, 1, 6, 5, 5, 7, 6, 7, 5, 7]
A_7 13 A 15 [1, 3, 3, 3, 1, 1, 6, 1, 4, 5, 4, 2, 6, 1, 5, 0, 1, 3, 6, 2, 3, 5, 1, 5, 5, 2, 5, 3, 2, 2, 6, 4, 5, 5, 5, 6, 3, 6, 5, 3, 4, 4, 4, 2, 5, 5, 6, 5, 2, 6, 4, 3, 5, 2, 4, 6, 6, 4, 1, 6, 3, 4, 1, 2, 4, 5, 6, 3, 2, 4, 6, 6, 2, 2, 4, 4, 2, 3, 2, 1] [1, 3, 4, 4, 1, 1, 7, 1, 6, 7, 5, 4, 6, 1, 6, 0, 1, 3, 6, 3, 3, 5, 2, 5, 6, 3, 6, 5, 4, 2, 6, 6, 7, 6, 7, 7, 5, 8, 6, 3, 4, 4, 6, 2, 5, 7, 7, 6, 3, 7, 5, 4, 5, 4, 5, 6, 7, 4, 2, 6, 5, 6, 1, 3, 6, 5, 7, 3, 4, 4, 7, 7, 2, 4, 6, 5, 2, 4, 2, 1]
A_8 14 A 16 [3, 3, 6, 6, 2, 4, 5, 2, 1, 6, 5, 2, 5, 1, 5, 1, 0, 5, 6, 2, 5, 4, 1, 3, 6, 1, 2, 3, 2, 4, 2, 5, 3, 4, 1, 4, 4, 6, 5, 1, 4, 3, 2, 4, 2, 1, 6, 2, 1, 3, 5, 1, 1, 1, 6, 2, 5, 3, 4, 3, 2, 3, 3, 3, 6, 6, 3, 3, 4, 4, 4, 3, 6, 6, 4, 1, 4, 2, 2, 2] [4, 4, 8, 8, 2, 6, 7, 3, 2, 8, 7, 3, 5, 1, 5, 1, 0, 5, 8, 4, 5, 4, 1, 5, 6, 3, 4, 5, 3, 4, 2, 6, 3, 6, 3, 5, 5, 6, 7, 1, 5, 5, 2, 5, 3, 2, 8, 4, 1, 4, 7, 1, 1, 2, 7, 3, 5, 5, 5, 5, 2, 3, 3, 5, 6, 8, 3, 5, 5, 5, 4, 5, 8, 8, 6, 2, 4, 2, 4, 2]
A_9 15 A 17 [3, 3, 4, 5, 6, 5, 3, 3, 2, 6, 2, 2, 1, 5, 2, 3, 5, 0, 2, 5, 5, 6, 5, 5, 2, 5, 4, 5, 3, 6, 6, 3, 2, 5, 1, 2, 6, 1, 6, 4, 3, 2, 5, 5, 4, 4, 4, 3, 2, 4, 3, 3, 1, 3, 4, 4, 2, 4, 5, 2, 1, 1, 2, 5, 6, 3, 1, 6, 5, 5, 4, 5, 4, 4, 1, 4, 3, 4, 6, 6] [4, 3, 5, 6, 8, 6, 4, 3, 4, 6, 4, 3, 2, 7, 4, 3, 5, 0, 3, 6, 6, 6, 5, 5, 3, 5, 5, 6, 5, 6, 7, 4, 4, 6, 1, 4, 7, 3, 8, 4, 3, 2, 6, 7, 6, 4, 6, 4, 2, 6, 3, 5, 1, 5, 5, 5, 2, 4, 7, 2, 3, 2, 2, 5, 8, 5, 2, 6, 6, 7, 5, 5, 6, 4, 1, 6, 5, 6, 6, 8]
B_8 15 B 18 [2, 3, 1, 2, 3, 6, 5, 4, 3, 5, 5, 4, 6, 2, 6, 6, 6, 2, 0, 3, 5, 3, 3, 5, 4, 4, 5, 5, 5, 3, 3, 5, 4, 2, 6, 6, 1, 2, 6, 5, 6, 1, 1, 1, 3, 6, 6, 4, 1, 5, 1, 4, 5, 3, 1, 5, 3, 2, 4, 1, 5, 6, 3, 6, 2, 2, 1, 4, 5, 3, 3, 5, 1, 6, 6, 4, 3, 2, 1, 6] [3, 3, 3, 2, 3, 8, 7, 5, 4, 7, 6, 4, 7, 2, 7, 6, 8, 3, 0, 4, 6, 4, 4, 5, 4, 4, 7, 5, 5, 5, 5, 7, 5, 4, 7, 6, 2, 2, 6, 7, 8, 2, 3, 2, 4, 8, 6, 4, 3, 6, 3, 6, 5, 5, 2, 5, 5, 4, 5, 3, 7, 6, 4, 8, 3, 2, 3, 5, 5, 5, 5, 5, 2, 6, 6, 5, 3, 3, 2, 7]
A_10 16 A 19 [2, 5, 2, 5, 6, 4, 3, 1, 2, 1, 1, 2, 4, 6, 5, 2, 2, 5, 3, 0, 3, 6, 1, 6, 1, 6, 6, 4, 6, 1, 1, 5, 4, 2, 2, 1, 2, 5, 5, 2, 4, 4, 3, 2, 2, 3, 1, 4, 1, 1, 2, 1, 4, 5, 4, 5, 2, 4, 6, 6, 4, 5, 5, 2, 4, 3, 4, 4, 6, 6, 2, 2, 1, 2, 1, 3, 3, 2, 4, 1] [4, 6, 3, 6, 8, 6, 5, 3, 4, 2, 1, 4, 4, 8, 5, 3, 4, 6, 4, 0, 4, 7, 3, 6, 3, 7, 7, 6, 8, 1, 3, 6, 6, 4, 4, 2, 2, 5, 7, 2, 5, 6, 4, 3, 4, 3, 3, 4, 2, 1, 3, 1, 4, 5, 5, 7, 2, 6, 7, 8, 6, 5, 7, 3, 6, 3, 5, 6, 7, 7, 3, 4, 1, 4, 2, 4, 4, 3, 6, 1]
B_9 16 B 20 [2, 4, 1, 6, 5, 4, 5, 4, 1, 2, 1, 6, 4, 3, 2, 3, 5, 5, 5, 3, 0, 1, 6, 1, 2, 5, 6, 5, 1, 3, 3, 4, 5, 3, 4, 1, 1, 4, 5, 1, 6, 5, 6, 6, 2, 3, 1, 6, 2, 2, 5, 1, 3, 2, 2, 5, 1, 4, 2, 1, 4, 1, 2, 4, 4, 4, 3, 5, 2, 5, 2, 2, 1, 4, 5, 6, 5, 5, 5, 2] [3, 4, 2, 7, 7, 5, 6, 5, 3, 2, 3, 6, 6, 3, 3, 3, 5, 6, 6, 4, 0, 1, 8, 2, 4, 6, 6, 5, 1, 4, 3, 5, 7, 5, 6, 2, 1, 5, 6, 2, 7, 5, 7, 7, 4, 4, 3, 6, 3, 2, 7, 1, 4, 3, 2, 7, 1, 4, 3, 1, 6, 3, 4, 4, 4, 4, 5, 5, 4, 7, 2, 3, 3, 4, 5, 6, 5, 5, 7, 3]
A_11 17 A 21 [4, 3, 1, 2, 5, 2, 2, 2, 1, 1, 6, 3, 5, 1, 4, 5, 4, 6, 3, 6, 1, 0, 2, 1, 4, 5, 6, 2, 2, 6, 1, 1, 3, 2, 6, 2, 6, 3, 2, 6, 6, 3, 6, 2, 6, 3, 6, 1, 6, 6, 2, 5, 5, 5, 5, 1, 2, 6, 5, 3, 3, 5, 4, 2, 2, 2, 3, 6, 6, 4, 5, 2, 3, 3, 3, 3, 4, 4, 6, 5] [6, 4, 3, 4, 6, 3, 4, 2, 1, 2, 6, 3, 5, 3, 4, 5, 4, 6, 4, 7, 1, 0, 3, 1, 5, 6, 7, 4, 2, 8, 1, 1, 3, 2, 6, 2, 6, 4, 3, 7, 8, 4, 7, 3, 8, 3, 7, 2, 7, 7, 2, 5, 6, 5, 5, 1, 2, 8, 6, 5, 3, 5, 5, 2, 3, 4, 5, 7, 6, 5, 6, 3, 5, 3, 4, 4, 4, 5, 6, 6]
B_10 17 B 22 [6, 4, 4, 3, 1, 3, 4, 3, 5, 2, 5, 5, 2, 3, 4, 1, 1, 5, 3, 1, 6, 2, 0, 6, 5, 2, 6, 3, 5, 2, 1, 2, 1, 3, 3, 6, 5, 4, 3, 2, 1, 3, 4, 1, 6, 6, 5, 4, 4, 6, 1, 1, 5, 6, 4, 6, 3, 5, 1, 2, 1, 2, 1, 6, 4, 1, 5, 5, 1, 1, 5, 2, 5, 3, 3, 4, 1, 3, 4, 4] [7, 6, 5, 5, 2, 3, 6, 4, 7, 2, 6, 5, 2, 5, 6, 2, 1, 5, 4, 3, 8, 3, 0, 7, 7, 4, 7, 4, 5, 2, 3, 2, 2, 5, 4, 6, 5, 6, 4, 4, 3, 4, 4, 2, 7, 8, 7, 6, 6, 6, 1, 3, 7, 8, 5, 6, 3, 5, 3, 2, 1, 4, 2, 7, 6, 3, 6, 7, 1, 3, 5, 2, 6, 3, 3, 6, 1, 5, 5, 5]
A_12 19 A 23 [1, 3, 2, 2, 5, 6, 5, 4, 5, 3, 5, 4, 4, 5, 5, 5, 3, 5, 5, 6, 1, 1, 6, 0, 4, 2, 2, 4, 1, 6, 6, 2, 2, 2, 2, 5, 1, 3, 3, 4, 2, 2, 4, 5, 1, 4, 4, 2, 3, 5, 3, 5, 4, 3, 2, 2, 1, 4, 1, 3, 1, 2, 2, 6, 4, 2, 6, 6, 3, 4, 5, 6, 2, 3, 1, 1, 5, 2, 1, 1] [1, 3, 2, 3, 6, 6, 5, 5, 7, 4, 6, 4, 4, 5, 6, 5, 5, 5, 5, 6, 2, 1, 7, 0, 4, 4, 2, 4, 1, 6, 8, 4, 2, 2, 2, 6, 3, 5, 4, 6, 2, 2, 5, 7, 2, 6, 6, 2, 3, 6, 4, 5, 4, 4, 3, 2, 1, 6, 3, 5, 3, 2, 4, 6, 5, 4, 8, 8, 3, 4, 5, 6, 3, 5, 1, 1, 5, 3, 3, 3]
B_11 19 B 24 [5, 2, 1, 1, 3, 2, 2, 2, 2, 5, 1, 5, 2, 6, 2, 5, 6, 2, 4, 1, 2, 4, 5, 4, 0, 6, 2, 4, 3, 4, 5, 2, 2, 1, 4, 5, 3, 1, 1, 3, 6, 5, 4, 1, 3, 1, 3, 2, 2, 6, 4, 5, 4, 1, 6, 1, 1, 5, 3, 3, 2, 5, 5, 1, 5, 6, 5, 1, 6, 1, 2, 6, 5, 2, 4, 1, 3, 2, 2, 1] [6, 4, 1, 3, 5, 2, 3, 2, 2, 5, 2, 5, 4, 6, 3, 6, 6, 3, 4, 3, 4, 5, 7, 4, 0, 8, 2, 4, 4, 4, 5, 3, 2, 3, 4, 6, 3, 3, 2, 3, 8, 7, 6, 1, 3, 1, 3, 3, 2, 7, 6, 5, 6, 1, 7, 1, 2, 5, 3, 4, 4, 6, 7, 3, 7, 6, 5, 1, 7, 1, 2, 7, 6, 4, 5, 2, 4, 4, 3, 3]
A_13 20 A 25 [5, 2, 3, 3, 5, 5, 1, 3, 5, 6, 5, 6, 3, 3, 5, 2, 1, 5, 4, 6, 5, 5, 2, 2, 6, 0, 4, 2, 3, 1, 1, 2, 2, 6, 6, 6, 6, 4, 5, 2, 4, 6, 3, 3, 5, 6, 6, 2, 3, 2, 5, 1, 1, 6, 2, 3, 5, 6, 6, 3, 2, 2, 6, 1, 2, 3, 1, 4, 2, 2, 1, 5, 2, 4, 6, 1, 5, 1, 1, 6] [7, 4, 3, 4, 7, 7, 3, 5, 7, 6, 7, 8, 5, 4, 7, 3, 3, 5, 4, 7, 6, 6, 4, 4, 8, 0, 4, 3, 3, 2, 3, 3, 4, 7, 6, 6, 7, 4, 5, 2, 4, 7, 4, 5, 7, 8, 6, 4, 4, 3, 5, 1, 2, 6, 4, 5, 6, 6, 6, 5, 3, 2, 6, 3, 3, 4, 3, 6, 4, 4, 3, 6, 4, 6, 8, 3, 5, 2, 2, 6]
B_12 20 B 26 [2, 2, 3, 2, 6, 1, 1, 1, 3, 6, 5, 1, 2, 4, 3, 5, 2, 4, 5, 6, 6, 6, 6, 2, 2, 4, 0, 3, 2, 4, 3, 5, 2, 3, 3, 3, 3, 1, 6, 5, 4, 2, 3, 4, 3, 5, 5, 6, 6, 6, 2, 1, 4, 5, 1, 2, 3, 1, 1, 4, 3, 3, 3, 6, 4, 6, 4, 4, 6, 5, 3, 1, 4, 4, 5, 4, 6, 2, 5, 6] [3, 4, 5, 2, 7, 1, 3, 1, 5, 6, 5, 1, 4, 6, 5, 6, 4, 5, 7, 7, 6, 7, 7, 2, 2, 4, 0, 5, 2, 6, 3, 7, 3, 3, 5, 4, 3, 1, 8, 6, 4, 2, 5, 5, 5, 5, 5, 8, 6, 6, 2, 2, 4, 6, 2, 3, 4, 1, 2, 5, 3, 5, 4, 7, 4, 6, 6, 5, 8, 6, 4, 2, 5, 5, 6, 6, 6, 3, 5, 7]
A_14 21 A 27 [4, 6, 4, 3, 4, 6, 2, 5, 5, 2, 6, 5, 4, 3, 4, 3, 3, 5, 5, 4, 5, 2, 3, 4, 4, 2, 3, 0, 4, 3, 1, 3, 6, 6, 5, 6, 6, 2, 3, 2, 2, 4, 2, 5, 2, 2, 1, 6, 5, 1, 5, 2, 1, 5, 4, 6, 4, 2, 1, 5, 1, 6, 5, 1, 1, 1, 6, 5, 1, 3, 3, 1, 4, 6, 5, 3, 5, 3, 5, 6] [4, 6, 4, 4, 4, 7, 2, 5, 5, 2, 7, 5, 6, 4, 6, 5, 5, 6, 5, 6, 5, 4, 4, 4, 4, 3, 5, 0, 6, 4, 2, 4, 8, 7, 6, 7, 8, 3, 5, 4, 3, 4, 4, 7, 4, 2, 1, 7, 7, 3, 5, 2, 1, 7, 5, 6, 6, 3, 2, 6, 1, 6, 5, 3, 2, 1, 8, 5, 1, 5, 3, 3, 5, 8, 7, 5, 6, 4, 5, 8]
B_13 21 B 28 [2, 5, 6, 3, 1, 5, 1, 4, 4, 1, 1, 5, 1, 3, 2, 2, 2, 3, 5, 6, 1, 2, 5, 1, 3, 3, 2, 4, 0, 3, 3, 2, 3, 5, 4, 6, 1, 2, 1, 1, 2, 4, 3, 5, 4, 4, 5, 3, 2, 6, 6, 3, 6, 2, 3, 4, 4, 4, 1, 5, 4, 3, 1, 4, 4, 4, 5, 4, 6, 1, 5, 1, 3, 1, 2, 2, 3, 3, 4, 3] [3, 6, 6, 3, 3, 6, 2, 6, 6, 2, 3, 5, 2, 4, 2, 4, 3, 5, 5, 8, 1, 2, 5, 1, 4, 3, 2, 6, 0, 3, 5, 4, 3, 7, 4, 6, 2, 3, 1, 1, 2, 5, 4, 6, 6, 5, 7, 4, 4, 6, 8, 4, 8, 3, 5, 5, 5, 4, 3, 5, 4, 5, 2, 5, 5, 4, 6, 6, 7, 3, 7, 2, 5, 1, 3, 3, 3, 3, 4, 3]
A_15 23 A 29 [5, 4, 1, 1, 2, 2, 3, 5, 2, 2, 5, 5, 1, 5, 2, 2, 4, 6, 3, 1, 3, 6, 2, 6, 4, 1, 4, 3, 3, 0, 3, 2, 6, 6, 4, 4, 3, 6, 2, 5, 6, 3, 3, 3, 3, 1, 1, 5, 3, 2, 5, 2, 1, 1, 5, 3, 1, 3, 2, 4, 3, 6, 4, 5, 2, 1, 5, 4, 2, 1, 1, 1, 3, 3, 6, 2, 6, 4, 1, 4] [7, 6, 3, 1, 2, 2, 5, 5, 4, 4, 6, 7, 1, 6, 2, 2, 4, 6, 5, 1, 4, 8, 2, 6, 4, 2, 6, 4, 3, 0, 5, 3, 7, 7, 5, 4, 5, 7, 3, 7, 8, 3, 5, 3, 5, 3, 3, 5, 5, 2, 6, 2, 3, 2, 7, 5, 1, 3, 4, 5, 5, 7, 4, 7, 2, 1, 7, 5, 4, 2, 3, 1, 5, 4, 8, 3, 8, 4, 1, 4]
B_14 24 B 30 [3, 5, 1, 4, 3, 5, 1, 2, 1, 6, 3, 4, 6, 4, 2, 6, 2, 6, 3, 1, 3, 1, 1, 6, 5, 1, 3, 1, 3, 3, 0, 1, 6, 5, 6, 1, 3, 1, 4, 1, 4, 5, 4, 6, 2, 4, 3, 5, 2, 1, 1, 4, 2, 1, 4, 1, 3, 2, 6, 2, 5, 2, 5, 4, 2, 5, 6, 4, 3, 2, 3, 5, 6, 5, 3, 3, 3, 5, 5, 1] [3, 6, 2, 6, 4, 6, 2, 3, 1, 8, 5, 6, 8, 4, 4, 6, 2, 7, 5, 3, 3, 1, 3, 8, 5, 3, 3, 2, 5, 5, 0, 1, 8, 7, 7, 3, 3, 2, 6, 1, 4, 7, 5, 7, 2, 6, 4, 7, 4, 1, 3, 5, 4, 3, 5, 3, 3, 4, 8, 3, 7, 2, 6, 6, 2, 6, 7, 5, 4, 3, 4, 5, 7, 5, 3, 4, 3, 5, 6, 2]
B_15 26 B 31 [3, 5, 3, 1, 6, 6, 3, 4, 5, 4, 4, 4, 3, 6, 5, 4, 5, 3, 5, 5, 4, 1, 2, 2, 2, 2, 5, 3, 2, 2, 1, 0, 2, 5, 1, 1, 4, 2, 6, 3, 5, 1, 2, 4, 2, 4, 3, 3, 4, 5, 4, 6, 3, 6, 6, 4, 2, 5, 3, 4, 6, 5, 4, 3, 5, 6, 4, 2, 2, 3, 3, 5, 4, 3, 2, 4, 6, 4, 1, 5] [3, 7, 3, 2, 6, 6, 4, 5, 6, 4, 6, 5, 3, 7, 6, 6, 6, 4, 7, 6, 5, 1, 2, 4, 3, 3, 7, 4, 4, 3, 1, 0, 4, 7, 1, 1, 4, 4, 7, 3, 7, 3, 4, 4, 4, 5, 3, 4, 4, 7, 4, 6, 3, 7, 7, 5, 2, 5, 5, 5, 7, 7, 4, 4, 6, 8, 6, 3, 4, 3, 4, 5, 6, 4, 2, 4, 6, 4, 1, 5]
A_16 28 A 32 [2, 4, 3, 2, 1, 2, 2, 4, 4, 1, 3, 1, 5, 3, 2, 5, 3, 2, 4, 4, 5, 3, 1, 2, 2, 2, 2, 6, 3, 6, 6, 2, 0, 2, 5, 6, 4, 1, 1, 5, 2, 6, 5, 5, 5, 3, 1, 3, 5, 6, 1, 3, 2, 5, 1, 4, 5, 1, 1, 4, 5, 3, 2, 4, 2, 2, 1, 1, 3, 4, 6, 3, 3, 5, 5, 6, 2, 3, 5, 2] [4, 6, 3, 3, 3, 2, 2, 6, 6, 2, 4, 2, 6, 4, 4, 7, 3, 4, 5, 6, 7, 3, 2, 2, 2, 4, 3, 8, 3, 7, 8, 4, 0, 2, 7, 6, 5, 2, 1, 5, 4, 8, 7, 6, 6, 4, 3, 3, 7, 7, 3, 4, 2, 7, 2, 4, 7, 2, 1, 4, 5, 5, 2, 6, 3, 2, 2, 3, 3, 5, 6, 4, 5, 5, 5, 8, 2, 3, 6, 4]
A_17 29 A 33 [4, 1, 6, 6, 6, 1, 4, 6, 5, 4, 1, 3, 3, 1, 5, 5, 4, 5, 2, 2, 3, 2, 3, 2, 1, 6, 3, 6, 5, 6, 5, 5, 2, 0, 3, 1, 1, 1, 1, 3, 6, 2, 2, 1, 3, 3, 3, 1, 1, 1, 2, 6, 3, 5, 4, 3, 1, 4, 4, 5, 3, 5, 3, 2, 6, 4, 5, 3, 6, 3, 5, 4, 6, 6, 5, 2, 5, 2, 1, 6] [4, 3, 8, 6, 8, 2, 4, 7, 7, 5, 2, 4, 5, 3, 5, 6, 6, 6, 4, 4, 5, 2, 5, 2, 3, 7, 3, 7, 7, 7, 7, 7, 2, 0, 4, 3, 3, 1, 1, 5, 8, 2, 2, 2, 5, 3, 3, 1, 1, 2, 4, 6, 5, 6, 5, 3, 3, 5, 6, 5, 3, 7, 5, 4, 6, 4, 6, 4, 6, 5, 5, 5, 6, 6, 5, 4, 5, 2, 2, 6]
A_18 32 A 34 [6, 5, 3, 6, 1, 1, 6, 4, 4, 4, 4, 6, 3, 3, 1, 5, 1, 1, 6, 2, 4, 6, 3, 2, 4, 6, 3, 5, 4, 4, 6, 1, 5, 3, 0, 3, 1, 4, 6, 6, 2, 6, 3, 1, 1, 1, 3, 2, 5, 4, 6, 6, 6, 4, 3, 3, 5, 3, 6, 3, 3, 4, 5, 2, 4, 4, 2, 4, 3, 4, 1, 1, 5, 1, 6, 1, 3, 1, 1, 2] [8, 5, 5, 6, 2, 3, 6, 6, 6, 5, 6, 7, 4, 3, 1, 7, 3, 1, 7, 4, 6, 6, 4, 2, 4, 6, 5, 6, 4, 5, 7, 1, 7, 4, 0, 4, 2, 6, 6, 6, 2, 7, 4, 2, 3, 2, 3, 3, 5, 4, 8, 6, 7, 5, 4, 4, 6, 5, 6, 5, 5, 5, 6, 2, 4, 4, 3, 6, 4, 5, 2, 1, 7, 3, 7, 2, 3, 2, 1, 4]
A_19 33 A 35 [5, 5, 5, 2, 3, 1, 2, 3, 6, 2, 5, 5, 1, 2, 2, 6, 4, 2, 6, 1, 1, 2, 6, 5, 5, 6, 3, 6, 6, 4, 1, 1, 6, 1, 3, 0, 5, 4, 3, 1, 1, 5, 1, 2, 4, 2, 1, 3, 6, 5, 3, 3, 6, 4, 4, 1, 5, 5, 5, 2, 4, 2, 4, 6, 2, 1, 6, 5, 5, 3, 6, 6, 2, 1, 6, 3, 4, 3, 4, 5] [5, 7, 6, 2, 4, 2, 3, 5, 8, 3, 7, 7, 2, 2, 4, 7, 5, 4, 6, 2, 2, 2, 6, 6, 6, 6, 4, 7, 6, 4, 3, 1, 6, 3, 4, 0, 5, 5, 5, 2, 3, 6, 3, 2, 6, 3, 1, 4, 8, 6, 3, 4, 7, 5, 4, 3, 5, 5, 6, 3, 4, 2, 4, 8, 2, 3, 7, 5, 5, 4, 6, 6, 4, 3, 8, 4, 6, 3, 4, 6]
B_16 33 B 36 [3, 5, 4, 4, 1, 6, 3, 5, 6, 4, 2, 3, 6, 6, 1, 3, 4, 6, 1, 2, 1, 6, 5, 1, 3, 6, 3, 6, 1, 3, 3, 4, 4, 1, 1, 5, 0, 3, 2, 2, 5, 3, 2, 3, 1, 6, 5, 6, 3, 3, 5, 4, 6, 1, 1, 6, 2, 6, 6, 5, 6, 6, 1, 5, 5, 3, 6, 3, 1, 5, 1, 1, 3, 4, 6, 5, 6, 5, 2, 3] [3, 6, 4, 4, 3, 8, 3, 6, 6, 4, 3, 3, 8, 7, 2, 5, 5, 7, 2, 2, 1, 6, 5, 3, 3, 7, 3, 8, 2, 5, 3, 4, 5, 3, 2, 5, 0, 5, 4, 3, 5, 5, 2, 3, 1, 8, 7, 7, 4, 3, 7, 5, 8, 2, 3, 7, 2, 8, 6, 5, 8, 8, 1, 7, 5, 5, 8, 5, 2, 5, 2, 3, 5, 5, 7, 7, 7, 5, 4, 3]
B_17 34 B 37 [2, 4, 5, 4, 2, 1, 5, 2, 4, 5, 1, 6, 1, 2, 4, 6, 6, 1, 2, 5, 4, 3, 4, 3, 1, 4, 1, 2, 2, 6, 1, 2, 1, 1, 4, 4, 3, 0, 3, 2, 4, 4, 1, 3, 4, 6, 5, 1, 1, 3, 2, 2, 3, 3, 4, 2, 3, 4, 5, 5, 4, 3, 2, 1, 2, 2, 4, 5, 3, 6, 1, 6, 5, 1, 4, 1, 2, 5, 4, 4] [2, 5, 5, 4, 4, 3, 6, 3, 5, 7, 2, 8, 1, 2, 4, 8, 6, 3, 2, 5, 5, 4, 6, 5, 3, 4, 1, 3, 3, 7, 2, 4, 2, 1, 6, 5, 5, 0, 5, 3, 5, 5, 3, 5, 4, 6, 7, 2, 2, 4, 4, 4, 3, 3, 5, 3, 5, 5, 6, 6, 5, 4, 3, 1, 4, 4, 5, 6, 5, 8, 3, 6, 5, 3, 4, 2, 3, 6, 5, 5]
B_18 35 B 38 [3, 4, 4, 5, 3, 4, 5, 4, 3, 3, 5, 6, 5, 1, 3, 5, 5, 6, 6, 5, 5, 2, 3, 3, 1, 5, 6, 3, 1, 2, 4, 6, 1, 1, 6, 3, 2, 3, 0, 2, 3, 6, 6, 4, 5, 2, 4, 5, 4, 5, 4, 4, 1, 3, 1, 6, 1, 4, 1, 1, 6, 1, 5, 2, 6, 3, 4, 5, 3, 2, 4, 2, 2, 4, 4, 1, 5, 3, 1, 1] [4, 6, 6, 7, 4, 4, 6, 4, 5, 3, 7, 8, 6, 2, 4, 6, 7, 8, 6, 7, 6, 3, 4, 4, 2, 5, 8, 5, 1, 3, 6, 7, 1, 1, 6, 5, 4, 5, 0, 3, 4, 6, 7, 6, 7, 4, 5, 7, 4, 6, 4, 6, 3, 3, 1, 8, 2, 6, 2, 3, 6, 3, 7, 2, 8, 4, 4, 5, 5, 4, 5, 3, 3, 6, 4, 2, 6, 4, 1, 1]
B_19 36 B 39 [2, 3, 1, 6, 2, 6, 3, 3, 6, 4, 2, 6, 6, 2, 5, 3, 1, 4, 5, 2, 1, 6, 2, 4, 3, 2, 5, 2, 1, 5, 1, 3, 5, 3, 6, 1, 2, 2, 2, 0, 2, 6, 1, 2, 1, 5, 2, 1, 5, 5, 6, 5, 2, 2, 4, 5, 1, 5, 2, 5, 3, 2, 2, 6, 4, 5, 3, 6, 6, 3, 3, 2, 4, 5, 4, 3, 5, 6, 1, 4] [4, 3, 2, 6, 4, 7, 3, 4, 6, 6, 3, 8, 7, 3, 6, 3, 1, 4, 7, 2, 2, 7, 4, 6, 3, 2, 6, 4, 1, 7, 1, 3, 5, 5, 6, 2, 3, 3, 3, 0, 2, 8, 2, 3, 1, 6, 3, 2, 6, 7, 7, 6, 2, 3, 6, 7, 1, 7, 3, 7, 5, 4, 4, 8, 4, 7, 4, 8, 8, 4, 4, 4, 5, 7, 4, 4, 5, 6, 2, 5]
A_20 37 A 40 [6, 1, 5, 2, 6, 3, 4, 5, 1, 5, 5, 4, 2, 6, 4, 4, 4, 3, 6, 4, 6, 6, 1, 2, 6, 4, 4, 2, 2, 6, 4, 5, 2, 6, 2, 1, 5, 4, 3, 2, 0, 1, 2, 6, 5, 3, 5, 6, 6, 2, 6, 4, 6, 4, 3, 4, 3, 6, 5, 4, 1, 1, 2, 6, 4, 3, 3, 3, 1, 1, 2, 4, 1, 1, 5, 6, 1, 4, 1, 6] [6, 2, 7, 4, 6, 4, 4, 5, 3, 5, 7, 4, 3, 8, 6, 4, 5, 3, 8, 5, 7, 8, 3, 2, 8, 4, 4, 3, 2, 8, 4, 7, 4, 8, 2, 3, 5, 5, 4, 2, 0, 2, 2, 7, 7, 5, 7, 8, 6, 3, 7, 6, 6, 4, 5, 5, 3, 7, 5, 4, 3, 1, 2, 8, 5, 5, 5, 5, 3, 3, 3, 4, 1, 3, 6, 8, 2, 4, 2, 6]
A_21 38 A 41 [5, 5, 3, 5, 1, 5, 2, 5, 6, 2, 6, 2, 1, 3, 5, 4, 3, 2, 1, 4, 5, 3, 3, 2, 5, 6, 2, 4, 4, 3, 5, 1, 6, 2, 6, 5, 3, 4, 6, 6, 1, 0, 4, 6, 4, 4, 4, 1, 1, 4, 5, 2, 5, 4, 5, 6, 6, 4, 3, 1, 5, 2, 6, 1, 6, 2, 5, 1, 3, 3, 4, 6, 2, 3, 4, 5, 1, 3, 5, 4] [6, 5, 4, 7, 2, 7, 3, 5, 7, 4, 6, 3, 1, 4, 5, 4, 5, 2, 2, 6, 5, 4, 4, 2, 7, 7, 2, 4, 5, 3, 7, 3, 8, 2, 7, 6, 5, 5, 6, 8, 2, 0, 5, 7, 5, 6, 4, 3, 2, 5, 6, 3, 6, 5, 7, 7, 8, 4, 3, 2, 5, 2, 8, 1, 6, 4, 5, 3, 3, 5, 6, 8, 2, 5, 5, 6, 1, 4, 7, 6]
B_20 38 B 42 [3, 4, 5, 2, 3, 2, 1, 6, 2, 2, 1, 3, 5, 5, 5, 4, 2, 5, 1, 3, 6, 6, 4, 4, 4, 3, 3, 2, 3, 3, 4, 2, 5, 2, 3, 1, 2, 1, 6, 1, 2, 4, 0, 4, 2, 1, 6, 6, 5, 6, 2, 5, 1, 5, 2, 1, 3, 2, 2, 3, 2, 4, 2, 2, 2, 3, 3, 6, 2, 2, 6, 3, 1, 5, 3, 2, 4, 3, 3, 3] [4, 5, 5, 3, 4, 3, 1, 6, 2, 3, 1, 5, 5, 5, 5, 6, 2, 6, 3, 4, 7, 7, 4, 5, 6, 4, 5, 4, 4, 5, 5, 4, 7, 2, 4, 3, 2, 3, 7, 2, 2, 5, 0, 5, 3, 2, 6, 7, 6, 7, 4, 7, 1, 6, 2, 3, 4, 2, 3, 3, 4, 5, 4, 3, 2, 4, 5, 8, 3, 3, 8, 3, 2, 7, 3, 2, 6, 3, 3, 4]
A_22 39 A 43 [2, 5, 6, 5, 2, 3, 3, 1, 3, 3, 2, 1, 4, 2, 6, 2, 4, 5, 1, 2, 6, 2, 1, 5, 1, 3, 4, 5, 5, 3, 6, 4, 5, 1, 1, 2, 3, 3, 4, 2, 6, 6, 4, 0, 2, 1, 5, 3, 2, 1, 5, 5, 1, 3, 2, 5, 3, 4, 5, 1, 5, 5, 1, 6, 1, 6, 3, 2, 6, 5, 2, 6, 5, 3, 1, 5, 5, 2, 4, 1] [3, 6, 8, 7, 2, 4, 3, 2, 3, 3, 3, 1, 5, 4, 6, 2, 5, 7, 2, 3, 7, 3, 2, 7, 1, 5, 5, 7, 6, 3, 7, 4, 6, 2, 2, 2, 3, 5, 6, 3, 7, 7, 5, 0, 3, 3, 5, 5, 2, 3, 7, 5, 3, 4, 4, 6, 3, 5, 5, 3, 5, 6, 2, 8, 1, 6, 3, 2, 7, 7, 3, 7, 7, 4, 3, 7, 5, 3, 4, 2]
A_23 40 A 44 [1, 6, 4, 6, 2, 5, 2, 4, 3, 5, 5, 4, 4, 1, 1, 5, 2, 4, 3, 2, 2, 6, 6, 1, 3, 5, 3, 2, 4, 3, 2, 2, 5, 3, 1, 4, 1, 4, 5, 1, 5, 4, 2, 2, 0, 4, 3, 3, 5, 5, 3, 1, 4, 5, 1, 1, 5, 2, 1, 3, 3, 1, 6, 5, 2, 1, 4, 3, 5, 3, 4, 4, 6, 3, 2, 4, 2, 5, 4, 3] [2, 7, 5, 6, 3, 5, 3, 6, 4, 6, 5, 6, 5, 2, 3, 5, 3, 6, 4, 4, 4, 8, 7, 2, 3, 7, 5, 4, 6, 5, 2, 4, 6, 5, 3, 6, 1, 4, 7, 1, 7, 5, 3, 3, 0, 6, 4, 4, 7, 7, 5, 3, 5, 6, 2, 3, 7, 4, 3, 5, 3, 3, 7, 5, 2, 1, 6, 5, 6, 3, 6, 4, 8, 5, 4, 5, 2, 6, 5, 3]
B_21 41 B 45 [5, 1, 6, 3, 4, 5, 4, 4, 1, 5, 3, 3, 2, 2, 6, 5, 1, 4, 6, 3, 3, 3, 6, 4, 1, 6, 5, 2, 4, 1, 4, 4, 3, 3, 1, 2, 6, 6, 2, 5, 3, 4, 1, 1, 4, 0, 1, 3, 6, 6, 3, 3, 4, 2, 4, 5, 4, 3, 3, 6, 5, 3, 4, 1, 6, 4, 4, 6, 5, 3, 5, 1, 2, 5, 6, 6, 3, 4, 2, 6] [5, 2, 8, 3, 4, 6, 6, 6, 1, 6, 3, 5, 3, 2, 8, 7, 2, 4, 8, 3, 4, 3, 8, 6, 1, 8, 5, 2, 5, 3, 6, 5, 4, 3, 2, 3, 8, 6, 4, 6, 5, 6, 2, 3, 6, 0, 1, 5, 8, 6, 5, 3, 5, 3, 4, 7, 5, 5, 5, 7, 6, 5, 6, 3, 8, 5, 4, 7, 7, 3, 7, 2, 4, 6, 8, 8, 3, 4, 3, 6]
A_24 42 A 46 [6, 2, 2, 1, 1, 2, 2, 2, 2, 1, 5, 6, 2, 1, 6, 6, 6, 4, 6, 1, 1, 6, 5, 4, 3, 6, 5, 1, 5, 1, 3, 3, 1, 3, 3, 1, 5, 5, 4, 2, 5, 4, 6, 5, 3, 1, 0, 1, 4, 5, 1, 3, 1, 3, 5, 4, 5, 2, 1, 6, 1, 2, 6, 1, 6, 6, 3, 2, 2, 4, 4, 1, 6, 5, 5, 4, 6, 4, 4, 6] [8, 4, 4, 1, 2, 3, 2, 2, 4, 1, 5, 6, 4, 2, 6, 7, 8, 6, 6, 3, 3, 7, 7, 6, 3, 6, 5, 1, 7, 3, 4, 3, 3, 3, 3, 1, 7, 7, 5, 3, 7, 4, 6, 5, 4, 1, 0, 2, 4, 6, 2, 3, 1, 4, 5, 5, 6, 3, 1, 6, 1, 3, 7, 1, 8, 6, 4, 3, 4, 6, 6, 2, 7, 5, 6, 4, 7, 6, 5, 6]
A_25 43 A 47 [4, 4, 3, 4, 6, 2, 4, 6, 5, 3, 3, 3, 6, 3, 6, 5, 2, 3, 4, 4, 6, 1, 4, 2, 2, 2, 6, 6, 3, 5, 5, 3, 3, 1, 2, 3, 6, 1, 5, 1, 6, 1, 6, 3, 3, 3, 1, 0, 3, 3, 5, 4, 4, 3, 6, 4, 5, 3, 4, 2, 6, 5, 3, 5, 4, 6, 4, 1, 5, 2, 2, 2, 6, 4, 1, 4, 1, 6, 6, 4] [4, 6, 3, 6, 8, 3, 6, 8, 7, 4, 5, 5, 6, 5, 8, 6, 4, 4, 4, 4, 6, 2, 6, 2, 3, 4, 8, 7, 4, 5, 7, 4, 3, 1, 3, 4, 7, 2, 7, 2, 8, 3, 7, 5, 4, 5, 2, 0, 5, 4, 6, 5, 6, 5, 7, 6, 7, 4, 6, 4, 7, 6, 5, 5, 4, 8, 5, 3, 6, 2, 2, 3, 6, 5, 3, 6, 2, 7, 7, 4]
B_22 43 B 48 [1, 2, 1, 3, 5, 4, 2, 1, 1, 6, 1, 3, 1, 1, 4, 2, 1, 2, 1, 1, 2, 6, 4, 3, 2, 3, 6, 5, 2, 3, 2, 4, 5, 1, 5, 6, 3, 1, 4, 5, 6, 1, 5, 2, 5, 6, 4, 3, 0, 6, 3, 4, 1, 2, 4, 4, 3, 4, 5, 1, 1, 6, 3, 1, 2, 2, 3, 4, 6, 3, 2, 5, 1, 3, 5, 3, 3, 5, 6, 4] [2, 3, 1, 4, 7, 6, 2, 1, 3, 6, 3, 4, 2, 2, 5, 3, 1, 2, 3, 2, 3, 7, 6, 3, 2, 4, 6, 7, 4, 5, 4, 4, 7, 1, 5, 8, 4, 2, 4, 6, 6, 2, 6, 2, 7, 8, 4, 5, 0, 8, 3, 5, 3, 4, 6, 4, 4, 6, 6, 3, 3, 8, 5, 3, 2, 3, 5, 5, 7, 3, 2, 7, 2, 5, 5, 3, 5, 7, 8, 5]
A_26 44 A 49 [2, 5, 5, 2, 5, 2, 1, 4, 4, 4, 6, 1, 5, 5, 2, 6, 3, 4, 5, 1, 2, 6, 6, 5, 6, 2, 6, 1, 6, 2, 1, 5, 6, 1, 4, 5, 3, 3, 5, 5, 2, 4, 6, 1, 5, 6, 5, 3, 6, 0, 5, 5, 2, 1, 6, 5, 3, 3, 6, 6, 5, 4, 1, 5, 3, 5, 2, 3, 6, 3, 3, 5, 4, 3, 1, 5, 4, 4, 6, 4] [3, 6, 5, 2, 5, 4, 3, 4, 4, 6, 8, 1, 5, 6, 3, 7, 4, 6, 6, 1, 2, 7, 6, 6, 7, 3, 6, 3, 6, 2, 1, 7, 7, 2, 4, 6, 3, 4, 6, 7, 3, 5, 7, 3, 7, 6, 6, 4, 8, 0, 6, 7, 3, 2, 6, 6, 4, 3, 6, 8, 6, 4, 1, 5, 4, 5, 3, 5, 8, 4, 3, 5, 6, 5, 2, 6, 4, 6, 7, 6]
B_23 44 B 50 [1, 2, 5, 1, 3, 4, 1, 5, 2, 5, 2, 5, 3, 1, 2, 4, 5, 3, 1, 2, 5, 2, 1, 3, 4, 5, 2, 5, 6, 5, 1, 4, 1, 2, 6, 3, 5, 2, 4, 6, 6, 5, 2, 5, 3, 3, 1, 5, 3, 5, 0, 4, 3, 5, 4, 6, 2, 6, 6, 5, 5, 2, 3, 3, 2, 4, 6, 1, 5, 1, 2, 3, 3, 4, 4, 1, 4, 4, 2, 2] [3, 3, 5, 1, 5, 4, 2, 5, 3, 7, 2, 7, 4, 2, 3, 5, 7, 3, 3, 3, 7, 2, 1, 4, 6, 5, 2, 5, 8, 6, 3, 4, 3, 4, 8, 3, 7, 4, 4, 7, 7, 6, 4, 7, 5, 5, 2, 6, 3, 6, 0, 6, 4, 6, 4, 7, 2, 8, 8, 7, 5, 4, 5, 5, 4, 4, 7, 2, 6, 2, 3, 3, 5, 4, 6, 2, 4, 4, 4, 2]
A_27 45 A 51 [5, 4, 1, 4, 4, 6, 3, 3, 2, 1, 6, 3, 4, 5, 5, 3, 1, 3, 4, 1, 1, 5, 1, 5, 5, 1, 1, 2, 3, 2, 4, 6, 3, 6, 6, 3, 4, 2, 4, 5, 4, 2, 5, 5, 1, 3, 3, 4, 4, 5, 4, 0, 4, 1, 2, 3, 2, 2, 6, 4, 2, 1, 3, 3, 6, 5, 6, 4, 6, 4, 3, 3, 5, 6, 5, 5, 5, 5, 2, 2] [5, 4, 2, 6, 6, 8, 4, 5, 4, 2, 6, 4, 5, 6, 7, 4, 1, 5, 6, 1, 1, 5, 3, 5, 5, 1, 2, 2, 4, 2, 5, 6, 4, 6, 6, 4, 5, 4, 6, 6, 6, 3, 7, 5, 3, 3, 3, 5, 5, 7, 6, 0, 6, 2, 2, 3, 4, 2, 6, 5, 2, 1, 4, 4, 8, 6, 6, 5, 6, 5, 5, 5, 6, 8, 6, 5, 6, 6, 3, 2]
B_24 45 B 52 [3, 4, 4, 3, 3, 1, 1, 4, 4, 3, 3, 4, 3, 3, 4, 5, 1, 1, 5, 4, 3, 5, 5, 4, 4, 1, 4, 1, 6, 1, 2, 3, 2, 3, 6, 6, 6, 3, 1, 2, 6, 5, 1, 1, 4, 4, 1, 4, 1, 2, 3, 4, 0, 4, 3, 5, 1, 3, 4, 2, 5, 2, 2, 3, 2, 6, 2, 4, 6, 4, 5, 6, 2, 5, 5, 2, 1, 2, 2, 2] [5, 4, 5, 3, 5, 1, 1, 4, 5, 5, 4, 6, 3, 3, 6, 5, 1, 1, 5, 4, 4, 6, 7, 4, 6, 2, 4, 1, 8, 3, 4, 3, 2, 5, 7, 7, 8, 3, 3, 2, 6, 6, 1, 3, 5, 5, 1, 6, 3, 3, 4, 6, 0, 6, 4, 7, 2, 4, 6, 4, 5, 2, 2, 5, 2, 8, 3, 6, 8, 4, 5, 8, 3, 6, 5, 2, 1, 3, 4, 4]
B_25 46 B 53 [3, 2, 1, 1, 6, 4, 1, 4, 2, 1, 5, 2, 3, 6, 6, 2, 1, 3, 3, 5, 2, 5, 6, 3, 1, 6, 5, 5, 2, 1, 1, 6, 5, 5, 4, 4, 1, 3, 3, 2, 4, 4, 5, 3, 5, 2, 3, 3, 2, 1, 5, 1, 4, 0, 4, 3, 1, 2, 3, 2, 5, 4, 3, 6, 6, 2, 5, 4, 5, 3, 2, 6, 1, 3, 1, 5, 1, 1, 3, 6] [3, 4, 2, 3, 7, 4, 1, 5, 4, 3, 6, 3, 5, 8, 7, 4, 2, 5, 5, 5, 3, 5, 8, 4, 1, 6, 6, 7, 3, 2, 3, 7, 7, 6, 5, 5, 2, 3, 3, 3, 4, 5, 6, 4, 6, 3, 4, 5, 4, 2, 6, 2, 6, 0, 6, 3, 2, 2, 5, 2, 6, 4, 5, 8, 8, 3, 5, 5, 7, 5, 2, 7, 3, 3, 3, 7, 3, 1, 3, 7]
B_26 47 B 54 [6, 6, 1, 2, 2, 1, 1, 4, 4, 3, 3, 4, 6, 4, 2, 4, 6, 4, 1, 4, 2, 5, 4, 2, 6, 2, 1, 4, 3, 5, 4, 6, 1, 4, 3, 4, 1, 4, 1, 4, 3, 5, 2, 2, 1, 4, 5, 6, 4, 6, 4, 2, 3, 4, 0, 4, 1, 2, 3, 6, 4, 4, 3, 2, 6, 3, 1, 5, 4, 6, 2, 1, 1, 1, 1, 3, 5, 4, 1, 4] [8, 8, 1, 4, 2, 2, 2, 6, 4, 3, 3, 6, 8, 6, 4, 5, 7, 5, 2, 5, 2, 5, 5, 3, 7, 4, 2, 5, 5, 7, 5, 7, 2, 5, 4, 4, 3, 5, 1, 6, 5, 7, 2, 4, 2, 4, 5, 7, 6, 6, 4, 2, 4, 6, 0, 5, 1, 2, 5, 7, 4, 4, 5, 4, 8, 5, 1, 5, 4, 6, 2, 2, 1, 1, 3, 4, 5, 6, 3, 6]
A_28 49 A 55 [3, 1, 4, 6, 4, 2, 5, 5, 2, 2, 2, 3, 6, 1, 4, 6, 2, 4, 5, 5, 5, 1, 6, 2, 1, 3, 2, 6, 4, 3, 1, 4, 4, 3, 3, 1, 6, 2, 6, 5, 4, 6, 1, 5, 1, 5, 4, 4, 4, 5, 6, 3, 5, 3, 4, 0, 6, 1, 5, 1, 2, 4, 4, 2, 1, 2, 4, 5, 3, 1, 6, 1, 2, 3, 1, 3, 5, 5, 6, 3] [5, 3, 5, 6, 4, 3, 7, 6, 4, 4, 4, 5, 6, 2, 5, 6, 3, 5, 5, 7, 7, 1, 6, 2, 1, 5, 3, 6, 5, 5, 3, 5, 4, 3, 4, 3, 7, 3, 8, 7, 5, 7, 3, 6, 3, 7, 5, 6, 4, 6, 7, 3, 7, 3, 5, 0, 8, 3, 5, 2, 3, 5, 6, 2, 2, 2, 4, 6, 5, 2, 8, 3, 4, 5, 1, 5, 5, 5, 6, 4]
B_27 49 B 56 [5, 5, 5, 6, 1, 3, 4, 1, 1, 6, 6, 6, 5, 6, 6, 6, 5, 2, 3, 2, 1, 2, 3, 1, 1, 5, 3, 4, 4, 1, 3, 2, 5, 1, 5, 5, 2, 3, 1, 1, 3, 6, 3, 3, 5, 4, 5, 5, 3, 3, 2, 2, 1, 1, 1, 6, 0, 4, 2, 5, 1, 5, 4, 4, 1, 2, 1, 6, 3, 4, 3, 4, 4, 6, 6, 6, 5, 4, 1, 4] [5, 5, 7, 7, 1, 4, 6, 1, 1, 8, 6, 6, 5, 8, 6, 7, 5, 2, 5, 2, 1, 2, 3, 1, 2, 6, 4, 6, 5, 1, 3, 2, 7, 3, 6, 5, 2, 5, 2, 1, 3, 8, 4, 3, 7, 5, 6, 7, 4, 4, 2, 4, 2, 2, 1, 8, 0, 4, 2, 6, 3, 5, 6, 4, 1, 4, 3, 6, 4, 6, 4, 4, 6, 7, 7, 6, 5, 6, 3, 6]
A_29 50 A 57 [2, 1, 1, 6, 5, 3, 2, 5, 6, 2, 4, 5, 6, 3, 6, 4, 3, 4, 2, 4, 4, 6, 5, 4, 5, 6, 1, 2, 4, 3, 2, 5, 1, 4, 3, 5, 6, 4, 4, 5, 6, 4, 2, 4, 2, 3, 2, 3, 4, 3, 6, 2, 3, 2, 2, 1, 4, 0, 6, 5, 5, 6, 4, 5, 1, 3, 5, 4, 2, 1, 3, 6, 5, 3, 6, 2, 4, 6, 1, 4] [4, 2, 2, 6, 7, 3, 4, 5, 6, 3, 6, 5, 8, 4, 8, 4, 5, 4, 4, 6, 4, 8, 5, 6, 5, 6, 1, 3, 4, 3, 4, 5, 2, 5, 5, 5, 8, 5, 6, 7, 7, 4, 2, 5, 4, 5, 3, 4, 6, 3, 8, 2, 4, 2, 2, 3, 4, 0, 6, 5, 7, 6, 4, 6, 2, 3, 7, 5, 2, 3, 5, 8, 5, 5, 6, 2, 5, 7, 3, 6]
B_28 50 B 58 [4, 3, 4, 5, 4, 2, 1, 1, 2, 2, 1, 3, 4, 6, 4, 1, 4, 5, 4, 6, 2, 5, 1, 1, 3, 6, 1, 1, 1, 2, 6, 3, 1, 4, 6, 5, 6, 5, 1, 2, 5, 3, 2, 5, 1, 3, 1, 4, 5, 6, 6, 6, 4, 3, 3, 5, 2, 6, 0, 6, 1, 6, 1, 2, 5, 4, 1, 4, 6, 4, 3, 5, 5, 2, 6, 4, 3, 1, 3, 1] [6, 5, 6, 5, 6, 2, 1, 1, 4, 2, 1, 5, 5, 7, 4, 2, 5, 7, 5, 7, 3, 6, 3, 3, 3, 6, 2, 2, 3, 4, 8, 5, 1, 6, 6, 6, 6, 6, 2, 3, 5, 3, 3, 5, 3, 5, 1, 6, 6, 6, 8, 6, 6, 5, 5, 5, 2, 6, 0, 6, 3, 6, 3, 3, 7, 5, 3, 6, 6, 5, 4, 5, 5, 2, 6, 4, 4, 1, 3, 1]
A_30 51 A 59 [4, 3, 3, 1, 2, 2, 6, 3, 6, 5, 5, 3, 5, 6, 1, 6, 3, 2, 1, 6, 1, 3, 2, 3, 3, 3, 4, 5, 5, 4, 2, 4, 4, 5, 3, 2, 5, 5, 1, 5, 4, 1, 3, 1, 3, 6, 6, 2, 1, 6, 5, 4, 2, 2, 6, 1, 5, 5, 6, 0, 2, 2, 6, 4, 4, 4, 3, 2, 1, 3, 2, 3, 1, 6, 2, 1, 1, 1, 2, 3] [6, 4, 4, 3, 3, 4, 7, 3, 6, 5, 7, 5, 7, 7, 3, 6, 5, 2, 3, 8, 1, 5, 2, 5, 4, 5, 5, 6, 5, 5, 3, 5, 4, 5, 5, 3, 5, 6, 3, 7, 4, 2, 3, 3, 5, 7, 6, 4, 3, 8, 7, 5, 4, 2, 7, 2, 6, 5, 6, 0, 4, 4, 7, 5, 6, 4, 3, 3, 2, 4, 2, 4, 3, 7, 4, 3, 2, 2, 4, 4]
B_29 53 B 60 [3, 1, 4, 3, 6, 1, 4, 5, 3, 3, 2, 1, 4, 5, 3, 3, 2, 1, 5, 4, 4, 3, 1, 1, 2, 2, 3, 1, 4, 3, 5, 6, 5, 3, 3, 4, 6, 4, 6, 3, 1, 5, 2, 5, 3, 5, 1, 6, 1, 5, 5, 2, 5, 5, 4, 2, 1, 5, 1, 2, 0, 5, 6, 2, 5, 1, 2, 5, 5, 2, 1, 5, 3, 5, 3, 1, 6, 6, 6, 6] [3, 1, 5, 4, 8, 1, 5, 7, 5, 4, 4, 2, 6, 7, 3, 5, 2, 3, 7, 6, 6, 3, 1, 3, 4, 3, 3, 1, 4, 5, 7, 7, 5, 3, 5, 4, 8, 5, 6, 5, 3, 5, 4, 5, 3, 6, 1, 7, 3, 6, 5, 2, 5, 6, 4, 3, 3, 7, 3, 4, 0, 6, 8, 4, 5, 2, 2, 7, 6, 3, 3, 7, 5, 6, 4, 1, 6, 8, 7, 6]
A_31 54 A 61 [1, 1, 6, 5, 6, 1, 2, 5, 5, 5, 1, 2, 5, 4, 1, 4, 3, 1, 6, 5, 1, 5, 2, 2, 5, 2, 3, 6, 3, 6, 2, 5, 3, 5, 4, 2, 6, 3, 1, 2, 1, 2, 4, 5, 1, 3, 2, 5, 6, 4, 2, 1, 2, 4, 4, 4, 5, 6, 6, 2, 5, 0, 2, 6, 3, 3, 4, 6, 1, 5, 1, 3, 4, 2, 4, 5, 6, 2, 6, 2] [1, 1, 7, 7, 6, 1, 4, 5, 7, 5, 2, 2, 7, 6, 3, 6, 3, 2, 6, 5, 3, 5, 4, 2, 6, 2, 5, 6, 5, 7, 2, 7, 5, 7, 5, 2, 8, 4, 3, 4, 1, 2, 5, 6, 3, 5, 3, 6, 8, 4, 4, 1, 2, 4, 4, 5, 5, 6, 6, 4, 6, 0, 4, 6, 5, 4, 4, 7, 2, 5, 2, 5, 4, 3, 5, 5, 6, 2, 6, 3]
B_30 54 B 62 [2, 3, 3, 5, 6, 1, 6, 4, 5, 1, 3, 5, 3, 3, 4, 1, 3, 2, 3, 5, 2, 4, 1, 2, 5, 6, 3, 5, 1, 4, 5, 4, 2, 3, 5, 4, 1, 2, 5, 2, 2, 6, 2, 1, 6, 4, 6, 3, 3, 1, 3, 3, 2, 3, 3, 4, 4, 4, 1, 6, 6, 2, 0, 2, 4, 5, 3, 5, 2, 2, 3, 3, 1, 4, 4, 4, 4, 1, 1, 3] [2, 3, 5, 6, 7, 1, 7, 5, 7, 2, 3, 7, 4, 3, 4, 1, 3, 2, 4, 7, 4, 5, 2, 4, 7, 6, 4, 5, 2, 4, 6, 4, 2, 5, 6, 4, 1, 3, 7, 4, 2, 8, 4, 2, 7, 6, 7, 5, 5, 1, 5, 4, 2, 5, 5, 6, 6, 4, 3, 7, 8, 4, 0, 3, 4, 5, 4, 5, 3, 4, 3, 4, 2, 5, 4, 6, 6, 2, 2, 3]
B_31 55 B 63 [5, 1, 2, 3, 3, 4, 2, 1, 3, 2, 2, 6, 3, 5, 5, 2, 3, 5, 6, 2, 4, 2, 6, 6, 1, 1, 6, 1, 4, 5, 4, 3, 4, 2, 2, 6, 5, 1, 2, 6, 6, 1, 2, 6, 5, 1, 1, 5, 1, 5, 3, 3, 3, 6, 2, 2, 4, 5, 2, 4, 2, 6, 2, 0, 4, 4, 1, 5, 6, 2, 1, 6, 6, 3, 2, 5, 2, 2, 3, 1] [5, 2, 3, 3, 5, 6, 4, 3, 5, 4, 2, 8, 3, 7, 7, 3, 5, 5, 8, 3, 4, 2, 7, 6, 3, 3, 7, 3, 5, 7, 6, 4, 6, 4, 2, 8, 7, 1, 2, 8, 8, 1, 3, 8, 5, 3, 1, 5, 3, 5, 5, 4, 5, 8, 4, 2, 4, 6, 3, 5, 4, 6, 3, 0, 6, 6, 1, 7, 7, 3, 3, 6, 7, 3, 2, 5, 4, 4, 4, 3]
A_32 56 A 64 [3, 3, 2, 6, 2, 3, 1, 6, 5, 5, 6, 1, 5, 1, 1, 4, 6, 6, 2, 4, 4, 2, 4, 4, 5, 2, 4, 1, 4, 2, 2, 5, 2, 6, 4, 2, 5, 2, 6, 4, 4, 6, 2, 1, 2, 6, 6, 4, 2, 3, 2, 6, 2, 6, 6, 1, 1, 1, 5, 4, 5, 3, 4, 4, 0, 3, 1, 2, 6, 2, 1, 6, 4, 3, 4, 4, 5, 1, 5, 3] [4, 4, 4, 7, 4, 4, 2, 7, 6, 6, 8, 1, 7, 3, 3, 6, 6, 8, 3, 6, 4, 3, 6, 5, 7, 3, 4, 2, 5, 2, 2, 6, 3, 6, 4, 2, 5, 4, 8, 4, 5, 6, 2, 1, 2, 8, 8, 4, 2, 4, 4, 8, 2, 8, 8, 2, 1, 2, 7, 6, 5, 5, 4, 6, 0, 5, 1, 2, 8, 4, 3, 7, 6, 4, 5, 5, 6, 1, 5, 3]
A_33 57 A 65 [5, 5, 1, 3, 1, 1, 2, 4, 1, 3, 3, 3, 6, 2, 2, 5, 6, 3, 2, 3, 4, 2, 1, 2, 6, 3, 6, 1, 4, 1, 5, 6, 2, 4, 4, 1, 3, 2, 3, 5, 3, 2, 3, 6, 1, 4, 6, 6, 2, 5, 4, 5, 6, 2, 3, 2, 2, 3, 4, 4, 1, 3, 5, 4, 3, 0, 5, 2, 2, 5, 4, 5, 4, 4, 6, 4, 4, 4, 4, 4] [5, 6, 3, 4, 3, 1, 3, 5, 3, 4, 5, 3, 7, 2, 2, 5, 8, 5, 2, 3, 4, 4, 3, 4, 6, 4, 6, 1, 4, 1, 6, 8, 2, 4, 4, 3, 5, 4, 4, 7, 5, 4, 4, 6, 1, 5, 6, 8, 3, 5, 4, 6, 8, 3, 5, 2, 4, 3, 5, 4, 2, 4, 5, 6, 5, 0, 6, 3, 2, 7, 5, 7, 5, 5, 6, 6, 6, 4, 4, 4]
B_32 57 B 66 [6, 2, 4, 6, 6, 6, 5, 6, 5, 2, 1, 4, 3, 4, 4, 6, 3, 1, 1, 4, 3, 3, 5, 6, 5, 1, 4, 6, 5, 5, 6, 4, 1, 5, 2, 6, 6, 4, 4, 3, 3, 5, 3, 3, 4, 4, 3, 4, 3, 2, 6, 6, 2, 5, 1, 4, 1, 5, 1, 3, 2, 4, 3, 1, 1, 5, 0, 1, 3, 5, 4, 6, 3, 5, 4, 5, 3, 3, 3, 6] [7, 4, 6, 6, 8, 8, 5, 6, 5, 4, 2, 6, 5, 6, 4, 7, 3, 2, 3, 5, 5, 5, 6, 8, 5, 3, 6, 8, 6, 7, 7, 6, 2, 6, 3, 7, 8, 5, 4, 4, 5, 5, 5, 3, 6, 4, 4, 5, 5, 3, 7, 6, 3, 5, 1, 4, 3, 7, 3, 3, 2, 4, 4, 1, 1, 6, 0, 2, 5, 5, 4, 7, 5, 5, 5, 7, 3, 5, 4, 6]
A_34 58 A 67 [2, 6, 3, 1, 4, 1, 6, 6, 6, 1, 3, 6, 5, 1, 4, 3, 3, 6, 4, 4, 5, 6, 5, 6, 1, 4, 4, 5, 4, 4, 4, 2, 1, 3, 4, 5, 3, 5, 5, 6, 3, 1, 6, 2, 3, 6, 2, 1, 4, 3, 1, 4, 4, 4, 5, 5, 6, 4, 4, 2, 5, 6, 5, 5, 2, 2, 1, 0, 5, 3, 5, 6, 1, 1, 2, 5, 4, 1, 1, 6] [3, 7, 3, 1, 4, 1, 7, 6, 7, 1, 4, 6, 5, 2, 5, 3, 5, 6, 5, 6, 5, 7, 7, 8, 1, 6, 5, 5, 6, 5, 5, 3, 3, 4, 6, 5, 5, 6, 5, 8, 5, 3, 8, 2, 5, 7, 3, 3, 5, 5, 2, 5, 6, 5, 5, 6, 6, 5, 6, 3, 7, 7, 5, 7, 2, 3, 2, 0, 5, 3, 5, 6, 2, 3, 4, 5, 6, 1, 1, 6]
B_33 59 B 68 [1, 5, 6, 6, 6, 5, 1, 4, 5, 3, 3, 3, 3, 1, 2, 2, 4, 5, 5, 6, 2, 6, 1, 3, 6, 2, 6, 1, 6, 2, 3, 2, 3, 6, 3, 5, 1, 3, 3, 6, 1, 3, 2, 6, 5, 5, 2, 5, 6, 6, 5, 6, 6, 5, 4, 3, 3, 2, 6, 1, 5, 1, 2, 6, 6, 2, 3, 5, 0, 2, 6, 4, 2, 5, 3, 6, 5, 5, 1, 1] [3, 7, 7, 8, 8, 5, 1, 4, 6, 5, 3, 4, 4, 3, 4, 4, 5, 6, 5, 7, 4, 6, 1, 3, 7, 4, 8, 1, 7, 4, 4, 4, 3, 6, 4, 5, 2, 5, 5, 8, 3, 3, 3, 7, 6, 7, 4, 6, 7, 8, 6, 6, 8, 7, 4, 5, 4, 2, 6, 2, 6, 2, 3, 7, 8, 2, 5, 5, 0, 3, 6, 5, 4, 5, 5, 6, 7, 5, 1, 1]
A_35 60 A 69 [1, 5, 6, 2, 2, 2, 6, 6, 6, 5, 6, 3, 6, 3, 1, 4, 4, 5, 3, 6, 5, 4, 1, 4, 1, 2, 5, 3, 1, 1, 2, 3, 4, 3, 4, 3, 5, 6, 2, 3, 1, 3, 2, 5, 3, 3, 4, 2, 3, 3, 1, 4, 4, 3, 6, 1, 4, 1, 4, 3, 2, 5, 2, 2, 2, 5, 5, 3, 2, 0, 4, 2, 5, 2, 3, 6, 2, 3, 5, 5] [1, 7, 7, 4, 2, 2, 7, 6, 8, 6, 7, 5, 8, 4, 2, 4, 5, 7, 5, 7, 7, 5, 3, 4, 1, 4, 6, 5, 3, 2, 3, 3, 5, 5, 5, 4, 5, 8, 4, 4, 3, 5, 3, 7, 3, 3, 6, 2, 3, 4, 2, 5, 4, 5, 6, 2, 6, 3, 5, 4, 3, 5, 4, 3, 4, 7, 5, 3, 3, 0, 5, 2, 6, 3, 3, 8, 3, 3, 6, 6]
B_34 60 B 70 [3, 6, 4, 3, 3, 2, 4, 1, 3, 3, 4, 3, 5, 3, 4, 6, 4, 4, 3, 2, 2, 5, 5, 5, 2, 1, 3, 3, 5, 1, 3, 3, 6, 5, 1, 6, 1, 1, 4, 3, 2, 4, 6, 2, 4, 5, 4, 2, 2, 3, 2, 3, 5, 2, 2, 6, 3, 3, 3, 2, 1, 1, 3, 1, 1, 4, 4, 5, 6, 4, 0, 4, 4, 3, 4, 2, 3, 2, 4, 1] [3, 6, 5, 5, 4, 2, 5, 2, 3, 5, 5, 5, 7, 3, 6, 7, 4, 5, 5, 3, 2, 6, 5, 5, 2, 3, 4, 3, 7, 3, 4, 4, 6, 5, 2, 6, 2, 3, 5, 4, 3, 6, 8, 3, 6, 7, 6, 2, 2, 3, 3, 5, 5, 2, 2, 8, 4, 5, 4, 2, 3, 2, 3, 3, 3, 5, 4, 5, 6, 5, 0, 6, 6, 5, 6, 3, 3, 3, 6, 2]
A_36 61 A 71 [5, 3, 2, 2, 3, 1, 3, 2, 4, 1, 3, 5, 5, 3, 1, 6, 3, 5, 5, 2, 2, 2, 2, 6, 6, 5, 1, 1, 1, 1, 5, 5, 3, 4, 1, 6, 1, 6, 2, 2, 4, 6, 3, 6, 4, 1, 1, 2, 5, 5, 3, 3, 6, 6, 1, 1, 4, 6, 5, 3, 5, 3, 3, 6, 6, 5, 6, 6, 4, 2, 4, 0, 4, 3, 5, 1, 3, 6, 2, 2] [6, 4, 3, 2, 5, 3, 4, 3, 6, 2, 5, 5, 6, 5, 1, 7, 5, 5, 5, 4, 3, 3, 2, 6, 7, 6, 2, 3, 2, 1, 5, 5, 4, 5, 1, 6, 3, 6, 3, 4, 4, 8, 3, 7, 4, 2, 2, 3, 7, 5, 3, 5, 8, 7, 2, 3, 4, 8, 5, 4, 7, 5, 4, 6, 7, 7, 7, 6, 5, 2, 6, 0, 4, 5, 6, 2, 4, 8, 3, 4]
B_35 61 B 72 [2, 2, 2, 5, 2, 4, 1, 1, 6, 1, 1, 6, 4, 1, 6, 2, 6, 4, 1, 1, 1, 3, 5, 2, 5, 2, 4, 4, 3, 3, 6, 4, 3, 6, 5, 2, 3, 5, 2, 4, 1, 2, 1, 5, 6, 2, 6, 6, 1, 4, 3, 5, 2, 1, 1, 2, 4, 5, 5, 1, 3, 4, 1, 6, 4, 4, 3, 1, 2, 5, 4, 4, 0, 4, 5, 1, 1, 4, 5, 4] [2, 2, 4, 5, 3, 5, 1, 2, 8, 2, 1, 6, 6, 2, 6, 2, 8, 6, 2, 1, 3, 5, 6, 3, 6, 4, 5, 5, 5, 5, 7, 6, 5, 6, 7, 4, 5, 5, 3, 5, 1, 2, 2, 7, 8, 4, 7, 6, 2, 6, 5, 6, 3, 3, 1, 4, 6, 5, 5, 3, 5, 4, 2, 7, 6, 5, 5, 2, 4, 6, 6, 4, 0, 4, 7, 3, 2, 5, 5, 6]
A_37 62 A 73 [1, 1, 3, 2, 4, 2, 3, 3, 4, 3, 6, 1, 6, 6, 3, 2, 6, 4, 6, 2, 4, 3, 3, 3, 2, 4, 4, 6, 1, 3, 5, 3, 5, 6, 1, 1, 4, 1, 4, 5, 1, 3, 5, 3, 3, 5, 5, 4, 3, 3, 4, 6, 5, 3, 1, 3, 6, 3, 2, 6, 5, 2, 4, 3, 3, 4, 5, 1, 5, 2, 3, 3, 4, 0, 1, 3, 4, 6, 4, 2] [3, 3, 3, 2, 6, 2, 3, 5, 5, 5, 7, 3, 6, 6, 5, 4, 8, 4, 6, 4, 4, 3, 3, 5, 4, 6, 5, 8, 1, 4, 5, 4, 5, 6, 3, 3, 5, 3, 6, 7, 3, 5, 7, 4, 5, 6, 5, 5, 5, 5, 4, 8, 6, 3, 1, 5, 7, 5, 2, 7, 6, 3, 5, 3, 4, 5, 5, 3, 5, 3, 5, 5, 4, 0, 1, 5, 4, 7, 6, 2]
B_36 62 B 74 [5, 4, 1, 4, 6, 5, 2, 1, 5, 2, 2, 6, 6, 2, 3, 4, 4, 1, 6, 1, 5, 3, 3, 1, 4, 6, 5, 5, 2, 6, 3, 2, 5, 5, 6, 6, 6, 4, 4, 4, 5, 4, 3, 1, 2, 6, 5, 1, 5, 1, 4, 5, 5, 1, 1, 1, 6, 6, 6, 2, 3, 4, 4, 2, 4, 6, 4, 2, 3, 3, 4, 5, 5, 1, 0, 3, 6, 3, 2, 5] [5, 5, 1, 4, 7, 5, 4, 3, 7, 2, 4, 7, 8, 4, 5, 6, 6, 1, 6, 2, 5, 4, 3, 1, 5, 8, 6, 7, 3, 8, 3, 2, 5, 5, 7, 8, 7, 4, 4, 4, 6, 5, 3, 3, 4, 8, 6, 3, 5, 2, 6, 6, 5, 3, 3, 1, 7, 6, 6, 4, 4, 5, 4, 2, 5, 6, 5, 4, 5, 3, 6, 6, 7, 1, 0, 5, 6, 5, 2, 7]
A_38 65 A 75 [2, 5, 5, 5, 4, 2, 5, 3, 2, 1, 4, 5, 6, 5, 5, 4, 1, 4, 4, 3, 6, 3, 4, 1, 1, 1, 4, 3, 2, 2, 3, 4, 6, 2, 1, 3, 5, 1, 1, 3, 6, 5, 2, 5, 4, 6, 4, 4, 3, 5, 1, 5, 2, 5, 3, 3, 6, 2, 4, 1, 1, 5, 4, 5, 4, 4, 5, 5, 6, 6, 2, 1, 1, 3, 3, 0, 2, 3, 2, 4] [4, 7, 6, 7, 4, 4, 5, 4, 2, 2, 4, 6, 7, 5, 7, 5, 2, 6, 5, 4, 6, 4, 6, 1, 2, 3, 6, 5, 3, 3, 4, 4, 8, 4, 2, 4, 7, 2, 2, 4, 8, 6, 2, 7, 5, 8, 4, 6, 3, 6, 2, 5, 2, 7, 4, 5, 6, 2, 4, 3, 1, 5, 6, 5, 5, 6, 7, 5, 6, 8, 3, 2, 3, 5, 5, 0, 4, 5, 4, 6]
B_37 65 B 76 [2, 4, 4, 4, 1, 2, 3, 6, 3, 6, 2, 2, 1, 5, 4, 2, 4, 3, 3, 3, 5, 4, 1, 5, 3, 5, 6, 5, 3, 6, 3, 6, 2, 5, 3, 4, 6, 2, 5, 5, 1, 1, 4, 5, 2, 3, 6, 1, 3, 4, 4, 5, 1, 1, 5, 5, 5, 4, 3, 1, 6, 6, 4, 2, 5, 4, 3, 4, 5, 2, 3, 3, 1, 4, 6, 2, 0, 3, 2, 6] [3, 6, 4, 5, 1, 3, 3, 7, 4, 7, 3, 2, 3, 7, 6, 2, 4, 5, 3, 4, 5, 4, 1, 5, 4, 5, 6, 6, 3, 8, 3, 6, 2, 5, 3, 6, 7, 3, 6, 5, 2, 1, 6, 5, 2, 3, 7, 2, 5, 4, 4, 6, 1, 3, 5, 5, 5, 5, 4, 2, 6, 6, 6, 4, 6, 6, 3, 6, 7, 3, 3, 4, 2, 4, 6, 4, 0, 3, 4, 8]
B_38 67 B 77 [5, 2, 1, 4, 5, 3, 5, 4, 6, 1, 6, 4, 5, 5, 5, 3, 2, 4, 2, 2, 5, 4, 3, 2, 2, 1, 2, 3, 3, 4, 5, 4, 3, 2, 1, 3, 5, 5, 3, 6, 4, 3, 3, 2, 5, 4, 4, 6, 5, 4, 4, 5, 2, 1, 4, 5, 4, 6, 1, 1, 6, 2, 1, 2, 1, 4, 3, 1, 5, 3, 2, 6, 4, 6, 3, 3, 3, 0, 6, 5] [7, 3, 2, 6, 6, 5, 7, 5, 8, 3, 6, 4, 7, 6, 7, 4, 2, 6, 3, 3, 5, 5, 5, 3, 4, 2, 3, 4, 3, 4, 5, 4, 3, 2, 2, 3, 5, 6, 4, 6, 4, 4, 3, 3, 6, 4, 6, 7, 7, 6, 4, 6, 3, 1, 6, 5, 6, 7, 1, 2, 8, 2, 2, 4, 1, 4, 5, 1, 5, 3, 3, 8, 5, 7, 5, 5, 3, 0, 8, 5]
A_39 68 A 78 [2, 2, 3, 6, 1, 5, 1, 4, 6, 2, 4, 2, 5, 2, 5, 2, 2, 6, 1, 4, 5, 6, 4, 1, 2, 1, 5, 5, 4, 1, 5, 1, 5, 1, 1, 4, 2, 4, 1, 1, 1, 5, 3, 4, 4, 2, 4, 6, 6, 6, 2, 2, 2, 3, 1, 6, 1, 1, 3, 2, 6, 6, 1, 3, 5, 4, 3, 1, 1, 5, 4, 2, 5, 4, 2, 2, 2, 6, 0, 3] [2, 2, 4, 6, 1, 7, 3, 6, 8, 2, 5, 2, 5, 4, 5, 2, 4, 6, 2, 6, 7, 6, 5, 3, 3, 2, 5, 5, 4, 1, 6, 1, 6, 2, 1, 4, 4, 5, 1, 2, 2, 7, 3, 4, 5, 3, 5, 7, 8, 7, 4, 3, 4, 3, 3, 6, 3, 3, 3, 4, 7, 6, 2, 4, 5, 4, 4, 1, 1, 6, 6, 3, 5, 6, 2, 4, 4, 8, 0, 4]
B_39 68 B 79 [6, 3, 6, 1, 6, 6, 5, 1, 3, 5, 5, 3, 2, 6, 5, 1, 2, 6, 6, 1, 2, 5, 4, 1, 1, 6, 6, 6, 3, 4, 1, 5, 2, 6, 2, 5, 3, 4, 1, 4, 6, 4, 3, 1, 3, 6, 6, 4, 4, 4, 2, 2, 2, 6, 4, 3, 4, 4, 1, 3, 6, 2, 3, 1, 3, 4, 6, 6, 1, 5, 1, 2, 4, 2, 5, 4, 6, 5, 3, 0] [6, 3, 6, 2, 8, 7, 5, 1, 3, 7, 7, 4, 2, 8, 7, 1, 2, 8, 7, 1, 3, 6, 5, 3, 3, 6, 7, 8, 3, 4, 2, 5, 4, 6, 4, 6, 3, 5, 1, 5, 6, 6, 4, 2, 3, 6, 6, 4, 5, 6, 2, 2, 4, 7, 6, 4, 6, 6, 1, 4, 6, 3, 3, 3, 3, 4, 6, 6, 1, 6, 2, 4, 6, 2, 7, 6, 8, 5, 4, 0]
