A_0 2.64 A 0 [1, 2, 1, 3, 2, 3, 1, 2, 3, 3, 4, 1, 1, 3, 3, 3, 1, 1, 1, 3, 2, 1, 4, 2, 4, 2, 3, 4, 2, 1, 4, 2, 3, 2, 3, 3, 2, 2, 4, 4, 3, 3, 4, 3, 4, 1, 2, 4, 1, 3, 2, 2, 3, 3, 4, 1, 4, 3, 2, 2, 2, 4, 4, 4, 4, 4, 2, 3, 3, 4, 4, 4, 3, 4, 1, 3, 4, 2, 4, 1] [4, 6, 4, 6, 5, 7, 4, 5, 7, 6, 6, 5, 3, 6, 6, 6, 3, 4, 3, 6, 4, 3, 6, 5, 7, 4, 6, 8, 5, 3, 7, 4, 7, 6, 6, 5, 5, 6, 7, 7, 7, 6, 6, 7, 7, 5, 4, 6, 4, 6, 4, 6, 5, 6, 6, 5, 6, 5, 6, 4, 4, 8, 8, 6, 8, 6, 4, 6, 6, 7, 6, 7, 6, 7, 5, 5, 8, 6, 8, 4]
A_1 4.2 A 1 [2, 3, 4, 2, 3, 2, 3, 1, 2, 1, 3, 3, 1, 1, 3, 2, 1, 2, 3, 4, 3, 1, 1, 2, 3, 3, 4, 2, 3, 4, 1, 4, 1, 2, 3, 1, 3, 4, 3, 1, 2, 1, 4, 4, 1, 3, 2, 1, 4, 2, 2, 1, 2, 3, 2, 1, 3, 1, 4, 2, 1, 2, 1, 1, 1, 2, 2, 1, 2, 1, 2, 1, 1, 2, 3, 3, 3, 4, 2, 4] [6, 7, 6, 5, 7, 4, 5, 3, 4, 5, 6, 6, 5, 3, 6, 4, 4, 4, 7, 6, 6, 4, 4, 6, 5, 7, 7, 4, 6, 7, 3, 8, 4, 4, 5, 4, 7, 8, 6, 4, 4, 3, 7, 6, 4, 5, 6, 4, 6, 6, 6, 3, 6, 7, 6, 5, 5, 5, 7, 5, 4, 6, 3, 4, 4, 4, 6, 4, 5, 4, 4, 4, 4, 6, 7, 6, 5, 6, 6, 8]
A_2 6.34 A 2 [1, 4, 3, 4, 1, 4, 3, 4, 2, 1, 3, 4, 3, 1, 4, 1, 4, 3, 3, 1, 3, 4, 3, 1, 2, 1, 2, 4, 4, 3, 2, 2, 3, 3, 1, 1, 4, 2, 2, 3, 1, 3, 1, 4, 3, 1, 4, 2, 2, 1, 2, 4, 2, 2, 1, 2, 4, 4, 4, 1, 1, 4, 4, 1, 4, 4, 3, 1, 1, 2, 3, 4, 4, 1, 2, 4, 3, 4, 4, 2] [4, 6, 7, 7, 4, 7, 5, 8, 5, 4, 6, 8, 6, 3, 7, 4, 6, 5, 7, 4, 6, 8, 5, 4, 6, 4, 4, 8, 7, 5, 4, 6, 7, 7, 4, 4, 7, 4, 4, 5, 3, 7, 4, 8, 6, 3, 7, 4, 6, 4, 5, 7, 4, 4, 5, 4, 7, 7, 6, 4, 5, 6, 6, 3, 6, 8, 6, 4, 4, 6, 5, 6, 6, 3, 5, 6, 5, 7, 7, 4]
A_3 7.4399999999999995 A 3 [3, 2, 4, 3, 2, 4, 2, 4, 3, 1, 3, 4, 4, 1, 2, 1, 1, 2, 1, 1, 1, 1, 1, 4, 2, 4, 1, 4, 3, 1, 4, 1, 1, 4, 4, 1, 1, 3, 2, 1, 4, 4, 2, 4, 3, 2, 2, 2, 3, 3, 3, 2, 4, 2, 3, 2, 3, 1, 1, 1, 1, 1, 3, 4, 2, 1, 2, 2, 4, 1, 3, 4, 4, 3, 2, 3, 1, 2, 3, 2] [6, 5, 7, 7, 6, 8, 5, 6, 6, 3, 5, 7, 8, 3, 4, 4, 3, 5, 5, 3, 4, 3, 4, 8, 4, 6, 4, 6, 6, 4, 8, 5, 5, 8, 8, 3, 4, 7, 5, 3, 7, 7, 4, 8, 7, 4, 5, 4, 6, 6, 5, 6, 6, 6, 5, 6, 6, 3, 5, 5, 4, 3, 5, 6, 6, 5, 5, 4, 8, 3, 5, 8, 8, 7, 5, 5, 5, 6, 7, 6]
A_4 8.44 A 4 [2, 3, 1, 2, 4, 3, 4, 1, 3, 2, 4, 3, 3, 2, 3, 1, 1, 3, 3, 1, 3, 1, 3, 1, 1, 4, 1, 4, 2, 1, 3, 1, 4, 1, 1, 1, 1, 1, 3, 3, 2, 3, 2, 1, 3, 3, 1, 4, 1, 1, 3, 2, 1, 1, 4, 4, 4, 1, 1, 1, 3, 2, 4, 3, 4, 4, 4, 1, 4, 1, 4, 4, 3, 2, 4, 2, 3, 4, 1, 4] [5, 7, 4, 6, 6, 6, 8, 5, 7, 6, 7, 6, 7, 4, 5, 5, 3, 7, 5, 5, 5, 4, 6, 4, 5, 7, 3, 6, 6, 3, 7, 3, 7, 4, 3, 5, 4, 5, 5, 6, 4, 7, 6, 5, 5, 5, 3, 7, 4, 5, 7, 5, 5, 4, 7, 8, 6, 4, 5, 3, 6, 6, 7, 7, 7, 8, 7, 3, 6, 5, 7, 7, 7, 4, 6, 5, 7, 8, 5, 8]
A_5 9.44 A 5 [3, 2, 4, 4, 3, 2, 4, 4, 1, 3, 3, 1, 3, 2, 1, 4, 1, 1, 2, 1, 4, 3, 4, 3, 2, 3, 2, 2, 3, 1, 4, 1, 1, 4, 2, 2, 3, 3, 4, 4, 3, 2, 1, 2, 3, 2, 1, 2, 4, 3, 1, 1, 2, 2, 4, 2, 3, 1, 1, 3, 2, 4, 3, 2, 3, 1, 2, 3, 2, 4, 1, 2, 1, 1, 4, 4, 2, 2, 4, 2] [7, 4, 7, 8, 6, 6, 6, 6, 3, 5, 6, 3, 6, 6, 4, 8, 5, 4, 6, 3, 6, 7, 7, 6, 5, 7, 5, 6, 6, 3, 6, 5, 4, 7, 5, 6, 7, 6, 6, 7, 7, 4, 5, 6, 5, 5, 4, 5, 7, 7, 3, 4, 5, 4, 7, 5, 5, 4, 4, 7, 5, 7, 7, 6, 7, 4, 4, 6, 5, 6, 4, 6, 3, 5, 7, 6, 5, 6, 6, 6]
A_6 10.44 A 6 [1, 3, 3, 2, 4, 4, 4, 3, 1, 4, 1, 3, 4, 4, 1, 2, 4, 1, 3, 3, 4, 1, 4, 1, 2, 2, 4, 3, 2, 3, 1, 4, 2, 1, 3, 1, 1, 4, 2, 4, 4, 4, 4, 4, 4, 2, 4, 2, 4, 3, 1, 4, 1, 4, 3, 4, 2, 3, 3, 4, 4, 2, 4, 4, 1, 1, 1, 2, 4, 4, 2, 4, 1, 1, 1, 2, 2, 3, 3, 2] [4, 5, 5, 5, 8, 6, 7, 5, 3, 7, 5, 7, 6, 7, 5, 6, 6, 4, 5, 6, 7, 3, 8, 5, 4, 5, 8, 7, 4, 6, 4, 6, 5, 5, 7, 5, 4, 8, 5, 6, 6, 8, 7, 8, 7, 6, 8, 4, 7, 7, 4, 6, 3, 7, 7, 8, 5, 7, 7, 7, 6, 6, 7, 7, 4, 5, 4, 5, 6, 6, 6, 7, 3, 3, 3, 5, 6, 7, 7, 5]
A_7 11.44 A 7 [2, 1, 4, 4, 1, 4, 3, 4, 4, 1, 3, 4, 3, 4, 2, 1, 2, 4, 1, 2, 1, 2, 1, 4, 2, 1, 2, 4, 3, 2, 2, 2, 4, 1, 1, 3, 2, 1, 1, 2, 2, 4, 2, 4, 4, 1, 1, 1, 1, 2, 3, 4, 1, 4, 4, 1, 3, 3, 1, 4, 3, 4, 1, 2, 1, 2, 4, 3, 2, 3, 3, 1, 2, 4, 4, 4, 2, 4, 2, 3] [5, 3, 8, 6, 5, 6, 5, 8, 8, 5, 5, 7, 6, 8, 4, 5, 6, 8, 3, 4, 3, 4, 4, 6, 5, 4, 5, 7, 6, 4, 5, 6, 6, 4, 3, 6, 5, 5, 3, 5, 6, 6, 6, 7, 6, 5, 3, 3, 4, 6, 5, 6, 4, 8, 7, 3, 6, 5, 4, 6, 6, 6, 4, 5, 4, 5, 6, 6, 4, 5, 7, 3, 4, 7, 8, 8, 4, 6, 5, 6]
A_8 12.44 A 8 [3, 2, 2, 3, 3, 1, 1, 4, 3, 1, 4, 3, 4, 2, 2, 1, 1, 4, 4, 4, 3, 3, 2, 1, 1, 4, 1, 1, 3, 3, 4, 3, 3, 4, 4, 4, 3, 1, 4, 1, 4, 3, 4, 4, 4, 3, 1, 2, 2, 4, 3, 1, 4, 4, 3, 4, 1, 1, 4, 3, 3, 1, 3, 2, 4, 3, 4, 3, 4, 4, 2, 3, 1, 4, 4, 3, 3, 1, 2, 3] [7, 4, 5, 6, 7, 3, 3, 8, 5, 3, 7, 5, 6, 6, 6, 3, 5, 6, 7, 6, 7, 7, 5, 5, 3, 8, 5, 3, 5, 7, 7, 6, 6, 8, 7, 6, 5, 3, 8, 5, 7, 7, 8, 6, 8, 5, 5, 4, 6, 8, 5, 5, 7, 8, 7, 7, 4, 3, 6, 7, 5, 5, 7, 6, 7, 7, 8, 5, 7, 8, 5, 7, 3, 7, 7, 5, 6, 3, 4, 6]
A_9 15.29 A 9 [3, 1, 1, 1, 2, 3, 4, 1, 1, 2, 3, 3, 4, 1, 4, 1, 2, 4, 2, 2, 4, 2, 2, 2, 2, 4, 4, 4, 3, 2, 1, 1, 1, 3, 1, 2, 1, 3, 1, 2, 4, 1, 1, 4, 3, 4, 4, 3, 2, 1, 4, 4, 4, 3, 4, 2, 4, 4, 4, 1, 3, 4, 3, 4, 1, 3, 1, 3, 3, 2, 2, 3, 3, 2, 2, 3, 3, 1, 2, 2] [6, 5, 4, 3, 6, 5, 7, 5, 3, 6, 5, 7, 6, 5, 8, 4, 6, 8, 5, 5, 7, 5, 5, 6, 6, 6, 6, 7, 6, 5, 5, 3, 4, 7, 3, 6, 5, 5, 5, 6, 6, 3, 3, 7, 5, 8, 8, 6, 6, 5, 6, 8, 6, 6, 7, 5, 8, 7, 6, 4, 7, 8, 6, 8, 5, 5, 5, 7, 7, 4, 5, 5, 7, 4, 4, 7, 6, 3, 4, 4]
A_10 16.46 A 10 [4, 3, 3, 3, 4, 3, 1, 3, 4, 3, 2, 1, 3, 1, 3, 4, 2, 1, 3, 4, 3, 4, 2, 3, 2, 2, 1, 4, 2, 1, 1, 1, 3, 2, 3, 4, 3, 1, 1, 3, 2, 2, 3, 1, 1, 4, 3, 2, 2, 3, 2, 3, 3, 4, 3, 3, 4, 2, 3, 3, 1, 2, 2, 4, 1, 1, 2, 3, 3, 1, 2, 2, 1, 1, 1, 3, 2, 3, 1, 3] [6, 6, 6, 5, 7, 6, 5, 5, 7, 5, 4, 3, 6, 3, 7, 6, 6, 3, 5, 7, 7, 8, 4, 6, 4, 6, 5, 8, 5, 4, 5, 4, 7, 6, 7, 8, 5, 4, 5, 7, 5, 4, 5, 4, 3, 6, 6, 6, 5, 7, 6, 7, 7, 6, 6, 7, 6, 5, 7, 6, 5, 6, 5, 6, 3, 4, 6, 6, 6, 5, 4, 4, 4, 4, 3, 5, 5, 6, 5, 7]
A_11 21.39 A 11 [1, 3, 4, 4, 3, 1, 3, 4, 3, 3, 1, 2, 4, 3, 2, 2, 3, 4, 3, 4, 4, 1, 4, 4, 4, 1, 3, 2, 3, 4, 4, 3, 2, 4, 1, 4, 1, 2, 3, 3, 1, 3, 4, 4, 2, 1, 2, 1, 1, 4, 3, 4, 1, 1, 2, 4, 1, 1, 2, 4, 2, 2, 3, 2, 3, 1, 1, 4, 2, 1, 2, 2, 4, 1, 3, 2, 1, 2, 1, 1] [5, 6, 8, 7, 6, 3, 7, 7, 5, 7, 3, 6, 6, 5, 5, 6, 6, 8, 6, 8, 8, 3, 7, 8, 8, 5, 7, 5, 5, 8, 6, 5, 6, 6, 4, 6, 4, 6, 7, 7, 4, 6, 6, 8, 4, 3, 4, 5, 5, 6, 5, 8, 3, 3, 4, 6, 4, 4, 6, 8, 4, 6, 7, 5, 7, 3, 4, 6, 5, 4, 4, 4, 8, 4, 7, 5, 4, 6, 4, 3]
A_12 22.39 A 12 [1, 1, 3, 4, 3, 3, 4, 3, 4, 4, 3, 4, 4, 3, 4, 2, 3, 3, 4, 2, 4, 3, 1, 3, 1, 1, 2, 1, 3, 4, 3, 4, 4, 1, 1, 1, 1, 3, 4, 3, 4, 2, 3, 2, 3, 3, 1, 2, 4, 3, 4, 3, 2, 2, 2, 3, 4, 1, 3, 1, 4, 4, 2, 3, 1, 2, 1, 4, 4, 2, 2, 4, 4, 2, 2, 3, 4, 3, 3, 2] [3, 5, 6, 8, 7, 6, 6, 6, 6, 6, 6, 6, 6, 6, 8, 6, 5, 5, 7, 6, 7, 6, 4, 6, 3, 5, 5, 3, 5, 7, 7, 7, 8, 4, 4, 5, 3, 5, 8, 5, 7, 6, 5, 5, 5, 5, 5, 4, 8, 6, 8, 7, 6, 4, 5, 6, 6, 5, 6, 4, 7, 8, 4, 6, 3, 6, 3, 8, 8, 6, 4, 8, 8, 4, 6, 7, 8, 7, 6, 5]
A_13 23.490000000000002 A 13 [3, 1, 1, 1, 2, 2, 4, 4, 2, 1, 1, 3, 3, 1, 3, 1, 1, 3, 2, 3, 3, 4, 3, 2, 2, 1, 1, 3, 1, 1, 1, 3, 1, 3, 2, 1, 1, 3, 4, 4, 2, 2, 3, 1, 3, 2, 1, 2, 4, 1, 4, 3, 2, 3, 2, 3, 4, 4, 4, 2, 3, 4, 1, 2, 1, 1, 4, 1, 4, 4, 2, 2, 2, 2, 1, 2, 1, 1, 2, 1] [6, 3, 3, 3, 4, 6, 7, 8, 6, 5, 3, 5, 6, 3, 6, 4, 4, 7, 5, 5, 5, 7, 5, 6, 6, 3, 5, 7, 5, 5, 4, 7, 3, 6, 6, 3, 4, 7, 7, 6, 4, 4, 5, 3, 7, 4, 5, 4, 8, 3, 6, 6, 6, 7, 4, 6, 8, 7, 8, 4, 7, 6, 4, 6, 5, 3, 7, 5, 7, 7, 6, 4, 6, 5, 3, 6, 4, 5, 5, 4]
A_14 24.900000000000002 A 14 [3, 3, 4, 2, 3, 1, 1, 2, 2, 4, 3, 2, 4, 3, 2, 2, 4, 4, 1, 3, 3, 4, 2, 2, 3, 3, 4, 4, 2, 4, 4, 3, 4, 1, 3, 1, 4, 4, 3, 4, 3, 1, 2, 1, 2, 4, 2, 1, 3, 2, 2, 2, 2, 1, 4, 2, 3, 1, 3, 2, 1, 3, 2, 4, 3, 3, 3, 3, 1, 1, 4, 4, 4, 3, 1, 3, 4, 2, 4, 1] [6, 6, 7, 4, 5, 4, 5, 4, 6, 8, 7, 5, 8, 6, 6, 5, 6, 7, 3, 5, 7, 7, 6, 6, 5, 6, 8, 7, 4, 6, 6, 7, 6, 4, 7, 3, 7, 6, 5, 6, 5, 5, 6, 5, 4, 7, 6, 4, 5, 5, 6, 4, 5, 4, 8, 4, 7, 3, 7, 6, 4, 7, 5, 8, 6, 5, 7, 7, 3, 3, 6, 7, 7, 5, 4, 6, 7, 5, 7, 3]
A_15 27.450000000000003 A 15 [3, 2, 1, 1, 1, 4, 2, 1, 1, 1, 4, 2, 2, 1, 2, 1, 2, 3, 3, 2, 1, 2, 1, 4, 2, 4, 2, 3, 2, 3, 4, 2, 3, 1, 3, 1, 2, 4, 1, 2, 3, 1, 4, 4, 1, 2, 1, 1, 3, 3, 2, 2, 1, 3, 4, 3, 1, 3, 1, 2, 2, 1, 2, 4, 4, 2, 3, 4, 4, 2, 1, 1, 3, 2, 1, 1, 1, 2, 3, 2] [6, 4, 4, 4, 5, 8, 6, 5, 3, 4, 6, 6, 6, 4, 5, 5, 5, 6, 5, 5, 3, 4, 5, 8, 4, 6, 4, 6, 5, 6, 8, 5, 6, 3, 7, 3, 4, 8, 3, 6, 6, 4, 6, 7, 5, 4, 5, 5, 6, 6, 6, 5, 5, 5, 6, 6, 4, 5, 3, 6, 6, 3, 4, 6, 6, 5, 7, 6, 7, 4, 4, 5, 6, 4, 4, 5, 3, 4, 6, 4]
A_16 29.650000000000002 A 16 [1, 1, 4, 1, 1, 1, 4, 2, 1, 2, 2, 3, 3, 1, 4, 2, 4, 2, 3, 1, 4, 1, 3, 3, 3, 2, 1, 1, 4, 1, 2, 2, 3, 4, 4, 1, 1, 2, 1, 2, 1, 4, 2, 4, 2, 1, 4, 1, 1, 2, 1, 2, 3, 3, 2, 1, 3, 3, 1, 2, 4, 2, 2, 1, 1, 2, 4, 2, 2, 3, 1, 3, 4, 4, 3, 4, 1, 2, 1, 3] [3, 4, 6, 3, 3, 5, 6, 6, 5, 6, 6, 6, 5, 4, 6, 5, 6, 6, 5, 5, 7, 3, 7, 5, 6, 6, 5, 5, 7, 4, 5, 6, 6, 7, 7, 4, 3, 4, 3, 4, 5, 6, 5, 7, 4, 5, 6, 5, 5, 4, 4, 6, 5, 7, 4, 5, 5, 7, 5, 5, 7, 6, 4, 4, 3, 5, 6, 6, 5, 6, 3, 6, 8, 6, 6, 6, 5, 5, 3, 7]
A_17 31.67 A 17 [1, 2, 3, 2, 3, 1, 1, 4, 4, 4, 1, 4, 3, 3, 4, 3, 2, 4, 2, 3, 4, 3, 3, 2, 1, 2, 1, 1, 1, 2, 3, 1, 1, 2, 3, 2, 4, 4, 4, 4, 2, 4, 1, 4, 4, 3, 4, 1, 1, 1, 2, 1, 2, 3, 3, 1, 4, 2, 4, 4, 3, 4, 1, 3, 2, 3, 4, 2, 2, 2, 2, 4, 2, 1, 4, 1, 1, 2, 1, 2] [4, 4, 5, 5, 7, 4, 4, 8, 6, 8, 3, 8, 5, 7, 7, 6, 6, 7, 6, 5, 6, 5, 6, 4, 3, 5, 3, 5, 5, 5, 5, 3, 5, 6, 6, 4, 7, 6, 8, 7, 5, 7, 3, 7, 6, 5, 8, 3, 5, 5, 4, 5, 5, 5, 7, 5, 8, 6, 8, 7, 7, 7, 5, 5, 5, 7, 8, 4, 6, 4, 4, 8, 6, 5, 8, 4, 3, 6, 5, 6]
A_18 32.67 A 18 [1, 3, 3, 1, 3, 2, 3, 1, 4, 2, 3, 3, 4, 2, 1, 3, 3, 2, 1, 3, 3, 2, 1, 3, 3, 4, 4, 2, 4, 4, 2, 4, 4, 2, 4, 1, 1, 1, 2, 4, 1, 3, 1, 1, 2, 3, 2, 3, 2, 1, 3, 2, 1, 1, 1, 3, 4, 4, 1, 2, 4, 4, 3, 2, 3, 3, 4, 3, 2, 3, 1, 2, 2, 2, 4, 2, 4, 3, 4, 1] [3, 7, 7, 5, 5, 6, 5, 3, 7, 5, 5, 6, 7, 5, 3, 5, 5, 6, 3, 5, 5, 4, 4, 6, 7, 8, 8, 5, 6, 6, 4, 6, 8, 4, 6, 3, 4, 4, 6, 7, 3, 6, 4, 3, 5, 5, 4, 6, 5, 3, 6, 4, 3, 5, 4, 6, 6, 6, 3, 5, 7, 8, 5, 4, 5, 6, 7, 5, 4, 7, 3, 4, 4, 6, 6, 5, 8, 6, 8, 3]
A_19 39.68 A 19 [3, 4, 1, 1, 1, 1, 3, 2, 4, 2, 4, 4, 2, 3, 3, 2, 1, 3, 3, 1, 1, 2, 4, 1, 3, 3, 1, 1, 1, 3, 3, 3, 2, 4, 3, 3, 3, 2, 1, 2, 1, 2, 2, 4, 1, 4, 2, 2, 3, 1, 1, 3, 1, 2, 2, 1, 1, 3, 2, 2, 1, 2, 2, 4, 2, 3, 3, 1, 2, 2, 1, 2, 2, 1, 2, 4, 1, 3, 1, 1] [6, 6, 4, 3, 5, 3, 6, 4, 6, 5, 7, 8, 6, 5, 5, 5, 5, 5, 5, 3, 3, 6, 8, 5, 6, 7, 3, 3, 3, 7, 5, 7, 4, 6, 5, 7, 7, 5, 5, 4, 3, 5, 4, 7, 3, 7, 5, 6, 7, 3, 5, 6, 4, 4, 4, 5, 4, 7, 5, 4, 4, 6, 5, 7, 5, 7, 5, 4, 5, 5, 5, 4, 6, 4, 4, 8, 4, 6, 5, 4]
A_20 43.87 A 20 [2, 3, 3, 1, 3, 4, 4, 1, 3, 4, 3, 4, 4, 3, 3, 1, 4, 4, 3, 1, 2, 3, 2, 4, 3, 1, 4, 4, 1, 2, 2, 2, 2, 2, 4, 4, 4, 2, 1, 2, 1, 1, 3, 4, 2, 4, 4, 3, 4, 1, 2, 2, 4, 3, 4, 2, 2, 1, 4, 3, 1, 3, 1, 4, 2, 4, 4, 1, 3, 4, 1, 2, 2, 2, 4, 4, 4, 4, 4, 3] [4, 6, 6, 4, 5, 6, 7, 3, 7, 7, 7, 8, 7, 5, 7, 3, 7, 6, 5, 3, 6, 5, 5, 6, 6, 3, 7, 6, 5, 4, 4, 6, 4, 6, 7, 8, 6, 6, 4, 6, 5, 3, 7, 8, 4, 7, 7, 7, 7, 5, 6, 4, 7, 7, 8, 6, 5, 4, 7, 6, 5, 6, 4, 7, 5, 7, 6, 4, 7, 6, 5, 4, 5, 4, 7, 6, 6, 7, 7, 7]
A_21 49.699999999999996 A 21 [1, 1, 4, 1, 1, 3, 1, 2, 3, 2, 4, 1, 3, 4, 4, 2, 1, 3, 2, 2, 3, 1, 4, 2, 2, 3, 2, 1, 3, 2, 3, 4, 4, 3, 4, 2, 1, 2, 4, 4, 2, 2, 2, 3, 4, 1, 3, 4, 4, 2, 4, 4, 1, 1, 1, 1, 2, 1, 1, 4, 3, 4, 1, 1, 4, 2, 4, 3, 1, 3, 1, 4, 4, 3, 2, 3, 3, 2, 4, 3] [3, 4, 8, 3, 4, 7, 3, 4, 7, 5, 8, 3, 6, 7, 7, 4, 3, 5, 4, 6, 5, 5, 6, 5, 6, 6, 4, 4, 6, 4, 6, 7, 7, 5, 6, 5, 4, 6, 7, 8, 5, 5, 4, 5, 8, 5, 6, 8, 6, 4, 7, 7, 4, 4, 3, 3, 4, 3, 4, 8, 7, 7, 4, 4, 7, 5, 7, 7, 3, 7, 3, 6, 6, 7, 4, 5, 5, 6, 7, 6]
A_22 50.699999999999996 A 22 [4, 1, 3, 1, 3, 4, 4, 1, 2, 2, 2, 4, 1, 3, 2, 1, 3, 3, 1, 4, 2, 4, 2, 4, 2, 1, 1, 3, 2, 3, 3, 3, 1, 2, 3, 2, 1, 1, 1, 2, 4, 3, 2, 2, 3, 4, 3, 4, 3, 3, 4, 3, 2, 1, 4, 1, 3, 2, 2, 4, 3, 3, 1, 1, 4, 3, 2, 3, 1, 1, 4, 2, 3, 2, 1, 4, 2, 2, 4, 1] [6, 4, 5, 4, 6, 7, 8, 4, 5, 5, 4, 7, 4, 5, 6, 5, 7, 6, 4, 8, 5, 6, 6, 6, 6, 4, 4, 5, 6, 7, 7, 6, 3, 6, 5, 4, 4, 3, 4, 6, 6, 7, 6, 5, 6, 6, 6, 6, 7, 6, 7, 5, 6, 4, 6, 3, 6, 6, 4, 8, 7, 7, 3, 4, 7, 7, 5, 7, 3, 5, 7, 5, 6, 5, 3, 7, 4, 5, 6, 3]
A_23 51.699999999999996 A 23 [2, 2, 1, 4, 1, 3, 1, 4, 1, 2, 3, 4, 3, 2, 2, 4, 3, 2, 3, 1, 4, 2, 4, 3, 2, 2, 2, 2, 4, 2, 3, 2, 1, 1, 1, 1, 3, 4, 2, 4, 2, 1, 2, 1, 3, 1, 2, 1, 2, 4, 3, 3, 3, 4, 2, 4, 2, 2, 4, 2, 3, 4, 2, 2, 3, 1, 1, 4, 1, 4, 3, 1, 2, 2, 4, 4, 2, 2, 3, 1] [5, 6, 4, 8, 4, 6, 5, 6, 5, 6, 6, 8, 6, 6, 6, 8, 5, 4, 6, 5, 6, 5, 6, 6, 4, 5, 6, 4, 8, 5, 5, 6, 4, 5, 5, 3, 5, 7, 5, 8, 4, 3, 4, 4, 6, 3, 6, 4, 6, 6, 6, 5, 7, 7, 6, 6, 5, 6, 8, 4, 5, 8, 6, 6, 6, 4, 5, 7, 3, 8, 7, 5, 5, 6, 7, 7, 4, 4, 7, 5]
A_24 52.879999999999995 A 24 [4, 3, 2, 2, 1, 2, 2, 2, 1, 2, 2, 4, 1, 2, 3, 2, 3, 1, 3, 3, 3, 2, 2, 2, 3, 1, 4, 2, 2, 4, 4, 4, 4, 2, 1, 2, 2, 2, 4, 1, 3, 2, 3, 1, 4, 2, 2, 4, 2, 4, 3, 4, 1, 1, 4, 1, 2, 2, 2, 2, 2, 2, 3, 1, 2, 4, 2, 2, 4, 3, 4, 1, 2, 2, 3, 4, 2, 2, 2, 2] [7, 5, 6, 4, 5, 5, 4, 5, 3, 6, 4, 8, 3, 6, 5, 4, 6, 3, 7, 6, 6, 6, 6, 4, 5, 4, 6, 6, 5, 7, 7, 8, 7, 5, 5, 4, 5, 4, 6, 5, 7, 6, 6, 5, 8, 6, 6, 7, 4, 6, 5, 8, 4, 3, 7, 3, 5, 4, 4, 6, 4, 4, 6, 3, 6, 7, 4, 5, 6, 7, 6, 4, 4, 5, 5, 6, 4, 6, 6, 4]
A_25 55.31999999999999 A 25 [2, 3, 1, 4, 4, 3, 2, 1, 4, 4, 2, 1, 1, 1, 3, 4, 2, 2, 4, 3, 1, 3, 1, 2, 1, 3, 2, 1, 3, 1, 1, 3, 1, 1, 2, 4, 1, 4, 3, 1, 2, 3, 3, 2, 3, 2, 3, 2, 1, 2, 1, 1, 2, 1, 3, 3, 1, 3, 4, 2, 3, 4, 2, 2, 1, 4, 3, 3, 3, 2, 3, 4, 3, 1, 1, 4, 3, 3, 3, 1] [4, 7, 4, 6, 7, 7, 5, 4, 8, 6, 6, 5, 5, 3, 6, 6, 6, 5, 8, 7, 3, 6, 4, 5, 4, 7, 5, 5, 5, 4, 4, 6, 5, 3, 5, 6, 4, 6, 6, 4, 6, 5, 7, 4, 5, 5, 5, 4, 5, 5, 4, 5, 5, 3, 7, 7, 3, 7, 6, 6, 7, 8, 5, 5, 4, 7, 5, 5, 6, 5, 7, 8, 6, 5, 5, 6, 7, 5, 5, 3]
A_26 56.96999999999999 A 26 [3, 4, 2, 1, 1, 2, 4, 2, 1, 4, 1, 3, 2, 1, 4, 2, 1, 1, 4, 1, 4, 2, 1, 2, 4, 2, 2, 4, 3, 2, 2, 1, 4, 1, 1, 4, 1, 3, 4, 3, 4, 1, 4, 2, 2, 2, 2, 2, 3, 2, 2, 4, 4, 1, 1, 2, 1, 4, 3, 2, 4, 4, 2, 4, 2, 3, 3, 2, 2, 4, 3, 1, 4, 2, 2, 4, 2, 2, 3, 1] [6, 7, 4, 4, 3, 5, 8, 5, 5, 6, 5, 7, 5, 5, 8, 4, 5, 3, 8, 3, 7, 4, 4, 6, 6, 5, 6, 7, 5, 5, 6, 4, 7, 3, 4, 7, 3, 5, 6, 7, 8, 5, 6, 5, 6, 4, 6, 5, 6, 4, 6, 8, 6, 3, 4, 4, 4, 8, 6, 5, 8, 7, 5, 7, 5, 6, 7, 6, 4, 6, 6, 5, 6, 4, 5, 8, 5, 6, 5, 4]
A_27 57.96999999999999 A 27 [4, 2, 4, 4, 4, 2, 3, 4, 1, 4, 4, 2, 1, 3, 4, 3, 1, 1, 2, 1, 4, 1, 3, 2, 2, 1, 4, 2, 1, 3, 4, 3, 2, 1, 3, 3, 4, 2, 2, 1, 4, 3, 2, 4, 4, 3, 2, 1, 1, 1, 4, 3, 3, 4, 3, 1, 3, 2, 4, 3, 4, 4, 1, 4, 1, 2, 3, 1, 4, 2, 3, 4, 1, 3, 1, 4, 3, 4, 4, 3] [8, 4, 8, 6, 6, 6, 7, 7, 3, 7, 8, 5, 3, 7, 7, 6, 5, 5, 5, 3, 6, 4, 5, 4, 6, 5, 7, 5, 4, 7, 7, 5, 5, 3, 7, 6, 8, 4, 4, 4, 6, 6, 4, 7, 6, 7, 5, 5, 4, 4, 8, 6, 7, 7, 6, 5, 6, 5, 6, 5, 7, 7, 3, 8, 4, 5, 6, 4, 7, 5, 6, 7, 5, 6, 4, 6, 6, 6, 7, 5]
A_28 59.68999999999999 A 28 [2, 3, 4, 3, 2, 3, 2, 3, 3, 3, 2, 3, 3, 1, 2, 2, 4, 1, 4, 1, 1, 3, 2, 4, 2, 3, 3, 1, 3, 4, 1, 2, 1, 2, 1, 3, 3, 4, 1, 1, 2, 3, 2, 1, 1, 3, 2, 2, 4, 2, 2, 1, 1, 2, 3, 1, 2, 3, 1, 2, 1, 2, 1, 2, 4, 4, 1, 3, 3, 2, 3, 3, 1, 3, 1, 2, 3, 1, 4, 2] [5, 6, 7, 6, 6, 6, 4, 6, 5, 6, 5, 5, 5, 5, 4, 5, 7, 5, 6, 3, 5, 6, 6, 8, 5, 5, 5, 4, 7, 7, 5, 6, 3, 6, 4, 5, 5, 8, 4, 4, 4, 7, 4, 5, 3, 7, 5, 6, 6, 5, 5, 3, 4, 6, 7, 3, 4, 5, 4, 4, 4, 6, 3, 4, 7, 7, 4, 5, 5, 4, 7, 7, 3, 5, 3, 5, 6, 3, 6, 4]
A_29 60.68999999999999 A 29 [1, 4, 3, 1, 1, 1, 3, 2, 3, 2, 1, 4, 4, 1, 4, 3, 1, 2, 4, 3, 2, 2, 3, 2, 4, 1, 2, 3, 4, 1, 3, 2, 3, 3, 2, 4, 2, 3, 1, 3, 1, 1, 1, 1, 1, 3, 3, 1, 4, 1, 2, 3, 1, 3, 2, 2, 4, 2, 3, 2, 2, 2, 1, 2, 2, 1, 2, 4, 1, 4, 1, 4, 4, 3, 3, 4, 1, 2, 1, 2] [3, 7, 5, 4, 3, 3, 6, 4, 7, 5, 4, 8, 7, 5, 6, 6, 4, 5, 6, 7, 4, 4, 7, 5, 7, 4, 5, 7, 7, 5, 7, 5, 6, 5, 5, 6, 5, 7, 3, 6, 3, 4, 5, 3, 3, 6, 7, 4, 7, 5, 4, 5, 4, 6, 5, 4, 6, 5, 6, 4, 5, 5, 3, 5, 6, 4, 5, 8, 3, 6, 4, 8, 8, 5, 6, 6, 5, 4, 4, 5]
A_30 61.75999999999999 A 30 [4, 1, 2, 4, 3, 4, 1, 2, 4, 1, 1, 4, 3, 1, 4, 4, 2, 3, 2, 3, 2, 3, 3, 3, 4, 1, 2, 4, 1, 3, 2, 2, 2, 2, 1, 4, 1, 2, 3, 1, 2, 2, 2, 2, 4, 2, 4, 4, 2, 2, 4, 4, 2, 1, 1, 1, 1, 3, 4, 2, 2, 4, 1, 1, 1, 1, 4, 3, 1, 4, 2, 1, 3, 3, 2, 4, 2, 1, 2, 4] [7, 3, 4, 8, 7, 6, 4, 5, 7, 5, 5, 6, 7, 4, 6, 8, 5, 5, 4, 5, 4, 6, 7, 5, 7, 4, 6, 7, 5, 7, 6, 5, 4, 4, 3, 8, 3, 6, 5, 5, 4, 5, 6, 4, 6, 6, 6, 8, 4, 5, 7, 6, 4, 3, 3, 5, 5, 6, 8, 6, 6, 6, 5, 5, 3, 3, 6, 5, 4, 6, 4, 4, 6, 5, 4, 6, 5, 4, 5, 8]
A_31 64.82999999999998 A 31 [2, 4, 2, 1, 1, 1, 4, 2, 3, 1, 1, 3, 4, 3, 3, 2, 2, 1, 4, 3, 2, 4, 3, 2, 4, 3, 1, 3, 2, 2, 2, 1, 3, 3, 3, 2, 2, 2, 4, 2, 3, 3, 3, 1, 1, 1, 2, 4, 2, 1, 4, 3, 3, 1, 2, 4, 2, 3, 4, 3, 4, 1, 3, 1, 3, 3, 1, 4, 3, 1, 2, 3, 2, 4, 1, 1, 4, 3, 2, 3] [4, 8, 6, 5, 3, 5, 6, 6, 6, 3, 4, 5, 7, 7, 7, 5, 6, 3, 6, 7, 6, 7, 6, 6, 8, 6, 4, 5, 6, 5, 5, 3, 5, 6, 6, 6, 6, 6, 6, 6, 5, 5, 5, 5, 5, 4, 4, 6, 4, 3, 7, 6, 6, 5, 5, 8, 4, 5, 6, 7, 8, 4, 5, 4, 7, 6, 5, 7, 5, 3, 6, 7, 6, 7, 5, 4, 6, 6, 6, 7]
A_32 66.44999999999999 A 32 [3, 1, 3, 1, 4, 1, 2, 4, 3, 1, 3, 2, 4, 1, 4, 3, 3, 1, 4, 2, 2, 4, 1, 1, 4, 1, 4, 2, 1, 3, 2, 3, 2, 2, 4, 2, 2, 2, 2, 3, 1, 1, 4, 4, 3, 3, 3, 2, 2, 1, 3, 2, 1, 4, 2, 2, 2, 2, 2, 2, 4, 3, 3, 1, 3, 4, 1, 4, 3, 2, 4, 3, 1, 4, 2, 2, 4, 4, 2, 1] [7, 4, 7, 5, 7, 4, 5, 6, 6, 4, 7, 6, 8, 3, 6, 6, 6, 5, 8, 4, 4, 7, 3, 4, 7, 5, 7, 5, 3, 6, 4, 5, 6, 6, 8, 4, 6, 6, 6, 7, 5, 3, 7, 6, 7, 7, 6, 4, 6, 4, 5, 4, 3, 8, 5, 6, 5, 5, 4, 4, 6, 5, 5, 4, 5, 6, 3, 7, 6, 4, 6, 5, 3, 6, 6, 5, 7, 8, 6, 3]
A_33 67.94999999999999 A 33 [2, 2, 3, 4, 1, 4, 1, 1, 4, 3, 2, 4, 1, 3, 1, 1, 4, 2, 2, 4, 2, 3, 2, 1, 2, 1, 1, 1, 2, 3, 2, 3, 2, 4, 2, 4, 4, 1, 1, 1, 3, 1, 2, 2, 3, 3, 2, 4, 4, 1, 4, 1, 4, 3, 4, 3, 2, 3, 3, 2, 3, 2, 4, 3, 2, 1, 2, 2, 4, 3, 3, 1, 4, 4, 2, 1, 1, 1, 3, 2] [6, 4, 7, 8, 4, 7, 5, 4, 8, 7, 6, 6, 4, 6, 4, 3, 7, 6, 4, 6, 6, 5, 6, 5, 5, 3, 3, 3, 6, 5, 4, 6, 6, 8, 6, 6, 8, 3, 3, 5, 6, 3, 6, 5, 7, 7, 5, 8, 8, 3, 8, 3, 8, 6, 6, 7, 6, 7, 5, 4, 5, 5, 7, 5, 4, 5, 6, 6, 6, 7, 7, 5, 6, 8, 5, 5, 4, 5, 6, 5]
A_34 70.30999999999999 A 34 [3, 3, 1, 4, 1, 2, 3, 1, 4, 1, 3, 1, 1, 2, 3, 3, 4, 3, 4, 3, 4, 4, 3, 1, 1, 2, 1, 3, 1, 2, 1, 3, 4, 2, 2, 3, 3, 2, 1, 4, 3, 4, 4, 4, 4, 4, 3, 3, 3, 1, 1, 4, 3, 3, 1, 2, 2, 2, 1, 3, 1, 3, 1, 2, 4, 4, 4, 3, 1, 3, 4, 1, 3, 3, 1, 2, 4, 3, 1, 4] [6, 5, 4, 8, 3, 5, 7, 3, 7, 3, 7, 4, 4, 6, 7, 7, 7, 6, 6, 5, 7, 6, 5, 5, 5, 5, 4, 7, 4, 5, 3, 6, 8, 6, 6, 7, 7, 5, 5, 7, 7, 6, 6, 8, 7, 8, 6, 6, 5, 3, 4, 8, 6, 7, 4, 6, 4, 5, 4, 6, 3, 6, 5, 5, 6, 8, 6, 7, 3, 6, 6, 4, 5, 7, 3, 5, 7, 7, 3, 8]
A_35 71.87999999999998 A 35 [3, 1, 1, 1, 1, 2, 1, 3, 4, 2, 4, 4, 1, 1, 1, 1, 1, 2, 1, 3, 4, 2, 2, 1, 2, 4, 4, 3, 3, 4, 4, 2, 2, 4, 3, 2, 4, 1, 3, 2, 4, 1, 3, 1, 1, 1, 2, 3, 4, 1, 2, 2, 4, 2, 3, 3, 3, 4, 2, 2, 3, 2, 1, 4, 1, 2, 1, 1, 4, 2, 4, 3, 1, 4, 1, 1, 3, 1, 3, 2] [5, 4, 4, 3, 5, 6, 5, 6, 6, 6, 8, 6, 5, 3, 3, 3, 4, 4, 3, 7, 8, 5, 4, 3, 4, 6, 7, 6, 5, 6, 8, 6, 4, 6, 7, 5, 8, 4, 7, 5, 8, 5, 7, 3, 3, 3, 4, 6, 6, 4, 5, 5, 7, 5, 6, 6, 6, 6, 5, 4, 5, 4, 4, 7, 5, 4, 3, 4, 8, 5, 8, 5, 5, 7, 5, 3, 7, 3, 7, 5]
A_36 75.46999999999998 A 36 [2, 3, 4, 1, 1, 3, 1, 2, 3, 1, 3, 1, 1, 1, 4, 2, 1, 4, 1, 3, 4, 1, 1, 3, 2, 1, 1, 4, 3, 2, 1, 2, 2, 4, 3, 4, 1, 4, 1, 2, 4, 2, 1, 2, 2, 1, 2, 3, 3, 1, 1, 3, 2, 1, 1, 1, 4, 1, 2, 2, 3, 1, 4, 2, 3, 1, 2, 1, 2, 3, 3, 4, 3, 1, 4, 2, 2, 1, 4, 4] [5, 7, 7, 4, 4, 7, 4, 5, 5, 5, 5, 4, 3, 4, 7, 4, 3, 7, 4, 7, 6, 4, 4, 5, 5, 4, 3, 8, 5, 5, 3, 6, 6, 8, 7, 8, 4, 6, 4, 6, 8, 5, 5, 4, 6, 5, 4, 6, 6, 5, 3, 7, 4, 5, 4, 4, 8, 5, 4, 4, 5, 5, 8, 6, 6, 4, 5, 5, 5, 6, 7, 6, 5, 5, 8, 4, 6, 5, 8, 6]
A_37 78.74999999999999 A 37 [2, 4, 2, 3, 1, 3, 4, 1, 1, 3, 1, 2, 3, 3, 4, 4, 2, 4, 1, 2, 2, 2, 1, 4, 2, 4, 3, 2, 4, 3, 2, 2, 2, 1, 2, 1, 4, 1, 4, 3, 3, 2, 2, 4, 1, 3, 2, 1, 1, 1, 4, 2, 3, 4, 4, 2, 3, 4, 3, 2, 1, 4, 1, 2, 1, 4, 4, 1, 3, 1, 4, 3, 3, 3, 1, 2, 1, 2, 2, 3] [6, 8, 4, 7, 5, 6, 8, 5, 3, 5, 4, 6, 5, 7, 6, 8, 4, 6, 4, 5, 6, 6, 3, 7, 4, 6, 5, 4, 8, 7, 6, 6, 6, 3, 5, 4, 6, 4, 8, 5, 6, 4, 6, 7, 3, 5, 4, 4, 3, 3, 6, 5, 6, 7, 7, 6, 7, 7, 6, 4, 3, 6, 5, 5, 5, 7, 6, 4, 6, 4, 8, 5, 5, 7, 5, 6, 4, 5, 5, 7]
A_38 79.74999999999999 A 38 [4, 3, 2, 2, 3, 4, 2, 1, 4, 1, 1, 3, 4, 4, 3, 1, 1, 4, 2, 1, 1, 4, 1, 2, 4, 3, 4, 2, 1, 1, 3, 4, 2, 1, 1, 3, 1, 4, 3, 2, 1, 4, 3, 4, 1, 1, 2, 3, 2, 4, 2, 1, 4, 3, 1, 2, 4, 3, 2, 1, 4, 2, 2, 1, 4, 3, 2, 4, 3, 2, 1, 1, 3, 2, 1, 2, 4, 4, 1, 1] [7, 6, 4, 5, 5, 6, 5, 3, 8, 5, 5, 7, 8, 7, 5, 3, 3, 8, 6, 5, 4, 7, 4, 5, 6, 6, 6, 4, 4, 3, 5, 6, 6, 3, 5, 7, 4, 8, 5, 6, 5, 7, 6, 6, 5, 3, 4, 7, 6, 7, 6, 5, 7, 7, 5, 5, 6, 7, 5, 3, 8, 6, 5, 5, 8, 5, 5, 8, 5, 4, 3, 5, 7, 5, 3, 5, 7, 8, 5, 5]
A_39 80.74999999999999 A 39 [4, 1, 3, 1, 3, 4, 4, 2, 1, 2, 3, 3, 3, 4, 4, 2, 2, 4, 4, 2, 2, 4, 2, 4, 1, 1, 3, 1, 1, 3, 1, 2, 3, 1, 4, 2, 2, 3, 2, 3, 3, 1, 1, 1, 4, 2, 4, 3, 1, 3, 3, 3, 2, 4, 4, 2, 3, 4, 3, 3, 2, 1, 1, 3, 1, 4, 3, 2, 1, 1, 1, 4, 3, 2, 1, 3, 2, 2, 2, 3] [7, 4, 5, 3, 6, 7, 6, 5, 5, 6, 7, 7, 5, 6, 6, 6, 4, 7, 7, 4, 6, 8, 6, 8, 5, 4, 7, 4, 4, 6, 5, 6, 7, 5, 7, 5, 6, 5, 6, 7, 7, 3, 3, 4, 6, 4, 8, 6, 4, 7, 6, 6, 6, 7, 6, 5, 5, 6, 5, 5, 5, 3, 3, 6, 4, 8, 6, 4, 4, 4, 3, 8, 6, 5, 3, 6, 6, 4, 6, 6]
B_0 1.53 B 40 [3, 2, 1, 4, 2, 3, 4, 2, 4, 4, 2, 1, 4, 2, 3, 3, 1, 2, 1, 1, 1, 2, 4, 2, 3, 2, 4, 4, 2, 1, 2, 3, 1, 3, 3, 4, 4, 3, 1, 3, 1, 3, 2, 1, 1, 3, 4, 1, 3, 2, 2, 4, 2, 2, 4, 1, 3, 4, 4, 1, 3, 2, 1, 1, 4, 1, 2, 4, 3, 2, 2, 3, 1, 1, 3, 2, 3, 2, 2, 2] [7, 4, 3, 7, 4, 7, 6, 6, 7, 6, 5, 4, 7, 4, 5, 6, 5, 5, 3, 3, 5, 5, 6, 4, 7, 6, 8, 6, 4, 3, 4, 5, 5, 6, 7, 8, 8, 6, 5, 7, 5, 6, 6, 4, 3, 5, 8, 4, 7, 6, 5, 8, 6, 4, 7, 3, 7, 7, 8, 4, 5, 6, 5, 5, 7, 4, 5, 6, 7, 4, 4, 5, 3, 5, 7, 4, 6, 4, 4, 5]
B_1 2.5300000000000002 B 41 [3, 1, 3, 4, 3, 2, 4, 4, 3, 1, 2, 3, 2, 2, 1, 1, 4, 4, 3, 2, 1, 2, 3, 1, 2, 3, 1, 3, 3, 1, 2, 3, 1, 1, 4, 1, 2, 2, 4, 1, 3, 2, 4, 2, 4, 4, 3, 2, 1, 1, 3, 4, 3, 1, 4, 4, 3, 1, 2, 2, 4, 1, 3, 4, 2, 4, 1, 4, 3, 3, 1, 1, 3, 1, 4, 4, 1, 3, 4, 2] [6, 3, 7, 7, 7, 4, 8, 6, 7, 3, 4, 6, 6, 4, 5, 4, 6, 7, 6, 5, 3, 5, 7, 3, 6, 5, 5, 6, 7, 4, 5, 5, 3, 3, 6, 5, 5, 4, 7, 3, 6, 4, 6, 5, 7, 6, 7, 4, 5, 3, 7, 6, 5, 5, 7, 6, 5, 3, 4, 4, 6, 5, 6, 7, 6, 8, 3, 8, 5, 7, 3, 4, 5, 4, 7, 6, 5, 5, 8, 6]
B_2 3.5300000000000002 B 42 [4, 4, 1, 2, 2, 1, 4, 2, 4, 1, 3, 4, 3, 3, 2, 4, 2, 1, 1, 2, 3, 2, 2, 2, 3, 3, 4, 2, 2, 1, 2, 3, 4, 2, 4, 3, 1, 2, 3, 1, 2, 4, 2, 2, 2, 4, 2, 4, 3, 3, 2, 3, 3, 3, 2, 3, 2, 4, 1, 2, 2, 1, 1, 1, 4, 1, 4, 4, 4, 3, 2, 1, 3, 2, 1, 2, 3, 4, 4, 2] [6, 7, 4, 4, 6, 5, 7, 6, 8, 3, 5, 6, 5, 5, 6, 6, 5, 3, 4, 4, 7, 4, 6, 4, 6, 7, 6, 4, 4, 5, 6, 5, 7, 6, 6, 7, 5, 6, 6, 3, 6, 6, 6, 6, 6, 8, 6, 6, 7, 7, 6, 7, 5, 6, 6, 7, 5, 6, 3, 5, 6, 3, 5, 4, 8, 3, 8, 6, 8, 6, 4, 5, 5, 5, 5, 5, 5, 7, 7, 6]
B_3 6.75 B 43 [3, 4, 4, 4, 1, 2, 4, 4, 4, 4, 1, 4, 2, 1, 1, 4, 4, 4, 1, 4, 4, 3, 2, 1, 1, 2, 2, 4, 1, 1, 2, 1, 4, 2, 4, 1, 2, 4, 4, 1, 1, 2, 2, 2, 4, 3, 2, 2, 1, 2, 2, 4, 2, 3, 1, 4, 4, 4, 1, 1, 1, 4, 2, 2, 3, 1, 2, 4, 1, 1, 4, 1, 3, 3, 1, 2, 1, 2, 3, 3] [7, 6, 8, 8, 5, 6, 8, 7, 6, 7, 4, 8, 5, 3, 5, 7, 7, 7, 3, 7, 8, 5, 5, 4, 5, 4, 5, 7, 5, 3, 4, 5, 6, 5, 8, 3, 4, 7, 6, 4, 4, 5, 6, 4, 7, 6, 5, 4, 4, 6, 5, 8, 4, 7, 5, 8, 7, 8, 3, 3, 3, 8, 6, 6, 6, 3, 4, 8, 3, 4, 6, 5, 7, 7, 4, 4, 3, 5, 7, 7]
B_4 7.84 B 44 [4, 1, 3, 3, 3, 3, 4, 4, 4, 3, 1, 2, 3, 3, 2, 1, 2, 4, 2, 1, 2, 4, 3, 3, 4, 3, 2, 4, 1, 1, 4, 1, 3, 3, 4, 1, 2, 1, 1, 4, 1, 4, 2, 4, 2, 4, 4, 3, 1, 4, 4, 2, 4, 2, 4, 3, 1, 1, 3, 2, 3, 1, 2, 3, 4, 3, 2, 2, 1, 3, 1, 1, 4, 2, 1, 1, 3, 4, 1, 4] [7, 4, 6, 7, 5, 5, 7, 6, 8, 5, 3, 4, 5, 7, 4, 5, 4, 6, 5, 3, 4, 8, 6, 6, 8, 5, 6, 6, 3, 3, 6, 5, 7, 7, 7, 3, 6, 3, 5, 6, 3, 7, 6, 7, 5, 7, 6, 6, 3, 6, 8, 5, 6, 4, 8, 6, 4, 3, 7, 5, 7, 4, 6, 7, 7, 5, 4, 4, 3, 7, 4, 5, 7, 4, 4, 5, 7, 6, 5, 6]
B_5 12.69 B 45 [1, 3, 1, 2, 3, 2, 2, 1, 3, 4, 4, 1, 3, 2, 4, 2, 1, 3, 3, 4, 4, 1, 4, 1, 2, 2, 2, 3, 3, 3, 2, 1, 3, 3, 4, 1, 1, 3, 1, 2, 3, 4, 4, 3, 4, 2, 3, 3, 3, 1, 4, 4, 1, 2, 1, 3, 2, 2, 3, 4, 1, 1, 1, 4, 1, 2, 2, 3, 2, 3, 4, 4, 4, 2, 2, 3, 2, 2, 4, 3] [5, 5, 3, 4, 5, 5, 6, 5, 5, 8, 6, 3, 5, 4, 7, 4, 5, 5, 5, 7, 7, 5, 6, 3, 6, 5, 4, 7, 7, 6, 6, 4, 7, 7, 8, 3, 5, 5, 3, 4, 5, 6, 8, 6, 7, 5, 7, 7, 5, 4, 6, 7, 5, 6, 3, 6, 5, 5, 5, 7, 5, 5, 4, 7, 4, 5, 4, 7, 6, 5, 6, 7, 7, 6, 6, 6, 5, 6, 7, 6]
B_6 14.719999999999999 B 46 [2, 2, 4, 2, 1, 1, 4, 1, 1, 4, 3, 2, 1, 1, 2, 1, 4, 4, 2, 2, 4, 3, 3, 2, 2, 3, 2, 2, 2, 3, 4, 2, 3, 2, 3, 2, 2, 2, 2, 4, 4, 3, 2, 2, 4, 3, 2, 3, 1, 3, 3, 1, 4, 2, 1, 2, 1, 2, 4, 4, 1, 4, 3, 4, 2, 2, 1, 4, 2, 4, 4, 2, 2, 4, 4, 4, 3, 4, 4, 2] [4, 6, 7, 5, 3, 4, 8, 3, 5, 8, 6, 4, 5, 5, 6, 5, 6, 8, 4, 5, 7, 6, 6, 6, 6, 5, 6, 5, 5, 7, 6, 4, 6, 5, 6, 4, 4, 4, 4, 8, 8, 7, 6, 5, 6, 7, 6, 5, 3, 5, 5, 3, 6, 6, 5, 4, 4, 6, 6, 8, 5, 8, 5, 8, 4, 5, 4, 6, 5, 7, 7, 4, 4, 8, 8, 6, 5, 8, 7, 4]
B_7 15.719999999999999 B 47 [4, 1, 2, 2, 4, 2, 2, 1, 2, 3, 2, 1, 2, 2, 1, 1, 1, 1, 3, 2, 3, 4, 4, 1, 4, 2, 2, 1, 2, 1, 4, 4, 2, 4, 3, 3, 3, 1, 3, 3, 1, 2, 4, 2, 3, 3, 3, 2, 3, 2, 2, 4, 3, 2, 1, 2, 4, 3, 4, 2, 2, 4, 1, 2, 3, 3, 3, 1, 1, 3, 3, 1, 3, 2, 2, 2, 4, 3, 1, 2] [6, 4, 4, 4, 7, 5, 4, 3, 4, 6, 6, 5, 4, 4, 4, 5, 5, 3, 6, 6, 7, 8, 6, 4, 7, 4, 5, 5, 6, 4, 8, 6, 4, 8, 6, 6, 6, 4, 7, 6, 4, 4, 6, 4, 6, 7, 5, 6, 5, 6, 4, 8, 6, 5, 4, 5, 7, 6, 7, 5, 6, 7, 3, 4, 5, 5, 5, 3, 3, 7, 7, 5, 7, 5, 4, 4, 7, 7, 3, 4]
B_8 17.08 B 48 [1, 4, 2, 3, 1, 4, 4, 1, 2, 2, 2, 1, 4, 4, 3, 3, 1, 1, 2, 3, 4, 4, 3, 2, 2, 1, 3, 1, 4, 4, 2, 2, 2, 4, 3, 4, 3, 1, 2, 1, 3, 1, 3, 1, 1, 3, 1, 3, 3, 4, 1, 1, 3, 1, 3, 2, 3, 1, 1, 4, 2, 2, 4, 4, 2, 4, 3, 4, 1, 3, 3, 2, 3, 2, 1, 3, 2, 2, 2, 3] [4, 6, 6, 6, 4, 7, 7, 4, 6, 6, 5, 5, 8, 8, 5, 6, 5, 5, 5, 7, 7, 6, 7, 6, 4, 5, 6, 4, 6, 7, 4, 4, 6, 8, 5, 6, 6, 3, 6, 4, 7, 5, 7, 4, 3, 5, 3, 5, 7, 7, 3, 3, 7, 5, 7, 6, 7, 5, 5, 7, 5, 6, 7, 6, 4, 7, 5, 8, 3, 5, 7, 6, 5, 6, 5, 7, 5, 5, 4, 7]
B_9 19.0 B 49 [3, 2, 1, 3, 1, 3, 3, 2, 4, 1, 3, 4, 3, 1, 2, 3, 2, 1, 1, 1, 1, 2, 3, 4, 4, 2, 2, 1, 2, 1, 2, 1, 1, 1, 1, 1, 1, 1, 4, 3, 2, 1, 3, 2, 4, 1, 3, 2, 4, 1, 4, 3, 4, 4, 2, 1, 4, 4, 2, 4, 4, 4, 4, 4, 4, 4, 4, 1, 2, 4, 3, 1, 3, 1, 1, 2, 1, 4, 3, 2] [6, 6, 4, 6, 5, 7, 7, 6, 8, 5, 7, 6, 6, 3, 5, 6, 4, 5, 3, 3, 5, 4, 6, 6, 6, 5, 4, 4, 5, 5, 5, 3, 4, 3, 3, 4, 5, 3, 7, 7, 6, 3, 7, 6, 6, 4, 5, 6, 7, 3, 7, 7, 7, 7, 6, 3, 7, 6, 6, 6, 6, 8, 7, 8, 7, 8, 6, 3, 6, 6, 5, 4, 6, 3, 5, 4, 3, 6, 6, 4]
B_10 20.0 B 50 [2, 2, 2, 3, 3, 1, 1, 3, 3, 4, 2, 3, 4, 4, 2, 2, 1, 2, 3, 1, 2, 4, 4, 3, 3, 1, 2, 4, 2, 2, 4, 4, 3, 4, 1, 2, 1, 4, 2, 3, 2, 3, 2, 2, 4, 4, 3, 2, 1, 4, 4, 3, 4, 2, 4, 2, 4, 3, 2, 3, 1, 3, 2, 4, 1, 1, 2, 3, 1, 4, 1, 1, 4, 4, 4, 1, 2, 3, 1, 3] [4, 6, 5, 5, 7, 3, 4, 5, 5, 6, 6, 5, 8, 6, 6, 6, 4, 4, 6, 5, 6, 7, 7, 6, 5, 4, 6, 8, 5, 4, 7, 7, 5, 8, 4, 5, 3, 6, 6, 6, 5, 7, 6, 5, 8, 6, 5, 4, 3, 7, 7, 6, 7, 6, 8, 4, 7, 5, 5, 5, 3, 7, 5, 6, 3, 5, 6, 5, 3, 8, 4, 5, 6, 8, 7, 4, 4, 6, 4, 5]
B_11 23.14 B 51 [2, 1, 4, 2, 2, 1, 4, 4, 1, 4, 3, 4, 3, 3, 2, 2, 2, 1, 2, 3, 2, 4, 3, 3, 4, 1, 4, 3, 1, 3, 4, 3, 2, 1, 4, 2, 3, 2, 1, 3, 4, 4, 3, 4, 2, 4, 1, 4, 1, 3, 3, 4, 4, 2, 1, 4, 3, 4, 3, 3, 2, 2, 4, 1, 1, 4, 2, 2, 4, 3, 1, 3, 2, 3, 3, 1, 4, 1, 2, 1] [6, 3, 7, 6, 5, 4, 6, 6, 5, 8, 7, 8, 7, 6, 4, 5, 6, 5, 4, 6, 4, 7, 5, 5, 8, 5, 8, 6, 3, 5, 6, 6, 4, 3, 8, 5, 7, 5, 5, 6, 8, 6, 7, 8, 5, 7, 3, 8, 3, 7, 6, 8, 7, 5, 5, 6, 7, 6, 5, 7, 4, 5, 6, 4, 3, 8, 4, 5, 6, 6, 5, 5, 5, 5, 5, 3, 6, 3, 6, 4]
B_12 24.14 B 52 [3, 2, 2, 4, 1, 2, 1, 1, 4, 4, 3, 1, 2, 2, 2, 1, 3, 2, 1, 1, 4, 1, 2, 3, 1, 2, 4, 3, 1, 1, 2, 3, 1, 4, 3, 4, 2, 3, 4, 2, 2, 3, 3, 2, 4, 1, 4, 3, 3, 4, 4, 4, 4, 3, 2, 4, 2, 1, 1, 4, 1, 1, 1, 4, 2, 2, 2, 1, 3, 3, 1, 3, 2, 2, 3, 4, 4, 1, 4, 1] [5, 6, 4, 6, 5, 5, 3, 4, 7, 6, 7, 3, 6, 6, 5, 5, 5, 5, 3, 4, 7, 4, 6, 7, 4, 5, 6, 7, 4, 4, 4, 6, 3, 8, 6, 7, 4, 6, 7, 6, 6, 5, 5, 4, 6, 5, 6, 6, 7, 7, 7, 7, 7, 6, 4, 8, 5, 3, 4, 7, 3, 5, 3, 7, 5, 4, 6, 5, 5, 5, 3, 5, 4, 4, 6, 7, 8, 3, 7, 5]
B_13 27.14 B 53 [3, 3, 2, 2, 1, 2, 4, 4, 4, 3, 4, 1, 2, 3, 1, 3, 3, 3, 1, 2, 3, 1, 1, 4, 1, 1, 1, 4, 2, 3, 1, 1, 4, 3, 3, 2, 1, 4, 3, 4, 2, 1, 3, 3, 2, 2, 2, 2, 1, 4, 2, 2, 3, 3, 1, 4, 1, 2, 2, 1, 4, 1, 4, 1, 1, 3, 1, 1, 1, 1, 2, 1, 1, 1, 3, 3, 4, 3, 2, 1] [6, 7, 4, 6, 4, 4, 7, 8, 8, 6, 6, 3, 4, 7, 4, 5, 7, 5, 5, 4, 7, 4, 4, 7, 3, 3, 3, 7, 6, 6, 3, 5, 8, 6, 7, 5, 5, 7, 7, 7, 4, 5, 6, 7, 4, 6, 6, 5, 5, 7, 6, 5, 6, 7, 5, 7, 3, 4, 5, 3, 7, 3, 7, 3, 3, 6, 3, 3, 3, 5, 4, 5, 4, 3, 7, 5, 8, 7, 5, 5]
B_14 28.14 B 54 [4, 2, 1, 3, 4, 4, 3, 4, 3, 4, 3, 2, 2, 2, 4, 4, 2, 3, 1, 2, 4, 1, 4, 2, 4, 3, 1, 3, 3, 2, 1, 2, 2, 4, 1, 3, 1, 4, 1, 4, 4, 4, 2, 1, 4, 1, 1, 1, 3, 2, 4, 1, 2, 1, 4, 2, 2, 3, 1, 4, 1, 2, 1, 2, 1, 4, 1, 4, 3, 1, 1, 1, 2, 1, 2, 1, 1, 1, 4, 2] [6, 6, 5, 5, 7, 7, 7, 7, 7, 7, 6, 4, 5, 4, 8, 6, 4, 7, 4, 4, 8, 3, 6, 6, 7, 7, 4, 6, 7, 5, 3, 5, 5, 6, 4, 6, 4, 7, 5, 6, 7, 7, 6, 5, 8, 3, 5, 4, 7, 6, 8, 5, 4, 5, 8, 5, 4, 6, 3, 8, 3, 5, 4, 5, 3, 8, 3, 6, 6, 5, 5, 4, 6, 4, 6, 5, 3, 4, 8, 5]
B_15 29.14 B 55 [1, 1, 2, 2, 4, 2, 4, 1, 4, 2, 3, 4, 3, 3, 2, 3, 1, 1, 3, 1, 2, 1, 1, 4, 1, 3, 2, 1, 1, 2, 1, 4, 2, 3, 2, 3, 1, 2, 2, 2, 1, 4, 3, 4, 3, 3, 2, 2, 2, 1, 2, 4, 4, 4, 2, 2, 2, 3, 1, 1, 3, 2, 3, 4, 3, 2, 2, 1, 1, 1, 2, 1, 1, 1, 4, 2, 1, 3, 2, 1] [5, 5, 4, 6, 8, 5, 8, 3, 7, 5, 7, 6, 6, 6, 4, 6, 5, 5, 6, 5, 6, 3, 3, 6, 3, 7, 4, 5, 3, 4, 5, 8, 6, 7, 6, 6, 4, 6, 5, 5, 3, 6, 7, 8, 6, 6, 4, 5, 6, 3, 4, 6, 8, 7, 5, 6, 5, 7, 5, 5, 5, 4, 6, 7, 5, 4, 4, 3, 5, 3, 6, 5, 4, 3, 8, 6, 5, 5, 5, 5]
B_16 30.14 B 56 [4, 3, 4, 3, 4, 3, 2, 3, 1, 4, 4, 1, 4, 4, 3, 1, 3, 4, 4, 1, 2, 2, 3, 2, 2, 1, 1, 3, 2, 4, 1, 2, 2, 2, 2, 3, 4, 3, 4, 3, 3, 3, 2, 4, 1, 2, 1, 4, 3, 4, 4, 3, 2, 1, 2, 2, 4, 2, 4, 3, 1, 1, 2, 2, 4, 4, 1, 3, 4, 4, 2, 2, 4, 4, 2, 2, 2, 1, 3, 3] [6, 5, 7, 6, 6, 5, 5, 6, 4, 8, 6, 4, 6, 8, 7, 4, 5, 8, 6, 4, 5, 4, 6, 5, 5, 3, 4, 6, 4, 6, 5, 4, 5, 6, 4, 6, 8, 7, 6, 5, 7, 5, 5, 7, 4, 5, 4, 7, 7, 7, 7, 7, 5, 3, 4, 5, 6, 5, 8, 5, 5, 5, 6, 6, 6, 6, 4, 7, 6, 8, 6, 5, 8, 6, 4, 5, 6, 3, 5, 5]
B_17 33.26 B 57 [3, 1, 4, 1, 1, 1, 3, 3, 1, 4, 2, 1, 1, 4, 1, 3, 3, 2, 4, 3, 1, 1, 2, 2, 2, 3, 4, 2, 3, 2, 3, 3, 2, 3, 2, 4, 1, 4, 3, 4, 4, 1, 4, 4, 1, 2, 2, 3, 1, 4, 3, 4, 1, 2, 3, 3, 2, 2, 2, 2, 2, 1, 1, 2, 1, 4, 1, 1, 1, 3, 2, 2, 4, 1, 2, 1, 2, 2, 1, 1] [5, 5, 7, 3, 4, 4, 7, 5, 3, 7, 5, 4, 5, 7, 3, 5, 7, 6, 6, 7, 4, 3, 6, 6, 4, 7, 8, 5, 5, 5, 6, 5, 5, 7, 5, 6, 5, 7, 7, 6, 7, 3, 6, 8, 3, 5, 6, 6, 5, 6, 5, 6, 3, 4, 6, 7, 5, 4, 5, 4, 6, 4, 5, 5, 4, 7, 4, 4, 4, 7, 4, 6, 8, 4, 4, 3, 6, 4, 3, 5]
B_18 35.01 B 58 [2, 4, 4, 1, 1, 1, 3, 1, 4, 4, 3, 2, 3, 4, 3, 1, 1, 4, 1, 2, 4, 1, 2, 4, 2, 4, 3, 4, 1, 3, 4, 4, 2, 3, 1, 2, 2, 3, 2, 3, 4, 2, 1, 1, 3, 3, 4, 4, 1, 2, 2, 3, 1, 2, 1, 1, 4, 2, 2, 3, 2, 2, 3, 2, 1, 2, 4, 3, 2, 3, 1, 1, 3, 3, 4, 1, 1, 2, 3, 4] [6, 7, 6, 5, 5, 4, 7, 4, 6, 6, 7, 6, 6, 8, 7, 3, 5, 8, 3, 5, 7, 4, 4, 8, 4, 6, 6, 6, 4, 6, 8, 6, 4, 5, 4, 5, 4, 6, 5, 5, 8, 4, 3, 3, 7, 5, 6, 7, 5, 6, 5, 5, 4, 5, 3, 5, 8, 5, 4, 5, 4, 6, 5, 4, 5, 4, 7, 6, 4, 6, 4, 3, 5, 6, 8, 5, 5, 6, 5, 8]
B_19 39.36 B 59 [2, 2, 1, 1, 1, 3, 4, 4, 3, 1, 3, 4, 1, 2, 2, 2, 2, 4, 2, 2, 3, 4, 4, 2, 2, 2, 2, 3, 2, 2, 2, 3, 2, 2, 3, 2, 2, 2, 1, 3, 1, 2, 2, 1, 2, 4, 4, 2, 4, 4, 3, 3, 4, 1, 4, 1, 3, 2, 3, 3, 1, 3, 4, 3, 2, 4, 4, 4, 1, 1, 1, 3, 3, 1, 4, 1, 2, 3, 1, 2] [4, 5, 4, 5, 3, 7, 7, 6, 7, 4, 6, 8, 4, 4, 6, 6, 5, 7, 5, 4, 6, 8, 8, 4, 6, 6, 5, 5, 4, 4, 6, 7, 4, 4, 6, 4, 4, 4, 3, 5, 4, 4, 5, 3, 5, 7, 8, 5, 7, 6, 5, 7, 7, 3, 8, 5, 5, 4, 5, 7, 4, 5, 8, 5, 6, 6, 8, 7, 5, 3, 3, 7, 7, 5, 8, 4, 6, 6, 3, 4]
B_20 41.0 B 60 [2, 1, 1, 1, 3, 2, 4, 3, 3, 3, 1, 2, 4, 3, 1, 2, 4, 3, 4, 1, 1, 3, 3, 3, 2, 3, 4, 4, 1, 2, 2, 4, 4, 3, 1, 3, 3, 1, 4, 2, 3, 4, 2, 1, 3, 1, 1, 2, 2, 4, 1, 2, 1, 4, 1, 3, 1, 2, 2, 1, 3, 1, 1, 1, 1, 4, 4, 3, 3, 2, 3, 3, 4, 2, 2, 1, 1, 4, 3, 4] [4, 4, 5, 4, 6, 5, 6, 6, 5, 7, 5, 4, 7, 7, 4, 6, 7, 7, 7, 4, 5, 7, 7, 5, 4, 7, 8, 7, 4, 5, 6, 8, 6, 5, 3, 5, 5, 3, 8, 5, 5, 6, 6, 3, 7, 5, 5, 6, 5, 6, 3, 4, 3, 7, 3, 5, 5, 6, 4, 4, 5, 5, 3, 5, 5, 6, 7, 5, 7, 6, 5, 6, 8, 6, 5, 3, 4, 6, 5, 6]
B_21 42.13 B 61 [4, 2, 4, 1, 2, 4, 2, 4, 1, 4, 2, 2, 4, 4, 3, 1, 2, 4, 4, 2, 3, 4, 3, 4, 2, 4, 4, 4, 2, 2, 4, 1, 3, 2, 3, 2, 1, 4, 2, 1, 2, 1, 1, 4, 1, 1, 4, 4, 2, 4, 3, 2, 1, 1, 2, 2, 1, 1, 2, 3, 1, 2, 3, 4, 3, 4, 4, 4, 4, 4, 1, 3, 1, 3, 2, 3, 1, 4, 1, 1] [8, 6, 6, 3, 6, 7, 6, 6, 5, 8, 6, 6, 8, 6, 7, 3, 6, 7, 8, 6, 6, 7, 7, 8, 4, 8, 7, 7, 6, 5, 6, 4, 5, 5, 6, 4, 5, 6, 6, 3, 6, 5, 3, 8, 4, 5, 8, 7, 6, 8, 7, 5, 5, 3, 5, 4, 5, 4, 6, 5, 5, 6, 7, 8, 5, 8, 7, 7, 7, 8, 3, 7, 4, 5, 5, 6, 5, 7, 3, 5]
B_22 43.13 B 62 [4, 1, 4, 3, 4, 3, 4, 1, 3, 3, 2, 3, 2, 1, 2, 2, 2, 1, 3, 2, 1, 1, 1, 2, 3, 2, 2, 1, 1, 1, 1, 3, 3, 4, 1, 1, 4, 1, 2, 1, 1, 3, 1, 2, 2, 1, 3, 1, 4, 4, 2, 4, 1, 4, 1, 3, 2, 1, 3, 4, 1, 3, 4, 1, 2, 1, 1, 2, 1, 2, 1, 4, 4, 4, 1, 3, 1, 2, 1, 3] [8, 3, 6, 5, 7, 7, 7, 4, 7, 6, 5, 7, 4, 4, 5, 4, 4, 5, 5, 5, 4, 4, 3, 6, 6, 5, 5, 3, 3, 3, 5, 5, 5, 7, 5, 4, 8, 5, 5, 3, 5, 6, 5, 6, 6, 4, 5, 3, 7, 7, 5, 6, 3, 7, 4, 6, 6, 5, 5, 8, 3, 7, 7, 5, 5, 4, 5, 5, 4, 6, 5, 8, 8, 6, 4, 7, 4, 6, 5, 5]
B_23 48.06 B 63 [4, 1, 1, 4, 3, 2, 4, 2, 2, 4, 4, 2, 3, 2, 4, 4, 1, 3, 2, 4, 4, 1, 1, 2, 1, 2, 4, 4, 2, 2, 1, 1, 1, 3, 2, 4, 2, 2, 1, 3, 1, 4, 1, 2, 3, 4, 4, 2, 4, 4, 4, 1, 4, 1, 2, 4, 2, 2, 2, 3, 1, 4, 1, 1, 1, 4, 4, 2, 1, 4, 2, 3, 3, 1, 4, 3, 1, 3, 1, 1] [6, 4, 3, 6, 7, 6, 7, 5, 6, 8, 6, 5, 6, 6, 8, 6, 4, 5, 4, 7, 7, 4, 4, 6, 3, 5, 7, 8, 4, 5, 5, 4, 4, 5, 5, 7, 6, 5, 5, 6, 5, 7, 4, 6, 7, 7, 8, 4, 6, 8, 6, 4, 7, 3, 5, 7, 6, 5, 4, 5, 5, 8, 5, 3, 4, 6, 6, 4, 3, 8, 4, 5, 6, 4, 8, 7, 4, 5, 5, 3]
B_24 50.52 B 64 [4, 1, 4, 2, 4, 3, 1, 1, 4, 1, 1, 3, 1, 1, 3, 4, 1, 2, 3, 2, 2, 4, 4, 3, 2, 1, 2, 1, 4, 2, 1, 3, 3, 2, 4, 1, 3, 1, 4, 1, 4, 2, 4, 3, 4, 1, 2, 3, 2, 4, 1, 1, 2, 1, 1, 3, 4, 1, 1, 2, 1, 3, 2, 1, 1, 1, 4, 4, 4, 4, 2, 1, 2, 1, 4, 4, 3, 1, 1, 3] [8, 4, 6, 6, 7, 7, 4, 4, 7, 5, 3, 7, 3, 5, 6, 6, 3, 5, 5, 5, 5, 7, 7, 6, 6, 4, 5, 4, 7, 6, 3, 7, 5, 4, 6, 5, 6, 5, 8, 4, 7, 6, 8, 6, 7, 4, 4, 5, 4, 7, 3, 3, 5, 3, 3, 5, 6, 4, 5, 6, 5, 5, 5, 4, 5, 3, 6, 6, 6, 7, 5, 5, 4, 5, 6, 6, 7, 5, 5, 7]
B_25 51.52 B 65 [4, 2, 4, 1, 4, 1, 1, 2, 3, 3, 1, 1, 2, 1, 3, 2, 2, 3, 3, 3, 4, 2, 3, 1, 4, 4, 3, 2, 4, 1, 1, 3, 4, 1, 4, 2, 1, 4, 3, 4, 1, 4, 1, 1, 3, 2, 2, 3, 4, 4, 1, 4, 2, 3, 4, 2, 4, 4, 2, 4, 4, 4, 1, 4, 1, 4, 1, 1, 3, 1, 1, 4, 2, 2, 3, 2, 2, 4, 1, 1] [6, 4, 8, 5, 8, 4, 5, 5, 7, 5, 4, 3, 6, 3, 5, 5, 5, 7, 6, 7, 7, 5, 7, 4, 7, 7, 6, 5, 7, 4, 3, 6, 6, 5, 8, 4, 4, 7, 5, 8, 4, 8, 3, 3, 5, 5, 5, 5, 7, 8, 5, 8, 4, 6, 8, 4, 6, 7, 4, 6, 6, 8, 4, 6, 3, 7, 3, 3, 7, 4, 4, 7, 5, 4, 6, 6, 5, 8, 4, 3]
B_26 52.52 B 66 [2, 2, 3, 2, 4, 2, 1, 4, 4, 1, 2, 1, 1, 4, 3, 3, 4, 4, 4, 3, 4, 4, 2, 1, 2, 3, 3, 3, 1, 2, 4, 1, 1, 2, 4, 1, 2, 4, 2, 3, 2, 1, 4, 2, 2, 2, 1, 3, 3, 4, 2, 2, 2, 1, 1, 2, 1, 1, 4, 4, 4, 4, 1, 4, 4, 1, 4, 3, 2, 3, 3, 4, 2, 2, 2, 3, 2, 3, 1, 3] [4, 6, 6, 5, 7, 4, 4, 6, 8, 5, 6, 4, 3, 7, 7, 7, 6, 8, 7, 5, 6, 7, 5, 5, 4, 5, 7, 6, 4, 5, 6, 5, 3, 6, 6, 3, 5, 6, 5, 6, 5, 3, 8, 4, 4, 4, 4, 5, 5, 6, 6, 4, 6, 3, 3, 4, 4, 4, 7, 8, 7, 7, 5, 6, 6, 3, 8, 6, 4, 6, 6, 8, 5, 5, 4, 6, 4, 5, 5, 6]
B_27 53.52 B 67 [3, 1, 1, 2, 1, 3, 2, 3, 3, 3, 3, 4, 4, 1, 3, 4, 2, 2, 3, 1, 1, 3, 3, 4, 2, 3, 2, 1, 3, 4, 3, 4, 4, 2, 3, 1, 1, 1, 4, 2, 4, 4, 4, 4, 2, 3, 4, 1, 4, 1, 3, 2, 1, 1, 4, 1, 3, 1, 3, 4, 3, 4, 2, 2, 4, 1, 3, 1, 3, 4, 4, 2, 2, 2, 1, 3, 3, 1, 3, 4] [6, 4, 4, 4, 3, 6, 5, 6, 5, 7, 6, 6, 8, 5, 7, 6, 6, 4, 5, 4, 4, 7, 7, 7, 5, 5, 6, 4, 5, 8, 5, 7, 7, 6, 7, 4, 5, 4, 8, 4, 6, 8, 6, 8, 4, 7, 6, 3, 8, 3, 5, 5, 5, 3, 6, 3, 7, 4, 6, 7, 5, 7, 5, 4, 6, 3, 6, 5, 7, 6, 8, 4, 4, 5, 5, 7, 7, 5, 6, 8]
B_28 55.06 B 68 [3, 2, 1, 4, 4, 2, 4, 2, 4, 3, 3, 2, 4, 4, 1, 4, 2, 2, 2, 2, 3, 1, 1, 1, 4, 3, 2, 4, 3, 1, 1, 3, 3, 4, 1, 4, 2, 3, 3, 1, 3, 3, 4, 1, 1, 2, 2, 1, 1, 2, 1, 4, 3, 1, 3, 1, 4, 1, 2, 1, 3, 4, 1, 1, 4, 3, 2, 3, 3, 1, 2, 4, 4, 4, 4, 2, 3, 4, 1, 1] [6, 5, 4, 8, 6, 5, 6, 4, 7, 7, 6, 5, 8, 7, 3, 7, 5, 6, 4, 5, 7, 3, 3, 3, 6, 6, 4, 7, 5, 3, 4, 5, 6, 6, 3, 8, 5, 6, 5, 4, 7, 5, 8, 3, 3, 6, 5, 3, 3, 6, 3, 6, 5, 3, 6, 5, 6, 4, 4, 5, 7, 7, 4, 3, 6, 7, 4, 7, 5, 3, 6, 8, 8, 7, 7, 4, 6, 7, 4, 5]
B_29 56.95 B 69 [4, 1, 2, 1, 1, 4, 4, 3, 4, 2, 1, 1, 2, 4, 1, 2, 3, 2, 3, 2, 4, 3, 1, 4, 3, 2, 4, 2, 2, 4, 4, 1, 2, 3, 3, 2, 3, 1, 2, 1, 2, 3, 3, 1, 3, 3, 4, 3, 3, 4, 4, 3, 3, 1, 1, 1, 4, 3, 3, 1, 2, 4, 2, 4, 4, 1, 3, 4, 1, 2, 2, 4, 2, 2, 2, 1, 3, 1, 3, 2] [7, 4, 6, 3, 5, 6, 6, 5, 8, 4, 5, 4, 6, 7, 3, 4, 6, 4, 7, 5, 6, 7, 5, 8, 7, 5, 6, 5, 4, 6, 6, 3, 4, 7, 6, 5, 6, 4, 4, 4, 4, 7, 6, 4, 7, 5, 7, 7, 5, 6, 8, 6, 5, 5, 5, 3, 8, 7, 6, 3, 6, 8, 6, 8, 7, 4, 6, 6, 3, 5, 5, 8, 4, 4, 4, 4, 6, 4, 7, 6]
B_30 57.95 B 70 [4, 2, 3, 3, 4, 1, 2, 3, 2, 2, 2, 2, 2, 2, 4, 1, 1, 2, 1, 1, 1, 1, 4, 3, 4, 3, 3, 3, 3, 1, 2, 2, 4, 3, 4, 4, 3, 4, 1, 1, 2, 1, 2, 4, 1, 4, 4, 3, 3, 3, 1, 1, 1, 2, 1, 2, 2, 2, 1, 1, 3, 1, 1, 2, 2, 1, 3, 4, 2, 2, 4, 1, 3, 4, 2, 3, 3, 4, 4, 4] [6, 4, 5, 5, 7, 4, 6, 7, 5, 5, 4, 4, 4, 6, 6, 4, 3, 4, 3, 5, 5, 3, 7, 7, 6, 7, 6, 6, 7, 4, 4, 6, 6, 7, 6, 8, 7, 8, 3, 3, 4, 3, 4, 6, 4, 6, 7, 7, 7, 5, 4, 5, 3, 4, 5, 6, 6, 4, 4, 3, 5, 3, 5, 4, 5, 4, 6, 8, 6, 5, 8, 3, 7, 7, 5, 7, 5, 7, 6, 8]
B_31 58.95 B 71 [4, 1, 4, 4, 4, 2, 4, 1, 3, 3, 2, 2, 4, 2, 4, 1, 3, 4, 2, 2, 2, 4, 2, 1, 1, 4, 1, 4, 3, 4, 1, 3, 3, 1, 1, 3, 4, 3, 1, 4, 3, 1, 1, 1, 1, 4, 2, 1, 2, 1, 1, 3, 3, 1, 1, 1, 2, 2, 1, 3, 3, 3, 4, 3, 1, 4, 4, 2, 4, 4, 1, 2, 3, 3, 1, 4, 4, 2, 1, 3] [7, 4, 6, 8, 7, 6, 7, 3, 7, 5, 4, 4, 8, 4, 7, 5, 6, 8, 4, 4, 4, 6, 5, 5, 4, 8, 5, 7, 7, 8, 4, 7, 5, 5, 4, 5, 6, 5, 5, 8, 5, 4, 5, 5, 5, 7, 4, 5, 6, 4, 5, 5, 5, 5, 4, 5, 5, 6, 3, 7, 6, 7, 8, 5, 5, 7, 8, 4, 8, 8, 3, 6, 6, 6, 5, 7, 7, 5, 4, 6]
B_32 59.95 B 72 [3, 1, 4, 4, 3, 1, 1, 2, 1, 3, 1, 4, 4, 2, 4, 3, 4, 2, 2, 2, 2, 4, 3, 2, 2, 3, 4, 1, 1, 4, 3, 2, 1, 4, 3, 1, 3, 3, 3, 3, 1, 3, 3, 3, 4, 4, 2, 3, 3, 3, 4, 2, 2, 1, 2, 1, 4, 4, 3, 3, 4, 1, 4, 3, 2, 2, 2, 2, 4, 2, 3, 3, 3, 4, 4, 4, 3, 2, 4, 2] [6, 4, 6, 8, 7, 3, 3, 4, 3, 7, 4, 8, 8, 6, 7, 6, 8, 6, 4, 6, 5, 6, 6, 5, 4, 6, 6, 5, 3, 8, 6, 6, 3, 6, 5, 5, 5, 5, 7, 6, 3, 5, 5, 7, 7, 7, 4, 7, 5, 6, 6, 5, 4, 4, 6, 4, 8, 8, 5, 7, 8, 4, 8, 6, 4, 5, 5, 4, 8, 4, 7, 6, 7, 8, 8, 6, 6, 5, 6, 5]
B_33 62.02 B 73 [4, 2, 1, 3, 2, 1, 1, 4, 4, 2, 1, 1, 2, 2, 3, 2, 4, 1, 2, 1, 2, 3, 2, 2, 2, 1, 2, 3, 3, 3, 3, 4, 4, 4, 3, 4, 1, 3, 2, 2, 1, 1, 2, 3, 2, 2, 4, 2, 2, 1, 4, 3, 2, 1, 1, 1, 4, 1, 3, 1, 2, 3, 4, 1, 1, 2, 2, 2, 4, 2, 4, 3, 4, 3, 2, 3, 2, 3, 4, 3] [7, 6, 3, 7, 4, 5, 3, 7, 7, 4, 4, 4, 4, 5, 5, 4, 6, 5, 6, 4, 4, 7, 5, 6, 5, 5, 4, 6, 5, 5, 5, 7, 6, 8, 7, 7, 5, 7, 5, 5, 5, 4, 5, 7, 4, 6, 8, 5, 6, 3, 8, 5, 4, 3, 4, 3, 6, 4, 6, 5, 6, 5, 6, 4, 5, 4, 5, 5, 7, 4, 7, 6, 8, 5, 5, 5, 4, 6, 6, 5]
B_34 63.02 B 74 [1, 3, 2, 2, 4, 4, 1, 4, 4, 2, 1, 3, 2, 1, 1, 1, 3, 4, 4, 2, 4, 2, 1, 4, 3, 1, 2, 1, 1, 3, 2, 1, 2, 2, 1, 1, 4, 1, 1, 1, 3, 4, 1, 1, 1, 2, 4, 2, 1, 1, 4, 3, 3, 3, 2, 4, 2, 2, 4, 4, 2, 2, 1, 4, 4, 3, 2, 1, 4, 2, 2, 1, 4, 2, 3, 2, 3, 3, 4, 1] [5, 7, 5, 5, 6, 7, 3, 8, 7, 4, 3, 7, 6, 3, 4, 4, 6, 8, 6, 4, 7, 4, 3, 7, 5, 5, 5, 4, 3, 6, 4, 5, 6, 5, 3, 5, 8, 5, 3, 3, 7, 7, 5, 4, 4, 6, 8, 4, 5, 5, 7, 5, 6, 7, 6, 8, 4, 4, 8, 8, 5, 5, 4, 8, 6, 6, 4, 5, 7, 4, 5, 5, 8, 5, 5, 5, 5, 6, 6, 5]
B_35 64.21000000000001 B 75 [3, 3, 4, 3, 2, 4, 2, 4, 3, 3, 3, 2, 3, 2, 3, 1, 4, 1, 2, 4, 4, 3, 4, 4, 4, 4, 4, 4, 2, 4, 4, 1, 2, 1, 2, 1, 2, 2, 2, 3, 2, 4, 2, 2, 1, 3, 4, 2, 3, 2, 1, 1, 4, 3, 1, 2, 2, 1, 1, 1, 1, 3, 3, 3, 4, 2, 3, 3, 2, 1, 3, 4, 4, 3, 2, 3, 2, 4, 4, 3] [5, 6, 6, 5, 5, 6, 5, 8, 5, 7, 5, 5, 7, 6, 6, 5, 6, 4, 5, 8, 6, 5, 7, 7, 6, 6, 8, 6, 5, 6, 6, 4, 5, 5, 5, 3, 4, 6, 5, 6, 4, 6, 5, 4, 5, 6, 6, 4, 7, 4, 4, 3, 7, 5, 5, 6, 5, 3, 5, 4, 3, 6, 7, 7, 6, 6, 6, 7, 4, 4, 7, 7, 6, 5, 5, 7, 5, 6, 6, 7]
B_36 65.21000000000001 B 76 [4, 3, 3, 1, 3, 2, 2, 2, 3, 3, 2, 1, 4, 1, 4, 1, 1, 1, 4, 1, 4, 3, 2, 2, 2, 3, 2, 3, 3, 1, 2, 4, 4, 1, 4, 3, 2, 1, 4, 2, 3, 1, 3, 1, 3, 2, 3, 4, 2, 1, 2, 4, 4, 4, 1, 1, 2, 2, 1, 2, 1, 1, 1, 1, 3, 2, 2, 3, 3, 3, 3, 4, 3, 2, 3, 2, 2, 2, 2, 4] [8, 5, 5, 5, 7, 5, 6, 4, 6, 6, 5, 4, 8, 4, 7, 3, 5, 3, 8, 4, 6, 5, 4, 4, 4, 7, 5, 6, 6, 5, 5, 6, 7, 4, 7, 7, 6, 4, 7, 6, 6, 5, 5, 3, 7, 5, 5, 7, 5, 3, 4, 6, 8, 8, 3, 5, 6, 6, 5, 6, 4, 5, 4, 4, 7, 5, 4, 7, 6, 6, 5, 7, 6, 4, 5, 5, 5, 6, 6, 6]
B_37 66.49000000000001 B 77 [2, 4, 4, 2, 4, 2, 3, 4, 1, 1, 3, 2, 3, 1, 2, 2, 2, 2, 3, 3, 4, 2, 2, 2, 2, 3, 2, 4, 1, 2, 1, 3, 4, 1, 3, 1, 1, 2, 4, 2, 2, 3, 4, 2, 4, 2, 4, 3, 2, 4, 3, 1, 1, 3, 1, 3, 1, 2, 2, 3, 4, 4, 2, 3, 1, 4, 3, 1, 4, 1, 4, 2, 2, 3, 3, 4, 2, 2, 3, 2] [6, 6, 7, 6, 8, 6, 7, 6, 3, 3, 6, 6, 7, 5, 5, 4, 5, 6, 6, 6, 7, 6, 5, 4, 6, 5, 6, 6, 3, 4, 4, 6, 8, 5, 7, 3, 5, 5, 8, 4, 4, 5, 7, 5, 6, 6, 8, 7, 5, 6, 6, 3, 3, 7, 4, 5, 3, 4, 6, 6, 6, 7, 6, 5, 5, 8, 5, 5, 7, 4, 7, 5, 5, 6, 6, 6, 6, 6, 7, 4]
B_38 67.95 B 78 [4, 2, 4, 3, 1, 4, 3, 2, 2, 2, 1, 1, 3, 2, 4, 3, 1, 1, 4, 1, 4, 4, 4, 3, 2, 3, 3, 4, 4, 1, 2, 2, 2, 3, 1, 3, 4, 2, 1, 2, 2, 4, 4, 3, 1, 4, 4, 1, 2, 3, 1, 2, 4, 2, 4, 2, 3, 1, 3, 1, 3, 1, 1, 1, 1, 1, 1, 3, 1, 3, 4, 1, 4, 4, 4, 4, 2, 3, 1, 3] [8, 6, 7, 7, 5, 6, 7, 5, 4, 4, 5, 4, 6, 5, 7, 6, 3, 5, 8, 5, 7, 7, 6, 7, 6, 5, 5, 7, 6, 4, 5, 6, 6, 6, 3, 7, 8, 5, 5, 6, 4, 8, 7, 7, 5, 7, 7, 3, 4, 6, 4, 6, 7, 5, 8, 5, 5, 3, 5, 3, 5, 3, 5, 5, 5, 4, 5, 6, 4, 7, 6, 4, 6, 6, 6, 6, 6, 7, 3, 6]
B_39 70.03 B 79 [1, 4, 2, 2, 4, 2, 2, 3, 3, 2, 3, 1, 2, 1, 1, 2, 3, 2, 1, 1, 3, 3, 1, 1, 2, 1, 1, 3, 2, 2, 4, 3, 1, 2, 4, 2, 4, 3, 1, 3, 2, 2, 2, 3, 4, 3, 2, 2, 3, 2, 3, 1, 1, 1, 2, 1, 3, 1, 4, 2, 4, 1, 3, 1, 3, 1, 3, 4, 1, 2, 4, 3, 2, 3, 1, 3, 4, 2, 3, 1] [4, 8, 4, 6, 8, 6, 5, 6, 6, 4, 7, 3, 5, 4, 3, 4, 7, 6, 3, 4, 7, 6, 3, 5, 4, 3, 4, 5, 4, 5, 8, 7, 3, 5, 8, 5, 6, 7, 5, 6, 5, 6, 6, 7, 6, 6, 4, 4, 7, 4, 5, 4, 5, 5, 5, 5, 5, 5, 8, 4, 6, 5, 5, 3, 7, 3, 6, 8, 5, 6, 8, 6, 5, 5, 5, 7, 6, 4, 6, 5]
