A_0 2.36 A 0 [5, 5, 1, 3, 4, 3, 4, 1, 2, 4, 6, 1, 1, 2, 3, 6, 5, 1, 5, 2, 3, 2, 3, 5, 5, 5, 3, 3, 6, 6, 4, 3, 3, 3, 2, 4, 5, 6, 3, 5, 4, 2, 6, 1, 1, 6, 3, 4, 4, 2, 3, 3, 3, 5, 6, 1, 2, 6, 1, 5, 4, 1, 6, 5, 2, 4, 4, 6, 6, 1, 5, 1, 4, 6, 2, 2, 6, 5, 2, 6] [6, 6, 1, 4, 4, 5, 5, 2, 2, 5, 6, 1, 3, 2, 4, 6, 6, 3, 6, 4, 5, 4, 3, 5, 5, 6, 3, 3, 6, 8, 6, 5, 5, 3, 4, 6, 5, 7, 5, 5, 4, 3, 6, 1, 1, 8, 5, 5, 6, 3, 3, 4, 3, 6, 7, 3, 2, 7, 3, 6, 5, 1, 7, 7, 4, 4, 4, 7, 8, 2, 6, 1, 4, 6, 3, 4, 8, 6, 2, 8]
A_1 3.36 A 1 [5, 1, 1, 2, 3, 2, 6, 1, 6, 6, 6, 5, 1, 1, 5, 1, 5, 4, 1, 5, 3, 3, 6, 4, 6, 4, 5, 2, 6, 5, 3, 6, 4, 3, 3, 6, 5, 1, 2, 1, 5, 4, 5, 1, 1, 3, 6, 3, 6, 5, 4, 4, 5, 5, 1, 5, 2, 1, 4, 6, 1, 1, 4, 3, 3, 6, 1, 2, 4, 6, 5, 3, 2, 3, 5, 3, 4, 1, 6, 3] [6, 1, 2, 3, 5, 3, 7, 3, 7, 6, 8, 7, 3, 1, 5, 2, 5, 5, 3, 7, 4, 5, 7, 5, 8, 5, 5, 4, 6, 7, 3, 8, 6, 4, 5, 8, 7, 1, 4, 3, 6, 5, 6, 3, 3, 5, 7, 3, 7, 5, 6, 5, 5, 6, 1, 5, 3, 2, 4, 8, 1, 2, 4, 4, 4, 8, 3, 3, 6, 6, 5, 4, 3, 3, 7, 3, 4, 3, 8, 3]
A_2 4.359999999999999 A 2 [1, 1, 6, 4, 6, 6, 5, 6, 4, 6, 4, 2, 2, 3, 3, 4, 3, 4, 5, 6, 2, 2, 1, 2, 4, 5, 4, 5, 2, 5, 6, 4, 4, 2, 5, 3, 5, 2, 1, 3, 2, 3, 1, 2, 3, 2, 5, 6, 1, 5, 6, 2, 4, 1, 6, 6, 1, 4, 4, 1, 3, 6, 1, 6, 2, 2, 5, 4, 5, 3, 5, 4, 5, 5, 1, 5, 6, 5, 6, 3] [1, 2, 7, 4, 6, 7, 6, 7, 6, 7, 4, 4, 3, 4, 5, 4, 4, 6, 6, 7, 3, 2, 2, 4, 5, 5, 4, 6, 4, 5, 6, 4, 4, 2, 6, 4, 6, 3, 1, 5, 2, 5, 1, 4, 5, 3, 6, 6, 2, 5, 6, 3, 5, 2, 8, 8, 1, 4, 4, 1, 5, 8, 2, 8, 2, 3, 7, 4, 6, 3, 5, 6, 5, 6, 2, 7, 6, 6, 6, 4]
A_3 6.279999999999999 A 3 [3, 2, 4, 1, 3, 6, 2, 3, 3, 1, 5, 4, 6, 2, 5, 6, 4, 4, 1, 1, 1, 2, 5, 2, 6, 5, 5, 5, 1, 2, 6, 1, 5, 5, 2, 3, 1, 4, 3, 2, 4, 3, 1, 1, 3, 4, 4, 5, 6, 5, 2, 4, 6, 2, 1, 2, 6, 2, 4, 6, 3, 3, 4, 1, 4, 1, 1, 6, 5, 5, 3, 1, 3, 4, 1, 6, 5, 6, 2, 2] [4, 3, 4, 2, 5, 7, 2, 5, 5, 1, 5, 6, 6, 4, 5, 8, 5, 4, 2, 3, 3, 4, 7, 3, 6, 5, 7, 7, 2, 2, 6, 2, 5, 6, 4, 3, 2, 4, 5, 4, 4, 4, 1, 1, 4, 5, 6, 7, 7, 5, 3, 4, 6, 2, 3, 2, 6, 3, 6, 7, 5, 4, 4, 3, 5, 2, 1, 6, 6, 6, 4, 1, 3, 4, 2, 7, 5, 7, 3, 4]
A_4 9.43 A 4 [4, 3, 6, 3, 6, 5, 4, 6, 2, 5, 5, 2, 4, 6, 4, 6, 4, 4, 4, 1, 4, 6, 4, 1, 1, 3, 3, 4, 4, 6, 3, 3, 6, 2, 1, 4, 1, 4, 1, 6, 1, 2, 6, 4, 3, 5, 6, 2, 1, 6, 3, 2, 2, 4, 2, 1, 5, 1, 4, 3, 2, 4, 2, 3, 6, 5, 3, 5, 4, 5, 1, 4, 1, 3, 6, 6, 2, 5, 5, 6] [4, 5, 6, 5, 8, 5, 4, 7, 2, 7, 7, 4, 6, 7, 6, 7, 6, 6, 5, 1, 4, 7, 6, 1, 2, 3, 3, 4, 5, 7, 5, 3, 6, 2, 2, 5, 3, 6, 1, 6, 1, 3, 8, 6, 4, 7, 8, 2, 3, 6, 5, 4, 3, 4, 2, 3, 6, 2, 4, 3, 2, 6, 3, 5, 7, 6, 4, 7, 6, 6, 3, 4, 1, 3, 6, 7, 4, 6, 7, 8]
A_5 10.43 A 5 [3, 2, 6, 6, 5, 4, 6, 2, 2, 1, 6, 1, 2, 1, 4, 5, 1, 1, 1, 4, 2, 3, 3, 2, 4, 5, 1, 1, 4, 3, 6, 4, 1, 2, 1, 5, 4, 6, 3, 4, 6, 2, 5, 1, 1, 1, 2, 6, 1, 5, 3, 6, 1, 6, 4, 4, 6, 5, 4, 4, 5, 6, 2, 5, 3, 5, 5, 3, 4, 4, 4, 2, 5, 3, 4, 2, 4, 6, 3, 1] [5, 3, 7, 7, 5, 4, 6, 3, 4, 2, 7, 3, 4, 2, 4, 6, 1, 3, 3, 6, 4, 4, 5, 2, 5, 6, 1, 3, 5, 4, 8, 6, 3, 2, 2, 7, 4, 7, 5, 6, 7, 3, 6, 2, 1, 3, 4, 8, 1, 7, 5, 8, 3, 6, 5, 5, 6, 5, 5, 4, 7, 7, 2, 7, 3, 7, 5, 4, 4, 4, 4, 4, 5, 5, 4, 4, 6, 6, 3, 1]
A_6 13.65 A 6 [4, 6, 5, 2, 4, 6, 6, 5, 1, 5, 3, 4, 4, 3, 5, 5, 6, 4, 6, 1, 5, 1, 3, 5, 6, 4, 2, 1, 5, 4, 2, 2, 3, 6, 3, 1, 2, 1, 1, 6, 5, 2, 5, 6, 2, 1, 4, 5, 5, 1, 6, 1, 2, 1, 6, 1, 2, 4, 6, 6, 6, 2, 2, 4, 4, 4, 1, 6, 6, 5, 6, 5, 4, 6, 1, 3, 1, 5, 6, 3] [5, 7, 6, 2, 4, 6, 6, 5, 2, 5, 3, 4, 5, 4, 7, 7, 7, 4, 8, 2, 7, 1, 4, 6, 7, 5, 3, 1, 6, 4, 4, 4, 4, 7, 5, 2, 2, 1, 1, 6, 5, 4, 5, 8, 4, 3, 4, 6, 6, 3, 8, 3, 4, 2, 6, 3, 4, 6, 6, 7, 8, 4, 2, 6, 6, 5, 3, 8, 8, 6, 7, 6, 5, 8, 2, 3, 2, 5, 6, 3]
A_7 14.65 A 7 [1, 1, 6, 3, 6, 2, 5, 3, 3, 5, 4, 2, 5, 1, 2, 2, 2, 1, 1, 6, 2, 3, 6, 5, 1, 5, 1, 6, 5, 1, 2, 4, 2, 4, 2, 5, 2, 6, 3, 4, 6, 4, 1, 5, 4, 4, 2, 6, 2, 6, 1, 2, 4, 3, 6, 6, 5, 6, 2, 2, 3, 2, 2, 1, 6, 2, 3, 5, 6, 6, 3, 6, 6, 6, 5, 1, 5, 3, 4, 2] [2, 3, 7, 5, 7, 3, 5, 5, 3, 6, 6, 4, 6, 2, 4, 2, 3, 1, 1, 7, 2, 3, 6, 6, 3, 7, 1, 8, 5, 1, 4, 6, 4, 4, 2, 7, 2, 7, 5, 6, 6, 5, 2, 6, 5, 4, 2, 6, 3, 7, 1, 3, 4, 4, 6, 8, 5, 8, 3, 3, 4, 2, 2, 2, 7, 2, 5, 5, 6, 8, 5, 7, 8, 7, 7, 2, 5, 5, 4, 2]
A_8 16.4 A 8 [2, 6, 4, 3, 2, 2, 1, 3, 1, 5, 6, 1, 2, 5, 3, 5, 1, 1, 3, 4, 2, 5, 6, 4, 1, 5, 6, 2, 3, 6, 2, 4, 3, 3, 4, 2, 3, 4, 6, 4, 2, 6, 1, 1, 6, 3, 2, 4, 6, 2, 6, 4, 2, 2, 3, 1, 4, 1, 6, 5, 3, 5, 3, 2, 3, 3, 5, 3, 5, 4, 4, 2, 4, 4, 2, 6, 6, 3, 4, 6] [2, 7, 6, 5, 2, 4, 2, 3, 1, 6, 8, 1, 4, 6, 5, 5, 3, 2, 3, 5, 4, 5, 7, 4, 1, 6, 7, 2, 4, 6, 4, 6, 3, 5, 6, 2, 3, 5, 8, 6, 4, 6, 3, 2, 8, 4, 3, 6, 6, 3, 8, 6, 4, 4, 4, 2, 4, 2, 7, 6, 5, 7, 4, 2, 5, 3, 5, 5, 6, 6, 4, 3, 5, 5, 3, 8, 8, 4, 4, 6]
A_9 17.4 A 9 [4, 6, 6, 1, 5, 1, 5, 5, 5, 3, 1, 2, 6, 4, 6, 1, 2, 4, 5, 5, 3, 3, 4, 4, 4, 3, 3, 4, 2, 5, 2, 3, 4, 3, 5, 4, 3, 2, 5, 5, 6, 4, 1, 2, 4, 5, 3, 5, 2, 2, 5, 1, 4, 6, 2, 3, 4, 6, 6, 6, 2, 6, 5, 4, 4, 4, 6, 6, 1, 2, 5, 5, 2, 4, 3, 4, 3, 5, 6, 2] [5, 6, 7, 1, 7, 2, 5, 6, 6, 3, 2, 3, 6, 6, 7, 3, 3, 5, 7, 5, 4, 5, 6, 6, 6, 5, 3, 5, 2, 5, 2, 5, 4, 3, 7, 5, 4, 3, 6, 7, 8, 4, 2, 2, 4, 5, 5, 5, 2, 2, 5, 1, 6, 8, 2, 3, 5, 6, 7, 6, 4, 7, 5, 5, 6, 4, 7, 7, 3, 2, 7, 5, 4, 6, 5, 4, 5, 5, 8, 4]
A_10 18.889999999999997 A 10 [6, 6, 4, 5, 5, 6, 3, 4, 6, 1, 4, 1, 2, 2, 4, 1, 1, 3, 5, 4, 5, 4, 4, 2, 4, 2, 3, 3, 4, 1, 5, 3, 5, 5, 3, 1, 2, 3, 3, 6, 3, 5, 2, 5, 4, 1, 3, 3, 1, 1, 3, 6, 2, 2, 6, 1, 5, 1, 2, 2, 1, 2, 1, 2, 3, 4, 3, 1, 2, 4, 6, 3, 1, 4, 3, 4, 5, 5, 1, 1] [6, 8, 4, 5, 7, 7, 3, 6, 8, 2, 5, 1, 4, 2, 5, 1, 2, 5, 6, 4, 5, 4, 4, 3, 5, 2, 3, 4, 4, 1, 7, 4, 5, 7, 4, 3, 3, 4, 4, 6, 4, 6, 4, 6, 5, 2, 5, 5, 2, 3, 4, 6, 3, 2, 8, 3, 5, 1, 4, 3, 2, 4, 2, 4, 3, 6, 4, 1, 4, 4, 6, 4, 3, 5, 5, 4, 5, 6, 1, 2]
A_11 19.889999999999997 A 11 [1, 5, 2, 4, 2, 1, 4, 2, 1, 2, 1, 1, 3, 2, 5, 6, 4, 2, 5, 5, 2, 6, 1, 4, 6, 1, 2, 3, 1, 4, 2, 4, 4, 6, 5, 1, 6, 1, 3, 4, 5, 3, 2, 1, 4, 4, 2, 1, 2, 3, 4, 1, 6, 1, 5, 5, 1, 4, 5, 6, 2, 4, 6, 5, 1, 2, 6, 2, 6, 5, 5, 4, 5, 6, 2, 6, 4, 1, 5, 3] [1, 7, 4, 6, 4, 3, 4, 4, 1, 3, 1, 3, 4, 3, 5, 6, 5, 2, 5, 5, 2, 8, 3, 6, 8, 1, 4, 4, 3, 6, 3, 5, 5, 6, 6, 1, 7, 2, 5, 4, 5, 5, 2, 3, 6, 4, 4, 1, 4, 4, 4, 2, 8, 3, 5, 6, 1, 6, 6, 7, 2, 6, 7, 6, 3, 4, 8, 2, 6, 7, 5, 6, 5, 8, 4, 7, 5, 1, 5, 5]
A_12 20.889999999999997 A 12 [1, 1, 2, 6, 4, 2, 4, 5, 2, 6, 2, 3, 6, 3, 1, 3, 5, 6, 4, 3, 1, 6, 4, 3, 3, 4, 6, 1, 1, 3, 4, 3, 4, 2, 5, 6, 5, 3, 3, 3, 2, 2, 3, 3, 5, 4, 5, 1, 5, 6, 1, 6, 1, 2, 6, 4, 5, 1, 5, 5, 5, 1, 1, 1, 1, 2, 2, 5, 4, 1, 6, 3, 2, 5, 1, 1, 5, 5, 6, 4] [3, 3, 3, 6, 6, 4, 5, 6, 4, 6, 4, 4, 7, 5, 2, 3, 5, 8, 4, 5, 2, 6, 5, 3, 4, 6, 8, 3, 2, 3, 5, 3, 5, 4, 5, 8, 5, 4, 5, 4, 2, 2, 4, 5, 5, 5, 5, 2, 7, 6, 3, 8, 3, 3, 8, 4, 6, 3, 5, 5, 7, 1, 1, 2, 1, 3, 2, 5, 6, 1, 6, 5, 3, 7, 3, 1, 5, 6, 6, 6]
A_13 21.889999999999997 A 13 [2, 1, 3, 2, 6, 1, 3, 1, 5, 4, 2, 2, 3, 4, 2, 4, 1, 2, 3, 5, 2, 5, 6, 6, 5, 5, 5, 6, 6, 2, 4, 6, 2, 4, 5, 6, 5, 3, 6, 1, 6, 3, 4, 1, 2, 6, 1, 1, 1, 5, 3, 3, 3, 2, 3, 2, 6, 6, 1, 2, 6, 4, 5, 6, 5, 4, 4, 2, 3, 1, 1, 6, 4, 4, 6, 1, 5, 6, 1, 6] [2, 1, 4, 4, 7, 2, 4, 2, 6, 6, 2, 3, 5, 4, 2, 5, 2, 2, 3, 6, 3, 7, 6, 8, 5, 6, 7, 8, 8, 3, 4, 8, 2, 6, 7, 6, 7, 4, 6, 2, 6, 3, 5, 1, 3, 6, 2, 3, 2, 5, 5, 5, 4, 3, 3, 3, 8, 6, 3, 2, 7, 6, 7, 7, 6, 6, 4, 4, 3, 2, 3, 8, 5, 4, 6, 3, 5, 7, 3, 7]
A_14 25.039999999999996 A 14 [3, 5, 3, 5, 4, 4, 5, 2, 3, 6, 4, 5, 1, 2, 3, 2, 2, 6, 4, 5, 5, 1, 4, 6, 1, 5, 2, 6, 2, 3, 5, 5, 6, 2, 1, 2, 1, 5, 2, 1, 2, 2, 6, 2, 3, 1, 5, 4, 4, 4, 1, 3, 3, 2, 2, 2, 1, 6, 1, 6, 6, 3, 6, 1, 2, 1, 1, 1, 6, 6, 6, 6, 5, 6, 2, 5, 1, 4, 2, 3] [4, 5, 5, 5, 6, 4, 7, 4, 5, 7, 5, 5, 2, 2, 5, 4, 4, 6, 4, 7, 6, 1, 5, 6, 1, 5, 3, 7, 4, 5, 6, 6, 8, 2, 1, 2, 2, 5, 4, 2, 4, 2, 8, 2, 4, 2, 7, 4, 5, 6, 1, 5, 5, 3, 3, 2, 3, 6, 1, 7, 8, 5, 6, 3, 2, 1, 1, 2, 7, 8, 8, 7, 5, 6, 4, 7, 2, 4, 2, 4]
A_15 26.039999999999996 A 15 [6, 1, 4, 6, 6, 5, 5, 2, 5, 1, 1, 6, 3, 4, 2, 4, 3, 5, 2, 2, 4, 1, 4, 4, 4, 6, 5, 3, 1, 4, 5, 5, 1, 4, 5, 2, 2, 3, 6, 3, 3, 5, 5, 6, 4, 3, 2, 6, 5, 2, 2, 6, 4, 2, 4, 1, 2, 2, 6, 4, 3, 4, 1, 4, 2, 2, 6, 3, 3, 1, 3, 3, 1, 1, 3, 5, 1, 3, 1, 4] [6, 2, 4, 8, 7, 6, 7, 2, 5, 3, 1, 6, 3, 5, 4, 5, 5, 5, 3, 4, 4, 2, 4, 5, 6, 6, 6, 4, 1, 6, 6, 5, 3, 5, 7, 2, 3, 4, 6, 4, 3, 6, 5, 6, 4, 5, 2, 6, 7, 4, 3, 8, 5, 3, 6, 2, 4, 3, 7, 6, 4, 6, 1, 5, 3, 3, 6, 3, 3, 2, 4, 4, 3, 3, 3, 7, 3, 4, 2, 5]
A_16 28.529999999999994 A 16 [5, 5, 3, 4, 4, 1, 6, 2, 1, 2, 1, 4, 5, 1, 2, 3, 6, 3, 6, 2, 1, 4, 4, 5, 3, 5, 5, 1, 4, 5, 4, 6, 3, 6, 4, 5, 4, 2, 3, 4, 2, 1, 6, 2, 2, 1, 3, 2, 1, 6, 5, 3, 4, 5, 1, 6, 4, 1, 6, 3, 3, 2, 3, 6, 6, 2, 4, 3, 2, 1, 2, 4, 6, 2, 5, 2, 3, 1, 4, 5] [6, 5, 4, 5, 6, 1, 7, 3, 3, 3, 2, 5, 5, 2, 4, 5, 8, 4, 8, 3, 2, 4, 4, 7, 3, 5, 6, 3, 6, 7, 6, 7, 3, 8, 6, 5, 4, 3, 3, 6, 3, 1, 6, 3, 3, 2, 5, 2, 3, 6, 6, 3, 5, 6, 2, 8, 4, 1, 8, 3, 5, 4, 4, 7, 6, 2, 4, 4, 2, 1, 3, 4, 6, 2, 7, 2, 5, 3, 4, 6]
A_17 30.499999999999993 A 17 [1, 4, 4, 4, 4, 1, 4, 1, 1, 4, 3, 2, 6, 2, 6, 5, 3, 6, 6, 4, 6, 4, 6, 5, 3, 4, 5, 1, 6, 2, 3, 5, 6, 5, 6, 6, 4, 2, 6, 1, 2, 2, 3, 5, 1, 4, 1, 6, 3, 5, 1, 2, 4, 5, 6, 6, 2, 1, 2, 6, 3, 1, 6, 3, 3, 6, 6, 5, 5, 2, 4, 4, 4, 4, 2, 5, 3, 4, 2, 3] [3, 5, 6, 4, 6, 3, 4, 1, 2, 5, 5, 2, 8, 2, 6, 5, 4, 7, 8, 5, 8, 5, 6, 5, 4, 5, 6, 2, 8, 3, 4, 6, 8, 7, 8, 6, 6, 2, 6, 2, 3, 4, 3, 6, 1, 5, 2, 8, 3, 7, 1, 2, 6, 7, 7, 8, 2, 3, 3, 7, 4, 3, 7, 4, 4, 7, 7, 6, 6, 3, 6, 4, 4, 6, 2, 6, 3, 4, 3, 3]
A_18 31.499999999999993 A 18 [5, 1, 5, 1, 4, 1, 6, 1, 3, 5, 5, 5, 4, 3, 4, 2, 6, 6, 3, 2, 1, 6, 2, 6, 1, 2, 2, 6, 4, 6, 2, 6, 1, 2, 1, 1, 1, 3, 4, 1, 5, 4, 6, 6, 1, 4, 2, 6, 4, 5, 6, 4, 1, 1, 5, 3, 1, 3, 2, 1, 5, 4, 5, 2, 5, 6, 2, 5, 6, 4, 5, 1, 1, 2, 3, 4, 3, 5, 3, 3] [6, 3, 6, 2, 5, 3, 8, 1, 3, 7, 6, 5, 4, 3, 4, 3, 8, 8, 5, 3, 1, 6, 3, 7, 3, 2, 2, 6, 6, 6, 4, 7, 2, 4, 3, 3, 3, 5, 4, 1, 5, 5, 8, 6, 2, 6, 2, 7, 4, 5, 7, 6, 1, 1, 5, 4, 1, 4, 4, 2, 6, 5, 7, 3, 5, 8, 4, 6, 6, 4, 6, 1, 3, 3, 3, 4, 4, 6, 4, 5]
A_19 36.17999999999999 A 19 [2, 5, 6, 1, 1, 4, 1, 6, 4, 5, 4, 5, 3, 5, 5, 2, 2, 4, 2, 1, 1, 4, 2, 2, 6, 1, 1, 2, 2, 1, 3, 3, 4, 5, 6, 5, 4, 4, 5, 4, 6, 4, 2, 3, 5, 6, 6, 3, 6, 4, 4, 3, 1, 2, 1, 1, 4, 2, 2, 1, 6, 3, 1, 3, 6, 4, 6, 1, 3, 2, 5, 6, 2, 5, 2, 3, 2, 5, 3, 2] [4, 7, 7, 3, 1, 6, 2, 7, 5, 5, 4, 5, 5, 6, 7, 4, 3, 5, 3, 3, 1, 6, 4, 4, 6, 2, 3, 3, 3, 3, 3, 5, 4, 5, 7, 7, 6, 6, 7, 5, 7, 5, 4, 4, 5, 6, 6, 5, 8, 4, 6, 3, 1, 4, 3, 2, 4, 2, 4, 3, 8, 3, 2, 4, 8, 4, 7, 2, 5, 2, 5, 7, 2, 7, 2, 3, 3, 6, 4, 3]
A_20 37.17999999999999 A 20 [3, 3, 2, 1, 4, 2, 5, 2, 2, 3, 5, 2, 1, 2, 5, 4, 1, 6, 1, 1, 4, 6, 5, 4, 4, 2, 2, 4, 2, 2, 1, 2, 2, 5, 1, 2, 3, 1, 5, 4, 5, 5, 2, 4, 4, 1, 4, 4, 6, 5, 2, 4, 2, 4, 3, 4, 1, 4, 2, 1, 4, 3, 2, 2, 2, 3, 3, 1, 5, 5, 1, 2, 5, 4, 6, 1, 4, 3, 4, 6] [5, 4, 3, 3, 4, 4, 7, 2, 4, 4, 5, 2, 2, 3, 6, 4, 2, 8, 1, 1, 4, 6, 6, 4, 5, 3, 4, 5, 2, 2, 2, 3, 3, 5, 1, 4, 4, 1, 7, 6, 7, 7, 2, 4, 4, 1, 4, 4, 7, 6, 2, 6, 2, 6, 4, 4, 1, 5, 2, 2, 6, 3, 2, 4, 4, 5, 4, 1, 5, 6, 2, 4, 5, 4, 6, 1, 4, 5, 4, 6]
A_21 38.33999999999999 A 21 [2, 3, 2, 2, 6, 3, 1, 3, 5, 3, 4, 6, 6, 5, 1, 1, 4, 4, 6, 4, 6, 1, 1, 5, 3, 4, 5, 3, 5, 5, 5, 3, 2, 3, 1, 2, 1, 6, 6, 6, 6, 5, 6, 4, 6, 5, 2, 1, 3, 3, 5, 6, 5, 3, 1, 1, 1, 1, 5, 3, 6, 1, 5, 4, 6, 5, 6, 1, 6, 4, 3, 5, 2, 5, 1, 4, 3, 2, 4, 2] [4, 5, 2, 4, 7, 4, 1, 3, 5, 5, 4, 8, 6, 7, 1, 2, 4, 5, 6, 6, 6, 1, 3, 5, 4, 6, 5, 5, 6, 7, 6, 5, 3, 5, 1, 3, 1, 8, 8, 6, 7, 7, 7, 5, 7, 5, 3, 3, 3, 3, 6, 8, 5, 3, 2, 1, 2, 3, 7, 3, 8, 3, 6, 5, 7, 6, 8, 2, 7, 6, 3, 6, 2, 7, 1, 6, 5, 4, 6, 2]
A_22 43.31999999999999 A 22 [3, 6, 1, 5, 4, 3, 3, 6, 6, 4, 4, 1, 4, 6, 4, 4, 4, 6, 2, 2, 5, 1, 3, 5, 6, 1, 3, 1, 5, 6, 3, 5, 6, 5, 1, 6, 4, 1, 3, 3, 5, 4, 4, 4, 6, 4, 2, 2, 6, 6, 5, 1, 6, 6, 3, 4, 6, 4, 3, 3, 4, 6, 4, 2, 3, 1, 3, 5, 4, 4, 3, 3, 5, 3, 4, 1, 4, 5, 2, 5] [3, 7, 2, 7, 6, 5, 4, 6, 7, 6, 4, 3, 5, 6, 5, 4, 4, 6, 3, 4, 6, 3, 5, 5, 7, 2, 4, 3, 6, 8, 3, 7, 7, 7, 2, 6, 5, 1, 4, 5, 5, 5, 4, 4, 8, 5, 2, 2, 6, 6, 7, 1, 6, 6, 4, 5, 7, 6, 5, 4, 5, 7, 5, 3, 5, 3, 3, 7, 4, 4, 3, 3, 5, 5, 4, 2, 4, 5, 2, 6]
A_23 44.31999999999999 A 23 [5, 4, 2, 2, 1, 2, 5, 5, 4, 4, 2, 4, 3, 6, 6, 4, 5, 5, 6, 2, 4, 5, 5, 5, 1, 2, 5, 4, 2, 6, 5, 4, 1, 4, 2, 1, 3, 5, 5, 6, 5, 6, 4, 6, 5, 1, 6, 1, 3, 1, 3, 5, 4, 5, 6, 2, 5, 3, 1, 1, 5, 3, 6, 4, 1, 4, 6, 5, 6, 6, 6, 1, 5, 5, 1, 6, 2, 4, 6, 3] [5, 5, 4, 3, 1, 2, 6, 6, 4, 6, 3, 6, 3, 8, 6, 5, 7, 5, 7, 4, 4, 5, 5, 6, 2, 3, 7, 6, 4, 6, 5, 4, 1, 4, 2, 3, 4, 6, 6, 6, 7, 8, 4, 7, 7, 2, 7, 3, 3, 3, 4, 6, 5, 7, 6, 3, 6, 4, 2, 2, 5, 3, 6, 6, 2, 4, 7, 7, 7, 8, 8, 2, 5, 7, 3, 7, 3, 5, 7, 5]
A_24 47.849999999999994 A 24 [5, 6, 4, 6, 1, 4, 6, 1, 1, 4, 4, 6, 3, 5, 1, 4, 3, 3, 1, 6, 4, 3, 6, 1, 6, 1, 5, 3, 6, 6, 3, 6, 2, 5, 4, 3, 4, 5, 1, 4, 6, 6, 6, 3, 1, 5, 3, 1, 3, 5, 3, 6, 3, 4, 5, 3, 1, 1, 5, 2, 6, 6, 1, 6, 6, 5, 6, 4, 5, 2, 3, 4, 2, 4, 3, 3, 5, 3, 1, 5] [5, 8, 5, 6, 2, 5, 7, 3, 1, 6, 5, 8, 4, 5, 1, 6, 3, 4, 3, 6, 5, 4, 7, 2, 6, 2, 7, 4, 8, 7, 5, 7, 2, 6, 6, 4, 5, 7, 2, 6, 7, 7, 6, 3, 3, 5, 5, 1, 3, 5, 3, 8, 5, 6, 5, 5, 2, 3, 6, 4, 7, 7, 1, 7, 8, 6, 6, 4, 5, 4, 4, 6, 2, 6, 5, 5, 7, 4, 2, 5]
A_25 48.849999999999994 A 25 [5, 4, 5, 5, 3, 5, 4, 5, 5, 3, 2, 1, 4, 5, 5, 6, 5, 4, 2, 1, 2, 4, 1, 2, 1, 3, 1, 2, 3, 4, 6, 4, 6, 4, 3, 6, 4, 6, 5, 4, 1, 5, 5, 4, 4, 4, 3, 3, 2, 6, 1, 5, 2, 5, 3, 1, 6, 6, 3, 6, 4, 1, 3, 2, 4, 5, 3, 1, 1, 2, 4, 2, 2, 3, 6, 6, 3, 5, 5, 3] [6, 5, 5, 5, 3, 6, 5, 7, 6, 5, 2, 1, 6, 6, 5, 6, 5, 5, 2, 2, 3, 6, 2, 3, 2, 5, 2, 4, 3, 6, 7, 4, 8, 5, 3, 7, 4, 7, 5, 5, 2, 7, 6, 6, 5, 6, 4, 5, 3, 6, 2, 6, 3, 6, 3, 1, 8, 8, 5, 6, 5, 1, 3, 4, 5, 7, 5, 2, 3, 2, 6, 4, 3, 5, 7, 6, 4, 7, 7, 4]
A_26 50.46999999999999 A 26 [3, 5, 4, 5, 3, 1, 2, 1, 6, 3, 3, 2, 6, 5, 2, 5, 5, 5, 2, 1, 2, 5, 3, 5, 5, 1, 1, 3, 4, 2, 6, 2, 3, 4, 2, 4, 6, 4, 2, 3, 4, 5, 4, 2, 6, 6, 4, 2, 6, 5, 4, 1, 2, 5, 4, 6, 3, 4, 6, 4, 6, 2, 5, 6, 2, 4, 3, 3, 2, 2, 6, 6, 5, 2, 1, 6, 1, 5, 4, 2] [3, 5, 4, 7, 3, 1, 3, 1, 7, 3, 3, 4, 8, 7, 3, 6, 6, 6, 2, 3, 4, 5, 4, 7, 7, 2, 2, 5, 4, 3, 7, 3, 3, 4, 3, 4, 6, 6, 2, 3, 4, 7, 6, 3, 8, 6, 4, 3, 7, 5, 6, 1, 4, 6, 4, 7, 4, 4, 7, 6, 7, 4, 5, 8, 3, 4, 5, 3, 3, 4, 6, 8, 6, 3, 1, 8, 1, 7, 5, 2]
A_27 52.11999999999999 A 27 [3, 2, 5, 5, 4, 1, 1, 6, 2, 4, 3, 3, 1, 6, 6, 3, 1, 1, 6, 2, 4, 3, 1, 4, 3, 2, 3, 1, 3, 3, 4, 4, 5, 1, 2, 4, 4, 3, 4, 1, 2, 4, 2, 2, 1, 5, 4, 3, 2, 6, 6, 5, 5, 5, 6, 4, 3, 4, 5, 3, 1, 6, 2, 6, 5, 1, 6, 4, 6, 1, 2, 5, 1, 3, 3, 6, 2, 1, 2, 2] [3, 4, 6, 7, 4, 3, 1, 8, 2, 5, 4, 4, 3, 8, 7, 4, 3, 2, 6, 3, 5, 5, 3, 6, 4, 4, 5, 2, 3, 4, 4, 5, 6, 2, 3, 5, 5, 4, 5, 1, 3, 6, 4, 2, 1, 6, 5, 3, 2, 7, 8, 7, 6, 7, 8, 5, 4, 4, 6, 4, 1, 8, 4, 8, 7, 1, 8, 4, 8, 3, 3, 5, 1, 3, 4, 6, 4, 2, 3, 4]
A_28 55.33999999999999 A 28 [6, 6, 2, 1, 4, 4, 5, 5, 3, 2, 4, 1, 1, 6, 2, 1, 4, 6, 4, 2, 2, 5, 5, 2, 6, 3, 4, 3, 6, 1, 6, 5, 5, 3, 5, 3, 2, 3, 5, 1, 1, 1, 2, 1, 5, 5, 4, 6, 5, 1, 6, 1, 1, 6, 5, 5, 1, 1, 1, 4, 4, 3, 4, 4, 6, 2, 1, 4, 6, 2, 6, 5, 1, 2, 3, 4, 2, 1, 4, 5] [6, 6, 4, 2, 5, 5, 6, 5, 4, 2, 4, 3, 2, 8, 4, 1, 6, 8, 6, 3, 2, 6, 6, 4, 8, 3, 4, 3, 8, 2, 6, 5, 5, 5, 7, 4, 2, 3, 5, 2, 1, 1, 2, 1, 7, 6, 5, 6, 6, 2, 8, 3, 1, 6, 5, 6, 1, 3, 3, 4, 4, 5, 6, 5, 8, 4, 1, 4, 7, 2, 7, 7, 3, 4, 5, 6, 2, 1, 5, 6]
A_29 56.33999999999999 A 29 [6, 5, 5, 2, 6, 3, 4, 1, 6, 5, 1, 4, 3, 2, 3, 4, 5, 2, 6, 1, 2, 5, 6, 6, 6, 4, 2, 3, 1, 2, 2, 1, 6, 2, 1, 6, 4, 6, 6, 2, 3, 5, 3, 3, 2, 3, 1, 6, 5, 5, 2, 2, 4, 4, 2, 4, 4, 5, 4, 1, 4, 1, 4, 2, 5, 3, 3, 6, 6, 1, 6, 6, 2, 5, 5, 1, 6, 6, 5, 5] [8, 7, 5, 2, 7, 4, 4, 1, 6, 5, 1, 6, 3, 3, 5, 6, 7, 3, 6, 3, 2, 7, 8, 6, 7, 6, 3, 4, 2, 4, 2, 3, 8, 3, 1, 8, 6, 7, 8, 2, 4, 6, 3, 4, 2, 4, 3, 6, 5, 6, 2, 2, 5, 5, 2, 4, 4, 5, 4, 1, 6, 3, 6, 4, 5, 3, 3, 7, 7, 3, 8, 6, 4, 5, 7, 1, 8, 7, 5, 7]
A_30 57.33999999999999 A 30 [4, 3, 6, 6, 3, 6, 2, 2, 2, 2, 5, 2, 4, 4, 5, 5, 4, 3, 2, 3, 1, 5, 3, 5, 3, 6, 6, 4, 6, 2, 3, 3, 4, 4, 5, 4, 6, 2, 1, 2, 2, 2, 2, 4, 5, 4, 6, 1, 3, 4, 5, 6, 2, 1, 3, 4, 6, 2, 2, 4, 5, 1, 2, 6, 3, 4, 6, 1, 5, 6, 2, 2, 5, 1, 6, 6, 3, 6, 2, 3] [6, 3, 6, 6, 5, 8, 4, 4, 4, 2, 7, 3, 5, 4, 6, 6, 6, 4, 4, 3, 2, 6, 3, 5, 5, 7, 7, 4, 6, 2, 4, 4, 4, 4, 5, 6, 8, 2, 2, 2, 4, 3, 2, 5, 6, 5, 8, 1, 3, 6, 5, 7, 4, 3, 3, 6, 8, 2, 4, 6, 6, 3, 2, 6, 4, 5, 8, 1, 5, 7, 3, 4, 7, 1, 7, 8, 4, 7, 3, 4]
A_31 59.67999999999999 A 31 [3, 6, 4, 1, 3, 4, 2, 4, 4, 3, 3, 4, 3, 6, 5, 5, 6, 5, 6, 3, 2, 3, 5, 4, 6, 4, 2, 4, 5, 1, 3, 1, 4, 2, 6, 4, 1, 4, 6, 3, 4, 2, 2, 2, 4, 3, 5, 3, 5, 5, 3, 3, 1, 6, 1, 4, 1, 1, 1, 4, 2, 5, 6, 1, 4, 3, 4, 2, 1, 6, 4, 4, 5, 6, 3, 5, 4, 1, 3, 5] [5, 8, 4, 2, 3, 6, 4, 6, 6, 5, 4, 5, 3, 8, 6, 5, 7, 6, 7, 5, 3, 5, 7, 4, 7, 4, 3, 5, 5, 3, 4, 1, 4, 2, 8, 6, 2, 5, 6, 3, 6, 2, 3, 3, 6, 4, 6, 4, 6, 7, 3, 4, 1, 7, 2, 4, 3, 2, 2, 5, 4, 7, 6, 1, 5, 5, 5, 4, 2, 6, 5, 5, 5, 8, 3, 5, 6, 1, 5, 5]
A_32 60.67999999999999 A 32 [3, 4, 4, 5, 6, 1, 3, 2, 3, 4, 5, 4, 4, 2, 6, 1, 3, 6, 1, 4, 2, 2, 6, 1, 2, 6, 3, 5, 5, 6, 4, 4, 3, 3, 3, 6, 5, 4, 3, 6, 4, 3, 5, 2, 6, 2, 6, 3, 6, 6, 5, 5, 5, 4, 3, 1, 3, 1, 2, 4, 2, 1, 4, 5, 1, 6, 6, 2, 3, 5, 2, 5, 2, 3, 6, 2, 1, 3, 2, 4] [5, 6, 4, 5, 6, 3, 4, 4, 3, 4, 5, 5, 5, 2, 8, 3, 3, 8, 2, 4, 3, 3, 7, 1, 2, 8, 3, 6, 5, 8, 4, 4, 5, 5, 5, 6, 6, 5, 4, 7, 6, 5, 6, 4, 8, 4, 6, 5, 8, 8, 6, 5, 6, 4, 4, 1, 3, 1, 2, 5, 4, 3, 5, 7, 3, 7, 8, 4, 5, 7, 2, 6, 4, 4, 7, 3, 3, 3, 3, 6]
A_33 65.64999999999999 A 33 [3, 3, 2, 5, 2, 2, 6, 4, 3, 3, 5, 6, 2, 4, 2, 4, 6, 5, 2, 5, 5, 3, 5, 4, 5, 4, 4, 1, 3, 2, 4, 2, 3, 5, 5, 2, 5, 1, 4, 5, 3, 2, 6, 4, 5, 3, 6, 5, 3, 3, 4, 6, 5, 3, 3, 1, 2, 6, 3, 1, 5, 1, 3, 1, 5, 5, 5, 3, 1, 3, 6, 5, 5, 1, 4, 1, 5, 6, 1, 6] [3, 4, 2, 6, 2, 2, 7, 4, 5, 3, 7, 6, 4, 6, 2, 5, 8, 7, 4, 5, 5, 5, 7, 4, 6, 5, 4, 2, 5, 3, 4, 2, 5, 7, 6, 3, 6, 1, 4, 5, 4, 4, 8, 6, 7, 4, 7, 7, 4, 4, 6, 7, 7, 5, 5, 1, 3, 6, 4, 2, 7, 1, 4, 1, 5, 7, 7, 3, 2, 5, 8, 6, 7, 3, 4, 2, 7, 8, 2, 6]
A_34 67.32 A 34 [2, 3, 5, 2, 1, 1, 3, 2, 4, 5, 3, 5, 5, 5, 1, 5, 4, 6, 1, 6, 1, 1, 1, 2, 4, 3, 2, 2, 5, 1, 5, 6, 3, 5, 2, 4, 6, 2, 3, 3, 6, 3, 4, 6, 6, 6, 2, 4, 1, 5, 4, 5, 5, 2, 1, 1, 6, 3, 5, 5, 4, 5, 1, 3, 2, 2, 1, 6, 3, 2, 2, 2, 2, 3, 4, 2, 4, 6, 4, 5] [4, 5, 6, 4, 2, 2, 5, 2, 6, 7, 4, 6, 5, 7, 1, 7, 6, 8, 3, 7, 1, 1, 2, 2, 6, 3, 3, 3, 7, 1, 5, 8, 5, 6, 4, 6, 6, 4, 5, 4, 6, 5, 5, 8, 8, 7, 3, 6, 1, 6, 5, 7, 5, 2, 3, 3, 6, 3, 7, 5, 6, 5, 1, 3, 2, 2, 3, 6, 3, 4, 2, 4, 2, 5, 4, 3, 5, 6, 6, 5]
A_35 70.0 A 35 [4, 6, 3, 3, 4, 5, 1, 5, 2, 4, 1, 1, 6, 6, 2, 2, 5, 6, 1, 5, 2, 2, 6, 1, 3, 6, 4, 4, 3, 6, 4, 4, 6, 2, 4, 6, 6, 1, 5, 6, 4, 2, 5, 5, 5, 5, 4, 5, 4, 6, 6, 1, 3, 3, 6, 6, 1, 3, 3, 5, 6, 5, 6, 2, 2, 3, 5, 6, 2, 4, 5, 1, 6, 1, 6, 2, 1, 5, 2, 5] [6, 8, 4, 3, 5, 7, 2, 7, 2, 5, 3, 1, 8, 6, 2, 2, 5, 6, 3, 7, 4, 3, 6, 3, 4, 7, 4, 5, 4, 8, 6, 6, 6, 3, 6, 8, 7, 3, 6, 8, 5, 3, 6, 6, 5, 5, 5, 6, 4, 8, 6, 1, 3, 4, 6, 6, 1, 3, 3, 6, 7, 7, 6, 4, 4, 3, 5, 7, 3, 5, 6, 2, 6, 1, 7, 2, 3, 5, 2, 7]
A_36 73.42 A 36 [5, 5, 5, 1, 1, 4, 2, 2, 3, 3, 2, 6, 5, 5, 1, 2, 4, 4, 1, 4, 3, 1, 4, 3, 4, 4, 6, 4, 2, 4, 6, 1, 5, 5, 6, 6, 5, 1, 3, 6, 6, 1, 3, 1, 4, 3, 2, 1, 6, 1, 4, 3, 3, 3, 2, 5, 5, 3, 2, 1, 3, 1, 1, 5, 1, 2, 1, 2, 5, 5, 6, 5, 2, 5, 6, 1, 6, 3, 1, 6] [5, 7, 6, 2, 3, 4, 2, 2, 3, 4, 3, 7, 5, 7, 2, 3, 4, 6, 3, 6, 4, 1, 5, 4, 5, 4, 6, 5, 2, 6, 8, 2, 6, 6, 6, 7, 7, 2, 4, 7, 7, 1, 5, 2, 6, 3, 3, 3, 6, 2, 4, 4, 4, 3, 2, 6, 5, 5, 3, 1, 5, 3, 2, 7, 1, 4, 2, 2, 7, 5, 7, 7, 4, 6, 6, 2, 8, 5, 1, 8]
A_37 74.42 A 37 [6, 1, 2, 4, 4, 6, 1, 6, 4, 2, 3, 1, 3, 3, 5, 3, 2, 2, 3, 4, 1, 6, 1, 5, 5, 6, 4, 3, 3, 6, 2, 4, 4, 1, 2, 1, 1, 5, 2, 3, 5, 2, 2, 2, 2, 1, 4, 2, 5, 3, 5, 5, 3, 2, 3, 1, 5, 5, 3, 2, 1, 1, 2, 3, 5, 5, 1, 4, 4, 1, 5, 1, 5, 2, 6, 2, 1, 4, 4, 3] [7, 1, 3, 4, 6, 7, 1, 7, 5, 3, 4, 2, 4, 4, 5, 4, 3, 2, 5, 6, 1, 8, 1, 6, 7, 7, 6, 4, 3, 7, 2, 5, 5, 1, 4, 3, 2, 7, 3, 4, 6, 3, 3, 3, 4, 2, 5, 2, 6, 4, 7, 7, 5, 2, 3, 3, 7, 5, 4, 2, 1, 2, 4, 3, 7, 5, 1, 5, 5, 3, 7, 1, 5, 3, 6, 2, 1, 5, 6, 5]
A_38 77.3 A 38 [3, 2, 1, 3, 1, 3, 1, 3, 6, 5, 3, 3, 3, 6, 2, 6, 3, 6, 4, 5, 5, 6, 3, 5, 1, 5, 2, 4, 5, 6, 1, 6, 3, 4, 3, 5, 3, 2, 2, 1, 6, 1, 1, 3, 5, 4, 1, 3, 4, 3, 5, 3, 6, 1, 5, 2, 1, 6, 5, 1, 5, 4, 2, 6, 3, 2, 5, 1, 3, 4, 1, 4, 6, 1, 5, 2, 3, 3, 2, 2] [5, 4, 1, 5, 1, 5, 1, 5, 8, 6, 4, 5, 5, 6, 4, 6, 3, 6, 4, 7, 7, 8, 4, 6, 2, 5, 2, 5, 5, 8, 2, 6, 4, 4, 5, 6, 4, 3, 2, 1, 8, 2, 2, 3, 7, 5, 3, 5, 6, 3, 5, 4, 7, 3, 6, 2, 1, 7, 5, 1, 6, 4, 4, 6, 3, 2, 7, 2, 3, 4, 3, 4, 6, 2, 5, 3, 5, 5, 4, 4]
A_39 78.39 A 39 [5, 1, 3, 2, 6, 4, 6, 4, 4, 5, 6, 4, 3, 1, 1, 3, 4, 1, 1, 4, 4, 6, 3, 6, 4, 4, 3, 1, 1, 2, 2, 3, 6, 5, 3, 6, 6, 3, 1, 5, 1, 4, 2, 1, 4, 3, 5, 3, 2, 3, 1, 6, 5, 2, 4, 6, 3, 6, 6, 5, 4, 2, 5, 3, 4, 4, 1, 3, 1, 5, 2, 2, 2, 2, 6, 3, 5, 1, 6, 2] [5, 3, 5, 4, 6, 6, 6, 6, 6, 7, 6, 4, 4, 2, 2, 4, 6, 2, 1, 5, 6, 6, 5, 6, 6, 5, 3, 1, 2, 2, 2, 3, 7, 5, 4, 8, 7, 4, 1, 7, 2, 5, 2, 2, 5, 4, 7, 4, 4, 5, 3, 6, 5, 2, 6, 7, 3, 8, 7, 5, 6, 3, 7, 3, 4, 5, 3, 5, 3, 6, 4, 4, 2, 2, 7, 4, 5, 3, 6, 2]
B_0 1 B 40 [4, 5, 2, 4, 1, 6, 5, 6, 2, 6, 3, 5, 2, 6, 2, 3, 2, 2, 5, 6, 5, 6, 5, 5, 6, 1, 4, 2, 1, 3, 2, 4, 4, 3, 6, 4, 6, 5, 6, 1, 3, 1, 6, 4, 6, 4, 4, 6, 2, 5, 5, 5, 1, 4, 5, 2, 5, 5, 6, 1, 3, 2, 2, 5, 2, 4, 3, 2, 5, 3, 5, 5, 3, 1, 4, 4, 3, 4, 2, 6] [4, 6, 2, 4, 1, 7, 5, 6, 4, 8, 4, 5, 2, 6, 4, 3, 3, 3, 5, 7, 7, 7, 5, 7, 7, 2, 4, 3, 1, 4, 4, 6, 6, 4, 6, 5, 7, 6, 8, 2, 3, 3, 6, 4, 8, 5, 5, 8, 2, 5, 7, 7, 1, 5, 5, 4, 6, 6, 6, 3, 3, 2, 4, 7, 3, 6, 3, 3, 5, 4, 5, 6, 3, 3, 6, 5, 4, 4, 4, 7]
B_1 3.31 B 41 [2, 4, 3, 3, 2, 2, 2, 4, 6, 4, 5, 3, 2, 3, 2, 5, 1, 2, 4, 4, 5, 5, 4, 6, 6, 5, 5, 4, 1, 5, 2, 2, 3, 2, 3, 2, 1, 2, 1, 4, 1, 5, 2, 3, 3, 1, 6, 4, 4, 3, 3, 2, 1, 6, 3, 4, 4, 1, 2, 4, 2, 5, 2, 2, 3, 6, 2, 5, 3, 5, 4, 3, 4, 6, 1, 5, 4, 2, 4, 1] [3, 5, 5, 4, 3, 3, 4, 5, 6, 4, 6, 5, 2, 3, 2, 6, 1, 4, 5, 5, 7, 7, 5, 8, 7, 7, 7, 6, 1, 6, 3, 2, 5, 4, 5, 3, 1, 3, 2, 5, 3, 7, 4, 5, 4, 2, 8, 4, 6, 5, 5, 2, 3, 7, 3, 5, 6, 2, 4, 5, 2, 6, 3, 4, 3, 6, 2, 5, 4, 6, 5, 5, 5, 7, 2, 7, 4, 3, 6, 3]
B_2 4.71 B 42 [6, 5, 1, 1, 6, 5, 5, 1, 1, 1, 2, 2, 3, 4, 6, 5, 6, 3, 6, 2, 2, 6, 4, 4, 6, 5, 4, 2, 2, 3, 2, 2, 5, 6, 4, 5, 3, 2, 1, 2, 6, 2, 2, 6, 3, 3, 3, 4, 2, 5, 3, 3, 1, 4, 3, 2, 6, 2, 4, 6, 5, 1, 4, 1, 3, 4, 1, 4, 3, 4, 3, 5, 5, 3, 5, 1, 1, 6, 3, 4] [6, 6, 1, 1, 8, 6, 5, 2, 3, 2, 4, 2, 4, 5, 8, 5, 6, 3, 8, 4, 2, 7, 4, 4, 6, 6, 6, 4, 2, 3, 2, 3, 6, 8, 5, 6, 5, 3, 2, 2, 6, 4, 4, 6, 3, 3, 4, 5, 4, 5, 3, 5, 2, 5, 4, 2, 8, 4, 5, 7, 7, 1, 6, 2, 5, 5, 3, 6, 5, 5, 3, 6, 6, 4, 7, 1, 3, 6, 5, 5]
B_3 5.71 B 43 [1, 1, 2, 1, 4, 1, 6, 5, 1, 2, 5, 1, 3, 1, 2, 6, 2, 5, 6, 3, 4, 4, 4, 6, 3, 4, 2, 2, 1, 3, 4, 2, 2, 4, 6, 5, 1, 2, 3, 1, 4, 3, 6, 2, 1, 2, 5, 6, 3, 4, 6, 6, 5, 1, 5, 2, 2, 4, 1, 2, 4, 5, 5, 5, 1, 3, 2, 6, 2, 1, 3, 6, 6, 6, 4, 6, 4, 5, 5, 1] [1, 3, 4, 1, 6, 2, 8, 6, 2, 2, 6, 3, 5, 1, 2, 6, 3, 6, 6, 4, 4, 5, 4, 7, 3, 6, 3, 2, 1, 4, 5, 3, 4, 6, 8, 6, 2, 3, 3, 2, 4, 5, 6, 2, 2, 2, 6, 7, 5, 5, 7, 8, 7, 2, 7, 4, 2, 6, 2, 3, 5, 6, 7, 6, 2, 4, 3, 8, 3, 1, 3, 7, 6, 7, 6, 8, 4, 6, 5, 2]
B_4 6.71 B 44 [1, 1, 3, 3, 3, 1, 2, 4, 6, 4, 4, 4, 5, 2, 3, 4, 2, 1, 1, 5, 4, 6, 6, 5, 1, 4, 6, 1, 5, 2, 5, 4, 6, 5, 6, 5, 4, 2, 5, 4, 6, 3, 3, 1, 6, 4, 3, 6, 2, 1, 4, 2, 1, 1, 3, 3, 4, 5, 3, 5, 2, 3, 5, 5, 4, 2, 6, 1, 2, 3, 1, 3, 2, 4, 3, 2, 2, 3, 3, 6] [1, 3, 5, 4, 4, 1, 4, 5, 8, 4, 5, 6, 5, 3, 4, 4, 3, 1, 2, 5, 4, 7, 8, 7, 3, 5, 8, 1, 7, 2, 6, 6, 8, 7, 8, 5, 6, 4, 7, 5, 8, 4, 3, 2, 8, 5, 4, 8, 2, 1, 6, 2, 3, 2, 4, 5, 6, 7, 5, 6, 4, 4, 7, 7, 6, 2, 8, 2, 2, 4, 3, 5, 3, 6, 3, 2, 4, 3, 3, 7]
B_5 7.71 B 45 [6, 3, 2, 4, 5, 1, 1, 4, 3, 5, 1, 4, 4, 6, 1, 3, 1, 4, 4, 6, 1, 5, 4, 1, 5, 4, 6, 5, 5, 3, 4, 3, 2, 3, 6, 5, 3, 1, 4, 3, 4, 1, 3, 2, 4, 1, 2, 4, 1, 1, 3, 2, 3, 3, 1, 4, 6, 2, 1, 5, 4, 5, 3, 4, 1, 3, 3, 1, 2, 1, 3, 5, 1, 2, 2, 3, 5, 2, 4, 6] [8, 5, 3, 5, 7, 3, 3, 4, 4, 5, 2, 4, 5, 6, 2, 5, 2, 5, 6, 6, 1, 5, 5, 2, 5, 6, 6, 6, 6, 4, 5, 4, 4, 4, 7, 5, 3, 2, 5, 4, 5, 2, 3, 2, 5, 3, 4, 6, 3, 3, 4, 2, 5, 4, 1, 5, 7, 4, 1, 5, 4, 6, 4, 6, 1, 5, 3, 1, 2, 3, 5, 6, 2, 3, 4, 3, 6, 4, 4, 8]
B_6 8.71 B 46 [3, 6, 5, 4, 6, 2, 4, 2, 2, 3, 3, 2, 5, 1, 5, 2, 3, 1, 2, 6, 4, 2, 2, 6, 3, 3, 4, 4, 4, 1, 6, 5, 6, 6, 2, 4, 2, 4, 1, 5, 4, 6, 3, 5, 3, 2, 2, 1, 2, 3, 3, 2, 6, 4, 2, 4, 4, 5, 3, 2, 2, 4, 2, 3, 5, 1, 1, 6, 4, 1, 6, 3, 4, 2, 1, 3, 2, 4, 2, 1] [5, 7, 6, 6, 8, 4, 4, 2, 3, 5, 5, 4, 5, 2, 7, 2, 5, 2, 2, 6, 4, 3, 2, 7, 5, 4, 4, 5, 5, 3, 8, 6, 6, 7, 3, 5, 3, 5, 3, 7, 5, 8, 4, 6, 4, 4, 4, 3, 3, 3, 3, 3, 6, 5, 3, 6, 5, 6, 4, 2, 3, 6, 4, 3, 5, 2, 2, 6, 6, 1, 6, 3, 4, 2, 1, 5, 4, 6, 4, 1]
B_7 11.59 B 47 [4, 3, 6, 5, 2, 6, 5, 6, 4, 5, 3, 1, 1, 1, 4, 6, 2, 6, 6, 3, 4, 1, 2, 1, 1, 3, 2, 3, 6, 6, 1, 3, 3, 5, 4, 5, 1, 2, 3, 3, 6, 4, 4, 6, 6, 4, 1, 1, 4, 6, 3, 4, 6, 6, 1, 5, 3, 3, 4, 2, 3, 5, 6, 4, 6, 4, 1, 6, 5, 6, 2, 2, 1, 1, 4, 1, 6, 2, 1, 3] [5, 3, 6, 7, 2, 8, 6, 6, 6, 5, 5, 1, 2, 3, 4, 6, 2, 8, 7, 5, 4, 3, 2, 3, 1, 5, 3, 3, 6, 6, 1, 4, 5, 7, 6, 6, 3, 2, 5, 4, 8, 4, 5, 7, 8, 6, 3, 1, 5, 7, 4, 6, 6, 7, 3, 5, 4, 5, 4, 4, 3, 6, 8, 5, 8, 5, 3, 6, 6, 8, 4, 2, 2, 2, 4, 2, 8, 3, 1, 4]
B_8 14.39 B 48 [4, 6, 1, 6, 1, 1, 5, 2, 6, 2, 1, 2, 5, 1, 4, 5, 1, 3, 4, 6, 6, 3, 6, 3, 3, 2, 6, 2, 5, 5, 3, 5, 6, 3, 1, 4, 6, 5, 4, 2, 2, 4, 2, 3, 2, 1, 2, 4, 1, 2, 2, 2, 6, 3, 4, 1, 2, 4, 5, 1, 5, 2, 6, 4, 1, 2, 2, 6, 3, 2, 1, 6, 2, 2, 2, 2, 2, 2, 4, 2] [6, 7, 2, 7, 3, 1, 6, 3, 6, 2, 2, 4, 7, 2, 5, 7, 3, 3, 4, 8, 7, 3, 6, 3, 3, 3, 7, 2, 6, 5, 3, 6, 8, 4, 1, 4, 6, 6, 6, 4, 2, 6, 4, 5, 2, 3, 3, 5, 2, 2, 2, 2, 8, 5, 6, 1, 2, 5, 5, 3, 5, 3, 8, 4, 3, 3, 4, 8, 5, 2, 2, 7, 3, 3, 4, 3, 4, 2, 5, 3]
B_9 15.39 B 49 [2, 5, 5, 5, 6, 5, 1, 6, 2, 2, 1, 3, 6, 5, 4, 2, 6, 5, 5, 4, 5, 3, 6, 1, 5, 6, 5, 6, 1, 5, 4, 5, 6, 3, 5, 6, 1, 3, 3, 3, 5, 3, 5, 4, 1, 1, 3, 6, 2, 3, 1, 5, 2, 6, 4, 5, 5, 5, 4, 3, 4, 4, 3, 6, 3, 1, 3, 6, 1, 3, 4, 6, 3, 6, 5, 1, 3, 2, 5, 6] [3, 5, 5, 5, 6, 7, 3, 7, 3, 2, 3, 4, 6, 5, 6, 4, 6, 7, 5, 4, 6, 3, 6, 3, 5, 6, 5, 7, 2, 6, 6, 7, 8, 4, 6, 8, 2, 4, 3, 5, 5, 5, 5, 5, 1, 3, 3, 7, 2, 3, 2, 5, 4, 8, 4, 5, 6, 7, 6, 5, 6, 5, 3, 6, 4, 3, 5, 8, 1, 4, 5, 8, 3, 7, 7, 2, 5, 3, 5, 8]
B_10 19.25 B 50 [3, 4, 6, 2, 3, 3, 6, 1, 6, 5, 3, 4, 1, 3, 1, 2, 5, 1, 6, 4, 2, 5, 5, 3, 3, 1, 4, 6, 6, 2, 5, 3, 5, 4, 4, 6, 4, 5, 5, 1, 5, 3, 3, 6, 4, 3, 3, 3, 2, 1, 1, 5, 4, 4, 2, 1, 5, 5, 3, 2, 3, 6, 2, 3, 4, 2, 6, 5, 2, 5, 3, 6, 5, 2, 1, 2, 1, 1, 2, 2] [3, 6, 6, 3, 5, 5, 8, 1, 8, 5, 4, 4, 3, 5, 1, 3, 6, 1, 7, 6, 2, 6, 7, 4, 3, 2, 6, 8, 8, 2, 5, 3, 6, 6, 5, 6, 4, 7, 5, 3, 7, 5, 3, 7, 6, 4, 3, 4, 2, 2, 3, 6, 4, 5, 3, 2, 6, 5, 3, 4, 3, 6, 4, 5, 6, 4, 8, 7, 4, 6, 5, 8, 7, 2, 2, 2, 2, 1, 3, 4]
B_11 20.25 B 51 [3, 4, 2, 4, 2, 6, 1, 2, 4, 1, 6, 1, 6, 3, 3, 6, 3, 2, 4, 3, 4, 6, 1, 5, 6, 5, 1, 5, 1, 2, 6, 3, 5, 6, 5, 1, 3, 5, 3, 6, 5, 2, 3, 6, 2, 2, 2, 4, 2, 5, 5, 1, 4, 1, 6, 5, 6, 4, 2, 4, 5, 4, 2, 2, 5, 4, 1, 5, 3, 4, 4, 6, 4, 1, 3, 1, 6, 6, 6, 1] [4, 5, 3, 4, 4, 8, 3, 3, 6, 1, 6, 2, 8, 5, 5, 8, 3, 2, 6, 3, 6, 8, 1, 6, 8, 6, 1, 7, 3, 2, 7, 4, 5, 7, 7, 1, 4, 7, 4, 6, 7, 2, 5, 8, 2, 2, 3, 6, 2, 5, 6, 1, 6, 1, 6, 6, 6, 4, 3, 5, 6, 4, 4, 4, 5, 5, 3, 7, 4, 5, 6, 8, 4, 1, 3, 1, 8, 7, 7, 2]
B_12 21.34 B 52 [3, 5, 4, 6, 2, 1, 2, 4, 2, 4, 2, 6, 1, 3, 3, 4, 4, 4, 1, 1, 2, 5, 6, 4, 3, 2, 2, 5, 1, 4, 2, 1, 5, 5, 5, 3, 3, 3, 6, 5, 1, 1, 1, 5, 1, 3, 6, 6, 6, 2, 4, 4, 4, 3, 4, 5, 2, 3, 3, 6, 3, 5, 6, 4, 2, 1, 5, 2, 2, 5, 3, 5, 1, 6, 3, 5, 3, 2, 2, 4] [3, 5, 5, 6, 3, 3, 4, 4, 4, 6, 3, 8, 3, 4, 5, 5, 5, 6, 1, 1, 2, 5, 6, 5, 5, 3, 4, 6, 1, 5, 4, 1, 6, 7, 5, 3, 4, 5, 7, 5, 1, 3, 2, 7, 3, 5, 6, 6, 8, 4, 4, 6, 4, 3, 6, 5, 3, 3, 4, 7, 3, 5, 8, 6, 2, 2, 7, 4, 2, 7, 4, 6, 1, 6, 3, 6, 5, 2, 4, 4]
B_13 23.17 B 53 [5, 5, 1, 2, 4, 6, 1, 3, 2, 6, 2, 1, 2, 2, 2, 2, 5, 5, 1, 2, 4, 3, 6, 5, 4, 5, 5, 5, 6, 4, 1, 6, 4, 3, 2, 3, 3, 2, 1, 2, 4, 6, 4, 1, 1, 3, 4, 6, 3, 6, 4, 1, 3, 3, 1, 4, 6, 1, 5, 2, 2, 4, 3, 2, 4, 1, 2, 3, 3, 5, 1, 1, 3, 2, 6, 3, 1, 6, 3, 2] [6, 6, 2, 2, 4, 6, 2, 4, 4, 8, 2, 3, 3, 3, 3, 3, 6, 7, 1, 4, 6, 3, 6, 7, 6, 6, 6, 7, 6, 5, 3, 7, 4, 5, 2, 4, 3, 2, 3, 2, 5, 7, 5, 2, 2, 4, 5, 7, 5, 8, 5, 1, 3, 3, 3, 4, 6, 1, 6, 4, 4, 4, 3, 4, 6, 1, 3, 3, 4, 6, 2, 2, 3, 2, 7, 4, 3, 6, 3, 2]
B_14 24.17 B 54 [6, 1, 6, 1, 2, 4, 6, 6, 3, 2, 6, 5, 6, 3, 2, 4, 1, 6, 5, 1, 3, 1, 3, 6, 5, 3, 4, 6, 5, 2, 3, 1, 3, 3, 1, 6, 2, 3, 5, 4, 5, 3, 3, 5, 3, 1, 2, 1, 4, 4, 2, 6, 4, 1, 3, 3, 2, 6, 2, 5, 3, 1, 2, 3, 6, 3, 6, 5, 6, 6, 3, 2, 2, 5, 3, 5, 5, 1, 4, 5] [7, 1, 8, 3, 2, 5, 6, 6, 4, 2, 8, 5, 8, 3, 3, 6, 2, 7, 5, 3, 4, 2, 4, 6, 5, 3, 4, 8, 5, 2, 3, 2, 4, 5, 3, 6, 2, 3, 6, 6, 5, 3, 4, 7, 4, 1, 3, 3, 6, 4, 3, 6, 6, 3, 3, 5, 3, 8, 2, 6, 5, 1, 3, 5, 8, 5, 6, 7, 6, 7, 3, 3, 2, 6, 4, 5, 7, 2, 5, 7]
B_15 25.880000000000003 B 55 [1, 5, 6, 2, 1, 4, 1, 6, 1, 3, 1, 5, 4, 2, 2, 1, 6, 6, 3, 1, 4, 1, 4, 2, 3, 1, 6, 4, 5, 4, 4, 4, 1, 1, 1, 6, 5, 1, 2, 6, 2, 4, 2, 2, 3, 4, 4, 5, 1, 5, 1, 5, 5, 4, 3, 3, 4, 6, 6, 4, 6, 2, 6, 3, 6, 6, 2, 5, 5, 1, 4, 5, 4, 2, 2, 3, 2, 6, 1, 5] [3, 5, 8, 2, 3, 5, 3, 8, 2, 3, 3, 6, 4, 3, 2, 2, 8, 8, 4, 2, 4, 1, 5, 3, 5, 1, 7, 5, 6, 4, 6, 4, 1, 1, 3, 6, 6, 3, 2, 7, 4, 5, 2, 4, 5, 5, 6, 5, 1, 5, 2, 6, 5, 4, 5, 3, 5, 6, 6, 6, 8, 3, 6, 3, 7, 6, 4, 6, 6, 3, 4, 7, 5, 2, 4, 4, 2, 8, 3, 7]
B_16 29.94 B 56 [2, 2, 1, 6, 5, 6, 2, 5, 4, 4, 5, 1, 5, 6, 1, 2, 4, 2, 1, 4, 1, 1, 6, 5, 1, 6, 3, 3, 1, 4, 6, 1, 3, 2, 6, 1, 5, 5, 1, 3, 5, 4, 6, 2, 4, 6, 4, 3, 2, 5, 5, 6, 2, 6, 2, 4, 1, 5, 3, 2, 2, 2, 2, 1, 2, 3, 4, 1, 4, 2, 6, 1, 4, 5, 4, 1, 3, 1, 4, 1] [2, 3, 1, 6, 6, 6, 4, 5, 4, 5, 5, 1, 6, 8, 3, 4, 4, 2, 1, 4, 1, 2, 7, 6, 2, 8, 4, 4, 1, 4, 8, 3, 3, 3, 6, 1, 5, 7, 1, 3, 6, 6, 8, 2, 6, 7, 5, 4, 2, 6, 6, 6, 3, 6, 3, 5, 1, 6, 4, 4, 2, 3, 3, 3, 4, 5, 6, 1, 6, 3, 7, 2, 6, 5, 4, 3, 4, 2, 6, 2]
B_17 31.37 B 57 [6, 1, 4, 2, 1, 5, 4, 6, 1, 6, 1, 4, 1, 6, 6, 2, 1, 1, 3, 2, 4, 1, 4, 3, 1, 6, 4, 4, 1, 5, 2, 1, 1, 6, 3, 3, 3, 5, 6, 6, 5, 1, 2, 4, 5, 2, 5, 3, 4, 5, 5, 4, 3, 1, 6, 6, 5, 5, 6, 3, 3, 5, 1, 2, 2, 4, 2, 6, 1, 4, 1, 3, 3, 2, 1, 6, 2, 6, 6, 3] [7, 2, 4, 3, 2, 5, 6, 8, 2, 6, 1, 6, 3, 6, 6, 3, 1, 3, 4, 2, 5, 3, 6, 4, 3, 8, 4, 4, 3, 5, 2, 2, 1, 6, 3, 3, 5, 5, 7, 8, 6, 2, 4, 6, 7, 4, 6, 5, 5, 7, 5, 4, 3, 1, 8, 6, 6, 5, 6, 4, 5, 5, 3, 3, 2, 4, 2, 7, 1, 5, 1, 3, 5, 4, 2, 7, 3, 7, 8, 5]
B_18 34.65 B 58 [1, 4, 4, 4, 4, 4, 6, 2, 6, 6, 2, 5, 5, 1, 1, 6, 6, 2, 2, 2, 2, 5, 3, 1, 5, 3, 6, 5, 1, 4, 2, 1, 2, 3, 5, 3, 2, 3, 5, 6, 6, 2, 4, 1, 3, 1, 3, 4, 5, 4, 3, 2, 3, 5, 2, 6, 3, 6, 3, 6, 6, 6, 5, 2, 1, 1, 1, 2, 1, 2, 5, 1, 3, 1, 4, 1, 5, 1, 4, 2] [3, 4, 4, 6, 4, 5, 6, 3, 7, 7, 4, 6, 5, 3, 1, 7, 8, 3, 4, 4, 2, 7, 5, 2, 6, 5, 7, 6, 3, 4, 4, 2, 2, 4, 7, 3, 3, 4, 5, 7, 6, 4, 5, 2, 5, 1, 4, 4, 5, 6, 3, 3, 4, 6, 2, 6, 4, 6, 3, 6, 8, 6, 6, 2, 3, 1, 3, 2, 3, 3, 5, 2, 4, 2, 4, 3, 5, 2, 5, 3]
B_19 35.65 B 59 [5, 6, 1, 6, 3, 4, 6, 2, 5, 6, 2, 6, 5, 2, 6, 4, 3, 6, 1, 1, 1, 3, 3, 1, 2, 6, 4, 3, 4, 1, 4, 4, 4, 1, 5, 5, 1, 2, 1, 5, 1, 4, 6, 2, 5, 5, 2, 2, 1, 3, 2, 4, 6, 2, 5, 4, 2, 3, 6, 1, 5, 6, 5, 5, 2, 2, 3, 6, 6, 1, 1, 4, 3, 5, 3, 6, 2, 1, 2, 4] [6, 8, 1, 7, 3, 4, 7, 3, 6, 6, 3, 7, 5, 2, 7, 6, 3, 7, 2, 3, 2, 3, 4, 2, 4, 6, 6, 4, 4, 1, 6, 5, 5, 2, 5, 6, 1, 2, 1, 5, 3, 5, 7, 3, 6, 5, 2, 4, 3, 5, 4, 5, 7, 4, 6, 6, 4, 4, 6, 3, 7, 6, 7, 5, 2, 2, 4, 6, 7, 3, 1, 4, 4, 6, 3, 8, 4, 3, 4, 6]
B_20 36.65 B 60 [4, 1, 3, 3, 2, 5, 6, 3, 3, 2, 1, 2, 5, 6, 6, 3, 3, 3, 5, 6, 4, 6, 4, 5, 6, 4, 6, 1, 4, 4, 5, 2, 2, 5, 4, 6, 3, 1, 5, 4, 3, 2, 5, 4, 2, 4, 2, 3, 5, 4, 3, 5, 3, 2, 3, 6, 2, 3, 6, 5, 4, 4, 4, 1, 2, 4, 1, 2, 3, 6, 2, 6, 4, 6, 3, 5, 4, 4, 6, 5] [5, 1, 5, 5, 2, 7, 8, 4, 5, 4, 2, 2, 7, 7, 8, 4, 5, 4, 6, 8, 6, 8, 5, 5, 7, 5, 7, 1, 4, 6, 6, 4, 4, 7, 6, 7, 5, 1, 6, 6, 3, 2, 7, 5, 4, 4, 3, 3, 5, 6, 3, 6, 3, 4, 5, 8, 2, 5, 8, 7, 6, 6, 5, 1, 3, 5, 2, 3, 5, 6, 3, 7, 6, 8, 5, 7, 4, 5, 7, 6]
B_21 37.65 B 61 [1, 1, 6, 3, 4, 6, 2, 2, 5, 6, 2, 4, 1, 4, 3, 4, 2, 1, 4, 3, 3, 1, 6, 3, 6, 1, 2, 6, 3, 1, 1, 5, 1, 1, 5, 5, 1, 1, 4, 2, 2, 5, 1, 5, 3, 5, 4, 5, 2, 4, 6, 4, 5, 4, 1, 2, 2, 5, 6, 6, 4, 4, 5, 5, 6, 3, 5, 3, 5, 1, 2, 3, 6, 4, 6, 3, 6, 5, 5, 1] [1, 2, 8, 4, 6, 7, 4, 2, 7, 7, 4, 6, 1, 6, 5, 6, 4, 3, 5, 3, 3, 3, 7, 3, 7, 1, 4, 8, 5, 3, 3, 7, 3, 1, 5, 7, 3, 2, 4, 3, 2, 6, 1, 6, 4, 6, 6, 6, 3, 5, 6, 4, 5, 4, 1, 3, 3, 5, 6, 6, 6, 4, 6, 5, 8, 5, 6, 5, 6, 2, 2, 3, 6, 5, 7, 4, 7, 5, 7, 3]
B_22 38.65 B 62 [6, 4, 1, 4, 2, 2, 2, 2, 3, 5, 1, 6, 1, 5, 6, 1, 3, 6, 5, 1, 2, 5, 4, 6, 1, 3, 5, 2, 4, 4, 2, 6, 4, 3, 1, 6, 1, 2, 2, 5, 2, 2, 4, 5, 5, 3, 2, 6, 6, 3, 2, 2, 6, 3, 2, 6, 2, 1, 5, 5, 4, 5, 2, 6, 1, 2, 1, 5, 5, 2, 2, 1, 3, 3, 3, 2, 5, 4, 3, 5] [7, 4, 2, 4, 3, 2, 2, 2, 4, 5, 2, 7, 1, 7, 6, 1, 4, 7, 7, 2, 2, 6, 5, 6, 1, 3, 5, 4, 6, 6, 2, 6, 5, 4, 1, 6, 2, 4, 4, 7, 4, 3, 6, 7, 7, 4, 4, 8, 8, 3, 4, 4, 8, 3, 3, 6, 3, 3, 6, 7, 5, 6, 2, 6, 3, 4, 2, 7, 5, 3, 3, 1, 3, 4, 5, 4, 6, 4, 4, 5]
B_23 40.3 B 63 [5, 3, 6, 1, 3, 5, 4, 1, 2, 4, 2, 5, 1, 6, 1, 4, 6, 3, 2, 3, 2, 4, 2, 4, 6, 2, 6, 6, 4, 2, 6, 1, 5, 1, 3, 2, 5, 3, 6, 3, 5, 2, 1, 5, 5, 4, 3, 4, 4, 6, 3, 2, 4, 2, 3, 3, 1, 2, 2, 5, 1, 5, 6, 1, 5, 3, 6, 3, 4, 2, 3, 4, 3, 1, 6, 3, 3, 6, 5, 2] [7, 4, 8, 3, 5, 7, 6, 2, 2, 5, 4, 6, 2, 7, 3, 5, 7, 4, 3, 4, 4, 5, 3, 6, 7, 4, 8, 8, 5, 4, 6, 1, 7, 1, 3, 4, 7, 3, 6, 3, 7, 4, 2, 6, 7, 6, 3, 5, 4, 6, 5, 4, 6, 4, 5, 3, 3, 3, 2, 5, 1, 5, 6, 1, 5, 4, 8, 3, 6, 3, 4, 4, 5, 2, 7, 4, 3, 7, 6, 2]
B_24 42.019999999999996 B 64 [2, 3, 2, 4, 6, 3, 4, 6, 3, 4, 3, 1, 1, 5, 2, 2, 6, 3, 5, 6, 2, 6, 3, 1, 6, 4, 2, 5, 6, 5, 3, 4, 1, 5, 2, 2, 1, 5, 3, 4, 2, 3, 3, 1, 4, 1, 5, 6, 1, 3, 4, 5, 2, 4, 6, 6, 2, 2, 1, 2, 2, 6, 1, 5, 1, 1, 3, 5, 4, 1, 4, 4, 2, 5, 2, 2, 4, 5, 2, 3] [4, 4, 2, 5, 7, 3, 6, 7, 5, 6, 3, 3, 1, 6, 2, 3, 6, 4, 5, 8, 4, 7, 5, 2, 8, 5, 3, 7, 8, 5, 4, 5, 3, 5, 2, 4, 1, 7, 3, 4, 3, 3, 5, 2, 6, 1, 5, 8, 3, 4, 6, 5, 2, 6, 8, 7, 4, 2, 3, 2, 3, 8, 3, 5, 1, 2, 4, 6, 5, 3, 4, 4, 2, 5, 3, 4, 5, 6, 2, 3]
B_25 44.87 B 65 [4, 6, 2, 1, 5, 5, 4, 2, 3, 4, 4, 2, 2, 4, 1, 2, 2, 6, 6, 4, 3, 5, 1, 4, 5, 5, 4, 1, 2, 3, 4, 3, 6, 5, 2, 3, 2, 5, 2, 4, 4, 6, 4, 3, 2, 3, 1, 4, 2, 1, 2, 4, 1, 1, 3, 6, 3, 4, 1, 2, 4, 3, 2, 3, 1, 4, 5, 6, 4, 5, 5, 5, 6, 6, 6, 6, 5, 6, 5, 5] [4, 8, 3, 2, 6, 7, 5, 2, 3, 4, 6, 4, 3, 6, 1, 3, 2, 7, 8, 4, 5, 6, 3, 4, 6, 7, 4, 1, 4, 3, 5, 5, 7, 7, 2, 3, 4, 5, 2, 5, 6, 6, 5, 4, 2, 5, 2, 5, 3, 3, 4, 5, 2, 1, 5, 6, 5, 4, 1, 2, 5, 5, 4, 4, 2, 4, 6, 6, 5, 6, 6, 7, 8, 7, 8, 6, 5, 8, 7, 5]
B_26 48.73 B 66 [4, 1, 5, 1, 3, 5, 1, 3, 5, 6, 3, 6, 2, 4, 1, 6, 4, 6, 2, 6, 3, 6, 3, 6, 6, 3, 3, 6, 1, 3, 6, 4, 6, 5, 1, 5, 1, 1, 5, 1, 3, 2, 1, 2, 6, 3, 1, 1, 2, 3, 6, 1, 5, 2, 6, 2, 4, 2, 1, 3, 1, 5, 1, 6, 3, 5, 3, 6, 4, 4, 1, 2, 1, 4, 4, 6, 6, 3, 4, 5] [4, 3, 7, 1, 4, 5, 3, 5, 5, 7, 4, 8, 2, 4, 1, 6, 4, 7, 4, 7, 4, 8, 3, 7, 6, 5, 5, 8, 1, 3, 8, 5, 8, 7, 3, 5, 2, 1, 7, 3, 3, 2, 3, 3, 8, 3, 2, 3, 4, 5, 8, 3, 7, 3, 6, 4, 6, 2, 3, 4, 2, 6, 2, 8, 4, 6, 5, 7, 5, 6, 3, 3, 3, 4, 5, 7, 7, 5, 4, 5]
B_27 50.0 B 67 [6, 2, 4, 6, 5, 3, 6, 5, 3, 6, 1, 2, 5, 2, 1, 3, 3, 5, 5, 1, 1, 1, 5, 5, 4, 1, 3, 4, 4, 6, 1, 2, 2, 3, 6, 6, 2, 4, 1, 3, 2, 5, 4, 6, 1, 1, 6, 6, 6, 6, 5, 5, 2, 3, 5, 5, 1, 6, 2, 6, 2, 3, 5, 3, 5, 6, 6, 4, 2, 5, 6, 4, 4, 2, 5, 1, 3, 1, 3, 3] [7, 3, 4, 6, 7, 4, 8, 5, 5, 7, 1, 2, 5, 4, 2, 3, 4, 6, 6, 2, 1, 2, 7, 7, 4, 2, 3, 4, 4, 7, 1, 4, 4, 3, 6, 7, 2, 5, 2, 5, 3, 5, 6, 8, 2, 1, 6, 6, 8, 8, 7, 7, 4, 3, 7, 6, 1, 7, 2, 6, 3, 5, 7, 3, 6, 6, 7, 6, 4, 5, 8, 6, 4, 2, 5, 3, 5, 1, 4, 4]
B_28 51.0 B 68 [6, 4, 5, 5, 4, 4, 6, 6, 5, 1, 2, 6, 4, 3, 6, 3, 2, 5, 6, 3, 5, 6, 4, 6, 5, 1, 2, 6, 6, 6, 5, 1, 3, 1, 3, 2, 5, 4, 3, 1, 5, 3, 3, 2, 2, 2, 4, 5, 3, 1, 2, 3, 2, 3, 6, 5, 4, 1, 1, 6, 3, 5, 5, 4, 4, 4, 4, 2, 2, 2, 2, 2, 3, 3, 4, 5, 4, 1, 1, 3] [8, 6, 6, 6, 6, 4, 8, 6, 6, 3, 4, 6, 6, 3, 7, 3, 2, 6, 6, 5, 5, 7, 4, 7, 5, 3, 3, 8, 7, 7, 5, 2, 5, 2, 3, 3, 7, 5, 3, 3, 5, 4, 5, 3, 2, 2, 6, 6, 5, 1, 4, 4, 2, 4, 6, 6, 6, 1, 3, 7, 5, 6, 5, 6, 5, 5, 5, 4, 2, 3, 4, 2, 3, 5, 5, 6, 6, 1, 2, 3]
B_29 52.0 B 69 [1, 6, 3, 5, 5, 4, 5, 6, 4, 2, 4, 5, 1, 1, 6, 1, 1, 2, 4, 2, 5, 4, 4, 6, 2, 2, 2, 1, 2, 1, 6, 6, 5, 3, 2, 4, 5, 1, 4, 5, 3, 5, 4, 1, 3, 1, 1, 6, 2, 3, 5, 4, 5, 5, 6, 1, 2, 4, 2, 1, 6, 1, 2, 2, 1, 5, 4, 5, 2, 3, 3, 6, 2, 5, 4, 3, 2, 5, 4, 5] [2, 6, 3, 6, 6, 4, 6, 8, 6, 2, 4, 7, 1, 2, 8, 2, 1, 3, 4, 2, 6, 6, 4, 8, 4, 2, 4, 3, 2, 3, 7, 6, 7, 5, 4, 5, 5, 3, 4, 6, 4, 6, 5, 1, 4, 3, 1, 8, 2, 4, 6, 5, 7, 6, 7, 3, 3, 5, 3, 3, 6, 2, 3, 3, 3, 6, 6, 5, 3, 3, 5, 7, 3, 5, 4, 3, 3, 7, 6, 6]
B_30 54.07 B 70 [5, 5, 5, 3, 1, 4, 6, 3, 4, 5, 6, 5, 6, 1, 6, 3, 2, 4, 5, 5, 1, 3, 3, 6, 3, 4, 6, 2, 6, 6, 2, 4, 2, 6, 2, 5, 6, 5, 1, 2, 5, 4, 3, 3, 1, 3, 6, 2, 1, 4, 3, 4, 3, 1, 3, 4, 6, 1, 5, 1, 2, 2, 2, 3, 4, 5, 1, 6, 2, 3, 1, 1, 4, 4, 2, 2, 2, 5, 4, 1] [6, 5, 5, 4, 3, 4, 7, 5, 4, 7, 6, 5, 6, 3, 8, 4, 3, 6, 6, 5, 2, 3, 3, 8, 4, 6, 6, 3, 7, 8, 3, 5, 2, 8, 2, 6, 7, 7, 3, 4, 5, 5, 3, 3, 3, 5, 6, 4, 2, 5, 5, 6, 4, 2, 3, 4, 7, 1, 5, 1, 3, 2, 3, 4, 4, 6, 3, 8, 4, 5, 2, 2, 5, 4, 3, 2, 4, 6, 4, 1]
B_31 55.07 B 71 [1, 3, 4, 1, 4, 2, 5, 6, 2, 5, 3, 4, 3, 6, 6, 3, 4, 4, 1, 6, 2, 5, 3, 1, 4, 2, 6, 5, 5, 6, 2, 4, 5, 5, 2, 1, 5, 1, 4, 2, 5, 3, 5, 6, 3, 5, 3, 2, 6, 6, 6, 6, 5, 1, 2, 5, 1, 3, 1, 4, 6, 3, 1, 4, 4, 5, 2, 4, 2, 6, 1, 4, 1, 6, 2, 5, 3, 1, 2, 3] [1, 4, 6, 1, 4, 4, 6, 7, 3, 5, 4, 6, 5, 8, 7, 4, 4, 4, 1, 7, 4, 6, 3, 2, 6, 4, 8, 5, 7, 6, 4, 5, 6, 6, 4, 2, 7, 1, 4, 4, 6, 5, 6, 7, 5, 6, 3, 2, 7, 8, 8, 8, 6, 2, 3, 7, 2, 3, 2, 4, 7, 3, 1, 4, 4, 7, 3, 6, 2, 7, 2, 5, 3, 8, 2, 6, 5, 2, 4, 5]
B_32 56.07 B 72 [4, 2, 5, 3, 1, 5, 4, 6, 4, 2, 1, 5, 2, 4, 5, 1, 6, 4, 1, 2, 5, 2, 5, 5, 2, 2, 5, 1, 1, 2, 5, 5, 2, 5, 2, 6, 2, 5, 6, 2, 3, 4, 5, 6, 2, 1, 4, 1, 2, 3, 5, 4, 1, 3, 2, 4, 4, 3, 3, 3, 4, 6, 3, 3, 2, 6, 1, 4, 3, 2, 4, 1, 2, 2, 5, 5, 4, 4, 1, 3] [4, 3, 5, 3, 1, 5, 5, 8, 5, 4, 3, 5, 3, 5, 5, 3, 6, 4, 3, 2, 5, 2, 5, 5, 2, 3, 6, 1, 3, 4, 7, 5, 4, 7, 2, 6, 4, 5, 6, 2, 3, 5, 6, 6, 3, 2, 4, 2, 3, 3, 7, 4, 1, 3, 2, 5, 6, 5, 4, 4, 6, 6, 3, 5, 2, 8, 3, 4, 3, 3, 5, 3, 2, 4, 6, 6, 6, 6, 3, 4]
B_33 57.07 B 73 [6, 3, 5, 4, 3, 3, 6, 6, 4, 4, 4, 6, 5, 4, 6, 1, 2, 4, 2, 5, 4, 5, 3, 5, 4, 3, 2, 3, 2, 5, 1, 6, 3, 1, 3, 1, 5, 2, 1, 2, 1, 6, 3, 6, 4, 2, 2, 1, 2, 6, 2, 1, 6, 2, 5, 2, 5, 2, 1, 5, 6, 4, 3, 1, 5, 6, 4, 2, 3, 5, 4, 6, 2, 1, 5, 4, 6, 2, 6, 6] [6, 3, 6, 4, 3, 5, 8, 7, 5, 6, 5, 8, 7, 4, 6, 3, 2, 6, 3, 7, 4, 7, 5, 7, 6, 5, 3, 3, 4, 5, 1, 8, 4, 3, 5, 1, 6, 3, 2, 2, 3, 7, 4, 7, 6, 3, 2, 2, 3, 7, 2, 1, 6, 2, 6, 2, 5, 4, 2, 6, 8, 5, 4, 2, 5, 7, 4, 2, 5, 5, 4, 8, 4, 3, 6, 6, 8, 2, 6, 6]
B_34 58.62 B 74 [2, 5, 1, 1, 6, 4, 1, 5, 2, 3, 3, 2, 1, 6, 2, 3, 5, 2, 3, 2, 6, 1, 4, 1, 3, 6, 1, 3, 3, 5, 6, 3, 6, 4, 4, 6, 6, 6, 5, 6, 4, 1, 5, 4, 3, 2, 1, 4, 2, 5, 1, 3, 3, 6, 3, 2, 4, 1, 4, 3, 3, 6, 3, 6, 2, 6, 4, 5, 4, 4, 2, 2, 5, 5, 3, 2, 5, 5, 3, 4] [3, 7, 2, 2, 6, 4, 2, 7, 3, 5, 5, 4, 3, 6, 4, 3, 7, 2, 3, 2, 6, 1, 4, 3, 5, 7, 1, 4, 5, 7, 7, 3, 7, 4, 4, 7, 6, 6, 5, 7, 6, 2, 7, 6, 3, 4, 1, 4, 4, 7, 2, 3, 3, 7, 4, 4, 4, 2, 4, 3, 5, 7, 5, 7, 3, 8, 5, 5, 5, 4, 3, 2, 6, 6, 5, 2, 7, 6, 4, 6]
B_35 60.73 B 75 [2, 3, 5, 6, 6, 2, 3, 1, 6, 4, 4, 6, 1, 1, 5, 5, 2, 5, 4, 3, 1, 4, 1, 6, 3, 6, 6, 6, 4, 1, 6, 5, 2, 1, 2, 2, 1, 2, 2, 3, 4, 5, 1, 6, 2, 3, 3, 1, 2, 1, 2, 1, 5, 3, 5, 3, 1, 6, 1, 6, 5, 3, 2, 3, 2, 6, 6, 1, 5, 3, 2, 5, 5, 4, 2, 3, 1, 5, 3, 2] [4, 3, 7, 7, 7, 4, 3, 2, 8, 4, 4, 7, 1, 3, 7, 7, 2, 6, 4, 3, 1, 6, 2, 7, 5, 6, 8, 6, 6, 1, 8, 5, 3, 2, 3, 2, 2, 2, 3, 4, 5, 7, 1, 8, 2, 3, 5, 2, 3, 2, 2, 1, 6, 4, 5, 4, 3, 7, 3, 8, 7, 4, 4, 4, 4, 6, 7, 3, 6, 3, 2, 6, 6, 6, 2, 5, 3, 7, 3, 4]
B_36 61.73 B 76 [6, 4, 6, 5, 2, 4, 1, 5, 6, 3, 5, 4, 5, 5, 1, 1, 3, 3, 3, 2, 4, 3, 4, 2, 5, 3, 1, 2, 2, 6, 3, 4, 1, 5, 4, 1, 6, 1, 3, 5, 3, 4, 1, 4, 2, 5, 2, 6, 2, 3, 1, 6, 3, 1, 5, 2, 3, 2, 5, 2, 4, 6, 5, 3, 4, 5, 6, 3, 4, 2, 2, 3, 4, 6, 5, 1, 2, 3, 4, 5] [8, 4, 6, 5, 4, 6, 2, 5, 8, 5, 5, 5, 5, 5, 2, 3, 5, 3, 4, 3, 4, 5, 4, 3, 7, 4, 1, 4, 2, 8, 4, 6, 3, 7, 5, 3, 8, 1, 5, 5, 4, 4, 3, 4, 4, 6, 4, 8, 4, 5, 2, 8, 5, 3, 7, 2, 4, 3, 5, 4, 4, 7, 6, 3, 5, 5, 7, 5, 6, 3, 4, 5, 6, 8, 7, 3, 4, 5, 5, 7]
B_37 71.99 B 77 [5, 1, 5, 6, 5, 6, 5, 3, 3, 5, 5, 1, 5, 6, 4, 3, 1, 4, 5, 5, 3, 2, 5, 4, 3, 5, 5, 1, 1, 6, 6, 1, 3, 6, 6, 5, 3, 4, 3, 1, 4, 2, 6, 5, 3, 2, 4, 2, 2, 2, 1, 6, 2, 6, 1, 6, 1, 6, 1, 1, 4, 5, 4, 6, 5, 6, 3, 1, 1, 5, 5, 1, 4, 2, 5, 5, 3, 5, 6, 3] [6, 3, 6, 7, 6, 6, 5, 5, 4, 5, 6, 1, 6, 7, 4, 4, 3, 4, 6, 6, 5, 4, 5, 5, 4, 7, 7, 2, 1, 7, 7, 1, 3, 8, 6, 5, 5, 5, 5, 3, 4, 3, 6, 6, 3, 4, 6, 3, 2, 3, 1, 7, 2, 6, 2, 8, 2, 7, 2, 3, 5, 5, 4, 7, 6, 8, 5, 1, 1, 7, 6, 2, 6, 2, 6, 7, 5, 6, 7, 4]
B_38 72.99 B 78 [2, 6, 6, 2, 5, 3, 6, 4, 4, 6, 1, 5, 6, 1, 2, 1, 4, 2, 3, 3, 4, 4, 2, 6, 1, 5, 4, 2, 4, 5, 2, 3, 2, 1, 4, 2, 1, 4, 2, 6, 2, 4, 3, 5, 3, 4, 2, 1, 4, 5, 2, 6, 2, 3, 4, 1, 4, 6, 4, 2, 6, 5, 3, 5, 2, 5, 4, 3, 1, 4, 4, 2, 1, 6, 3, 3, 4, 6, 6, 3] [2, 8, 6, 3, 7, 3, 6, 4, 4, 8, 1, 5, 6, 3, 2, 2, 4, 3, 4, 4, 4, 6, 2, 7, 2, 7, 5, 3, 5, 5, 3, 5, 3, 2, 6, 2, 1, 6, 4, 6, 4, 6, 5, 5, 3, 4, 4, 1, 5, 5, 3, 7, 4, 3, 5, 3, 6, 8, 5, 4, 7, 7, 4, 6, 2, 7, 4, 4, 2, 6, 4, 4, 3, 6, 4, 3, 5, 7, 6, 4]
B_39 75.94999999999999 B 79 [6, 3, 3, 2, 6, 1, 3, 2, 6, 2, 1, 3, 4, 6, 3, 4, 5, 3, 3, 2, 6, 2, 5, 3, 5, 3, 2, 2, 5, 5, 3, 5, 4, 6, 5, 5, 6, 3, 2, 2, 6, 1, 4, 1, 6, 6, 1, 3, 2, 6, 2, 1, 4, 2, 5, 5, 1, 3, 2, 4, 5, 1, 5, 2, 3, 5, 5, 3, 3, 5, 1, 3, 3, 6, 4, 2, 5, 3, 3, 5] [8, 3, 4, 4, 8, 1, 3, 2, 6, 4, 2, 5, 6, 7, 4, 5, 6, 3, 5, 3, 6, 2, 6, 5, 5, 4, 2, 4, 6, 7, 4, 5, 6, 6, 5, 7, 8, 5, 4, 2, 7, 3, 5, 2, 7, 8, 1, 4, 3, 8, 4, 2, 4, 2, 7, 7, 2, 5, 3, 6, 6, 3, 5, 2, 3, 5, 5, 4, 3, 6, 1, 5, 4, 6, 6, 4, 7, 4, 4, 5]
