A_0 1.82 A 0 [4, 5, 6, 2, 5, 6, 1, 4, 4, 4, 6, 5, 6, 3, 3, 4, 1, 2, 2, 6, 5, 5, 4, 1, 2, 5, 3, 1, 2, 6, 4, 2, 1, 6, 1, 3, 4, 1, 2, 6, 3, 4, 4, 6, 2, 1, 3, 6, 2, 5, 6, 2, 5, 6, 6, 6, 1, 3, 6, 1, 2, 5, 3, 3, 4, 2, 3, 4, 2, 3, 5, 2, 6, 2, 4, 1, 6, 4, 3, 4] [7, 7, 8, 5, 8, 8, 5, 8, 7, 7, 9, 9, 9, 7, 7, 7, 5, 6, 6, 9, 9, 9, 7, 3, 5, 7, 5, 5, 6, 8, 6, 6, 5, 8, 5, 7, 7, 4, 4, 9, 7, 8, 6, 10, 6, 3, 6, 9, 4, 9, 9, 5, 9, 10, 9, 10, 5, 7, 8, 5, 5, 8, 6, 7, 7, 5, 5, 6, 5, 6, 8, 6, 9, 6, 6, 4, 9, 7, 7, 6]
A_1 4.3 A 1 [5, 5, 3, 6, 2, 1, 5, 2, 3, 5, 2, 4, 5, 4, 2, 6, 3, 3, 2, 6, 1, 3, 3, 6, 3, 2, 1, 6, 4, 5, 6, 6, 1, 3, 3, 5, 2, 5, 4, 5, 2, 4, 5, 6, 2, 3, 6, 4, 3, 3, 1, 4, 2, 4, 6, 2, 2, 2, 5, 3, 6, 3, 1, 1, 1, 4, 4, 3, 2, 4, 3, 4, 3, 3, 2, 1, 1, 3, 3, 2] [7, 9, 5, 8, 4, 3, 9, 4, 7, 7, 5, 8, 7, 6, 6, 8, 5, 6, 5, 10, 3, 7, 6, 10, 7, 4, 3, 9, 7, 9, 9, 9, 5, 7, 5, 7, 6, 8, 6, 8, 6, 8, 7, 8, 4, 7, 10, 8, 7, 7, 3, 7, 4, 7, 8, 4, 5, 5, 8, 5, 9, 7, 4, 3, 5, 8, 7, 6, 5, 7, 5, 8, 5, 5, 4, 4, 5, 7, 7, 5]
A_2 6.02 A 2 [6, 3, 3, 6, 1, 3, 3, 1, 2, 3, 4, 5, 4, 1, 6, 1, 3, 2, 2, 5, 1, 3, 6, 4, 5, 3, 1, 6, 2, 3, 5, 4, 1, 5, 1, 2, 2, 5, 3, 3, 3, 5, 2, 2, 4, 5, 6, 3, 6, 2, 5, 5, 3, 1, 3, 6, 4, 6, 1, 6, 6, 5, 1, 5, 1, 6, 3, 4, 3, 2, 4, 2, 1, 2, 1, 2, 5, 4, 4, 3] [8, 5, 6, 9, 3, 5, 6, 4, 5, 6, 7, 7, 7, 5, 9, 4, 7, 6, 6, 8, 3, 5, 9, 6, 9, 7, 5, 10, 6, 7, 8, 6, 3, 9, 3, 6, 6, 9, 6, 6, 7, 7, 4, 5, 7, 9, 9, 6, 9, 6, 9, 9, 7, 5, 6, 9, 7, 9, 4, 9, 8, 8, 3, 9, 4, 10, 7, 6, 7, 5, 7, 4, 5, 5, 3, 5, 8, 6, 6, 6]
A_3 7.02 A 3 [2, 6, 6, 5, 3, 2, 5, 5, 2, 6, 3, 1, 4, 3, 4, 3, 5, 2, 5, 2, 3, 5, 1, 4, 2, 4, 4, 5, 3, 3, 3, 6, 3, 5, 3, 2, 2, 6, 2, 2, 4, 2, 6, 5, 4, 1, 4, 4, 6, 6, 1, 2, 5, 4, 2, 3, 6, 4, 6, 6, 5, 1, 2, 3, 5, 4, 6, 3, 3, 4, 6, 2, 4, 3, 4, 5, 3, 6, 5, 2] [5, 8, 9, 8, 7, 4, 7, 8, 4, 10, 5, 5, 6, 5, 7, 7, 7, 5, 9, 6, 5, 9, 4, 6, 5, 8, 6, 8, 6, 7, 6, 10, 7, 9, 5, 6, 6, 10, 5, 5, 8, 5, 9, 9, 7, 5, 7, 8, 9, 10, 5, 6, 7, 6, 5, 6, 9, 8, 9, 10, 8, 5, 6, 7, 7, 6, 9, 5, 6, 8, 10, 4, 7, 7, 7, 8, 6, 8, 9, 6]
A_4 8.02 A 4 [5, 2, 1, 3, 2, 5, 1, 3, 6, 5, 4, 4, 3, 5, 2, 5, 2, 4, 6, 6, 5, 6, 3, 4, 4, 6, 5, 3, 4, 2, 5, 2, 4, 4, 3, 3, 3, 2, 4, 3, 4, 3, 2, 3, 4, 5, 1, 4, 6, 2, 1, 2, 5, 2, 3, 4, 1, 2, 1, 5, 1, 5, 3, 4, 3, 1, 1, 2, 4, 3, 2, 5, 4, 2, 4, 5, 4, 4, 6, 4] [8, 4, 3, 7, 5, 7, 4, 6, 8, 8, 8, 8, 5, 7, 5, 9, 6, 6, 8, 9, 7, 10, 5, 7, 7, 10, 7, 5, 8, 4, 8, 4, 6, 6, 5, 5, 7, 4, 8, 5, 8, 6, 5, 6, 6, 8, 4, 8, 9, 5, 4, 5, 7, 6, 7, 6, 5, 4, 4, 7, 5, 9, 7, 8, 7, 4, 3, 5, 7, 6, 4, 8, 7, 4, 6, 7, 6, 8, 8, 8]
A_5 9.02 A 5 [6, 1, 3, 2, 5, 6, 6, 4, 3, 2, 5, 3, 3, 3, 1, 1, 4, 4, 2, 1, 4, 1, 6, 1, 1, 6, 6, 4, 4, 5, 4, 2, 6, 3, 5, 2, 4, 5, 3, 4, 3, 6, 3, 4, 3, 6, 4, 1, 6, 1, 6, 4, 1, 2, 5, 4, 5, 6, 5, 6, 6, 1, 4, 4, 1, 1, 3, 6, 2, 5, 6, 4, 3, 4, 6, 4, 3, 6, 4, 1] [8, 3, 5, 4, 7, 8, 9, 8, 5, 6, 9, 7, 6, 7, 3, 5, 6, 6, 4, 5, 6, 5, 10, 3, 5, 9, 9, 8, 7, 7, 8, 5, 10, 7, 8, 5, 8, 8, 6, 6, 6, 10, 7, 6, 7, 9, 7, 4, 9, 4, 8, 8, 5, 4, 9, 8, 9, 8, 8, 8, 8, 3, 7, 8, 3, 5, 7, 8, 5, 7, 10, 7, 7, 7, 10, 8, 5, 9, 8, 4]
A_6 10.58 A 6 [1, 5, 3, 5, 1, 6, 1, 3, 3, 3, 5, 5, 2, 5, 1, 6, 2, 5, 1, 5, 4, 5, 6, 2, 1, 1, 4, 3, 2, 3, 4, 6, 1, 4, 3, 2, 6, 3, 2, 1, 4, 5, 4, 1, 4, 1, 3, 1, 5, 4, 5, 5, 4, 3, 1, 2, 5, 1, 5, 1, 6, 4, 3, 2, 1, 6, 5, 6, 6, 3, 3, 2, 4, 1, 4, 2, 3, 1, 3, 6] [5, 9, 6, 7, 4, 9, 3, 7, 7, 7, 9, 7, 4, 9, 3, 10, 4, 8, 4, 9, 8, 9, 9, 6, 5, 5, 7, 7, 5, 7, 7, 10, 5, 8, 5, 6, 10, 7, 6, 5, 7, 7, 6, 4, 7, 3, 7, 3, 8, 7, 9, 8, 6, 6, 3, 4, 9, 4, 8, 4, 9, 8, 6, 4, 5, 9, 7, 8, 9, 7, 7, 4, 8, 5, 8, 6, 5, 5, 5, 9]
A_7 11.58 A 7 [4, 2, 1, 5, 3, 4, 3, 3, 1, 4, 5, 4, 5, 5, 3, 1, 3, 4, 5, 2, 4, 6, 3, 5, 5, 5, 1, 2, 2, 6, 1, 5, 3, 1, 4, 2, 6, 2, 1, 1, 2, 4, 5, 2, 2, 1, 4, 1, 4, 1, 3, 3, 3, 2, 4, 2, 4, 4, 4, 5, 4, 6, 6, 6, 6, 1, 2, 6, 2, 4, 5, 3, 1, 3, 1, 2, 4, 6, 2, 1] [8, 4, 4, 8, 6, 8, 7, 6, 4, 7, 9, 7, 8, 7, 5, 4, 5, 8, 9, 6, 6, 9, 7, 8, 9, 9, 5, 6, 4, 9, 3, 7, 5, 4, 8, 4, 10, 5, 3, 4, 5, 7, 9, 4, 4, 3, 8, 4, 6, 5, 5, 6, 6, 6, 8, 5, 8, 7, 6, 7, 7, 10, 8, 10, 9, 4, 5, 10, 4, 7, 9, 6, 5, 7, 5, 4, 6, 9, 4, 3]
A_8 12.58 A 8 [4, 3, 2, 2, 6, 3, 3, 1, 4, 2, 5, 1, 6, 2, 3, 6, 4, 5, 6, 5, 1, 4, 5, 5, 1, 3, 1, 1, 3, 5, 6, 3, 2, 5, 3, 4, 6, 3, 2, 5, 4, 4, 5, 6, 2, 2, 5, 1, 6, 2, 6, 6, 4, 2, 3, 3, 5, 5, 3, 4, 2, 3, 1, 6, 3, 1, 2, 2, 2, 6, 5, 3, 4, 3, 3, 2, 3, 5, 6, 5] [7, 7, 5, 4, 8, 5, 7, 4, 8, 5, 7, 4, 8, 5, 5, 10, 8, 9, 9, 8, 4, 7, 9, 9, 4, 7, 5, 3, 5, 9, 8, 5, 4, 8, 6, 6, 9, 5, 6, 7, 6, 8, 8, 8, 5, 4, 7, 4, 9, 6, 10, 10, 8, 4, 6, 5, 8, 7, 7, 7, 5, 6, 3, 9, 5, 3, 6, 6, 5, 10, 9, 6, 6, 7, 5, 5, 7, 9, 10, 9]
A_9 14.22 A 9 [4, 5, 3, 6, 5, 2, 3, 4, 2, 4, 4, 3, 6, 4, 2, 2, 5, 5, 1, 2, 1, 1, 5, 6, 1, 2, 4, 1, 6, 2, 4, 5, 6, 6, 6, 3, 3, 2, 1, 1, 3, 5, 4, 4, 4, 6, 4, 5, 5, 5, 1, 3, 1, 4, 1, 6, 4, 2, 3, 4, 1, 5, 5, 6, 3, 6, 4, 4, 2, 4, 4, 5, 5, 6, 5, 1, 4, 3, 1, 4] [7, 7, 6, 10, 8, 6, 7, 7, 5, 8, 7, 5, 10, 6, 4, 6, 8, 7, 4, 4, 5, 4, 8, 10, 3, 6, 6, 3, 8, 5, 8, 7, 8, 8, 9, 6, 5, 4, 3, 4, 6, 7, 8, 8, 6, 8, 7, 8, 9, 9, 4, 7, 5, 8, 4, 9, 6, 5, 6, 8, 5, 7, 9, 10, 6, 9, 6, 7, 4, 6, 6, 8, 7, 9, 9, 3, 8, 6, 4, 6]
A_10 15.91 A 10 [6, 2, 4, 3, 4, 5, 5, 5, 5, 4, 5, 2, 6, 1, 5, 2, 4, 3, 6, 1, 1, 5, 2, 1, 4, 1, 1, 6, 2, 5, 1, 1, 3, 6, 3, 3, 2, 4, 4, 4, 1, 3, 1, 2, 1, 5, 3, 1, 1, 1, 1, 2, 3, 3, 3, 1, 4, 1, 3, 5, 4, 1, 6, 5, 6, 6, 2, 2, 6, 3, 6, 5, 2, 1, 2, 4, 3, 6, 6, 5] [9, 5, 7, 5, 8, 9, 9, 9, 7, 7, 7, 5, 10, 5, 7, 6, 6, 7, 8, 4, 3, 8, 4, 4, 8, 4, 5, 8, 5, 7, 4, 4, 7, 10, 5, 6, 4, 6, 8, 6, 3, 6, 5, 5, 5, 8, 6, 3, 4, 5, 4, 4, 6, 5, 7, 4, 7, 5, 5, 7, 8, 4, 8, 9, 9, 10, 6, 5, 9, 6, 10, 7, 5, 4, 4, 6, 7, 8, 10, 9]
A_11 19.3 A 11 [5, 4, 5, 1, 4, 3, 5, 4, 1, 3, 2, 4, 6, 6, 4, 3, 5, 5, 3, 5, 2, 2, 6, 3, 2, 2, 2, 6, 5, 6, 3, 2, 4, 3, 5, 5, 1, 1, 6, 2, 4, 1, 5, 2, 4, 4, 3, 4, 3, 5, 1, 4, 2, 6, 5, 4, 2, 1, 3, 2, 3, 5, 6, 1, 5, 2, 2, 5, 3, 4, 4, 4, 6, 1, 4, 3, 4, 2, 3, 3] [9, 8, 7, 5, 8, 7, 7, 7, 4, 5, 5, 8, 9, 10, 7, 5, 7, 8, 7, 8, 4, 5, 10, 7, 6, 6, 5, 9, 9, 8, 7, 4, 7, 7, 7, 7, 5, 3, 9, 6, 7, 3, 7, 4, 6, 7, 7, 7, 7, 8, 3, 8, 6, 8, 9, 8, 6, 5, 7, 5, 5, 8, 9, 4, 8, 4, 6, 8, 5, 8, 8, 8, 9, 3, 6, 5, 7, 4, 6, 6]
A_12 20.3 A 12 [6, 5, 4, 4, 3, 3, 2, 5, 6, 6, 6, 6, 6, 5, 6, 4, 2, 3, 3, 6, 3, 4, 4, 3, 4, 2, 2, 6, 6, 3, 1, 2, 3, 6, 2, 5, 4, 5, 2, 5, 1, 3, 3, 4, 3, 4, 6, 2, 5, 5, 5, 2, 4, 4, 1, 2, 1, 3, 2, 4, 1, 4, 5, 2, 5, 6, 5, 1, 2, 6, 5, 6, 6, 3, 4, 2, 3, 4, 4, 6] [9, 7, 7, 6, 5, 6, 4, 8, 8, 10, 10, 9, 10, 9, 9, 7, 4, 5, 6, 9, 5, 7, 8, 7, 7, 6, 5, 8, 9, 6, 5, 6, 5, 10, 4, 8, 7, 7, 4, 9, 5, 6, 6, 6, 5, 6, 8, 4, 9, 9, 8, 6, 7, 7, 3, 5, 3, 5, 6, 6, 5, 7, 9, 6, 9, 8, 8, 3, 6, 8, 7, 9, 10, 5, 6, 6, 5, 7, 6, 8]
A_13 21.3 A 13 [3, 4, 1, 3, 5, 3, 5, 5, 2, 4, 1, 6, 5, 2, 6, 1, 5, 1, 4, 1, 6, 3, 1, 2, 6, 5, 4, 6, 3, 5, 1, 3, 5, 5, 6, 1, 5, 1, 2, 6, 2, 3, 3, 4, 5, 5, 2, 6, 4, 1, 2, 1, 2, 4, 2, 1, 1, 3, 2, 5, 3, 4, 2, 1, 5, 6, 2, 5, 6, 4, 2, 2, 5, 5, 1, 5, 4, 6, 2, 3] [7, 6, 5, 5, 7, 7, 9, 7, 5, 6, 5, 10, 9, 4, 8, 5, 9, 4, 8, 5, 10, 6, 4, 4, 9, 7, 8, 8, 7, 7, 4, 5, 7, 8, 9, 3, 7, 5, 6, 10, 4, 7, 6, 7, 9, 7, 6, 9, 7, 5, 6, 5, 5, 7, 4, 5, 3, 7, 4, 7, 5, 7, 4, 5, 8, 8, 6, 7, 9, 8, 4, 4, 9, 8, 5, 7, 8, 9, 5, 7]
A_14 22.3 A 14 [3, 2, 6, 4, 2, 1, 1, 3, 3, 2, 5, 4, 6, 6, 6, 3, 6, 1, 5, 6, 3, 4, 2, 4, 5, 1, 2, 4, 1, 5, 3, 2, 1, 4, 2, 5, 4, 6, 6, 3, 6, 3, 3, 6, 1, 1, 6, 1, 6, 3, 3, 3, 6, 1, 5, 5, 2, 2, 5, 5, 4, 1, 3, 6, 2, 3, 2, 1, 3, 5, 3, 2, 2, 2, 1, 3, 3, 2, 2, 1] [7, 6, 9, 7, 5, 3, 3, 5, 5, 4, 7, 7, 9, 8, 8, 6, 10, 5, 9, 9, 6, 7, 5, 8, 7, 3, 4, 8, 3, 8, 6, 4, 5, 8, 4, 9, 8, 10, 10, 6, 10, 7, 7, 10, 5, 5, 9, 3, 10, 7, 7, 5, 9, 4, 7, 8, 4, 5, 7, 9, 7, 4, 5, 10, 5, 6, 5, 5, 6, 7, 7, 4, 6, 5, 3, 7, 5, 4, 4, 5]
A_15 24.36 A 15 [4, 6, 1, 3, 5, 1, 6, 1, 6, 2, 2, 3, 4, 1, 3, 1, 4, 6, 3, 6, 5, 4, 3, 3, 4, 1, 2, 3, 3, 5, 3, 6, 6, 3, 2, 4, 2, 1, 6, 1, 1, 4, 4, 6, 1, 2, 1, 1, 6, 5, 3, 1, 3, 4, 4, 4, 1, 1, 3, 3, 2, 1, 4, 5, 1, 4, 1, 1, 6, 4, 3, 1, 2, 1, 4, 2, 5, 4, 4, 1] [7, 8, 4, 7, 9, 5, 10, 4, 10, 6, 6, 5, 7, 5, 6, 4, 8, 8, 6, 10, 7, 7, 7, 7, 6, 3, 5, 7, 6, 8, 7, 10, 10, 7, 6, 6, 4, 3, 8, 5, 4, 6, 8, 8, 4, 5, 4, 3, 8, 8, 7, 4, 5, 7, 7, 7, 5, 5, 5, 7, 6, 3, 6, 8, 5, 7, 5, 5, 8, 8, 6, 5, 4, 3, 7, 4, 8, 8, 8, 3]
A_16 25.36 A 16 [1, 3, 3, 5, 2, 4, 2, 3, 4, 5, 4, 5, 2, 5, 6, 4, 6, 4, 1, 6, 1, 3, 2, 1, 4, 6, 6, 6, 6, 4, 2, 5, 5, 2, 5, 5, 3, 6, 1, 3, 2, 6, 1, 1, 6, 2, 3, 6, 4, 5, 1, 6, 2, 6, 6, 4, 3, 2, 3, 4, 2, 2, 6, 3, 3, 6, 3, 5, 3, 5, 5, 1, 1, 1, 1, 4, 6, 3, 3, 6] [5, 5, 7, 7, 6, 6, 4, 5, 8, 8, 6, 7, 4, 9, 10, 8, 8, 6, 3, 9, 3, 6, 4, 3, 8, 10, 10, 10, 9, 8, 6, 7, 7, 6, 9, 9, 5, 10, 3, 5, 6, 10, 3, 4, 9, 6, 5, 9, 8, 9, 3, 10, 6, 8, 8, 6, 7, 4, 6, 8, 4, 4, 9, 7, 5, 9, 5, 9, 6, 7, 8, 3, 3, 3, 4, 7, 8, 7, 7, 10]
A_17 27.349999999999998 A 17 [2, 3, 2, 2, 4, 4, 5, 4, 5, 5, 3, 5, 3, 1, 1, 6, 4, 5, 2, 4, 3, 1, 5, 4, 3, 1, 3, 6, 4, 1, 2, 4, 5, 6, 4, 5, 2, 1, 3, 5, 5, 3, 2, 3, 2, 6, 5, 2, 4, 6, 6, 2, 5, 5, 4, 3, 4, 6, 2, 2, 6, 1, 6, 5, 2, 3, 1, 1, 4, 4, 5, 1, 2, 4, 3, 2, 4, 5, 6, 1] [6, 6, 6, 5, 6, 6, 8, 8, 9, 7, 7, 8, 5, 4, 5, 8, 6, 9, 6, 7, 5, 4, 7, 6, 7, 5, 5, 9, 6, 3, 5, 6, 8, 8, 8, 9, 5, 5, 5, 7, 9, 6, 4, 5, 5, 9, 8, 4, 7, 8, 10, 5, 7, 8, 6, 7, 7, 8, 4, 6, 10, 4, 8, 9, 4, 5, 5, 5, 7, 8, 8, 4, 4, 8, 6, 5, 8, 8, 8, 5]
A_18 28.349999999999998 A 18 [2, 2, 2, 5, 6, 2, 1, 5, 6, 1, 6, 3, 3, 4, 5, 3, 1, 2, 5, 6, 5, 6, 4, 5, 6, 3, 6, 2, 5, 1, 3, 3, 3, 4, 6, 4, 6, 2, 5, 3, 2, 5, 1, 4, 2, 5, 1, 5, 3, 3, 5, 1, 1, 3, 5, 5, 6, 6, 2, 3, 2, 6, 1, 2, 1, 6, 6, 6, 2, 6, 6, 2, 1, 4, 6, 6, 5, 6, 5, 3] [6, 5, 6, 9, 8, 4, 4, 9, 9, 4, 8, 7, 6, 8, 9, 6, 3, 6, 7, 8, 7, 8, 6, 8, 8, 7, 9, 4, 8, 5, 7, 6, 6, 7, 10, 6, 9, 5, 7, 5, 5, 9, 3, 8, 6, 7, 5, 9, 7, 7, 7, 5, 5, 6, 8, 9, 10, 9, 6, 5, 5, 9, 4, 6, 4, 8, 9, 8, 4, 9, 8, 5, 4, 7, 9, 10, 9, 8, 8, 5]
A_19 31.779999999999998 A 19 [6, 6, 5, 2, 6, 1, 5, 2, 5, 2, 1, 5, 6, 1, 6, 6, 6, 4, 6, 1, 2, 4, 6, 4, 6, 4, 1, 4, 5, 3, 4, 1, 2, 1, 4, 2, 3, 4, 3, 3, 4, 3, 5, 5, 3, 3, 4, 5, 2, 4, 4, 4, 4, 6, 4, 3, 2, 1, 5, 3, 3, 1, 3, 1, 4, 6, 6, 4, 1, 4, 2, 3, 2, 6, 4, 4, 5, 2, 1, 1] [9, 10, 8, 6, 9, 5, 9, 6, 8, 4, 4, 8, 9, 5, 9, 10, 9, 7, 8, 3, 5, 8, 9, 8, 8, 7, 4, 8, 8, 6, 7, 5, 6, 4, 6, 5, 7, 6, 7, 6, 6, 5, 9, 8, 6, 6, 7, 9, 5, 8, 6, 8, 8, 10, 8, 5, 5, 3, 7, 7, 6, 5, 6, 5, 6, 10, 10, 6, 3, 8, 4, 7, 6, 8, 6, 7, 9, 6, 3, 5]
A_20 32.93 A 20 [5, 1, 1, 3, 5, 4, 4, 4, 1, 1, 1, 2, 3, 6, 3, 5, 1, 3, 5, 2, 4, 2, 2, 2, 2, 4, 2, 2, 3, 2, 1, 3, 2, 2, 1, 5, 6, 1, 1, 6, 5, 1, 6, 2, 2, 6, 2, 1, 3, 5, 2, 5, 3, 3, 3, 1, 6, 3, 3, 1, 2, 2, 3, 1, 3, 1, 6, 1, 4, 5, 6, 4, 5, 1, 5, 4, 5, 2, 6, 4] [9, 3, 3, 5, 7, 6, 8, 6, 4, 5, 3, 4, 5, 10, 6, 7, 3, 5, 7, 5, 7, 5, 6, 6, 5, 8, 5, 4, 5, 4, 5, 5, 5, 4, 3, 8, 10, 3, 4, 10, 9, 5, 8, 6, 6, 9, 6, 5, 6, 9, 5, 9, 6, 7, 7, 3, 8, 6, 7, 3, 4, 6, 5, 5, 7, 4, 9, 3, 8, 9, 9, 6, 8, 4, 8, 7, 8, 4, 8, 6]
A_21 33.93 A 21 [5, 3, 3, 5, 6, 1, 5, 6, 4, 1, 5, 2, 4, 3, 4, 4, 3, 1, 6, 4, 2, 4, 4, 5, 1, 5, 4, 1, 3, 1, 1, 4, 6, 4, 2, 3, 5, 5, 5, 1, 1, 1, 5, 5, 4, 5, 6, 5, 2, 4, 2, 1, 2, 4, 1, 3, 5, 6, 4, 1, 5, 1, 1, 3, 5, 4, 5, 2, 1, 3, 6, 6, 5, 2, 3, 3, 3, 4, 4, 4] [9, 7, 5, 9, 10, 5, 9, 9, 7, 4, 8, 5, 7, 6, 7, 7, 6, 4, 8, 8, 5, 8, 6, 8, 4, 8, 7, 3, 6, 4, 5, 6, 10, 8, 5, 6, 9, 9, 7, 5, 4, 3, 9, 7, 7, 8, 8, 8, 6, 8, 4, 3, 5, 6, 4, 6, 7, 8, 7, 5, 8, 3, 4, 5, 9, 8, 7, 4, 4, 6, 10, 9, 7, 4, 6, 5, 5, 6, 8, 8]
A_22 36.8 A 22 [4, 3, 6, 1, 3, 6, 6, 3, 5, 5, 2, 6, 4, 1, 2, 3, 2, 5, 4, 6, 2, 4, 1, 2, 5, 6, 4, 6, 1, 3, 1, 4, 2, 4, 1, 2, 4, 6, 2, 6, 4, 5, 6, 6, 2, 2, 3, 1, 6, 1, 1, 3, 2, 2, 3, 4, 3, 1, 5, 5, 4, 3, 2, 6, 2, 4, 1, 1, 3, 2, 5, 4, 6, 4, 1, 3, 6, 1, 2, 2] [7, 6, 9, 4, 5, 10, 9, 7, 9, 8, 4, 10, 8, 4, 5, 7, 4, 7, 6, 9, 6, 6, 5, 4, 8, 9, 6, 9, 3, 5, 5, 6, 6, 6, 5, 5, 8, 9, 5, 9, 8, 7, 9, 8, 4, 4, 5, 3, 8, 3, 5, 7, 6, 6, 5, 8, 7, 3, 7, 7, 6, 5, 6, 10, 5, 8, 5, 4, 5, 6, 7, 7, 9, 7, 4, 6, 8, 4, 5, 4]
A_23 37.8 A 23 [1, 6, 4, 4, 4, 1, 2, 5, 5, 6, 1, 3, 3, 2, 4, 3, 1, 4, 5, 4, 2, 5, 2, 3, 2, 5, 4, 5, 5, 5, 6, 3, 4, 6, 5, 5, 1, 4, 1, 2, 3, 5, 4, 3, 5, 6, 4, 1, 2, 4, 3, 1, 2, 4, 6, 1, 3, 2, 4, 1, 1, 2, 3, 3, 2, 3, 4, 5, 5, 1, 1, 6, 5, 2, 1, 2, 5, 3, 1, 6] [3, 10, 6, 6, 7, 3, 6, 8, 9, 10, 4, 7, 7, 4, 8, 7, 3, 6, 8, 8, 6, 8, 4, 6, 4, 7, 6, 9, 7, 8, 9, 5, 6, 8, 7, 7, 4, 7, 5, 6, 6, 7, 8, 6, 8, 8, 7, 5, 4, 8, 5, 3, 5, 8, 10, 5, 6, 6, 7, 3, 4, 6, 5, 6, 4, 5, 7, 7, 8, 5, 4, 10, 7, 6, 4, 4, 8, 6, 5, 9]
A_24 40.16 A 24 [2, 3, 5, 2, 4, 1, 1, 5, 1, 1, 4, 2, 4, 6, 5, 4, 4, 3, 6, 6, 2, 1, 5, 2, 2, 4, 6, 6, 4, 6, 3, 3, 6, 3, 5, 5, 5, 1, 3, 4, 5, 3, 1, 5, 1, 1, 2, 5, 3, 1, 5, 2, 2, 6, 4, 4, 6, 6, 1, 1, 4, 1, 1, 5, 2, 1, 5, 3, 6, 3, 2, 3, 6, 4, 1, 1, 1, 4, 1, 5] [5, 7, 9, 5, 7, 5, 5, 9, 4, 3, 8, 6, 7, 9, 7, 6, 8, 7, 8, 8, 5, 4, 8, 4, 4, 6, 10, 9, 8, 8, 7, 7, 9, 6, 8, 7, 9, 5, 5, 7, 9, 7, 5, 9, 5, 3, 4, 7, 6, 5, 9, 4, 6, 8, 8, 6, 9, 9, 4, 5, 6, 4, 5, 9, 5, 4, 9, 5, 9, 5, 5, 6, 8, 8, 5, 5, 5, 7, 5, 9]
A_25 41.16 A 25 [5, 2, 3, 4, 6, 6, 1, 5, 3, 2, 1, 2, 2, 5, 1, 1, 6, 1, 3, 4, 4, 5, 6, 5, 4, 5, 3, 5, 4, 2, 2, 3, 6, 2, 5, 4, 4, 4, 4, 4, 1, 6, 1, 6, 1, 6, 1, 1, 2, 4, 2, 6, 2, 1, 5, 1, 2, 3, 1, 6, 4, 4, 3, 1, 5, 3, 3, 1, 1, 4, 6, 1, 2, 1, 5, 6, 3, 6, 5, 4] [7, 4, 7, 8, 10, 9, 5, 9, 7, 6, 4, 6, 6, 7, 3, 3, 10, 5, 7, 7, 8, 8, 9, 7, 6, 9, 7, 9, 6, 5, 6, 7, 10, 4, 9, 7, 7, 8, 8, 8, 3, 10, 4, 9, 3, 8, 3, 3, 5, 8, 6, 9, 5, 3, 9, 4, 4, 7, 3, 10, 7, 6, 6, 4, 9, 6, 6, 4, 3, 7, 9, 5, 6, 5, 7, 9, 7, 9, 8, 8]
A_26 42.16 A 26 [3, 1, 1, 4, 5, 6, 4, 1, 1, 4, 1, 2, 2, 4, 2, 2, 6, 3, 6, 1, 2, 4, 4, 4, 6, 3, 4, 5, 1, 3, 3, 3, 4, 3, 2, 2, 6, 1, 5, 5, 3, 4, 5, 2, 1, 6, 2, 2, 2, 6, 5, 4, 1, 1, 4, 4, 6, 6, 2, 1, 4, 1, 4, 3, 2, 5, 2, 5, 4, 2, 5, 5, 5, 5, 3, 6, 1, 4, 3, 4] [5, 3, 5, 6, 7, 9, 7, 5, 5, 6, 5, 5, 5, 8, 4, 5, 10, 5, 9, 4, 5, 7, 6, 6, 10, 7, 7, 8, 5, 6, 7, 5, 7, 5, 4, 6, 10, 3, 9, 8, 6, 8, 9, 4, 5, 9, 5, 5, 4, 9, 9, 7, 4, 5, 6, 6, 8, 10, 6, 3, 6, 5, 8, 7, 6, 9, 6, 9, 8, 5, 8, 9, 7, 9, 5, 10, 4, 6, 5, 8]
A_27 43.16 A 27 [1, 6, 6, 5, 3, 4, 3, 2, 1, 1, 6, 6, 6, 6, 4, 3, 6, 6, 2, 4, 2, 1, 6, 5, 6, 5, 5, 4, 5, 3, 2, 5, 3, 1, 2, 4, 1, 5, 4, 5, 2, 2, 5, 5, 1, 1, 1, 3, 5, 3, 6, 6, 3, 6, 6, 4, 6, 2, 1, 6, 6, 4, 3, 1, 2, 2, 1, 1, 1, 3, 5, 3, 3, 3, 6, 1, 2, 2, 4, 6] [5, 9, 10, 8, 5, 8, 7, 6, 3, 3, 8, 9, 8, 8, 8, 7, 10, 9, 4, 8, 4, 3, 9, 9, 9, 9, 8, 6, 8, 5, 6, 8, 5, 3, 5, 8, 3, 7, 6, 9, 4, 5, 9, 8, 3, 4, 3, 6, 9, 6, 10, 10, 7, 8, 9, 8, 9, 6, 4, 9, 8, 7, 7, 3, 4, 6, 3, 3, 5, 6, 8, 7, 6, 6, 9, 5, 6, 6, 6, 9]
A_28 44.16 A 28 [2, 4, 2, 3, 4, 4, 2, 2, 3, 6, 2, 5, 6, 3, 1, 3, 6, 4, 5, 5, 3, 3, 1, 5, 4, 4, 1, 5, 2, 3, 4, 6, 3, 5, 4, 5, 6, 6, 6, 4, 5, 3, 3, 1, 4, 3, 6, 4, 6, 1, 6, 3, 4, 2, 3, 2, 5, 1, 1, 5, 3, 1, 4, 4, 6, 6, 3, 5, 5, 4, 3, 2, 3, 6, 5, 2, 2, 6, 1, 3] [6, 7, 6, 6, 8, 7, 5, 4, 5, 8, 5, 9, 9, 7, 3, 6, 9, 6, 8, 8, 5, 6, 3, 7, 8, 6, 5, 8, 4, 6, 6, 8, 5, 9, 6, 9, 9, 10, 8, 6, 8, 6, 6, 3, 6, 7, 9, 6, 10, 3, 10, 6, 8, 5, 6, 6, 8, 3, 4, 9, 7, 5, 8, 6, 10, 10, 7, 7, 7, 7, 5, 4, 6, 8, 7, 4, 6, 10, 5, 6]
A_29 47.629999999999995 A 29 [6, 5, 3, 3, 2, 5, 3, 6, 5, 2, 5, 6, 3, 5, 5, 5, 4, 1, 1, 3, 2, 1, 3, 5, 6, 2, 3, 3, 3, 6, 1, 3, 1, 4, 6, 4, 6, 1, 2, 5, 6, 3, 3, 2, 6, 2, 1, 3, 6, 6, 1, 3, 5, 4, 4, 5, 3, 2, 6, 1, 6, 2, 3, 3, 3, 4, 5, 3, 3, 2, 3, 1, 4, 3, 2, 2, 1, 1, 2, 5] [8, 9, 7, 7, 4, 7, 7, 9, 9, 5, 7, 8, 6, 7, 8, 8, 8, 3, 5, 6, 4, 4, 5, 8, 8, 5, 6, 5, 6, 10, 4, 5, 5, 6, 10, 8, 9, 5, 5, 9, 9, 5, 7, 4, 9, 6, 5, 6, 10, 10, 4, 5, 8, 7, 6, 9, 5, 5, 10, 5, 8, 6, 7, 6, 6, 6, 9, 6, 7, 5, 7, 4, 6, 5, 4, 4, 5, 5, 4, 7]
A_30 50.519999999999996 A 30 [4, 6, 5, 3, 5, 4, 4, 1, 6, 4, 1, 3, 1, 1, 3, 3, 2, 2, 3, 4, 1, 1, 1, 6, 3, 2, 3, 2, 4, 1, 5, 4, 1, 5, 5, 2, 1, 5, 6, 3, 2, 3, 1, 5, 5, 4, 4, 5, 6, 3, 1, 6, 2, 3, 2, 6, 4, 4, 6, 2, 4, 5, 5, 1, 2, 3, 4, 3, 2, 3, 2, 5, 6, 6, 5, 3, 6, 5, 2, 1] [6, 9, 8, 6, 8, 8, 7, 3, 8, 8, 4, 7, 5, 4, 6, 7, 6, 5, 7, 7, 5, 5, 5, 9, 7, 6, 7, 6, 6, 4, 8, 8, 3, 8, 9, 4, 3, 7, 9, 6, 6, 6, 5, 8, 9, 6, 8, 9, 10, 6, 5, 10, 4, 7, 5, 10, 6, 6, 8, 6, 6, 9, 9, 5, 4, 6, 8, 7, 4, 7, 6, 9, 8, 9, 8, 7, 10, 7, 4, 5]
A_31 52.67999999999999 A 31 [2, 6, 4, 6, 2, 2, 6, 5, 3, 5, 1, 2, 2, 3, 2, 6, 5, 4, 3, 1, 3, 4, 4, 3, 3, 3, 3, 5, 6, 3, 4, 1, 4, 6, 4, 4, 3, 5, 3, 2, 6, 5, 3, 3, 2, 3, 1, 4, 6, 2, 3, 1, 3, 6, 5, 2, 4, 2, 3, 4, 3, 5, 4, 1, 1, 5, 3, 5, 4, 2, 4, 2, 5, 6, 5, 2, 5, 5, 4, 6] [6, 9, 6, 10, 4, 5, 10, 7, 5, 7, 4, 4, 6, 5, 4, 10, 7, 6, 6, 5, 5, 6, 6, 5, 7, 7, 5, 8, 8, 5, 8, 3, 6, 10, 7, 6, 6, 7, 7, 6, 10, 7, 6, 6, 6, 6, 3, 7, 9, 5, 7, 4, 6, 10, 7, 5, 6, 6, 7, 7, 6, 7, 8, 4, 3, 7, 7, 8, 7, 6, 7, 6, 7, 8, 7, 6, 8, 9, 8, 9]
A_32 53.67999999999999 A 32 [1, 1, 1, 3, 4, 6, 1, 3, 2, 6, 3, 4, 3, 5, 1, 6, 5, 5, 3, 2, 2, 6, 2, 4, 6, 6, 4, 3, 3, 1, 1, 4, 1, 1, 2, 1, 1, 2, 2, 4, 3, 3, 4, 6, 2, 4, 3, 3, 3, 1, 6, 4, 1, 3, 5, 2, 4, 4, 2, 4, 1, 3, 1, 2, 2, 1, 4, 4, 5, 1, 4, 4, 3, 2, 2, 6, 6, 3, 4, 4] [5, 5, 3, 7, 6, 10, 5, 5, 4, 8, 7, 7, 5, 7, 5, 10, 7, 8, 6, 6, 5, 10, 6, 6, 9, 10, 7, 5, 5, 5, 3, 6, 5, 4, 5, 3, 3, 5, 6, 7, 5, 5, 6, 10, 5, 7, 7, 6, 6, 4, 10, 8, 4, 5, 7, 5, 7, 8, 6, 6, 5, 7, 5, 5, 6, 4, 7, 8, 9, 4, 8, 6, 5, 5, 5, 8, 9, 5, 8, 7]
A_33 54.67999999999999 A 33 [6, 3, 5, 5, 4, 3, 4, 1, 5, 6, 6, 3, 6, 5, 4, 3, 2, 6, 4, 1, 2, 4, 4, 6, 3, 2, 3, 1, 5, 4, 5, 6, 1, 3, 5, 6, 3, 1, 2, 3, 6, 6, 3, 2, 1, 4, 3, 5, 4, 6, 4, 2, 4, 2, 4, 2, 2, 3, 1, 2, 4, 3, 4, 6, 2, 3, 4, 4, 1, 2, 1, 2, 3, 5, 4, 2, 2, 6, 2, 1] [8, 7, 9, 9, 6, 7, 8, 4, 8, 8, 10, 7, 10, 8, 8, 7, 6, 8, 7, 4, 4, 8, 6, 8, 6, 4, 5, 3, 9, 6, 8, 10, 4, 7, 8, 10, 6, 3, 5, 6, 8, 9, 6, 4, 3, 6, 7, 8, 6, 8, 8, 5, 6, 6, 6, 6, 6, 7, 4, 4, 8, 6, 7, 9, 6, 6, 6, 8, 4, 6, 5, 6, 7, 8, 7, 5, 6, 8, 6, 4]
A_34 56.849999999999994 A 34 [1, 3, 1, 3, 3, 5, 3, 4, 3, 6, 3, 5, 2, 6, 2, 2, 5, 4, 6, 4, 1, 2, 1, 5, 5, 5, 2, 2, 4, 6, 5, 4, 2, 5, 6, 3, 3, 6, 1, 4, 3, 1, 2, 2, 6, 5, 1, 1, 4, 5, 5, 3, 3, 3, 6, 3, 3, 5, 3, 5, 6, 4, 4, 1, 2, 2, 4, 6, 4, 1, 6, 3, 4, 5, 6, 5, 5, 6, 3, 2] [5, 5, 3, 5, 5, 8, 5, 8, 6, 9, 5, 7, 4, 9, 4, 6, 9, 8, 10, 6, 3, 5, 5, 7, 8, 9, 4, 5, 6, 10, 9, 7, 5, 8, 9, 7, 6, 8, 5, 8, 5, 3, 4, 4, 10, 8, 4, 5, 7, 7, 7, 5, 5, 7, 8, 7, 5, 7, 6, 7, 9, 7, 8, 4, 6, 4, 6, 8, 6, 3, 9, 6, 8, 9, 9, 9, 9, 9, 6, 6]
A_35 57.849999999999994 A 35 [3, 5, 2, 2, 3, 2, 2, 2, 4, 3, 3, 5, 5, 1, 5, 4, 5, 5, 4, 2, 5, 3, 2, 5, 5, 4, 2, 4, 5, 4, 2, 4, 1, 6, 3, 5, 6, 5, 6, 4, 6, 1, 3, 4, 1, 3, 2, 1, 4, 6, 3, 1, 3, 2, 6, 1, 4, 5, 1, 6, 3, 1, 4, 6, 6, 2, 5, 6, 4, 5, 3, 6, 6, 3, 2, 4, 6, 3, 4, 2] [7, 7, 6, 6, 5, 5, 6, 4, 6, 6, 6, 7, 8, 3, 9, 6, 9, 9, 6, 5, 8, 6, 5, 7, 7, 7, 6, 8, 9, 8, 4, 6, 3, 10, 7, 8, 9, 8, 8, 6, 8, 3, 7, 8, 3, 7, 4, 5, 7, 9, 5, 5, 7, 6, 8, 5, 8, 7, 5, 10, 6, 4, 6, 8, 8, 6, 8, 10, 8, 9, 6, 8, 10, 6, 6, 7, 10, 7, 6, 5]
A_36 60.81999999999999 A 36 [4, 2, 2, 2, 3, 4, 6, 6, 6, 3, 2, 1, 4, 5, 4, 2, 3, 2, 6, 3, 6, 5, 4, 1, 5, 4, 6, 1, 6, 6, 1, 3, 1, 3, 3, 6, 2, 2, 5, 6, 4, 1, 4, 4, 4, 6, 6, 5, 5, 5, 4, 6, 1, 6, 6, 4, 5, 6, 5, 1, 6, 3, 5, 1, 2, 4, 1, 4, 1, 2, 2, 5, 2, 2, 5, 3, 5, 6, 6, 2] [7, 6, 6, 6, 7, 8, 10, 10, 9, 5, 4, 5, 7, 7, 8, 4, 5, 5, 9, 7, 10, 9, 8, 4, 9, 7, 10, 3, 9, 9, 3, 6, 3, 6, 6, 9, 6, 5, 7, 8, 8, 5, 7, 7, 8, 9, 8, 7, 7, 8, 7, 9, 5, 8, 10, 8, 9, 8, 9, 4, 10, 5, 9, 4, 4, 6, 5, 8, 3, 5, 4, 9, 5, 6, 8, 6, 7, 9, 9, 5]
A_37 61.81999999999999 A 37 [1, 5, 5, 6, 2, 5, 3, 2, 3, 2, 4, 1, 5, 1, 6, 1, 6, 1, 2, 4, 1, 5, 6, 4, 1, 4, 1, 5, 6, 1, 5, 5, 2, 1, 6, 5, 2, 5, 6, 5, 3, 1, 4, 2, 4, 2, 1, 4, 1, 3, 6, 1, 1, 3, 5, 1, 2, 3, 5, 3, 5, 4, 6, 5, 4, 4, 2, 4, 1, 2, 4, 6, 5, 5, 1, 4, 6, 4, 3, 6] [4, 8, 9, 10, 4, 8, 7, 5, 5, 4, 6, 3, 7, 5, 10, 3, 10, 5, 5, 6, 3, 9, 9, 7, 5, 8, 3, 7, 10, 5, 7, 7, 5, 3, 8, 8, 5, 8, 10, 8, 5, 4, 8, 5, 8, 5, 3, 7, 4, 5, 9, 5, 4, 7, 9, 5, 5, 5, 8, 6, 7, 6, 8, 9, 6, 6, 4, 6, 3, 6, 8, 10, 8, 7, 5, 7, 8, 6, 5, 10]
A_38 63.75999999999999 A 38 [2, 4, 3, 2, 4, 3, 2, 1, 2, 1, 4, 6, 2, 2, 6, 6, 1, 3, 5, 3, 1, 5, 2, 1, 3, 4, 5, 4, 6, 2, 6, 3, 2, 2, 1, 6, 5, 6, 4, 1, 3, 2, 1, 6, 5, 3, 5, 6, 2, 3, 3, 4, 5, 5, 6, 5, 6, 3, 3, 1, 5, 6, 5, 1, 6, 2, 1, 6, 4, 3, 6, 3, 5, 3, 2, 6, 3, 5, 5, 5] [4, 6, 6, 5, 8, 6, 6, 3, 6, 3, 8, 9, 4, 6, 10, 8, 3, 5, 7, 7, 4, 7, 5, 5, 5, 8, 9, 6, 8, 5, 9, 7, 6, 5, 5, 8, 7, 10, 6, 4, 7, 5, 5, 8, 9, 7, 7, 9, 4, 5, 5, 6, 7, 9, 10, 7, 8, 6, 7, 3, 7, 9, 7, 3, 8, 5, 5, 10, 6, 5, 9, 7, 9, 7, 5, 8, 6, 8, 7, 8]
A_39 64.75999999999999 A 39 [6, 5, 3, 2, 3, 4, 1, 1, 5, 1, 4, 2, 5, 6, 3, 1, 3, 5, 3, 3, 6, 1, 6, 2, 4, 4, 5, 5, 4, 5, 3, 2, 4, 3, 4, 4, 6, 5, 1, 3, 4, 4, 6, 5, 1, 1, 5, 2, 2, 4, 6, 3, 2, 6, 3, 4, 6, 6, 2, 4, 5, 4, 4, 5, 2, 5, 2, 5, 3, 4, 1, 1, 2, 6, 1, 6, 3, 3, 2, 3] [9, 8, 6, 5, 5, 6, 5, 4, 7, 4, 6, 6, 9, 10, 6, 5, 5, 7, 5, 6, 10, 5, 9, 6, 7, 8, 8, 9, 6, 9, 6, 6, 7, 6, 8, 6, 8, 8, 4, 5, 7, 8, 8, 7, 4, 3, 9, 6, 5, 6, 10, 6, 4, 10, 6, 7, 9, 8, 6, 7, 8, 8, 6, 9, 5, 7, 6, 7, 7, 6, 4, 5, 6, 9, 3, 8, 6, 6, 5, 6]
B_0 2.02 B 40 [3, 2, 3, 4, 4, 3, 4, 2, 4, 3, 1, 4, 1, 2, 6, 1, 2, 5, 2, 4, 5, 1, 4, 3, 5, 1, 3, 2, 5, 6, 2, 6, 3, 6, 3, 6, 4, 3, 3, 4, 4, 2, 4, 6, 1, 5, 2, 1, 4, 2, 1, 1, 4, 1, 2, 2, 1, 1, 4, 1, 2, 2, 6, 4, 4, 1, 6, 5, 4, 5, 5, 4, 4, 6, 1, 4, 3, 1, 2, 1] [7, 6, 7, 8, 8, 6, 7, 5, 6, 6, 3, 7, 5, 4, 10, 4, 6, 9, 5, 6, 9, 4, 8, 6, 9, 3, 6, 4, 8, 9, 6, 10, 5, 8, 5, 8, 8, 5, 7, 7, 7, 4, 7, 10, 3, 9, 5, 4, 6, 5, 5, 3, 8, 5, 5, 5, 4, 5, 7, 5, 6, 5, 8, 7, 8, 3, 9, 7, 6, 8, 8, 8, 8, 10, 5, 8, 6, 4, 6, 3]
B_1 3.02 B 41 [4, 4, 5, 2, 3, 6, 5, 4, 4, 5, 3, 1, 3, 3, 3, 4, 6, 3, 5, 3, 1, 1, 5, 5, 3, 6, 4, 2, 3, 3, 3, 5, 3, 6, 1, 1, 1, 1, 2, 4, 2, 1, 3, 2, 5, 3, 1, 1, 5, 5, 3, 4, 5, 3, 2, 5, 3, 2, 6, 6, 6, 4, 6, 6, 2, 4, 1, 6, 2, 1, 4, 4, 5, 1, 2, 3, 1, 1, 5, 4] [8, 8, 7, 5, 6, 10, 7, 7, 8, 7, 6, 3, 6, 7, 7, 6, 10, 6, 9, 5, 5, 3, 7, 7, 7, 10, 8, 5, 6, 5, 6, 7, 5, 9, 3, 3, 5, 4, 5, 8, 4, 3, 5, 4, 7, 6, 3, 3, 9, 8, 7, 6, 9, 7, 5, 7, 5, 6, 8, 10, 9, 6, 10, 8, 6, 6, 4, 9, 4, 4, 8, 7, 9, 4, 5, 6, 3, 4, 7, 8]
B_2 4.02 B 42 [4, 5, 2, 6, 2, 3, 4, 5, 5, 4, 1, 5, 3, 3, 3, 4, 1, 2, 1, 5, 6, 5, 6, 4, 1, 1, 5, 5, 3, 3, 1, 3, 4, 3, 2, 3, 4, 4, 1, 6, 4, 3, 2, 1, 2, 1, 3, 1, 2, 5, 4, 1, 5, 3, 6, 6, 3, 1, 4, 3, 5, 5, 5, 4, 6, 3, 5, 4, 5, 6, 6, 4, 6, 3, 2, 5, 2, 2, 4, 2] [6, 7, 4, 9, 5, 7, 6, 9, 8, 8, 5, 7, 6, 6, 7, 8, 3, 4, 3, 9, 8, 9, 9, 8, 5, 4, 9, 9, 6, 7, 5, 6, 6, 6, 4, 7, 7, 8, 5, 8, 7, 5, 5, 3, 5, 4, 6, 4, 4, 9, 7, 4, 9, 7, 10, 10, 7, 4, 6, 5, 8, 9, 7, 6, 8, 5, 7, 7, 7, 8, 8, 6, 8, 7, 4, 9, 4, 5, 7, 5]
B_3 7.24 B 43 [6, 6, 2, 5, 3, 4, 1, 2, 6, 4, 2, 2, 4, 4, 6, 6, 1, 3, 4, 5, 2, 5, 6, 3, 5, 6, 2, 5, 1, 2, 5, 3, 6, 2, 2, 4, 4, 2, 6, 5, 6, 2, 1, 3, 1, 6, 4, 2, 2, 1, 6, 2, 2, 3, 2, 3, 5, 6, 6, 2, 5, 5, 3, 3, 2, 2, 1, 2, 4, 6, 2, 6, 5, 4, 6, 1, 5, 1, 3, 5] [10, 8, 5, 9, 6, 6, 4, 4, 8, 8, 5, 4, 6, 7, 10, 8, 4, 5, 8, 8, 6, 7, 8, 6, 9, 9, 4, 8, 3, 4, 8, 6, 10, 4, 4, 8, 7, 5, 8, 7, 10, 4, 3, 5, 5, 8, 6, 6, 5, 5, 8, 6, 4, 7, 4, 6, 7, 8, 8, 6, 9, 7, 5, 6, 5, 4, 3, 6, 8, 9, 4, 8, 9, 6, 10, 5, 8, 3, 6, 7]
B_4 8.35 B 44 [2, 2, 4, 4, 4, 3, 4, 2, 2, 4, 1, 4, 3, 5, 1, 1, 6, 2, 2, 3, 2, 4, 2, 5, 1, 1, 1, 1, 4, 6, 5, 2, 2, 1, 6, 1, 4, 4, 5, 1, 1, 5, 2, 1, 4, 5, 4, 4, 4, 2, 5, 4, 3, 6, 6, 2, 3, 1, 4, 6, 2, 2, 4, 1, 5, 3, 6, 5, 2, 3, 4, 6, 3, 1, 1, 4, 3, 3, 1, 6] [6, 4, 7, 7, 6, 7, 7, 4, 5, 6, 5, 6, 5, 9, 5, 4, 9, 5, 6, 6, 6, 7, 4, 8, 5, 3, 5, 3, 6, 9, 9, 6, 5, 3, 10, 3, 8, 8, 9, 4, 3, 7, 5, 5, 8, 7, 8, 8, 7, 6, 9, 6, 5, 10, 8, 6, 7, 5, 8, 8, 5, 5, 8, 5, 7, 6, 10, 8, 4, 6, 6, 9, 7, 3, 3, 7, 7, 5, 3, 9]
B_5 9.35 B 45 [1, 3, 5, 1, 5, 6, 1, 1, 2, 6, 5, 4, 4, 5, 1, 2, 2, 6, 5, 3, 6, 5, 2, 6, 1, 6, 6, 1, 3, 2, 4, 3, 4, 4, 5, 3, 6, 2, 3, 1, 5, 3, 1, 6, 5, 2, 4, 5, 1, 6, 5, 2, 5, 6, 3, 4, 1, 2, 4, 2, 1, 5, 2, 6, 6, 2, 3, 2, 5, 4, 6, 1, 5, 3, 1, 6, 4, 2, 6, 3] [3, 7, 9, 5, 8, 9, 3, 3, 4, 8, 8, 7, 6, 7, 5, 5, 6, 9, 7, 6, 9, 8, 4, 8, 3, 8, 9, 4, 7, 6, 6, 6, 7, 6, 8, 7, 9, 5, 7, 3, 9, 6, 4, 8, 7, 4, 7, 7, 4, 8, 8, 5, 7, 10, 5, 7, 3, 5, 8, 5, 4, 7, 5, 9, 9, 5, 5, 6, 9, 8, 9, 4, 7, 6, 4, 9, 6, 6, 8, 6]
B_6 11.6 B 46 [3, 6, 6, 4, 1, 4, 3, 4, 5, 4, 3, 3, 6, 2, 6, 1, 3, 5, 1, 4, 2, 6, 3, 4, 2, 1, 2, 1, 6, 1, 4, 1, 3, 3, 1, 2, 6, 1, 5, 5, 2, 1, 3, 4, 4, 4, 2, 2, 1, 5, 4, 3, 2, 2, 6, 6, 4, 4, 1, 5, 3, 2, 4, 1, 6, 1, 1, 4, 4, 4, 2, 1, 6, 5, 4, 2, 5, 2, 4, 6] [6, 10, 9, 7, 4, 7, 7, 8, 7, 7, 6, 7, 8, 6, 9, 4, 5, 8, 5, 7, 6, 8, 5, 7, 4, 3, 5, 3, 9, 5, 8, 3, 7, 7, 4, 4, 8, 3, 7, 9, 5, 3, 6, 6, 8, 7, 6, 4, 5, 7, 6, 6, 6, 6, 10, 10, 8, 7, 4, 7, 5, 4, 8, 4, 8, 4, 3, 7, 8, 6, 5, 5, 10, 9, 8, 5, 9, 5, 7, 8]
B_7 15.25 B 47 [6, 4, 3, 4, 4, 1, 1, 1, 1, 5, 1, 4, 2, 6, 1, 1, 6, 2, 5, 5, 1, 5, 1, 1, 5, 1, 2, 3, 4, 3, 5, 4, 3, 5, 1, 1, 5, 4, 6, 2, 1, 1, 1, 2, 4, 5, 2, 5, 3, 4, 4, 3, 4, 2, 6, 4, 6, 6, 1, 2, 3, 2, 2, 3, 3, 4, 2, 6, 5, 6, 5, 2, 2, 4, 2, 5, 4, 2, 6, 1] [9, 8, 6, 8, 8, 4, 3, 4, 4, 8, 3, 7, 4, 9, 3, 3, 9, 4, 9, 9, 5, 8, 3, 5, 7, 3, 5, 6, 6, 6, 9, 7, 6, 8, 5, 5, 7, 7, 9, 6, 4, 3, 4, 6, 8, 7, 4, 7, 6, 7, 6, 5, 7, 6, 8, 8, 8, 10, 5, 5, 7, 6, 6, 6, 6, 7, 4, 9, 8, 8, 7, 4, 5, 8, 5, 8, 8, 5, 10, 3]
B_8 16.96 B 48 [2, 3, 6, 6, 6, 6, 5, 4, 6, 5, 1, 3, 5, 4, 6, 6, 4, 4, 3, 2, 3, 2, 6, 2, 3, 2, 2, 5, 6, 6, 6, 6, 3, 4, 4, 4, 5, 1, 2, 2, 4, 5, 2, 2, 4, 1, 1, 3, 6, 6, 4, 3, 6, 5, 6, 4, 2, 3, 6, 1, 2, 2, 2, 3, 6, 3, 1, 5, 4, 1, 6, 2, 1, 4, 2, 3, 6, 3, 2, 5] [4, 7, 9, 9, 9, 9, 8, 6, 9, 9, 4, 7, 9, 7, 10, 8, 8, 7, 7, 5, 6, 6, 8, 4, 6, 5, 4, 9, 10, 10, 10, 9, 6, 6, 7, 7, 7, 4, 4, 5, 6, 9, 4, 5, 7, 4, 5, 6, 9, 9, 8, 7, 9, 9, 9, 6, 6, 5, 9, 5, 6, 6, 4, 6, 10, 7, 3, 8, 7, 3, 9, 6, 4, 6, 4, 6, 9, 5, 5, 7]
B_9 17.96 B 49 [5, 3, 2, 6, 2, 1, 4, 1, 2, 5, 1, 5, 5, 1, 3, 5, 5, 6, 3, 4, 5, 4, 1, 4, 1, 4, 6, 3, 1, 6, 3, 2, 1, 6, 5, 6, 5, 3, 3, 4, 2, 5, 5, 1, 2, 6, 5, 4, 6, 6, 2, 2, 4, 1, 4, 4, 1, 2, 1, 6, 1, 1, 6, 3, 4, 5, 3, 4, 5, 1, 5, 1, 4, 6, 4, 1, 6, 4, 6, 4] [9, 7, 6, 10, 5, 4, 7, 5, 6, 9, 5, 8, 9, 5, 7, 8, 9, 8, 7, 8, 9, 8, 3, 8, 5, 8, 9, 6, 3, 10, 6, 5, 4, 8, 7, 9, 8, 5, 5, 6, 5, 8, 9, 5, 6, 8, 7, 7, 9, 10, 4, 4, 6, 3, 6, 7, 4, 4, 3, 10, 4, 4, 8, 5, 8, 8, 5, 7, 7, 3, 8, 4, 8, 10, 7, 3, 10, 7, 8, 7]
B_10 19.220000000000002 B 50 [6, 1, 5, 1, 1, 6, 5, 3, 6, 1, 1, 1, 5, 2, 3, 3, 1, 6, 5, 4, 2, 2, 1, 3, 5, 2, 5, 6, 6, 1, 1, 3, 6, 4, 5, 3, 4, 6, 3, 6, 1, 3, 4, 6, 5, 5, 4, 4, 4, 2, 3, 2, 5, 3, 2, 5, 3, 3, 4, 1, 5, 3, 5, 5, 1, 2, 2, 5, 3, 6, 2, 4, 1, 1, 6, 4, 1, 5, 6, 2] [9, 3, 9, 5, 4, 8, 9, 5, 10, 4, 4, 3, 8, 6, 7, 7, 3, 10, 7, 6, 5, 4, 5, 5, 9, 6, 9, 10, 10, 4, 5, 7, 10, 8, 7, 5, 7, 9, 5, 10, 5, 7, 7, 8, 9, 8, 6, 6, 8, 4, 7, 6, 8, 7, 5, 8, 7, 7, 7, 3, 7, 6, 8, 8, 4, 5, 5, 9, 7, 9, 6, 7, 3, 4, 8, 6, 3, 7, 10, 4]
B_11 20.220000000000002 B 51 [2, 4, 5, 2, 2, 4, 5, 3, 6, 3, 2, 4, 2, 1, 3, 1, 6, 2, 1, 4, 5, 1, 3, 1, 2, 6, 4, 6, 3, 3, 6, 1, 4, 2, 3, 1, 6, 1, 4, 3, 1, 4, 1, 2, 4, 2, 3, 3, 3, 2, 2, 2, 5, 3, 1, 6, 3, 6, 3, 4, 1, 2, 5, 5, 3, 4, 6, 6, 6, 2, 2, 2, 3, 5, 6, 2, 2, 5, 2, 3] [5, 7, 9, 6, 5, 8, 8, 6, 10, 7, 4, 8, 6, 5, 5, 4, 10, 5, 5, 8, 9, 3, 7, 3, 4, 9, 7, 10, 6, 5, 10, 4, 8, 5, 5, 5, 9, 5, 6, 6, 3, 6, 4, 6, 6, 5, 6, 5, 7, 4, 6, 6, 8, 5, 3, 8, 5, 8, 7, 6, 5, 6, 8, 9, 5, 7, 8, 10, 9, 5, 6, 6, 7, 9, 10, 4, 4, 9, 6, 7]
B_12 24.300000000000004 B 52 [5, 2, 3, 5, 5, 1, 4, 3, 4, 1, 3, 2, 4, 2, 6, 3, 2, 5, 1, 4, 3, 2, 2, 2, 2, 2, 1, 3, 4, 5, 2, 3, 1, 4, 3, 3, 1, 1, 5, 2, 4, 5, 5, 2, 3, 5, 2, 4, 6, 4, 5, 5, 6, 4, 6, 2, 2, 2, 1, 4, 1, 6, 2, 2, 1, 2, 3, 1, 5, 4, 2, 5, 2, 4, 5, 4, 4, 4, 4, 2] [9, 4, 7, 7, 7, 5, 6, 6, 8, 5, 6, 6, 7, 5, 9, 5, 6, 7, 5, 8, 6, 5, 6, 5, 6, 5, 4, 7, 8, 8, 4, 6, 4, 6, 5, 7, 5, 4, 7, 4, 8, 9, 9, 4, 5, 7, 6, 7, 9, 6, 8, 8, 9, 8, 9, 5, 6, 5, 3, 8, 3, 10, 5, 4, 3, 4, 5, 5, 7, 8, 6, 8, 4, 6, 8, 8, 8, 8, 6, 5]
B_13 29.230000000000004 B 53 [6, 4, 1, 4, 2, 2, 3, 2, 2, 4, 3, 6, 4, 4, 1, 4, 6, 5, 3, 6, 3, 4, 2, 4, 6, 1, 1, 6, 2, 4, 3, 6, 3, 2, 3, 2, 6, 3, 5, 6, 1, 3, 3, 3, 6, 6, 2, 2, 5, 1, 3, 3, 4, 1, 6, 6, 1, 3, 4, 6, 6, 2, 2, 3, 5, 3, 1, 4, 5, 5, 6, 6, 6, 3, 5, 5, 6, 6, 4, 2] [10, 7, 5, 6, 6, 4, 6, 6, 4, 8, 5, 8, 7, 7, 4, 7, 8, 8, 6, 10, 7, 6, 6, 8, 8, 3, 5, 8, 5, 7, 7, 10, 5, 6, 7, 6, 8, 7, 9, 10, 5, 7, 7, 7, 10, 10, 6, 6, 9, 3, 7, 5, 8, 3, 8, 9, 4, 5, 6, 9, 9, 6, 5, 6, 7, 6, 4, 8, 7, 9, 9, 9, 8, 5, 7, 7, 8, 9, 7, 5]
B_14 30.320000000000004 B 54 [6, 6, 3, 2, 3, 5, 1, 4, 3, 1, 3, 5, 1, 2, 5, 4, 6, 4, 5, 4, 3, 1, 3, 6, 4, 5, 4, 6, 3, 4, 2, 5, 5, 4, 6, 6, 6, 5, 6, 3, 2, 2, 6, 2, 6, 3, 6, 6, 6, 4, 2, 1, 6, 6, 3, 5, 4, 6, 6, 5, 3, 4, 1, 3, 2, 3, 5, 4, 2, 6, 5, 4, 6, 5, 1, 4, 1, 4, 3, 5] [9, 8, 6, 5, 7, 9, 3, 8, 6, 4, 7, 9, 3, 4, 7, 7, 8, 6, 8, 8, 7, 4, 5, 10, 8, 9, 6, 9, 6, 6, 5, 7, 7, 6, 8, 8, 10, 9, 10, 6, 5, 5, 10, 4, 8, 5, 10, 8, 9, 6, 5, 3, 9, 8, 7, 8, 8, 10, 9, 9, 6, 6, 5, 5, 4, 5, 9, 6, 5, 8, 8, 8, 8, 8, 5, 8, 4, 7, 7, 9]
B_15 31.320000000000004 B 55 [6, 2, 6, 3, 4, 4, 2, 2, 3, 6, 1, 4, 2, 1, 5, 4, 4, 3, 5, 3, 1, 3, 4, 1, 4, 1, 4, 4, 2, 5, 6, 2, 2, 2, 3, 1, 4, 1, 5, 4, 2, 5, 6, 3, 2, 4, 6, 4, 4, 4, 5, 6, 2, 6, 5, 6, 4, 6, 6, 2, 4, 1, 1, 5, 6, 1, 1, 6, 4, 6, 6, 1, 4, 3, 3, 5, 6, 4, 5, 2] [10, 4, 9, 6, 6, 8, 4, 5, 5, 9, 4, 8, 5, 5, 8, 7, 6, 7, 9, 5, 3, 6, 8, 5, 6, 4, 6, 8, 6, 9, 10, 5, 5, 6, 7, 5, 8, 5, 7, 7, 5, 7, 10, 6, 6, 7, 10, 8, 6, 7, 8, 8, 5, 9, 8, 9, 7, 10, 9, 4, 6, 3, 5, 7, 10, 3, 5, 9, 8, 8, 9, 3, 8, 5, 7, 9, 10, 6, 9, 5]
B_16 38.18000000000001 B 56 [1, 2, 4, 6, 1, 5, 5, 4, 5, 4, 4, 2, 1, 1, 2, 1, 3, 4, 6, 2, 6, 5, 3, 3, 6, 2, 6, 6, 5, 3, 4, 4, 4, 2, 3, 4, 5, 2, 6, 6, 1, 3, 3, 5, 3, 1, 4, 6, 2, 1, 3, 3, 2, 1, 4, 4, 5, 6, 1, 3, 5, 5, 6, 4, 2, 4, 1, 6, 3, 6, 2, 3, 6, 5, 1, 2, 6, 1, 5, 2] [5, 5, 7, 9, 5, 9, 9, 8, 8, 6, 7, 6, 3, 3, 4, 5, 7, 7, 10, 5, 8, 7, 7, 6, 9, 4, 8, 9, 8, 5, 6, 6, 7, 6, 5, 8, 9, 5, 8, 9, 4, 5, 7, 7, 7, 3, 8, 8, 6, 4, 7, 5, 6, 4, 8, 7, 8, 10, 4, 7, 8, 7, 10, 8, 6, 7, 4, 10, 6, 9, 5, 5, 8, 9, 3, 5, 8, 4, 7, 6]
B_17 46.68000000000001 B 57 [3, 2, 6, 4, 2, 6, 1, 4, 5, 2, 1, 1, 3, 3, 2, 1, 2, 6, 6, 1, 3, 6, 1, 2, 6, 3, 6, 2, 1, 2, 4, 2, 4, 3, 5, 5, 6, 3, 3, 6, 1, 2, 1, 6, 1, 2, 4, 6, 3, 2, 3, 6, 2, 3, 6, 6, 6, 4, 4, 3, 1, 5, 5, 6, 5, 6, 3, 5, 1, 1, 2, 4, 1, 5, 4, 1, 6, 5, 6, 1] [7, 5, 9, 8, 4, 8, 4, 7, 7, 5, 5, 5, 5, 7, 5, 5, 4, 8, 9, 3, 6, 8, 3, 6, 9, 7, 10, 6, 3, 5, 6, 6, 8, 7, 7, 7, 8, 5, 6, 8, 5, 6, 4, 8, 5, 5, 7, 10, 5, 4, 7, 8, 5, 5, 10, 10, 10, 7, 8, 5, 4, 8, 8, 10, 7, 9, 6, 8, 3, 5, 6, 6, 5, 8, 7, 3, 8, 8, 10, 3]
B_18 47.68000000000001 B 58 [6, 5, 1, 6, 1, 5, 5, 4, 3, 3, 3, 3, 2, 2, 5, 3, 3, 2, 2, 5, 3, 4, 5, 4, 1, 1, 2, 1, 1, 6, 6, 3, 2, 1, 3, 1, 5, 5, 3, 2, 4, 6, 4, 6, 4, 4, 1, 1, 6, 1, 4, 3, 1, 4, 6, 6, 1, 4, 4, 4, 4, 3, 5, 4, 5, 6, 4, 2, 2, 1, 4, 6, 1, 2, 4, 6, 1, 2, 1, 5] [8, 8, 4, 9, 4, 8, 8, 6, 7, 6, 5, 7, 6, 4, 7, 5, 6, 4, 6, 7, 7, 7, 7, 7, 4, 3, 6, 4, 4, 10, 8, 7, 6, 4, 6, 5, 9, 8, 7, 6, 7, 8, 6, 8, 8, 8, 4, 5, 9, 3, 7, 7, 3, 6, 9, 9, 4, 8, 6, 6, 8, 5, 9, 6, 8, 10, 7, 6, 5, 4, 8, 8, 3, 4, 7, 9, 3, 6, 3, 7]
B_19 48.68000000000001 B 59 [1, 3, 6, 6, 5, 6, 1, 5, 4, 4, 5, 2, 4, 5, 5, 3, 4, 2, 3, 3, 1, 1, 5, 1, 1, 6, 1, 6, 5, 1, 2, 4, 4, 2, 5, 6, 1, 3, 1, 4, 1, 6, 3, 2, 6, 2, 5, 2, 1, 6, 1, 4, 4, 6, 5, 2, 3, 3, 4, 1, 4, 2, 2, 6, 2, 4, 6, 3, 3, 2, 4, 2, 3, 1, 5, 3, 5, 5, 1, 1] [5, 5, 9, 10, 7, 8, 4, 7, 7, 8, 7, 5, 6, 7, 9, 7, 8, 6, 5, 7, 3, 5, 7, 3, 5, 10, 3, 9, 9, 5, 6, 7, 6, 4, 7, 10, 4, 6, 3, 7, 5, 10, 5, 6, 8, 5, 7, 5, 5, 10, 3, 6, 8, 9, 9, 4, 7, 5, 6, 3, 8, 5, 6, 8, 4, 7, 9, 5, 6, 5, 6, 6, 6, 5, 7, 6, 9, 7, 5, 5]
B_20 49.68000000000001 B 60 [2, 6, 6, 5, 1, 6, 6, 4, 2, 1, 4, 3, 1, 3, 4, 2, 2, 6, 2, 3, 2, 5, 4, 1, 4, 4, 4, 6, 3, 6, 4, 3, 1, 4, 6, 3, 6, 5, 5, 5, 2, 6, 5, 5, 2, 1, 3, 3, 2, 1, 5, 1, 1, 6, 3, 4, 5, 1, 4, 4, 3, 5, 3, 5, 5, 2, 3, 6, 4, 3, 3, 5, 3, 6, 6, 4, 6, 6, 3, 4] [5, 9, 8, 8, 5, 8, 9, 7, 5, 5, 8, 5, 5, 5, 7, 6, 4, 10, 5, 6, 4, 8, 6, 4, 6, 7, 6, 8, 7, 8, 6, 6, 5, 8, 9, 6, 10, 7, 7, 8, 6, 9, 8, 9, 5, 4, 5, 7, 6, 4, 7, 5, 3, 9, 6, 6, 8, 4, 8, 8, 7, 9, 7, 8, 7, 6, 6, 9, 8, 7, 5, 8, 6, 10, 10, 6, 10, 9, 7, 8]
B_21 50.68000000000001 B 61 [5, 3, 5, 1, 5, 1, 4, 6, 3, 5, 1, 5, 4, 4, 1, 1, 2, 1, 6, 1, 2, 1, 3, 2, 1, 4, 1, 4, 1, 2, 5, 5, 3, 3, 4, 1, 3, 4, 6, 4, 2, 4, 5, 5, 2, 5, 2, 2, 2, 1, 3, 2, 6, 2, 4, 1, 5, 5, 3, 2, 5, 5, 4, 4, 2, 2, 2, 6, 5, 2, 6, 6, 5, 5, 1, 2, 1, 6, 2, 3] [8, 7, 8, 5, 9, 3, 8, 10, 6, 7, 4, 8, 7, 7, 4, 3, 4, 4, 9, 5, 6, 3, 5, 6, 4, 6, 5, 7, 5, 6, 9, 7, 7, 6, 7, 4, 5, 6, 9, 8, 5, 6, 9, 7, 5, 7, 4, 6, 6, 4, 6, 6, 10, 6, 6, 3, 7, 8, 5, 5, 9, 8, 7, 8, 5, 6, 4, 8, 7, 4, 8, 9, 8, 9, 3, 5, 4, 10, 6, 5]
B_22 52.14000000000001 B 62 [3, 1, 1, 2, 3, 4, 3, 6, 1, 5, 6, 6, 5, 2, 3, 4, 6, 6, 1, 3, 3, 1, 2, 3, 1, 3, 4, 3, 4, 3, 5, 4, 1, 4, 4, 4, 5, 6, 5, 4, 6, 6, 5, 3, 4, 2, 4, 2, 2, 6, 5, 5, 2, 2, 1, 1, 6, 5, 5, 2, 3, 4, 1, 1, 1, 1, 2, 6, 6, 6, 1, 2, 2, 1, 3, 5, 6, 6, 4, 4] [6, 4, 3, 6, 7, 7, 6, 8, 3, 9, 8, 9, 9, 4, 5, 6, 9, 8, 4, 6, 5, 4, 6, 5, 5, 6, 8, 7, 8, 7, 9, 8, 5, 7, 8, 6, 9, 8, 7, 6, 8, 10, 7, 5, 8, 5, 8, 6, 4, 8, 8, 8, 5, 5, 5, 5, 10, 8, 9, 6, 7, 7, 3, 3, 3, 3, 6, 9, 8, 10, 4, 5, 6, 4, 5, 9, 10, 10, 6, 8]
B_23 53.14000000000001 B 63 [3, 1, 5, 3, 4, 4, 2, 6, 6, 6, 5, 1, 2, 1, 6, 5, 3, 5, 2, 1, 1, 3, 6, 3, 5, 1, 3, 1, 4, 3, 1, 1, 2, 6, 1, 6, 1, 5, 1, 5, 4, 6, 4, 3, 1, 6, 1, 3, 3, 3, 5, 5, 2, 3, 3, 5, 4, 6, 4, 6, 5, 4, 1, 5, 6, 5, 2, 5, 5, 1, 6, 2, 5, 2, 4, 3, 5, 4, 6, 3] [7, 3, 9, 7, 8, 8, 4, 10, 9, 10, 9, 4, 6, 5, 10, 8, 7, 9, 6, 5, 5, 5, 10, 6, 9, 4, 7, 3, 6, 6, 5, 4, 5, 9, 4, 8, 4, 9, 3, 9, 7, 8, 6, 6, 5, 9, 4, 6, 6, 5, 8, 9, 4, 6, 5, 7, 8, 10, 6, 8, 8, 8, 3, 7, 9, 9, 6, 7, 8, 5, 9, 6, 8, 4, 8, 5, 8, 8, 9, 5]
B_24 54.14000000000001 B 64 [4, 1, 1, 5, 3, 1, 1, 6, 3, 3, 6, 5, 5, 5, 2, 1, 3, 2, 1, 4, 3, 5, 2, 2, 2, 5, 2, 2, 6, 3, 2, 1, 2, 2, 2, 6, 2, 4, 6, 2, 4, 2, 6, 2, 5, 6, 6, 3, 6, 4, 1, 3, 1, 5, 2, 6, 2, 5, 5, 2, 5, 2, 1, 6, 3, 2, 5, 6, 6, 1, 2, 6, 6, 5, 2, 3, 1, 2, 6, 1] [7, 5, 4, 7, 7, 3, 5, 9, 5, 6, 9, 8, 9, 8, 5, 5, 5, 4, 4, 6, 7, 9, 5, 4, 5, 9, 6, 4, 10, 6, 4, 3, 6, 6, 6, 8, 4, 6, 8, 5, 8, 6, 8, 5, 7, 9, 8, 6, 10, 8, 4, 5, 3, 7, 4, 10, 6, 7, 8, 4, 7, 5, 3, 9, 6, 5, 8, 9, 8, 3, 6, 10, 8, 9, 4, 7, 4, 4, 10, 5]
B_25 55.42000000000001 B 65 [2, 4, 6, 4, 1, 1, 6, 1, 1, 6, 6, 2, 6, 6, 3, 4, 6, 3, 6, 6, 1, 4, 4, 3, 1, 3, 5, 2, 6, 4, 3, 5, 1, 3, 2, 2, 4, 4, 2, 5, 1, 4, 3, 2, 3, 2, 1, 4, 3, 5, 2, 4, 2, 3, 3, 1, 4, 6, 6, 4, 2, 2, 1, 5, 2, 3, 4, 4, 2, 1, 1, 4, 6, 3, 3, 5, 4, 2, 6, 6] [5, 8, 10, 6, 4, 5, 9, 4, 3, 9, 10, 4, 8, 8, 6, 7, 9, 5, 8, 10, 4, 8, 8, 5, 4, 6, 9, 6, 10, 6, 6, 7, 4, 6, 4, 6, 6, 6, 5, 7, 3, 6, 5, 4, 6, 5, 4, 7, 7, 8, 5, 7, 4, 6, 5, 3, 7, 9, 10, 7, 6, 6, 3, 9, 5, 7, 7, 6, 6, 5, 4, 7, 8, 5, 7, 7, 8, 6, 10, 9]
B_26 56.42000000000001 B 66 [3, 4, 3, 6, 1, 3, 5, 2, 2, 4, 2, 2, 5, 2, 2, 1, 3, 1, 6, 6, 6, 5, 1, 4, 5, 3, 2, 1, 3, 5, 4, 3, 4, 4, 4, 5, 1, 2, 1, 2, 6, 1, 5, 1, 6, 3, 1, 2, 1, 3, 2, 6, 3, 1, 5, 1, 1, 3, 4, 6, 3, 2, 2, 2, 5, 4, 4, 2, 2, 2, 6, 2, 6, 1, 3, 4, 6, 2, 4, 1] [5, 7, 7, 9, 3, 7, 7, 5, 6, 6, 6, 6, 8, 6, 5, 5, 5, 5, 9, 10, 9, 7, 5, 7, 9, 6, 6, 3, 7, 9, 8, 7, 7, 6, 6, 8, 5, 4, 5, 6, 9, 4, 7, 3, 10, 5, 3, 4, 3, 5, 5, 8, 5, 4, 9, 5, 4, 6, 7, 9, 6, 4, 6, 6, 8, 7, 6, 6, 6, 4, 10, 6, 10, 3, 6, 7, 9, 6, 6, 5]
B_27 58.41000000000001 B 67 [4, 3, 4, 3, 2, 6, 6, 6, 2, 4, 2, 5, 1, 5, 1, 1, 5, 1, 6, 4, 1, 2, 1, 5, 3, 1, 5, 1, 5, 3, 3, 5, 4, 4, 6, 6, 4, 4, 6, 5, 5, 6, 4, 2, 5, 2, 4, 6, 5, 4, 5, 6, 1, 4, 4, 6, 6, 5, 2, 3, 6, 6, 6, 5, 6, 4, 2, 5, 3, 2, 2, 3, 1, 5, 2, 4, 5, 1, 4, 2] [6, 6, 6, 5, 5, 8, 8, 10, 6, 7, 5, 8, 3, 7, 5, 5, 9, 5, 8, 6, 3, 4, 4, 7, 5, 4, 9, 3, 7, 6, 7, 8, 8, 8, 8, 10, 8, 6, 10, 7, 7, 9, 7, 6, 8, 6, 7, 9, 8, 7, 9, 10, 5, 8, 6, 9, 10, 8, 6, 5, 9, 8, 9, 7, 9, 6, 6, 8, 5, 6, 4, 7, 5, 8, 5, 7, 8, 3, 8, 5]
B_28 61.70000000000001 B 68 [2, 2, 3, 3, 4, 2, 6, 2, 2, 2, 6, 3, 2, 6, 3, 6, 3, 4, 2, 1, 4, 1, 3, 5, 6, 1, 4, 1, 5, 3, 2, 4, 5, 1, 4, 4, 1, 1, 4, 3, 4, 2, 5, 4, 2, 5, 4, 5, 4, 5, 3, 6, 5, 5, 2, 4, 3, 1, 2, 3, 4, 5, 6, 5, 6, 2, 2, 3, 1, 6, 6, 5, 4, 4, 1, 2, 6, 3, 2, 2] [5, 5, 7, 6, 7, 5, 9, 4, 5, 4, 9, 5, 6, 9, 6, 8, 6, 7, 4, 3, 8, 4, 5, 8, 9, 3, 8, 5, 7, 7, 4, 7, 9, 4, 6, 8, 3, 3, 6, 7, 6, 4, 7, 8, 4, 9, 8, 8, 7, 7, 7, 9, 7, 7, 5, 8, 6, 3, 5, 6, 8, 7, 8, 8, 8, 6, 6, 5, 4, 10, 8, 9, 7, 8, 4, 5, 8, 7, 6, 6]
B_29 64.11000000000001 B 69 [3, 4, 2, 4, 3, 5, 3, 4, 6, 4, 3, 4, 6, 4, 5, 4, 5, 4, 6, 4, 5, 3, 2, 1, 3, 4, 2, 3, 4, 2, 3, 2, 1, 2, 1, 5, 2, 2, 3, 4, 5, 1, 6, 6, 3, 4, 4, 6, 1, 1, 6, 2, 4, 5, 6, 6, 6, 1, 1, 2, 3, 2, 6, 1, 1, 1, 2, 2, 6, 6, 1, 1, 5, 2, 1, 1, 1, 4, 6, 2] [6, 7, 5, 8, 6, 7, 7, 7, 10, 6, 6, 8, 8, 8, 7, 8, 7, 8, 9, 8, 9, 6, 6, 5, 5, 7, 5, 6, 7, 5, 7, 6, 4, 6, 3, 9, 5, 6, 5, 6, 8, 4, 8, 9, 6, 8, 6, 8, 3, 3, 9, 5, 8, 9, 8, 8, 9, 5, 4, 5, 7, 4, 10, 5, 3, 5, 4, 6, 10, 9, 3, 5, 8, 4, 4, 3, 4, 7, 8, 6]
B_30 65.59000000000002 B 70 [5, 3, 4, 6, 2, 6, 3, 5, 5, 4, 6, 4, 5, 2, 3, 3, 5, 5, 6, 2, 6, 6, 5, 1, 2, 6, 5, 5, 3, 3, 2, 4, 4, 1, 6, 3, 2, 4, 6, 1, 5, 4, 6, 2, 4, 6, 2, 5, 6, 5, 2, 2, 2, 6, 5, 6, 2, 2, 4, 4, 3, 6, 1, 6, 2, 1, 6, 2, 6, 1, 4, 5, 5, 2, 2, 6, 2, 6, 3, 1] [8, 5, 7, 10, 4, 10, 7, 9, 9, 6, 10, 8, 7, 4, 7, 6, 8, 8, 8, 4, 9, 10, 7, 4, 5, 9, 8, 8, 5, 7, 6, 7, 8, 5, 9, 6, 4, 8, 9, 4, 8, 8, 8, 4, 6, 9, 5, 7, 9, 8, 6, 6, 6, 9, 8, 9, 5, 6, 8, 6, 5, 8, 4, 9, 6, 4, 10, 4, 8, 3, 8, 9, 7, 6, 6, 9, 5, 10, 7, 4]
B_31 66.59000000000002 B 71 [2, 4, 2, 2, 5, 4, 2, 3, 3, 5, 5, 4, 6, 2, 2, 1, 1, 1, 2, 3, 4, 6, 4, 6, 3, 1, 5, 3, 2, 1, 5, 2, 4, 2, 3, 6, 5, 6, 3, 1, 4, 4, 4, 6, 6, 1, 1, 2, 2, 1, 4, 2, 5, 6, 4, 1, 3, 4, 6, 2, 5, 6, 2, 2, 6, 4, 2, 3, 5, 1, 5, 3, 2, 3, 4, 5, 2, 2, 1, 4] [6, 8, 4, 4, 8, 7, 4, 6, 6, 8, 7, 8, 9, 4, 4, 5, 3, 4, 5, 7, 6, 9, 7, 10, 6, 5, 9, 7, 4, 4, 9, 6, 6, 6, 6, 8, 9, 10, 7, 5, 8, 7, 6, 8, 9, 4, 5, 4, 6, 4, 7, 6, 8, 9, 8, 3, 5, 6, 8, 6, 8, 9, 5, 6, 10, 7, 6, 7, 9, 5, 9, 7, 4, 7, 7, 8, 6, 6, 4, 7]
B_32 67.59000000000002 B 72 [6, 3, 1, 4, 4, 3, 4, 1, 4, 5, 2, 6, 6, 5, 2, 2, 1, 2, 1, 2, 5, 5, 6, 5, 6, 2, 5, 3, 3, 4, 6, 5, 3, 3, 4, 6, 2, 5, 5, 2, 4, 5, 6, 5, 3, 5, 6, 2, 1, 4, 1, 3, 2, 6, 6, 4, 6, 1, 1, 3, 3, 5, 2, 5, 6, 6, 6, 1, 4, 5, 5, 2, 3, 1, 5, 5, 3, 4, 5, 6] [9, 5, 5, 7, 7, 7, 8, 5, 6, 7, 5, 9, 10, 9, 6, 4, 3, 4, 4, 6, 8, 7, 9, 7, 8, 6, 7, 6, 6, 6, 8, 7, 5, 7, 8, 10, 5, 8, 9, 6, 8, 9, 8, 9, 7, 7, 10, 5, 4, 8, 3, 7, 4, 8, 8, 8, 8, 5, 3, 6, 6, 8, 6, 8, 8, 8, 10, 5, 7, 8, 7, 4, 7, 5, 7, 8, 6, 8, 7, 10]
B_33 68.59000000000002 B 73 [2, 3, 2, 3, 2, 4, 1, 3, 3, 6, 1, 1, 3, 5, 2, 1, 1, 4, 4, 6, 1, 2, 4, 2, 4, 1, 5, 3, 6, 3, 6, 6, 2, 5, 5, 3, 2, 5, 3, 6, 6, 1, 3, 4, 1, 3, 5, 4, 4, 6, 1, 5, 4, 3, 5, 3, 5, 5, 2, 1, 6, 5, 1, 2, 5, 3, 1, 5, 4, 2, 2, 3, 1, 6, 3, 1, 5, 4, 4, 1] [6, 5, 5, 7, 4, 7, 5, 7, 7, 9, 4, 3, 5, 8, 5, 3, 3, 8, 7, 8, 4, 4, 7, 6, 8, 5, 9, 6, 8, 5, 9, 8, 5, 8, 9, 6, 6, 7, 7, 9, 10, 4, 7, 6, 3, 6, 9, 8, 6, 10, 4, 9, 6, 5, 8, 5, 9, 8, 4, 5, 10, 9, 4, 4, 9, 5, 3, 8, 8, 4, 6, 7, 5, 9, 6, 4, 9, 6, 7, 3]
B_34 72.21000000000002 B 74 [4, 2, 1, 4, 4, 6, 4, 1, 3, 5, 2, 4, 4, 1, 1, 4, 1, 3, 6, 4, 5, 3, 1, 1, 1, 5, 3, 6, 5, 2, 5, 5, 2, 4, 6, 2, 5, 1, 2, 1, 1, 2, 2, 6, 1, 1, 4, 2, 2, 4, 6, 6, 5, 5, 1, 3, 1, 4, 4, 5, 6, 1, 3, 4, 2, 3, 3, 2, 1, 1, 2, 4, 5, 3, 2, 3, 4, 5, 2, 4] [6, 4, 3, 7, 6, 10, 8, 5, 5, 9, 4, 6, 6, 5, 3, 7, 4, 6, 9, 6, 8, 6, 4, 4, 5, 7, 5, 9, 7, 4, 8, 7, 5, 7, 9, 6, 8, 5, 5, 3, 5, 5, 4, 10, 3, 4, 8, 5, 4, 7, 8, 10, 8, 7, 5, 7, 3, 7, 7, 7, 10, 3, 5, 8, 4, 7, 6, 5, 4, 4, 6, 7, 7, 6, 5, 6, 6, 9, 5, 7]
B_35 73.21000000000002 B 75 [1, 1, 2, 5, 5, 4, 2, 2, 2, 1, 4, 3, 2, 5, 3, 2, 4, 2, 6, 4, 4, 3, 3, 2, 1, 6, 6, 1, 2, 2, 3, 2, 6, 2, 5, 4, 3, 4, 6, 6, 4, 3, 5, 1, 4, 6, 2, 5, 3, 1, 4, 2, 4, 5, 4, 5, 2, 1, 6, 3, 4, 2, 5, 3, 3, 5, 4, 4, 2, 1, 6, 5, 5, 1, 3, 2, 4, 6, 1, 3] [4, 4, 5, 8, 7, 8, 6, 4, 5, 3, 6, 5, 6, 7, 7, 4, 7, 5, 10, 7, 7, 5, 6, 4, 5, 9, 10, 5, 4, 4, 7, 6, 8, 5, 9, 7, 6, 7, 8, 8, 8, 6, 9, 5, 7, 9, 5, 8, 6, 3, 6, 4, 8, 7, 8, 9, 5, 3, 9, 6, 6, 5, 9, 5, 7, 7, 7, 7, 5, 3, 9, 8, 8, 4, 6, 5, 6, 10, 4, 7]
B_36 75.29000000000002 B 76 [6, 1, 5, 3, 4, 3, 3, 4, 3, 4, 3, 4, 3, 4, 3, 5, 6, 4, 5, 5, 5, 3, 6, 5, 1, 3, 1, 2, 2, 1, 6, 5, 6, 2, 5, 6, 5, 6, 3, 3, 3, 1, 2, 5, 3, 4, 5, 4, 6, 6, 1, 2, 4, 6, 1, 6, 6, 6, 1, 5, 6, 1, 6, 5, 1, 4, 6, 5, 6, 1, 2, 2, 3, 5, 4, 4, 6, 5, 3, 5] [9, 5, 8, 6, 6, 5, 5, 6, 7, 8, 7, 7, 5, 8, 5, 8, 8, 8, 9, 9, 8, 5, 8, 8, 5, 7, 4, 6, 6, 5, 10, 8, 9, 6, 9, 10, 7, 8, 6, 6, 6, 3, 4, 8, 7, 6, 9, 8, 9, 10, 3, 4, 8, 8, 4, 10, 8, 8, 3, 9, 10, 4, 10, 8, 4, 8, 9, 8, 8, 4, 5, 6, 6, 9, 6, 6, 9, 8, 7, 8]
B_37 76.29000000000002 B 77 [4, 3, 4, 6, 4, 6, 1, 6, 5, 3, 6, 2, 4, 6, 2, 4, 3, 5, 6, 2, 2, 4, 1, 3, 4, 6, 4, 2, 6, 1, 5, 5, 3, 6, 6, 3, 6, 4, 5, 3, 1, 1, 2, 1, 3, 2, 2, 2, 3, 4, 5, 5, 4, 6, 4, 4, 1, 5, 2, 5, 6, 6, 6, 4, 2, 2, 2, 1, 3, 4, 6, 2, 4, 4, 5, 6, 5, 2, 3, 4] [7, 7, 6, 8, 8, 9, 5, 9, 9, 6, 8, 4, 7, 9, 4, 8, 7, 8, 8, 6, 4, 6, 4, 6, 7, 9, 6, 6, 10, 5, 7, 9, 5, 8, 9, 7, 9, 6, 8, 6, 4, 4, 5, 3, 5, 6, 5, 5, 5, 7, 7, 9, 8, 9, 7, 6, 4, 8, 6, 7, 9, 10, 10, 8, 4, 6, 6, 3, 7, 7, 10, 6, 8, 6, 9, 10, 8, 5, 5, 8]
B_38 81.30000000000003 B 78 [3, 3, 4, 5, 6, 4, 3, 2, 6, 1, 6, 3, 4, 2, 2, 4, 3, 6, 5, 1, 6, 4, 2, 1, 1, 5, 3, 4, 1, 2, 2, 4, 4, 2, 3, 4, 6, 3, 5, 2, 2, 5, 4, 3, 1, 6, 4, 6, 2, 6, 6, 2, 4, 4, 3, 5, 5, 6, 1, 1, 3, 2, 4, 6, 6, 6, 4, 4, 2, 6, 3, 1, 5, 4, 2, 1, 3, 3, 4, 1] [7, 7, 6, 9, 8, 8, 5, 4, 10, 4, 10, 6, 6, 5, 4, 8, 7, 8, 8, 3, 8, 8, 5, 5, 5, 8, 5, 6, 5, 4, 4, 8, 8, 6, 6, 6, 9, 5, 7, 5, 6, 7, 7, 6, 3, 8, 7, 10, 5, 8, 10, 6, 6, 7, 7, 9, 7, 10, 3, 5, 7, 6, 6, 9, 10, 10, 6, 8, 6, 8, 7, 4, 7, 7, 5, 4, 7, 5, 6, 3]
B_39 83.83000000000003 B 79 [4, 2, 3, 2, 4, 1, 6, 1, 5, 4, 5, 3, 6, 3, 1, 1, 6, 1, 3, 1, 4, 4, 2, 6, 5, 4, 4, 6, 3, 5, 1, 6, 4, 1, 2, 2, 2, 6, 5, 3, 1, 4, 2, 5, 6, 3, 6, 1, 5, 4, 2, 3, 2, 2, 5, 2, 2, 1, 5, 1, 4, 3, 4, 3, 1, 6, 1, 2, 2, 2, 1, 4, 6, 1, 4, 3, 5, 4, 1, 5] [6, 5, 6, 6, 8, 4, 9, 3, 9, 6, 9, 6, 8, 7, 5, 3, 10, 5, 5, 5, 6, 8, 4, 9, 9, 8, 8, 9, 6, 7, 5, 9, 7, 4, 6, 5, 5, 10, 8, 6, 3, 8, 5, 7, 9, 6, 8, 3, 7, 7, 4, 7, 5, 5, 9, 5, 6, 3, 7, 5, 8, 5, 8, 5, 5, 9, 5, 5, 6, 6, 4, 7, 10, 3, 7, 7, 8, 8, 3, 9]
