A_0 2.47 A 0 [4, 2, 5, 1, 4, 1, 1, 4, 2, 3, 3, 3, 5, 4, 4, 6, 4, 4, 2, 1, 6, 1, 5, 5, 6, 2, 1, 1, 1, 3, 3, 6, 4, 6, 2, 5, 4, 2, 6, 3, 1, 2, 3, 3, 3, 4, 3, 2, 5, 2, 1, 1, 6, 6, 5, 6, 1, 6, 3, 1, 3, 4, 3, 3, 2, 6, 6, 3, 5, 4, 3, 3, 1, 2, 1, 1, 1, 2, 4, 2] [8, 4, 8, 3, 6, 4, 3, 8, 5, 5, 5, 6, 9, 7, 7, 9, 7, 8, 5, 3, 8, 3, 7, 9, 9, 6, 5, 5, 3, 6, 7, 8, 8, 8, 4, 9, 6, 6, 10, 7, 4, 4, 5, 6, 7, 8, 7, 6, 8, 4, 3, 3, 9, 9, 7, 8, 4, 9, 7, 4, 7, 8, 6, 6, 4, 9, 10, 7, 9, 6, 7, 5, 5, 5, 5, 5, 5, 4, 7, 4]
A_1 4.140000000000001 A 1 [2, 3, 1, 6, 2, 5, 2, 5, 2, 5, 6, 6, 5, 5, 1, 6, 3, 5, 3, 1, 4, 6, 5, 2, 4, 4, 1, 3, 6, 5, 2, 3, 4, 5, 2, 6, 3, 2, 1, 3, 3, 5, 2, 6, 2, 1, 6, 2, 6, 4, 1, 6, 2, 4, 2, 6, 1, 2, 5, 4, 5, 2, 5, 2, 5, 5, 3, 3, 1, 5, 5, 2, 3, 1, 1, 2, 6, 4, 1, 1] [4, 5, 4, 9, 5, 7, 5, 8, 5, 7, 10, 9, 8, 8, 5, 9, 7, 8, 6, 5, 6, 9, 7, 4, 8, 8, 4, 5, 9, 7, 5, 5, 7, 9, 4, 9, 7, 4, 3, 5, 7, 7, 4, 10, 4, 5, 8, 5, 9, 8, 3, 10, 5, 6, 4, 10, 4, 5, 8, 8, 9, 4, 8, 6, 8, 8, 6, 6, 4, 7, 8, 4, 6, 5, 3, 4, 8, 8, 4, 3]
A_2 5.69 A 2 [5, 1, 1, 5, 4, 4, 2, 6, 4, 6, 4, 4, 1, 5, 5, 4, 5, 2, 2, 6, 2, 2, 2, 1, 2, 4, 3, 2, 5, 2, 6, 6, 2, 5, 3, 3, 4, 6, 3, 5, 4, 5, 6, 2, 5, 5, 1, 5, 6, 4, 6, 3, 4, 3, 4, 5, 6, 1, 5, 1, 4, 5, 1, 5, 3, 5, 4, 6, 1, 1, 1, 1, 4, 4, 5, 1, 1, 6, 1, 2] [8, 4, 4, 8, 6, 8, 6, 9, 8, 8, 7, 7, 5, 7, 9, 6, 9, 5, 6, 8, 5, 6, 5, 5, 6, 6, 6, 6, 8, 4, 8, 8, 6, 9, 6, 6, 7, 9, 7, 7, 8, 8, 9, 6, 9, 9, 4, 7, 9, 7, 9, 7, 7, 6, 7, 9, 10, 5, 7, 5, 8, 8, 5, 8, 6, 9, 6, 8, 4, 3, 4, 5, 7, 6, 9, 4, 4, 10, 4, 5]
A_3 8.05 A 3 [1, 6, 5, 6, 3, 5, 5, 1, 4, 2, 5, 5, 6, 2, 2, 1, 4, 1, 6, 5, 2, 4, 6, 2, 4, 4, 2, 6, 5, 1, 4, 5, 2, 2, 5, 1, 5, 3, 3, 3, 2, 4, 1, 2, 2, 6, 4, 3, 5, 4, 4, 3, 5, 2, 1, 6, 2, 5, 3, 3, 5, 2, 3, 3, 2, 4, 2, 1, 4, 4, 2, 4, 5, 3, 5, 5, 3, 2, 2, 3] [3, 9, 8, 8, 7, 8, 8, 4, 6, 6, 9, 9, 9, 4, 4, 5, 6, 4, 8, 9, 4, 7, 8, 4, 6, 8, 4, 10, 7, 3, 8, 7, 4, 5, 8, 5, 9, 5, 5, 5, 5, 6, 3, 4, 4, 9, 7, 7, 7, 7, 6, 6, 9, 5, 5, 8, 4, 8, 5, 5, 9, 6, 6, 5, 6, 8, 5, 4, 8, 6, 4, 7, 9, 6, 7, 7, 6, 4, 4, 5]
A_4 9.05 A 4 [4, 2, 4, 3, 2, 4, 6, 1, 3, 4, 6, 4, 6, 3, 4, 2, 3, 5, 3, 2, 4, 4, 5, 4, 5, 5, 6, 5, 4, 3, 5, 3, 2, 6, 1, 6, 1, 1, 2, 1, 2, 4, 5, 2, 5, 4, 2, 6, 3, 3, 4, 1, 6, 3, 6, 2, 5, 1, 6, 2, 2, 5, 2, 1, 1, 6, 6, 5, 4, 2, 3, 6, 3, 2, 4, 5, 2, 5, 4, 4] [6, 5, 6, 7, 6, 6, 8, 5, 7, 8, 8, 7, 10, 7, 6, 6, 7, 9, 6, 5, 8, 8, 8, 7, 7, 7, 8, 8, 8, 5, 8, 6, 6, 8, 5, 10, 5, 3, 6, 5, 6, 7, 9, 4, 8, 8, 4, 8, 5, 6, 8, 5, 9, 6, 9, 6, 8, 5, 9, 4, 6, 8, 4, 3, 3, 8, 9, 7, 8, 5, 5, 9, 6, 6, 7, 9, 6, 9, 7, 7]
A_5 14.510000000000002 A 5 [1, 5, 4, 5, 4, 1, 3, 4, 4, 5, 6, 1, 6, 1, 2, 3, 6, 4, 1, 1, 1, 2, 1, 5, 5, 6, 6, 6, 1, 1, 5, 6, 6, 5, 5, 1, 2, 6, 2, 6, 4, 5, 4, 5, 2, 3, 1, 6, 1, 3, 3, 6, 1, 5, 1, 1, 4, 6, 4, 3, 6, 2, 2, 3, 3, 2, 2, 2, 6, 2, 6, 4, 3, 2, 5, 3, 6, 6, 6, 3] [4, 7, 8, 8, 6, 4, 5, 8, 8, 8, 8, 5, 9, 4, 5, 7, 10, 7, 3, 3, 3, 5, 3, 8, 8, 8, 10, 8, 3, 4, 9, 10, 9, 8, 7, 5, 6, 9, 4, 10, 7, 8, 6, 7, 6, 5, 4, 8, 3, 7, 5, 8, 5, 9, 3, 4, 8, 8, 6, 5, 8, 4, 5, 5, 5, 6, 5, 5, 8, 5, 10, 6, 5, 6, 8, 6, 9, 10, 8, 5]
A_6 15.510000000000002 A 6 [1, 2, 2, 5, 6, 3, 3, 6, 2, 3, 5, 2, 5, 5, 2, 3, 4, 5, 3, 5, 4, 5, 3, 3, 6, 1, 3, 1, 2, 5, 2, 5, 1, 2, 2, 6, 1, 5, 2, 6, 4, 4, 6, 4, 3, 1, 3, 2, 6, 3, 3, 3, 6, 2, 3, 6, 2, 4, 3, 2, 2, 2, 3, 2, 2, 1, 2, 5, 4, 4, 1, 2, 2, 1, 4, 1, 4, 2, 3, 1] [3, 5, 6, 8, 8, 5, 5, 9, 6, 5, 8, 6, 9, 9, 5, 6, 8, 7, 5, 8, 7, 9, 5, 7, 8, 4, 5, 4, 4, 7, 4, 7, 5, 5, 4, 9, 3, 9, 4, 10, 8, 6, 9, 8, 7, 5, 6, 6, 10, 5, 5, 5, 9, 4, 6, 10, 4, 6, 7, 5, 6, 5, 5, 5, 4, 5, 4, 9, 7, 6, 5, 6, 5, 5, 7, 5, 7, 5, 5, 4]
A_7 19.01 A 7 [4, 5, 6, 1, 1, 4, 6, 5, 3, 1, 5, 2, 1, 6, 1, 6, 1, 2, 4, 6, 3, 2, 2, 2, 3, 4, 3, 2, 6, 6, 4, 3, 1, 6, 3, 1, 3, 3, 2, 3, 2, 4, 1, 2, 3, 1, 5, 2, 4, 4, 5, 1, 3, 6, 4, 6, 1, 4, 5, 2, 3, 5, 3, 3, 3, 1, 6, 4, 2, 5, 3, 5, 6, 3, 6, 6, 4, 2, 3, 5] [8, 8, 9, 4, 5, 8, 9, 7, 5, 4, 7, 4, 3, 9, 5, 10, 3, 5, 7, 8, 5, 5, 5, 6, 6, 6, 5, 4, 9, 9, 8, 7, 4, 8, 5, 5, 6, 5, 6, 5, 4, 6, 4, 4, 7, 3, 8, 5, 6, 6, 8, 3, 6, 10, 7, 8, 3, 8, 7, 6, 5, 7, 7, 7, 7, 5, 10, 7, 5, 8, 7, 9, 10, 5, 8, 8, 7, 4, 5, 9]
A_8 20.01 A 8 [2, 2, 4, 4, 3, 4, 2, 3, 5, 3, 1, 6, 6, 3, 2, 1, 6, 5, 1, 5, 6, 4, 1, 4, 3, 5, 4, 4, 3, 6, 1, 4, 6, 4, 5, 6, 2, 1, 2, 4, 2, 3, 5, 1, 3, 1, 1, 5, 4, 3, 4, 5, 1, 3, 5, 5, 1, 1, 4, 4, 1, 1, 1, 2, 5, 6, 3, 5, 6, 2, 4, 2, 5, 5, 2, 4, 3, 6, 1, 2] [5, 5, 8, 6, 7, 8, 6, 5, 9, 6, 4, 8, 8, 6, 4, 5, 8, 8, 5, 7, 8, 8, 4, 7, 7, 9, 7, 7, 5, 10, 3, 6, 10, 6, 8, 10, 4, 3, 4, 8, 6, 5, 7, 3, 5, 4, 5, 7, 6, 7, 8, 7, 4, 7, 8, 7, 4, 4, 7, 6, 3, 3, 5, 6, 8, 8, 6, 8, 10, 5, 8, 4, 9, 8, 5, 7, 6, 8, 5, 4]
A_9 23.990000000000002 A 9 [3, 5, 6, 2, 4, 5, 3, 1, 3, 5, 5, 2, 6, 5, 3, 5, 6, 6, 6, 4, 6, 6, 1, 5, 4, 3, 4, 1, 5, 2, 6, 6, 2, 3, 4, 1, 6, 6, 1, 4, 3, 1, 4, 3, 4, 3, 2, 4, 2, 2, 1, 5, 4, 3, 5, 4, 2, 6, 6, 4, 2, 4, 4, 2, 2, 1, 2, 6, 3, 1, 5, 2, 3, 1, 3, 6, 2, 5, 6, 1] [5, 7, 8, 6, 8, 8, 5, 4, 6, 8, 9, 6, 8, 7, 6, 8, 8, 9, 10, 7, 10, 8, 3, 8, 6, 6, 8, 5, 8, 4, 10, 10, 5, 7, 8, 3, 8, 8, 5, 7, 5, 4, 7, 7, 8, 5, 6, 6, 6, 6, 4, 7, 8, 7, 9, 7, 5, 10, 8, 6, 4, 6, 7, 5, 5, 3, 5, 8, 7, 4, 9, 6, 7, 5, 5, 8, 5, 9, 10, 5]
A_10 24.990000000000002 A 10 [3, 6, 4, 5, 6, 6, 5, 5, 1, 5, 4, 4, 2, 6, 6, 1, 1, 6, 4, 5, 6, 2, 4, 5, 3, 5, 4, 5, 1, 2, 1, 1, 1, 3, 6, 2, 2, 1, 6, 3, 6, 5, 5, 5, 4, 4, 1, 4, 4, 5, 2, 4, 5, 2, 3, 6, 5, 6, 5, 3, 4, 2, 6, 3, 2, 4, 5, 2, 4, 1, 6, 4, 5, 1, 6, 2, 3, 1, 3, 6] [5, 10, 7, 9, 8, 8, 8, 7, 4, 9, 8, 6, 6, 8, 8, 3, 3, 10, 7, 8, 8, 5, 6, 9, 7, 8, 6, 8, 5, 6, 5, 4, 3, 7, 8, 5, 6, 4, 8, 7, 10, 9, 7, 9, 6, 6, 4, 7, 8, 8, 5, 8, 8, 4, 6, 9, 8, 8, 7, 7, 8, 6, 9, 7, 4, 7, 9, 5, 8, 5, 9, 7, 7, 3, 9, 6, 6, 5, 5, 8]
A_11 25.990000000000002 A 11 [3, 6, 4, 5, 4, 1, 2, 2, 6, 2, 4, 6, 2, 6, 4, 3, 4, 3, 3, 6, 4, 3, 4, 4, 2, 1, 1, 6, 5, 1, 4, 4, 1, 1, 4, 5, 3, 2, 6, 2, 2, 3, 4, 5, 4, 4, 2, 3, 2, 2, 6, 2, 1, 5, 1, 4, 3, 2, 3, 4, 6, 1, 5, 5, 6, 2, 3, 2, 3, 5, 1, 3, 5, 5, 2, 5, 2, 4, 6, 1] [6, 9, 7, 9, 7, 5, 6, 4, 8, 6, 6, 10, 4, 10, 6, 7, 6, 6, 5, 10, 6, 5, 6, 8, 5, 5, 5, 9, 9, 5, 7, 6, 5, 4, 7, 7, 6, 6, 10, 4, 6, 7, 6, 7, 8, 7, 5, 5, 4, 6, 8, 4, 4, 9, 4, 8, 7, 5, 5, 8, 9, 5, 9, 8, 10, 6, 6, 6, 6, 8, 4, 5, 8, 7, 5, 9, 5, 7, 10, 5]
A_12 26.990000000000002 A 12 [5, 5, 1, 6, 6, 6, 5, 1, 6, 6, 2, 2, 3, 1, 4, 3, 2, 1, 5, 3, 1, 6, 6, 5, 1, 1, 4, 4, 3, 6, 5, 3, 6, 3, 5, 4, 1, 2, 3, 5, 3, 3, 6, 5, 3, 1, 4, 2, 4, 3, 5, 3, 1, 6, 4, 6, 2, 1, 3, 1, 5, 4, 4, 6, 2, 1, 1, 1, 6, 5, 3, 1, 1, 6, 6, 1, 5, 6, 6, 2] [9, 8, 5, 9, 10, 9, 9, 3, 8, 8, 6, 4, 6, 5, 6, 5, 4, 3, 7, 7, 5, 8, 9, 8, 4, 3, 6, 7, 7, 9, 9, 7, 8, 7, 9, 6, 4, 4, 7, 7, 7, 5, 8, 8, 6, 3, 6, 5, 6, 5, 8, 6, 3, 9, 6, 9, 5, 5, 6, 3, 9, 6, 6, 9, 4, 3, 4, 4, 8, 9, 5, 5, 3, 8, 9, 4, 7, 8, 10, 6]
A_13 28.410000000000004 A 13 [4, 5, 5, 2, 3, 1, 5, 6, 3, 5, 6, 6, 1, 2, 3, 6, 1, 5, 2, 4, 6, 2, 6, 4, 1, 4, 3, 4, 1, 2, 3, 4, 3, 1, 6, 1, 3, 3, 5, 4, 5, 3, 6, 5, 2, 5, 6, 2, 4, 5, 3, 4, 6, 4, 5, 2, 5, 5, 4, 2, 2, 3, 2, 3, 1, 2, 3, 5, 1, 2, 4, 3, 5, 3, 1, 4, 5, 2, 1, 3] [7, 8, 7, 4, 7, 4, 9, 9, 6, 7, 8, 10, 5, 5, 5, 9, 5, 8, 5, 8, 9, 4, 9, 7, 3, 7, 5, 8, 3, 4, 7, 8, 7, 5, 8, 5, 5, 7, 9, 6, 9, 7, 8, 9, 5, 9, 9, 5, 8, 8, 7, 8, 9, 7, 7, 5, 7, 9, 6, 6, 4, 5, 5, 7, 4, 5, 5, 7, 5, 5, 8, 7, 9, 6, 5, 6, 8, 4, 3, 6]
A_14 29.410000000000004 A 14 [4, 1, 5, 2, 4, 2, 2, 1, 2, 3, 6, 4, 4, 3, 6, 1, 2, 1, 6, 5, 5, 2, 4, 5, 1, 2, 6, 5, 3, 3, 3, 4, 4, 2, 6, 1, 1, 1, 2, 2, 1, 4, 6, 5, 6, 6, 6, 2, 5, 2, 4, 1, 3, 4, 2, 3, 1, 6, 1, 2, 2, 1, 2, 4, 2, 1, 3, 1, 5, 2, 4, 2, 5, 3, 4, 6, 2, 5, 3, 6] [7, 5, 9, 4, 6, 5, 5, 5, 4, 6, 8, 6, 6, 5, 8, 4, 4, 3, 10, 8, 8, 6, 7, 7, 5, 6, 10, 9, 6, 6, 7, 7, 7, 6, 9, 3, 5, 5, 4, 4, 5, 8, 9, 9, 10, 10, 8, 6, 7, 4, 6, 4, 5, 7, 5, 6, 3, 10, 3, 6, 6, 3, 5, 8, 5, 4, 6, 3, 7, 5, 6, 4, 7, 6, 7, 9, 5, 7, 5, 8]
A_15 30.410000000000004 A 15 [6, 6, 4, 1, 2, 3, 3, 6, 1, 5, 1, 3, 3, 6, 1, 5, 4, 6, 1, 2, 4, 6, 5, 1, 4, 4, 1, 1, 5, 3, 6, 2, 3, 2, 1, 6, 1, 2, 5, 3, 1, 6, 3, 6, 4, 2, 6, 1, 4, 6, 3, 6, 3, 6, 2, 3, 5, 5, 1, 1, 3, 1, 5, 1, 6, 2, 5, 2, 6, 2, 5, 3, 2, 1, 6, 3, 1, 5, 1, 2] [9, 9, 6, 5, 6, 7, 6, 10, 5, 8, 3, 7, 5, 9, 4, 9, 8, 8, 5, 4, 7, 9, 7, 5, 6, 6, 5, 3, 8, 5, 10, 4, 6, 6, 3, 10, 4, 5, 8, 6, 4, 9, 5, 8, 8, 4, 9, 4, 6, 8, 5, 9, 5, 9, 6, 7, 8, 7, 5, 3, 7, 4, 7, 3, 8, 6, 7, 4, 10, 6, 9, 5, 6, 3, 8, 5, 4, 9, 3, 4]
A_16 31.410000000000004 A 16 [4, 3, 5, 4, 3, 6, 4, 1, 6, 6, 1, 4, 2, 1, 2, 4, 2, 3, 4, 6, 2, 6, 6, 3, 5, 5, 3, 2, 3, 2, 5, 5, 3, 4, 6, 3, 5, 2, 3, 5, 3, 1, 2, 2, 4, 6, 6, 4, 6, 5, 2, 1, 4, 6, 3, 6, 3, 5, 3, 2, 5, 1, 2, 1, 2, 6, 3, 3, 4, 6, 2, 1, 6, 4, 5, 5, 1, 3, 1, 3] [7, 7, 9, 6, 7, 10, 8, 3, 8, 8, 3, 6, 4, 5, 4, 8, 6, 7, 6, 10, 5, 9, 10, 7, 8, 8, 7, 5, 5, 5, 7, 8, 5, 7, 9, 6, 7, 6, 7, 7, 7, 3, 4, 6, 8, 10, 8, 6, 10, 7, 5, 5, 7, 9, 7, 10, 5, 8, 5, 5, 9, 5, 5, 5, 6, 8, 6, 7, 8, 10, 6, 3, 8, 8, 9, 8, 3, 5, 4, 7]
A_17 32.410000000000004 A 17 [4, 5, 2, 1, 5, 4, 5, 2, 5, 6, 6, 3, 1, 5, 1, 6, 3, 6, 3, 1, 6, 1, 2, 1, 2, 6, 2, 1, 2, 6, 3, 4, 3, 6, 5, 4, 4, 6, 5, 1, 3, 6, 1, 6, 6, 5, 3, 1, 2, 3, 1, 1, 3, 3, 2, 2, 5, 1, 2, 3, 2, 5, 5, 6, 2, 5, 1, 2, 1, 6, 2, 4, 3, 3, 4, 5, 6, 5, 3, 2] [8, 8, 5, 4, 9, 7, 7, 5, 8, 9, 10, 6, 3, 8, 3, 8, 7, 9, 6, 5, 9, 5, 6, 3, 4, 9, 4, 4, 4, 10, 5, 7, 6, 8, 7, 7, 7, 8, 7, 5, 5, 10, 5, 9, 8, 7, 6, 4, 4, 7, 3, 4, 6, 7, 5, 5, 8, 4, 6, 5, 5, 9, 9, 8, 4, 7, 4, 5, 5, 9, 6, 7, 7, 5, 7, 7, 8, 9, 6, 6]
A_18 33.410000000000004 A 18 [2, 3, 2, 6, 3, 1, 3, 4, 1, 6, 4, 3, 5, 2, 6, 1, 4, 3, 2, 5, 3, 1, 5, 5, 1, 4, 5, 3, 3, 4, 4, 4, 4, 2, 6, 3, 2, 2, 3, 5, 1, 6, 1, 3, 2, 6, 2, 2, 1, 4, 4, 5, 5, 6, 2, 4, 1, 2, 4, 1, 4, 1, 4, 2, 3, 4, 3, 6, 3, 6, 5, 2, 1, 5, 5, 5, 1, 1, 1, 3] [5, 6, 6, 8, 6, 3, 5, 7, 5, 10, 7, 5, 7, 5, 10, 5, 6, 6, 5, 7, 7, 5, 8, 7, 5, 8, 7, 6, 7, 8, 6, 8, 7, 6, 8, 6, 5, 5, 5, 8, 4, 8, 3, 6, 6, 8, 6, 5, 4, 8, 8, 9, 8, 10, 5, 8, 4, 6, 6, 5, 6, 4, 7, 5, 6, 8, 5, 10, 5, 10, 9, 4, 4, 9, 7, 8, 4, 3, 5, 5]
A_19 39.720000000000006 A 19 [1, 1, 6, 5, 2, 1, 5, 6, 5, 4, 5, 6, 3, 4, 5, 2, 6, 1, 5, 2, 5, 2, 3, 1, 1, 4, 6, 4, 2, 4, 5, 4, 4, 2, 4, 6, 6, 1, 5, 1, 4, 2, 2, 1, 3, 2, 5, 1, 1, 1, 3, 3, 1, 6, 6, 6, 3, 5, 4, 3, 3, 5, 2, 2, 2, 3, 5, 3, 2, 4, 3, 3, 3, 5, 6, 6, 3, 2, 4, 4] [3, 5, 8, 9, 5, 3, 8, 8, 7, 7, 8, 10, 7, 8, 8, 4, 10, 5, 7, 4, 7, 4, 5, 5, 5, 6, 10, 6, 5, 8, 9, 6, 7, 5, 8, 9, 10, 4, 7, 4, 7, 4, 4, 4, 5, 5, 9, 4, 3, 4, 6, 7, 3, 9, 9, 10, 5, 8, 6, 7, 7, 8, 5, 6, 6, 7, 7, 5, 6, 7, 7, 5, 7, 9, 8, 10, 7, 6, 8, 7]
A_20 41.540000000000006 A 20 [6, 4, 2, 2, 4, 1, 4, 3, 6, 6, 6, 4, 1, 6, 5, 4, 2, 6, 3, 5, 3, 6, 4, 1, 6, 2, 3, 6, 3, 6, 3, 4, 5, 2, 1, 1, 4, 2, 6, 6, 2, 6, 6, 4, 3, 5, 6, 1, 1, 3, 6, 1, 2, 5, 6, 4, 3, 2, 4, 2, 6, 4, 3, 3, 3, 3, 3, 6, 1, 2, 3, 3, 6, 6, 2, 4, 4, 5, 2, 1] [8, 6, 5, 4, 8, 3, 7, 5, 8, 10, 8, 6, 5, 9, 8, 7, 5, 9, 7, 7, 6, 8, 8, 3, 9, 6, 6, 9, 5, 8, 6, 7, 9, 6, 5, 4, 8, 5, 9, 8, 5, 8, 9, 7, 6, 8, 10, 3, 3, 5, 9, 3, 5, 9, 10, 6, 5, 6, 8, 6, 10, 7, 5, 7, 7, 7, 6, 9, 3, 4, 5, 7, 8, 10, 6, 6, 6, 7, 4, 5]
A_21 43.53000000000001 A 21 [1, 6, 2, 4, 4, 2, 5, 2, 4, 6, 2, 3, 6, 2, 2, 6, 6, 1, 1, 2, 6, 3, 2, 2, 3, 6, 2, 1, 4, 1, 1, 2, 4, 2, 4, 3, 2, 6, 6, 3, 3, 4, 1, 1, 5, 5, 6, 4, 4, 4, 5, 1, 2, 3, 6, 5, 4, 1, 1, 5, 1, 4, 2, 6, 3, 3, 5, 3, 4, 6, 2, 1, 3, 6, 2, 2, 5, 6, 2, 6] [3, 9, 6, 7, 8, 5, 9, 5, 8, 8, 5, 5, 8, 4, 6, 9, 9, 5, 5, 4, 8, 7, 6, 6, 5, 9, 6, 4, 7, 4, 3, 4, 8, 6, 8, 6, 6, 10, 8, 7, 7, 6, 4, 4, 9, 7, 8, 6, 7, 8, 8, 4, 5, 7, 9, 8, 7, 3, 4, 9, 5, 6, 6, 9, 5, 6, 7, 7, 8, 10, 6, 4, 5, 8, 6, 4, 7, 8, 5, 10]
A_22 44.85000000000001 A 22 [5, 5, 2, 6, 5, 1, 3, 2, 1, 1, 4, 4, 6, 6, 4, 5, 6, 2, 5, 3, 4, 2, 3, 6, 4, 3, 6, 5, 3, 1, 4, 3, 3, 1, 6, 6, 4, 1, 4, 3, 3, 3, 3, 4, 2, 2, 1, 6, 3, 4, 2, 2, 1, 2, 1, 4, 5, 5, 5, 2, 3, 6, 4, 4, 3, 4, 6, 3, 4, 6, 2, 4, 6, 3, 6, 3, 4, 5, 1, 1] [7, 7, 5, 8, 8, 3, 5, 5, 4, 3, 6, 6, 9, 9, 7, 7, 10, 6, 8, 5, 8, 6, 5, 9, 8, 6, 8, 9, 7, 5, 6, 6, 6, 3, 8, 8, 7, 4, 8, 6, 5, 5, 6, 8, 4, 6, 5, 10, 7, 6, 6, 5, 4, 5, 3, 8, 8, 9, 7, 5, 6, 10, 8, 7, 6, 6, 9, 7, 8, 9, 6, 7, 9, 7, 8, 7, 8, 9, 3, 3]
A_23 45.89000000000001 A 23 [5, 2, 1, 2, 4, 5, 3, 2, 4, 5, 5, 4, 5, 4, 5, 1, 3, 1, 5, 1, 1, 2, 6, 1, 5, 5, 4, 6, 5, 6, 2, 5, 5, 5, 3, 5, 1, 4, 1, 5, 4, 6, 5, 5, 3, 4, 2, 2, 1, 5, 1, 6, 2, 5, 4, 4, 5, 2, 3, 5, 4, 4, 1, 3, 1, 3, 3, 5, 3, 6, 2, 2, 3, 5, 4, 5, 5, 1, 6, 5] [9, 4, 5, 4, 7, 8, 7, 6, 7, 8, 9, 8, 8, 7, 7, 5, 7, 3, 7, 5, 3, 6, 9, 3, 7, 8, 8, 10, 8, 9, 5, 8, 7, 7, 6, 8, 5, 8, 5, 8, 6, 10, 9, 8, 7, 6, 4, 4, 5, 7, 3, 8, 4, 8, 7, 8, 7, 6, 7, 7, 7, 8, 5, 6, 4, 6, 6, 9, 7, 10, 4, 4, 7, 8, 8, 7, 7, 3, 8, 8]
A_24 49.06000000000001 A 24 [6, 4, 2, 4, 5, 5, 6, 3, 3, 4, 3, 2, 1, 1, 1, 4, 5, 2, 1, 1, 6, 3, 4, 5, 4, 6, 5, 6, 6, 5, 6, 3, 5, 2, 2, 5, 3, 4, 6, 4, 2, 1, 6, 2, 3, 5, 1, 6, 3, 4, 1, 3, 1, 6, 6, 6, 4, 1, 2, 6, 4, 4, 5, 6, 4, 6, 1, 2, 2, 3, 5, 4, 1, 5, 3, 5, 6, 5, 6, 6] [9, 8, 6, 6, 7, 8, 8, 6, 7, 6, 7, 5, 4, 3, 5, 6, 8, 4, 5, 5, 9, 5, 8, 7, 6, 9, 8, 9, 9, 9, 8, 6, 7, 5, 4, 8, 7, 6, 10, 6, 6, 3, 10, 5, 6, 9, 5, 10, 6, 8, 5, 6, 3, 9, 8, 10, 8, 3, 4, 9, 6, 7, 8, 8, 8, 8, 3, 6, 5, 7, 8, 6, 5, 8, 7, 9, 10, 8, 9, 8]
A_25 57.45000000000001 A 25 [2, 4, 4, 4, 5, 6, 1, 4, 5, 3, 5, 1, 1, 4, 2, 4, 5, 6, 4, 4, 2, 6, 3, 5, 6, 3, 1, 6, 4, 6, 4, 4, 1, 1, 3, 1, 4, 4, 2, 6, 3, 3, 2, 4, 6, 5, 2, 3, 4, 6, 4, 1, 4, 5, 5, 1, 5, 4, 3, 1, 2, 2, 1, 3, 1, 2, 2, 1, 4, 3, 1, 1, 1, 6, 5, 3, 1, 1, 4, 1] [6, 8, 6, 8, 7, 8, 4, 6, 9, 6, 8, 5, 3, 7, 6, 6, 8, 9, 8, 6, 6, 9, 6, 8, 9, 7, 4, 8, 8, 8, 8, 8, 4, 5, 6, 4, 7, 6, 5, 10, 6, 6, 4, 6, 9, 9, 4, 6, 6, 8, 6, 4, 6, 8, 7, 3, 8, 6, 6, 5, 5, 5, 5, 6, 4, 5, 4, 5, 7, 7, 3, 3, 5, 9, 8, 6, 3, 4, 6, 3]
A_26 58.74000000000001 A 26 [1, 1, 3, 2, 6, 6, 3, 3, 4, 4, 4, 1, 4, 3, 6, 1, 3, 2, 5, 6, 3, 2, 6, 4, 5, 1, 6, 3, 2, 5, 3, 6, 1, 2, 2, 5, 5, 6, 5, 5, 5, 6, 3, 5, 4, 3, 1, 1, 6, 5, 5, 5, 2, 6, 6, 4, 2, 4, 1, 3, 1, 3, 4, 1, 3, 4, 3, 2, 3, 5, 3, 3, 2, 1, 3, 2, 1, 5, 3, 1] [5, 4, 6, 4, 8, 10, 5, 5, 7, 8, 6, 5, 6, 5, 10, 5, 7, 4, 7, 10, 6, 6, 8, 8, 8, 4, 10, 7, 5, 8, 6, 10, 4, 4, 6, 7, 7, 8, 7, 8, 9, 10, 5, 9, 8, 5, 4, 5, 8, 9, 7, 7, 6, 9, 10, 6, 5, 6, 4, 7, 5, 6, 8, 4, 6, 6, 5, 4, 6, 7, 5, 6, 6, 3, 5, 4, 4, 9, 5, 4]
A_27 61.98000000000001 A 27 [1, 3, 2, 6, 5, 6, 1, 2, 4, 1, 5, 6, 4, 4, 5, 1, 2, 1, 3, 4, 6, 1, 5, 6, 6, 6, 3, 3, 2, 3, 1, 1, 3, 3, 6, 1, 5, 6, 6, 4, 4, 3, 3, 6, 3, 6, 5, 2, 4, 4, 5, 6, 6, 1, 2, 4, 2, 4, 5, 2, 5, 2, 4, 2, 5, 1, 4, 1, 1, 3, 1, 1, 1, 2, 4, 5, 1, 4, 5, 3] [5, 5, 6, 10, 8, 8, 4, 4, 7, 5, 8, 9, 7, 8, 9, 3, 5, 4, 6, 6, 9, 4, 9, 10, 9, 8, 7, 6, 4, 5, 3, 3, 5, 7, 10, 4, 9, 10, 8, 8, 8, 7, 5, 9, 7, 8, 8, 5, 6, 8, 7, 9, 8, 3, 4, 8, 5, 7, 7, 4, 8, 5, 8, 5, 9, 4, 8, 3, 4, 7, 3, 5, 4, 5, 6, 7, 4, 6, 7, 7]
A_28 62.98000000000001 A 28 [1, 6, 5, 5, 4, 1, 2, 6, 3, 5, 1, 5, 3, 1, 3, 5, 3, 2, 3, 2, 3, 4, 3, 5, 6, 4, 2, 2, 6, 3, 2, 4, 4, 1, 4, 1, 3, 3, 6, 6, 6, 2, 4, 6, 6, 4, 6, 5, 1, 4, 3, 5, 6, 5, 1, 3, 3, 5, 6, 5, 1, 2, 1, 6, 4, 4, 6, 1, 2, 6, 1, 4, 4, 2, 1, 3, 3, 3, 4, 5] [3, 9, 8, 7, 8, 3, 4, 9, 5, 8, 5, 9, 7, 3, 6, 8, 5, 4, 7, 5, 5, 7, 7, 8, 9, 8, 5, 4, 9, 5, 5, 8, 8, 3, 7, 5, 6, 7, 10, 10, 9, 5, 6, 10, 9, 6, 8, 9, 4, 7, 6, 9, 10, 9, 3, 7, 7, 7, 10, 9, 5, 5, 3, 8, 8, 6, 9, 4, 5, 10, 5, 6, 7, 6, 3, 5, 7, 6, 6, 9]
A_29 63.98000000000001 A 29 [3, 5, 2, 1, 3, 1, 5, 6, 6, 2, 2, 1, 6, 2, 3, 3, 2, 6, 4, 4, 6, 1, 1, 6, 5, 6, 5, 3, 3, 6, 5, 2, 5, 5, 4, 3, 1, 6, 6, 6, 3, 6, 5, 1, 3, 5, 1, 3, 4, 1, 6, 4, 6, 1, 1, 6, 3, 3, 3, 2, 1, 6, 1, 1, 4, 4, 5, 1, 4, 4, 3, 6, 5, 1, 6, 2, 2, 4, 2, 1] [6, 7, 4, 3, 5, 4, 7, 9, 10, 4, 6, 5, 9, 4, 6, 5, 5, 10, 8, 8, 8, 4, 5, 9, 9, 8, 8, 5, 5, 10, 8, 5, 9, 7, 8, 7, 3, 9, 8, 8, 7, 9, 7, 4, 5, 7, 3, 7, 8, 3, 10, 7, 8, 3, 3, 8, 7, 7, 5, 5, 3, 10, 4, 4, 6, 6, 9, 5, 8, 6, 7, 10, 8, 5, 10, 5, 4, 6, 6, 3]
A_30 64.98000000000002 A 30 [3, 2, 6, 4, 5, 5, 2, 4, 1, 6, 1, 4, 5, 3, 3, 6, 5, 3, 4, 5, 3, 1, 4, 2, 6, 4, 3, 1, 2, 5, 1, 5, 4, 3, 6, 1, 4, 6, 3, 4, 5, 1, 2, 6, 4, 4, 2, 6, 2, 3, 1, 3, 1, 1, 1, 2, 6, 5, 4, 3, 2, 3, 4, 3, 4, 4, 1, 3, 6, 5, 1, 2, 1, 5, 1, 1, 2, 4, 2, 1] [7, 5, 8, 8, 8, 9, 4, 8, 3, 10, 5, 7, 9, 7, 7, 10, 7, 5, 6, 9, 6, 3, 6, 5, 8, 8, 6, 3, 5, 8, 3, 7, 6, 7, 9, 5, 6, 9, 6, 8, 9, 4, 6, 9, 8, 7, 5, 8, 4, 5, 3, 6, 4, 5, 3, 6, 9, 9, 8, 7, 4, 7, 7, 5, 6, 6, 3, 7, 10, 8, 5, 5, 4, 7, 4, 4, 6, 8, 6, 3]
A_31 65.98000000000002 A 31 [6, 3, 6, 5, 3, 6, 5, 3, 4, 6, 1, 4, 3, 4, 4, 2, 5, 4, 4, 4, 4, 2, 3, 5, 3, 4, 6, 1, 4, 2, 5, 3, 3, 3, 1, 3, 5, 2, 1, 6, 4, 3, 2, 6, 1, 5, 3, 2, 6, 4, 1, 2, 5, 1, 4, 1, 5, 2, 2, 3, 4, 2, 6, 2, 2, 6, 3, 5, 5, 4, 4, 6, 4, 2, 3, 2, 1, 1, 5, 4] [8, 5, 8, 7, 6, 10, 7, 7, 6, 10, 4, 6, 7, 8, 7, 4, 8, 7, 8, 6, 7, 4, 6, 8, 6, 8, 10, 3, 8, 5, 7, 5, 7, 7, 4, 5, 7, 5, 4, 8, 8, 6, 5, 8, 4, 7, 6, 5, 10, 6, 4, 5, 9, 4, 8, 3, 7, 5, 4, 5, 8, 6, 9, 6, 5, 10, 7, 7, 8, 7, 8, 10, 7, 6, 6, 5, 4, 4, 7, 6]
A_32 67.01000000000002 A 32 [4, 4, 2, 2, 2, 6, 1, 1, 6, 2, 1, 1, 6, 3, 4, 3, 3, 3, 4, 4, 5, 4, 3, 5, 5, 1, 1, 3, 4, 5, 4, 3, 4, 2, 6, 4, 6, 3, 2, 2, 2, 2, 6, 1, 3, 2, 2, 3, 2, 1, 5, 3, 3, 1, 2, 6, 2, 1, 6, 6, 1, 5, 3, 5, 3, 6, 3, 1, 1, 1, 3, 4, 2, 5, 5, 1, 5, 5, 5, 3] [8, 7, 6, 4, 6, 9, 5, 4, 10, 5, 3, 5, 8, 7, 7, 6, 5, 6, 7, 7, 9, 8, 6, 7, 7, 4, 4, 5, 8, 9, 6, 7, 7, 6, 10, 8, 9, 7, 5, 5, 4, 5, 8, 3, 6, 5, 4, 5, 4, 3, 7, 5, 7, 3, 4, 10, 4, 3, 9, 8, 4, 9, 5, 9, 7, 9, 7, 4, 5, 5, 7, 6, 6, 7, 8, 5, 8, 8, 7, 5]
A_33 70.58000000000001 A 33 [6, 5, 5, 2, 6, 5, 2, 6, 4, 3, 3, 1, 3, 1, 2, 2, 4, 6, 2, 2, 2, 2, 1, 5, 2, 1, 2, 3, 1, 5, 3, 3, 2, 2, 2, 5, 3, 6, 5, 4, 1, 3, 6, 5, 1, 1, 5, 6, 1, 6, 1, 5, 2, 2, 2, 4, 6, 3, 1, 1, 5, 3, 2, 1, 1, 1, 1, 3, 6, 6, 5, 6, 2, 5, 5, 1, 4, 5, 6, 6] [8, 9, 9, 5, 8, 8, 5, 8, 6, 7, 7, 4, 7, 5, 6, 6, 7, 8, 6, 5, 6, 6, 3, 7, 5, 5, 4, 7, 3, 7, 7, 7, 6, 6, 5, 8, 6, 9, 9, 7, 4, 6, 9, 8, 4, 5, 7, 9, 3, 9, 4, 9, 6, 4, 4, 7, 8, 7, 4, 3, 9, 7, 6, 5, 3, 4, 4, 5, 9, 10, 9, 8, 4, 9, 9, 5, 7, 8, 8, 9]
A_34 71.58000000000001 A 34 [2, 2, 3, 5, 1, 5, 2, 3, 5, 4, 6, 4, 5, 6, 6, 1, 6, 5, 6, 4, 1, 4, 6, 3, 2, 3, 2, 6, 4, 4, 6, 1, 6, 2, 6, 2, 3, 3, 3, 3, 3, 1, 2, 4, 1, 2, 5, 4, 2, 2, 4, 2, 2, 3, 4, 4, 6, 1, 1, 6, 2, 6, 6, 1, 3, 4, 4, 1, 4, 4, 2, 1, 2, 3, 5, 2, 4, 4, 1, 4] [4, 4, 6, 8, 5, 7, 4, 5, 8, 8, 8, 7, 9, 8, 9, 3, 9, 7, 8, 8, 5, 8, 8, 6, 4, 6, 6, 10, 7, 8, 9, 4, 10, 5, 9, 5, 7, 5, 7, 6, 5, 5, 6, 8, 3, 4, 8, 6, 5, 4, 6, 4, 6, 5, 8, 8, 10, 5, 3, 10, 6, 9, 8, 4, 7, 7, 6, 5, 7, 8, 5, 3, 6, 5, 7, 5, 8, 6, 4, 7]
A_35 72.58000000000001 A 35 [5, 6, 3, 1, 6, 1, 6, 1, 6, 1, 2, 5, 4, 1, 1, 6, 3, 4, 3, 6, 1, 3, 6, 5, 5, 1, 5, 1, 1, 3, 1, 3, 4, 5, 2, 6, 5, 6, 2, 2, 6, 1, 5, 5, 6, 3, 1, 3, 2, 3, 3, 1, 6, 4, 5, 5, 3, 1, 4, 2, 2, 5, 3, 3, 2, 6, 1, 4, 6, 6, 3, 5, 6, 1, 2, 4, 2, 6, 2, 5] [9, 9, 6, 5, 10, 5, 9, 5, 10, 3, 5, 7, 6, 5, 3, 10, 6, 7, 6, 9, 4, 6, 8, 8, 8, 4, 7, 4, 5, 7, 5, 5, 8, 8, 5, 9, 9, 8, 4, 5, 8, 3, 9, 8, 9, 6, 5, 5, 5, 5, 5, 5, 10, 6, 8, 7, 7, 3, 8, 6, 4, 9, 5, 6, 4, 9, 4, 6, 10, 8, 6, 9, 8, 4, 6, 8, 6, 9, 6, 9]
A_36 73.58000000000001 A 36 [4, 3, 4, 5, 1, 2, 1, 3, 2, 6, 2, 3, 1, 3, 1, 1, 5, 4, 2, 6, 4, 2, 4, 1, 3, 4, 5, 5, 3, 1, 4, 5, 6, 3, 3, 5, 5, 2, 6, 4, 3, 5, 1, 2, 1, 6, 2, 1, 2, 5, 3, 6, 3, 2, 6, 2, 4, 2, 3, 3, 5, 5, 6, 2, 4, 4, 4, 4, 6, 2, 4, 1, 2, 2, 4, 5, 3, 4, 6, 6] [6, 7, 7, 9, 5, 6, 3, 6, 4, 8, 6, 6, 4, 5, 5, 4, 7, 7, 5, 10, 8, 6, 7, 5, 7, 7, 7, 9, 6, 3, 6, 7, 9, 6, 7, 9, 7, 6, 10, 7, 5, 7, 5, 5, 3, 9, 4, 3, 5, 8, 6, 9, 5, 5, 9, 4, 6, 6, 5, 7, 9, 8, 9, 4, 6, 6, 6, 7, 10, 4, 8, 3, 5, 6, 6, 8, 6, 7, 8, 9]
A_37 79.25000000000001 A 37 [2, 2, 6, 3, 1, 6, 5, 3, 1, 6, 1, 2, 2, 3, 1, 2, 2, 6, 2, 1, 2, 6, 1, 4, 4, 4, 6, 6, 3, 6, 6, 2, 3, 6, 3, 6, 2, 6, 5, 5, 2, 6, 4, 3, 1, 1, 4, 3, 5, 1, 6, 5, 3, 1, 1, 5, 2, 2, 3, 5, 4, 2, 4, 4, 3, 3, 4, 1, 1, 3, 2, 5, 5, 4, 3, 5, 2, 3, 4, 2] [6, 4, 9, 5, 3, 9, 9, 5, 3, 8, 4, 6, 4, 7, 5, 5, 6, 8, 5, 4, 5, 10, 4, 8, 6, 6, 8, 10, 7, 9, 9, 5, 7, 9, 5, 8, 6, 8, 8, 8, 5, 8, 8, 7, 4, 4, 8, 5, 8, 5, 9, 7, 5, 5, 3, 8, 5, 5, 7, 9, 7, 4, 8, 8, 7, 5, 6, 4, 3, 5, 4, 8, 8, 6, 6, 8, 5, 7, 6, 5]
A_38 82.27000000000001 A 38 [6, 1, 3, 3, 2, 2, 2, 2, 2, 1, 6, 6, 3, 5, 2, 5, 3, 5, 3, 5, 6, 6, 4, 1, 6, 2, 5, 6, 6, 6, 3, 1, 2, 5, 3, 2, 6, 5, 1, 2, 5, 6, 3, 1, 3, 4, 6, 3, 3, 5, 1, 4, 3, 4, 3, 1, 4, 1, 1, 3, 2, 6, 2, 1, 6, 5, 6, 4, 6, 1, 3, 4, 4, 6, 5, 1, 6, 4, 3, 3] [10, 3, 7, 5, 6, 4, 4, 6, 4, 5, 8, 10, 7, 9, 4, 8, 7, 7, 5, 7, 9, 8, 8, 5, 10, 5, 7, 8, 10, 8, 6, 4, 5, 9, 7, 4, 10, 8, 5, 6, 8, 8, 6, 3, 6, 8, 8, 7, 5, 8, 5, 7, 6, 6, 5, 5, 8, 3, 5, 7, 6, 9, 5, 5, 9, 9, 8, 7, 9, 4, 7, 8, 6, 10, 8, 3, 10, 7, 7, 7]
A_39 85.91000000000001 A 39 [3, 3, 5, 3, 1, 6, 6, 3, 4, 4, 3, 2, 5, 4, 2, 3, 5, 1, 5, 1, 6, 3, 3, 5, 4, 6, 5, 4, 6, 6, 4, 6, 2, 4, 3, 2, 4, 5, 2, 5, 4, 1, 1, 1, 5, 4, 4, 5, 4, 4, 5, 1, 4, 5, 2, 1, 2, 2, 4, 5, 3, 2, 5, 5, 5, 5, 3, 4, 5, 1, 1, 6, 2, 4, 6, 4, 4, 3, 2, 1] [7, 5, 7, 5, 5, 10, 10, 5, 8, 7, 7, 4, 7, 6, 4, 6, 7, 5, 8, 4, 8, 7, 6, 8, 6, 10, 8, 8, 10, 8, 8, 8, 5, 7, 6, 5, 7, 8, 6, 7, 6, 3, 3, 4, 7, 8, 8, 7, 8, 8, 8, 5, 6, 8, 5, 5, 6, 4, 7, 7, 5, 6, 9, 8, 9, 8, 5, 6, 8, 3, 4, 9, 4, 6, 9, 6, 8, 6, 6, 5]
B_0 1 B 40 [1, 3, 4, 2, 2, 4, 4, 2, 2, 3, 6, 2, 3, 5, 1, 1, 3, 3, 1, 4, 2, 3, 3, 4, 2, 3, 5, 4, 6, 3, 5, 4, 2, 1, 3, 6, 3, 2, 5, 4, 5, 5, 4, 5, 1, 5, 5, 6, 5, 2, 2, 3, 2, 5, 4, 5, 3, 5, 5, 5, 1, 3, 2, 3, 6, 3, 1, 6, 1, 5, 1, 6, 3, 4, 2, 3, 4, 2, 2, 5] [4, 7, 8, 5, 6, 7, 8, 4, 6, 5, 10, 6, 7, 9, 5, 4, 7, 5, 4, 7, 5, 7, 5, 6, 6, 6, 9, 8, 9, 7, 9, 8, 4, 4, 5, 8, 5, 5, 8, 6, 8, 7, 8, 8, 3, 9, 9, 8, 7, 5, 6, 5, 6, 7, 8, 7, 6, 9, 8, 9, 4, 7, 4, 5, 10, 7, 4, 8, 4, 8, 4, 8, 7, 7, 6, 7, 6, 6, 4, 8]
B_1 3.45 B 41 [2, 5, 5, 4, 4, 5, 4, 4, 3, 1, 5, 3, 3, 3, 4, 6, 1, 6, 6, 2, 6, 4, 3, 6, 1, 3, 6, 3, 2, 6, 1, 3, 2, 3, 1, 1, 5, 6, 6, 1, 5, 6, 1, 2, 2, 5, 2, 4, 3, 2, 3, 2, 5, 1, 2, 3, 1, 6, 3, 6, 6, 1, 4, 3, 3, 2, 1, 6, 4, 5, 4, 1, 5, 3, 1, 4, 3, 3, 3, 6] [4, 7, 8, 6, 7, 8, 6, 6, 5, 4, 9, 7, 5, 7, 8, 9, 3, 10, 8, 4, 8, 6, 5, 10, 3, 6, 10, 7, 5, 9, 4, 6, 5, 6, 5, 3, 7, 8, 8, 3, 7, 10, 5, 6, 5, 9, 4, 7, 7, 4, 5, 4, 9, 5, 4, 6, 3, 8, 5, 9, 10, 5, 6, 5, 5, 5, 3, 9, 8, 7, 7, 4, 8, 6, 4, 8, 5, 7, 7, 8]
B_2 6.24 B 42 [3, 2, 6, 1, 5, 4, 6, 1, 5, 4, 5, 4, 6, 6, 6, 3, 2, 1, 1, 2, 6, 1, 3, 5, 6, 2, 3, 3, 4, 5, 2, 2, 6, 6, 2, 5, 1, 4, 3, 1, 4, 1, 3, 3, 4, 2, 5, 6, 5, 6, 5, 6, 5, 6, 1, 5, 2, 2, 6, 2, 3, 6, 5, 1, 3, 5, 5, 4, 2, 2, 5, 5, 3, 2, 4, 3, 1, 3, 1, 3] [5, 4, 9, 3, 9, 6, 9, 4, 7, 7, 7, 6, 8, 8, 9, 5, 4, 5, 3, 4, 9, 4, 6, 9, 10, 4, 5, 5, 6, 7, 6, 5, 8, 9, 6, 9, 5, 8, 6, 3, 8, 5, 7, 5, 7, 4, 8, 9, 9, 9, 9, 9, 8, 8, 4, 9, 4, 5, 10, 5, 7, 9, 7, 3, 7, 9, 9, 7, 5, 6, 9, 8, 5, 6, 7, 7, 5, 5, 3, 7]
B_3 7.24 B 43 [3, 6, 2, 2, 2, 5, 4, 2, 1, 3, 5, 5, 5, 5, 5, 6, 2, 6, 3, 1, 4, 1, 4, 5, 2, 4, 5, 6, 6, 1, 6, 6, 1, 5, 4, 5, 2, 3, 1, 1, 5, 2, 3, 3, 6, 1, 4, 5, 1, 4, 4, 5, 6, 1, 3, 4, 4, 5, 2, 6, 5, 1, 3, 2, 6, 1, 3, 3, 4, 2, 4, 3, 2, 2, 1, 1, 5, 2, 1, 4] [6, 10, 6, 4, 4, 7, 8, 4, 3, 7, 9, 7, 8, 9, 9, 8, 6, 9, 6, 4, 7, 4, 8, 8, 5, 6, 9, 9, 10, 4, 9, 8, 3, 8, 8, 8, 5, 7, 3, 4, 8, 6, 5, 6, 9, 5, 7, 9, 4, 6, 8, 7, 9, 3, 6, 8, 8, 9, 6, 10, 9, 3, 6, 5, 9, 4, 7, 6, 7, 6, 7, 6, 5, 5, 4, 4, 8, 6, 4, 8]
B_4 8.24 B 44 [3, 2, 5, 2, 5, 2, 3, 3, 3, 4, 4, 4, 3, 2, 6, 4, 4, 6, 2, 3, 3, 5, 2, 3, 3, 6, 4, 3, 6, 3, 4, 1, 3, 1, 1, 6, 1, 1, 3, 5, 1, 2, 4, 6, 2, 1, 5, 2, 3, 5, 2, 6, 4, 1, 4, 6, 5, 5, 4, 3, 5, 3, 3, 2, 6, 6, 3, 5, 2, 3, 6, 4, 5, 2, 4, 4, 4, 3, 4, 3] [7, 4, 9, 4, 8, 6, 7, 7, 5, 8, 6, 8, 6, 5, 10, 8, 8, 8, 6, 5, 6, 9, 4, 7, 6, 9, 8, 7, 9, 5, 8, 4, 6, 4, 3, 9, 3, 4, 6, 7, 3, 5, 7, 9, 4, 3, 7, 5, 5, 7, 4, 9, 8, 5, 7, 10, 8, 7, 8, 6, 8, 6, 5, 6, 8, 8, 7, 7, 4, 5, 9, 7, 9, 4, 6, 6, 8, 6, 7, 5]
B_5 10.77 B 45 [4, 1, 5, 6, 4, 3, 1, 1, 1, 3, 4, 4, 1, 5, 6, 2, 6, 5, 6, 2, 5, 5, 2, 4, 5, 5, 3, 6, 4, 5, 4, 5, 2, 1, 2, 3, 6, 1, 4, 4, 5, 5, 2, 1, 1, 5, 4, 5, 2, 1, 5, 3, 1, 6, 6, 2, 5, 3, 4, 1, 4, 4, 4, 6, 6, 3, 1, 2, 5, 5, 2, 5, 3, 3, 2, 2, 3, 3, 2, 5] [8, 5, 9, 9, 8, 5, 5, 3, 4, 5, 6, 7, 3, 9, 10, 4, 10, 7, 8, 5, 8, 7, 6, 6, 9, 9, 5, 8, 6, 7, 7, 7, 5, 5, 4, 6, 9, 4, 8, 8, 9, 9, 4, 5, 3, 8, 8, 7, 5, 4, 8, 5, 3, 10, 9, 5, 7, 7, 8, 3, 7, 8, 6, 9, 9, 5, 5, 4, 8, 9, 6, 8, 5, 6, 4, 4, 6, 5, 4, 9]
B_6 11.77 B 46 [3, 6, 1, 4, 2, 1, 3, 5, 1, 2, 1, 2, 4, 6, 6, 6, 6, 3, 2, 5, 6, 6, 1, 2, 1, 2, 1, 5, 6, 1, 2, 3, 2, 5, 5, 1, 2, 4, 6, 4, 5, 2, 5, 4, 5, 4, 2, 3, 6, 2, 2, 6, 2, 2, 5, 4, 1, 5, 2, 5, 5, 2, 5, 1, 4, 5, 4, 1, 4, 1, 6, 3, 1, 4, 2, 1, 5, 2, 1, 2] [7, 8, 4, 7, 4, 4, 6, 8, 5, 6, 4, 5, 6, 9, 8, 9, 8, 6, 6, 9, 10, 8, 5, 4, 5, 4, 4, 8, 8, 3, 5, 6, 4, 7, 8, 5, 4, 8, 8, 8, 9, 4, 8, 7, 7, 8, 6, 5, 10, 4, 4, 8, 6, 4, 7, 6, 3, 9, 5, 7, 7, 4, 9, 5, 7, 7, 8, 5, 7, 5, 10, 7, 5, 8, 5, 4, 9, 5, 4, 4]
B_7 12.77 B 47 [2, 2, 5, 3, 6, 6, 2, 2, 5, 4, 4, 3, 2, 2, 2, 1, 4, 1, 2, 1, 1, 4, 6, 2, 6, 3, 1, 2, 5, 3, 6, 2, 3, 6, 4, 3, 1, 3, 3, 5, 6, 4, 6, 5, 2, 5, 3, 2, 1, 4, 3, 3, 5, 4, 2, 5, 1, 3, 2, 5, 6, 5, 3, 1, 1, 3, 6, 3, 6, 5, 2, 3, 3, 4, 5, 3, 4, 1, 5, 4] [6, 5, 7, 7, 8, 8, 6, 5, 7, 6, 7, 5, 5, 5, 6, 4, 6, 4, 5, 4, 3, 6, 10, 4, 10, 6, 5, 5, 9, 7, 8, 5, 5, 9, 6, 5, 3, 5, 7, 7, 8, 7, 9, 9, 5, 7, 5, 5, 4, 6, 6, 5, 9, 8, 6, 8, 4, 5, 5, 8, 10, 7, 7, 3, 5, 6, 10, 5, 8, 7, 5, 7, 5, 7, 9, 7, 7, 4, 8, 6]
B_8 17.72 B 48 [5, 6, 6, 5, 3, 1, 6, 4, 4, 2, 4, 2, 4, 4, 5, 4, 6, 2, 1, 1, 1, 4, 3, 1, 3, 4, 6, 4, 1, 4, 2, 6, 2, 1, 2, 2, 2, 5, 3, 4, 5, 3, 5, 1, 3, 2, 6, 1, 4, 1, 2, 4, 3, 2, 2, 4, 6, 3, 2, 3, 4, 4, 4, 6, 4, 5, 6, 5, 2, 5, 4, 1, 3, 1, 2, 1, 2, 3, 3, 5] [8, 9, 9, 7, 5, 3, 10, 6, 6, 6, 8, 4, 6, 8, 7, 6, 10, 4, 4, 3, 3, 7, 7, 5, 6, 6, 8, 6, 4, 8, 4, 10, 4, 3, 5, 5, 5, 8, 5, 8, 7, 7, 9, 4, 5, 5, 10, 4, 8, 5, 4, 6, 7, 4, 5, 8, 10, 7, 6, 5, 8, 8, 6, 10, 8, 8, 9, 7, 6, 7, 6, 3, 5, 5, 6, 4, 4, 5, 7, 7]
B_9 18.72 B 49 [2, 4, 4, 4, 3, 3, 3, 4, 3, 2, 5, 2, 3, 5, 2, 6, 5, 3, 4, 1, 3, 4, 4, 5, 4, 6, 5, 4, 4, 1, 3, 4, 1, 6, 2, 3, 5, 1, 5, 4, 2, 2, 6, 4, 5, 1, 2, 4, 1, 3, 3, 4, 3, 4, 6, 4, 5, 2, 1, 6, 6, 3, 3, 6, 3, 6, 3, 3, 5, 2, 4, 2, 2, 1, 4, 2, 1, 4, 2, 5] [4, 8, 7, 7, 6, 7, 5, 6, 7, 6, 8, 6, 5, 8, 4, 8, 7, 7, 8, 4, 5, 8, 6, 7, 8, 8, 9, 8, 7, 3, 5, 6, 3, 9, 4, 5, 8, 5, 8, 8, 5, 4, 9, 6, 7, 4, 4, 6, 5, 7, 6, 8, 5, 8, 10, 8, 9, 5, 5, 10, 9, 7, 7, 10, 6, 9, 7, 7, 8, 4, 8, 4, 5, 3, 8, 4, 4, 8, 5, 8]
B_10 19.72 B 50 [1, 1, 6, 4, 4, 3, 3, 5, 4, 1, 2, 6, 5, 3, 4, 3, 2, 1, 4, 3, 6, 5, 2, 1, 1, 4, 5, 5, 3, 6, 1, 1, 5, 1, 4, 3, 3, 6, 1, 5, 2, 3, 5, 4, 2, 5, 2, 3, 2, 3, 2, 5, 6, 2, 2, 3, 6, 1, 6, 4, 4, 4, 2, 2, 3, 4, 3, 4, 5, 6, 5, 4, 5, 1, 5, 6, 4, 4, 1, 6] [3, 3, 9, 6, 8, 5, 5, 8, 8, 4, 5, 8, 8, 7, 6, 5, 5, 3, 8, 6, 9, 8, 6, 3, 5, 6, 7, 7, 6, 10, 3, 4, 7, 4, 6, 5, 6, 9, 5, 8, 6, 5, 9, 8, 4, 8, 4, 6, 4, 6, 6, 8, 9, 5, 4, 6, 8, 5, 10, 6, 6, 6, 4, 5, 5, 6, 6, 6, 8, 9, 7, 6, 7, 3, 7, 9, 7, 8, 3, 10]
B_11 25.21 B 51 [1, 6, 3, 3, 1, 6, 3, 1, 5, 5, 4, 2, 3, 4, 1, 6, 1, 1, 5, 3, 1, 1, 2, 6, 3, 1, 5, 6, 5, 4, 3, 2, 3, 5, 2, 1, 6, 5, 4, 1, 3, 2, 6, 5, 6, 3, 6, 3, 4, 4, 5, 5, 4, 2, 3, 4, 2, 4, 3, 1, 5, 1, 2, 5, 3, 3, 4, 3, 5, 6, 6, 1, 4, 3, 6, 4, 2, 3, 1, 1] [3, 10, 7, 6, 5, 8, 5, 3, 7, 7, 8, 4, 6, 8, 4, 9, 5, 4, 9, 7, 3, 4, 5, 8, 6, 4, 7, 9, 9, 7, 6, 5, 5, 9, 4, 5, 9, 7, 7, 5, 5, 4, 9, 7, 9, 5, 8, 5, 6, 8, 8, 8, 7, 6, 5, 6, 5, 8, 7, 4, 8, 3, 4, 8, 5, 6, 7, 7, 8, 10, 9, 3, 8, 5, 10, 6, 4, 5, 4, 3]
B_12 26.21 B 52 [6, 2, 4, 5, 6, 1, 6, 3, 1, 4, 5, 1, 1, 6, 3, 3, 4, 3, 5, 1, 2, 2, 1, 2, 1, 4, 2, 6, 6, 6, 1, 5, 3, 2, 2, 6, 3, 3, 3, 4, 2, 5, 5, 6, 4, 1, 2, 5, 3, 3, 6, 4, 2, 5, 6, 2, 3, 4, 1, 2, 5, 1, 2, 3, 5, 3, 1, 6, 6, 3, 4, 5, 6, 1, 1, 4, 4, 6, 3, 5] [9, 5, 7, 9, 9, 5, 9, 6, 4, 8, 8, 4, 3, 9, 5, 5, 7, 6, 8, 3, 5, 5, 4, 4, 3, 6, 6, 8, 10, 8, 4, 9, 7, 6, 6, 10, 5, 5, 6, 6, 6, 9, 8, 9, 8, 3, 6, 9, 7, 5, 9, 7, 6, 9, 9, 5, 6, 8, 4, 5, 9, 4, 5, 5, 7, 5, 3, 9, 10, 5, 6, 8, 8, 4, 5, 6, 8, 8, 6, 8]
B_13 28.17 B 53 [6, 4, 3, 2, 3, 5, 2, 6, 3, 3, 2, 5, 6, 4, 4, 6, 6, 3, 6, 6, 5, 3, 2, 5, 6, 5, 6, 1, 5, 1, 1, 1, 1, 2, 3, 4, 2, 1, 4, 5, 5, 1, 6, 1, 1, 6, 2, 4, 2, 4, 2, 2, 5, 4, 1, 4, 2, 3, 4, 1, 3, 1, 4, 4, 1, 4, 6, 5, 5, 1, 2, 1, 5, 3, 4, 2, 4, 1, 1, 5] [9, 6, 6, 5, 6, 9, 4, 10, 7, 7, 4, 9, 9, 7, 7, 9, 9, 7, 10, 9, 9, 7, 5, 8, 9, 8, 9, 3, 9, 3, 5, 4, 3, 4, 5, 6, 5, 5, 6, 8, 7, 5, 8, 3, 5, 10, 4, 8, 4, 8, 5, 6, 9, 8, 5, 8, 5, 5, 7, 5, 7, 5, 7, 8, 5, 6, 8, 7, 7, 5, 6, 3, 9, 7, 8, 6, 6, 3, 5, 8]
B_14 29.17 B 54 [5, 2, 4, 1, 6, 1, 3, 4, 5, 5, 3, 1, 4, 5, 2, 2, 3, 2, 2, 6, 6, 6, 1, 4, 6, 5, 6, 2, 1, 1, 1, 4, 2, 2, 4, 5, 6, 1, 3, 2, 4, 2, 1, 3, 4, 6, 5, 2, 2, 6, 2, 3, 6, 1, 2, 3, 5, 6, 2, 4, 2, 1, 1, 2, 1, 4, 5, 1, 6, 6, 5, 6, 2, 2, 4, 5, 5, 2, 2, 1] [7, 4, 7, 5, 9, 3, 6, 7, 8, 9, 6, 4, 6, 7, 5, 6, 7, 5, 5, 9, 10, 9, 3, 7, 8, 7, 10, 4, 3, 3, 3, 8, 4, 4, 8, 8, 9, 3, 5, 5, 8, 4, 4, 6, 7, 9, 7, 6, 5, 10, 4, 5, 9, 5, 6, 6, 7, 8, 4, 8, 5, 5, 5, 4, 3, 6, 9, 4, 10, 9, 8, 9, 6, 5, 7, 8, 8, 5, 5, 3]
B_15 30.17 B 55 [6, 6, 5, 6, 2, 1, 6, 6, 5, 4, 6, 4, 6, 2, 3, 3, 6, 2, 4, 6, 4, 5, 4, 4, 6, 1, 4, 4, 3, 6, 2, 1, 6, 4, 4, 5, 2, 5, 1, 1, 5, 3, 5, 4, 6, 2, 4, 5, 4, 4, 3, 4, 2, 4, 3, 2, 1, 3, 6, 1, 6, 1, 5, 5, 6, 6, 1, 5, 4, 6, 1, 2, 1, 3, 2, 4, 3, 4, 5, 4] [8, 10, 9, 8, 6, 4, 10, 8, 7, 7, 9, 8, 9, 5, 6, 7, 10, 5, 8, 10, 6, 8, 8, 8, 10, 3, 6, 8, 7, 8, 6, 3, 10, 7, 8, 7, 4, 8, 5, 5, 7, 6, 9, 8, 10, 5, 6, 8, 8, 8, 6, 6, 5, 8, 6, 5, 5, 7, 9, 4, 8, 4, 9, 7, 10, 9, 3, 9, 6, 9, 5, 5, 3, 6, 6, 6, 7, 7, 7, 8]
B_16 31.17 B 56 [1, 1, 6, 2, 5, 4, 2, 1, 1, 2, 5, 3, 2, 5, 1, 5, 3, 5, 1, 3, 3, 4, 5, 5, 4, 5, 2, 2, 3, 3, 6, 5, 2, 6, 6, 3, 4, 2, 4, 2, 3, 1, 2, 4, 5, 5, 1, 1, 6, 5, 6, 2, 3, 2, 5, 1, 4, 4, 6, 5, 1, 4, 1, 4, 3, 2, 3, 6, 5, 6, 3, 5, 2, 3, 3, 4, 2, 1, 6, 2] [4, 4, 10, 4, 8, 8, 4, 3, 4, 5, 8, 7, 5, 7, 3, 8, 5, 8, 4, 5, 5, 7, 8, 7, 8, 8, 5, 5, 7, 7, 9, 7, 4, 8, 10, 7, 6, 5, 8, 6, 6, 3, 4, 8, 8, 7, 3, 4, 10, 9, 8, 5, 6, 5, 7, 5, 7, 6, 9, 9, 3, 7, 4, 7, 6, 6, 5, 9, 9, 10, 7, 9, 5, 6, 6, 6, 4, 3, 8, 6]
B_17 32.47 B 57 [6, 2, 1, 5, 1, 6, 4, 4, 1, 6, 6, 2, 1, 5, 6, 5, 5, 1, 2, 5, 2, 1, 5, 2, 1, 4, 4, 4, 5, 3, 5, 2, 1, 3, 1, 1, 2, 2, 1, 2, 5, 6, 2, 5, 5, 3, 5, 3, 3, 2, 1, 4, 4, 3, 6, 3, 4, 5, 4, 1, 6, 1, 4, 3, 1, 4, 6, 2, 2, 4, 5, 1, 4, 3, 5, 2, 4, 5, 4, 5] [9, 5, 5, 8, 5, 8, 6, 8, 4, 10, 8, 5, 5, 9, 10, 7, 8, 4, 6, 8, 6, 3, 9, 6, 3, 6, 6, 7, 7, 7, 9, 5, 3, 7, 5, 3, 6, 5, 3, 4, 9, 8, 5, 9, 7, 7, 9, 5, 7, 5, 5, 8, 8, 5, 8, 7, 6, 9, 7, 5, 10, 3, 8, 7, 4, 7, 8, 4, 4, 8, 8, 4, 8, 7, 8, 5, 7, 8, 6, 8]
B_18 34.31 B 58 [3, 5, 5, 3, 6, 4, 3, 5, 4, 6, 5, 3, 3, 4, 1, 1, 3, 2, 4, 4, 4, 1, 5, 3, 2, 3, 1, 5, 6, 3, 4, 2, 6, 1, 1, 4, 3, 3, 1, 4, 5, 3, 6, 2, 4, 4, 2, 2, 2, 1, 6, 3, 1, 4, 2, 6, 6, 4, 1, 3, 3, 2, 2, 3, 4, 6, 3, 3, 1, 6, 4, 1, 3, 6, 3, 1, 1, 2, 5, 2] [7, 8, 7, 5, 9, 6, 7, 7, 7, 8, 7, 5, 6, 6, 3, 5, 5, 6, 6, 6, 8, 4, 7, 7, 4, 6, 4, 7, 10, 5, 8, 4, 9, 4, 3, 8, 5, 7, 5, 7, 8, 5, 10, 6, 8, 8, 5, 5, 6, 5, 10, 7, 4, 7, 4, 9, 9, 7, 4, 6, 7, 6, 4, 5, 6, 10, 6, 6, 4, 9, 6, 4, 5, 10, 7, 3, 4, 5, 7, 4]
B_19 35.31 B 59 [1, 4, 1, 3, 2, 3, 2, 2, 4, 4, 3, 4, 1, 2, 2, 1, 2, 3, 1, 3, 2, 5, 2, 5, 6, 1, 3, 2, 5, 2, 3, 3, 6, 1, 6, 2, 3, 5, 3, 5, 5, 6, 2, 6, 3, 1, 5, 5, 3, 6, 4, 1, 2, 1, 4, 1, 5, 1, 3, 6, 5, 4, 5, 2, 1, 2, 3, 6, 3, 2, 3, 1, 2, 2, 3, 5, 4, 5, 2, 1] [4, 8, 5, 5, 4, 5, 5, 6, 6, 6, 7, 8, 3, 6, 6, 3, 5, 5, 5, 7, 6, 9, 5, 7, 9, 5, 7, 4, 9, 5, 7, 5, 8, 3, 10, 6, 7, 9, 7, 7, 9, 9, 5, 10, 6, 3, 7, 8, 5, 10, 6, 4, 5, 5, 8, 4, 9, 5, 6, 9, 8, 8, 7, 5, 3, 5, 7, 8, 6, 4, 6, 5, 4, 4, 5, 9, 8, 7, 4, 4]
B_20 37.85 B 60 [3, 5, 4, 5, 2, 6, 2, 3, 1, 2, 4, 6, 5, 2, 2, 3, 5, 2, 4, 3, 6, 1, 3, 4, 4, 2, 1, 5, 1, 1, 2, 4, 1, 5, 2, 2, 5, 4, 2, 3, 1, 6, 3, 5, 5, 4, 5, 6, 4, 6, 4, 5, 5, 3, 2, 6, 1, 6, 3, 5, 3, 4, 6, 2, 2, 2, 6, 4, 3, 2, 2, 1, 6, 3, 1, 4, 1, 6, 3, 2] [7, 9, 8, 9, 6, 8, 6, 5, 3, 4, 8, 9, 9, 4, 6, 7, 9, 5, 6, 7, 10, 5, 6, 7, 6, 5, 5, 8, 5, 3, 4, 8, 4, 9, 6, 4, 9, 7, 6, 5, 4, 10, 7, 9, 8, 7, 7, 10, 8, 9, 6, 8, 9, 7, 5, 8, 3, 10, 7, 8, 5, 6, 8, 5, 5, 4, 8, 8, 5, 4, 4, 5, 8, 6, 3, 7, 3, 10, 7, 5]
B_21 38.85 B 61 [4, 2, 5, 2, 5, 2, 2, 5, 1, 4, 2, 1, 4, 3, 1, 1, 1, 5, 1, 5, 4, 4, 6, 4, 4, 2, 3, 2, 2, 6, 3, 2, 5, 3, 6, 5, 5, 2, 6, 2, 3, 1, 6, 1, 3, 4, 2, 5, 4, 3, 4, 1, 1, 1, 1, 1, 4, 1, 2, 4, 4, 2, 4, 6, 1, 5, 6, 4, 2, 5, 1, 2, 5, 2, 1, 6, 2, 2, 2, 5] [8, 4, 8, 6, 8, 4, 5, 7, 3, 6, 6, 5, 6, 5, 3, 4, 5, 9, 4, 8, 7, 6, 10, 8, 7, 5, 6, 5, 5, 10, 7, 6, 9, 7, 9, 9, 8, 4, 9, 6, 7, 5, 9, 3, 6, 8, 4, 7, 8, 7, 6, 3, 4, 5, 5, 4, 7, 3, 6, 8, 6, 6, 8, 8, 5, 8, 9, 7, 4, 7, 5, 4, 9, 4, 3, 8, 4, 4, 6, 9]
B_22 40.01 B 62 [3, 5, 1, 3, 2, 2, 3, 3, 1, 4, 6, 5, 4, 2, 2, 5, 2, 5, 4, 2, 3, 2, 4, 1, 5, 1, 4, 4, 1, 1, 4, 6, 3, 2, 6, 3, 6, 4, 2, 5, 2, 4, 5, 3, 3, 4, 5, 3, 4, 3, 2, 2, 2, 4, 1, 5, 1, 4, 2, 5, 6, 4, 6, 1, 2, 3, 4, 1, 5, 3, 2, 5, 4, 4, 2, 3, 1, 1, 2, 3] [6, 8, 5, 6, 4, 5, 5, 7, 5, 7, 9, 9, 6, 5, 5, 7, 5, 9, 7, 5, 5, 6, 8, 5, 8, 5, 8, 8, 3, 4, 7, 9, 5, 6, 8, 5, 9, 8, 5, 9, 4, 6, 7, 6, 5, 6, 9, 7, 6, 7, 4, 4, 5, 7, 5, 9, 4, 8, 4, 7, 8, 8, 10, 4, 4, 7, 6, 3, 8, 7, 5, 8, 8, 8, 4, 5, 3, 5, 4, 5]
B_23 41.01 B 63 [3, 2, 5, 3, 1, 3, 2, 3, 2, 2, 3, 5, 6, 3, 4, 1, 1, 6, 2, 2, 3, 6, 4, 3, 6, 3, 1, 2, 6, 1, 3, 2, 5, 1, 1, 3, 2, 4, 1, 5, 3, 3, 1, 2, 2, 6, 1, 1, 6, 6, 2, 5, 3, 4, 2, 5, 4, 3, 3, 2, 2, 6, 1, 5, 3, 4, 5, 3, 3, 4, 6, 2, 2, 6, 3, 5, 5, 5, 5, 5] [6, 6, 8, 5, 3, 5, 5, 7, 6, 5, 7, 8, 9, 7, 8, 3, 5, 8, 5, 6, 7, 9, 7, 6, 8, 6, 4, 5, 8, 4, 5, 6, 9, 5, 4, 6, 4, 8, 5, 8, 5, 5, 3, 5, 6, 9, 5, 3, 10, 10, 5, 8, 5, 8, 4, 7, 7, 7, 5, 5, 5, 8, 4, 9, 5, 6, 8, 5, 7, 8, 10, 5, 4, 9, 7, 9, 7, 9, 8, 7]
B_24 42.01 B 64 [2, 5, 3, 2, 1, 3, 2, 3, 5, 2, 2, 6, 2, 1, 2, 6, 2, 2, 3, 2, 3, 3, 3, 1, 4, 1, 3, 5, 4, 4, 4, 2, 3, 1, 3, 2, 4, 3, 6, 5, 6, 3, 3, 6, 6, 6, 4, 1, 4, 3, 3, 3, 5, 1, 1, 6, 3, 1, 4, 1, 2, 1, 2, 3, 5, 1, 1, 3, 4, 1, 6, 2, 4, 5, 6, 2, 5, 4, 4, 4] [4, 8, 6, 6, 3, 5, 4, 7, 8, 5, 4, 10, 4, 4, 5, 8, 6, 4, 6, 6, 7, 5, 6, 4, 8, 4, 6, 9, 8, 6, 6, 5, 7, 3, 7, 4, 6, 7, 9, 9, 10, 5, 7, 9, 8, 9, 7, 5, 8, 6, 5, 5, 7, 5, 3, 10, 6, 4, 6, 3, 5, 5, 4, 5, 9, 4, 4, 5, 7, 4, 10, 5, 6, 9, 8, 4, 8, 8, 7, 8]
B_25 45.129999999999995 B 65 [6, 5, 5, 4, 6, 2, 1, 1, 6, 1, 4, 2, 1, 2, 1, 2, 6, 5, 4, 3, 3, 3, 4, 3, 6, 2, 4, 1, 4, 4, 4, 6, 6, 1, 4, 6, 4, 3, 5, 5, 3, 2, 5, 1, 6, 3, 5, 3, 5, 6, 4, 3, 3, 4, 4, 6, 2, 4, 6, 2, 2, 5, 3, 4, 1, 5, 6, 2, 3, 5, 1, 4, 4, 4, 5, 2, 2, 1, 4, 6] [9, 8, 9, 8, 8, 6, 5, 5, 8, 3, 7, 6, 3, 5, 4, 6, 8, 7, 8, 7, 7, 6, 6, 6, 8, 5, 6, 4, 6, 6, 6, 10, 9, 4, 7, 9, 6, 5, 9, 8, 7, 5, 9, 4, 8, 5, 7, 6, 8, 9, 6, 6, 5, 6, 6, 9, 6, 7, 10, 5, 4, 8, 7, 6, 4, 8, 10, 4, 5, 7, 5, 6, 6, 8, 8, 5, 5, 3, 7, 9]
B_26 46.129999999999995 B 66 [6, 3, 4, 2, 6, 2, 2, 6, 3, 2, 5, 3, 1, 3, 3, 5, 3, 1, 3, 5, 3, 5, 6, 3, 1, 2, 3, 4, 6, 5, 1, 3, 3, 1, 4, 1, 4, 4, 6, 3, 1, 1, 5, 3, 3, 1, 4, 6, 6, 3, 3, 4, 1, 6, 5, 1, 3, 6, 3, 3, 6, 6, 4, 5, 1, 6, 2, 4, 3, 1, 3, 3, 5, 1, 6, 6, 4, 3, 2, 5] [10, 6, 6, 5, 9, 5, 4, 10, 6, 5, 9, 6, 4, 5, 6, 7, 6, 4, 5, 7, 6, 7, 9, 6, 3, 4, 5, 8, 9, 9, 3, 7, 7, 4, 6, 4, 6, 6, 8, 5, 4, 3, 9, 7, 7, 5, 8, 10, 9, 7, 6, 7, 3, 8, 9, 3, 5, 8, 6, 7, 8, 9, 6, 8, 4, 10, 4, 7, 5, 5, 6, 5, 9, 5, 9, 9, 6, 7, 4, 9]
B_27 48.129999999999995 B 67 [3, 3, 6, 1, 5, 2, 5, 4, 5, 6, 2, 2, 1, 5, 1, 2, 3, 2, 6, 3, 6, 3, 3, 5, 2, 1, 2, 1, 1, 1, 3, 5, 1, 3, 1, 4, 4, 1, 4, 4, 6, 6, 4, 3, 5, 2, 1, 3, 5, 3, 4, 3, 6, 5, 1, 5, 6, 2, 3, 6, 4, 4, 1, 3, 3, 2, 4, 4, 3, 1, 3, 4, 2, 4, 3, 3, 4, 2, 2, 5] [7, 6, 8, 4, 7, 5, 9, 7, 8, 8, 5, 6, 4, 7, 3, 4, 7, 5, 10, 5, 9, 7, 7, 9, 6, 5, 4, 3, 4, 5, 7, 7, 4, 5, 5, 6, 7, 4, 7, 6, 8, 9, 7, 6, 7, 4, 5, 5, 7, 7, 6, 7, 9, 7, 4, 9, 9, 4, 6, 8, 8, 7, 3, 5, 5, 4, 7, 6, 5, 5, 7, 7, 6, 6, 6, 5, 6, 5, 4, 8]
B_28 49.129999999999995 B 68 [5, 1, 1, 4, 4, 6, 4, 2, 6, 3, 4, 3, 6, 1, 5, 6, 4, 1, 3, 2, 1, 4, 4, 3, 2, 4, 3, 1, 2, 4, 6, 5, 1, 6, 4, 6, 6, 1, 6, 5, 1, 4, 2, 4, 2, 5, 4, 6, 2, 5, 5, 5, 6, 5, 6, 4, 5, 2, 1, 3, 3, 2, 5, 3, 4, 3, 3, 3, 5, 2, 5, 4, 6, 2, 5, 4, 6, 2, 5, 6] [9, 4, 4, 8, 8, 8, 7, 5, 10, 7, 8, 6, 8, 5, 7, 10, 8, 5, 5, 6, 3, 8, 8, 7, 5, 7, 6, 4, 5, 8, 10, 8, 5, 9, 7, 10, 10, 3, 9, 8, 4, 8, 5, 7, 4, 8, 7, 8, 6, 8, 8, 8, 10, 7, 10, 6, 9, 4, 4, 6, 5, 4, 8, 7, 7, 5, 5, 5, 7, 4, 8, 6, 10, 6, 7, 6, 8, 4, 9, 10]
B_29 50.129999999999995 B 69 [4, 5, 1, 4, 2, 2, 4, 5, 2, 1, 1, 5, 5, 2, 2, 2, 6, 6, 6, 4, 2, 6, 6, 6, 3, 3, 5, 3, 6, 4, 5, 4, 1, 6, 4, 6, 2, 3, 1, 1, 5, 5, 2, 2, 3, 5, 1, 5, 5, 2, 6, 6, 3, 1, 6, 6, 6, 4, 6, 2, 2, 5, 3, 4, 1, 5, 1, 1, 2, 5, 1, 3, 1, 6, 1, 2, 2, 2, 3, 3] [6, 7, 3, 6, 5, 5, 6, 8, 5, 4, 5, 8, 9, 5, 5, 6, 10, 9, 10, 7, 4, 10, 9, 10, 7, 7, 7, 7, 10, 6, 8, 7, 5, 10, 8, 8, 4, 5, 4, 3, 8, 7, 6, 6, 5, 9, 5, 7, 7, 4, 9, 10, 5, 5, 9, 9, 10, 8, 9, 4, 4, 7, 7, 8, 4, 7, 5, 5, 4, 7, 3, 6, 5, 9, 5, 5, 6, 4, 6, 7]
B_30 51.129999999999995 B 70 [3, 5, 1, 2, 3, 6, 1, 3, 4, 5, 6, 1, 3, 4, 4, 5, 2, 2, 5, 3, 3, 2, 2, 2, 5, 1, 3, 1, 1, 3, 1, 4, 3, 5, 2, 3, 4, 2, 3, 1, 1, 4, 5, 4, 6, 2, 6, 2, 4, 4, 5, 6, 4, 2, 5, 1, 3, 5, 4, 3, 2, 1, 2, 6, 6, 1, 3, 3, 5, 1, 2, 2, 4, 1, 6, 2, 2, 3, 2, 2] [7, 8, 4, 4, 5, 10, 5, 7, 8, 9, 9, 4, 5, 8, 6, 9, 6, 6, 9, 7, 5, 6, 6, 4, 8, 3, 5, 3, 5, 7, 5, 8, 7, 9, 5, 6, 8, 4, 7, 4, 4, 7, 9, 7, 9, 6, 10, 5, 6, 8, 7, 9, 6, 6, 8, 5, 7, 8, 6, 6, 4, 5, 5, 10, 10, 5, 6, 7, 8, 3, 6, 4, 7, 4, 9, 6, 4, 6, 4, 5]
B_31 52.629999999999995 B 71 [3, 2, 1, 4, 6, 4, 2, 5, 2, 2, 4, 3, 1, 3, 2, 3, 1, 4, 2, 3, 3, 1, 4, 2, 4, 1, 3, 1, 4, 6, 2, 6, 4, 6, 1, 5, 1, 5, 4, 6, 6, 1, 5, 3, 4, 5, 3, 3, 1, 2, 4, 1, 5, 1, 6, 2, 5, 1, 1, 1, 1, 2, 5, 2, 2, 4, 3, 4, 4, 3, 2, 5, 2, 3, 5, 1, 3, 4, 1, 1] [5, 4, 5, 7, 9, 6, 6, 9, 4, 6, 7, 5, 5, 7, 4, 5, 3, 7, 4, 5, 7, 4, 7, 4, 6, 3, 6, 5, 6, 10, 5, 10, 6, 8, 3, 9, 3, 8, 8, 9, 8, 4, 8, 6, 7, 8, 7, 7, 3, 4, 6, 3, 8, 3, 9, 5, 9, 4, 4, 5, 5, 4, 8, 5, 5, 6, 5, 7, 6, 6, 4, 9, 4, 5, 9, 5, 5, 7, 5, 4]
B_32 53.709999999999994 B 72 [1, 3, 4, 5, 3, 3, 2, 6, 5, 3, 5, 5, 1, 5, 5, 2, 6, 3, 1, 3, 6, 3, 6, 3, 1, 1, 2, 1, 4, 5, 1, 4, 2, 2, 2, 6, 2, 5, 4, 2, 3, 5, 3, 2, 5, 3, 1, 3, 3, 2, 5, 4, 6, 5, 2, 1, 2, 4, 3, 2, 6, 5, 4, 2, 4, 4, 5, 2, 6, 1, 4, 2, 6, 3, 4, 3, 5, 5, 2, 3] [5, 6, 7, 9, 6, 5, 5, 10, 9, 7, 7, 8, 3, 9, 7, 6, 8, 7, 4, 7, 8, 5, 9, 7, 5, 5, 6, 4, 7, 8, 4, 7, 6, 4, 6, 8, 5, 8, 6, 4, 7, 8, 5, 5, 9, 5, 5, 5, 5, 5, 7, 8, 8, 9, 6, 3, 5, 8, 5, 4, 8, 9, 8, 4, 6, 6, 9, 6, 10, 5, 7, 4, 9, 5, 7, 6, 8, 7, 4, 6]
B_33 59.31999999999999 B 73 [2, 1, 4, 3, 2, 2, 1, 3, 5, 1, 1, 5, 6, 3, 3, 1, 4, 3, 5, 5, 6, 6, 3, 5, 5, 6, 1, 2, 2, 1, 5, 2, 5, 5, 3, 1, 2, 4, 6, 4, 4, 3, 2, 2, 2, 3, 4, 4, 1, 1, 1, 3, 1, 3, 2, 3, 3, 3, 6, 2, 3, 2, 4, 6, 5, 4, 1, 4, 2, 6, 1, 3, 3, 4, 1, 5, 3, 2, 5, 1] [5, 5, 6, 6, 6, 6, 5, 5, 8, 5, 3, 7, 8, 6, 6, 3, 8, 5, 9, 9, 10, 8, 7, 8, 8, 9, 3, 5, 6, 5, 7, 6, 7, 9, 5, 4, 6, 6, 10, 6, 7, 6, 6, 5, 4, 6, 8, 7, 5, 3, 3, 5, 4, 7, 5, 6, 6, 7, 10, 4, 6, 4, 8, 9, 9, 8, 5, 6, 6, 9, 4, 5, 5, 8, 4, 8, 7, 5, 9, 3]
B_34 62.99999999999999 B 74 [1, 1, 5, 5, 4, 5, 4, 6, 2, 3, 6, 2, 6, 1, 4, 6, 5, 4, 5, 6, 2, 2, 6, 4, 3, 5, 3, 4, 1, 6, 1, 3, 5, 5, 5, 2, 4, 3, 5, 6, 2, 1, 4, 1, 4, 2, 2, 5, 2, 4, 5, 6, 1, 4, 4, 2, 3, 5, 3, 3, 1, 1, 2, 3, 6, 5, 6, 3, 5, 1, 6, 5, 4, 1, 2, 6, 3, 2, 6, 2] [5, 3, 9, 7, 7, 8, 7, 8, 5, 5, 9, 5, 9, 5, 7, 8, 9, 7, 7, 8, 6, 6, 8, 8, 7, 8, 5, 6, 3, 10, 4, 6, 8, 9, 7, 6, 6, 6, 8, 9, 6, 4, 7, 4, 6, 4, 5, 9, 6, 8, 7, 10, 5, 8, 7, 6, 6, 8, 7, 5, 3, 3, 4, 7, 8, 8, 9, 6, 7, 5, 9, 9, 7, 4, 4, 9, 5, 4, 9, 6]
B_35 65.61999999999999 B 75 [1, 2, 1, 5, 5, 3, 1, 6, 4, 6, 2, 5, 1, 4, 6, 3, 5, 5, 5, 6, 4, 2, 3, 5, 5, 3, 2, 5, 3, 2, 1, 2, 1, 1, 2, 4, 5, 5, 1, 4, 3, 4, 3, 1, 4, 2, 1, 3, 1, 2, 6, 4, 4, 2, 5, 4, 4, 2, 1, 5, 4, 6, 3, 5, 2, 2, 6, 3, 4, 2, 2, 1, 3, 5, 6, 5, 6, 2, 6, 1] [5, 4, 4, 7, 9, 6, 5, 8, 7, 8, 6, 9, 4, 6, 9, 5, 8, 7, 8, 10, 6, 4, 7, 7, 9, 6, 4, 7, 5, 5, 4, 5, 5, 5, 5, 8, 8, 8, 3, 6, 7, 8, 7, 4, 6, 4, 4, 7, 4, 4, 9, 6, 6, 6, 8, 6, 6, 5, 3, 9, 7, 8, 5, 9, 4, 5, 9, 5, 6, 5, 6, 5, 6, 8, 9, 9, 10, 6, 9, 5]
B_36 68.52 B 76 [1, 6, 1, 3, 2, 6, 4, 4, 3, 2, 3, 2, 5, 5, 2, 1, 1, 6, 1, 3, 4, 5, 4, 5, 6, 1, 1, 1, 3, 2, 2, 1, 5, 4, 4, 2, 3, 2, 6, 4, 4, 3, 1, 5, 4, 3, 5, 4, 2, 1, 4, 2, 4, 4, 5, 3, 2, 4, 1, 4, 1, 2, 1, 5, 5, 2, 4, 4, 6, 2, 2, 3, 5, 3, 3, 6, 1, 1, 6, 5] [5, 8, 4, 6, 6, 9, 7, 7, 6, 5, 6, 5, 7, 8, 5, 4, 3, 8, 4, 7, 6, 7, 8, 7, 10, 3, 4, 4, 7, 4, 6, 4, 8, 7, 8, 6, 6, 5, 10, 8, 6, 5, 5, 8, 8, 6, 9, 7, 4, 4, 7, 4, 8, 6, 8, 7, 4, 7, 4, 8, 3, 4, 3, 7, 8, 5, 6, 6, 8, 6, 4, 5, 8, 7, 5, 10, 4, 4, 10, 9]
B_37 69.88 B 77 [2, 4, 6, 2, 5, 6, 2, 2, 6, 5, 1, 4, 6, 2, 5, 5, 3, 5, 1, 2, 5, 6, 5, 1, 5, 1, 5, 4, 3, 4, 4, 1, 5, 5, 4, 6, 4, 3, 4, 3, 2, 3, 3, 2, 3, 3, 2, 1, 3, 4, 4, 3, 6, 1, 2, 4, 1, 5, 2, 5, 6, 2, 1, 5, 4, 1, 3, 2, 2, 2, 3, 4, 5, 2, 2, 2, 1, 1, 2, 5] [4, 8, 10, 4, 9, 10, 5, 4, 8, 9, 5, 7, 8, 4, 7, 9, 5, 9, 3, 6, 7, 8, 9, 3, 8, 4, 9, 6, 6, 6, 8, 4, 8, 8, 6, 9, 7, 7, 7, 6, 6, 7, 5, 6, 6, 5, 5, 4, 5, 8, 8, 5, 8, 3, 5, 7, 3, 8, 5, 7, 10, 4, 5, 9, 8, 3, 7, 5, 4, 4, 6, 7, 7, 5, 4, 6, 4, 4, 4, 7]
B_38 70.88 B 78 [4, 1, 1, 2, 4, 6, 3, 3, 1, 6, 3, 6, 6, 1, 3, 1, 1, 3, 1, 4, 2, 2, 1, 6, 6, 4, 3, 5, 4, 2, 2, 5, 5, 6, 1, 2, 6, 4, 3, 2, 2, 3, 1, 1, 4, 2, 1, 5, 3, 2, 1, 1, 3, 1, 2, 5, 6, 4, 5, 2, 3, 2, 2, 5, 4, 4, 2, 2, 5, 3, 2, 1, 2, 5, 6, 6, 6, 2, 6, 4] [7, 4, 4, 4, 7, 8, 5, 5, 5, 10, 5, 10, 10, 3, 5, 3, 4, 6, 5, 8, 4, 5, 3, 8, 9, 6, 5, 7, 6, 6, 6, 7, 7, 8, 4, 6, 8, 6, 7, 6, 4, 7, 3, 4, 7, 4, 4, 8, 7, 5, 3, 4, 6, 5, 5, 7, 8, 6, 7, 4, 7, 6, 4, 8, 7, 7, 4, 4, 9, 6, 4, 5, 4, 9, 9, 9, 10, 4, 9, 6]
B_39 71.88 B 79 [2, 1, 2, 3, 4, 3, 1, 5, 2, 1, 6, 1, 2, 3, 6, 2, 3, 2, 3, 4, 1, 6, 1, 5, 6, 1, 1, 3, 5, 1, 1, 4, 3, 6, 4, 5, 6, 2, 3, 1, 5, 6, 3, 4, 3, 5, 2, 4, 5, 5, 6, 1, 5, 5, 1, 4, 2, 5, 2, 1, 2, 5, 3, 5, 4, 6, 5, 5, 6, 3, 2, 1, 3, 1, 2, 1, 5, 5, 4, 6] [4, 3, 5, 5, 7, 5, 4, 9, 4, 5, 8, 5, 6, 6, 8, 4, 7, 6, 5, 7, 5, 10, 3, 8, 8, 3, 4, 7, 9, 3, 3, 6, 5, 9, 7, 9, 9, 5, 7, 5, 8, 8, 7, 8, 5, 9, 4, 6, 7, 8, 10, 3, 8, 8, 3, 8, 6, 8, 4, 4, 5, 9, 5, 7, 8, 9, 9, 8, 10, 7, 5, 4, 6, 3, 6, 5, 9, 7, 6, 10]
