A_0 1.17 A 0 [4, 5, 6, 4, 5, 3, 3, 1, 4, 6, 1, 4, 6, 6, 4, 4, 4, 4, 6, 1, 3, 6, 6, 6, 2, 2, 4, 3, 5, 6, 6, 5, 4, 5, 1, 1, 5, 6, 3, 6, 1, 1, 6, 4, 4, 2, 2, 2, 4, 3, 5, 6, 6, 1, 5, 1, 6, 2, 4, 6, 4, 4, 6, 4, 1, 2, 6, 5, 2, 2, 2, 6, 5, 1, 4, 5, 1, 1, 5, 3] [5, 5, 6, 4, 6, 3, 5, 1, 5, 7, 2, 6, 7, 8, 6, 5, 4, 6, 8, 1, 4, 8, 7, 7, 3, 3, 6, 3, 7, 6, 8, 6, 4, 7, 2, 1, 6, 6, 4, 8, 2, 1, 7, 5, 5, 4, 4, 3, 5, 5, 7, 7, 6, 1, 6, 1, 7, 4, 6, 7, 4, 4, 8, 4, 2, 2, 8, 7, 4, 2, 3, 7, 7, 1, 4, 7, 1, 1, 7, 5]
A_1 2.17 A 1 [5, 6, 1, 5, 1, 3, 5, 4, 4, 3, 5, 3, 6, 5, 4, 1, 5, 5, 3, 3, 1, 2, 3, 2, 6, 2, 5, 5, 3, 4, 4, 3, 3, 3, 5, 1, 6, 5, 1, 2, 6, 6, 2, 2, 1, 3, 6, 6, 2, 6, 5, 4, 1, 4, 3, 5, 4, 2, 3, 5, 4, 6, 3, 4, 3, 2, 2, 2, 2, 4, 6, 1, 2, 1, 4, 6, 5, 3, 6, 5] [5, 7, 3, 6, 1, 3, 6, 6, 4, 4, 6, 5, 8, 7, 5, 3, 6, 6, 5, 4, 3, 3, 4, 2, 7, 4, 6, 5, 5, 5, 4, 5, 5, 5, 6, 1, 8, 6, 2, 3, 6, 7, 3, 4, 2, 5, 6, 7, 4, 7, 7, 5, 3, 5, 3, 7, 5, 3, 5, 7, 6, 8, 4, 4, 4, 3, 4, 2, 4, 5, 6, 1, 3, 3, 6, 8, 7, 4, 6, 6]
A_2 6.08 A 2 [6, 1, 5, 1, 3, 1, 3, 1, 2, 1, 1, 4, 3, 6, 4, 2, 3, 6, 4, 4, 3, 6, 4, 5, 3, 3, 6, 6, 3, 1, 1, 5, 4, 5, 6, 6, 1, 4, 4, 1, 5, 6, 4, 6, 4, 3, 6, 6, 3, 2, 1, 5, 5, 1, 4, 3, 1, 2, 3, 6, 2, 2, 5, 4, 4, 3, 2, 2, 4, 5, 6, 5, 1, 1, 1, 2, 1, 5, 5, 5] [6, 3, 7, 1, 5, 1, 4, 1, 4, 3, 3, 6, 5, 7, 5, 4, 5, 7, 6, 4, 5, 6, 5, 5, 4, 5, 8, 8, 5, 2, 2, 5, 5, 5, 7, 6, 3, 5, 5, 1, 7, 6, 4, 8, 5, 5, 7, 8, 5, 3, 2, 5, 6, 2, 4, 3, 3, 3, 4, 8, 3, 2, 5, 6, 4, 5, 4, 3, 4, 5, 7, 5, 1, 3, 3, 4, 2, 5, 6, 6]
A_3 7.93 A 3 [4, 5, 1, 6, 4, 3, 3, 4, 4, 5, 1, 6, 1, 2, 5, 4, 5, 1, 1, 5, 4, 5, 3, 2, 1, 1, 3, 2, 2, 6, 4, 5, 1, 2, 2, 6, 5, 6, 6, 3, 4, 4, 4, 2, 6, 2, 2, 3, 2, 5, 2, 6, 4, 4, 5, 4, 1, 2, 1, 3, 4, 6, 5, 5, 4, 6, 1, 4, 1, 6, 1, 1, 2, 5, 6, 5, 5, 4, 5, 3] [4, 6, 1, 6, 6, 4, 4, 6, 5, 6, 3, 7, 3, 2, 7, 6, 7, 3, 2, 5, 6, 5, 5, 2, 3, 2, 3, 2, 4, 7, 5, 5, 3, 4, 2, 8, 7, 7, 7, 3, 5, 4, 6, 4, 7, 4, 2, 4, 2, 6, 4, 8, 4, 4, 6, 6, 3, 4, 1, 5, 5, 7, 7, 5, 5, 7, 3, 6, 3, 7, 2, 3, 2, 7, 7, 5, 5, 6, 7, 5]
A_4 8.93 A 4 [5, 1, 3, 4, 4, 4, 5, 5, 2, 5, 3, 2, 1, 3, 1, 6, 4, 6, 5, 2, 5, 4, 2, 2, 4, 1, 4, 2, 6, 2, 1, 6, 4, 2, 1, 3, 5, 4, 3, 5, 2, 5, 5, 3, 2, 2, 2, 4, 5, 4, 2, 3, 1, 6, 3, 4, 1, 6, 1, 2, 3, 1, 2, 3, 5, 1, 6, 6, 1, 1, 6, 3, 4, 5, 6, 1, 2, 6, 1, 3] [6, 1, 5, 6, 4, 5, 6, 5, 4, 6, 3, 2, 2, 3, 1, 6, 4, 8, 7, 2, 6, 6, 2, 3, 4, 1, 6, 4, 6, 4, 1, 8, 6, 4, 3, 3, 6, 4, 5, 5, 4, 6, 5, 3, 2, 2, 2, 4, 5, 4, 3, 5, 1, 6, 3, 5, 2, 7, 1, 4, 5, 3, 4, 5, 6, 1, 8, 8, 1, 1, 8, 4, 4, 7, 7, 3, 4, 8, 2, 4]
A_5 9.93 A 5 [3, 3, 1, 3, 4, 4, 2, 1, 1, 1, 2, 3, 2, 5, 2, 3, 5, 3, 5, 5, 3, 4, 4, 1, 2, 3, 2, 4, 4, 4, 4, 4, 6, 5, 6, 5, 2, 6, 3, 5, 4, 5, 6, 2, 5, 1, 6, 1, 2, 3, 1, 1, 3, 1, 3, 6, 1, 3, 6, 2, 6, 5, 1, 2, 6, 1, 6, 2, 5, 4, 1, 2, 1, 1, 5, 3, 5, 4, 1, 1] [3, 3, 1, 4, 5, 5, 3, 3, 1, 2, 3, 5, 2, 7, 3, 5, 7, 5, 5, 6, 4, 6, 6, 1, 2, 5, 2, 4, 4, 5, 5, 4, 7, 7, 6, 6, 4, 7, 5, 5, 5, 5, 8, 3, 5, 1, 7, 3, 3, 5, 3, 1, 3, 3, 3, 8, 2, 3, 6, 2, 6, 5, 1, 2, 8, 3, 6, 2, 5, 4, 1, 3, 2, 3, 6, 3, 5, 5, 2, 2]
A_6 10.93 A 6 [3, 5, 3, 3, 5, 2, 6, 3, 6, 1, 2, 2, 6, 2, 3, 3, 2, 6, 6, 6, 3, 4, 5, 3, 3, 5, 2, 3, 2, 1, 3, 1, 1, 6, 5, 1, 3, 2, 4, 2, 1, 1, 2, 4, 5, 4, 6, 3, 3, 5, 3, 4, 5, 4, 2, 2, 3, 3, 6, 6, 4, 1, 5, 4, 4, 2, 1, 4, 6, 6, 3, 1, 6, 3, 3, 3, 3, 4, 1, 5] [5, 6, 4, 4, 6, 3, 7, 3, 6, 2, 2, 4, 7, 4, 4, 3, 2, 6, 8, 6, 3, 5, 6, 4, 4, 6, 3, 3, 3, 1, 4, 3, 2, 6, 7, 3, 5, 3, 4, 4, 3, 2, 4, 6, 5, 6, 8, 3, 4, 5, 5, 6, 7, 6, 3, 2, 4, 5, 8, 6, 5, 1, 7, 5, 5, 3, 3, 6, 7, 7, 3, 3, 8, 4, 3, 5, 5, 5, 1, 5]
A_7 12.54 A 7 [1, 4, 1, 4, 5, 1, 3, 2, 6, 3, 1, 4, 4, 1, 5, 6, 3, 6, 4, 1, 5, 3, 3, 4, 3, 2, 3, 2, 5, 6, 4, 3, 4, 6, 6, 6, 3, 4, 2, 3, 2, 3, 3, 4, 3, 5, 4, 2, 6, 1, 2, 2, 5, 4, 5, 3, 5, 6, 3, 5, 6, 3, 4, 1, 1, 3, 2, 1, 1, 4, 5, 1, 2, 3, 2, 4, 3, 2, 4, 5] [1, 6, 1, 6, 5, 3, 3, 3, 6, 4, 3, 6, 4, 3, 7, 8, 5, 7, 4, 3, 7, 4, 3, 4, 3, 2, 5, 3, 5, 6, 5, 3, 6, 7, 8, 8, 3, 6, 4, 5, 3, 3, 4, 4, 4, 5, 4, 4, 7, 2, 2, 3, 7, 4, 5, 5, 6, 6, 3, 6, 8, 5, 5, 1, 1, 4, 4, 1, 1, 4, 7, 3, 3, 4, 3, 6, 5, 4, 5, 7]
A_8 14.5 A 8 [4, 4, 2, 4, 2, 1, 6, 6, 4, 6, 5, 6, 5, 2, 5, 5, 3, 1, 6, 2, 3, 2, 6, 2, 6, 2, 5, 2, 3, 3, 6, 2, 1, 3, 3, 6, 4, 6, 3, 3, 6, 2, 6, 5, 3, 6, 2, 3, 5, 3, 4, 3, 2, 1, 1, 3, 3, 2, 1, 1, 5, 5, 3, 2, 4, 3, 4, 6, 2, 4, 2, 1, 3, 1, 2, 4, 2, 3, 3, 4] [5, 4, 4, 5, 4, 1, 6, 6, 4, 6, 5, 6, 6, 4, 5, 7, 4, 1, 6, 2, 5, 4, 7, 2, 8, 3, 6, 2, 4, 4, 7, 4, 3, 4, 4, 7, 6, 8, 3, 4, 6, 3, 8, 5, 3, 6, 3, 4, 7, 3, 4, 3, 3, 2, 3, 4, 5, 3, 3, 2, 6, 5, 3, 2, 4, 5, 5, 6, 2, 4, 2, 3, 3, 3, 2, 5, 4, 4, 5, 6]
A_9 17.06 A 9 [6, 3, 1, 5, 5, 1, 1, 3, 6, 1, 3, 3, 1, 6, 3, 3, 6, 3, 5, 3, 5, 6, 2, 3, 2, 5, 5, 4, 6, 3, 3, 2, 5, 5, 4, 6, 2, 6, 6, 3, 4, 6, 1, 1, 3, 3, 6, 4, 4, 2, 4, 2, 2, 6, 2, 3, 1, 2, 6, 6, 3, 6, 1, 6, 6, 2, 5, 1, 2, 5, 5, 2, 2, 2, 1, 4, 5, 4, 4, 1] [7, 4, 3, 6, 6, 2, 2, 4, 6, 1, 4, 5, 1, 7, 5, 3, 6, 3, 7, 3, 6, 7, 4, 3, 3, 5, 5, 4, 8, 3, 3, 3, 5, 7, 4, 7, 3, 6, 8, 5, 6, 7, 1, 1, 3, 3, 8, 4, 4, 4, 6, 3, 2, 7, 3, 4, 3, 4, 8, 7, 4, 8, 3, 7, 6, 4, 6, 3, 4, 7, 7, 2, 4, 4, 1, 5, 5, 5, 5, 3]
A_10 18.97 A 10 [1, 5, 1, 1, 3, 2, 2, 1, 5, 3, 6, 6, 3, 3, 6, 1, 6, 5, 2, 1, 5, 2, 4, 2, 1, 3, 1, 3, 6, 2, 6, 5, 4, 1, 5, 2, 1, 6, 3, 5, 2, 1, 3, 4, 6, 6, 6, 4, 6, 2, 1, 5, 3, 3, 6, 1, 5, 1, 5, 1, 3, 5, 6, 3, 3, 5, 3, 2, 5, 6, 6, 4, 6, 2, 5, 1, 1, 1, 1, 4] [2, 6, 3, 3, 3, 3, 2, 3, 5, 4, 8, 7, 4, 5, 6, 1, 6, 5, 4, 2, 6, 3, 4, 2, 2, 3, 3, 4, 7, 2, 7, 5, 6, 2, 6, 2, 2, 6, 3, 6, 3, 3, 4, 5, 6, 8, 6, 4, 7, 2, 3, 5, 4, 5, 6, 2, 6, 1, 5, 3, 4, 6, 7, 3, 4, 6, 3, 3, 7, 8, 8, 5, 6, 2, 6, 3, 1, 3, 3, 4]
A_11 19.97 A 11 [4, 3, 4, 6, 2, 3, 2, 4, 6, 3, 6, 1, 5, 4, 6, 6, 6, 1, 4, 1, 4, 3, 4, 3, 4, 3, 6, 4, 2, 6, 6, 1, 4, 2, 2, 1, 3, 6, 4, 6, 3, 6, 2, 2, 1, 3, 6, 2, 2, 4, 1, 1, 3, 1, 2, 5, 3, 2, 3, 5, 2, 1, 4, 6, 6, 5, 4, 2, 2, 3, 3, 2, 4, 1, 3, 3, 5, 3, 3, 1] [6, 5, 6, 7, 2, 5, 4, 6, 6, 5, 7, 2, 5, 5, 8, 7, 7, 2, 5, 1, 6, 5, 5, 3, 6, 5, 7, 4, 4, 7, 7, 1, 5, 4, 2, 1, 3, 7, 6, 8, 4, 6, 4, 2, 2, 5, 6, 3, 4, 6, 3, 1, 4, 2, 4, 7, 5, 3, 3, 6, 2, 2, 5, 8, 8, 6, 5, 2, 3, 5, 5, 3, 4, 2, 5, 4, 7, 4, 4, 2]
A_12 24.45 A 12 [6, 6, 3, 1, 1, 2, 6, 4, 5, 1, 3, 5, 6, 1, 1, 1, 6, 5, 2, 1, 6, 3, 4, 1, 1, 5, 5, 5, 1, 4, 1, 1, 2, 5, 3, 3, 1, 3, 3, 2, 3, 2, 1, 6, 6, 4, 6, 4, 6, 1, 5, 5, 1, 6, 4, 3, 3, 3, 4, 3, 3, 2, 5, 6, 1, 4, 4, 5, 5, 6, 4, 4, 5, 2, 4, 5, 1, 1, 2, 5] [7, 8, 5, 3, 2, 2, 7, 4, 6, 1, 4, 5, 7, 3, 1, 1, 6, 7, 3, 2, 7, 3, 5, 3, 3, 7, 6, 7, 3, 6, 1, 1, 4, 5, 5, 5, 2, 5, 3, 2, 3, 3, 2, 8, 7, 6, 6, 5, 7, 2, 5, 6, 3, 7, 6, 4, 3, 3, 5, 4, 5, 4, 7, 8, 3, 4, 6, 5, 7, 7, 6, 6, 5, 2, 6, 5, 2, 2, 3, 7]
A_13 25.75 A 13 [6, 5, 6, 2, 3, 5, 2, 1, 2, 6, 3, 4, 1, 4, 1, 6, 1, 6, 4, 2, 5, 3, 4, 3, 4, 4, 1, 2, 5, 2, 5, 2, 3, 1, 3, 1, 5, 3, 4, 3, 1, 4, 2, 1, 3, 2, 6, 5, 2, 5, 1, 1, 2, 2, 3, 1, 6, 1, 2, 5, 2, 4, 5, 6, 2, 1, 2, 5, 1, 5, 6, 1, 2, 3, 3, 6, 6, 3, 2, 5] [8, 7, 7, 2, 3, 7, 4, 3, 4, 7, 5, 5, 3, 4, 3, 8, 2, 8, 5, 3, 6, 3, 6, 3, 5, 6, 3, 3, 5, 4, 5, 2, 4, 2, 3, 2, 6, 5, 6, 3, 1, 6, 4, 2, 4, 2, 7, 5, 2, 7, 3, 3, 4, 3, 4, 3, 8, 3, 3, 6, 4, 4, 6, 8, 4, 1, 2, 7, 1, 6, 7, 1, 4, 4, 3, 7, 8, 4, 3, 5]
A_14 26.75 A 14 [4, 4, 4, 5, 1, 2, 3, 5, 5, 3, 6, 6, 1, 1, 4, 4, 1, 2, 2, 5, 4, 1, 2, 4, 4, 6, 4, 5, 3, 5, 1, 1, 3, 1, 4, 2, 1, 2, 3, 2, 2, 3, 3, 5, 3, 6, 6, 6, 1, 2, 6, 2, 4, 3, 2, 5, 4, 4, 6, 1, 4, 2, 2, 6, 2, 3, 5, 4, 3, 3, 3, 3, 4, 4, 4, 3, 5, 5, 5, 6] [6, 5, 5, 7, 1, 3, 4, 7, 5, 5, 6, 8, 1, 3, 4, 5, 1, 4, 2, 5, 5, 3, 3, 5, 6, 8, 6, 7, 3, 7, 3, 1, 3, 1, 5, 4, 3, 2, 3, 4, 3, 5, 5, 7, 5, 7, 8, 8, 1, 2, 6, 4, 5, 4, 3, 5, 5, 6, 6, 1, 6, 3, 2, 7, 3, 3, 5, 5, 4, 4, 4, 4, 5, 5, 5, 5, 5, 7, 5, 7]
A_15 29.35 A 15 [4, 1, 2, 4, 6, 3, 3, 6, 5, 3, 1, 6, 1, 6, 4, 2, 6, 1, 1, 5, 5, 4, 4, 6, 4, 4, 5, 1, 1, 1, 4, 6, 5, 4, 2, 2, 1, 2, 4, 4, 3, 4, 5, 2, 3, 5, 5, 5, 4, 3, 1, 3, 4, 1, 3, 2, 3, 1, 5, 2, 6, 1, 2, 5, 3, 6, 2, 3, 1, 4, 2, 1, 5, 4, 1, 6, 5, 6, 3, 2] [5, 3, 4, 6, 6, 5, 3, 8, 7, 3, 1, 7, 1, 8, 5, 2, 7, 1, 3, 6, 6, 6, 4, 8, 6, 6, 6, 3, 2, 3, 4, 7, 7, 5, 3, 4, 1, 3, 4, 4, 3, 4, 6, 4, 3, 5, 5, 5, 4, 5, 1, 5, 5, 2, 5, 4, 3, 1, 6, 2, 6, 3, 4, 5, 5, 7, 2, 3, 1, 6, 4, 2, 6, 4, 3, 7, 7, 7, 5, 3]
A_16 31.380000000000003 A 16 [4, 5, 3, 5, 4, 5, 2, 3, 3, 6, 6, 6, 6, 1, 1, 6, 6, 3, 6, 4, 1, 3, 1, 5, 6, 6, 3, 5, 4, 4, 3, 1, 1, 1, 2, 4, 5, 5, 6, 5, 3, 4, 5, 2, 6, 1, 1, 4, 2, 4, 6, 5, 4, 6, 5, 5, 2, 5, 4, 1, 4, 6, 5, 5, 4, 3, 5, 4, 4, 3, 6, 1, 6, 2, 5, 5, 5, 4, 4, 4] [4, 6, 5, 7, 4, 7, 2, 5, 4, 6, 6, 7, 6, 2, 1, 7, 6, 5, 8, 5, 1, 3, 2, 6, 7, 8, 3, 6, 4, 4, 5, 3, 2, 1, 2, 4, 6, 6, 8, 6, 5, 5, 6, 4, 8, 3, 1, 5, 2, 6, 6, 6, 5, 8, 5, 5, 4, 5, 6, 1, 6, 7, 5, 6, 6, 4, 6, 4, 5, 5, 8, 2, 7, 2, 7, 6, 5, 6, 6, 4]
A_17 39.980000000000004 A 17 [4, 5, 6, 1, 6, 3, 6, 6, 1, 3, 5, 1, 5, 6, 2, 1, 3, 6, 1, 2, 6, 1, 6, 3, 6, 2, 5, 6, 5, 5, 2, 1, 5, 5, 5, 2, 4, 6, 2, 3, 6, 4, 4, 1, 3, 6, 5, 1, 3, 1, 2, 4, 6, 4, 2, 5, 1, 6, 4, 2, 3, 1, 4, 2, 6, 1, 2, 4, 4, 2, 5, 3, 6, 4, 5, 3, 4, 4, 5, 5] [6, 6, 7, 3, 8, 5, 6, 7, 1, 3, 5, 2, 7, 8, 4, 1, 5, 7, 1, 4, 6, 3, 7, 4, 8, 2, 7, 8, 5, 6, 2, 3, 7, 7, 5, 2, 6, 7, 3, 5, 8, 4, 5, 2, 4, 7, 5, 1, 5, 3, 3, 6, 7, 5, 4, 5, 3, 7, 5, 4, 4, 3, 5, 2, 6, 1, 4, 4, 6, 3, 6, 5, 8, 6, 5, 3, 6, 6, 7, 6]
A_18 40.980000000000004 A 18 [6, 3, 4, 1, 5, 5, 6, 4, 6, 5, 2, 4, 2, 4, 2, 1, 6, 1, 3, 3, 3, 3, 3, 2, 5, 6, 6, 3, 3, 6, 4, 2, 4, 5, 2, 1, 1, 2, 6, 6, 3, 2, 1, 5, 4, 2, 3, 3, 3, 1, 5, 6, 3, 1, 3, 2, 4, 1, 1, 5, 4, 4, 3, 2, 1, 1, 6, 5, 2, 5, 6, 4, 5, 2, 4, 6, 6, 2, 3, 6] [8, 5, 6, 2, 7, 5, 8, 4, 6, 7, 4, 5, 3, 5, 2, 3, 8, 1, 4, 3, 4, 5, 4, 3, 5, 8, 7, 5, 3, 7, 6, 3, 6, 5, 2, 3, 2, 2, 7, 6, 3, 3, 3, 6, 6, 3, 4, 4, 4, 2, 5, 7, 3, 1, 5, 2, 6, 1, 2, 5, 5, 4, 5, 3, 2, 2, 6, 7, 2, 7, 7, 6, 6, 4, 4, 6, 7, 4, 5, 6]
A_19 41.980000000000004 A 19 [1, 3, 4, 5, 2, 5, 6, 1, 2, 3, 1, 1, 1, 2, 5, 5, 4, 2, 3, 1, 3, 3, 5, 2, 3, 4, 5, 5, 4, 2, 2, 2, 5, 4, 2, 6, 1, 1, 2, 5, 4, 4, 5, 4, 5, 6, 3, 3, 2, 6, 4, 6, 5, 4, 1, 6, 3, 4, 4, 5, 3, 3, 1, 2, 4, 3, 5, 2, 4, 5, 6, 6, 5, 6, 2, 1, 6, 2, 1, 2] [1, 4, 4, 5, 2, 6, 6, 3, 2, 3, 2, 1, 2, 3, 5, 6, 5, 4, 3, 3, 4, 3, 7, 2, 4, 6, 6, 6, 5, 3, 2, 2, 5, 4, 3, 8, 1, 1, 3, 6, 5, 4, 6, 5, 6, 7, 3, 3, 3, 7, 4, 7, 5, 4, 1, 8, 5, 4, 4, 5, 4, 3, 2, 3, 4, 3, 5, 2, 6, 6, 7, 6, 6, 7, 3, 1, 8, 2, 2, 2]
A_20 42.980000000000004 A 20 [3, 1, 3, 4, 5, 3, 3, 5, 3, 5, 5, 4, 6, 5, 4, 5, 1, 6, 3, 3, 1, 4, 5, 1, 6, 1, 1, 1, 1, 3, 3, 3, 1, 3, 5, 6, 6, 6, 5, 6, 3, 1, 6, 4, 5, 5, 5, 6, 2, 5, 1, 6, 2, 2, 5, 6, 3, 3, 5, 4, 3, 2, 2, 2, 6, 5, 1, 5, 1, 5, 1, 2, 4, 5, 6, 5, 4, 4, 1, 6] [4, 3, 5, 6, 6, 4, 3, 7, 5, 6, 6, 6, 7, 6, 5, 6, 1, 6, 4, 4, 3, 5, 6, 2, 7, 1, 1, 2, 3, 3, 4, 5, 2, 3, 6, 7, 8, 8, 5, 7, 4, 2, 8, 5, 5, 5, 7, 8, 2, 7, 1, 8, 3, 4, 7, 8, 3, 5, 6, 5, 5, 4, 4, 2, 7, 5, 2, 6, 1, 6, 1, 3, 6, 7, 7, 7, 4, 4, 3, 7]
A_21 43.980000000000004 A 21 [6, 2, 6, 5, 4, 4, 4, 3, 2, 6, 2, 3, 3, 3, 1, 4, 3, 1, 3, 3, 4, 3, 6, 3, 2, 2, 3, 6, 6, 4, 6, 2, 5, 5, 1, 1, 2, 2, 4, 1, 5, 4, 6, 3, 1, 4, 1, 6, 1, 6, 4, 3, 2, 6, 6, 6, 6, 4, 3, 4, 1, 6, 5, 6, 2, 5, 6, 5, 2, 4, 5, 1, 1, 6, 4, 6, 6, 5, 5, 1] [8, 3, 6, 5, 6, 6, 5, 4, 4, 7, 3, 5, 3, 3, 3, 6, 3, 3, 5, 3, 5, 5, 8, 4, 2, 4, 4, 7, 7, 6, 6, 4, 5, 6, 2, 3, 3, 2, 4, 2, 6, 6, 7, 3, 2, 6, 2, 6, 2, 6, 4, 4, 3, 7, 8, 8, 8, 6, 5, 4, 2, 6, 6, 8, 4, 6, 8, 6, 3, 6, 6, 3, 1, 7, 6, 7, 6, 7, 5, 1]
A_22 44.980000000000004 A 22 [6, 3, 4, 3, 2, 4, 5, 3, 6, 2, 4, 4, 4, 4, 2, 4, 1, 6, 3, 5, 5, 6, 5, 4, 1, 2, 2, 6, 3, 6, 3, 2, 4, 1, 5, 1, 6, 2, 4, 3, 3, 1, 3, 3, 1, 4, 5, 4, 3, 1, 5, 6, 3, 2, 3, 2, 2, 2, 4, 3, 1, 1, 3, 3, 4, 2, 6, 1, 5, 2, 6, 2, 3, 5, 2, 2, 6, 5, 3, 2] [7, 4, 5, 5, 2, 6, 6, 3, 7, 4, 4, 5, 5, 6, 3, 4, 2, 7, 4, 7, 6, 8, 6, 4, 3, 3, 4, 7, 3, 7, 4, 2, 6, 1, 6, 1, 7, 2, 6, 4, 4, 2, 4, 5, 2, 6, 6, 4, 5, 2, 6, 8, 3, 2, 3, 2, 4, 4, 4, 5, 2, 2, 4, 5, 5, 2, 8, 1, 6, 4, 8, 2, 5, 6, 2, 2, 8, 6, 5, 3]
A_23 46.7 A 23 [6, 2, 5, 2, 2, 1, 3, 4, 2, 3, 2, 3, 1, 3, 4, 6, 5, 3, 2, 2, 1, 3, 4, 6, 4, 1, 1, 2, 3, 5, 6, 3, 1, 2, 1, 2, 6, 5, 1, 3, 1, 2, 4, 3, 1, 3, 5, 6, 2, 2, 2, 3, 6, 4, 4, 6, 3, 3, 5, 3, 2, 6, 3, 2, 2, 2, 3, 2, 2, 2, 6, 3, 6, 2, 4, 4, 1, 2, 2, 3] [7, 2, 5, 2, 3, 1, 4, 4, 2, 3, 2, 3, 3, 3, 5, 8, 6, 4, 3, 2, 2, 4, 4, 7, 4, 3, 2, 4, 3, 5, 8, 3, 2, 2, 1, 3, 7, 6, 3, 4, 2, 2, 5, 4, 3, 4, 7, 8, 2, 4, 2, 4, 8, 4, 5, 7, 3, 4, 5, 3, 2, 8, 3, 3, 2, 2, 5, 3, 2, 3, 6, 4, 8, 4, 6, 5, 2, 4, 3, 4]
A_24 48.84 A 24 [2, 6, 3, 1, 4, 2, 3, 3, 6, 2, 1, 4, 1, 4, 4, 4, 6, 6, 5, 3, 6, 2, 1, 4, 3, 2, 2, 1, 3, 3, 6, 3, 5, 3, 6, 3, 6, 2, 6, 2, 2, 1, 1, 5, 6, 2, 1, 2, 4, 1, 3, 5, 2, 1, 4, 1, 3, 3, 3, 4, 6, 3, 1, 3, 3, 2, 2, 2, 6, 5, 1, 1, 1, 2, 1, 5, 6, 6, 4, 5] [3, 7, 4, 3, 4, 2, 4, 3, 8, 3, 2, 6, 3, 5, 6, 6, 7, 8, 5, 4, 7, 2, 3, 4, 4, 2, 2, 1, 3, 5, 7, 5, 6, 4, 7, 5, 7, 2, 7, 4, 4, 3, 3, 5, 7, 2, 2, 2, 5, 1, 3, 5, 4, 3, 6, 2, 4, 3, 4, 6, 6, 5, 1, 4, 3, 2, 2, 3, 6, 6, 1, 2, 2, 3, 1, 6, 7, 8, 6, 7]
A_25 49.84 A 25 [2, 2, 3, 1, 1, 3, 5, 2, 2, 5, 3, 3, 5, 4, 6, 4, 6, 2, 6, 4, 1, 2, 2, 1, 2, 2, 1, 3, 2, 5, 2, 5, 3, 2, 5, 5, 3, 5, 5, 4, 5, 6, 5, 3, 5, 1, 5, 5, 3, 1, 6, 5, 5, 1, 2, 2, 3, 4, 4, 5, 3, 6, 3, 4, 2, 3, 3, 4, 3, 3, 3, 2, 6, 6, 6, 4, 5, 6, 3, 3] [3, 4, 5, 2, 1, 5, 6, 2, 3, 5, 3, 5, 7, 6, 8, 6, 8, 2, 8, 6, 1, 4, 3, 3, 2, 3, 1, 4, 4, 5, 3, 7, 3, 4, 6, 7, 4, 7, 5, 5, 7, 8, 7, 5, 5, 2, 6, 6, 4, 3, 7, 5, 7, 3, 3, 2, 5, 6, 4, 5, 3, 8, 5, 4, 2, 5, 5, 6, 4, 4, 3, 2, 6, 7, 6, 5, 5, 6, 4, 3]
A_26 50.84 A 26 [4, 5, 6, 3, 4, 2, 2, 3, 5, 5, 1, 6, 5, 1, 4, 5, 3, 5, 6, 5, 1, 3, 2, 1, 2, 1, 6, 3, 6, 1, 2, 1, 2, 3, 1, 1, 5, 4, 5, 5, 6, 2, 4, 2, 4, 6, 2, 3, 6, 3, 5, 6, 6, 3, 3, 5, 4, 5, 2, 4, 6, 2, 2, 2, 4, 4, 4, 4, 4, 4, 2, 6, 6, 1, 3, 3, 6, 2, 5, 1] [6, 6, 8, 3, 6, 2, 3, 5, 6, 5, 3, 7, 6, 3, 6, 6, 3, 7, 7, 6, 1, 4, 4, 2, 2, 1, 6, 4, 8, 1, 3, 1, 2, 3, 2, 3, 6, 4, 7, 6, 8, 3, 4, 4, 6, 6, 3, 5, 6, 5, 7, 7, 6, 4, 3, 7, 4, 7, 2, 4, 6, 3, 4, 4, 6, 4, 6, 4, 6, 6, 4, 8, 7, 1, 4, 5, 8, 3, 6, 3]
A_27 51.84 A 27 [3, 5, 6, 2, 2, 4, 3, 2, 2, 4, 3, 4, 5, 2, 5, 1, 5, 6, 3, 5, 1, 6, 6, 2, 1, 3, 3, 5, 6, 6, 1, 5, 2, 6, 2, 4, 1, 6, 2, 4, 5, 4, 4, 6, 2, 6, 2, 4, 5, 3, 5, 6, 2, 6, 6, 4, 5, 2, 5, 1, 2, 3, 6, 5, 6, 1, 5, 5, 6, 2, 1, 6, 4, 6, 1, 4, 3, 1, 1, 5] [3, 5, 8, 2, 4, 4, 3, 3, 2, 4, 4, 4, 7, 3, 7, 3, 6, 8, 5, 6, 2, 7, 7, 4, 1, 4, 4, 5, 7, 7, 3, 5, 2, 8, 4, 6, 2, 6, 4, 5, 5, 6, 4, 6, 2, 7, 2, 5, 7, 5, 5, 7, 2, 8, 6, 4, 6, 3, 7, 3, 3, 3, 8, 7, 7, 2, 6, 6, 8, 2, 1, 6, 6, 7, 1, 5, 5, 3, 1, 7]
A_28 52.84 A 28 [5, 3, 3, 2, 6, 4, 2, 5, 3, 6, 6, 2, 1, 5, 3, 1, 4, 5, 3, 4, 1, 6, 3, 3, 3, 2, 6, 6, 2, 5, 4, 4, 2, 5, 1, 1, 6, 5, 2, 5, 3, 6, 6, 2, 5, 3, 6, 1, 5, 1, 1, 1, 1, 6, 4, 3, 5, 2, 5, 4, 2, 4, 6, 3, 6, 4, 2, 3, 6, 4, 3, 2, 3, 4, 6, 6, 4, 6, 3, 1] [7, 5, 5, 4, 6, 4, 3, 5, 4, 8, 7, 4, 3, 5, 3, 2, 4, 5, 3, 5, 3, 7, 3, 3, 3, 4, 8, 7, 3, 6, 6, 4, 4, 7, 1, 1, 8, 7, 2, 6, 4, 6, 8, 2, 7, 4, 6, 3, 6, 2, 3, 3, 1, 8, 4, 3, 6, 3, 6, 6, 3, 6, 8, 3, 6, 6, 3, 3, 8, 6, 5, 4, 4, 4, 6, 8, 4, 6, 5, 3]
A_29 54.46 A 29 [6, 4, 1, 6, 2, 4, 1, 6, 3, 3, 2, 6, 4, 2, 5, 1, 4, 5, 6, 2, 3, 4, 6, 5, 3, 5, 1, 6, 5, 6, 6, 2, 1, 4, 6, 3, 5, 6, 4, 3, 4, 5, 3, 5, 5, 5, 1, 1, 5, 3, 6, 4, 1, 1, 4, 3, 1, 4, 4, 1, 3, 6, 1, 1, 5, 4, 3, 2, 1, 4, 3, 1, 2, 3, 6, 2, 3, 2, 1, 3] [6, 5, 2, 7, 4, 5, 1, 6, 4, 3, 2, 7, 6, 4, 7, 3, 4, 6, 7, 3, 3, 6, 7, 5, 5, 5, 1, 7, 6, 8, 7, 4, 2, 5, 8, 3, 7, 7, 5, 5, 6, 6, 3, 7, 6, 6, 2, 3, 7, 4, 7, 5, 1, 1, 6, 3, 1, 6, 4, 1, 4, 6, 3, 3, 5, 5, 4, 4, 3, 6, 5, 3, 2, 4, 7, 4, 4, 2, 2, 4]
A_30 55.46 A 30 [6, 4, 1, 4, 1, 4, 3, 4, 6, 3, 6, 6, 1, 5, 1, 4, 3, 2, 4, 2, 3, 6, 3, 6, 6, 2, 2, 1, 4, 6, 4, 6, 2, 5, 2, 2, 4, 2, 6, 2, 4, 6, 5, 3, 1, 2, 3, 6, 3, 6, 1, 5, 1, 1, 5, 2, 3, 3, 1, 6, 4, 4, 1, 3, 5, 4, 4, 5, 1, 2, 3, 4, 1, 1, 3, 5, 3, 3, 6, 6] [8, 4, 2, 5, 1, 5, 4, 5, 7, 3, 7, 7, 1, 5, 3, 4, 5, 2, 6, 2, 4, 6, 4, 8, 7, 3, 3, 3, 6, 7, 6, 7, 3, 5, 2, 4, 5, 2, 7, 3, 4, 8, 5, 5, 2, 4, 5, 7, 4, 8, 1, 6, 3, 2, 6, 2, 5, 5, 3, 6, 4, 4, 3, 3, 5, 6, 6, 6, 1, 4, 3, 6, 3, 1, 5, 7, 4, 5, 8, 7]
A_31 61.03 A 31 [5, 3, 5, 5, 6, 4, 1, 3, 2, 2, 5, 1, 1, 2, 1, 6, 1, 1, 2, 2, 3, 2, 2, 3, 3, 5, 1, 5, 4, 2, 6, 5, 2, 5, 1, 6, 3, 3, 3, 1, 5, 1, 2, 1, 4, 5, 6, 1, 5, 6, 5, 3, 6, 5, 2, 5, 3, 6, 5, 4, 1, 3, 5, 3, 1, 5, 1, 3, 5, 6, 5, 2, 3, 1, 5, 3, 2, 3, 5, 3] [6, 5, 5, 5, 8, 4, 3, 3, 4, 3, 5, 1, 1, 2, 1, 7, 3, 3, 3, 2, 5, 4, 2, 3, 5, 7, 1, 5, 4, 4, 7, 6, 2, 5, 1, 8, 4, 4, 5, 1, 7, 2, 3, 3, 4, 6, 8, 1, 5, 8, 5, 4, 8, 7, 4, 5, 3, 7, 7, 6, 2, 5, 5, 5, 2, 5, 2, 3, 5, 8, 6, 2, 5, 3, 7, 3, 2, 5, 6, 3]
A_32 62.03 A 32 [4, 3, 4, 1, 4, 6, 1, 4, 1, 5, 4, 4, 2, 3, 3, 5, 1, 5, 4, 5, 1, 5, 4, 1, 5, 3, 2, 2, 2, 1, 2, 2, 3, 3, 1, 2, 1, 1, 3, 1, 1, 2, 5, 4, 2, 6, 6, 6, 4, 3, 5, 1, 5, 6, 1, 3, 6, 1, 2, 1, 2, 2, 6, 1, 3, 1, 6, 5, 2, 2, 6, 6, 6, 4, 3, 5, 1, 4, 6, 6] [4, 5, 5, 3, 6, 7, 2, 6, 3, 5, 6, 5, 4, 4, 3, 7, 2, 7, 6, 5, 2, 5, 6, 2, 6, 3, 2, 2, 4, 2, 3, 2, 5, 4, 1, 2, 3, 2, 5, 2, 2, 4, 5, 6, 4, 8, 7, 6, 5, 4, 7, 2, 6, 7, 1, 4, 7, 3, 3, 1, 4, 2, 8, 3, 4, 3, 7, 6, 3, 2, 7, 7, 8, 4, 4, 5, 3, 4, 6, 8]
A_33 63.27 A 33 [5, 3, 5, 2, 2, 5, 6, 6, 3, 5, 1, 2, 5, 1, 1, 4, 1, 5, 5, 4, 3, 5, 1, 2, 3, 2, 3, 6, 5, 4, 5, 5, 3, 1, 2, 5, 6, 2, 1, 6, 2, 6, 6, 2, 2, 5, 1, 1, 2, 6, 4, 6, 6, 1, 3, 2, 2, 4, 1, 4, 6, 3, 4, 5, 3, 2, 2, 2, 4, 3, 6, 5, 3, 3, 5, 2, 2, 5, 2, 3] [7, 5, 5, 4, 4, 7, 6, 7, 4, 7, 2, 4, 5, 2, 1, 5, 1, 7, 5, 4, 3, 6, 1, 2, 4, 4, 3, 8, 7, 5, 5, 5, 4, 2, 4, 7, 6, 3, 1, 6, 2, 8, 7, 2, 3, 7, 3, 3, 3, 6, 5, 6, 6, 3, 4, 3, 3, 4, 2, 5, 8, 3, 5, 5, 3, 2, 4, 4, 4, 4, 8, 7, 3, 4, 5, 2, 2, 6, 3, 3]
A_34 64.29 A 34 [1, 5, 6, 2, 1, 6, 5, 6, 3, 4, 5, 2, 3, 3, 4, 2, 2, 5, 2, 2, 5, 1, 5, 1, 6, 5, 1, 2, 1, 6, 2, 1, 1, 2, 1, 3, 2, 6, 3, 1, 4, 2, 1, 4, 5, 5, 1, 6, 1, 3, 2, 2, 5, 1, 5, 6, 4, 1, 3, 2, 2, 4, 5, 4, 5, 2, 5, 5, 4, 2, 6, 1, 6, 6, 3, 3, 4, 6, 6, 2] [2, 6, 7, 2, 3, 6, 7, 8, 4, 4, 6, 2, 5, 3, 5, 3, 2, 5, 2, 3, 6, 2, 6, 1, 7, 6, 2, 4, 1, 8, 2, 1, 1, 4, 2, 4, 3, 8, 4, 1, 4, 4, 2, 4, 6, 7, 3, 7, 1, 5, 3, 4, 6, 3, 7, 6, 4, 1, 5, 2, 4, 4, 5, 5, 7, 3, 5, 5, 4, 2, 8, 1, 7, 6, 3, 3, 4, 6, 8, 2]
A_35 65.29 A 35 [1, 1, 6, 6, 3, 5, 1, 6, 6, 6, 2, 1, 3, 1, 2, 2, 4, 2, 1, 6, 6, 1, 1, 2, 3, 5, 1, 4, 1, 3, 2, 6, 2, 5, 3, 3, 2, 4, 3, 2, 3, 1, 1, 3, 1, 5, 3, 4, 4, 6, 4, 1, 2, 3, 3, 4, 5, 1, 4, 6, 5, 3, 4, 6, 2, 3, 3, 4, 1, 5, 6, 5, 5, 2, 6, 3, 5, 6, 6, 4] [1, 1, 6, 8, 3, 6, 3, 8, 7, 7, 2, 1, 5, 2, 4, 4, 4, 2, 3, 8, 7, 3, 1, 3, 5, 7, 3, 6, 1, 3, 4, 8, 2, 7, 4, 4, 4, 4, 4, 2, 3, 1, 1, 4, 1, 5, 5, 5, 6, 8, 5, 3, 4, 3, 4, 5, 6, 2, 5, 6, 6, 3, 5, 8, 3, 4, 5, 5, 1, 7, 7, 7, 6, 2, 6, 5, 5, 6, 6, 6]
A_36 66.29 A 36 [5, 6, 1, 5, 5, 2, 3, 3, 4, 2, 1, 3, 1, 5, 1, 1, 5, 4, 1, 1, 6, 2, 6, 6, 6, 3, 5, 1, 6, 5, 4, 3, 1, 6, 2, 2, 6, 5, 3, 5, 6, 3, 2, 4, 3, 1, 4, 5, 3, 1, 5, 1, 5, 5, 1, 2, 1, 3, 1, 2, 6, 1, 6, 6, 3, 3, 6, 5, 6, 3, 2, 4, 2, 4, 5, 4, 6, 4, 6, 4] [6, 8, 3, 7, 6, 4, 5, 3, 6, 3, 2, 3, 2, 6, 3, 1, 6, 6, 2, 1, 8, 3, 7, 7, 7, 4, 6, 2, 8, 7, 5, 4, 3, 6, 3, 4, 8, 6, 4, 5, 7, 5, 4, 6, 5, 2, 6, 5, 4, 1, 6, 1, 7, 5, 3, 4, 1, 4, 1, 3, 8, 1, 7, 6, 5, 5, 8, 7, 8, 3, 3, 5, 3, 5, 5, 6, 7, 4, 6, 5]
A_37 69.9 A 37 [6, 5, 4, 6, 4, 6, 2, 4, 6, 6, 6, 6, 3, 3, 2, 2, 5, 6, 2, 1, 6, 2, 2, 5, 2, 5, 4, 6, 5, 6, 2, 3, 1, 2, 6, 4, 5, 3, 4, 2, 1, 3, 4, 4, 2, 2, 4, 2, 2, 5, 5, 5, 3, 5, 4, 6, 1, 1, 3, 2, 3, 1, 1, 1, 5, 2, 5, 1, 6, 1, 5, 5, 1, 4, 6, 5, 2, 3, 2, 6] [6, 6, 5, 7, 4, 7, 3, 6, 8, 6, 6, 7, 5, 5, 2, 3, 6, 7, 2, 1, 8, 2, 2, 6, 2, 7, 4, 6, 7, 7, 2, 4, 2, 3, 8, 4, 6, 4, 5, 3, 1, 4, 6, 5, 4, 3, 4, 3, 3, 7, 5, 5, 3, 7, 6, 6, 1, 3, 4, 2, 3, 3, 1, 3, 7, 4, 7, 1, 7, 2, 6, 6, 3, 6, 7, 7, 3, 4, 4, 6]
A_38 72.44000000000001 A 38 [3, 1, 4, 6, 3, 3, 4, 2, 3, 6, 3, 4, 3, 4, 3, 4, 6, 2, 6, 2, 5, 4, 4, 1, 6, 5, 5, 2, 2, 4, 6, 3, 3, 1, 3, 3, 3, 4, 5, 5, 6, 5, 1, 2, 4, 2, 3, 2, 3, 2, 5, 1, 3, 2, 1, 1, 2, 3, 1, 3, 5, 5, 3, 2, 4, 4, 5, 2, 5, 6, 4, 2, 1, 1, 2, 3, 5, 3, 3, 3] [4, 2, 5, 7, 5, 5, 4, 4, 3, 8, 3, 6, 3, 6, 3, 4, 8, 3, 7, 3, 5, 4, 6, 3, 7, 5, 7, 4, 2, 5, 7, 5, 5, 1, 4, 4, 4, 5, 5, 5, 6, 6, 2, 4, 6, 3, 5, 4, 3, 4, 7, 3, 4, 2, 3, 2, 4, 5, 3, 4, 7, 5, 5, 2, 4, 6, 6, 3, 7, 7, 4, 4, 1, 3, 3, 4, 5, 4, 3, 3]
A_39 73.44000000000001 A 39 [6, 2, 1, 3, 5, 5, 2, 3, 3, 3, 5, 6, 2, 3, 2, 4, 5, 3, 6, 5, 6, 1, 3, 3, 2, 4, 5, 4, 5, 3, 2, 1, 1, 6, 1, 2, 5, 2, 5, 3, 3, 5, 6, 2, 5, 6, 2, 6, 2, 2, 4, 2, 2, 3, 3, 2, 4, 5, 5, 5, 2, 6, 4, 1, 5, 6, 4, 2, 4, 4, 1, 2, 3, 5, 3, 5, 2, 4, 4, 6] [8, 3, 1, 3, 5, 5, 4, 5, 4, 5, 6, 8, 2, 3, 4, 4, 6, 5, 6, 6, 7, 2, 4, 4, 4, 5, 6, 5, 6, 5, 3, 1, 2, 6, 1, 2, 5, 3, 5, 4, 4, 5, 6, 4, 6, 8, 4, 6, 2, 2, 5, 3, 2, 4, 5, 4, 5, 6, 6, 5, 2, 7, 5, 1, 6, 6, 4, 2, 4, 6, 2, 3, 4, 5, 5, 7, 3, 4, 5, 6]
B_0 1 B 40 [1, 6, 5, 4, 2, 4, 1, 2, 6, 4, 2, 3, 3, 1, 2, 3, 3, 6, 3, 4, 3, 5, 3, 1, 2, 5, 6, 5, 3, 4, 4, 5, 1, 2, 4, 3, 6, 1, 6, 3, 5, 5, 2, 2, 2, 3, 3, 3, 6, 2, 5, 6, 6, 2, 4, 2, 6, 4, 6, 3, 6, 5, 3, 3, 1, 1, 5, 3, 3, 6, 6, 6, 6, 3, 2, 3, 3, 6, 3, 3] [2, 6, 7, 5, 4, 5, 3, 3, 6, 6, 3, 4, 3, 1, 3, 3, 5, 8, 3, 5, 4, 6, 4, 2, 4, 7, 8, 5, 4, 6, 4, 7, 2, 2, 4, 3, 7, 1, 6, 4, 7, 6, 2, 3, 3, 3, 4, 5, 6, 4, 6, 6, 6, 3, 6, 2, 8, 4, 6, 3, 7, 6, 5, 4, 1, 1, 6, 4, 3, 6, 6, 6, 7, 5, 3, 5, 4, 6, 5, 4]
B_1 2.04 B 41 [1, 6, 6, 4, 5, 5, 1, 3, 2, 6, 1, 6, 2, 4, 3, 4, 4, 4, 2, 4, 1, 4, 1, 2, 1, 6, 2, 4, 6, 5, 6, 1, 2, 6, 2, 1, 3, 3, 5, 5, 5, 3, 5, 6, 2, 6, 5, 1, 6, 5, 1, 2, 3, 2, 2, 5, 5, 2, 6, 6, 4, 5, 4, 5, 1, 4, 4, 2, 4, 1, 4, 6, 6, 4, 1, 6, 5, 5, 1, 2] [1, 7, 6, 4, 6, 5, 2, 3, 3, 7, 3, 6, 3, 6, 5, 4, 5, 4, 3, 4, 2, 6, 2, 2, 3, 8, 3, 6, 6, 6, 8, 2, 4, 8, 4, 1, 5, 4, 6, 5, 6, 4, 6, 8, 3, 8, 7, 3, 8, 5, 3, 4, 3, 3, 4, 6, 5, 4, 7, 7, 4, 5, 4, 6, 2, 5, 4, 4, 4, 2, 6, 6, 7, 4, 1, 8, 6, 7, 2, 3]
B_2 4.4 B 42 [6, 2, 4, 4, 5, 6, 2, 3, 6, 1, 3, 2, 1, 2, 3, 5, 5, 4, 1, 5, 6, 6, 3, 4, 1, 5, 4, 4, 6, 3, 5, 2, 5, 6, 1, 1, 2, 4, 1, 6, 2, 5, 1, 2, 4, 3, 6, 1, 4, 3, 2, 1, 3, 1, 1, 3, 2, 3, 6, 1, 6, 5, 2, 1, 5, 4, 4, 2, 6, 1, 4, 4, 6, 1, 2, 1, 1, 5, 5, 4] [7, 3, 4, 6, 5, 8, 4, 4, 8, 1, 4, 4, 2, 4, 5, 6, 6, 5, 3, 6, 8, 7, 4, 5, 3, 7, 4, 4, 8, 3, 5, 3, 5, 7, 2, 1, 4, 6, 2, 6, 2, 6, 2, 2, 5, 4, 6, 2, 4, 4, 2, 2, 3, 2, 3, 5, 4, 3, 6, 1, 7, 5, 4, 2, 7, 6, 6, 2, 8, 2, 6, 4, 6, 1, 2, 2, 2, 5, 5, 6]
B_3 7.69 B 43 [4, 2, 6, 2, 3, 2, 4, 4, 5, 1, 4, 2, 6, 1, 5, 2, 2, 1, 5, 4, 4, 3, 3, 3, 5, 3, 2, 6, 2, 5, 3, 1, 4, 2, 4, 3, 4, 4, 2, 2, 2, 6, 2, 5, 6, 6, 3, 4, 2, 3, 4, 5, 1, 4, 4, 6, 1, 5, 2, 6, 3, 1, 1, 6, 1, 5, 6, 4, 4, 6, 3, 5, 1, 2, 1, 2, 2, 5, 5, 4] [5, 4, 8, 4, 3, 3, 6, 4, 5, 1, 5, 2, 8, 2, 7, 4, 4, 2, 6, 5, 5, 3, 5, 4, 5, 5, 4, 6, 2, 7, 5, 3, 6, 2, 4, 4, 6, 5, 4, 4, 3, 8, 2, 5, 8, 6, 3, 5, 4, 5, 5, 5, 3, 4, 5, 8, 2, 7, 2, 6, 4, 2, 1, 7, 1, 7, 8, 6, 5, 6, 3, 5, 3, 4, 2, 3, 4, 5, 5, 4]
B_4 11.02 B 44 [4, 1, 4, 6, 2, 5, 5, 3, 3, 3, 6, 1, 6, 3, 3, 3, 6, 3, 4, 5, 5, 1, 1, 1, 6, 5, 4, 2, 5, 5, 1, 4, 2, 2, 5, 1, 3, 2, 4, 5, 2, 2, 4, 6, 2, 2, 2, 5, 4, 5, 3, 1, 1, 3, 6, 2, 6, 5, 2, 3, 1, 2, 1, 2, 2, 1, 6, 5, 5, 3, 2, 6, 3, 4, 4, 3, 5, 6, 5, 3] [5, 2, 5, 7, 2, 5, 5, 4, 3, 3, 6, 2, 7, 4, 5, 3, 8, 4, 6, 6, 5, 2, 2, 3, 7, 5, 6, 2, 7, 6, 2, 4, 4, 3, 6, 1, 5, 4, 6, 6, 3, 3, 5, 8, 3, 2, 3, 7, 4, 7, 4, 2, 1, 3, 8, 4, 7, 7, 2, 5, 1, 4, 2, 2, 3, 3, 6, 6, 5, 4, 4, 6, 4, 5, 5, 5, 6, 6, 6, 3]
B_5 12.02 B 45 [2, 3, 3, 2, 2, 1, 4, 5, 6, 3, 6, 3, 4, 2, 6, 5, 1, 6, 2, 6, 5, 4, 4, 3, 2, 1, 6, 6, 3, 5, 2, 5, 6, 5, 5, 5, 1, 2, 2, 6, 3, 6, 3, 6, 2, 3, 3, 2, 2, 5, 2, 6, 3, 6, 6, 6, 5, 5, 6, 5, 2, 6, 6, 6, 1, 5, 5, 1, 3, 6, 5, 6, 3, 4, 4, 6, 5, 6, 2, 3] [4, 5, 5, 4, 2, 1, 6, 5, 6, 3, 8, 5, 6, 2, 7, 5, 3, 7, 3, 7, 5, 6, 6, 4, 2, 2, 6, 7, 4, 6, 4, 6, 8, 7, 7, 5, 2, 3, 3, 8, 3, 8, 4, 6, 2, 4, 4, 4, 4, 7, 4, 7, 5, 6, 7, 6, 6, 7, 7, 5, 2, 8, 6, 8, 3, 6, 5, 3, 5, 7, 5, 6, 5, 6, 6, 8, 6, 8, 3, 5]
B_6 13.02 B 46 [2, 6, 6, 2, 2, 6, 6, 4, 2, 6, 6, 6, 6, 6, 6, 5, 1, 5, 3, 3, 5, 1, 5, 5, 1, 5, 2, 2, 6, 1, 3, 6, 6, 1, 1, 3, 4, 4, 3, 2, 3, 5, 6, 3, 2, 3, 1, 4, 6, 5, 5, 1, 4, 5, 3, 1, 4, 3, 2, 5, 4, 3, 4, 3, 1, 1, 3, 5, 6, 2, 4, 5, 1, 4, 5, 3, 3, 5, 2, 5] [4, 6, 7, 2, 2, 7, 8, 4, 3, 8, 6, 6, 6, 7, 8, 5, 1, 5, 4, 3, 7, 2, 6, 7, 2, 6, 3, 2, 6, 2, 5, 8, 7, 3, 3, 5, 6, 4, 5, 4, 4, 7, 6, 3, 3, 4, 3, 5, 6, 5, 5, 2, 5, 5, 3, 2, 4, 5, 4, 7, 5, 4, 5, 4, 2, 2, 4, 6, 8, 3, 6, 7, 2, 6, 5, 3, 5, 7, 2, 6]
B_7 14.02 B 47 [2, 6, 6, 3, 4, 1, 3, 2, 3, 4, 4, 2, 4, 5, 6, 5, 4, 1, 3, 3, 6, 6, 4, 6, 2, 5, 3, 4, 1, 1, 6, 1, 6, 1, 6, 4, 5, 2, 2, 6, 3, 1, 1, 4, 5, 2, 4, 3, 5, 4, 6, 2, 2, 4, 5, 3, 3, 4, 6, 2, 5, 2, 5, 5, 2, 2, 3, 5, 2, 5, 5, 6, 6, 5, 1, 5, 1, 1, 4, 6] [3, 7, 8, 4, 4, 3, 3, 4, 4, 4, 4, 3, 5, 5, 8, 5, 5, 1, 4, 3, 8, 6, 4, 8, 2, 6, 5, 5, 3, 3, 7, 1, 6, 3, 7, 5, 5, 3, 4, 6, 5, 3, 2, 5, 7, 4, 5, 5, 7, 5, 8, 3, 3, 4, 6, 5, 5, 5, 7, 4, 5, 3, 5, 5, 2, 3, 5, 5, 2, 6, 5, 8, 6, 7, 1, 6, 3, 3, 4, 6]
B_8 15.02 B 48 [4, 2, 3, 2, 5, 2, 3, 6, 5, 4, 6, 2, 6, 2, 1, 4, 2, 3, 3, 2, 2, 1, 3, 2, 4, 3, 6, 5, 5, 5, 3, 5, 4, 2, 1, 4, 3, 2, 3, 2, 6, 6, 4, 2, 4, 2, 6, 5, 2, 2, 3, 1, 2, 6, 3, 2, 5, 5, 6, 4, 2, 6, 1, 3, 6, 3, 3, 2, 5, 6, 6, 3, 6, 2, 3, 6, 1, 3, 6, 4] [5, 4, 5, 2, 5, 3, 4, 7, 7, 4, 7, 4, 7, 2, 1, 4, 2, 5, 4, 3, 2, 2, 5, 2, 5, 4, 6, 7, 6, 7, 4, 5, 5, 3, 1, 6, 4, 3, 3, 2, 6, 8, 4, 4, 4, 4, 6, 7, 4, 4, 5, 2, 2, 6, 4, 2, 6, 7, 7, 4, 3, 6, 3, 4, 6, 5, 5, 2, 7, 6, 6, 5, 8, 3, 4, 7, 3, 4, 8, 6]
B_9 17.77 B 49 [3, 6, 2, 5, 4, 3, 5, 1, 3, 2, 2, 4, 1, 5, 2, 3, 4, 1, 1, 6, 5, 6, 1, 2, 1, 1, 3, 3, 1, 3, 6, 6, 3, 6, 3, 6, 1, 5, 2, 2, 2, 5, 3, 3, 5, 5, 5, 4, 2, 3, 6, 4, 4, 4, 5, 3, 4, 2, 1, 5, 4, 3, 1, 5, 5, 2, 5, 6, 4, 4, 6, 4, 1, 1, 4, 2, 4, 6, 5, 4] [5, 7, 3, 6, 4, 5, 5, 2, 3, 4, 2, 6, 2, 7, 2, 5, 6, 3, 2, 7, 7, 6, 2, 4, 1, 3, 5, 5, 2, 4, 8, 8, 4, 6, 5, 8, 1, 7, 4, 2, 4, 5, 4, 5, 7, 7, 5, 5, 4, 5, 8, 4, 4, 5, 7, 4, 6, 2, 3, 7, 5, 3, 1, 5, 7, 2, 5, 8, 5, 4, 8, 5, 2, 3, 5, 4, 4, 8, 5, 4]
B_10 18.77 B 50 [5, 5, 1, 2, 2, 1, 3, 2, 4, 4, 1, 1, 5, 1, 6, 1, 6, 2, 5, 4, 1, 4, 5, 2, 3, 6, 5, 5, 1, 6, 1, 5, 5, 4, 2, 4, 5, 5, 5, 4, 5, 1, 2, 4, 3, 2, 5, 6, 3, 6, 6, 4, 1, 1, 6, 6, 2, 5, 3, 1, 2, 6, 3, 5, 2, 4, 4, 1, 3, 4, 2, 4, 3, 2, 5, 1, 1, 4, 1, 5] [7, 7, 2, 4, 3, 3, 5, 2, 4, 6, 3, 3, 5, 3, 6, 1, 6, 3, 5, 4, 1, 4, 6, 2, 3, 7, 7, 5, 3, 7, 1, 5, 7, 5, 3, 5, 6, 5, 7, 5, 6, 3, 2, 5, 4, 4, 5, 8, 5, 8, 6, 5, 1, 1, 8, 7, 3, 6, 5, 3, 2, 8, 5, 6, 4, 4, 5, 2, 5, 6, 2, 5, 3, 4, 7, 1, 1, 6, 1, 6]
B_11 20.18 B 51 [6, 4, 5, 6, 3, 1, 4, 2, 3, 2, 5, 1, 5, 1, 2, 3, 5, 4, 6, 6, 6, 3, 6, 3, 5, 5, 6, 6, 1, 4, 5, 3, 1, 6, 2, 1, 1, 5, 1, 2, 6, 2, 1, 5, 1, 6, 1, 2, 1, 4, 4, 3, 1, 4, 4, 1, 1, 4, 2, 3, 4, 1, 1, 1, 1, 3, 4, 5, 4, 6, 3, 3, 6, 4, 4, 2, 1, 1, 5, 1] [7, 5, 5, 8, 5, 1, 6, 3, 3, 3, 5, 1, 6, 3, 4, 5, 6, 6, 7, 7, 8, 4, 8, 4, 5, 5, 7, 7, 3, 5, 6, 4, 2, 6, 4, 3, 1, 5, 3, 3, 6, 4, 2, 5, 2, 7, 2, 3, 2, 4, 5, 4, 3, 6, 6, 3, 2, 6, 4, 3, 4, 3, 3, 1, 3, 3, 4, 5, 6, 7, 5, 3, 8, 5, 5, 4, 2, 3, 5, 1]
B_12 21.18 B 52 [6, 1, 5, 4, 1, 3, 5, 5, 2, 2, 3, 3, 1, 2, 4, 4, 4, 6, 3, 5, 2, 2, 3, 6, 2, 5, 6, 2, 1, 1, 1, 6, 5, 6, 5, 2, 5, 3, 3, 2, 6, 3, 3, 1, 1, 3, 4, 2, 2, 4, 1, 1, 5, 5, 6, 1, 1, 1, 2, 6, 3, 2, 1, 5, 5, 1, 2, 4, 6, 5, 2, 3, 1, 5, 4, 4, 1, 1, 4, 2] [6, 3, 6, 4, 1, 3, 7, 7, 3, 2, 4, 4, 3, 4, 5, 5, 5, 7, 3, 5, 3, 3, 3, 8, 4, 7, 6, 2, 1, 1, 3, 8, 6, 6, 6, 4, 7, 3, 4, 2, 6, 3, 3, 3, 1, 5, 5, 3, 2, 4, 1, 3, 6, 5, 7, 1, 3, 3, 2, 7, 5, 2, 2, 5, 5, 2, 2, 4, 8, 5, 2, 5, 3, 5, 4, 5, 1, 2, 6, 2]
B_13 22.18 B 53 [1, 4, 1, 4, 6, 1, 4, 4, 1, 6, 3, 1, 6, 2, 3, 1, 6, 4, 1, 4, 2, 6, 2, 4, 1, 1, 3, 6, 6, 1, 1, 5, 6, 1, 1, 3, 5, 5, 2, 3, 2, 2, 1, 4, 3, 6, 5, 4, 6, 4, 1, 4, 5, 3, 6, 1, 5, 4, 4, 3, 6, 6, 1, 1, 3, 3, 6, 1, 6, 3, 4, 2, 1, 4, 1, 6, 6, 4, 1, 5] [1, 5, 2, 4, 6, 3, 6, 4, 2, 7, 5, 2, 7, 3, 4, 2, 8, 5, 1, 4, 4, 7, 2, 4, 3, 3, 4, 8, 8, 1, 2, 7, 7, 3, 3, 3, 5, 7, 2, 4, 3, 3, 2, 4, 3, 6, 5, 4, 6, 5, 1, 6, 5, 5, 7, 2, 5, 5, 4, 5, 6, 8, 1, 3, 4, 4, 8, 1, 7, 4, 4, 3, 2, 5, 1, 8, 7, 4, 3, 7]
B_14 23.18 B 54 [5, 3, 4, 5, 3, 3, 2, 5, 1, 2, 6, 2, 4, 3, 2, 3, 5, 2, 3, 1, 5, 6, 3, 4, 4, 2, 3, 6, 4, 4, 5, 2, 1, 3, 5, 3, 1, 4, 1, 3, 4, 2, 1, 4, 6, 6, 3, 5, 3, 5, 6, 4, 6, 6, 5, 1, 3, 3, 6, 1, 4, 1, 5, 4, 2, 5, 6, 4, 3, 1, 2, 6, 6, 6, 1, 5, 5, 2, 3, 3] [6, 3, 4, 6, 3, 3, 3, 5, 3, 3, 6, 4, 6, 4, 3, 5, 5, 4, 5, 1, 7, 8, 3, 5, 6, 3, 3, 6, 4, 6, 6, 4, 1, 4, 7, 4, 3, 6, 3, 5, 6, 4, 3, 5, 8, 7, 3, 6, 4, 7, 8, 6, 7, 7, 7, 2, 4, 3, 6, 2, 6, 1, 7, 4, 2, 5, 6, 6, 4, 2, 3, 7, 7, 6, 1, 5, 7, 3, 3, 5]
B_15 24.8 B 55 [1, 5, 3, 4, 4, 6, 2, 3, 3, 3, 1, 5, 3, 1, 5, 2, 5, 5, 2, 6, 6, 6, 2, 6, 1, 2, 5, 4, 3, 3, 2, 5, 3, 2, 6, 4, 2, 6, 1, 2, 2, 5, 3, 6, 2, 6, 1, 3, 2, 3, 6, 1, 1, 1, 1, 4, 6, 6, 1, 1, 2, 6, 6, 1, 2, 2, 1, 6, 4, 4, 4, 6, 2, 2, 5, 3, 3, 3, 6, 5] [1, 7, 3, 6, 5, 8, 2, 5, 4, 4, 2, 7, 4, 3, 5, 4, 5, 5, 2, 8, 8, 8, 2, 7, 2, 2, 7, 4, 3, 3, 2, 5, 4, 3, 6, 5, 4, 6, 2, 4, 2, 6, 5, 8, 4, 6, 2, 5, 2, 4, 7, 3, 1, 2, 2, 6, 7, 8, 3, 2, 3, 8, 6, 3, 3, 2, 2, 6, 6, 6, 6, 8, 2, 3, 6, 3, 5, 5, 7, 5]
B_16 25.86 B 56 [6, 4, 1, 1, 1, 1, 3, 5, 3, 1, 5, 3, 3, 6, 4, 3, 2, 1, 4, 3, 3, 6, 2, 3, 3, 3, 4, 5, 5, 1, 3, 3, 6, 2, 4, 5, 1, 1, 2, 4, 6, 5, 2, 1, 6, 5, 4, 3, 5, 4, 2, 1, 1, 5, 3, 6, 1, 5, 3, 5, 1, 1, 1, 4, 2, 1, 1, 1, 5, 6, 1, 5, 5, 6, 5, 5, 6, 5, 4, 4] [7, 5, 3, 3, 2, 2, 4, 6, 5, 3, 6, 5, 3, 8, 5, 3, 4, 3, 6, 5, 3, 8, 4, 3, 4, 5, 4, 6, 6, 1, 5, 3, 7, 3, 4, 6, 1, 1, 4, 5, 8, 5, 4, 2, 7, 6, 4, 5, 6, 6, 3, 2, 3, 5, 4, 7, 1, 6, 5, 5, 2, 1, 1, 4, 4, 1, 2, 2, 6, 7, 3, 5, 6, 7, 5, 6, 6, 5, 4, 6]
B_17 26.86 B 57 [2, 2, 2, 2, 6, 3, 3, 6, 2, 2, 1, 2, 3, 1, 4, 1, 5, 6, 1, 4, 3, 4, 2, 3, 3, 4, 5, 2, 2, 4, 3, 6, 1, 4, 1, 1, 3, 1, 3, 5, 4, 2, 3, 5, 5, 5, 3, 4, 5, 2, 5, 4, 1, 4, 3, 6, 5, 2, 3, 2, 1, 5, 3, 4, 6, 4, 5, 6, 5, 1, 6, 5, 2, 5, 3, 3, 2, 2, 3, 3] [4, 3, 3, 4, 7, 3, 5, 6, 3, 4, 1, 3, 3, 3, 6, 1, 5, 7, 1, 4, 5, 6, 4, 4, 3, 6, 7, 3, 3, 6, 5, 7, 3, 4, 1, 2, 4, 3, 5, 6, 4, 4, 3, 7, 7, 7, 5, 5, 7, 2, 6, 6, 3, 5, 3, 8, 6, 3, 3, 2, 2, 6, 5, 6, 6, 5, 6, 8, 6, 1, 6, 6, 4, 6, 5, 3, 3, 2, 4, 4]
B_18 27.86 B 58 [4, 3, 3, 1, 1, 6, 6, 3, 1, 6, 5, 3, 4, 2, 6, 5, 4, 4, 1, 4, 5, 3, 4, 5, 3, 4, 2, 5, 5, 4, 1, 5, 2, 1, 3, 4, 1, 3, 1, 5, 6, 6, 6, 2, 2, 6, 2, 6, 6, 1, 3, 2, 2, 4, 6, 1, 3, 3, 3, 5, 3, 5, 1, 2, 1, 2, 2, 5, 5, 5, 2, 4, 3, 4, 4, 3, 6, 3, 2, 1] [6, 5, 4, 1, 1, 6, 8, 3, 3, 8, 5, 3, 5, 3, 6, 6, 6, 5, 2, 4, 6, 5, 4, 5, 4, 4, 2, 7, 6, 4, 3, 7, 3, 2, 5, 5, 1, 4, 3, 6, 6, 7, 6, 2, 2, 7, 4, 7, 7, 3, 5, 4, 2, 4, 6, 3, 5, 3, 4, 6, 3, 5, 3, 2, 1, 3, 2, 6, 5, 6, 2, 6, 3, 5, 5, 5, 7, 4, 3, 2]
B_19 28.86 B 59 [6, 5, 6, 3, 2, 2, 6, 5, 1, 6, 1, 5, 3, 5, 1, 2, 1, 2, 5, 5, 4, 4, 3, 3, 4, 5, 4, 1, 4, 1, 6, 4, 1, 4, 2, 6, 2, 2, 3, 5, 3, 6, 1, 6, 3, 5, 5, 2, 4, 5, 1, 3, 6, 3, 1, 1, 5, 2, 5, 5, 3, 4, 4, 6, 2, 6, 6, 3, 4, 4, 2, 1, 5, 3, 4, 6, 5, 3, 3, 4] [7, 7, 8, 5, 4, 2, 6, 6, 2, 7, 3, 6, 4, 6, 1, 2, 1, 4, 5, 5, 5, 4, 5, 3, 6, 5, 4, 3, 6, 1, 6, 6, 1, 5, 2, 6, 3, 2, 4, 5, 3, 7, 1, 6, 5, 5, 7, 4, 4, 7, 3, 3, 7, 5, 2, 2, 5, 2, 6, 5, 4, 5, 6, 7, 4, 8, 7, 3, 4, 6, 2, 3, 5, 5, 6, 6, 6, 3, 4, 6]
B_20 30.09 B 60 [4, 4, 2, 4, 3, 6, 4, 6, 5, 3, 3, 2, 3, 2, 4, 6, 4, 3, 4, 3, 3, 1, 1, 2, 6, 3, 6, 2, 2, 3, 4, 1, 2, 6, 2, 5, 6, 3, 5, 2, 6, 4, 6, 3, 1, 2, 4, 5, 2, 4, 2, 4, 3, 6, 4, 2, 1, 1, 3, 3, 3, 6, 3, 3, 6, 6, 6, 4, 2, 3, 3, 5, 2, 3, 3, 5, 3, 3, 4, 6] [4, 6, 3, 5, 5, 6, 5, 8, 6, 4, 4, 2, 5, 4, 6, 6, 6, 4, 5, 4, 5, 2, 2, 2, 6, 3, 6, 3, 3, 4, 4, 2, 4, 8, 4, 6, 8, 3, 7, 2, 7, 4, 7, 4, 1, 2, 5, 5, 3, 5, 2, 4, 5, 6, 6, 3, 2, 2, 3, 4, 4, 6, 4, 3, 8, 7, 7, 6, 4, 3, 3, 6, 4, 3, 3, 6, 4, 5, 5, 6]
B_21 31.09 B 61 [4, 6, 2, 6, 1, 5, 1, 3, 5, 6, 5, 1, 2, 4, 2, 1, 6, 1, 4, 3, 2, 6, 1, 6, 3, 6, 2, 3, 4, 6, 4, 3, 2, 3, 4, 3, 1, 1, 5, 6, 5, 5, 5, 1, 2, 6, 3, 2, 6, 3, 6, 1, 2, 6, 1, 6, 1, 5, 5, 4, 6, 5, 6, 1, 4, 1, 3, 4, 2, 1, 2, 5, 4, 5, 1, 4, 6, 1, 2, 1] [4, 8, 2, 7, 3, 5, 1, 5, 5, 8, 6, 2, 4, 4, 3, 3, 7, 3, 4, 3, 4, 6, 2, 8, 5, 8, 3, 3, 6, 6, 4, 5, 2, 3, 4, 3, 1, 3, 5, 7, 6, 5, 5, 2, 4, 8, 4, 3, 6, 3, 8, 3, 2, 8, 1, 8, 1, 6, 5, 5, 6, 7, 7, 2, 5, 3, 4, 5, 2, 2, 4, 6, 6, 5, 3, 5, 7, 2, 2, 2]
B_22 32.09 B 62 [6, 3, 5, 5, 2, 1, 5, 4, 3, 1, 6, 4, 5, 5, 2, 2, 5, 4, 3, 1, 2, 5, 3, 3, 1, 3, 2, 6, 6, 1, 1, 5, 6, 4, 5, 4, 6, 1, 3, 4, 3, 4, 2, 1, 1, 6, 4, 5, 1, 1, 3, 1, 1, 1, 5, 6, 1, 3, 1, 4, 3, 6, 3, 3, 4, 3, 5, 4, 4, 1, 6, 6, 3, 4, 6, 2, 5, 6, 3, 2] [8, 4, 5, 7, 4, 1, 7, 5, 3, 3, 7, 5, 7, 6, 2, 4, 5, 5, 5, 2, 4, 6, 4, 3, 1, 5, 4, 8, 8, 3, 3, 5, 8, 5, 5, 5, 7, 1, 5, 5, 5, 4, 4, 1, 2, 6, 5, 5, 3, 1, 5, 3, 2, 1, 7, 6, 1, 5, 3, 6, 4, 7, 5, 5, 5, 4, 6, 4, 4, 2, 6, 6, 5, 4, 6, 2, 5, 8, 3, 2]
B_23 33.480000000000004 B 63 [4, 4, 4, 5, 3, 2, 4, 1, 2, 6, 3, 6, 6, 6, 6, 5, 5, 2, 2, 2, 2, 6, 3, 2, 3, 4, 2, 5, 3, 1, 3, 3, 1, 5, 4, 6, 6, 1, 2, 1, 3, 5, 1, 6, 2, 6, 3, 5, 3, 5, 5, 1, 5, 1, 4, 1, 4, 4, 2, 6, 3, 1, 3, 5, 4, 5, 4, 4, 2, 5, 1, 2, 2, 4, 2, 2, 1, 4, 1, 6] [4, 4, 6, 5, 5, 2, 5, 1, 2, 7, 3, 8, 8, 8, 7, 5, 6, 2, 3, 3, 2, 8, 5, 3, 4, 4, 4, 7, 3, 3, 3, 5, 3, 5, 5, 8, 6, 3, 2, 1, 4, 6, 2, 7, 2, 8, 4, 5, 4, 5, 6, 1, 5, 3, 4, 3, 4, 6, 2, 7, 3, 2, 5, 5, 4, 5, 4, 5, 4, 6, 1, 4, 3, 6, 2, 4, 2, 6, 2, 6]
B_24 34.61000000000001 B 64 [1, 3, 4, 4, 5, 6, 4, 1, 4, 6, 3, 6, 1, 2, 2, 3, 4, 6, 1, 4, 6, 2, 4, 2, 3, 2, 4, 6, 6, 5, 5, 1, 3, 3, 5, 2, 3, 5, 4, 5, 1, 1, 5, 1, 2, 1, 1, 2, 6, 5, 2, 1, 5, 3, 2, 2, 2, 6, 1, 2, 6, 4, 4, 4, 5, 5, 1, 1, 4, 3, 3, 2, 2, 5, 4, 2, 1, 2, 6, 4] [2, 4, 4, 5, 6, 8, 5, 1, 4, 6, 4, 8, 3, 4, 3, 5, 6, 6, 2, 4, 7, 4, 5, 2, 3, 2, 6, 7, 6, 5, 5, 2, 4, 3, 7, 3, 5, 7, 4, 6, 1, 2, 7, 1, 3, 3, 2, 2, 6, 7, 4, 3, 5, 4, 2, 3, 4, 6, 1, 4, 8, 5, 5, 4, 7, 7, 3, 1, 6, 5, 5, 4, 2, 5, 6, 2, 1, 4, 7, 6]
B_25 36.28000000000001 B 65 [2, 2, 3, 6, 1, 1, 2, 3, 3, 2, 5, 5, 4, 1, 3, 6, 3, 1, 1, 3, 5, 5, 2, 2, 2, 3, 4, 1, 4, 4, 4, 5, 1, 2, 2, 3, 3, 2, 4, 6, 1, 4, 4, 5, 1, 5, 1, 2, 3, 2, 4, 3, 1, 3, 5, 2, 1, 4, 2, 6, 6, 1, 3, 5, 5, 2, 6, 1, 5, 4, 3, 1, 4, 2, 5, 6, 3, 3, 3, 6] [2, 3, 5, 7, 1, 3, 3, 4, 5, 4, 6, 6, 4, 1, 3, 7, 4, 1, 2, 3, 5, 6, 2, 2, 2, 5, 4, 2, 6, 5, 6, 5, 3, 2, 3, 4, 5, 4, 6, 6, 1, 5, 6, 7, 3, 6, 2, 3, 5, 2, 4, 3, 2, 4, 5, 2, 1, 5, 3, 8, 7, 3, 4, 5, 7, 3, 7, 3, 6, 5, 4, 2, 5, 4, 7, 6, 5, 4, 4, 7]
B_26 37.28000000000001 B 66 [6, 2, 2, 1, 6, 6, 1, 2, 4, 5, 3, 4, 4, 2, 5, 2, 5, 2, 6, 5, 1, 6, 6, 3, 2, 3, 4, 5, 2, 3, 4, 1, 6, 2, 5, 3, 6, 5, 5, 4, 5, 4, 4, 6, 6, 5, 3, 3, 3, 5, 4, 4, 2, 6, 6, 1, 1, 5, 2, 6, 6, 3, 5, 4, 1, 6, 4, 2, 6, 6, 5, 5, 5, 5, 5, 1, 6, 1, 2, 4] [8, 4, 4, 3, 8, 6, 3, 4, 5, 6, 3, 5, 6, 2, 5, 2, 6, 4, 6, 5, 2, 8, 8, 5, 2, 5, 6, 6, 3, 4, 6, 2, 7, 4, 5, 5, 8, 7, 6, 4, 6, 4, 6, 8, 6, 5, 4, 5, 5, 5, 5, 4, 2, 8, 6, 2, 2, 6, 2, 7, 7, 4, 6, 4, 3, 7, 4, 2, 7, 7, 7, 6, 5, 6, 5, 3, 6, 2, 4, 5]
B_27 38.28000000000001 B 67 [5, 2, 2, 4, 6, 2, 4, 1, 6, 1, 2, 2, 5, 5, 4, 3, 4, 4, 5, 2, 5, 5, 1, 2, 2, 4, 4, 5, 3, 2, 5, 3, 5, 2, 5, 4, 5, 1, 2, 2, 3, 2, 2, 4, 5, 1, 5, 5, 2, 6, 1, 5, 4, 1, 4, 6, 1, 6, 5, 3, 4, 4, 4, 4, 1, 1, 2, 5, 3, 4, 2, 2, 2, 1, 2, 6, 4, 5, 2, 1] [7, 2, 3, 6, 8, 2, 6, 1, 6, 3, 3, 2, 5, 7, 5, 3, 4, 4, 7, 2, 6, 6, 1, 3, 3, 6, 4, 6, 3, 4, 6, 3, 6, 4, 5, 5, 7, 1, 3, 2, 4, 4, 2, 6, 6, 3, 6, 5, 2, 8, 2, 5, 4, 1, 6, 6, 2, 8, 6, 3, 6, 5, 4, 5, 1, 3, 2, 5, 4, 6, 3, 4, 3, 1, 4, 6, 4, 7, 2, 2]
B_28 44.93000000000001 B 68 [2, 2, 4, 1, 1, 5, 6, 1, 2, 2, 5, 2, 5, 1, 3, 1, 4, 4, 2, 4, 1, 2, 5, 2, 6, 3, 4, 6, 6, 1, 1, 5, 2, 4, 4, 1, 6, 6, 5, 4, 3, 4, 6, 4, 5, 3, 6, 2, 5, 4, 3, 4, 6, 6, 3, 4, 5, 5, 5, 4, 2, 2, 4, 2, 4, 5, 6, 3, 3, 3, 3, 5, 2, 2, 4, 4, 1, 5, 1, 1] [4, 4, 4, 3, 1, 5, 7, 1, 2, 4, 7, 3, 7, 1, 4, 1, 5, 6, 2, 6, 1, 3, 6, 2, 6, 4, 6, 8, 8, 3, 1, 5, 3, 4, 4, 1, 8, 7, 7, 4, 3, 4, 8, 5, 5, 5, 8, 2, 7, 5, 5, 6, 8, 7, 4, 6, 6, 6, 5, 4, 4, 2, 4, 4, 6, 6, 7, 4, 5, 4, 3, 7, 4, 3, 5, 6, 2, 7, 3, 1]
B_29 46.09 B 69 [2, 4, 5, 6, 1, 4, 6, 4, 4, 5, 6, 3, 6, 5, 3, 4, 3, 2, 5, 5, 5, 4, 2, 2, 5, 3, 4, 2, 4, 4, 2, 6, 2, 3, 2, 5, 3, 1, 6, 4, 6, 1, 1, 6, 3, 6, 2, 5, 6, 4, 4, 6, 5, 3, 1, 4, 6, 1, 5, 4, 3, 1, 1, 5, 3, 4, 6, 4, 3, 2, 2, 1, 6, 3, 5, 1, 5, 3, 3, 1] [2, 5, 5, 7, 1, 4, 7, 4, 4, 7, 8, 5, 7, 6, 4, 6, 5, 3, 7, 6, 6, 6, 4, 3, 6, 4, 6, 2, 6, 6, 4, 8, 2, 4, 2, 7, 3, 2, 7, 6, 6, 2, 2, 6, 4, 7, 3, 6, 6, 4, 6, 7, 5, 4, 2, 6, 7, 1, 6, 6, 3, 2, 2, 6, 5, 5, 7, 6, 4, 4, 2, 1, 6, 4, 6, 1, 5, 3, 3, 2]
B_30 47.370000000000005 B 70 [2, 6, 6, 1, 6, 1, 3, 5, 2, 5, 6, 3, 4, 6, 3, 2, 6, 5, 6, 6, 1, 5, 6, 6, 1, 3, 2, 1, 3, 3, 3, 5, 6, 6, 6, 6, 2, 5, 4, 1, 6, 4, 4, 3, 2, 5, 4, 5, 6, 6, 2, 3, 2, 4, 2, 4, 1, 6, 2, 2, 3, 2, 6, 1, 3, 3, 5, 2, 3, 2, 2, 4, 2, 4, 1, 5, 4, 5, 2, 1] [3, 6, 7, 2, 8, 1, 3, 7, 2, 7, 8, 5, 6, 7, 4, 4, 8, 6, 7, 7, 1, 6, 8, 6, 1, 3, 4, 1, 5, 5, 3, 6, 7, 8, 8, 7, 3, 6, 4, 2, 6, 6, 6, 3, 4, 5, 6, 5, 6, 8, 2, 5, 2, 4, 3, 6, 3, 6, 2, 2, 3, 4, 6, 1, 5, 4, 7, 3, 3, 2, 4, 6, 4, 5, 2, 7, 5, 7, 3, 3]
B_31 48.370000000000005 B 71 [6, 1, 5, 1, 3, 2, 1, 1, 1, 2, 4, 2, 4, 1, 3, 1, 1, 3, 4, 6, 2, 1, 2, 3, 1, 2, 6, 6, 2, 1, 4, 2, 6, 5, 1, 5, 4, 5, 2, 2, 6, 6, 4, 5, 6, 6, 5, 6, 3, 4, 4, 3, 3, 2, 6, 6, 5, 5, 4, 1, 5, 5, 6, 2, 2, 1, 5, 2, 5, 1, 4, 1, 6, 3, 5, 5, 5, 5, 2, 2] [7, 1, 5, 3, 4, 3, 3, 3, 3, 2, 5, 3, 6, 1, 4, 2, 2, 5, 6, 6, 3, 3, 2, 4, 2, 2, 8, 6, 4, 3, 6, 2, 7, 7, 1, 7, 5, 6, 4, 3, 6, 6, 4, 5, 6, 6, 7, 8, 5, 5, 5, 3, 5, 3, 7, 8, 5, 6, 6, 3, 6, 6, 6, 4, 4, 2, 6, 4, 7, 1, 6, 1, 6, 3, 6, 6, 5, 6, 2, 3]
B_32 52.220000000000006 B 72 [5, 2, 1, 2, 4, 1, 6, 2, 3, 2, 6, 4, 5, 2, 4, 5, 6, 6, 5, 5, 4, 1, 3, 6, 1, 6, 6, 4, 3, 2, 1, 3, 6, 3, 6, 5, 2, 1, 1, 3, 6, 6, 6, 1, 3, 3, 1, 6, 6, 1, 3, 6, 1, 1, 6, 2, 5, 2, 3, 5, 2, 4, 3, 2, 2, 4, 5, 2, 2, 6, 2, 6, 4, 4, 6, 2, 2, 3, 3, 6] [7, 3, 1, 2, 4, 2, 8, 3, 3, 4, 6, 4, 5, 4, 5, 6, 7, 8, 6, 6, 6, 1, 5, 8, 2, 6, 7, 6, 4, 2, 3, 5, 8, 3, 7, 6, 3, 3, 1, 4, 7, 7, 6, 3, 4, 5, 2, 6, 8, 2, 3, 8, 3, 2, 7, 2, 6, 4, 3, 5, 4, 6, 5, 3, 2, 5, 5, 3, 4, 6, 4, 6, 5, 6, 7, 2, 2, 3, 4, 8]
B_33 53.220000000000006 B 73 [1, 1, 1, 5, 5, 1, 3, 3, 1, 2, 2, 1, 2, 3, 4, 4, 2, 4, 2, 6, 5, 6, 5, 2, 2, 6, 1, 6, 4, 3, 1, 1, 4, 3, 6, 2, 4, 4, 1, 5, 3, 4, 1, 2, 4, 4, 4, 5, 2, 1, 2, 4, 5, 4, 6, 2, 6, 5, 4, 3, 3, 5, 4, 4, 5, 2, 5, 1, 2, 3, 4, 3, 4, 6, 6, 5, 5, 4, 4, 5] [1, 3, 3, 7, 7, 3, 4, 4, 3, 4, 2, 2, 2, 4, 5, 4, 2, 6, 4, 7, 7, 7, 6, 4, 3, 7, 1, 7, 4, 4, 1, 3, 4, 4, 6, 2, 5, 6, 3, 5, 5, 4, 1, 4, 5, 6, 6, 7, 3, 3, 4, 5, 5, 5, 6, 3, 7, 6, 5, 5, 3, 5, 4, 6, 5, 4, 6, 1, 3, 4, 5, 3, 6, 6, 8, 7, 7, 6, 6, 6]
B_34 54.220000000000006 B 74 [4, 4, 1, 6, 6, 5, 3, 2, 2, 1, 5, 3, 4, 3, 4, 1, 5, 5, 4, 2, 6, 4, 2, 4, 1, 6, 3, 1, 6, 6, 3, 5, 3, 5, 3, 6, 5, 6, 2, 3, 2, 1, 2, 1, 4, 4, 5, 1, 3, 4, 5, 4, 4, 1, 1, 5, 5, 3, 4, 4, 3, 1, 6, 2, 4, 5, 5, 2, 4, 5, 1, 5, 6, 6, 3, 3, 1, 2, 2, 4] [4, 6, 3, 7, 7, 6, 3, 3, 2, 1, 6, 5, 6, 3, 5, 3, 7, 5, 4, 3, 7, 6, 2, 6, 1, 6, 4, 1, 6, 7, 5, 7, 4, 5, 3, 6, 5, 7, 3, 5, 3, 1, 2, 2, 5, 6, 5, 1, 4, 5, 7, 5, 4, 1, 1, 6, 5, 5, 5, 6, 3, 3, 6, 2, 6, 7, 5, 4, 5, 6, 2, 6, 7, 8, 3, 4, 2, 2, 2, 5]
B_35 58.35000000000001 B 75 [5, 6, 2, 5, 1, 3, 3, 4, 4, 4, 1, 3, 5, 6, 3, 6, 5, 3, 6, 1, 5, 6, 2, 4, 5, 4, 3, 4, 6, 2, 5, 3, 5, 2, 3, 3, 4, 5, 3, 5, 3, 6, 1, 2, 3, 6, 3, 5, 6, 2, 1, 2, 4, 6, 5, 3, 5, 3, 3, 6, 5, 4, 2, 2, 2, 6, 1, 6, 4, 1, 5, 5, 2, 5, 3, 1, 1, 1, 3, 3] [7, 8, 4, 5, 3, 3, 5, 6, 5, 5, 3, 4, 5, 7, 5, 7, 6, 3, 6, 1, 7, 7, 2, 5, 6, 5, 5, 5, 8, 4, 7, 3, 5, 2, 3, 5, 6, 7, 4, 7, 5, 8, 2, 3, 5, 8, 3, 6, 7, 4, 1, 4, 5, 8, 5, 3, 6, 3, 5, 6, 6, 5, 2, 4, 2, 6, 3, 6, 6, 1, 7, 6, 2, 7, 4, 1, 1, 3, 5, 4]
B_36 59.35000000000001 B 76 [1, 5, 1, 5, 2, 5, 3, 3, 2, 5, 1, 5, 1, 6, 5, 5, 5, 4, 6, 6, 4, 6, 6, 1, 6, 5, 6, 3, 4, 3, 3, 2, 1, 2, 4, 5, 6, 2, 5, 2, 3, 5, 1, 2, 5, 5, 3, 1, 1, 4, 1, 1, 1, 6, 5, 3, 6, 2, 6, 5, 3, 6, 5, 1, 1, 3, 6, 4, 1, 5, 4, 5, 2, 5, 1, 1, 6, 4, 1, 2] [1, 7, 2, 5, 4, 5, 5, 5, 4, 5, 1, 7, 2, 8, 5, 7, 5, 6, 7, 8, 4, 6, 8, 2, 7, 5, 8, 5, 4, 4, 4, 2, 3, 2, 4, 5, 7, 3, 5, 3, 4, 6, 2, 4, 6, 6, 5, 3, 3, 4, 1, 2, 1, 7, 7, 5, 6, 3, 7, 6, 4, 7, 5, 2, 1, 5, 6, 4, 2, 5, 5, 5, 2, 7, 2, 1, 8, 5, 3, 2]
B_37 60.35000000000001 B 77 [1, 3, 5, 4, 6, 4, 4, 2, 3, 4, 1, 3, 1, 3, 5, 6, 4, 4, 2, 2, 4, 5, 5, 2, 6, 6, 2, 1, 6, 2, 3, 3, 4, 5, 6, 6, 4, 3, 3, 4, 6, 5, 5, 5, 6, 6, 5, 1, 3, 6, 4, 1, 1, 4, 2, 3, 5, 2, 3, 3, 3, 1, 6, 4, 2, 3, 1, 5, 5, 3, 5, 5, 3, 4, 2, 1, 4, 1, 6, 4] [1, 4, 5, 6, 8, 5, 5, 4, 4, 5, 3, 4, 2, 4, 7, 7, 6, 6, 4, 2, 4, 7, 6, 4, 8, 6, 3, 3, 6, 2, 5, 5, 4, 6, 6, 6, 4, 4, 4, 4, 6, 7, 5, 5, 6, 8, 7, 3, 4, 8, 6, 3, 2, 4, 3, 5, 5, 2, 4, 3, 5, 2, 8, 6, 4, 4, 2, 7, 7, 3, 7, 6, 3, 6, 2, 3, 5, 2, 6, 5]
B_38 61.78000000000001 B 78 [5, 6, 5, 5, 1, 1, 1, 4, 3, 4, 1, 3, 2, 2, 5, 3, 4, 5, 3, 1, 1, 5, 3, 2, 4, 3, 5, 1, 3, 1, 6, 5, 6, 2, 6, 6, 6, 2, 3, 4, 3, 1, 5, 5, 5, 2, 2, 4, 6, 5, 1, 5, 4, 1, 3, 6, 4, 3, 2, 3, 4, 2, 3, 1, 6, 3, 2, 2, 1, 3, 2, 2, 3, 4, 2, 3, 1, 6, 3, 3] [7, 6, 6, 7, 2, 2, 1, 5, 5, 5, 3, 4, 3, 3, 5, 5, 6, 7, 5, 2, 3, 5, 5, 3, 6, 4, 6, 1, 5, 2, 8, 6, 6, 3, 8, 6, 6, 4, 3, 5, 5, 2, 5, 5, 6, 3, 2, 4, 8, 5, 1, 5, 6, 3, 3, 7, 4, 4, 3, 4, 5, 2, 3, 2, 7, 4, 4, 2, 3, 3, 3, 2, 4, 6, 2, 5, 3, 6, 3, 3]
B_39 64.65 B 79 [3, 5, 5, 3, 3, 1, 5, 5, 4, 1, 4, 1, 5, 5, 6, 2, 4, 5, 6, 2, 6, 1, 2, 3, 5, 3, 1, 5, 1, 3, 6, 3, 6, 3, 2, 4, 4, 6, 3, 6, 3, 2, 4, 4, 3, 3, 5, 6, 4, 4, 5, 1, 2, 5, 3, 5, 4, 3, 1, 4, 6, 1, 2, 6, 4, 6, 4, 1, 1, 1, 1, 2, 6, 5, 4, 3, 2, 4, 3, 3] [5, 6, 6, 5, 4, 2, 5, 7, 6, 3, 4, 2, 7, 5, 7, 3, 4, 6, 6, 2, 7, 1, 3, 4, 7, 3, 3, 7, 3, 4, 7, 3, 8, 3, 2, 6, 5, 6, 3, 6, 4, 3, 6, 4, 3, 5, 6, 6, 6, 4, 6, 1, 2, 7, 5, 5, 6, 4, 2, 6, 6, 2, 2, 6, 6, 7, 5, 2, 1, 2, 3, 3, 8, 6, 5, 4, 2, 5, 3, 4]
