A_0 1.67 A 0 [2, 3, 4, 4, 2, 3, 2, 4, 3, 4, 1, 2, 3, 2, 1, 3, 3, 2, 3, 3, 1, 4, 3, 2, 2, 3, 2, 3, 3, 3, 3, 3, 4, 4, 1, 4, 3, 4, 2, 3, 2, 4, 4, 4, 1, 1, 3, 1, 4, 4, 4, 4, 3, 2, 1, 3, 2, 2, 3, 2, 1, 4, 4, 1, 1, 2, 1, 3, 1, 2, 2, 1, 3, 1, 3, 1, 4, 1, 1, 3] [5, 7, 7, 7, 5, 7, 6, 6, 5, 8, 3, 4, 6, 6, 3, 6, 6, 5, 5, 7, 4, 6, 7, 4, 6, 7, 6, 5, 5, 6, 6, 6, 6, 6, 3, 8, 5, 8, 5, 7, 5, 6, 6, 6, 4, 3, 6, 4, 8, 6, 8, 6, 6, 4, 5, 7, 4, 5, 6, 6, 3, 6, 7, 4, 3, 4, 3, 6, 3, 6, 5, 4, 7, 3, 6, 4, 7, 3, 4, 5]
A_1 4.699999999999999 A 1 [3, 4, 3, 1, 2, 2, 3, 1, 3, 2, 1, 1, 3, 2, 1, 3, 3, 1, 2, 2, 3, 4, 3, 2, 4, 4, 4, 4, 2, 1, 2, 3, 4, 4, 1, 1, 1, 3, 1, 1, 4, 4, 4, 1, 3, 4, 1, 2, 3, 3, 2, 4, 4, 1, 4, 4, 3, 1, 1, 4, 2, 1, 2, 3, 3, 4, 2, 3, 4, 1, 4, 1, 3, 3, 3, 2, 4, 3, 1, 4] [7, 6, 5, 4, 5, 6, 7, 5, 6, 5, 3, 5, 7, 5, 3, 7, 6, 4, 6, 4, 7, 6, 7, 5, 6, 7, 6, 7, 4, 5, 5, 6, 8, 6, 4, 4, 4, 6, 3, 5, 7, 8, 6, 4, 7, 8, 5, 4, 6, 5, 5, 8, 6, 3, 7, 7, 6, 3, 3, 8, 4, 4, 4, 5, 6, 6, 5, 6, 7, 3, 8, 4, 6, 7, 5, 4, 8, 5, 5, 6]
A_2 6.079999999999999 A 2 [4, 3, 2, 3, 3, 1, 2, 1, 1, 4, 1, 3, 3, 3, 4, 1, 2, 4, 3, 2, 3, 2, 3, 2, 2, 2, 3, 3, 3, 3, 3, 4, 1, 2, 2, 2, 1, 1, 4, 3, 1, 2, 1, 4, 1, 2, 2, 1, 4, 1, 3, 1, 3, 1, 2, 1, 1, 2, 4, 3, 3, 3, 3, 2, 4, 3, 4, 3, 2, 1, 1, 2, 1, 3, 3, 3, 4, 4, 3, 4] [7, 5, 5, 6, 6, 5, 4, 4, 3, 8, 4, 6, 7, 5, 7, 5, 6, 6, 5, 5, 6, 6, 5, 6, 5, 4, 5, 6, 5, 7, 6, 8, 4, 4, 5, 5, 4, 4, 8, 5, 3, 6, 4, 7, 5, 4, 4, 3, 8, 4, 6, 3, 6, 3, 6, 3, 5, 5, 7, 7, 7, 5, 6, 6, 6, 7, 7, 6, 4, 5, 4, 6, 4, 5, 6, 6, 7, 7, 6, 6]
A_3 7.079999999999999 A 3 [4, 1, 3, 2, 3, 4, 4, 3, 3, 3, 4, 4, 1, 3, 3, 1, 4, 3, 4, 2, 2, 4, 2, 1, 1, 4, 3, 4, 3, 2, 1, 4, 1, 1, 4, 4, 1, 2, 1, 4, 2, 4, 4, 3, 1, 3, 2, 1, 2, 4, 4, 4, 3, 1, 3, 3, 3, 4, 2, 3, 2, 3, 4, 4, 1, 1, 3, 2, 2, 3, 3, 4, 2, 3, 1, 1, 4, 4, 1, 4] [7, 4, 6, 5, 5, 6, 6, 5, 5, 7, 7, 7, 5, 7, 7, 4, 7, 7, 8, 5, 4, 6, 6, 5, 3, 6, 7, 7, 5, 5, 5, 8, 5, 4, 6, 7, 4, 4, 3, 7, 6, 8, 8, 5, 4, 7, 6, 4, 6, 6, 8, 7, 5, 5, 5, 6, 6, 7, 5, 6, 5, 7, 8, 6, 4, 3, 5, 4, 6, 6, 7, 8, 4, 7, 3, 5, 7, 7, 3, 8]
A_4 8.079999999999998 A 4 [2, 2, 3, 3, 1, 3, 4, 1, 3, 2, 2, 4, 2, 3, 1, 3, 1, 3, 2, 1, 3, 1, 4, 3, 2, 3, 1, 1, 4, 4, 4, 1, 2, 4, 2, 1, 4, 2, 2, 1, 3, 3, 1, 3, 4, 3, 4, 3, 3, 2, 3, 4, 4, 3, 1, 3, 2, 3, 2, 4, 4, 2, 2, 1, 3, 3, 2, 2, 4, 1, 3, 1, 2, 2, 1, 1, 3, 1, 1, 4] [5, 5, 6, 5, 3, 7, 7, 3, 7, 4, 5, 8, 5, 7, 5, 6, 4, 5, 6, 3, 5, 4, 6, 7, 5, 6, 5, 3, 7, 8, 6, 3, 6, 6, 5, 3, 8, 5, 4, 4, 7, 7, 5, 7, 8, 5, 6, 7, 5, 4, 5, 6, 7, 6, 3, 5, 6, 7, 6, 6, 7, 6, 4, 5, 7, 5, 6, 6, 8, 3, 7, 3, 5, 6, 5, 4, 7, 5, 4, 7]
A_5 9.709999999999997 A 5 [3, 2, 1, 4, 3, 1, 3, 3, 2, 1, 3, 4, 2, 2, 4, 1, 1, 1, 4, 1, 3, 4, 2, 1, 2, 3, 4, 4, 3, 3, 2, 4, 1, 1, 3, 2, 1, 2, 2, 3, 1, 1, 3, 2, 2, 4, 4, 2, 1, 1, 2, 4, 1, 1, 2, 2, 3, 4, 4, 3, 2, 1, 1, 4, 1, 4, 1, 3, 4, 4, 4, 3, 1, 2, 3, 1, 1, 1, 1, 3] [7, 6, 5, 6, 7, 5, 7, 5, 5, 3, 6, 8, 4, 4, 8, 5, 5, 5, 8, 4, 6, 7, 5, 4, 4, 5, 6, 8, 6, 7, 6, 7, 3, 5, 5, 4, 3, 6, 6, 5, 4, 5, 5, 5, 6, 7, 6, 6, 5, 4, 6, 8, 5, 4, 5, 5, 5, 7, 6, 5, 6, 5, 4, 8, 4, 8, 5, 6, 6, 8, 8, 5, 4, 6, 5, 3, 3, 5, 4, 5]
A_6 13.499999999999996 A 6 [2, 3, 2, 4, 4, 3, 1, 3, 1, 4, 3, 1, 1, 4, 3, 4, 2, 2, 4, 1, 2, 2, 1, 1, 2, 3, 2, 3, 2, 3, 3, 2, 2, 2, 2, 2, 2, 3, 2, 2, 4, 3, 2, 2, 3, 4, 1, 3, 4, 2, 4, 4, 2, 1, 4, 3, 1, 4, 1, 4, 3, 4, 4, 2, 2, 3, 4, 4, 3, 2, 1, 2, 4, 2, 4, 1, 3, 4, 2, 4] [6, 7, 4, 6, 7, 7, 4, 7, 3, 6, 7, 5, 4, 8, 5, 8, 5, 6, 7, 3, 5, 5, 3, 3, 6, 6, 5, 6, 6, 6, 5, 6, 6, 6, 5, 4, 6, 5, 4, 6, 6, 7, 5, 5, 7, 8, 4, 6, 6, 5, 8, 6, 6, 5, 8, 7, 4, 8, 4, 7, 5, 6, 6, 4, 4, 6, 6, 7, 6, 4, 4, 5, 6, 6, 8, 5, 6, 6, 5, 8]
A_7 14.499999999999996 A 7 [4, 1, 1, 3, 1, 3, 3, 4, 3, 1, 1, 4, 3, 2, 3, 2, 2, 1, 1, 3, 4, 2, 1, 3, 2, 2, 3, 2, 1, 3, 1, 1, 1, 3, 3, 3, 2, 1, 3, 3, 3, 1, 1, 3, 2, 2, 3, 3, 1, 1, 3, 4, 3, 2, 4, 3, 4, 3, 3, 1, 4, 2, 4, 4, 3, 3, 4, 4, 4, 3, 4, 2, 1, 2, 1, 2, 2, 3, 2, 1] [6, 5, 4, 5, 3, 5, 7, 8, 7, 5, 5, 8, 7, 6, 7, 6, 4, 3, 4, 6, 7, 6, 4, 6, 4, 5, 7, 5, 4, 5, 5, 4, 4, 5, 6, 6, 6, 4, 7, 5, 5, 4, 4, 7, 5, 4, 6, 6, 3, 5, 6, 7, 6, 6, 7, 7, 6, 6, 5, 4, 7, 4, 7, 8, 5, 5, 6, 6, 8, 5, 6, 4, 4, 5, 4, 5, 6, 5, 4, 5]
A_8 15.499999999999996 A 8 [3, 3, 1, 3, 3, 2, 1, 3, 4, 3, 2, 2, 4, 2, 1, 4, 3, 2, 2, 2, 3, 3, 2, 1, 4, 3, 2, 2, 4, 3, 2, 4, 4, 1, 4, 1, 3, 2, 2, 3, 3, 2, 3, 2, 1, 1, 4, 3, 2, 2, 4, 2, 4, 1, 2, 3, 1, 2, 4, 1, 2, 1, 3, 3, 1, 2, 1, 2, 3, 1, 1, 3, 4, 2, 2, 4, 1, 2, 3, 1] [5, 6, 3, 5, 7, 5, 3, 7, 6, 6, 5, 6, 7, 5, 4, 7, 6, 6, 4, 6, 6, 7, 4, 5, 6, 5, 6, 6, 6, 5, 4, 6, 6, 4, 6, 3, 6, 5, 4, 6, 5, 4, 6, 5, 4, 5, 6, 7, 4, 6, 7, 5, 8, 3, 4, 5, 5, 4, 6, 5, 6, 3, 6, 5, 3, 4, 5, 5, 6, 3, 5, 6, 6, 6, 4, 7, 4, 6, 6, 3]
A_9 17.369999999999997 A 9 [4, 2, 4, 3, 2, 1, 4, 1, 3, 4, 1, 1, 4, 1, 4, 3, 1, 2, 4, 3, 2, 2, 3, 3, 2, 2, 2, 2, 1, 3, 2, 1, 1, 1, 2, 4, 3, 2, 4, 3, 1, 4, 3, 4, 3, 2, 3, 1, 2, 4, 1, 1, 3, 3, 2, 2, 4, 1, 3, 3, 2, 3, 2, 2, 3, 1, 1, 3, 1, 3, 4, 1, 1, 3, 3, 2, 2, 1, 4, 1] [8, 5, 8, 7, 4, 3, 6, 5, 6, 7, 5, 5, 6, 4, 7, 6, 5, 5, 8, 5, 6, 6, 5, 6, 6, 5, 6, 5, 5, 7, 4, 4, 5, 5, 6, 8, 6, 4, 6, 7, 4, 8, 7, 7, 6, 5, 7, 4, 5, 8, 5, 4, 7, 7, 6, 4, 8, 3, 7, 7, 6, 5, 5, 6, 7, 5, 3, 7, 3, 6, 7, 4, 4, 6, 5, 5, 4, 3, 7, 5]
A_10 25.22 A 10 [1, 1, 1, 4, 2, 3, 3, 1, 2, 1, 4, 1, 4, 2, 4, 2, 2, 4, 2, 4, 2, 2, 4, 4, 4, 3, 1, 1, 1, 4, 3, 3, 1, 3, 2, 4, 2, 2, 4, 3, 3, 2, 2, 3, 4, 2, 3, 3, 2, 1, 1, 1, 3, 1, 3, 2, 4, 2, 1, 4, 3, 3, 3, 3, 2, 3, 1, 4, 2, 3, 4, 2, 2, 1, 1, 1, 1, 4, 1, 4] [3, 3, 4, 7, 5, 6, 7, 5, 5, 5, 7, 5, 6, 5, 8, 5, 6, 6, 5, 8, 6, 4, 8, 8, 7, 5, 4, 5, 3, 7, 5, 6, 4, 6, 4, 7, 6, 4, 8, 5, 6, 4, 6, 5, 7, 4, 7, 6, 5, 3, 3, 4, 5, 4, 7, 4, 6, 6, 5, 8, 5, 5, 6, 6, 6, 7, 4, 7, 4, 5, 7, 5, 6, 3, 3, 5, 4, 8, 5, 8]
A_11 26.22 A 11 [2, 1, 3, 4, 4, 4, 1, 4, 2, 1, 1, 4, 1, 1, 3, 2, 1, 4, 1, 1, 4, 4, 2, 2, 4, 1, 1, 1, 3, 2, 1, 1, 4, 1, 1, 2, 2, 4, 3, 2, 1, 2, 4, 1, 2, 2, 1, 4, 1, 3, 3, 4, 4, 1, 3, 2, 3, 4, 2, 3, 2, 4, 4, 3, 2, 3, 2, 4, 4, 3, 3, 1, 3, 4, 4, 4, 4, 4, 4, 3] [4, 5, 6, 7, 8, 8, 5, 8, 6, 5, 5, 6, 4, 4, 7, 6, 4, 8, 5, 4, 8, 7, 5, 6, 6, 4, 3, 4, 7, 4, 3, 5, 7, 5, 4, 6, 6, 6, 7, 4, 3, 4, 7, 5, 6, 6, 3, 8, 5, 6, 5, 8, 8, 5, 6, 5, 5, 7, 5, 7, 4, 8, 6, 6, 5, 5, 4, 8, 8, 5, 6, 5, 6, 7, 6, 7, 7, 8, 6, 5]
A_12 27.22 A 12 [3, 3, 3, 1, 2, 2, 1, 3, 4, 4, 4, 1, 2, 4, 1, 4, 3, 2, 1, 4, 2, 1, 2, 4, 1, 2, 4, 1, 3, 4, 1, 1, 2, 2, 4, 1, 4, 3, 4, 2, 3, 1, 1, 1, 2, 2, 1, 1, 2, 4, 4, 3, 3, 3, 4, 4, 4, 2, 1, 4, 3, 1, 2, 2, 1, 4, 3, 4, 3, 3, 2, 4, 3, 4, 1, 4, 2, 2, 4, 3] [6, 7, 7, 5, 5, 4, 4, 7, 7, 6, 6, 4, 6, 8, 5, 8, 5, 6, 5, 6, 6, 5, 5, 6, 4, 6, 8, 4, 7, 7, 5, 3, 4, 6, 8, 4, 8, 6, 6, 4, 5, 5, 3, 4, 6, 5, 4, 4, 5, 6, 6, 7, 5, 6, 8, 8, 8, 6, 4, 8, 6, 4, 6, 5, 5, 8, 5, 8, 7, 7, 6, 7, 5, 7, 3, 7, 4, 4, 8, 6]
A_13 28.22 A 13 [2, 2, 3, 3, 3, 2, 4, 2, 2, 1, 2, 1, 4, 2, 3, 2, 3, 4, 3, 3, 1, 2, 3, 2, 3, 1, 4, 4, 3, 1, 1, 4, 1, 4, 2, 3, 1, 4, 3, 3, 1, 4, 1, 4, 2, 2, 3, 3, 1, 2, 1, 2, 2, 2, 1, 3, 1, 4, 1, 1, 2, 1, 3, 3, 1, 3, 1, 2, 3, 3, 3, 4, 4, 3, 2, 4, 4, 4, 1, 2] [6, 5, 5, 7, 7, 4, 8, 6, 5, 4, 5, 4, 8, 4, 7, 6, 5, 6, 5, 7, 4, 5, 7, 5, 6, 3, 7, 8, 7, 4, 3, 7, 5, 7, 5, 5, 5, 6, 7, 6, 3, 6, 3, 8, 6, 5, 6, 7, 3, 6, 4, 6, 5, 5, 3, 5, 3, 7, 5, 4, 5, 3, 7, 7, 3, 6, 4, 5, 5, 6, 7, 6, 8, 7, 4, 8, 6, 6, 3, 4]
A_14 29.22 A 14 [1, 1, 4, 3, 1, 4, 3, 3, 1, 4, 4, 3, 1, 3, 1, 4, 2, 1, 4, 3, 4, 2, 1, 2, 1, 2, 1, 1, 2, 2, 1, 4, 2, 1, 1, 3, 2, 3, 3, 3, 1, 1, 3, 1, 2, 2, 4, 2, 3, 4, 2, 3, 4, 1, 2, 2, 1, 4, 2, 3, 3, 1, 1, 3, 3, 2, 1, 4, 2, 4, 3, 2, 4, 2, 3, 3, 2, 3, 2, 4] [3, 3, 7, 7, 5, 8, 5, 7, 4, 7, 8, 7, 5, 7, 5, 8, 6, 5, 7, 5, 7, 5, 3, 6, 3, 6, 3, 3, 6, 5, 5, 6, 4, 5, 5, 6, 6, 7, 7, 5, 3, 5, 6, 5, 4, 4, 7, 6, 5, 6, 4, 5, 6, 3, 4, 5, 4, 6, 5, 6, 6, 3, 3, 7, 5, 4, 4, 6, 4, 8, 7, 6, 6, 6, 5, 7, 6, 7, 6, 6]
A_15 30.22 A 15 [3, 3, 1, 1, 3, 1, 4, 2, 4, 3, 2, 2, 4, 2, 4, 4, 2, 4, 2, 4, 2, 1, 3, 4, 4, 4, 2, 1, 3, 4, 1, 3, 2, 2, 2, 2, 1, 4, 1, 1, 2, 3, 1, 1, 1, 3, 2, 1, 4, 1, 4, 2, 1, 4, 3, 1, 1, 3, 3, 4, 1, 4, 3, 3, 3, 4, 2, 1, 1, 3, 1, 3, 1, 1, 2, 2, 4, 4, 2, 2] [6, 7, 5, 4, 6, 5, 8, 6, 7, 6, 5, 6, 8, 6, 8, 7, 5, 7, 5, 7, 5, 3, 7, 8, 8, 8, 6, 4, 7, 7, 5, 6, 5, 5, 5, 6, 3, 6, 5, 4, 6, 7, 3, 3, 4, 6, 6, 3, 6, 4, 8, 6, 5, 6, 5, 4, 4, 6, 7, 8, 4, 7, 7, 5, 6, 8, 5, 5, 5, 7, 4, 5, 4, 3, 5, 6, 6, 6, 6, 4]
A_16 33.71 A 16 [3, 3, 2, 4, 1, 1, 2, 2, 3, 1, 2, 1, 3, 3, 2, 2, 2, 4, 1, 3, 1, 4, 3, 1, 2, 2, 1, 1, 1, 3, 3, 2, 1, 2, 2, 4, 1, 2, 1, 3, 4, 1, 4, 2, 1, 3, 3, 3, 4, 1, 3, 2, 3, 4, 4, 2, 2, 3, 1, 2, 1, 4, 2, 2, 4, 1, 3, 1, 2, 1, 3, 3, 2, 4, 3, 4, 4, 3, 4, 3] [6, 6, 6, 7, 4, 5, 5, 4, 6, 5, 6, 4, 5, 5, 6, 5, 5, 6, 3, 7, 3, 8, 6, 3, 4, 4, 4, 4, 5, 5, 7, 5, 5, 4, 4, 6, 5, 6, 5, 5, 8, 3, 8, 5, 5, 6, 7, 6, 7, 3, 7, 4, 7, 7, 8, 5, 4, 5, 5, 5, 3, 8, 4, 4, 8, 3, 7, 5, 6, 3, 6, 6, 5, 8, 6, 7, 7, 6, 6, 7]
A_17 37.52 A 17 [2, 1, 4, 3, 3, 1, 2, 1, 2, 2, 4, 4, 2, 4, 1, 4, 4, 3, 3, 1, 4, 4, 4, 4, 2, 4, 1, 4, 2, 1, 3, 3, 3, 4, 1, 1, 4, 4, 1, 1, 3, 3, 3, 3, 2, 3, 3, 3, 3, 1, 3, 3, 1, 3, 1, 2, 3, 4, 2, 4, 3, 4, 3, 3, 4, 3, 4, 1, 3, 4, 2, 3, 4, 1, 2, 3, 4, 4, 2, 1] [5, 4, 6, 7, 5, 5, 6, 3, 6, 5, 6, 8, 6, 6, 5, 7, 6, 5, 7, 4, 8, 6, 7, 7, 4, 6, 5, 8, 4, 5, 6, 5, 5, 7, 3, 4, 7, 6, 3, 3, 7, 5, 7, 6, 6, 6, 5, 6, 6, 4, 5, 5, 3, 5, 3, 4, 7, 7, 4, 7, 7, 7, 5, 7, 7, 7, 6, 3, 6, 7, 5, 6, 7, 5, 6, 6, 8, 8, 4, 3]
A_18 38.52 A 18 [3, 2, 3, 4, 2, 4, 4, 1, 2, 4, 2, 1, 1, 3, 4, 2, 1, 3, 1, 4, 3, 2, 3, 4, 4, 3, 3, 1, 4, 2, 2, 2, 1, 4, 1, 1, 3, 2, 2, 3, 2, 4, 1, 2, 3, 3, 1, 1, 1, 1, 2, 1, 3, 2, 3, 4, 3, 2, 4, 4, 3, 3, 4, 2, 1, 3, 1, 1, 2, 1, 2, 1, 3, 4, 4, 3, 2, 4, 1, 1] [5, 6, 5, 8, 6, 8, 7, 4, 4, 8, 5, 5, 5, 5, 7, 5, 3, 7, 4, 6, 6, 5, 5, 7, 8, 5, 6, 3, 8, 5, 4, 4, 5, 7, 4, 4, 6, 6, 5, 6, 4, 7, 5, 4, 6, 7, 5, 5, 4, 4, 4, 4, 5, 5, 7, 8, 5, 4, 8, 7, 6, 7, 6, 5, 3, 5, 4, 5, 4, 5, 6, 5, 5, 8, 7, 7, 5, 8, 4, 5]
A_19 39.52 A 19 [3, 2, 2, 2, 1, 1, 1, 3, 2, 3, 4, 1, 4, 3, 3, 4, 3, 1, 4, 4, 2, 1, 3, 3, 1, 2, 1, 4, 2, 3, 3, 3, 1, 4, 1, 1, 1, 2, 1, 3, 1, 2, 2, 4, 4, 4, 1, 2, 1, 1, 1, 1, 4, 2, 3, 3, 3, 1, 1, 3, 4, 4, 1, 3, 2, 2, 1, 1, 2, 4, 4, 1, 3, 3, 1, 2, 3, 2, 3, 1] [7, 4, 5, 5, 3, 4, 3, 6, 6, 5, 8, 4, 6, 7, 5, 7, 7, 4, 6, 7, 5, 4, 5, 6, 3, 6, 4, 7, 5, 5, 5, 6, 4, 7, 5, 5, 3, 6, 5, 7, 3, 6, 4, 7, 7, 7, 3, 5, 4, 4, 4, 4, 8, 5, 5, 5, 5, 3, 3, 7, 8, 8, 5, 7, 4, 5, 3, 3, 6, 8, 7, 5, 5, 5, 4, 4, 7, 4, 5, 3]
A_20 41.81 A 20 [1, 3, 3, 2, 3, 3, 2, 4, 3, 2, 2, 4, 2, 1, 4, 2, 1, 4, 3, 2, 2, 4, 3, 3, 1, 3, 3, 4, 3, 3, 2, 1, 3, 1, 4, 3, 2, 2, 2, 2, 1, 3, 1, 3, 4, 3, 4, 3, 2, 3, 4, 3, 2, 4, 2, 3, 1, 2, 2, 3, 1, 3, 3, 1, 2, 3, 2, 1, 4, 2, 1, 4, 1, 3, 1, 4, 3, 2, 4, 4] [4, 7, 6, 4, 5, 6, 5, 7, 6, 6, 6, 8, 6, 4, 7, 5, 3, 8, 6, 5, 4, 8, 5, 7, 4, 6, 6, 7, 7, 7, 4, 5, 6, 3, 8, 5, 4, 6, 4, 5, 3, 7, 5, 6, 6, 7, 8, 5, 5, 5, 6, 5, 4, 6, 4, 7, 3, 4, 4, 7, 4, 6, 7, 5, 6, 6, 6, 3, 8, 6, 5, 6, 5, 5, 5, 8, 6, 6, 7, 7]
A_21 42.81 A 21 [4, 4, 2, 4, 1, 4, 2, 2, 3, 2, 2, 4, 1, 2, 2, 1, 4, 4, 2, 1, 4, 3, 3, 4, 4, 3, 4, 4, 4, 2, 4, 2, 2, 4, 1, 1, 2, 1, 3, 4, 2, 1, 2, 4, 2, 1, 4, 1, 2, 3, 3, 2, 3, 2, 2, 3, 3, 4, 3, 2, 3, 3, 3, 2, 3, 1, 4, 2, 3, 3, 3, 2, 3, 3, 4, 3, 1, 1, 2, 3] [6, 6, 6, 6, 4, 7, 5, 6, 7, 6, 4, 7, 5, 5, 5, 3, 8, 6, 5, 4, 8, 6, 6, 7, 8, 6, 8, 7, 7, 5, 8, 5, 6, 7, 5, 5, 6, 4, 5, 6, 6, 3, 5, 8, 5, 4, 7, 4, 6, 7, 7, 4, 5, 6, 6, 5, 6, 8, 6, 5, 7, 5, 6, 6, 7, 5, 6, 6, 5, 6, 5, 5, 7, 6, 6, 7, 4, 4, 4, 7]
A_22 43.81 A 22 [3, 3, 3, 2, 4, 2, 1, 1, 2, 3, 4, 2, 2, 3, 1, 3, 3, 4, 3, 3, 3, 3, 2, 2, 2, 3, 4, 1, 2, 2, 3, 2, 4, 3, 4, 1, 3, 2, 3, 1, 1, 2, 4, 1, 1, 1, 4, 3, 1, 2, 1, 4, 3, 1, 3, 1, 4, 4, 2, 1, 3, 3, 3, 2, 3, 3, 2, 3, 1, 4, 2, 4, 2, 2, 2, 4, 1, 1, 3, 4] [7, 7, 5, 6, 6, 5, 3, 4, 4, 5, 8, 5, 5, 7, 3, 7, 6, 7, 5, 5, 5, 6, 5, 4, 4, 5, 8, 4, 4, 4, 7, 5, 7, 7, 7, 4, 7, 6, 5, 4, 3, 6, 7, 3, 4, 5, 7, 5, 3, 5, 4, 8, 6, 5, 7, 5, 7, 8, 4, 4, 5, 7, 6, 4, 6, 7, 6, 5, 4, 7, 5, 6, 5, 6, 5, 7, 3, 3, 7, 8]
A_23 47.080000000000005 A 23 [2, 2, 2, 1, 3, 1, 1, 3, 1, 3, 4, 2, 4, 2, 2, 4, 1, 4, 4, 3, 3, 4, 2, 3, 3, 1, 1, 2, 4, 4, 3, 4, 2, 2, 3, 4, 3, 1, 1, 4, 3, 1, 2, 3, 4, 2, 3, 3, 1, 1, 4, 4, 3, 2, 2, 4, 1, 4, 4, 2, 3, 3, 4, 3, 4, 4, 4, 1, 4, 2, 4, 3, 1, 2, 1, 3, 2, 4, 4, 3] [4, 5, 6, 5, 7, 4, 3, 6, 5, 6, 8, 6, 6, 5, 6, 8, 3, 7, 7, 6, 7, 7, 4, 6, 6, 5, 5, 6, 7, 8, 5, 8, 5, 6, 7, 6, 6, 3, 5, 7, 7, 4, 4, 6, 7, 5, 7, 7, 4, 4, 7, 6, 7, 4, 5, 8, 4, 8, 7, 5, 7, 6, 7, 7, 7, 7, 7, 3, 6, 5, 6, 7, 5, 4, 3, 5, 6, 6, 7, 6]
A_24 48.080000000000005 A 24 [2, 4, 2, 1, 2, 2, 2, 2, 4, 2, 4, 4, 1, 3, 1, 4, 2, 2, 4, 1, 1, 4, 2, 3, 4, 2, 3, 4, 2, 4, 3, 2, 1, 4, 3, 4, 1, 4, 1, 2, 2, 4, 3, 1, 3, 2, 1, 4, 2, 3, 2, 2, 1, 3, 3, 1, 1, 3, 1, 4, 1, 3, 2, 3, 1, 2, 3, 1, 3, 1, 2, 1, 2, 4, 1, 1, 1, 2, 4, 1] [6, 6, 5, 3, 5, 4, 6, 4, 6, 6, 7, 6, 4, 6, 3, 8, 4, 4, 8, 3, 4, 8, 4, 6, 8, 5, 6, 8, 6, 6, 6, 6, 4, 8, 7, 6, 4, 7, 3, 4, 5, 7, 7, 3, 6, 5, 4, 6, 6, 7, 6, 5, 5, 5, 6, 3, 4, 6, 3, 8, 4, 5, 5, 7, 5, 5, 6, 5, 6, 5, 4, 4, 4, 7, 3, 5, 5, 6, 8, 3]
A_25 51.190000000000005 A 25 [3, 4, 2, 4, 3, 3, 3, 2, 3, 2, 3, 1, 2, 1, 2, 4, 2, 4, 3, 2, 3, 3, 3, 1, 2, 1, 2, 2, 1, 1, 2, 1, 3, 1, 3, 4, 2, 3, 1, 3, 1, 4, 2, 1, 2, 4, 2, 2, 1, 2, 3, 2, 3, 4, 3, 3, 4, 4, 1, 3, 2, 1, 3, 1, 3, 4, 1, 3, 4, 4, 2, 1, 1, 2, 3, 1, 4, 2, 3, 3] [7, 7, 4, 6, 6, 5, 6, 5, 5, 5, 5, 4, 6, 3, 6, 8, 4, 6, 5, 6, 6, 6, 5, 5, 5, 4, 6, 4, 5, 3, 4, 5, 6, 4, 5, 6, 5, 7, 4, 5, 5, 8, 4, 5, 6, 7, 4, 5, 4, 6, 5, 4, 7, 8, 6, 7, 7, 8, 4, 5, 6, 5, 5, 5, 6, 8, 5, 5, 8, 6, 5, 4, 3, 5, 7, 3, 8, 5, 7, 6]
A_26 54.980000000000004 A 26 [2, 4, 3, 3, 1, 4, 2, 3, 2, 2, 1, 1, 4, 4, 1, 2, 1, 1, 3, 1, 3, 4, 4, 1, 3, 2, 2, 4, 1, 2, 2, 3, 4, 4, 1, 2, 4, 3, 2, 3, 1, 3, 1, 4, 3, 3, 3, 4, 1, 1, 2, 2, 4, 1, 1, 3, 4, 4, 1, 4, 2, 1, 1, 4, 4, 2, 3, 2, 2, 3, 2, 4, 2, 4, 3, 4, 4, 4, 3, 2] [6, 6, 5, 7, 5, 6, 5, 7, 6, 6, 4, 3, 8, 7, 3, 6, 4, 5, 6, 4, 6, 8, 8, 5, 6, 6, 4, 8, 5, 5, 5, 7, 7, 7, 3, 6, 7, 7, 4, 6, 5, 5, 4, 7, 7, 7, 6, 6, 3, 4, 6, 6, 7, 3, 5, 6, 8, 7, 4, 6, 5, 4, 4, 8, 8, 4, 5, 6, 4, 5, 6, 7, 4, 7, 6, 6, 7, 6, 7, 5]
A_27 58.330000000000005 A 27 [3, 4, 3, 4, 1, 4, 3, 2, 2, 2, 1, 1, 1, 4, 1, 1, 1, 4, 1, 4, 4, 4, 1, 2, 4, 2, 4, 1, 4, 2, 2, 4, 1, 1, 2, 3, 4, 4, 1, 4, 3, 2, 3, 3, 1, 2, 2, 2, 2, 3, 1, 4, 2, 3, 1, 1, 4, 3, 1, 3, 1, 3, 3, 4, 2, 4, 1, 2, 2, 1, 3, 2, 1, 2, 4, 3, 4, 3, 2, 2] [5, 7, 6, 7, 3, 8, 6, 5, 6, 5, 5, 4, 4, 8, 3, 4, 4, 8, 3, 7, 7, 7, 4, 6, 8, 4, 8, 5, 8, 4, 6, 6, 4, 5, 6, 6, 6, 7, 3, 8, 5, 4, 7, 5, 4, 4, 6, 6, 4, 6, 4, 8, 5, 7, 3, 3, 6, 5, 4, 7, 3, 6, 6, 8, 6, 6, 3, 4, 6, 3, 5, 6, 4, 6, 6, 7, 6, 7, 6, 4]
A_28 59.540000000000006 A 28 [3, 2, 3, 3, 4, 3, 2, 1, 4, 1, 1, 3, 3, 3, 2, 3, 1, 2, 4, 2, 3, 4, 2, 4, 2, 1, 1, 4, 2, 4, 4, 2, 4, 3, 2, 3, 4, 4, 3, 3, 3, 3, 3, 3, 1, 4, 2, 1, 1, 4, 3, 3, 3, 3, 4, 2, 2, 2, 1, 1, 1, 4, 3, 2, 3, 4, 1, 1, 4, 1, 1, 3, 3, 2, 4, 1, 3, 1, 4, 3] [5, 4, 5, 5, 7, 6, 6, 4, 6, 5, 3, 7, 7, 7, 6, 7, 5, 4, 8, 5, 7, 7, 4, 7, 6, 5, 5, 8, 6, 7, 6, 5, 8, 6, 6, 6, 8, 7, 6, 6, 7, 7, 6, 6, 5, 6, 6, 4, 4, 6, 7, 5, 6, 5, 8, 5, 4, 4, 5, 3, 3, 7, 5, 4, 7, 6, 4, 3, 8, 4, 5, 5, 5, 5, 6, 5, 7, 3, 7, 6]
A_29 60.540000000000006 A 29 [3, 1, 3, 2, 4, 3, 3, 3, 3, 3, 4, 2, 4, 1, 2, 4, 3, 1, 2, 3, 3, 2, 2, 4, 4, 1, 2, 2, 4, 3, 2, 2, 4, 1, 4, 1, 4, 4, 3, 4, 4, 4, 1, 3, 2, 3, 1, 3, 2, 2, 3, 3, 2, 3, 1, 1, 2, 4, 4, 2, 3, 2, 4, 3, 4, 1, 1, 2, 2, 2, 2, 2, 3, 1, 3, 2, 4, 2, 2, 2] [6, 5, 7, 5, 8, 7, 6, 5, 5, 7, 7, 4, 7, 4, 5, 7, 5, 5, 5, 5, 7, 5, 4, 8, 6, 3, 5, 4, 7, 5, 6, 4, 8, 3, 7, 5, 7, 7, 6, 6, 8, 7, 3, 5, 4, 6, 4, 7, 6, 5, 7, 5, 4, 7, 5, 3, 6, 6, 8, 6, 5, 6, 6, 5, 7, 3, 4, 5, 4, 6, 6, 5, 7, 4, 6, 4, 6, 5, 5, 5]
A_30 61.540000000000006 A 30 [3, 2, 3, 1, 4, 2, 3, 1, 2, 2, 3, 1, 1, 1, 1, 1, 3, 3, 2, 3, 2, 4, 3, 3, 3, 2, 2, 2, 4, 2, 1, 4, 4, 1, 2, 4, 1, 2, 1, 3, 2, 3, 1, 1, 2, 1, 4, 4, 1, 2, 1, 2, 1, 4, 2, 3, 2, 1, 4, 1, 2, 2, 2, 3, 3, 2, 2, 1, 3, 1, 4, 2, 1, 3, 4, 4, 1, 3, 1, 3] [6, 5, 6, 5, 6, 6, 5, 5, 4, 4, 5, 3, 5, 3, 5, 5, 7, 6, 4, 5, 4, 8, 7, 5, 6, 4, 5, 6, 6, 6, 3, 6, 6, 4, 5, 7, 4, 5, 4, 6, 6, 5, 3, 5, 5, 3, 6, 8, 4, 5, 3, 5, 3, 6, 4, 6, 5, 4, 7, 3, 4, 6, 5, 5, 6, 4, 6, 4, 6, 5, 6, 5, 5, 6, 6, 8, 4, 5, 3, 7]
A_31 64.32000000000001 A 31 [3, 3, 4, 4, 1, 4, 2, 1, 4, 1, 3, 1, 1, 4, 4, 3, 2, 3, 2, 3, 1, 2, 2, 4, 2, 1, 3, 4, 2, 2, 4, 4, 2, 1, 3, 3, 4, 1, 3, 3, 2, 1, 3, 4, 3, 2, 4, 2, 1, 3, 4, 3, 2, 1, 3, 3, 3, 3, 1, 3, 2, 3, 1, 1, 4, 1, 3, 2, 2, 1, 1, 1, 4, 2, 1, 4, 3, 4, 1, 1] [6, 6, 8, 8, 3, 7, 6, 4, 6, 4, 6, 5, 3, 7, 6, 6, 5, 5, 4, 6, 5, 5, 5, 8, 6, 5, 7, 6, 5, 4, 6, 7, 4, 5, 6, 7, 7, 5, 6, 6, 5, 5, 7, 6, 5, 6, 7, 5, 5, 7, 7, 5, 6, 3, 6, 5, 5, 5, 5, 6, 6, 7, 5, 5, 8, 3, 6, 5, 4, 4, 5, 4, 8, 5, 4, 6, 6, 7, 3, 3]
A_32 67.35000000000001 A 32 [4, 4, 1, 1, 2, 1, 2, 1, 4, 1, 1, 4, 2, 1, 2, 2, 1, 3, 1, 1, 3, 2, 4, 2, 1, 3, 4, 1, 4, 4, 4, 2, 4, 1, 4, 3, 3, 4, 2, 1, 1, 4, 1, 1, 4, 2, 3, 1, 3, 1, 1, 3, 1, 1, 2, 1, 2, 3, 4, 2, 1, 1, 3, 4, 4, 4, 1, 3, 2, 1, 4, 1, 4, 4, 3, 1, 4, 2, 2, 2] [6, 8, 4, 5, 6, 3, 6, 4, 6, 5, 4, 7, 4, 5, 4, 5, 5, 5, 5, 4, 6, 6, 7, 5, 4, 6, 7, 4, 8, 8, 6, 4, 6, 5, 7, 6, 6, 8, 6, 4, 4, 7, 3, 3, 6, 6, 5, 4, 5, 5, 4, 7, 4, 3, 4, 3, 6, 5, 6, 4, 4, 4, 7, 6, 6, 6, 5, 7, 5, 4, 6, 3, 8, 8, 7, 4, 6, 6, 6, 4]
A_33 68.68 A 33 [4, 4, 2, 1, 4, 1, 2, 3, 1, 1, 3, 1, 2, 4, 1, 2, 2, 4, 4, 4, 1, 4, 3, 2, 4, 1, 4, 1, 3, 1, 1, 1, 1, 2, 1, 2, 4, 4, 2, 2, 1, 1, 3, 4, 1, 4, 2, 1, 1, 3, 1, 3, 1, 3, 1, 4, 3, 4, 1, 4, 1, 1, 1, 2, 2, 3, 1, 3, 3, 4, 4, 3, 2, 4, 4, 2, 2, 3, 4, 3] [6, 6, 4, 4, 6, 5, 6, 5, 4, 5, 6, 5, 6, 7, 5, 5, 4, 7, 7, 7, 3, 7, 7, 6, 8, 4, 7, 5, 6, 3, 4, 5, 5, 4, 3, 6, 6, 7, 5, 5, 3, 3, 7, 7, 3, 7, 4, 5, 5, 5, 5, 6, 3, 5, 5, 6, 6, 6, 4, 8, 5, 4, 3, 6, 4, 7, 4, 7, 5, 8, 6, 5, 4, 6, 7, 6, 6, 5, 6, 7]
A_34 71.39 A 34 [1, 1, 2, 4, 2, 3, 2, 3, 4, 2, 2, 1, 4, 2, 1, 2, 2, 1, 1, 1, 4, 1, 4, 3, 3, 3, 1, 2, 2, 4, 2, 3, 4, 1, 2, 1, 3, 4, 2, 4, 2, 1, 3, 2, 1, 2, 3, 1, 2, 4, 2, 2, 3, 3, 3, 1, 3, 1, 1, 4, 4, 2, 3, 1, 3, 4, 2, 4, 2, 2, 4, 2, 1, 4, 2, 1, 2, 2, 4, 4] [3, 4, 5, 6, 5, 5, 5, 6, 6, 6, 4, 4, 8, 5, 5, 5, 4, 3, 4, 5, 8, 5, 7, 7, 7, 5, 3, 6, 6, 7, 5, 6, 7, 3, 6, 3, 7, 6, 4, 8, 4, 4, 5, 6, 3, 6, 7, 5, 4, 7, 6, 4, 6, 6, 6, 4, 7, 3, 3, 6, 6, 5, 6, 5, 6, 7, 5, 7, 6, 4, 8, 4, 3, 8, 5, 4, 5, 4, 8, 8]
A_35 72.39 A 35 [4, 1, 2, 4, 1, 2, 2, 3, 1, 4, 4, 2, 1, 3, 3, 2, 4, 1, 1, 1, 3, 1, 1, 4, 4, 4, 2, 3, 3, 1, 4, 3, 3, 2, 1, 2, 1, 3, 4, 3, 1, 3, 3, 4, 1, 4, 4, 1, 4, 1, 4, 1, 4, 2, 2, 1, 1, 3, 1, 3, 2, 3, 3, 1, 4, 2, 1, 1, 4, 4, 2, 1, 1, 4, 3, 4, 4, 4, 4, 1] [8, 4, 5, 7, 3, 4, 4, 6, 3, 8, 7, 6, 4, 5, 6, 6, 6, 4, 4, 5, 5, 5, 4, 6, 6, 6, 6, 6, 6, 5, 7, 7, 6, 6, 3, 6, 3, 5, 8, 5, 3, 6, 7, 6, 3, 8, 6, 5, 6, 4, 6, 5, 7, 5, 5, 3, 3, 5, 3, 6, 6, 6, 7, 4, 6, 6, 4, 4, 7, 8, 4, 3, 5, 8, 6, 7, 7, 6, 8, 5]
A_36 74.27 A 36 [3, 1, 1, 1, 4, 1, 2, 2, 3, 3, 2, 2, 4, 1, 2, 1, 1, 4, 3, 1, 2, 2, 3, 3, 1, 2, 4, 4, 4, 4, 1, 4, 3, 4, 3, 1, 2, 3, 1, 4, 1, 1, 3, 3, 3, 3, 4, 3, 1, 4, 3, 1, 4, 3, 2, 1, 4, 3, 2, 4, 2, 1, 4, 3, 3, 2, 1, 3, 2, 4, 3, 4, 2, 4, 4, 2, 3, 3, 3, 4] [5, 4, 4, 4, 8, 3, 6, 6, 6, 6, 6, 6, 8, 5, 6, 3, 5, 7, 6, 3, 4, 6, 7, 6, 4, 5, 7, 6, 8, 7, 4, 7, 6, 6, 7, 3, 6, 7, 4, 7, 4, 4, 7, 6, 5, 5, 7, 5, 3, 7, 6, 5, 6, 7, 4, 4, 6, 6, 4, 7, 4, 3, 8, 6, 6, 4, 3, 5, 6, 7, 6, 7, 6, 6, 7, 4, 7, 5, 5, 7]
A_37 75.27 A 37 [4, 3, 1, 2, 2, 2, 3, 1, 2, 2, 2, 4, 3, 4, 3, 4, 2, 4, 2, 2, 2, 1, 2, 1, 4, 3, 3, 4, 4, 4, 2, 1, 4, 4, 4, 3, 3, 3, 1, 2, 1, 1, 1, 3, 2, 1, 4, 4, 3, 3, 2, 1, 1, 1, 1, 1, 3, 2, 3, 3, 4, 4, 2, 4, 2, 3, 4, 4, 2, 4, 2, 1, 3, 3, 1, 3, 3, 3, 4, 3] [8, 6, 4, 4, 5, 6, 5, 4, 5, 4, 4, 6, 6, 6, 7, 6, 6, 6, 6, 6, 6, 4, 6, 3, 7, 7, 7, 7, 7, 7, 5, 5, 8, 7, 6, 5, 7, 5, 3, 5, 5, 5, 3, 6, 4, 5, 6, 7, 7, 7, 4, 4, 3, 5, 3, 4, 5, 5, 5, 6, 6, 6, 6, 8, 4, 5, 8, 7, 5, 8, 6, 5, 5, 7, 4, 6, 6, 7, 7, 7]
A_38 76.27 A 38 [2, 1, 4, 1, 2, 2, 2, 3, 2, 4, 4, 3, 4, 3, 3, 1, 1, 1, 2, 1, 2, 3, 3, 1, 1, 1, 2, 1, 3, 3, 1, 3, 2, 2, 2, 4, 1, 1, 2, 2, 2, 1, 2, 2, 3, 3, 2, 4, 2, 4, 4, 1, 2, 4, 1, 1, 4, 4, 4, 2, 1, 1, 2, 1, 4, 3, 4, 2, 2, 1, 3, 1, 4, 1, 2, 1, 2, 4, 3, 3] [5, 3, 8, 3, 4, 6, 4, 7, 4, 6, 8, 7, 6, 7, 7, 5, 5, 3, 5, 5, 4, 5, 5, 5, 3, 4, 4, 3, 6, 6, 4, 6, 6, 5, 4, 8, 4, 3, 5, 4, 5, 3, 5, 4, 7, 5, 6, 6, 6, 6, 6, 3, 5, 7, 3, 4, 8, 8, 6, 4, 3, 4, 4, 5, 8, 5, 6, 4, 5, 4, 6, 3, 8, 4, 4, 4, 5, 8, 6, 5]
A_39 77.27 A 39 [3, 1, 3, 4, 1, 3, 2, 3, 3, 3, 3, 2, 2, 3, 3, 1, 3, 1, 3, 3, 2, 4, 1, 4, 2, 3, 3, 4, 3, 4, 3, 3, 1, 2, 4, 3, 4, 2, 2, 3, 2, 3, 4, 2, 4, 3, 1, 1, 2, 2, 3, 4, 3, 3, 1, 4, 1, 2, 4, 4, 2, 3, 2, 2, 1, 1, 3, 2, 2, 4, 2, 1, 1, 4, 1, 2, 3, 4, 3, 1] [7, 5, 5, 7, 4, 5, 6, 5, 6, 7, 5, 4, 4, 6, 5, 4, 5, 3, 6, 7, 5, 6, 4, 7, 4, 5, 6, 8, 6, 6, 6, 6, 4, 5, 8, 5, 7, 5, 4, 5, 6, 6, 6, 6, 6, 7, 3, 5, 4, 4, 6, 7, 7, 7, 5, 8, 5, 6, 7, 7, 4, 6, 6, 5, 3, 3, 6, 5, 5, 6, 5, 4, 4, 8, 3, 6, 6, 7, 6, 5]
B_0 2.08 B 40 [2, 4, 1, 2, 3, 1, 4, 3, 3, 1, 3, 1, 3, 1, 1, 2, 4, 3, 2, 1, 1, 2, 1, 3, 2, 1, 1, 3, 3, 4, 2, 2, 1, 1, 2, 1, 1, 1, 2, 2, 1, 3, 1, 1, 3, 1, 4, 4, 2, 2, 2, 1, 4, 2, 1, 1, 2, 1, 3, 3, 4, 2, 3, 2, 2, 4, 2, 2, 3, 2, 4, 2, 3, 2, 4, 2, 3, 1, 1, 1] [5, 7, 3, 6, 7, 4, 6, 5, 5, 4, 6, 3, 5, 3, 3, 6, 8, 7, 4, 3, 3, 6, 3, 7, 5, 5, 5, 5, 7, 8, 6, 5, 4, 3, 4, 3, 4, 5, 5, 6, 5, 7, 4, 4, 7, 3, 7, 6, 4, 5, 4, 4, 8, 4, 5, 4, 6, 4, 6, 7, 7, 5, 5, 5, 6, 6, 5, 6, 7, 4, 8, 4, 6, 5, 8, 4, 6, 4, 4, 4]
B_1 6.68 B 41 [4, 4, 2, 4, 3, 1, 3, 1, 2, 4, 2, 2, 1, 4, 1, 3, 1, 3, 4, 2, 3, 1, 2, 1, 4, 4, 3, 2, 3, 4, 3, 1, 4, 1, 1, 3, 1, 1, 1, 3, 3, 4, 1, 4, 4, 2, 3, 4, 1, 4, 3, 4, 1, 4, 3, 2, 1, 1, 3, 4, 4, 3, 1, 1, 1, 3, 2, 3, 4, 2, 3, 2, 2, 4, 2, 4, 2, 4, 4, 3] [6, 8, 6, 8, 7, 5, 7, 4, 4, 8, 4, 4, 5, 6, 5, 7, 3, 5, 7, 6, 7, 3, 6, 4, 7, 8, 5, 4, 7, 7, 5, 5, 7, 3, 4, 6, 4, 5, 3, 6, 7, 7, 5, 7, 6, 5, 6, 6, 3, 8, 5, 6, 3, 6, 7, 6, 5, 4, 6, 6, 8, 5, 4, 5, 5, 7, 5, 6, 8, 6, 5, 6, 5, 7, 5, 6, 6, 7, 8, 5]
B_2 8.59 B 42 [4, 4, 1, 4, 1, 3, 2, 1, 3, 3, 2, 4, 1, 1, 3, 1, 4, 3, 1, 2, 1, 2, 4, 2, 3, 2, 1, 3, 3, 1, 1, 3, 1, 3, 3, 3, 3, 1, 2, 4, 1, 1, 4, 2, 3, 1, 1, 4, 3, 3, 3, 4, 1, 1, 4, 1, 1, 3, 3, 3, 3, 3, 3, 2, 4, 1, 1, 2, 3, 3, 3, 1, 1, 3, 1, 4, 2, 4, 2, 2] [6, 6, 4, 8, 5, 5, 5, 4, 6, 7, 6, 7, 3, 3, 6, 3, 8, 7, 5, 4, 5, 5, 7, 4, 7, 4, 4, 7, 6, 3, 3, 7, 3, 7, 5, 7, 7, 3, 5, 6, 4, 5, 6, 4, 7, 4, 4, 8, 6, 6, 7, 6, 4, 4, 8, 5, 4, 6, 7, 6, 7, 7, 6, 4, 8, 5, 3, 6, 5, 5, 7, 3, 4, 7, 5, 8, 5, 6, 5, 5]
B_3 9.71 B 43 [4, 1, 4, 3, 3, 2, 2, 3, 2, 4, 3, 1, 1, 4, 1, 1, 2, 3, 2, 4, 3, 4, 1, 3, 1, 1, 4, 3, 3, 3, 1, 4, 1, 4, 2, 4, 3, 3, 2, 2, 1, 4, 2, 3, 4, 4, 4, 3, 2, 3, 3, 4, 4, 2, 4, 1, 4, 1, 2, 2, 1, 1, 4, 4, 2, 1, 4, 3, 2, 2, 2, 3, 1, 1, 3, 3, 3, 1, 3, 4] [6, 4, 7, 5, 7, 5, 5, 7, 5, 7, 5, 5, 4, 8, 5, 3, 5, 6, 4, 7, 6, 8, 3, 6, 3, 5, 7, 5, 6, 5, 5, 6, 3, 7, 6, 6, 6, 6, 4, 6, 4, 7, 4, 7, 8, 6, 8, 5, 6, 7, 5, 8, 6, 6, 6, 4, 8, 5, 4, 5, 4, 3, 6, 8, 5, 3, 8, 6, 6, 6, 6, 5, 3, 4, 5, 5, 7, 4, 6, 6]
B_4 11.530000000000001 B 44 [1, 3, 1, 1, 4, 2, 3, 2, 1, 3, 4, 2, 2, 2, 2, 1, 1, 2, 3, 4, 4, 2, 1, 4, 3, 2, 3, 1, 1, 2, 2, 3, 4, 1, 1, 1, 3, 2, 3, 4, 3, 4, 3, 4, 2, 1, 1, 4, 3, 2, 3, 3, 3, 1, 2, 2, 4, 2, 2, 2, 4, 2, 2, 1, 1, 4, 3, 4, 1, 1, 2, 1, 4, 2, 3, 3, 1, 2, 2, 4] [4, 7, 5, 4, 8, 6, 7, 5, 4, 6, 7, 6, 6, 6, 4, 4, 5, 6, 6, 7, 6, 5, 4, 7, 6, 6, 7, 4, 5, 4, 5, 5, 6, 3, 3, 3, 5, 4, 7, 6, 7, 6, 7, 8, 4, 4, 5, 6, 5, 6, 7, 7, 7, 3, 5, 6, 7, 4, 4, 5, 7, 5, 5, 5, 5, 6, 7, 8, 3, 3, 6, 5, 6, 5, 5, 6, 4, 4, 5, 6]
B_5 12.530000000000001 B 45 [1, 4, 2, 3, 3, 4, 4, 2, 1, 2, 2, 2, 2, 2, 2, 3, 3, 3, 3, 4, 3, 1, 1, 2, 2, 4, 3, 2, 4, 3, 1, 2, 2, 4, 2, 4, 3, 1, 3, 3, 1, 2, 1, 4, 1, 4, 1, 1, 2, 4, 3, 3, 1, 3, 1, 1, 2, 3, 4, 2, 3, 3, 4, 4, 3, 2, 1, 3, 4, 2, 4, 3, 4, 3, 2, 3, 4, 3, 4, 2] [3, 8, 4, 7, 5, 7, 8, 4, 5, 5, 4, 6, 5, 5, 4, 6, 6, 6, 7, 7, 7, 4, 5, 5, 5, 7, 7, 4, 6, 6, 3, 6, 6, 7, 6, 8, 5, 5, 5, 7, 3, 5, 4, 6, 4, 6, 3, 3, 5, 7, 5, 6, 4, 5, 5, 5, 5, 5, 6, 6, 6, 6, 6, 8, 7, 4, 3, 7, 6, 5, 8, 7, 8, 7, 5, 5, 8, 6, 6, 5]
B_6 14.23 B 46 [3, 1, 2, 2, 4, 4, 1, 3, 4, 3, 3, 1, 1, 3, 4, 2, 3, 3, 1, 1, 4, 4, 4, 3, 1, 2, 3, 2, 2, 1, 4, 4, 3, 2, 3, 4, 4, 4, 2, 1, 4, 3, 1, 4, 1, 1, 4, 4, 1, 2, 2, 2, 4, 4, 4, 2, 3, 3, 3, 4, 2, 4, 1, 1, 3, 4, 1, 4, 1, 4, 4, 3, 4, 2, 2, 4, 2, 1, 2, 3] [6, 5, 4, 6, 6, 6, 4, 6, 6, 7, 7, 3, 4, 6, 7, 6, 7, 5, 5, 3, 8, 7, 7, 7, 4, 4, 6, 6, 6, 4, 6, 7, 5, 4, 7, 6, 7, 6, 6, 3, 7, 6, 4, 8, 5, 3, 6, 8, 3, 4, 5, 4, 8, 6, 8, 6, 7, 5, 6, 6, 5, 7, 3, 3, 6, 6, 5, 8, 5, 8, 8, 5, 7, 4, 6, 8, 6, 5, 6, 5]
B_7 18.11 B 47 [1, 2, 1, 1, 3, 2, 3, 3, 3, 1, 3, 4, 1, 3, 2, 1, 3, 3, 1, 2, 3, 1, 3, 3, 4, 2, 4, 2, 1, 3, 4, 2, 1, 1, 1, 1, 3, 4, 4, 1, 4, 4, 4, 3, 4, 1, 4, 2, 3, 2, 2, 4, 1, 3, 4, 2, 4, 2, 1, 3, 1, 1, 4, 4, 4, 2, 2, 2, 4, 2, 1, 1, 1, 1, 3, 1, 3, 4, 1, 2] [4, 4, 3, 4, 7, 6, 6, 6, 7, 4, 6, 8, 4, 7, 6, 3, 6, 6, 5, 5, 5, 4, 5, 7, 6, 5, 6, 6, 4, 7, 8, 5, 4, 5, 5, 5, 5, 7, 6, 5, 6, 6, 8, 5, 6, 3, 8, 4, 5, 4, 4, 8, 5, 7, 7, 6, 7, 5, 3, 7, 4, 5, 7, 7, 8, 5, 5, 6, 7, 6, 3, 3, 5, 3, 6, 5, 7, 7, 4, 6]
B_8 20.119999999999997 B 48 [4, 3, 4, 2, 3, 1, 4, 1, 2, 2, 2, 1, 2, 1, 3, 4, 4, 3, 1, 1, 2, 2, 1, 1, 2, 1, 1, 2, 1, 2, 1, 1, 3, 1, 2, 4, 1, 3, 2, 2, 2, 1, 3, 2, 3, 2, 1, 3, 3, 4, 1, 4, 2, 3, 2, 3, 4, 2, 3, 3, 3, 4, 1, 3, 2, 3, 3, 4, 1, 4, 4, 1, 1, 2, 2, 2, 2, 4, 3, 3] [8, 6, 8, 6, 5, 5, 6, 3, 4, 5, 5, 5, 5, 3, 5, 6, 7, 6, 4, 4, 5, 6, 3, 4, 6, 4, 3, 4, 4, 6, 4, 5, 5, 5, 4, 6, 3, 7, 6, 4, 4, 3, 6, 6, 5, 5, 3, 5, 6, 6, 5, 7, 5, 5, 4, 6, 6, 5, 7, 7, 6, 7, 3, 7, 5, 5, 7, 6, 4, 7, 7, 4, 3, 6, 6, 4, 4, 7, 7, 6]
B_9 25.169999999999998 B 49 [4, 3, 1, 4, 2, 1, 2, 1, 2, 4, 1, 3, 4, 2, 4, 1, 1, 1, 1, 1, 3, 3, 2, 1, 3, 2, 1, 3, 4, 2, 2, 3, 1, 3, 4, 1, 4, 3, 4, 2, 2, 4, 3, 3, 2, 4, 2, 2, 4, 3, 4, 3, 2, 4, 4, 1, 2, 4, 4, 2, 3, 3, 3, 1, 4, 2, 2, 4, 4, 4, 3, 4, 1, 1, 1, 4, 4, 1, 4, 3] [6, 5, 4, 6, 4, 4, 5, 5, 6, 8, 3, 6, 6, 6, 6, 4, 3, 4, 4, 4, 5, 7, 5, 4, 7, 6, 4, 6, 6, 5, 5, 7, 5, 5, 7, 4, 7, 7, 6, 4, 5, 8, 6, 7, 6, 7, 4, 4, 6, 6, 6, 7, 5, 7, 7, 5, 5, 6, 6, 6, 7, 6, 5, 5, 6, 6, 4, 6, 6, 6, 7, 6, 5, 4, 4, 8, 8, 5, 8, 7]
B_10 26.169999999999998 B 50 [4, 2, 3, 4, 3, 2, 4, 3, 4, 1, 1, 3, 4, 1, 2, 4, 3, 3, 2, 1, 4, 3, 1, 4, 2, 3, 2, 1, 3, 3, 1, 4, 1, 1, 2, 4, 3, 2, 4, 3, 2, 3, 3, 3, 3, 3, 2, 2, 1, 4, 2, 2, 2, 3, 4, 3, 1, 4, 2, 2, 2, 1, 3, 1, 1, 1, 4, 4, 2, 4, 4, 1, 2, 4, 1, 2, 3, 4, 4, 1] [8, 5, 6, 8, 5, 6, 8, 6, 7, 5, 3, 5, 6, 4, 4, 8, 7, 5, 4, 4, 6, 7, 4, 7, 6, 5, 6, 4, 7, 7, 3, 7, 4, 5, 6, 6, 6, 4, 6, 6, 4, 5, 7, 5, 7, 5, 5, 4, 5, 6, 5, 4, 6, 7, 8, 5, 4, 8, 4, 5, 5, 4, 5, 3, 5, 4, 8, 7, 6, 6, 8, 4, 6, 6, 4, 5, 5, 8, 8, 3]
B_11 27.169999999999998 B 51 [4, 4, 1, 4, 4, 4, 4, 4, 2, 1, 1, 4, 3, 2, 3, 2, 2, 3, 1, 1, 3, 2, 4, 4, 2, 2, 2, 4, 3, 3, 2, 3, 3, 3, 2, 1, 1, 1, 1, 4, 1, 4, 4, 4, 3, 3, 2, 4, 4, 3, 2, 4, 4, 3, 4, 1, 2, 1, 3, 4, 1, 3, 4, 2, 2, 2, 2, 4, 2, 4, 4, 2, 2, 1, 1, 4, 3, 1, 3, 1] [6, 8, 3, 7, 6, 8, 6, 7, 5, 4, 4, 8, 7, 6, 5, 6, 4, 5, 4, 4, 5, 4, 8, 6, 5, 4, 6, 8, 5, 5, 5, 5, 7, 6, 4, 5, 5, 4, 3, 7, 4, 6, 6, 8, 7, 6, 4, 8, 7, 7, 4, 8, 6, 7, 8, 3, 6, 3, 5, 6, 3, 6, 8, 4, 5, 4, 4, 6, 4, 8, 8, 4, 4, 3, 4, 7, 7, 4, 7, 5]
B_12 28.639999999999997 B 52 [3, 4, 3, 3, 4, 1, 2, 3, 4, 3, 3, 4, 3, 2, 4, 1, 3, 1, 3, 4, 2, 3, 3, 3, 1, 3, 4, 2, 3, 2, 1, 2, 1, 1, 3, 4, 4, 1, 2, 3, 4, 1, 1, 4, 3, 1, 4, 1, 2, 2, 2, 4, 3, 1, 4, 4, 1, 3, 3, 2, 4, 4, 1, 4, 2, 1, 1, 4, 1, 1, 1, 1, 2, 1, 4, 3, 2, 1, 4, 3] [6, 6, 6, 5, 7, 5, 6, 6, 8, 7, 5, 8, 5, 5, 6, 5, 7, 3, 5, 8, 4, 5, 6, 7, 5, 7, 7, 5, 6, 4, 3, 6, 4, 3, 6, 7, 6, 3, 5, 7, 8, 3, 4, 6, 7, 4, 8, 5, 5, 5, 6, 6, 5, 4, 7, 6, 3, 5, 5, 5, 8, 6, 3, 7, 4, 5, 5, 8, 3, 3, 4, 4, 4, 5, 6, 5, 4, 4, 6, 6]
B_13 31.429999999999996 B 53 [2, 1, 1, 1, 3, 1, 1, 2, 1, 3, 1, 1, 3, 2, 1, 4, 4, 3, 2, 2, 4, 2, 1, 2, 3, 4, 1, 3, 3, 3, 4, 1, 1, 3, 3, 2, 3, 1, 4, 3, 2, 4, 1, 2, 1, 3, 4, 3, 3, 4, 3, 3, 1, 3, 3, 2, 4, 4, 4, 2, 3, 4, 1, 1, 1, 2, 3, 1, 1, 2, 1, 2, 4, 4, 4, 4, 1, 4, 2, 4] [4, 3, 3, 5, 6, 4, 5, 6, 3, 7, 4, 5, 6, 5, 3, 6, 7, 5, 5, 5, 6, 6, 5, 4, 5, 8, 3, 7, 5, 7, 6, 3, 3, 5, 6, 5, 7, 5, 7, 7, 4, 6, 4, 6, 3, 5, 6, 7, 5, 7, 7, 7, 4, 7, 5, 5, 8, 7, 7, 4, 7, 6, 4, 4, 3, 6, 5, 5, 4, 5, 5, 6, 6, 8, 8, 6, 3, 8, 6, 6]
B_14 35.059999999999995 B 54 [1, 4, 2, 3, 1, 2, 4, 4, 2, 2, 3, 3, 4, 1, 2, 3, 4, 1, 3, 3, 2, 2, 3, 2, 3, 3, 1, 1, 4, 1, 2, 3, 2, 1, 3, 2, 2, 1, 1, 1, 1, 3, 4, 4, 2, 1, 4, 4, 2, 4, 4, 4, 4, 3, 2, 3, 1, 3, 2, 1, 3, 4, 3, 3, 4, 2, 1, 2, 2, 4, 3, 2, 2, 2, 2, 4, 1, 2, 3, 2] [5, 7, 6, 5, 3, 5, 8, 7, 4, 6, 7, 6, 8, 3, 4, 5, 8, 3, 7, 5, 4, 6, 7, 5, 6, 6, 5, 3, 8, 5, 4, 6, 4, 5, 6, 5, 4, 3, 3, 5, 5, 7, 8, 6, 5, 5, 8, 7, 4, 7, 8, 8, 7, 5, 5, 6, 3, 7, 4, 4, 6, 6, 6, 6, 7, 4, 5, 6, 6, 7, 5, 4, 6, 4, 6, 8, 5, 5, 5, 4]
B_15 36.059999999999995 B 55 [3, 4, 1, 3, 3, 2, 3, 3, 3, 2, 2, 2, 4, 3, 2, 1, 2, 2, 4, 3, 3, 3, 1, 4, 1, 3, 3, 1, 2, 1, 3, 3, 1, 4, 1, 1, 1, 1, 1, 4, 1, 2, 1, 1, 2, 1, 2, 2, 3, 1, 3, 1, 4, 2, 3, 2, 4, 2, 4, 3, 4, 1, 2, 1, 2, 2, 2, 2, 4, 1, 3, 3, 1, 3, 1, 4, 3, 1, 4, 3] [7, 7, 3, 6, 5, 5, 7, 7, 5, 4, 4, 5, 8, 5, 5, 4, 5, 4, 8, 5, 7, 5, 5, 8, 3, 7, 6, 3, 5, 3, 6, 5, 3, 6, 4, 3, 4, 4, 4, 8, 4, 6, 5, 4, 6, 5, 6, 6, 6, 5, 5, 3, 6, 5, 6, 5, 8, 6, 8, 7, 7, 5, 6, 5, 5, 4, 4, 6, 7, 4, 6, 5, 4, 7, 5, 6, 7, 3, 8, 7]
B_16 37.589999999999996 B 56 [2, 3, 1, 3, 2, 3, 1, 4, 1, 4, 4, 3, 4, 1, 1, 1, 2, 3, 3, 3, 1, 3, 4, 1, 1, 4, 4, 4, 2, 2, 2, 3, 2, 3, 3, 1, 4, 3, 4, 1, 2, 1, 1, 4, 4, 2, 3, 4, 4, 2, 1, 2, 1, 4, 1, 4, 4, 2, 1, 3, 3, 2, 3, 2, 3, 3, 2, 4, 3, 4, 1, 2, 2, 4, 2, 4, 4, 3, 2, 2] [4, 6, 5, 6, 6, 5, 4, 6, 5, 8, 6, 5, 8, 3, 4, 4, 4, 7, 5, 5, 3, 6, 7, 4, 4, 7, 8, 6, 4, 6, 5, 5, 6, 6, 7, 3, 6, 5, 8, 5, 6, 5, 4, 8, 7, 5, 7, 7, 6, 5, 4, 6, 3, 8, 3, 8, 6, 6, 3, 7, 6, 5, 5, 5, 5, 7, 6, 6, 6, 8, 3, 4, 5, 7, 5, 6, 8, 6, 6, 5]
B_17 38.589999999999996 B 57 [2, 1, 2, 4, 3, 4, 4, 3, 2, 1, 2, 4, 2, 4, 4, 3, 3, 4, 2, 1, 2, 4, 4, 4, 3, 4, 4, 3, 2, 4, 1, 3, 3, 4, 1, 3, 3, 2, 4, 2, 1, 1, 3, 1, 2, 3, 3, 2, 2, 4, 4, 1, 3, 4, 3, 2, 2, 2, 1, 3, 2, 1, 2, 1, 4, 2, 2, 4, 1, 2, 4, 4, 4, 3, 1, 3, 4, 1, 1, 2] [5, 3, 5, 7, 7, 7, 8, 6, 4, 3, 6, 7, 6, 7, 6, 6, 5, 7, 4, 3, 4, 8, 8, 8, 6, 8, 7, 5, 4, 6, 4, 5, 5, 6, 3, 5, 6, 5, 8, 6, 4, 4, 6, 5, 4, 5, 5, 5, 5, 6, 8, 3, 5, 7, 7, 6, 6, 6, 5, 6, 6, 5, 6, 4, 7, 4, 4, 6, 5, 5, 8, 6, 6, 7, 3, 6, 8, 4, 5, 6]
B_18 39.589999999999996 B 58 [3, 1, 4, 2, 2, 4, 1, 3, 4, 3, 1, 2, 1, 1, 2, 3, 1, 2, 4, 1, 2, 3, 2, 4, 1, 1, 1, 1, 1, 4, 4, 1, 4, 1, 1, 1, 2, 3, 4, 4, 3, 3, 3, 2, 2, 4, 3, 1, 3, 4, 2, 3, 3, 4, 2, 4, 1, 1, 3, 3, 3, 1, 2, 1, 2, 2, 2, 1, 2, 1, 1, 3, 2, 2, 3, 2, 1, 1, 1, 2] [6, 3, 7, 5, 6, 6, 4, 5, 6, 7, 5, 5, 4, 5, 5, 7, 5, 4, 8, 3, 4, 6, 4, 7, 3, 4, 4, 4, 5, 8, 7, 5, 6, 4, 3, 3, 4, 5, 6, 7, 6, 6, 7, 4, 4, 6, 6, 3, 7, 6, 4, 5, 5, 7, 4, 8, 3, 5, 7, 5, 6, 5, 4, 5, 4, 4, 5, 4, 6, 4, 3, 6, 6, 5, 7, 4, 4, 3, 4, 6]
B_19 40.589999999999996 B 59 [2, 4, 3, 3, 4, 3, 4, 1, 1, 3, 4, 3, 4, 1, 3, 4, 2, 4, 4, 3, 3, 2, 1, 2, 4, 3, 4, 3, 1, 2, 1, 3, 2, 4, 4, 3, 4, 3, 2, 4, 3, 4, 3, 2, 2, 2, 4, 3, 3, 2, 2, 4, 2, 2, 1, 3, 3, 3, 3, 2, 4, 4, 3, 2, 4, 2, 1, 1, 3, 2, 2, 4, 1, 4, 3, 4, 1, 1, 1, 2] [6, 8, 7, 6, 6, 5, 7, 4, 5, 7, 8, 7, 8, 4, 6, 8, 5, 7, 7, 7, 7, 5, 4, 5, 8, 5, 6, 7, 3, 6, 3, 6, 4, 8, 6, 6, 7, 6, 4, 7, 7, 6, 6, 5, 5, 6, 6, 7, 7, 6, 5, 6, 5, 4, 4, 7, 7, 6, 5, 6, 7, 8, 7, 6, 8, 5, 4, 3, 5, 4, 4, 8, 5, 8, 7, 8, 4, 3, 4, 4]
B_20 41.589999999999996 B 60 [1, 2, 3, 2, 4, 2, 3, 4, 2, 2, 3, 2, 3, 2, 3, 1, 1, 3, 3, 4, 1, 3, 3, 3, 1, 2, 2, 1, 1, 3, 2, 2, 1, 1, 4, 2, 2, 4, 1, 2, 4, 4, 3, 1, 4, 3, 2, 1, 3, 3, 2, 1, 4, 3, 3, 4, 3, 2, 3, 4, 3, 3, 2, 1, 1, 4, 3, 2, 4, 2, 2, 2, 3, 1, 2, 3, 2, 1, 1, 4] [3, 4, 7, 5, 7, 6, 5, 7, 6, 6, 5, 4, 6, 5, 6, 4, 3, 7, 6, 8, 4, 7, 5, 7, 4, 6, 5, 3, 3, 5, 4, 6, 4, 5, 6, 6, 4, 6, 3, 4, 7, 8, 7, 4, 7, 6, 5, 4, 6, 7, 5, 3, 8, 7, 6, 7, 6, 6, 6, 7, 5, 7, 4, 5, 5, 8, 6, 5, 6, 4, 4, 6, 6, 4, 6, 7, 4, 5, 4, 6]
B_21 42.589999999999996 B 61 [4, 1, 3, 3, 2, 1, 4, 2, 1, 3, 3, 4, 1, 1, 1, 4, 4, 4, 3, 4, 3, 3, 3, 3, 3, 1, 1, 3, 4, 2, 2, 3, 1, 1, 2, 3, 1, 4, 1, 3, 2, 3, 3, 1, 2, 3, 4, 1, 4, 3, 1, 3, 4, 4, 4, 1, 2, 1, 1, 4, 3, 4, 2, 2, 3, 1, 3, 2, 1, 3, 2, 2, 4, 4, 4, 1, 4, 2, 1, 3] [6, 4, 5, 7, 6, 5, 6, 4, 3, 5, 5, 8, 4, 3, 3, 7, 8, 7, 7, 8, 6, 5, 7, 6, 5, 5, 4, 6, 7, 6, 6, 7, 4, 4, 5, 6, 3, 6, 4, 6, 5, 5, 7, 3, 5, 6, 7, 5, 7, 6, 4, 6, 6, 6, 6, 5, 5, 5, 5, 8, 7, 7, 5, 4, 7, 3, 7, 6, 4, 7, 5, 5, 8, 6, 6, 5, 6, 6, 3, 7]
B_22 43.589999999999996 B 62 [4, 2, 3, 4, 2, 1, 4, 4, 3, 2, 3, 4, 2, 3, 1, 3, 2, 3, 4, 1, 3, 3, 3, 4, 2, 3, 1, 3, 3, 4, 2, 1, 3, 1, 3, 3, 4, 2, 2, 2, 3, 1, 3, 4, 2, 4, 1, 4, 1, 3, 3, 4, 1, 1, 3, 2, 3, 2, 2, 3, 2, 2, 3, 4, 1, 2, 2, 4, 1, 3, 1, 4, 3, 1, 3, 4, 3, 1, 2, 1] [7, 4, 6, 8, 4, 4, 6, 7, 6, 5, 6, 6, 6, 7, 3, 7, 4, 5, 6, 5, 7, 6, 6, 7, 5, 5, 4, 6, 5, 6, 5, 5, 7, 3, 6, 7, 8, 6, 4, 6, 5, 4, 6, 6, 5, 6, 3, 7, 3, 5, 5, 8, 3, 4, 6, 6, 5, 6, 4, 7, 4, 5, 7, 6, 3, 4, 4, 7, 3, 7, 5, 6, 7, 5, 5, 8, 7, 5, 4, 5]
B_23 44.589999999999996 B 63 [1, 3, 2, 4, 1, 4, 2, 4, 3, 2, 3, 3, 2, 3, 3, 3, 2, 3, 2, 3, 1, 2, 2, 3, 3, 1, 4, 4, 2, 3, 3, 1, 4, 2, 1, 1, 3, 4, 1, 2, 2, 1, 2, 4, 1, 4, 1, 4, 3, 1, 1, 2, 4, 1, 3, 1, 2, 1, 1, 2, 1, 2, 4, 3, 4, 3, 2, 1, 3, 2, 4, 4, 4, 2, 1, 2, 2, 2, 2, 3] [4, 5, 6, 6, 5, 8, 4, 8, 5, 6, 6, 6, 5, 7, 7, 5, 4, 7, 5, 7, 5, 6, 4, 7, 7, 5, 8, 8, 4, 5, 5, 5, 6, 6, 5, 4, 6, 8, 5, 5, 5, 5, 4, 8, 5, 8, 3, 7, 7, 5, 3, 4, 7, 4, 6, 5, 5, 4, 5, 6, 5, 4, 6, 6, 7, 6, 5, 5, 6, 4, 8, 6, 7, 4, 4, 6, 6, 6, 6, 7]
B_24 47.25 B 64 [1, 3, 4, 1, 3, 1, 2, 3, 1, 3, 2, 2, 1, 1, 3, 3, 4, 4, 1, 2, 2, 3, 3, 4, 1, 3, 4, 2, 3, 4, 3, 4, 4, 2, 3, 4, 3, 2, 4, 1, 2, 1, 4, 2, 1, 3, 3, 4, 2, 4, 1, 2, 2, 1, 4, 2, 3, 4, 2, 4, 1, 3, 1, 4, 3, 2, 2, 2, 4, 2, 3, 1, 1, 1, 3, 3, 4, 1, 1, 4] [3, 6, 6, 4, 7, 4, 4, 5, 3, 7, 6, 5, 5, 3, 5, 6, 8, 7, 3, 4, 6, 7, 6, 7, 5, 6, 8, 6, 7, 7, 6, 8, 6, 4, 6, 6, 6, 4, 8, 3, 6, 5, 8, 5, 5, 7, 6, 8, 5, 6, 5, 5, 4, 3, 7, 5, 5, 7, 4, 8, 5, 7, 3, 7, 5, 6, 5, 5, 6, 6, 6, 4, 5, 5, 7, 6, 8, 5, 5, 6]
B_25 48.88 B 65 [2, 4, 3, 1, 3, 4, 3, 3, 2, 1, 3, 3, 4, 3, 2, 4, 1, 3, 3, 2, 3, 1, 3, 4, 2, 4, 2, 4, 4, 1, 2, 1, 4, 3, 4, 2, 2, 3, 3, 1, 4, 3, 1, 1, 4, 2, 4, 2, 3, 2, 1, 2, 1, 2, 2, 2, 3, 2, 2, 2, 4, 1, 2, 3, 2, 2, 4, 2, 1, 2, 2, 2, 2, 3, 1, 3, 4, 3, 2, 2] [4, 6, 7, 3, 5, 8, 6, 5, 4, 5, 7, 5, 8, 6, 4, 8, 3, 7, 5, 5, 6, 5, 7, 7, 5, 8, 4, 6, 6, 3, 4, 3, 6, 7, 7, 6, 4, 5, 5, 3, 6, 7, 5, 3, 6, 4, 6, 5, 5, 6, 4, 4, 5, 6, 4, 4, 7, 4, 4, 5, 8, 3, 4, 6, 6, 4, 6, 5, 3, 6, 4, 6, 6, 7, 4, 6, 6, 5, 4, 6]
B_26 49.88 B 66 [1, 2, 4, 3, 2, 1, 4, 4, 1, 1, 1, 2, 3, 1, 1, 2, 3, 4, 1, 1, 2, 4, 2, 4, 3, 1, 3, 1, 1, 1, 2, 3, 1, 1, 2, 1, 1, 4, 4, 3, 2, 2, 1, 4, 3, 1, 1, 2, 3, 2, 4, 2, 1, 3, 1, 2, 2, 2, 2, 1, 3, 3, 2, 2, 2, 4, 2, 2, 1, 1, 2, 3, 3, 3, 1, 4, 3, 1, 2, 3] [3, 5, 7, 5, 6, 5, 6, 6, 5, 3, 4, 4, 5, 4, 4, 5, 7, 6, 4, 3, 6, 6, 6, 7, 6, 5, 5, 3, 4, 4, 6, 6, 5, 4, 5, 4, 3, 8, 6, 6, 5, 5, 3, 8, 7, 3, 5, 5, 7, 4, 8, 4, 5, 5, 5, 4, 6, 4, 5, 4, 6, 7, 4, 5, 5, 6, 5, 4, 4, 3, 4, 6, 5, 5, 3, 7, 7, 4, 5, 5]
B_27 50.88 B 67 [3, 3, 3, 2, 2, 3, 4, 4, 2, 3, 4, 4, 4, 2, 4, 1, 1, 1, 1, 1, 1, 2, 3, 1, 1, 3, 2, 2, 1, 2, 1, 2, 3, 3, 4, 1, 3, 4, 2, 2, 2, 3, 2, 3, 4, 3, 4, 2, 4, 4, 4, 4, 4, 1, 2, 2, 4, 4, 1, 1, 2, 2, 4, 1, 2, 2, 2, 1, 4, 2, 4, 1, 4, 4, 2, 1, 2, 3, 3, 2] [6, 6, 6, 4, 6, 6, 7, 6, 5, 7, 7, 8, 8, 5, 6, 5, 5, 3, 5, 3, 3, 6, 5, 3, 5, 5, 6, 4, 3, 5, 4, 5, 7, 7, 7, 4, 5, 7, 4, 5, 6, 6, 6, 6, 8, 7, 8, 6, 6, 6, 7, 6, 8, 5, 6, 6, 6, 6, 4, 3, 5, 6, 7, 5, 5, 5, 4, 4, 8, 5, 6, 4, 6, 6, 6, 5, 4, 7, 7, 4]
B_28 51.88 B 68 [1, 4, 2, 2, 4, 4, 3, 4, 3, 1, 2, 4, 3, 3, 2, 1, 2, 3, 2, 2, 4, 3, 1, 4, 3, 4, 2, 2, 4, 2, 3, 2, 2, 3, 2, 4, 2, 2, 2, 2, 3, 4, 3, 2, 1, 4, 1, 4, 1, 4, 2, 2, 1, 1, 2, 4, 3, 1, 2, 3, 4, 1, 1, 3, 4, 1, 1, 4, 1, 1, 1, 2, 4, 3, 3, 3, 4, 2, 3, 3] [3, 7, 4, 6, 8, 6, 6, 8, 6, 3, 4, 8, 7, 5, 4, 5, 6, 6, 4, 6, 8, 5, 4, 6, 6, 8, 4, 6, 8, 4, 6, 4, 5, 5, 6, 7, 6, 5, 5, 5, 7, 8, 5, 6, 3, 6, 5, 7, 4, 6, 6, 4, 3, 4, 6, 7, 6, 5, 6, 5, 6, 4, 3, 6, 6, 3, 4, 8, 5, 5, 5, 5, 7, 7, 7, 7, 8, 6, 7, 6]
B_29 54.480000000000004 B 69 [2, 1, 1, 3, 1, 4, 2, 3, 1, 3, 3, 3, 3, 3, 4, 3, 1, 4, 1, 4, 2, 3, 4, 2, 1, 4, 3, 1, 1, 2, 1, 1, 1, 4, 2, 4, 4, 4, 1, 4, 2, 2, 3, 2, 1, 2, 4, 2, 4, 4, 4, 4, 1, 2, 4, 1, 4, 2, 1, 2, 2, 3, 3, 2, 2, 2, 1, 2, 1, 2, 1, 3, 1, 4, 3, 4, 3, 4, 2, 2] [6, 3, 5, 6, 3, 8, 4, 5, 3, 6, 5, 5, 7, 6, 8, 7, 3, 7, 5, 8, 6, 6, 7, 5, 5, 6, 5, 3, 4, 6, 5, 4, 4, 8, 4, 8, 7, 8, 4, 6, 4, 6, 5, 6, 3, 5, 8, 6, 7, 6, 6, 8, 3, 5, 7, 4, 8, 5, 4, 4, 4, 7, 7, 4, 6, 6, 3, 5, 5, 5, 5, 7, 5, 8, 6, 7, 7, 6, 6, 6]
B_30 55.480000000000004 B 70 [2, 4, 1, 3, 3, 4, 1, 4, 1, 4, 4, 3, 2, 3, 3, 1, 3, 2, 2, 4, 1, 3, 2, 4, 2, 2, 2, 3, 1, 2, 4, 1, 4, 4, 4, 2, 3, 2, 3, 2, 4, 3, 3, 2, 2, 4, 4, 1, 4, 3, 4, 4, 1, 1, 3, 3, 1, 4, 1, 2, 2, 2, 1, 4, 3, 2, 2, 4, 1, 1, 2, 3, 4, 3, 3, 4, 3, 1, 1, 4] [5, 8, 4, 7, 7, 8, 4, 6, 5, 7, 7, 6, 6, 7, 7, 4, 6, 5, 6, 7, 5, 5, 5, 6, 4, 5, 6, 5, 5, 6, 6, 5, 6, 6, 8, 4, 6, 6, 6, 5, 8, 5, 7, 6, 6, 8, 8, 3, 7, 7, 8, 8, 4, 5, 5, 6, 3, 8, 3, 4, 4, 5, 5, 8, 6, 4, 4, 6, 5, 5, 6, 5, 7, 6, 7, 7, 6, 3, 5, 7]
B_31 57.13 B 71 [1, 1, 2, 4, 1, 3, 2, 2, 3, 1, 2, 1, 4, 4, 2, 3, 3, 3, 1, 1, 4, 2, 4, 3, 1, 1, 4, 2, 3, 2, 2, 1, 1, 3, 2, 1, 4, 1, 1, 1, 2, 2, 1, 3, 1, 3, 3, 1, 1, 4, 1, 2, 1, 2, 2, 3, 2, 4, 3, 4, 2, 2, 4, 4, 1, 2, 3, 1, 2, 3, 3, 2, 3, 4, 1, 2, 1, 3, 4, 1] [4, 4, 6, 8, 3, 5, 5, 4, 6, 4, 5, 5, 7, 6, 6, 5, 6, 6, 5, 5, 6, 5, 6, 7, 4, 4, 7, 6, 5, 5, 5, 4, 3, 5, 4, 3, 7, 5, 3, 4, 4, 6, 3, 5, 5, 7, 5, 3, 4, 6, 4, 4, 4, 6, 4, 5, 4, 6, 6, 8, 6, 5, 6, 6, 4, 6, 6, 4, 5, 7, 5, 6, 5, 8, 5, 5, 3, 6, 7, 5]
B_32 58.13 B 72 [3, 3, 1, 2, 2, 1, 4, 1, 4, 1, 2, 3, 3, 4, 4, 1, 2, 4, 3, 3, 1, 3, 2, 1, 2, 1, 2, 1, 3, 3, 1, 4, 4, 2, 1, 1, 2, 3, 4, 1, 3, 2, 1, 1, 4, 4, 4, 1, 1, 1, 2, 2, 2, 4, 2, 1, 2, 4, 2, 1, 3, 4, 3, 4, 1, 2, 3, 4, 4, 1, 4, 3, 2, 3, 1, 1, 2, 1, 1, 1] [7, 6, 4, 4, 5, 4, 6, 4, 6, 4, 6, 6, 5, 8, 6, 4, 5, 7, 5, 5, 5, 7, 5, 5, 4, 3, 4, 4, 5, 7, 5, 8, 8, 4, 3, 5, 6, 5, 8, 4, 6, 5, 4, 3, 6, 8, 7, 5, 3, 5, 6, 4, 4, 6, 6, 4, 5, 6, 6, 5, 6, 8, 7, 7, 5, 6, 5, 6, 7, 5, 7, 5, 4, 6, 5, 3, 6, 4, 5, 5]
B_33 61.49 B 73 [1, 3, 3, 3, 2, 2, 2, 2, 2, 3, 1, 4, 4, 3, 2, 1, 4, 1, 4, 3, 3, 3, 2, 2, 4, 2, 4, 2, 2, 1, 3, 2, 4, 4, 4, 4, 4, 3, 1, 4, 2, 4, 3, 1, 2, 3, 2, 1, 2, 1, 4, 1, 1, 4, 2, 3, 4, 3, 2, 4, 1, 4, 1, 2, 1, 3, 3, 4, 3, 4, 3, 4, 3, 4, 1, 1, 2, 4, 3, 3] [3, 7, 5, 7, 6, 6, 6, 5, 6, 6, 3, 7, 7, 7, 6, 3, 8, 5, 8, 5, 5, 6, 6, 4, 7, 5, 7, 6, 5, 4, 6, 5, 8, 6, 8, 8, 6, 7, 4, 8, 5, 7, 7, 4, 5, 7, 4, 3, 6, 4, 6, 3, 5, 8, 4, 7, 7, 7, 5, 8, 4, 6, 5, 4, 5, 7, 5, 6, 7, 8, 6, 8, 6, 6, 4, 5, 6, 8, 6, 7]
B_34 62.49 B 74 [3, 3, 3, 1, 1, 3, 4, 1, 2, 3, 1, 4, 1, 2, 3, 2, 3, 2, 4, 1, 1, 4, 2, 1, 1, 3, 3, 4, 4, 3, 4, 1, 3, 4, 2, 3, 4, 1, 2, 1, 4, 2, 1, 3, 3, 2, 2, 3, 2, 1, 1, 1, 4, 4, 2, 1, 2, 1, 3, 3, 2, 4, 3, 1, 3, 1, 1, 2, 3, 3, 3, 1, 1, 1, 4, 1, 3, 1, 2, 2] [6, 5, 6, 3, 5, 5, 8, 4, 4, 5, 3, 6, 3, 4, 5, 5, 6, 6, 7, 4, 5, 6, 5, 3, 3, 7, 6, 6, 6, 6, 6, 4, 7, 7, 5, 6, 7, 4, 4, 3, 8, 5, 5, 5, 5, 5, 6, 6, 6, 4, 4, 4, 6, 8, 6, 5, 5, 3, 7, 7, 6, 6, 5, 4, 7, 4, 3, 6, 7, 6, 7, 5, 5, 4, 6, 3, 5, 4, 4, 4]
B_35 64.36 B 75 [1, 2, 3, 1, 1, 1, 1, 2, 4, 2, 1, 4, 4, 4, 3, 2, 4, 3, 3, 2, 4, 3, 4, 3, 1, 1, 4, 3, 1, 2, 4, 4, 1, 2, 1, 4, 2, 3, 1, 2, 2, 4, 4, 3, 3, 3, 4, 1, 2, 4, 2, 4, 3, 4, 4, 4, 4, 3, 2, 4, 3, 1, 4, 2, 3, 3, 4, 1, 3, 4, 4, 2, 1, 1, 1, 4, 3, 1, 1, 3] [4, 4, 6, 5, 4, 3, 5, 5, 7, 5, 5, 7, 7, 8, 7, 6, 7, 6, 7, 4, 8, 7, 7, 5, 5, 3, 6, 7, 5, 4, 8, 6, 4, 6, 4, 7, 4, 6, 4, 6, 4, 6, 8, 5, 6, 5, 8, 5, 4, 8, 5, 7, 5, 6, 8, 6, 6, 6, 4, 8, 7, 5, 8, 6, 6, 6, 7, 5, 7, 7, 7, 5, 3, 5, 3, 8, 5, 3, 4, 7]
B_36 65.36 B 76 [4, 4, 4, 4, 3, 1, 3, 2, 1, 2, 1, 4, 2, 4, 2, 4, 4, 4, 2, 3, 3, 1, 1, 2, 1, 4, 4, 4, 3, 4, 1, 3, 4, 2, 2, 4, 3, 3, 2, 3, 3, 2, 2, 3, 1, 4, 2, 3, 2, 4, 3, 3, 2, 1, 1, 3, 4, 4, 1, 1, 2, 4, 3, 2, 4, 4, 3, 2, 4, 3, 3, 1, 2, 2, 3, 3, 4, 2, 3, 1] [7, 8, 7, 7, 7, 3, 6, 6, 4, 4, 4, 7, 4, 6, 6, 6, 7, 8, 5, 7, 6, 4, 3, 6, 5, 8, 7, 6, 7, 6, 4, 6, 6, 6, 5, 7, 7, 6, 5, 6, 6, 6, 5, 7, 4, 8, 6, 7, 4, 8, 5, 7, 4, 3, 5, 7, 8, 8, 4, 4, 4, 6, 7, 6, 8, 6, 7, 4, 8, 7, 6, 3, 6, 6, 5, 5, 7, 6, 5, 4]
B_37 68.6 B 77 [1, 3, 4, 4, 1, 1, 4, 3, 2, 1, 4, 4, 2, 4, 3, 4, 3, 4, 4, 2, 2, 1, 1, 4, 2, 2, 4, 3, 1, 2, 3, 4, 2, 3, 2, 4, 3, 3, 4, 4, 1, 4, 4, 1, 2, 3, 1, 4, 4, 1, 4, 1, 1, 4, 2, 1, 3, 1, 1, 1, 1, 2, 1, 2, 1, 3, 1, 3, 2, 4, 1, 3, 1, 4, 1, 1, 2, 3, 1, 1] [3, 5, 7, 7, 5, 5, 6, 5, 6, 3, 8, 8, 4, 6, 7, 6, 6, 8, 8, 4, 6, 4, 3, 6, 6, 5, 6, 7, 3, 5, 5, 7, 6, 5, 4, 6, 5, 7, 8, 7, 4, 7, 6, 4, 4, 6, 5, 7, 7, 5, 8, 4, 4, 8, 5, 3, 6, 4, 3, 3, 5, 6, 5, 6, 5, 5, 4, 7, 6, 6, 3, 6, 4, 8, 4, 3, 6, 7, 4, 3]
B_38 69.69999999999999 B 78 [1, 1, 3, 1, 1, 1, 2, 2, 3, 4, 1, 4, 4, 1, 2, 2, 4, 2, 1, 3, 4, 2, 3, 4, 4, 3, 3, 2, 4, 2, 1, 1, 2, 4, 4, 4, 3, 4, 3, 3, 1, 4, 2, 3, 2, 4, 2, 1, 3, 4, 4, 3, 4, 2, 3, 4, 2, 1, 1, 1, 1, 1, 2, 2, 1, 2, 2, 3, 3, 2, 1, 4, 1, 3, 2, 1, 3, 1, 3, 1] [4, 5, 6, 3, 4, 4, 5, 4, 6, 7, 5, 6, 8, 3, 6, 6, 6, 4, 4, 5, 7, 4, 7, 7, 8, 7, 7, 6, 7, 5, 3, 3, 6, 6, 8, 8, 5, 7, 6, 6, 4, 8, 5, 6, 5, 6, 6, 4, 7, 8, 8, 7, 6, 6, 5, 8, 6, 5, 4, 4, 4, 3, 4, 6, 5, 4, 5, 7, 7, 6, 5, 7, 5, 6, 4, 4, 5, 4, 7, 3]
B_39 70.85999999999999 B 79 [3, 4, 4, 4, 4, 3, 4, 1, 1, 1, 4, 3, 3, 2, 4, 2, 3, 1, 1, 1, 4, 3, 4, 3, 1, 3, 2, 2, 3, 2, 3, 1, 2, 3, 4, 1, 4, 3, 3, 1, 1, 3, 2, 4, 4, 2, 3, 2, 3, 3, 1, 1, 3, 4, 2, 3, 2, 2, 2, 2, 4, 3, 1, 3, 4, 2, 3, 2, 3, 2, 4, 1, 1, 3, 2, 3, 1, 1, 1, 1] [5, 6, 6, 8, 7, 5, 8, 5, 3, 5, 8, 5, 6, 4, 6, 4, 7, 3, 5, 3, 7, 7, 8, 6, 3, 6, 5, 4, 6, 5, 7, 3, 4, 7, 8, 5, 7, 7, 5, 5, 4, 5, 5, 6, 6, 5, 5, 6, 6, 7, 3, 5, 6, 6, 4, 7, 5, 6, 6, 4, 6, 7, 5, 7, 6, 6, 5, 4, 6, 6, 7, 5, 5, 7, 4, 7, 4, 3, 3, 3]
