A_0 4.68 A 0 [6, 6, 4, 3, 1, 4, 3, 4, 2, 2, 6, 4, 4, 1, 1, 5, 2, 1, 5, 2, 6, 6, 2, 4, 2, 5, 1, 3, 5, 2, 1, 3, 3, 2, 3, 5, 6, 4, 2, 4, 4, 2, 4, 4, 6, 6, 1, 4, 4, 5, 4, 5, 1, 6, 2, 2, 1, 4, 6, 1, 4, 4, 6, 3, 5, 1, 4, 3, 3, 6, 1, 4, 3, 5, 4, 6, 2, 5, 5, 4] [8, 8, 6, 7, 4, 6, 5, 6, 4, 4, 9, 6, 6, 3, 5, 8, 6, 3, 9, 6, 8, 10, 6, 6, 4, 7, 4, 6, 8, 4, 4, 7, 6, 4, 7, 7, 8, 7, 4, 8, 7, 6, 6, 6, 8, 9, 3, 7, 6, 8, 7, 7, 5, 9, 4, 4, 5, 6, 8, 5, 8, 7, 9, 6, 8, 3, 6, 5, 6, 9, 3, 6, 6, 7, 6, 10, 5, 9, 7, 6]
A_1 5.699999999999999 A 1 [6, 3, 2, 3, 4, 2, 6, 6, 2, 1, 4, 5, 6, 1, 5, 4, 1, 6, 1, 5, 4, 2, 3, 1, 6, 1, 6, 3, 6, 6, 1, 6, 1, 1, 5, 6, 6, 2, 3, 5, 4, 2, 2, 4, 1, 6, 2, 2, 4, 1, 6, 1, 6, 3, 6, 2, 1, 2, 2, 5, 5, 2, 4, 5, 1, 3, 5, 1, 3, 1, 6, 6, 5, 5, 3, 5, 6, 6, 4, 6] [8, 7, 6, 6, 6, 4, 8, 8, 6, 4, 6, 9, 10, 5, 9, 7, 4, 9, 4, 7, 6, 4, 7, 4, 8, 4, 10, 6, 8, 8, 5, 9, 5, 5, 8, 10, 8, 5, 7, 8, 7, 6, 4, 6, 5, 8, 5, 5, 8, 5, 10, 4, 10, 6, 9, 5, 4, 4, 5, 9, 9, 5, 8, 7, 3, 6, 9, 5, 7, 4, 10, 8, 9, 9, 5, 7, 8, 8, 7, 9]
A_2 10.73 A 2 [4, 2, 3, 4, 2, 6, 4, 2, 1, 2, 3, 5, 1, 5, 1, 5, 5, 1, 5, 3, 6, 2, 2, 3, 5, 3, 6, 2, 4, 6, 1, 5, 4, 2, 2, 2, 4, 3, 1, 3, 4, 2, 3, 5, 4, 2, 3, 4, 6, 1, 4, 4, 5, 1, 1, 2, 2, 2, 1, 3, 5, 6, 6, 2, 3, 2, 5, 4, 6, 4, 1, 6, 2, 2, 2, 4, 2, 4, 1, 2] [6, 6, 6, 6, 4, 9, 6, 4, 5, 4, 7, 7, 3, 8, 3, 9, 7, 5, 8, 5, 10, 4, 6, 6, 9, 5, 10, 4, 7, 8, 4, 7, 6, 6, 6, 6, 6, 6, 5, 6, 7, 4, 6, 7, 6, 5, 6, 6, 8, 3, 7, 7, 9, 4, 4, 5, 4, 4, 4, 5, 7, 9, 8, 5, 7, 6, 7, 7, 8, 6, 5, 9, 4, 6, 5, 8, 5, 6, 5, 5]
A_3 12.700000000000001 A 3 [3, 3, 4, 4, 1, 3, 1, 4, 5, 4, 2, 4, 3, 5, 3, 3, 2, 4, 3, 4, 4, 4, 3, 4, 1, 3, 2, 4, 1, 3, 5, 5, 1, 6, 4, 1, 4, 3, 3, 1, 1, 3, 5, 3, 6, 1, 3, 6, 1, 5, 5, 6, 3, 2, 5, 5, 2, 3, 3, 5, 1, 5, 3, 6, 1, 1, 2, 4, 4, 6, 2, 5, 4, 5, 2, 4, 3, 5, 1, 3] [7, 6, 6, 6, 5, 6, 3, 6, 7, 6, 4, 6, 6, 7, 5, 5, 5, 7, 6, 6, 7, 6, 6, 7, 4, 6, 4, 7, 4, 5, 7, 7, 3, 10, 8, 5, 7, 6, 7, 5, 4, 5, 7, 5, 10, 3, 5, 8, 3, 8, 7, 8, 7, 5, 8, 7, 4, 5, 5, 8, 4, 7, 6, 9, 4, 3, 6, 7, 6, 8, 6, 7, 6, 8, 5, 6, 5, 8, 3, 5]
A_4 13.700000000000001 A 4 [1, 4, 2, 1, 1, 2, 3, 3, 2, 5, 5, 1, 2, 1, 2, 6, 5, 2, 5, 2, 4, 1, 3, 2, 4, 6, 6, 2, 2, 6, 3, 3, 1, 6, 1, 2, 3, 4, 6, 5, 5, 3, 6, 6, 2, 2, 3, 4, 2, 3, 4, 6, 4, 6, 1, 3, 2, 1, 6, 5, 2, 2, 5, 3, 2, 6, 2, 6, 5, 6, 1, 5, 3, 4, 4, 2, 3, 4, 4, 4] [4, 6, 4, 5, 5, 5, 5, 6, 4, 7, 7, 5, 6, 4, 6, 9, 7, 4, 7, 6, 8, 3, 6, 5, 6, 8, 8, 5, 6, 10, 7, 6, 4, 8, 4, 4, 6, 6, 8, 7, 8, 6, 10, 8, 6, 4, 5, 7, 5, 5, 6, 10, 8, 10, 5, 7, 4, 4, 9, 8, 5, 4, 9, 5, 6, 8, 4, 10, 7, 8, 5, 9, 5, 7, 7, 5, 5, 8, 6, 6]
A_5 15.870000000000001 A 5 [4, 2, 6, 3, 2, 6, 1, 6, 6, 6, 2, 4, 5, 1, 5, 2, 1, 4, 2, 4, 4, 4, 5, 2, 6, 2, 3, 6, 3, 2, 3, 5, 4, 6, 4, 6, 4, 6, 1, 4, 3, 4, 3, 1, 4, 6, 6, 1, 6, 5, 1, 5, 3, 2, 3, 5, 1, 6, 4, 1, 5, 3, 1, 6, 5, 5, 4, 6, 2, 5, 5, 5, 1, 4, 1, 6, 5, 2, 3, 4] [6, 4, 9, 6, 5, 9, 3, 10, 8, 10, 5, 8, 8, 4, 7, 5, 5, 6, 6, 6, 6, 7, 8, 6, 10, 5, 7, 8, 6, 4, 7, 8, 6, 8, 6, 8, 7, 9, 4, 7, 5, 8, 5, 3, 7, 9, 10, 4, 8, 8, 4, 8, 7, 6, 7, 9, 5, 9, 8, 5, 9, 6, 4, 9, 8, 9, 6, 8, 4, 7, 8, 8, 5, 8, 4, 9, 7, 4, 6, 8]
A_6 18.41 A 6 [3, 6, 4, 1, 3, 1, 2, 5, 4, 1, 5, 1, 3, 6, 2, 5, 6, 5, 5, 4, 4, 5, 5, 4, 5, 1, 6, 1, 6, 3, 1, 4, 5, 1, 6, 5, 2, 2, 3, 1, 5, 3, 2, 5, 4, 1, 6, 3, 1, 3, 3, 6, 6, 3, 3, 3, 4, 4, 6, 2, 5, 2, 6, 1, 5, 5, 5, 6, 6, 2, 3, 5, 5, 1, 5, 6, 4, 6, 4, 2] [5, 8, 6, 3, 5, 3, 6, 8, 7, 5, 8, 5, 5, 10, 6, 8, 8, 8, 7, 7, 8, 8, 8, 7, 8, 3, 9, 5, 8, 7, 4, 8, 9, 5, 9, 9, 6, 6, 7, 4, 7, 6, 5, 9, 7, 3, 9, 7, 5, 7, 5, 9, 10, 6, 7, 6, 6, 6, 9, 4, 7, 6, 8, 4, 9, 8, 8, 8, 8, 4, 7, 7, 7, 4, 7, 10, 8, 8, 7, 6]
A_7 20.65 A 7 [4, 6, 2, 4, 3, 6, 5, 4, 6, 3, 2, 5, 5, 4, 3, 3, 6, 4, 1, 1, 2, 2, 5, 1, 3, 4, 1, 6, 1, 5, 4, 1, 5, 3, 1, 1, 4, 4, 6, 4, 1, 4, 2, 4, 2, 1, 6, 4, 4, 5, 2, 5, 4, 4, 6, 5, 4, 2, 5, 3, 2, 3, 2, 2, 1, 1, 1, 4, 3, 4, 5, 5, 2, 6, 2, 6, 5, 5, 2, 1] [6, 8, 4, 6, 6, 10, 8, 8, 9, 7, 4, 8, 8, 6, 5, 5, 8, 7, 4, 3, 5, 4, 7, 4, 5, 7, 3, 10, 5, 9, 8, 3, 8, 5, 3, 5, 8, 6, 8, 8, 5, 8, 4, 7, 6, 5, 10, 7, 7, 7, 4, 8, 7, 7, 9, 9, 7, 5, 7, 5, 5, 6, 4, 4, 5, 5, 4, 6, 7, 7, 8, 9, 5, 8, 4, 8, 7, 9, 6, 4]
A_8 22.07 A 8 [2, 2, 1, 5, 2, 6, 4, 6, 2, 3, 4, 6, 6, 1, 6, 5, 1, 2, 5, 6, 3, 6, 4, 5, 3, 3, 3, 4, 5, 1, 6, 4, 6, 2, 2, 2, 3, 2, 1, 5, 1, 5, 2, 2, 1, 4, 6, 5, 1, 2, 3, 2, 6, 5, 2, 5, 6, 2, 2, 5, 1, 3, 5, 4, 6, 2, 3, 3, 6, 4, 5, 1, 3, 4, 4, 2, 6, 2, 2, 6] [4, 6, 5, 7, 4, 8, 7, 9, 5, 6, 8, 8, 10, 4, 8, 8, 3, 6, 9, 9, 6, 8, 6, 7, 7, 7, 7, 7, 9, 5, 9, 6, 10, 5, 5, 6, 7, 4, 3, 7, 4, 7, 6, 5, 3, 6, 9, 7, 3, 4, 5, 5, 10, 7, 6, 7, 8, 6, 4, 7, 5, 6, 8, 8, 10, 5, 7, 5, 9, 8, 7, 3, 5, 8, 8, 6, 10, 5, 4, 9]
A_9 26.58 A 9 [2, 1, 2, 4, 5, 6, 1, 3, 3, 1, 1, 4, 5, 3, 1, 2, 3, 3, 1, 6, 6, 4, 1, 5, 2, 1, 1, 3, 3, 5, 4, 1, 4, 4, 1, 5, 5, 6, 3, 1, 1, 6, 2, 4, 5, 1, 3, 5, 3, 6, 2, 5, 1, 2, 6, 5, 3, 5, 4, 5, 6, 3, 4, 6, 5, 2, 5, 5, 1, 4, 2, 4, 1, 2, 1, 6, 2, 5, 5, 6] [4, 4, 4, 6, 7, 10, 5, 7, 6, 4, 4, 7, 7, 6, 3, 4, 7, 7, 4, 9, 9, 8, 3, 7, 4, 4, 3, 5, 5, 7, 8, 5, 8, 7, 3, 8, 8, 9, 6, 3, 4, 9, 6, 7, 8, 4, 5, 7, 7, 10, 6, 8, 3, 5, 8, 7, 5, 9, 8, 7, 8, 7, 7, 9, 9, 5, 7, 7, 5, 7, 4, 6, 4, 6, 5, 10, 5, 8, 9, 8]
A_10 28.38 A 10 [6, 4, 3, 2, 5, 2, 5, 2, 4, 1, 4, 3, 1, 5, 2, 6, 6, 1, 3, 4, 6, 2, 2, 1, 2, 6, 2, 4, 5, 1, 6, 2, 2, 5, 4, 2, 5, 1, 5, 3, 2, 5, 3, 4, 1, 2, 4, 5, 5, 1, 5, 6, 2, 2, 3, 1, 3, 5, 2, 5, 3, 6, 5, 5, 4, 3, 2, 2, 4, 6, 3, 3, 2, 1, 6, 5, 4, 6, 2, 6] [9, 6, 7, 4, 7, 5, 8, 4, 8, 4, 6, 5, 3, 7, 4, 9, 10, 3, 6, 7, 8, 6, 6, 5, 4, 9, 5, 7, 8, 4, 8, 4, 6, 7, 7, 6, 8, 5, 9, 5, 6, 9, 6, 7, 4, 4, 6, 9, 7, 5, 8, 9, 6, 4, 6, 5, 6, 9, 6, 9, 6, 10, 7, 9, 6, 7, 4, 6, 6, 10, 6, 6, 6, 4, 10, 8, 7, 8, 6, 10]
A_11 29.38 A 11 [4, 5, 5, 4, 1, 4, 1, 5, 6, 4, 3, 5, 6, 4, 1, 4, 1, 2, 2, 4, 5, 2, 4, 1, 2, 6, 4, 4, 2, 2, 1, 5, 6, 6, 6, 4, 4, 1, 2, 4, 4, 1, 3, 5, 1, 1, 6, 5, 4, 1, 2, 6, 6, 3, 6, 2, 3, 2, 5, 2, 4, 2, 4, 6, 6, 5, 4, 5, 3, 3, 5, 5, 6, 4, 6, 4, 1, 3, 1, 6] [6, 9, 7, 6, 5, 8, 5, 8, 8, 7, 5, 7, 8, 7, 5, 7, 4, 4, 4, 7, 7, 6, 6, 3, 6, 8, 7, 6, 4, 4, 4, 9, 8, 9, 8, 6, 7, 3, 4, 6, 8, 4, 6, 8, 4, 5, 8, 9, 6, 4, 6, 8, 8, 5, 10, 4, 5, 5, 9, 5, 8, 6, 7, 9, 9, 7, 8, 7, 7, 5, 7, 8, 8, 7, 9, 6, 4, 7, 5, 8]
A_12 36.32 A 12 [4, 6, 1, 3, 2, 5, 3, 5, 6, 5, 1, 6, 5, 3, 4, 3, 2, 6, 4, 3, 5, 1, 3, 2, 6, 4, 6, 6, 5, 4, 6, 2, 1, 5, 5, 4, 6, 1, 2, 4, 6, 2, 1, 3, 3, 4, 5, 1, 6, 4, 2, 5, 1, 5, 1, 6, 6, 5, 3, 3, 1, 2, 6, 6, 1, 2, 5, 4, 6, 5, 6, 6, 4, 2, 2, 2, 6, 3, 1, 3] [6, 10, 3, 6, 6, 8, 5, 8, 10, 7, 3, 8, 9, 5, 6, 5, 6, 9, 7, 6, 9, 4, 7, 5, 8, 6, 9, 8, 9, 6, 8, 5, 5, 7, 7, 7, 9, 4, 6, 8, 9, 4, 5, 6, 6, 8, 8, 3, 9, 8, 6, 9, 3, 7, 4, 10, 10, 9, 6, 7, 3, 5, 9, 8, 5, 6, 8, 6, 9, 8, 8, 8, 8, 4, 4, 4, 10, 7, 3, 6]
A_13 38.65 A 13 [1, 1, 5, 5, 1, 1, 6, 4, 1, 3, 5, 4, 3, 4, 4, 1, 1, 4, 3, 4, 3, 2, 1, 5, 1, 3, 6, 2, 5, 4, 5, 3, 6, 2, 6, 5, 5, 5, 6, 6, 2, 2, 2, 2, 2, 3, 1, 1, 1, 5, 4, 5, 5, 6, 3, 6, 1, 2, 6, 2, 3, 6, 3, 4, 6, 5, 5, 4, 2, 3, 1, 5, 1, 3, 1, 6, 3, 1, 4, 1] [3, 5, 8, 7, 4, 4, 10, 6, 4, 6, 7, 7, 5, 8, 8, 5, 5, 6, 7, 6, 6, 5, 5, 7, 4, 6, 9, 5, 7, 6, 8, 7, 9, 5, 10, 7, 7, 7, 9, 10, 5, 4, 5, 5, 6, 6, 5, 3, 4, 9, 7, 9, 8, 9, 7, 8, 3, 6, 8, 6, 6, 10, 7, 8, 9, 7, 9, 6, 6, 7, 4, 7, 4, 5, 5, 9, 5, 5, 7, 5]
A_14 40.48 A 14 [1, 5, 1, 3, 2, 5, 2, 3, 6, 1, 2, 1, 4, 4, 4, 6, 2, 2, 5, 3, 2, 2, 5, 6, 4, 4, 6, 2, 1, 3, 4, 6, 5, 1, 1, 2, 2, 2, 4, 2, 1, 5, 5, 3, 5, 4, 3, 6, 6, 4, 2, 3, 5, 5, 6, 6, 5, 5, 6, 5, 4, 3, 6, 5, 1, 3, 6, 5, 2, 2, 2, 3, 4, 1, 5, 6, 2, 5, 1, 6] [5, 9, 3, 5, 6, 7, 6, 5, 8, 3, 4, 5, 6, 8, 8, 10, 5, 4, 9, 6, 4, 5, 8, 10, 7, 7, 8, 5, 3, 6, 7, 9, 7, 5, 4, 6, 5, 6, 6, 5, 3, 8, 9, 7, 9, 6, 5, 10, 9, 8, 5, 6, 7, 7, 9, 8, 8, 7, 10, 7, 7, 6, 10, 7, 4, 7, 8, 8, 5, 6, 5, 6, 6, 3, 7, 9, 5, 9, 4, 10]
A_15 43.58 A 15 [5, 4, 5, 3, 6, 2, 5, 3, 5, 2, 6, 4, 3, 1, 6, 4, 4, 2, 6, 2, 6, 1, 1, 6, 2, 1, 4, 3, 1, 2, 3, 6, 1, 5, 2, 3, 4, 5, 4, 1, 1, 5, 5, 2, 4, 5, 3, 5, 5, 1, 3, 3, 4, 6, 3, 5, 1, 3, 5, 6, 4, 2, 4, 3, 5, 4, 4, 3, 2, 3, 3, 6, 5, 1, 1, 3, 6, 2, 2, 6] [8, 7, 9, 5, 9, 5, 8, 5, 8, 4, 9, 7, 5, 5, 10, 7, 7, 4, 9, 5, 8, 3, 3, 8, 5, 5, 7, 7, 4, 5, 7, 9, 5, 8, 4, 7, 8, 9, 6, 3, 5, 7, 7, 6, 7, 8, 5, 7, 7, 4, 6, 6, 6, 8, 6, 9, 5, 7, 9, 8, 6, 5, 8, 5, 7, 6, 6, 5, 6, 6, 5, 8, 7, 5, 3, 7, 9, 5, 4, 9]
A_16 47.5 A 16 [2, 1, 5, 2, 5, 1, 6, 6, 1, 3, 6, 1, 2, 1, 2, 4, 6, 1, 5, 4, 1, 5, 2, 3, 3, 4, 1, 3, 5, 3, 3, 3, 3, 3, 3, 2, 2, 1, 2, 3, 1, 1, 3, 3, 4, 5, 1, 4, 5, 5, 6, 5, 4, 4, 6, 2, 4, 3, 4, 4, 1, 2, 1, 3, 4, 4, 3, 6, 4, 3, 5, 5, 2, 1, 5, 6, 1, 6, 6, 4] [6, 4, 7, 5, 7, 5, 8, 8, 3, 7, 10, 4, 6, 5, 5, 7, 8, 4, 8, 7, 4, 8, 5, 5, 7, 8, 4, 7, 7, 7, 7, 5, 5, 7, 6, 4, 4, 3, 4, 6, 4, 4, 5, 6, 7, 7, 5, 8, 7, 9, 10, 9, 8, 8, 8, 4, 6, 6, 8, 7, 4, 4, 5, 6, 7, 6, 5, 8, 7, 6, 7, 9, 6, 3, 9, 10, 4, 9, 9, 6]
A_17 50.97 A 17 [1, 6, 1, 4, 2, 4, 5, 4, 2, 3, 1, 2, 6, 4, 2, 2, 1, 5, 5, 3, 2, 6, 1, 3, 4, 4, 1, 6, 1, 4, 4, 1, 4, 3, 6, 1, 1, 2, 1, 4, 6, 5, 2, 4, 1, 4, 4, 3, 5, 5, 5, 3, 6, 2, 1, 1, 6, 1, 5, 3, 3, 5, 1, 6, 3, 2, 3, 4, 6, 3, 1, 3, 2, 4, 5, 1, 3, 2, 4, 4] [3, 9, 5, 7, 4, 6, 8, 7, 6, 7, 3, 4, 9, 6, 4, 4, 4, 9, 9, 7, 6, 8, 4, 6, 7, 8, 3, 8, 3, 8, 6, 5, 7, 7, 9, 4, 4, 6, 4, 6, 8, 7, 6, 7, 5, 8, 6, 7, 9, 8, 8, 7, 8, 4, 4, 5, 8, 3, 9, 5, 7, 7, 4, 9, 6, 6, 5, 8, 8, 7, 3, 7, 6, 6, 9, 4, 5, 5, 7, 6]
A_18 52.89 A 18 [5, 1, 5, 3, 5, 2, 5, 1, 5, 1, 3, 2, 4, 3, 5, 6, 5, 5, 6, 5, 3, 2, 6, 5, 1, 6, 2, 3, 5, 4, 2, 2, 4, 4, 6, 2, 6, 3, 5, 5, 4, 6, 5, 5, 6, 4, 4, 1, 1, 3, 5, 6, 2, 3, 1, 3, 5, 2, 1, 5, 4, 3, 1, 5, 4, 2, 1, 2, 4, 2, 5, 3, 2, 3, 6, 6, 5, 1, 3, 4] [9, 4, 8, 6, 7, 6, 7, 4, 9, 4, 6, 4, 7, 7, 9, 9, 8, 9, 9, 8, 5, 5, 10, 7, 3, 10, 5, 7, 7, 6, 4, 6, 8, 7, 8, 5, 8, 6, 8, 9, 6, 8, 8, 9, 10, 7, 6, 3, 4, 6, 8, 10, 6, 5, 5, 6, 7, 6, 4, 8, 8, 6, 3, 9, 6, 5, 5, 6, 8, 5, 8, 7, 6, 7, 9, 8, 8, 4, 7, 8]
A_19 53.89 A 19 [2, 5, 3, 4, 2, 4, 4, 1, 6, 6, 4, 4, 3, 4, 3, 2, 4, 3, 5, 1, 2, 1, 3, 3, 6, 4, 1, 2, 4, 1, 1, 5, 2, 3, 5, 4, 1, 1, 1, 6, 6, 3, 1, 6, 2, 2, 2, 4, 4, 3, 6, 2, 1, 5, 2, 4, 5, 3, 3, 6, 4, 5, 5, 5, 5, 5, 6, 6, 3, 6, 6, 2, 1, 6, 2, 5, 2, 2, 1, 4] [6, 7, 5, 6, 6, 6, 7, 3, 9, 9, 7, 7, 6, 6, 6, 5, 7, 7, 8, 3, 6, 4, 6, 7, 8, 6, 5, 6, 8, 5, 5, 9, 6, 6, 9, 8, 5, 4, 4, 9, 8, 7, 5, 10, 5, 4, 6, 6, 6, 6, 10, 6, 4, 7, 6, 8, 8, 5, 6, 8, 7, 9, 8, 7, 9, 9, 10, 8, 6, 9, 8, 4, 4, 9, 6, 7, 5, 4, 3, 8]
A_20 54.89 A 20 [6, 4, 6, 4, 4, 4, 4, 2, 3, 6, 6, 5, 5, 3, 2, 6, 1, 2, 3, 2, 5, 4, 3, 2, 1, 6, 5, 1, 3, 6, 5, 5, 1, 2, 2, 3, 6, 3, 4, 6, 2, 2, 1, 5, 3, 4, 1, 3, 3, 5, 5, 5, 1, 1, 5, 1, 6, 5, 4, 3, 5, 5, 4, 6, 6, 4, 2, 4, 5, 6, 4, 3, 3, 6, 5, 3, 5, 3, 4, 4] [8, 6, 10, 7, 8, 6, 8, 5, 6, 9, 8, 7, 9, 6, 4, 8, 4, 6, 5, 6, 9, 7, 7, 6, 4, 8, 7, 3, 5, 8, 7, 7, 5, 4, 6, 6, 9, 5, 7, 9, 6, 4, 3, 9, 6, 7, 3, 6, 7, 7, 8, 9, 3, 3, 9, 5, 8, 9, 6, 5, 7, 7, 7, 10, 8, 6, 6, 6, 7, 9, 7, 5, 6, 9, 7, 6, 9, 7, 6, 8]
A_21 56.46 A 21 [6, 2, 2, 4, 1, 4, 5, 2, 6, 4, 2, 2, 1, 2, 2, 1, 5, 6, 2, 1, 4, 3, 4, 6, 2, 6, 3, 4, 5, 1, 4, 4, 5, 4, 1, 5, 3, 2, 3, 3, 1, 1, 3, 6, 5, 1, 3, 3, 4, 3, 3, 2, 3, 2, 1, 6, 1, 3, 2, 2, 1, 3, 2, 4, 5, 1, 4, 3, 2, 5, 5, 2, 1, 1, 2, 4, 2, 6, 2, 4] [10, 4, 4, 6, 3, 7, 8, 4, 8, 8, 6, 6, 4, 5, 5, 3, 8, 8, 5, 4, 7, 7, 7, 10, 5, 9, 7, 7, 7, 5, 8, 8, 9, 7, 4, 7, 6, 4, 5, 7, 3, 3, 7, 9, 9, 4, 6, 7, 7, 5, 6, 6, 7, 4, 5, 8, 5, 6, 6, 6, 3, 6, 4, 6, 7, 3, 8, 5, 5, 7, 8, 4, 4, 4, 4, 6, 4, 9, 4, 8]
A_22 57.46 A 22 [2, 3, 2, 3, 3, 5, 5, 5, 4, 1, 2, 4, 3, 1, 5, 1, 2, 1, 6, 3, 3, 4, 2, 1, 5, 3, 6, 2, 5, 5, 6, 2, 3, 1, 2, 6, 4, 1, 4, 6, 4, 1, 3, 4, 2, 5, 5, 4, 2, 2, 5, 1, 4, 5, 2, 1, 6, 3, 4, 4, 1, 5, 3, 3, 2, 2, 6, 5, 1, 4, 2, 5, 2, 4, 6, 4, 5, 3, 4, 1] [6, 7, 6, 6, 6, 8, 8, 7, 6, 3, 6, 6, 7, 5, 8, 3, 5, 4, 10, 6, 7, 7, 5, 5, 7, 6, 10, 6, 8, 8, 8, 4, 6, 5, 6, 8, 7, 4, 6, 9, 7, 4, 7, 6, 5, 9, 9, 6, 4, 4, 7, 3, 8, 8, 4, 3, 9, 6, 7, 8, 5, 8, 6, 5, 5, 6, 10, 8, 3, 7, 5, 8, 5, 7, 9, 6, 9, 5, 6, 3]
A_23 58.46 A 23 [4, 1, 3, 4, 2, 2, 4, 1, 5, 5, 1, 1, 2, 5, 6, 6, 3, 3, 5, 3, 2, 6, 1, 6, 2, 2, 5, 6, 4, 4, 6, 6, 3, 1, 2, 2, 2, 4, 4, 6, 6, 4, 1, 5, 1, 3, 1, 1, 3, 2, 4, 2, 3, 4, 6, 5, 6, 6, 1, 4, 6, 1, 4, 3, 2, 6, 1, 5, 1, 4, 2, 6, 3, 3, 3, 2, 5, 3, 3, 2] [6, 4, 6, 7, 5, 6, 7, 4, 7, 7, 5, 3, 5, 7, 10, 8, 5, 6, 7, 7, 6, 10, 5, 8, 5, 4, 8, 9, 6, 8, 8, 10, 7, 4, 5, 6, 4, 8, 7, 9, 9, 8, 4, 8, 4, 5, 5, 3, 5, 4, 8, 5, 7, 8, 10, 9, 8, 10, 4, 8, 10, 3, 6, 6, 5, 9, 3, 7, 3, 6, 4, 8, 5, 7, 7, 6, 9, 7, 5, 4]
A_24 59.46 A 24 [2, 6, 5, 1, 4, 6, 5, 3, 3, 2, 2, 2, 6, 1, 4, 2, 3, 4, 1, 6, 1, 2, 5, 2, 1, 2, 2, 2, 5, 5, 3, 4, 1, 3, 6, 2, 6, 3, 4, 2, 3, 1, 3, 6, 3, 5, 5, 6, 2, 5, 3, 2, 6, 2, 2, 1, 4, 2, 5, 4, 4, 6, 3, 2, 1, 2, 4, 6, 2, 1, 2, 6, 2, 5, 2, 4, 1, 2, 2, 4] [4, 8, 9, 4, 6, 10, 8, 5, 7, 4, 4, 6, 8, 4, 7, 5, 7, 7, 3, 8, 4, 5, 7, 5, 3, 4, 6, 5, 7, 9, 5, 8, 3, 5, 8, 6, 8, 7, 7, 4, 5, 4, 5, 9, 5, 9, 8, 10, 4, 8, 5, 5, 8, 6, 6, 5, 8, 5, 9, 6, 8, 9, 7, 6, 3, 5, 8, 9, 4, 5, 6, 9, 6, 8, 4, 8, 3, 6, 4, 6]
A_25 62.370000000000005 A 25 [5, 1, 3, 3, 6, 2, 1, 4, 3, 1, 6, 6, 4, 3, 4, 1, 4, 4, 6, 4, 6, 6, 3, 2, 2, 5, 4, 6, 1, 3, 4, 5, 1, 1, 4, 2, 5, 3, 5, 4, 2, 5, 4, 6, 2, 4, 4, 1, 1, 6, 3, 5, 5, 3, 3, 2, 3, 6, 4, 2, 5, 1, 5, 5, 4, 3, 5, 4, 6, 3, 4, 2, 6, 4, 3, 2, 6, 3, 5, 1] [7, 4, 5, 6, 8, 5, 3, 7, 7, 4, 9, 8, 6, 6, 7, 5, 8, 8, 10, 6, 8, 9, 6, 4, 4, 8, 8, 8, 5, 7, 8, 9, 3, 4, 8, 4, 9, 6, 7, 8, 6, 7, 7, 9, 4, 7, 8, 5, 5, 8, 5, 7, 8, 7, 7, 5, 6, 8, 6, 5, 8, 4, 9, 8, 7, 6, 9, 6, 8, 7, 7, 5, 9, 6, 7, 4, 8, 6, 7, 3]
A_26 66.30000000000001 A 26 [1, 6, 6, 2, 6, 3, 6, 1, 3, 1, 2, 4, 6, 6, 6, 4, 1, 1, 2, 1, 5, 3, 6, 5, 2, 4, 6, 1, 3, 1, 6, 3, 6, 3, 1, 4, 1, 1, 4, 6, 5, 1, 4, 2, 3, 2, 6, 2, 6, 6, 5, 4, 2, 1, 4, 2, 6, 5, 2, 2, 4, 3, 1, 6, 3, 2, 1, 2, 4, 5, 3, 2, 1, 6, 3, 5, 5, 1, 1, 6] [4, 10, 10, 4, 8, 7, 9, 3, 7, 3, 5, 7, 9, 9, 8, 7, 4, 3, 5, 5, 7, 7, 10, 8, 6, 8, 10, 4, 7, 5, 8, 6, 9, 7, 5, 6, 5, 5, 7, 9, 8, 5, 8, 4, 6, 4, 9, 5, 10, 9, 8, 7, 4, 3, 8, 6, 9, 7, 6, 5, 6, 5, 3, 9, 5, 5, 5, 4, 6, 9, 6, 5, 5, 10, 6, 7, 9, 4, 5, 10]
A_27 67.30000000000001 A 27 [3, 3, 2, 4, 2, 6, 1, 6, 4, 3, 4, 4, 6, 2, 2, 3, 3, 6, 3, 2, 1, 4, 2, 6, 2, 6, 1, 5, 4, 5, 2, 5, 3, 2, 4, 5, 3, 6, 2, 2, 3, 4, 5, 4, 1, 1, 4, 1, 1, 6, 4, 6, 6, 3, 3, 1, 4, 3, 5, 1, 1, 2, 4, 5, 1, 1, 1, 2, 4, 1, 1, 1, 1, 1, 5, 3, 6, 6, 4, 1] [6, 6, 4, 7, 5, 8, 5, 10, 7, 5, 7, 6, 8, 5, 5, 7, 7, 8, 7, 6, 3, 7, 6, 9, 5, 8, 4, 9, 8, 8, 5, 7, 7, 6, 7, 7, 5, 9, 4, 5, 5, 6, 9, 7, 4, 5, 7, 3, 4, 8, 8, 9, 10, 6, 7, 4, 6, 6, 8, 3, 3, 4, 8, 8, 5, 3, 4, 4, 8, 4, 4, 5, 4, 5, 8, 7, 10, 8, 8, 4]
A_28 69.97000000000001 A 28 [5, 6, 4, 1, 2, 3, 6, 1, 5, 3, 5, 2, 5, 5, 1, 1, 5, 1, 5, 4, 3, 5, 5, 4, 5, 1, 3, 4, 6, 2, 5, 5, 6, 2, 2, 6, 5, 4, 2, 3, 2, 2, 3, 3, 5, 4, 1, 1, 1, 4, 3, 1, 3, 6, 4, 5, 3, 4, 3, 5, 1, 3, 3, 2, 2, 6, 3, 5, 6, 2, 1, 1, 6, 5, 3, 6, 1, 3, 2, 5] [8, 8, 7, 4, 6, 6, 8, 5, 9, 5, 8, 4, 9, 7, 3, 4, 7, 3, 7, 8, 5, 7, 8, 6, 7, 5, 7, 8, 9, 4, 8, 7, 9, 5, 4, 9, 9, 6, 5, 5, 5, 6, 5, 5, 9, 6, 5, 5, 4, 6, 6, 4, 5, 9, 7, 7, 6, 8, 5, 8, 3, 6, 6, 4, 4, 8, 7, 9, 8, 6, 3, 3, 9, 9, 5, 8, 3, 6, 5, 8]
A_29 73.26000000000002 A 29 [2, 6, 6, 3, 6, 2, 3, 5, 1, 5, 1, 2, 4, 4, 3, 2, 3, 4, 4, 1, 6, 1, 5, 4, 5, 3, 1, 5, 2, 2, 2, 3, 1, 6, 1, 3, 1, 1, 5, 6, 2, 5, 1, 2, 2, 6, 4, 4, 6, 4, 3, 3, 6, 2, 6, 3, 1, 6, 6, 5, 3, 3, 3, 6, 3, 3, 4, 5, 3, 3, 6, 2, 3, 3, 5, 5, 6, 5, 2, 4] [4, 8, 8, 5, 10, 4, 7, 9, 5, 7, 4, 4, 6, 6, 6, 5, 7, 8, 6, 5, 8, 5, 8, 8, 9, 7, 5, 8, 4, 5, 5, 7, 3, 9, 4, 5, 5, 5, 8, 10, 5, 8, 4, 6, 6, 10, 8, 7, 10, 7, 6, 7, 10, 6, 10, 5, 3, 10, 9, 8, 6, 6, 6, 9, 5, 6, 8, 8, 5, 5, 10, 4, 7, 6, 7, 9, 9, 7, 6, 7]
A_30 74.26000000000002 A 30 [1, 1, 1, 5, 3, 3, 1, 4, 6, 4, 6, 1, 6, 5, 4, 3, 3, 4, 2, 1, 5, 4, 6, 6, 3, 4, 6, 2, 5, 2, 3, 4, 6, 6, 4, 2, 6, 1, 6, 1, 1, 6, 1, 6, 4, 4, 2, 3, 3, 6, 1, 4, 4, 1, 5, 1, 3, 3, 2, 4, 4, 4, 2, 6, 4, 1, 2, 2, 2, 3, 5, 3, 5, 6, 5, 1, 5, 1, 3, 1] [4, 5, 4, 7, 7, 7, 4, 8, 9, 8, 8, 4, 8, 8, 7, 7, 7, 6, 4, 5, 7, 8, 8, 8, 5, 8, 8, 5, 8, 5, 7, 8, 9, 10, 8, 4, 8, 5, 10, 3, 3, 9, 3, 9, 6, 8, 5, 6, 5, 9, 5, 7, 6, 3, 7, 5, 5, 5, 6, 6, 7, 8, 6, 9, 7, 4, 5, 6, 6, 5, 8, 7, 9, 10, 9, 4, 8, 3, 6, 5]
A_31 78.79000000000002 A 31 [3, 6, 5, 5, 3, 5, 4, 1, 4, 1, 2, 5, 2, 3, 6, 6, 3, 1, 2, 5, 5, 4, 2, 6, 4, 5, 3, 5, 5, 3, 4, 2, 5, 4, 5, 2, 6, 3, 4, 5, 5, 4, 3, 5, 2, 6, 6, 3, 1, 6, 6, 5, 5, 1, 4, 4, 1, 6, 3, 5, 4, 2, 2, 5, 4, 2, 3, 5, 2, 2, 2, 6, 5, 2, 2, 4, 3, 6, 5, 6] [7, 9, 7, 7, 6, 8, 8, 3, 6, 5, 4, 9, 5, 7, 9, 9, 5, 5, 6, 9, 7, 8, 4, 10, 8, 9, 6, 7, 7, 7, 8, 5, 7, 8, 8, 5, 8, 5, 7, 9, 8, 7, 7, 7, 4, 10, 10, 5, 4, 8, 8, 9, 9, 3, 7, 7, 4, 9, 6, 8, 7, 4, 4, 7, 6, 5, 7, 7, 4, 6, 5, 8, 8, 4, 4, 7, 6, 9, 8, 8]
A_32 80.62000000000002 A 32 [3, 1, 4, 1, 1, 4, 5, 5, 6, 4, 2, 6, 1, 6, 5, 1, 3, 4, 4, 2, 1, 5, 3, 3, 1, 1, 6, 3, 6, 1, 6, 5, 3, 1, 6, 6, 6, 3, 1, 3, 3, 2, 6, 6, 3, 4, 2, 2, 4, 1, 5, 4, 4, 2, 6, 5, 5, 4, 4, 5, 1, 3, 1, 1, 2, 6, 6, 1, 1, 6, 5, 3, 2, 1, 1, 5, 5, 6, 4, 3] [6, 5, 6, 3, 4, 6, 9, 8, 10, 8, 6, 8, 5, 9, 7, 5, 5, 7, 8, 6, 5, 9, 6, 7, 3, 3, 9, 7, 9, 3, 9, 7, 5, 3, 9, 9, 9, 5, 5, 5, 5, 5, 8, 8, 5, 7, 5, 5, 7, 3, 8, 6, 8, 5, 9, 7, 7, 7, 8, 7, 3, 7, 3, 3, 5, 10, 10, 5, 3, 9, 8, 5, 6, 4, 4, 9, 9, 8, 8, 6]
A_33 86.47000000000001 A 33 [2, 1, 2, 6, 6, 6, 1, 3, 2, 4, 5, 6, 5, 2, 1, 5, 3, 3, 4, 3, 2, 4, 1, 1, 3, 1, 3, 2, 2, 6, 6, 4, 1, 2, 2, 3, 5, 3, 5, 5, 2, 5, 5, 5, 4, 4, 6, 1, 6, 3, 5, 3, 4, 1, 2, 2, 6, 6, 5, 1, 5, 6, 1, 4, 1, 6, 1, 3, 4, 2, 5, 2, 1, 4, 1, 4, 1, 2, 6, 1] [4, 5, 6, 10, 8, 8, 5, 5, 5, 7, 7, 9, 7, 5, 5, 8, 7, 7, 7, 6, 4, 7, 5, 4, 5, 4, 7, 6, 5, 9, 10, 8, 3, 5, 5, 7, 9, 7, 7, 9, 4, 7, 8, 9, 7, 8, 10, 5, 9, 6, 9, 7, 8, 5, 4, 5, 10, 8, 8, 3, 8, 8, 5, 6, 3, 9, 4, 7, 8, 6, 7, 4, 4, 8, 4, 8, 4, 4, 10, 3]
A_34 87.47000000000001 A 34 [3, 5, 2, 4, 1, 4, 6, 1, 2, 1, 4, 6, 5, 6, 1, 2, 3, 6, 6, 5, 2, 1, 2, 2, 6, 4, 1, 4, 2, 1, 4, 5, 6, 2, 1, 3, 4, 2, 2, 3, 2, 4, 3, 2, 6, 1, 5, 1, 6, 5, 6, 3, 1, 3, 6, 5, 2, 3, 5, 1, 2, 5, 6, 6, 4, 1, 2, 4, 5, 3, 5, 3, 2, 3, 1, 5, 5, 2, 3, 4] [7, 8, 6, 8, 4, 6, 9, 3, 5, 3, 7, 8, 7, 10, 4, 4, 6, 9, 8, 9, 6, 4, 6, 5, 8, 8, 5, 7, 4, 4, 8, 8, 9, 5, 4, 6, 7, 4, 6, 7, 4, 6, 5, 6, 8, 4, 9, 4, 9, 8, 10, 7, 4, 7, 9, 7, 6, 7, 8, 4, 4, 9, 10, 10, 6, 5, 4, 6, 8, 6, 8, 7, 6, 6, 5, 7, 7, 6, 5, 7]
A_35 92.91000000000001 A 35 [5, 6, 2, 1, 2, 6, 5, 1, 2, 5, 2, 4, 4, 5, 2, 3, 2, 1, 2, 4, 3, 5, 6, 2, 2, 2, 4, 5, 6, 3, 2, 2, 6, 3, 3, 1, 4, 1, 4, 2, 3, 6, 1, 4, 4, 3, 2, 4, 5, 5, 4, 6, 6, 3, 4, 6, 1, 4, 1, 4, 3, 6, 2, 2, 3, 6, 4, 2, 5, 3, 5, 3, 3, 2, 3, 2, 5, 5, 5, 1] [7, 10, 6, 5, 4, 8, 9, 5, 6, 8, 6, 6, 7, 7, 6, 7, 4, 4, 5, 8, 6, 7, 8, 6, 6, 4, 6, 7, 9, 5, 4, 5, 9, 7, 6, 3, 8, 5, 6, 4, 7, 9, 5, 6, 7, 5, 5, 7, 8, 8, 8, 10, 9, 7, 6, 8, 4, 6, 3, 6, 6, 10, 5, 5, 6, 9, 6, 6, 7, 5, 8, 6, 7, 4, 6, 6, 9, 7, 9, 3]
A_36 93.91000000000001 A 36 [6, 6, 4, 4, 3, 4, 2, 4, 3, 5, 5, 4, 6, 5, 2, 4, 2, 1, 6, 1, 6, 3, 4, 2, 6, 5, 1, 3, 5, 1, 6, 6, 6, 5, 4, 4, 5, 2, 2, 1, 1, 5, 4, 6, 5, 6, 5, 6, 6, 2, 1, 4, 5, 2, 1, 4, 6, 1, 6, 4, 3, 5, 2, 5, 5, 3, 5, 2, 3, 1, 5, 4, 6, 6, 6, 2, 6, 6, 4, 1] [8, 8, 6, 7, 6, 7, 6, 8, 7, 8, 8, 7, 9, 7, 5, 8, 4, 4, 8, 5, 9, 6, 7, 4, 8, 9, 5, 5, 9, 5, 8, 8, 9, 9, 7, 8, 8, 6, 4, 5, 3, 8, 7, 8, 7, 9, 7, 10, 10, 4, 5, 8, 7, 6, 3, 8, 9, 4, 9, 8, 7, 8, 4, 8, 8, 5, 8, 5, 5, 3, 9, 6, 10, 10, 8, 6, 9, 9, 6, 5]
A_37 95.68 A 37 [4, 2, 3, 3, 4, 6, 2, 4, 2, 6, 1, 1, 1, 5, 2, 5, 1, 2, 3, 1, 3, 2, 1, 4, 3, 3, 1, 6, 4, 1, 1, 3, 3, 3, 2, 1, 2, 4, 6, 2, 1, 4, 4, 6, 1, 5, 6, 1, 4, 6, 1, 6, 6, 5, 3, 5, 6, 3, 3, 1, 5, 1, 3, 3, 6, 4, 2, 6, 3, 6, 3, 6, 5, 5, 2, 4, 4, 5, 3, 2] [7, 5, 6, 6, 6, 9, 6, 6, 4, 9, 5, 3, 4, 7, 6, 9, 3, 6, 6, 4, 5, 4, 4, 8, 7, 6, 5, 9, 6, 5, 5, 5, 5, 7, 4, 5, 6, 8, 9, 5, 3, 8, 6, 10, 5, 8, 9, 5, 7, 8, 5, 10, 8, 8, 6, 7, 10, 6, 5, 5, 8, 3, 7, 7, 10, 8, 5, 9, 5, 10, 6, 10, 9, 9, 5, 8, 6, 9, 7, 6]
A_38 96.76 A 38 [2, 3, 1, 3, 6, 1, 3, 6, 1, 3, 5, 2, 2, 6, 4, 4, 2, 1, 5, 1, 4, 3, 4, 4, 4, 5, 4, 2, 2, 5, 6, 4, 1, 5, 2, 4, 2, 6, 6, 2, 3, 6, 2, 6, 6, 3, 2, 6, 1, 6, 5, 1, 2, 3, 4, 1, 3, 3, 1, 3, 1, 3, 4, 6, 6, 5, 3, 6, 5, 5, 1, 4, 5, 3, 4, 5, 5, 6, 3, 1] [4, 7, 5, 7, 8, 4, 7, 8, 3, 6, 9, 4, 6, 9, 6, 6, 4, 4, 8, 4, 7, 5, 6, 7, 7, 7, 7, 4, 5, 8, 10, 7, 5, 7, 6, 6, 4, 9, 8, 4, 6, 9, 4, 10, 9, 5, 6, 10, 5, 10, 8, 3, 4, 7, 8, 3, 5, 5, 4, 7, 4, 6, 7, 10, 9, 9, 5, 9, 7, 7, 5, 6, 9, 7, 8, 9, 9, 8, 7, 4]
A_39 98.34 A 39 [4, 5, 3, 1, 5, 4, 1, 4, 5, 1, 3, 4, 4, 6, 2, 1, 3, 4, 5, 6, 6, 3, 6, 6, 2, 4, 6, 2, 3, 6, 1, 5, 3, 5, 3, 2, 1, 2, 2, 3, 1, 6, 1, 4, 3, 3, 5, 1, 2, 6, 1, 2, 1, 4, 6, 2, 4, 6, 5, 2, 3, 5, 4, 6, 1, 3, 5, 6, 4, 3, 6, 5, 5, 2, 1, 4, 2, 5, 1, 6] [8, 8, 6, 5, 7, 7, 4, 8, 7, 3, 5, 6, 8, 10, 5, 3, 6, 6, 9, 9, 9, 7, 9, 9, 4, 8, 9, 5, 5, 10, 3, 9, 5, 9, 7, 4, 5, 5, 4, 5, 3, 10, 4, 6, 7, 5, 9, 4, 4, 9, 4, 6, 4, 8, 10, 5, 6, 8, 7, 4, 5, 9, 7, 8, 4, 5, 8, 8, 8, 6, 9, 8, 8, 4, 4, 8, 4, 8, 3, 10]
B_0 1.86 B 40 [4, 4, 4, 1, 5, 3, 5, 1, 1, 1, 2, 4, 6, 2, 1, 1, 1, 6, 4, 6, 2, 1, 4, 6, 3, 2, 5, 3, 2, 2, 1, 5, 3, 2, 2, 3, 1, 1, 3, 1, 4, 6, 1, 4, 6, 5, 4, 2, 6, 2, 5, 6, 1, 1, 2, 5, 1, 2, 4, 3, 4, 4, 5, 1, 1, 6, 4, 1, 5, 3, 4, 2, 1, 4, 2, 5, 1, 4, 5, 4] [7, 7, 7, 4, 8, 5, 7, 5, 4, 4, 6, 8, 9, 5, 3, 5, 4, 8, 6, 8, 6, 3, 7, 9, 5, 6, 8, 5, 5, 5, 3, 8, 5, 4, 4, 7, 3, 3, 6, 3, 7, 10, 3, 8, 8, 8, 8, 4, 10, 4, 8, 9, 5, 3, 6, 7, 5, 4, 6, 6, 8, 8, 8, 5, 4, 8, 6, 5, 9, 5, 7, 5, 5, 8, 5, 8, 5, 6, 7, 7]
B_1 2.8600000000000003 B 41 [2, 2, 2, 3, 3, 4, 3, 4, 5, 6, 5, 1, 2, 2, 5, 5, 1, 5, 6, 3, 2, 1, 1, 4, 1, 5, 1, 4, 2, 5, 6, 4, 2, 5, 4, 6, 5, 4, 6, 6, 6, 5, 4, 4, 5, 6, 3, 2, 5, 1, 4, 6, 4, 5, 6, 5, 3, 6, 1, 6, 5, 3, 2, 6, 3, 4, 3, 3, 3, 4, 4, 1, 1, 5, 3, 5, 1, 1, 6, 5] [6, 6, 4, 5, 6, 8, 6, 8, 7, 9, 9, 4, 4, 4, 8, 7, 4, 7, 8, 7, 4, 3, 4, 8, 4, 7, 5, 6, 6, 8, 9, 7, 5, 7, 6, 9, 8, 8, 9, 10, 10, 9, 6, 6, 7, 10, 6, 4, 7, 3, 7, 10, 6, 8, 10, 9, 6, 8, 3, 8, 7, 7, 5, 9, 7, 6, 5, 5, 6, 6, 7, 3, 5, 8, 7, 9, 3, 5, 8, 8]
B_2 6.75 B 42 [4, 2, 3, 5, 6, 3, 2, 2, 2, 2, 3, 3, 1, 2, 5, 5, 3, 2, 5, 1, 1, 3, 3, 1, 3, 4, 4, 5, 3, 1, 1, 3, 6, 5, 3, 1, 4, 4, 2, 1, 1, 4, 2, 6, 5, 4, 2, 1, 4, 6, 5, 3, 1, 5, 3, 2, 3, 3, 4, 1, 1, 6, 2, 4, 6, 3, 1, 2, 5, 2, 6, 2, 2, 5, 2, 1, 5, 6, 4, 1] [6, 4, 6, 7, 10, 5, 5, 4, 6, 6, 6, 6, 5, 5, 9, 7, 5, 6, 8, 5, 3, 7, 7, 4, 5, 7, 8, 9, 5, 4, 3, 7, 8, 8, 5, 5, 7, 6, 4, 4, 3, 6, 4, 8, 7, 7, 5, 4, 6, 8, 7, 6, 3, 9, 6, 5, 6, 7, 8, 4, 5, 8, 4, 6, 9, 5, 3, 5, 8, 5, 9, 6, 5, 8, 4, 4, 7, 9, 8, 5]
B_3 10.77 B 43 [4, 4, 5, 3, 6, 1, 5, 4, 2, 4, 4, 5, 3, 2, 3, 2, 3, 4, 5, 6, 5, 6, 4, 5, 6, 6, 2, 4, 3, 2, 6, 5, 6, 5, 2, 4, 6, 6, 6, 4, 4, 4, 6, 5, 5, 6, 6, 4, 4, 1, 6, 2, 6, 4, 5, 6, 1, 2, 1, 5, 6, 2, 1, 2, 5, 2, 5, 3, 1, 6, 5, 6, 1, 6, 1, 4, 1, 4, 3, 5] [6, 6, 7, 5, 8, 3, 9, 7, 5, 7, 7, 8, 6, 5, 7, 6, 6, 7, 9, 10, 9, 9, 6, 8, 9, 9, 4, 7, 5, 6, 9, 7, 8, 9, 6, 6, 8, 10, 10, 6, 8, 6, 8, 8, 7, 9, 9, 8, 6, 4, 10, 5, 8, 6, 9, 8, 3, 6, 3, 8, 9, 4, 3, 4, 8, 6, 9, 6, 5, 9, 7, 10, 4, 8, 4, 6, 5, 7, 7, 8]
B_4 11.77 B 44 [6, 1, 4, 6, 2, 4, 4, 2, 1, 5, 1, 1, 3, 2, 5, 4, 4, 1, 6, 2, 3, 5, 2, 1, 3, 2, 3, 1, 5, 2, 4, 2, 3, 4, 6, 4, 5, 1, 6, 3, 6, 5, 5, 5, 5, 4, 2, 3, 5, 5, 5, 2, 5, 4, 5, 5, 2, 3, 4, 4, 6, 6, 2, 1, 6, 2, 4, 4, 1, 4, 2, 6, 6, 3, 1, 1, 6, 4, 1, 1] [8, 5, 6, 10, 6, 7, 7, 6, 3, 8, 4, 4, 6, 6, 9, 7, 7, 5, 10, 5, 6, 9, 5, 4, 5, 4, 6, 4, 9, 6, 6, 4, 5, 7, 8, 7, 7, 5, 9, 7, 8, 7, 7, 7, 8, 8, 6, 6, 7, 8, 7, 5, 9, 7, 8, 8, 5, 7, 8, 7, 8, 9, 6, 5, 10, 4, 7, 6, 3, 6, 5, 8, 8, 5, 4, 5, 8, 7, 3, 5]
B_5 12.77 B 45 [6, 6, 2, 1, 2, 6, 1, 1, 4, 1, 2, 1, 4, 3, 4, 5, 5, 4, 4, 2, 4, 1, 5, 3, 5, 4, 2, 1, 4, 6, 4, 6, 4, 4, 1, 3, 6, 5, 3, 3, 5, 6, 4, 6, 4, 3, 3, 1, 2, 1, 6, 5, 3, 6, 3, 6, 2, 3, 5, 4, 3, 5, 1, 1, 2, 2, 1, 1, 2, 5, 4, 2, 5, 3, 3, 4, 5, 3, 2, 4] [9, 8, 5, 3, 4, 9, 3, 5, 6, 4, 4, 5, 8, 6, 6, 8, 7, 8, 7, 4, 7, 4, 9, 5, 9, 7, 4, 5, 6, 10, 8, 10, 7, 8, 4, 5, 9, 8, 5, 5, 8, 10, 7, 9, 8, 7, 6, 5, 6, 4, 10, 9, 7, 10, 6, 9, 5, 5, 9, 6, 5, 8, 5, 3, 6, 4, 5, 3, 5, 9, 6, 4, 9, 6, 6, 7, 9, 6, 5, 8]
B_6 15.27 B 46 [1, 2, 3, 3, 3, 6, 6, 6, 6, 3, 4, 6, 5, 1, 3, 3, 1, 4, 4, 2, 1, 3, 5, 1, 5, 4, 6, 4, 1, 4, 2, 6, 2, 6, 5, 2, 5, 6, 2, 5, 4, 3, 2, 6, 2, 3, 4, 3, 4, 3, 6, 4, 6, 1, 3, 3, 5, 4, 4, 5, 2, 5, 6, 3, 2, 1, 5, 2, 5, 2, 6, 3, 5, 6, 5, 1, 1, 3, 4, 3] [3, 5, 6, 5, 5, 10, 9, 10, 9, 5, 6, 8, 8, 5, 5, 5, 5, 6, 6, 6, 3, 6, 9, 5, 8, 8, 9, 7, 5, 8, 5, 10, 5, 10, 9, 5, 7, 9, 6, 9, 8, 6, 5, 9, 6, 6, 7, 5, 6, 6, 8, 6, 9, 3, 6, 5, 8, 8, 6, 7, 5, 8, 9, 7, 6, 4, 9, 4, 7, 4, 9, 6, 8, 10, 7, 5, 5, 6, 6, 7]
B_7 18.96 B 47 [4, 2, 4, 6, 4, 1, 3, 4, 5, 5, 5, 5, 1, 1, 6, 5, 4, 3, 1, 4, 3, 3, 4, 1, 6, 1, 2, 1, 1, 4, 3, 3, 2, 1, 1, 4, 6, 1, 6, 1, 2, 2, 1, 4, 3, 1, 3, 6, 2, 3, 5, 6, 2, 6, 4, 3, 1, 6, 1, 6, 2, 2, 4, 4, 2, 3, 2, 3, 4, 5, 3, 4, 3, 5, 5, 3, 6, 2, 5, 2] [7, 5, 6, 8, 7, 4, 7, 7, 7, 7, 9, 9, 3, 3, 10, 7, 8, 7, 3, 6, 6, 7, 6, 3, 10, 5, 5, 3, 5, 7, 6, 5, 5, 5, 4, 7, 10, 5, 10, 4, 4, 4, 4, 8, 6, 5, 5, 8, 4, 5, 9, 9, 5, 9, 8, 6, 3, 10, 4, 10, 5, 4, 8, 6, 6, 5, 5, 7, 7, 9, 7, 8, 6, 9, 8, 5, 9, 4, 9, 6]
B_8 21.21 B 48 [4, 4, 6, 1, 2, 6, 1, 4, 1, 3, 5, 4, 6, 1, 6, 5, 5, 5, 1, 4, 3, 4, 2, 3, 2, 1, 6, 1, 1, 6, 3, 1, 4, 6, 6, 5, 6, 4, 1, 2, 6, 5, 4, 4, 5, 2, 4, 2, 4, 6, 6, 2, 2, 3, 2, 5, 6, 1, 3, 1, 1, 2, 6, 1, 2, 4, 4, 2, 6, 3, 3, 6, 1, 6, 3, 3, 3, 1, 6, 5] [6, 8, 8, 3, 5, 8, 5, 7, 3, 7, 7, 6, 9, 4, 9, 7, 7, 9, 4, 6, 7, 7, 4, 5, 4, 5, 10, 4, 4, 10, 5, 4, 7, 9, 9, 8, 10, 7, 5, 4, 10, 7, 6, 6, 7, 6, 6, 4, 8, 9, 10, 6, 4, 5, 6, 8, 8, 3, 7, 5, 3, 5, 10, 5, 5, 8, 7, 4, 10, 6, 5, 8, 5, 9, 6, 6, 6, 3, 10, 9]
B_9 23.29 B 49 [5, 1, 1, 5, 3, 5, 3, 5, 2, 6, 1, 1, 4, 5, 4, 1, 5, 5, 3, 3, 5, 3, 2, 2, 5, 6, 6, 6, 4, 4, 6, 6, 1, 3, 5, 5, 2, 6, 6, 6, 2, 1, 6, 1, 5, 1, 3, 3, 6, 2, 1, 4, 3, 3, 5, 2, 4, 2, 1, 2, 4, 3, 6, 4, 3, 3, 5, 1, 4, 1, 2, 6, 5, 3, 5, 2, 4, 5, 6, 5] [8, 5, 3, 8, 5, 8, 7, 7, 4, 10, 5, 4, 8, 9, 8, 4, 9, 8, 6, 6, 7, 5, 4, 4, 8, 8, 9, 8, 6, 7, 9, 8, 3, 6, 8, 8, 4, 8, 10, 9, 4, 3, 8, 4, 8, 4, 6, 5, 9, 6, 5, 7, 6, 6, 7, 4, 8, 6, 3, 5, 7, 7, 10, 6, 6, 5, 8, 4, 8, 5, 5, 8, 8, 7, 7, 5, 7, 7, 9, 7]
B_10 24.29 B 50 [4, 6, 4, 5, 4, 1, 3, 2, 3, 2, 5, 2, 2, 4, 2, 3, 6, 5, 5, 6, 5, 3, 5, 4, 3, 3, 5, 4, 3, 3, 1, 6, 5, 5, 6, 4, 1, 1, 5, 1, 5, 4, 5, 6, 5, 6, 6, 5, 6, 1, 1, 5, 1, 4, 6, 2, 3, 1, 1, 6, 5, 3, 6, 4, 2, 6, 1, 6, 3, 2, 1, 1, 2, 2, 3, 2, 2, 3, 3, 2] [7, 10, 7, 7, 6, 4, 5, 4, 5, 6, 8, 6, 6, 7, 5, 6, 10, 8, 8, 10, 8, 6, 7, 8, 5, 5, 8, 8, 6, 6, 5, 8, 8, 9, 10, 8, 5, 5, 8, 4, 8, 7, 7, 10, 7, 10, 8, 9, 10, 5, 3, 8, 5, 8, 9, 4, 7, 3, 3, 9, 7, 7, 10, 8, 5, 8, 5, 8, 7, 5, 3, 3, 5, 4, 6, 6, 4, 7, 6, 6]
B_11 27.2 B 51 [5, 1, 4, 6, 6, 5, 6, 5, 2, 5, 6, 6, 5, 5, 3, 3, 5, 3, 6, 2, 5, 2, 1, 2, 2, 5, 4, 6, 1, 3, 4, 5, 4, 3, 3, 6, 4, 6, 1, 2, 6, 6, 3, 2, 2, 5, 4, 6, 2, 4, 5, 5, 2, 4, 2, 4, 6, 1, 5, 3, 4, 4, 1, 1, 4, 4, 1, 2, 6, 5, 3, 4, 5, 3, 6, 6, 5, 6, 4, 1] [7, 4, 7, 8, 10, 8, 9, 8, 5, 8, 9, 8, 9, 9, 6, 6, 9, 7, 10, 6, 9, 6, 3, 5, 5, 7, 7, 9, 4, 7, 7, 9, 6, 7, 7, 10, 8, 10, 3, 6, 9, 10, 6, 5, 5, 9, 6, 9, 6, 7, 8, 9, 4, 8, 6, 6, 9, 4, 8, 5, 6, 7, 3, 5, 7, 6, 3, 4, 8, 8, 6, 6, 8, 7, 8, 9, 7, 8, 7, 4]
B_12 29.46 B 52 [1, 6, 5, 3, 4, 3, 6, 4, 6, 1, 2, 6, 1, 5, 5, 4, 4, 6, 2, 1, 1, 3, 4, 3, 6, 5, 2, 6, 3, 6, 4, 5, 4, 4, 1, 6, 5, 6, 2, 1, 1, 4, 1, 6, 5, 3, 6, 2, 2, 3, 1, 2, 6, 3, 3, 3, 1, 5, 5, 5, 1, 3, 4, 5, 1, 4, 1, 2, 1, 1, 2, 2, 5, 6, 5, 2, 1, 3, 1, 4] [5, 10, 9, 7, 8, 7, 10, 7, 10, 3, 6, 8, 3, 8, 7, 6, 8, 8, 6, 4, 3, 7, 8, 7, 8, 8, 4, 10, 5, 10, 6, 9, 8, 8, 4, 9, 7, 8, 4, 4, 5, 6, 3, 8, 9, 7, 9, 5, 4, 6, 5, 4, 8, 5, 5, 5, 3, 7, 8, 7, 4, 7, 7, 9, 5, 8, 3, 5, 3, 3, 4, 5, 9, 8, 8, 6, 3, 6, 3, 6]
B_13 33.3 B 53 [6, 3, 1, 2, 6, 2, 3, 4, 5, 2, 2, 3, 5, 6, 5, 6, 4, 2, 3, 5, 1, 2, 5, 4, 2, 3, 1, 3, 6, 2, 1, 1, 2, 1, 3, 3, 2, 5, 3, 4, 1, 5, 5, 4, 4, 6, 1, 6, 3, 3, 4, 4, 3, 6, 2, 1, 2, 3, 2, 5, 1, 1, 6, 3, 5, 6, 6, 5, 5, 6, 2, 4, 5, 6, 5, 2, 1, 4, 6, 4] [9, 6, 4, 5, 10, 6, 6, 7, 7, 5, 4, 5, 7, 9, 7, 8, 8, 4, 5, 7, 3, 4, 8, 8, 6, 7, 3, 6, 9, 6, 3, 3, 5, 5, 7, 7, 6, 8, 7, 8, 3, 8, 9, 6, 7, 10, 3, 9, 5, 6, 8, 8, 5, 8, 6, 3, 6, 6, 4, 7, 4, 5, 9, 5, 9, 9, 8, 8, 9, 9, 4, 6, 9, 10, 8, 5, 5, 8, 8, 7]
B_14 35.22 B 54 [2, 6, 1, 5, 1, 3, 3, 6, 2, 6, 3, 6, 1, 3, 6, 3, 6, 1, 1, 2, 5, 1, 2, 6, 2, 3, 4, 3, 4, 6, 5, 4, 6, 2, 6, 4, 1, 3, 4, 6, 2, 6, 3, 5, 5, 3, 3, 4, 2, 5, 6, 2, 3, 2, 1, 1, 4, 3, 4, 1, 5, 1, 3, 3, 5, 1, 3, 5, 5, 6, 3, 2, 6, 3, 4, 1, 6, 2, 1, 1] [4, 9, 4, 8, 5, 7, 7, 9, 6, 8, 6, 10, 4, 7, 9, 6, 8, 4, 5, 6, 9, 5, 4, 10, 6, 7, 8, 7, 7, 10, 7, 7, 9, 4, 9, 6, 3, 6, 8, 10, 6, 10, 6, 9, 8, 6, 6, 8, 6, 7, 9, 6, 5, 6, 3, 4, 8, 6, 6, 3, 9, 4, 7, 5, 7, 4, 7, 8, 9, 8, 6, 4, 10, 6, 6, 4, 10, 4, 5, 5]
B_15 36.22 B 55 [2, 2, 2, 5, 3, 5, 3, 5, 5, 5, 1, 2, 6, 6, 6, 5, 2, 1, 3, 4, 1, 6, 1, 5, 1, 2, 2, 1, 5, 3, 1, 4, 5, 2, 5, 6, 4, 5, 1, 2, 5, 5, 2, 6, 5, 6, 3, 3, 5, 2, 2, 4, 3, 1, 1, 5, 3, 6, 3, 5, 1, 1, 5, 4, 3, 3, 1, 4, 3, 1, 4, 6, 3, 5, 6, 2, 1, 5, 3, 4] [4, 5, 5, 7, 7, 9, 6, 9, 7, 7, 5, 4, 10, 8, 8, 9, 4, 5, 6, 8, 5, 8, 3, 9, 5, 5, 6, 4, 7, 5, 5, 7, 7, 5, 7, 8, 8, 7, 3, 5, 7, 9, 5, 8, 8, 9, 5, 6, 8, 4, 4, 6, 5, 3, 4, 9, 7, 9, 5, 9, 3, 3, 9, 8, 7, 5, 5, 6, 7, 3, 6, 9, 7, 7, 9, 4, 5, 9, 5, 6]
B_16 37.22 B 56 [1, 1, 2, 2, 2, 1, 4, 4, 6, 3, 3, 3, 6, 1, 5, 1, 4, 6, 5, 5, 6, 1, 6, 6, 4, 3, 6, 4, 3, 1, 3, 1, 5, 6, 2, 1, 6, 6, 3, 4, 1, 3, 3, 1, 2, 2, 5, 1, 6, 4, 3, 6, 1, 2, 4, 3, 5, 5, 3, 5, 2, 6, 5, 1, 4, 6, 5, 3, 1, 5, 6, 5, 6, 4, 3, 3, 5, 1, 5, 2] [5, 4, 4, 4, 4, 5, 6, 7, 8, 5, 6, 5, 10, 3, 8, 5, 6, 8, 7, 8, 8, 5, 9, 8, 8, 6, 9, 6, 6, 3, 5, 4, 7, 10, 6, 4, 9, 10, 5, 6, 5, 6, 6, 3, 5, 5, 8, 3, 8, 8, 7, 9, 3, 6, 8, 7, 8, 7, 5, 9, 6, 10, 7, 5, 8, 8, 7, 5, 4, 7, 9, 9, 8, 7, 6, 7, 9, 5, 9, 5]
B_17 40.58 B 57 [4, 2, 2, 3, 1, 6, 4, 2, 2, 5, 5, 2, 5, 2, 5, 3, 3, 1, 2, 3, 5, 3, 3, 6, 2, 6, 5, 3, 4, 6, 3, 6, 4, 6, 3, 4, 1, 3, 3, 6, 2, 6, 3, 2, 3, 3, 4, 6, 1, 2, 1, 1, 5, 3, 3, 6, 5, 6, 2, 1, 5, 1, 1, 4, 2, 2, 4, 6, 5, 5, 4, 2, 4, 4, 6, 1, 1, 5, 3, 2] [6, 4, 4, 5, 4, 9, 6, 5, 6, 9, 9, 5, 9, 6, 7, 7, 6, 3, 6, 5, 9, 6, 6, 10, 5, 8, 7, 6, 8, 10, 5, 9, 7, 8, 7, 6, 4, 6, 5, 8, 4, 8, 7, 6, 7, 5, 8, 10, 3, 6, 3, 4, 7, 6, 6, 9, 7, 10, 4, 3, 9, 3, 3, 6, 6, 6, 7, 8, 7, 9, 8, 5, 6, 7, 8, 3, 5, 9, 6, 5]
B_18 41.769999999999996 B 58 [6, 2, 1, 3, 6, 4, 6, 5, 2, 4, 2, 5, 3, 6, 6, 5, 4, 5, 1, 3, 4, 2, 4, 1, 5, 4, 2, 5, 3, 6, 2, 3, 4, 5, 5, 1, 6, 3, 1, 5, 4, 1, 4, 1, 4, 5, 4, 1, 3, 1, 1, 5, 5, 2, 4, 3, 3, 2, 4, 3, 1, 3, 5, 4, 6, 4, 4, 6, 5, 3, 3, 1, 4, 2, 6, 6, 3, 1, 4, 2] [8, 5, 4, 5, 9, 8, 9, 7, 4, 8, 6, 9, 6, 8, 10, 9, 8, 9, 4, 6, 6, 6, 7, 4, 9, 6, 6, 8, 5, 9, 6, 6, 8, 8, 8, 3, 9, 5, 4, 7, 6, 3, 8, 3, 8, 9, 6, 4, 7, 3, 3, 8, 8, 4, 6, 5, 5, 4, 7, 7, 3, 7, 8, 7, 8, 7, 8, 9, 9, 5, 5, 4, 7, 4, 8, 9, 7, 3, 8, 6]
B_19 49.16 B 59 [1, 5, 3, 5, 5, 1, 2, 3, 5, 5, 5, 2, 3, 2, 5, 6, 4, 3, 5, 6, 3, 2, 4, 4, 4, 2, 2, 1, 5, 5, 4, 5, 5, 1, 1, 4, 4, 1, 3, 2, 3, 6, 1, 5, 4, 4, 5, 6, 1, 2, 6, 3, 5, 5, 1, 5, 5, 1, 3, 1, 5, 5, 4, 1, 5, 3, 6, 2, 4, 6, 4, 4, 4, 1, 4, 2, 6, 6, 5, 5] [5, 9, 5, 8, 8, 5, 4, 5, 7, 7, 9, 5, 7, 6, 7, 8, 7, 5, 8, 8, 5, 6, 8, 8, 6, 5, 5, 3, 8, 8, 6, 8, 7, 3, 4, 6, 8, 5, 7, 4, 6, 8, 4, 8, 7, 6, 7, 10, 5, 5, 9, 5, 7, 7, 3, 9, 9, 3, 7, 5, 9, 7, 8, 3, 9, 6, 9, 4, 7, 10, 8, 7, 6, 5, 6, 5, 10, 9, 7, 8]
B_20 50.16 B 60 [4, 5, 5, 1, 2, 5, 5, 2, 1, 6, 3, 4, 1, 3, 4, 4, 1, 3, 4, 4, 5, 1, 1, 6, 4, 5, 4, 1, 1, 3, 4, 4, 1, 5, 2, 3, 3, 5, 1, 3, 4, 5, 1, 6, 6, 3, 2, 2, 1, 4, 5, 4, 1, 1, 5, 1, 2, 5, 1, 5, 5, 2, 3, 4, 2, 5, 4, 6, 2, 4, 5, 3, 6, 1, 4, 4, 2, 3, 1, 4] [8, 9, 7, 4, 5, 9, 7, 5, 5, 8, 6, 8, 3, 6, 7, 6, 4, 7, 8, 7, 7, 3, 5, 10, 8, 8, 6, 3, 3, 6, 7, 7, 3, 8, 4, 6, 7, 8, 4, 5, 8, 7, 5, 9, 8, 5, 5, 5, 3, 7, 7, 6, 4, 4, 9, 3, 6, 9, 3, 9, 7, 5, 5, 8, 4, 8, 8, 8, 6, 8, 9, 7, 8, 5, 8, 6, 4, 7, 5, 7]
B_21 51.209999999999994 B 61 [4, 2, 6, 5, 2, 3, 2, 3, 3, 3, 6, 2, 2, 6, 3, 2, 2, 5, 3, 5, 5, 3, 5, 1, 6, 1, 3, 2, 3, 3, 4, 2, 3, 6, 5, 6, 5, 1, 3, 5, 4, 3, 6, 2, 6, 5, 5, 2, 2, 3, 3, 4, 3, 1, 1, 1, 6, 1, 3, 5, 2, 3, 6, 6, 6, 3, 1, 3, 6, 4, 6, 6, 3, 4, 6, 3, 1, 6, 3, 1] [7, 5, 9, 7, 4, 6, 6, 6, 6, 7, 10, 6, 5, 10, 6, 5, 4, 7, 6, 9, 7, 6, 8, 3, 9, 4, 5, 4, 6, 6, 8, 4, 7, 8, 9, 10, 8, 3, 6, 9, 8, 7, 8, 4, 9, 8, 8, 4, 5, 7, 7, 7, 7, 5, 4, 3, 10, 3, 7, 7, 5, 5, 9, 9, 8, 7, 5, 6, 8, 6, 9, 10, 7, 8, 9, 5, 5, 8, 7, 3]
B_22 53.55 B 62 [6, 4, 6, 3, 5, 1, 6, 2, 5, 4, 5, 4, 6, 3, 6, 4, 1, 1, 1, 5, 4, 2, 3, 4, 3, 5, 1, 4, 3, 3, 2, 2, 1, 1, 6, 2, 2, 3, 4, 4, 5, 2, 2, 1, 2, 1, 6, 4, 6, 6, 6, 1, 4, 6, 3, 5, 5, 1, 5, 4, 3, 6, 5, 1, 3, 3, 6, 2, 3, 2, 4, 3, 1, 4, 1, 1, 4, 2, 6, 4] [9, 8, 8, 6, 9, 4, 8, 4, 8, 7, 7, 7, 9, 7, 10, 8, 5, 4, 3, 8, 7, 4, 6, 6, 7, 9, 3, 8, 6, 6, 6, 4, 3, 5, 10, 5, 4, 7, 7, 7, 8, 5, 4, 3, 6, 5, 9, 8, 10, 10, 10, 3, 7, 9, 7, 9, 7, 3, 8, 8, 5, 9, 9, 5, 5, 7, 10, 4, 7, 4, 8, 6, 5, 7, 3, 5, 8, 6, 9, 8]
B_23 54.55 B 63 [3, 5, 2, 6, 3, 6, 1, 2, 4, 6, 5, 6, 6, 4, 5, 3, 3, 6, 5, 5, 6, 4, 3, 3, 2, 5, 6, 5, 2, 6, 6, 5, 1, 4, 6, 2, 5, 3, 6, 6, 1, 6, 4, 2, 1, 1, 3, 4, 1, 4, 4, 1, 5, 3, 3, 4, 1, 4, 4, 1, 4, 6, 1, 2, 6, 4, 4, 2, 4, 3, 6, 4, 1, 5, 1, 1, 3, 2, 1, 5] [6, 7, 5, 9, 5, 9, 4, 4, 8, 9, 9, 9, 8, 8, 7, 5, 6, 9, 9, 7, 10, 6, 5, 6, 6, 8, 9, 8, 4, 9, 9, 7, 3, 6, 10, 5, 8, 7, 10, 8, 5, 9, 6, 4, 5, 3, 7, 6, 5, 6, 8, 5, 9, 5, 5, 8, 5, 6, 7, 3, 8, 9, 5, 5, 10, 6, 7, 5, 8, 7, 10, 8, 3, 8, 4, 4, 7, 6, 3, 9]
B_24 55.55 B 64 [5, 1, 3, 1, 2, 5, 5, 1, 6, 5, 4, 6, 1, 6, 1, 5, 4, 3, 4, 5, 6, 5, 2, 2, 1, 4, 3, 1, 2, 3, 4, 4, 2, 1, 4, 3, 5, 6, 6, 1, 1, 3, 6, 5, 6, 2, 2, 2, 2, 3, 2, 4, 1, 5, 5, 3, 4, 2, 6, 5, 2, 6, 3, 6, 2, 5, 6, 4, 4, 2, 5, 5, 6, 4, 1, 4, 3, 3, 1, 5] [8, 3, 7, 4, 6, 8, 9, 5, 10, 9, 6, 9, 5, 9, 4, 7, 7, 6, 6, 9, 8, 7, 5, 5, 3, 7, 5, 5, 4, 5, 7, 6, 5, 3, 6, 6, 8, 10, 9, 4, 4, 7, 9, 8, 10, 6, 6, 6, 5, 6, 5, 7, 5, 9, 7, 7, 8, 6, 8, 9, 4, 8, 5, 10, 4, 7, 10, 8, 6, 6, 9, 7, 9, 8, 4, 6, 7, 5, 4, 9]
B_25 56.629999999999995 B 65 [1, 3, 2, 1, 6, 5, 5, 1, 2, 2, 3, 5, 2, 5, 3, 4, 4, 2, 2, 5, 4, 1, 2, 6, 2, 3, 2, 1, 6, 3, 1, 2, 6, 6, 1, 6, 3, 4, 5, 3, 6, 4, 3, 2, 2, 2, 1, 3, 4, 3, 6, 4, 4, 6, 1, 3, 6, 2, 4, 3, 5, 3, 3, 4, 5, 3, 6, 3, 3, 2, 1, 4, 6, 6, 4, 2, 5, 6, 4, 1] [3, 6, 6, 3, 8, 9, 8, 5, 5, 5, 7, 7, 6, 7, 7, 6, 6, 6, 5, 9, 6, 3, 6, 9, 5, 6, 5, 3, 8, 6, 4, 5, 10, 9, 5, 9, 5, 8, 9, 5, 8, 6, 5, 6, 4, 4, 4, 5, 8, 5, 8, 6, 8, 9, 4, 5, 8, 6, 7, 6, 8, 7, 7, 6, 7, 6, 9, 5, 6, 4, 4, 7, 8, 8, 6, 4, 9, 10, 7, 5]
B_26 57.629999999999995 B 66 [4, 5, 5, 2, 2, 4, 5, 1, 3, 5, 2, 4, 5, 5, 6, 4, 3, 3, 1, 6, 2, 4, 6, 1, 4, 5, 1, 1, 3, 4, 2, 3, 6, 1, 2, 4, 5, 2, 3, 5, 4, 3, 1, 5, 4, 1, 5, 2, 4, 5, 1, 1, 1, 6, 3, 1, 5, 4, 4, 6, 4, 1, 6, 4, 6, 6, 4, 1, 3, 6, 3, 2, 5, 3, 5, 3, 2, 1, 5, 1] [6, 9, 7, 6, 4, 6, 8, 4, 7, 7, 4, 8, 8, 9, 8, 6, 5, 5, 5, 10, 6, 8, 10, 3, 8, 9, 5, 4, 7, 8, 5, 7, 10, 4, 4, 6, 8, 5, 5, 8, 6, 5, 3, 9, 7, 5, 9, 5, 7, 8, 5, 3, 3, 8, 7, 5, 7, 7, 8, 9, 8, 5, 10, 7, 10, 9, 6, 5, 5, 10, 6, 5, 7, 6, 8, 6, 4, 4, 9, 4]
B_27 58.629999999999995 B 67 [3, 1, 4, 4, 6, 6, 6, 4, 3, 5, 2, 5, 4, 4, 5, 3, 6, 4, 2, 6, 4, 3, 5, 5, 6, 4, 2, 2, 5, 5, 2, 5, 1, 3, 4, 2, 2, 6, 6, 6, 1, 3, 2, 3, 4, 1, 2, 3, 2, 1, 6, 2, 2, 5, 5, 4, 3, 6, 6, 2, 6, 3, 2, 2, 4, 3, 1, 6, 1, 6, 3, 2, 2, 6, 1, 3, 2, 2, 2, 4] [5, 5, 7, 7, 10, 8, 8, 6, 5, 7, 6, 7, 6, 6, 8, 5, 8, 8, 6, 8, 6, 5, 8, 7, 9, 6, 4, 4, 9, 8, 6, 7, 5, 7, 6, 6, 5, 9, 9, 8, 5, 5, 5, 6, 6, 3, 4, 7, 4, 4, 8, 4, 5, 8, 8, 6, 5, 8, 9, 4, 8, 6, 4, 5, 8, 5, 5, 8, 5, 9, 5, 4, 5, 10, 4, 7, 5, 4, 6, 8]
B_28 59.629999999999995 B 68 [3, 3, 6, 4, 5, 2, 6, 3, 6, 1, 4, 3, 6, 2, 2, 2, 4, 6, 4, 3, 5, 2, 1, 1, 2, 6, 4, 4, 6, 3, 2, 2, 1, 4, 5, 5, 3, 3, 5, 4, 5, 3, 5, 1, 1, 2, 5, 4, 6, 4, 3, 6, 1, 5, 5, 3, 1, 5, 5, 4, 2, 6, 3, 4, 4, 3, 3, 1, 6, 5, 5, 3, 6, 2, 3, 3, 6, 3, 6, 4] [6, 7, 8, 6, 7, 4, 8, 7, 9, 5, 6, 7, 9, 6, 5, 6, 7, 8, 8, 6, 7, 5, 3, 3, 4, 8, 6, 8, 8, 5, 6, 4, 3, 8, 8, 7, 5, 5, 7, 8, 9, 6, 8, 5, 3, 5, 7, 7, 10, 8, 7, 8, 3, 9, 9, 7, 4, 7, 9, 7, 6, 8, 7, 8, 6, 6, 5, 5, 8, 7, 7, 5, 10, 6, 6, 7, 10, 6, 8, 7]
B_29 63.35999999999999 B 69 [6, 1, 4, 6, 6, 5, 2, 4, 4, 4, 6, 3, 5, 3, 2, 3, 3, 3, 2, 6, 6, 5, 4, 4, 1, 3, 5, 1, 2, 3, 3, 2, 6, 2, 3, 3, 1, 6, 5, 3, 3, 4, 2, 6, 4, 5, 2, 5, 3, 1, 2, 5, 1, 6, 6, 1, 5, 5, 3, 6, 4, 4, 2, 3, 2, 2, 6, 6, 5, 3, 3, 2, 6, 5, 1, 4, 5, 4, 4, 3] [9, 4, 6, 8, 8, 7, 4, 7, 8, 7, 10, 5, 8, 7, 6, 6, 6, 7, 5, 9, 9, 7, 7, 6, 5, 7, 9, 4, 6, 5, 5, 6, 9, 6, 6, 5, 3, 10, 7, 6, 5, 6, 5, 9, 6, 9, 4, 9, 6, 5, 5, 8, 3, 9, 8, 3, 7, 9, 5, 10, 8, 6, 4, 7, 6, 4, 10, 9, 7, 7, 6, 5, 10, 9, 3, 6, 9, 6, 6, 6]
B_30 64.47 B 70 [1, 6, 1, 2, 1, 5, 3, 5, 5, 2, 3, 5, 6, 1, 2, 3, 5, 1, 5, 6, 4, 5, 2, 2, 2, 4, 3, 1, 1, 6, 5, 2, 5, 5, 5, 5, 5, 3, 1, 6, 4, 4, 6, 5, 2, 4, 6, 3, 3, 2, 1, 3, 2, 2, 3, 4, 6, 4, 3, 4, 5, 6, 4, 6, 5, 1, 3, 3, 5, 3, 5, 5, 2, 6, 1, 1, 2, 3, 5, 5] [3, 10, 5, 6, 5, 8, 7, 8, 7, 4, 6, 7, 8, 4, 5, 5, 7, 3, 8, 8, 7, 8, 5, 4, 6, 7, 6, 4, 3, 10, 8, 5, 8, 7, 8, 8, 9, 6, 5, 9, 7, 7, 9, 7, 5, 6, 9, 7, 5, 5, 3, 6, 4, 4, 6, 6, 9, 8, 5, 8, 9, 9, 8, 10, 9, 4, 6, 5, 7, 6, 8, 8, 5, 9, 5, 3, 6, 7, 9, 8]
B_31 68.84 B 71 [4, 6, 6, 5, 5, 5, 5, 5, 1, 4, 3, 5, 6, 5, 3, 6, 5, 3, 3, 2, 3, 2, 5, 6, 6, 2, 2, 1, 1, 2, 3, 6, 3, 2, 3, 3, 4, 6, 4, 5, 2, 1, 2, 6, 6, 2, 3, 4, 6, 6, 1, 4, 2, 4, 2, 6, 5, 2, 1, 4, 3, 6, 3, 4, 5, 4, 2, 2, 3, 2, 5, 2, 2, 3, 3, 1, 1, 6, 3, 1] [6, 8, 9, 7, 9, 8, 7, 9, 3, 6, 6, 8, 8, 7, 6, 8, 9, 7, 7, 4, 5, 4, 8, 8, 9, 5, 5, 5, 3, 4, 7, 8, 5, 4, 7, 6, 6, 10, 6, 8, 5, 3, 6, 10, 8, 4, 6, 8, 8, 8, 3, 6, 5, 6, 4, 9, 9, 5, 4, 7, 7, 10, 6, 8, 7, 7, 5, 4, 5, 5, 8, 4, 6, 6, 7, 4, 4, 9, 6, 4]
B_32 73.08 B 72 [3, 5, 2, 4, 3, 1, 5, 2, 3, 1, 2, 6, 4, 1, 4, 5, 2, 2, 2, 1, 3, 1, 2, 3, 2, 6, 1, 1, 6, 3, 5, 5, 2, 1, 2, 3, 6, 5, 5, 5, 1, 1, 2, 1, 6, 5, 5, 3, 1, 5, 2, 5, 5, 5, 6, 3, 6, 4, 4, 4, 6, 3, 1, 1, 6, 6, 5, 2, 6, 6, 2, 2, 2, 1, 4, 4, 5, 6, 5, 1] [6, 9, 4, 6, 5, 5, 7, 5, 5, 4, 6, 8, 8, 4, 6, 7, 6, 6, 6, 4, 6, 4, 5, 5, 6, 9, 5, 4, 9, 7, 9, 8, 6, 4, 6, 7, 10, 9, 9, 8, 5, 5, 5, 4, 8, 9, 8, 6, 5, 8, 5, 8, 9, 9, 10, 7, 8, 6, 7, 6, 8, 7, 5, 3, 9, 8, 7, 5, 10, 10, 5, 6, 4, 3, 6, 7, 7, 9, 8, 5]
B_33 75.91 B 73 [5, 5, 2, 5, 4, 4, 1, 6, 4, 2, 1, 4, 2, 3, 1, 1, 1, 4, 3, 6, 6, 1, 4, 3, 5, 4, 6, 1, 5, 3, 6, 2, 1, 4, 3, 2, 6, 5, 3, 2, 4, 5, 5, 6, 3, 3, 6, 5, 6, 3, 2, 3, 6, 6, 3, 5, 4, 4, 2, 1, 1, 4, 4, 5, 4, 6, 3, 6, 2, 5, 6, 3, 1, 2, 2, 1, 1, 4, 3, 3] [7, 9, 6, 8, 7, 8, 4, 8, 8, 6, 4, 7, 4, 5, 3, 5, 3, 6, 7, 9, 9, 4, 7, 7, 8, 6, 10, 5, 9, 6, 10, 4, 4, 8, 6, 4, 10, 9, 7, 4, 8, 8, 8, 8, 5, 6, 10, 9, 9, 7, 4, 7, 8, 10, 6, 7, 7, 7, 4, 5, 5, 8, 7, 8, 8, 8, 6, 10, 6, 9, 9, 6, 3, 6, 6, 3, 5, 7, 6, 7]
B_34 76.94 B 74 [4, 3, 2, 2, 4, 1, 5, 2, 4, 1, 6, 6, 2, 1, 5, 1, 5, 5, 6, 2, 5, 2, 6, 3, 2, 3, 3, 5, 3, 5, 5, 2, 1, 1, 1, 3, 6, 2, 4, 1, 2, 3, 2, 1, 1, 3, 5, 5, 3, 5, 3, 6, 5, 5, 4, 6, 3, 6, 6, 4, 4, 6, 1, 1, 1, 4, 5, 1, 3, 1, 1, 3, 4, 2, 1, 1, 3, 4, 1, 4] [6, 5, 5, 5, 7, 4, 7, 4, 8, 5, 10, 9, 4, 5, 7, 3, 9, 9, 9, 6, 7, 4, 9, 7, 4, 7, 6, 8, 5, 7, 9, 4, 4, 4, 5, 6, 8, 5, 8, 4, 5, 7, 4, 4, 4, 6, 7, 8, 6, 7, 6, 8, 8, 8, 6, 9, 6, 8, 8, 6, 8, 9, 3, 4, 4, 6, 8, 4, 6, 3, 5, 7, 6, 6, 5, 4, 6, 6, 5, 7]
B_35 80.64999999999999 B 75 [6, 5, 4, 4, 2, 6, 6, 6, 2, 6, 5, 4, 2, 6, 6, 3, 6, 1, 6, 5, 3, 4, 4, 2, 4, 2, 5, 3, 6, 5, 1, 4, 5, 4, 5, 2, 2, 4, 5, 4, 5, 5, 1, 4, 1, 4, 1, 3, 3, 2, 2, 6, 2, 2, 1, 2, 3, 1, 6, 2, 4, 3, 1, 1, 4, 2, 3, 3, 3, 4, 1, 1, 4, 1, 1, 6, 6, 6, 3, 3] [10, 7, 8, 6, 5, 9, 10, 8, 6, 10, 8, 6, 4, 9, 9, 7, 10, 4, 8, 7, 6, 6, 6, 6, 8, 4, 7, 7, 8, 9, 4, 7, 9, 8, 7, 6, 6, 8, 9, 8, 8, 9, 4, 6, 5, 7, 5, 5, 6, 5, 6, 9, 6, 5, 4, 4, 7, 3, 9, 5, 6, 5, 5, 4, 6, 4, 6, 7, 7, 6, 3, 4, 7, 3, 4, 8, 8, 8, 7, 6]
B_36 82.19999999999999 B 76 [2, 6, 2, 3, 3, 5, 4, 5, 6, 2, 4, 1, 6, 3, 2, 6, 1, 3, 5, 2, 5, 2, 5, 5, 1, 6, 5, 6, 1, 6, 5, 3, 5, 1, 5, 5, 6, 4, 5, 2, 1, 1, 5, 1, 6, 5, 1, 6, 3, 4, 2, 5, 1, 1, 6, 1, 5, 1, 3, 6, 2, 1, 4, 3, 3, 5, 2, 2, 6, 5, 2, 1, 5, 1, 3, 6, 3, 5, 2, 4] [5, 8, 5, 5, 5, 7, 8, 7, 10, 5, 7, 4, 10, 5, 5, 9, 4, 5, 8, 5, 9, 4, 9, 9, 3, 8, 9, 10, 3, 9, 8, 6, 9, 4, 7, 9, 9, 6, 9, 4, 5, 3, 7, 5, 8, 9, 5, 9, 6, 7, 4, 7, 3, 5, 10, 5, 9, 5, 7, 10, 4, 5, 8, 7, 7, 9, 4, 5, 10, 9, 6, 4, 7, 5, 6, 8, 7, 7, 4, 6]
B_37 83.19999999999999 B 77 [5, 6, 4, 5, 4, 2, 6, 5, 2, 5, 6, 3, 3, 1, 5, 2, 6, 2, 1, 2, 3, 6, 3, 3, 2, 3, 1, 6, 3, 5, 1, 6, 6, 2, 2, 5, 6, 5, 6, 5, 4, 1, 6, 4, 4, 3, 3, 2, 1, 5, 3, 6, 3, 4, 2, 5, 1, 5, 1, 6, 3, 6, 2, 2, 3, 6, 1, 2, 3, 4, 3, 6, 6, 4, 4, 6, 5, 1, 4, 1] [9, 8, 6, 8, 8, 4, 8, 9, 5, 8, 8, 7, 7, 5, 9, 5, 9, 5, 4, 4, 7, 9, 5, 7, 6, 6, 4, 8, 6, 7, 3, 9, 8, 4, 6, 7, 9, 9, 8, 8, 6, 5, 9, 7, 7, 6, 6, 4, 3, 7, 7, 8, 6, 8, 4, 9, 5, 9, 3, 9, 7, 8, 6, 6, 5, 10, 4, 4, 6, 6, 7, 9, 9, 7, 6, 8, 7, 3, 8, 4]
B_38 84.19999999999999 B 78 [5, 4, 1, 1, 4, 3, 4, 2, 2, 5, 2, 1, 1, 4, 1, 2, 6, 4, 3, 1, 4, 2, 4, 3, 2, 5, 1, 4, 2, 2, 3, 5, 4, 6, 3, 5, 4, 3, 3, 1, 5, 6, 4, 3, 1, 2, 4, 5, 6, 6, 3, 4, 1, 6, 1, 3, 5, 3, 4, 5, 1, 3, 6, 1, 1, 4, 5, 2, 6, 4, 5, 3, 5, 3, 1, 3, 2, 4, 5, 5] [7, 7, 5, 3, 6, 6, 7, 6, 4, 9, 6, 5, 3, 7, 4, 4, 9, 7, 7, 3, 6, 4, 6, 5, 4, 7, 5, 8, 5, 6, 6, 8, 8, 10, 5, 9, 6, 7, 7, 3, 7, 8, 8, 7, 3, 5, 6, 9, 10, 9, 6, 7, 3, 8, 5, 5, 9, 6, 8, 7, 5, 7, 9, 3, 4, 7, 9, 6, 8, 6, 9, 6, 8, 6, 5, 7, 4, 8, 7, 7]
B_39 85.19999999999999 B 79 [4, 6, 2, 3, 4, 4, 2, 1, 6, 6, 6, 6, 3, 1, 6, 6, 4, 4, 4, 4, 4, 4, 1, 2, 4, 1, 6, 1, 5, 4, 1, 6, 3, 1, 4, 1, 1, 2, 1, 6, 4, 5, 1, 5, 1, 4, 3, 2, 5, 5, 2, 1, 4, 4, 1, 4, 2, 2, 2, 5, 4, 1, 4, 5, 5, 1, 1, 4, 4, 3, 5, 1, 1, 3, 4, 3, 4, 1, 5, 2] [6, 9, 5, 5, 6, 8, 6, 4, 9, 8, 10, 8, 6, 5, 10, 9, 6, 6, 8, 8, 8, 8, 3, 4, 6, 3, 10, 4, 8, 7, 5, 8, 6, 3, 7, 3, 5, 6, 4, 10, 7, 8, 5, 8, 5, 8, 7, 6, 9, 7, 6, 4, 6, 7, 5, 6, 5, 5, 6, 8, 7, 3, 8, 9, 9, 5, 4, 8, 7, 6, 8, 4, 5, 7, 7, 6, 6, 4, 7, 4]
