A_0 1 A 0 [4, 6, 6, 1, 2, 2, 4, 2, 1, 4, 6, 3, 2, 3, 5, 3, 2, 2, 4, 5, 3, 6, 1, 2, 5, 2, 1, 5, 3, 5, 2, 2, 2, 2, 6, 5, 4, 4, 2, 2, 5, 6, 2, 4, 3, 1, 2, 6, 1, 3, 4, 1, 6, 5, 5, 3, 1, 6, 5, 1, 2, 6, 3, 1, 5, 2, 1, 6, 6, 3, 6, 4, 6, 5, 4, 3, 4, 6, 2, 1] [4, 8, 6, 1, 2, 4, 4, 2, 3, 4, 8, 3, 3, 4, 6, 3, 2, 3, 4, 7, 5, 6, 1, 4, 7, 2, 3, 7, 3, 7, 3, 4, 4, 2, 7, 5, 5, 4, 4, 4, 5, 6, 4, 4, 5, 2, 4, 8, 3, 5, 5, 2, 7, 7, 5, 4, 3, 8, 7, 1, 4, 7, 4, 3, 6, 4, 2, 8, 8, 3, 8, 4, 6, 5, 6, 5, 4, 6, 3, 1]
A_1 3.96 A 1 [6, 3, 1, 2, 6, 5, 6, 3, 4, 6, 5, 3, 4, 3, 3, 5, 5, 1, 4, 1, 5, 3, 4, 5, 3, 6, 1, 5, 3, 6, 5, 4, 5, 5, 6, 1, 4, 1, 5, 5, 1, 6, 4, 3, 6, 4, 6, 5, 2, 1, 6, 6, 3, 4, 5, 3, 6, 3, 6, 6, 1, 6, 3, 4, 6, 2, 6, 1, 3, 6, 4, 4, 5, 2, 1, 6, 1, 2, 4, 4] [8, 4, 3, 2, 6, 6, 6, 3, 4, 6, 6, 5, 6, 3, 4, 5, 7, 1, 6, 2, 6, 4, 4, 5, 4, 8, 1, 5, 4, 6, 6, 5, 5, 5, 7, 3, 5, 2, 6, 6, 3, 6, 6, 4, 7, 4, 6, 7, 4, 3, 8, 8, 5, 6, 6, 4, 8, 3, 6, 7, 2, 6, 3, 4, 8, 2, 7, 3, 5, 7, 6, 4, 7, 4, 2, 8, 1, 2, 4, 4]
A_2 5.42 A 2 [6, 1, 6, 2, 4, 6, 3, 5, 5, 5, 5, 4, 4, 1, 1, 3, 4, 3, 6, 5, 4, 6, 1, 3, 3, 5, 3, 4, 3, 6, 3, 2, 5, 6, 6, 6, 4, 5, 4, 5, 5, 6, 1, 2, 6, 3, 3, 1, 3, 5, 4, 3, 6, 5, 1, 6, 3, 5, 6, 1, 4, 3, 3, 5, 2, 1, 5, 4, 4, 6, 3, 4, 2, 2, 3, 6, 6, 6, 3, 1] [6, 3, 8, 2, 4, 7, 4, 7, 5, 7, 7, 6, 6, 3, 2, 5, 6, 4, 8, 6, 6, 6, 2, 5, 5, 6, 5, 4, 5, 8, 3, 2, 5, 6, 8, 6, 6, 5, 6, 5, 5, 6, 3, 3, 7, 5, 5, 1, 3, 5, 5, 5, 7, 5, 1, 6, 3, 7, 7, 1, 5, 4, 3, 6, 2, 1, 5, 4, 4, 7, 5, 5, 3, 4, 3, 6, 7, 7, 3, 1]
A_3 6.73 A 3 [1, 2, 2, 2, 6, 4, 1, 6, 4, 2, 4, 1, 6, 1, 2, 6, 3, 6, 3, 4, 2, 3, 5, 2, 1, 2, 4, 1, 4, 6, 5, 6, 3, 5, 3, 6, 3, 2, 6, 1, 3, 5, 2, 6, 5, 1, 3, 5, 5, 3, 1, 4, 3, 4, 5, 2, 1, 3, 6, 3, 6, 5, 3, 3, 3, 4, 1, 2, 2, 1, 2, 2, 2, 5, 2, 4, 3, 6, 5, 3] [1, 2, 2, 4, 8, 5, 3, 7, 4, 3, 4, 2, 6, 1, 3, 6, 3, 8, 3, 5, 2, 5, 7, 4, 1, 2, 6, 1, 6, 8, 7, 8, 5, 7, 4, 8, 5, 4, 6, 2, 5, 5, 3, 6, 5, 1, 4, 5, 6, 4, 1, 4, 3, 5, 5, 3, 3, 4, 6, 5, 7, 7, 4, 4, 4, 5, 2, 2, 2, 1, 3, 2, 4, 7, 2, 4, 5, 7, 6, 5]
A_4 7.73 A 4 [2, 6, 4, 6, 2, 1, 1, 2, 5, 2, 6, 1, 4, 4, 5, 6, 5, 4, 3, 2, 4, 2, 5, 2, 5, 3, 3, 3, 1, 1, 5, 2, 5, 4, 4, 2, 4, 4, 1, 2, 1, 1, 4, 1, 6, 2, 3, 1, 1, 5, 4, 6, 4, 4, 1, 1, 6, 5, 2, 2, 5, 1, 1, 2, 2, 4, 5, 5, 6, 5, 2, 4, 1, 6, 5, 1, 4, 5, 6, 2] [2, 6, 4, 8, 2, 2, 2, 3, 6, 4, 7, 1, 6, 4, 5, 8, 5, 5, 5, 2, 4, 2, 5, 2, 7, 3, 4, 5, 3, 3, 6, 2, 6, 4, 6, 4, 6, 5, 2, 2, 1, 3, 4, 1, 7, 4, 3, 3, 3, 7, 6, 8, 6, 6, 1, 2, 8, 6, 2, 3, 6, 1, 1, 4, 4, 4, 5, 6, 7, 6, 2, 4, 2, 6, 5, 1, 4, 7, 8, 2]
A_5 8.73 A 5 [2, 5, 6, 4, 1, 2, 3, 1, 3, 2, 6, 6, 6, 1, 2, 4, 6, 6, 1, 3, 3, 1, 1, 2, 6, 6, 1, 4, 4, 2, 3, 4, 6, 6, 6, 6, 4, 6, 6, 4, 4, 5, 3, 5, 5, 6, 2, 5, 4, 2, 5, 1, 3, 5, 2, 2, 5, 3, 2, 2, 4, 1, 1, 5, 3, 5, 2, 2, 3, 4, 4, 5, 2, 3, 4, 6, 2, 2, 3, 3] [4, 6, 7, 5, 2, 4, 5, 1, 5, 3, 6, 7, 6, 2, 3, 5, 8, 8, 1, 3, 5, 3, 2, 2, 7, 6, 3, 5, 5, 4, 5, 5, 8, 7, 8, 8, 5, 7, 6, 6, 4, 7, 3, 5, 7, 7, 4, 6, 6, 3, 6, 3, 3, 5, 3, 3, 5, 4, 4, 3, 6, 2, 2, 6, 3, 6, 3, 4, 3, 4, 6, 7, 4, 3, 5, 6, 3, 3, 5, 3]
A_6 10.350000000000001 A 6 [4, 6, 3, 1, 1, 3, 2, 1, 5, 2, 3, 4, 3, 1, 6, 4, 4, 5, 6, 5, 5, 5, 4, 4, 4, 5, 1, 1, 2, 2, 6, 5, 3, 5, 3, 3, 3, 3, 5, 3, 4, 5, 6, 2, 6, 1, 5, 2, 6, 2, 3, 2, 5, 5, 6, 1, 6, 5, 2, 6, 4, 6, 3, 4, 5, 2, 5, 6, 4, 2, 5, 3, 6, 2, 1, 5, 2, 5, 3, 6] [4, 6, 4, 3, 2, 5, 4, 3, 6, 2, 5, 4, 5, 2, 7, 6, 5, 6, 6, 5, 6, 7, 4, 4, 5, 7, 2, 3, 2, 3, 7, 5, 4, 6, 4, 3, 5, 4, 5, 5, 4, 5, 7, 2, 8, 1, 6, 3, 6, 2, 5, 4, 6, 6, 6, 1, 8, 5, 4, 6, 5, 8, 3, 5, 6, 4, 5, 6, 5, 2, 5, 3, 7, 4, 1, 7, 2, 7, 5, 6]
A_7 12.21 A 7 [2, 3, 5, 6, 2, 1, 1, 1, 4, 5, 4, 6, 6, 6, 1, 5, 4, 5, 3, 1, 2, 6, 3, 6, 2, 3, 6, 6, 1, 5, 1, 1, 2, 5, 4, 5, 6, 6, 6, 5, 3, 6, 1, 4, 5, 5, 1, 2, 4, 4, 3, 1, 5, 2, 5, 2, 6, 4, 4, 4, 2, 3, 5, 6, 2, 4, 2, 2, 2, 4, 2, 6, 3, 5, 1, 5, 2, 4, 4, 2] [2, 3, 7, 7, 3, 1, 3, 1, 4, 6, 4, 7, 8, 6, 1, 5, 5, 5, 5, 1, 2, 8, 4, 7, 2, 4, 8, 8, 3, 6, 2, 1, 2, 7, 6, 5, 6, 6, 7, 5, 4, 7, 3, 4, 5, 6, 1, 4, 4, 4, 3, 2, 6, 4, 5, 2, 6, 4, 5, 4, 2, 3, 7, 7, 2, 4, 2, 2, 4, 4, 3, 8, 5, 7, 2, 7, 3, 6, 4, 4]
A_8 13.21 A 8 [1, 4, 5, 4, 5, 3, 5, 4, 4, 6, 3, 2, 5, 5, 2, 1, 4, 2, 2, 2, 5, 4, 4, 3, 4, 2, 2, 5, 3, 4, 2, 3, 4, 1, 2, 2, 5, 4, 4, 6, 1, 4, 5, 5, 2, 2, 6, 1, 2, 2, 5, 2, 1, 3, 3, 2, 5, 2, 4, 5, 5, 2, 5, 1, 4, 3, 4, 5, 2, 4, 6, 5, 5, 6, 5, 4, 2, 5, 4, 2] [3, 4, 5, 4, 6, 5, 6, 4, 6, 8, 4, 4, 6, 6, 3, 1, 4, 2, 2, 4, 6, 4, 4, 3, 5, 2, 2, 5, 3, 6, 4, 4, 6, 2, 3, 2, 5, 6, 5, 7, 3, 6, 6, 7, 4, 3, 6, 1, 3, 2, 5, 3, 3, 3, 3, 3, 6, 3, 6, 6, 6, 2, 5, 1, 6, 3, 4, 6, 3, 5, 6, 7, 6, 8, 6, 6, 4, 7, 6, 3]
A_9 14.850000000000001 A 9 [4, 6, 5, 2, 2, 2, 2, 5, 6, 3, 1, 4, 6, 3, 1, 1, 6, 6, 6, 6, 3, 5, 4, 2, 5, 6, 6, 6, 3, 1, 4, 3, 1, 2, 2, 1, 4, 5, 6, 5, 2, 4, 3, 1, 3, 3, 2, 2, 2, 1, 6, 1, 2, 2, 2, 3, 3, 4, 1, 6, 2, 1, 5, 5, 6, 6, 6, 4, 4, 5, 2, 5, 1, 5, 6, 3, 5, 5, 6, 3] [4, 6, 7, 3, 4, 3, 2, 6, 8, 5, 2, 6, 8, 4, 2, 2, 7, 7, 8, 6, 4, 5, 6, 2, 7, 7, 8, 7, 4, 2, 4, 5, 3, 3, 3, 1, 5, 7, 8, 5, 2, 6, 4, 2, 4, 5, 2, 3, 4, 3, 7, 2, 4, 2, 2, 5, 4, 6, 2, 6, 3, 3, 7, 5, 6, 8, 7, 4, 5, 5, 4, 7, 1, 5, 8, 4, 6, 5, 8, 5]
A_10 15.850000000000001 A 10 [6, 5, 5, 4, 6, 6, 3, 4, 3, 1, 1, 2, 6, 4, 1, 6, 3, 5, 5, 4, 3, 3, 4, 5, 6, 5, 1, 6, 1, 1, 1, 6, 2, 2, 6, 6, 6, 6, 2, 4, 4, 5, 2, 3, 5, 6, 4, 5, 6, 6, 6, 4, 6, 2, 2, 3, 5, 5, 4, 6, 6, 2, 2, 6, 2, 2, 3, 1, 3, 6, 5, 6, 3, 3, 5, 2, 4, 4, 4, 6] [8, 6, 7, 4, 7, 6, 5, 4, 4, 2, 2, 4, 8, 4, 1, 8, 5, 5, 5, 5, 3, 5, 6, 7, 6, 6, 1, 7, 1, 2, 1, 7, 2, 4, 6, 6, 8, 8, 4, 5, 6, 7, 2, 5, 7, 7, 4, 5, 7, 8, 8, 4, 8, 3, 4, 5, 7, 6, 6, 6, 7, 4, 3, 6, 2, 4, 3, 2, 4, 8, 5, 7, 5, 3, 6, 3, 5, 4, 5, 8]
A_11 18.03 A 11 [3, 3, 4, 1, 1, 6, 4, 6, 2, 4, 2, 4, 4, 5, 4, 5, 4, 5, 5, 1, 2, 2, 2, 5, 6, 5, 5, 6, 5, 4, 3, 5, 4, 1, 1, 6, 5, 4, 4, 6, 2, 6, 3, 2, 4, 1, 1, 1, 3, 6, 3, 2, 1, 6, 2, 1, 3, 3, 4, 1, 4, 5, 6, 5, 6, 6, 5, 3, 2, 5, 3, 4, 5, 3, 5, 6, 4, 1, 1, 1] [3, 5, 6, 2, 1, 7, 4, 7, 4, 6, 4, 5, 5, 7, 4, 7, 4, 7, 6, 2, 4, 2, 4, 6, 7, 6, 7, 7, 6, 5, 4, 7, 6, 2, 2, 7, 5, 5, 5, 6, 3, 8, 3, 3, 6, 2, 2, 1, 4, 8, 3, 4, 2, 8, 4, 2, 3, 4, 5, 1, 5, 6, 7, 5, 6, 7, 7, 3, 4, 5, 4, 4, 5, 5, 7, 8, 4, 1, 3, 2]
A_12 19.03 A 12 [2, 4, 4, 6, 4, 6, 3, 6, 5, 6, 6, 4, 5, 2, 4, 2, 4, 2, 2, 6, 4, 1, 1, 1, 6, 5, 3, 5, 4, 3, 2, 2, 2, 4, 6, 1, 6, 5, 5, 2, 1, 5, 1, 1, 4, 3, 1, 2, 3, 3, 6, 5, 3, 2, 3, 1, 1, 1, 6, 6, 2, 3, 4, 3, 3, 1, 2, 2, 5, 3, 3, 2, 2, 5, 1, 4, 5, 6, 6, 4] [3, 6, 6, 6, 6, 6, 5, 8, 6, 8, 8, 5, 6, 2, 5, 3, 5, 3, 3, 6, 5, 3, 1, 2, 7, 6, 4, 6, 6, 4, 4, 2, 3, 5, 6, 2, 6, 7, 5, 2, 3, 6, 1, 3, 6, 5, 2, 4, 3, 4, 7, 6, 5, 2, 4, 1, 2, 1, 7, 7, 3, 5, 5, 4, 5, 3, 4, 3, 6, 3, 4, 3, 3, 7, 2, 6, 7, 6, 8, 4]
A_13 20.84 A 13 [3, 3, 1, 1, 4, 1, 1, 6, 5, 3, 4, 5, 2, 5, 5, 5, 3, 5, 2, 2, 1, 6, 5, 4, 5, 2, 4, 2, 2, 1, 3, 6, 2, 3, 3, 5, 3, 5, 2, 6, 3, 5, 6, 1, 3, 3, 1, 2, 4, 5, 2, 6, 6, 1, 1, 4, 5, 6, 4, 1, 1, 4, 2, 6, 1, 5, 4, 1, 1, 1, 4, 5, 2, 2, 5, 2, 2, 2, 1, 5] [4, 3, 3, 1, 4, 2, 2, 6, 6, 4, 4, 7, 2, 7, 5, 6, 5, 7, 2, 2, 1, 6, 6, 6, 7, 3, 6, 2, 2, 2, 5, 8, 4, 3, 3, 5, 5, 6, 3, 8, 4, 5, 6, 3, 5, 3, 1, 4, 5, 5, 4, 7, 6, 2, 3, 5, 5, 6, 4, 2, 2, 5, 2, 6, 1, 6, 6, 3, 1, 1, 5, 6, 2, 2, 7, 4, 2, 2, 1, 6]
A_14 24.66 A 14 [5, 3, 1, 2, 5, 2, 6, 1, 2, 1, 1, 4, 4, 5, 5, 5, 3, 5, 1, 6, 6, 2, 5, 6, 1, 4, 5, 1, 5, 3, 5, 5, 4, 6, 2, 6, 4, 6, 3, 4, 5, 2, 1, 6, 2, 4, 2, 2, 4, 1, 5, 6, 1, 5, 3, 5, 2, 6, 4, 2, 2, 6, 5, 1, 2, 4, 5, 6, 3, 4, 5, 6, 1, 4, 5, 5, 6, 6, 6, 2] [6, 4, 2, 3, 5, 3, 7, 1, 3, 2, 1, 4, 5, 5, 6, 5, 4, 7, 1, 6, 6, 3, 5, 6, 2, 6, 7, 1, 5, 5, 7, 6, 6, 8, 2, 8, 6, 6, 5, 4, 7, 3, 2, 7, 2, 5, 4, 4, 4, 1, 5, 6, 1, 5, 3, 7, 2, 7, 6, 4, 4, 8, 6, 1, 2, 4, 7, 8, 5, 5, 6, 8, 1, 4, 7, 7, 7, 6, 8, 2]
A_15 25.66 A 15 [3, 5, 3, 6, 6, 4, 4, 5, 1, 1, 6, 5, 2, 5, 5, 4, 1, 6, 6, 2, 1, 5, 5, 3, 5, 5, 1, 1, 6, 6, 5, 4, 1, 2, 4, 3, 6, 5, 3, 2, 5, 3, 2, 1, 2, 5, 5, 6, 2, 3, 4, 4, 2, 4, 6, 2, 6, 1, 3, 1, 4, 5, 1, 2, 1, 3, 1, 4, 6, 1, 3, 2, 1, 5, 2, 1, 5, 2, 1, 1] [3, 5, 5, 6, 8, 5, 6, 5, 1, 2, 8, 7, 3, 6, 5, 6, 1, 7, 6, 3, 2, 5, 7, 4, 7, 7, 1, 2, 7, 8, 6, 4, 3, 4, 6, 5, 8, 7, 3, 2, 7, 4, 4, 3, 4, 6, 6, 6, 4, 5, 5, 4, 2, 6, 7, 2, 7, 1, 5, 1, 4, 6, 3, 4, 3, 3, 3, 6, 6, 1, 4, 4, 3, 5, 4, 1, 7, 2, 2, 2]
A_16 26.66 A 16 [2, 5, 4, 3, 5, 6, 4, 4, 4, 6, 3, 4, 4, 3, 3, 1, 4, 6, 1, 3, 1, 5, 1, 2, 6, 1, 6, 2, 6, 6, 3, 6, 3, 6, 6, 2, 6, 4, 2, 6, 4, 5, 2, 4, 4, 5, 1, 3, 4, 1, 3, 2, 1, 6, 1, 3, 3, 2, 2, 1, 6, 3, 5, 5, 3, 2, 4, 3, 3, 3, 4, 1, 1, 2, 4, 4, 5, 5, 4, 3] [2, 7, 6, 3, 5, 8, 5, 5, 4, 7, 5, 4, 5, 5, 4, 1, 5, 6, 3, 5, 1, 6, 2, 3, 6, 1, 8, 4, 6, 8, 4, 6, 4, 6, 6, 3, 8, 4, 2, 7, 6, 7, 3, 6, 5, 7, 1, 5, 5, 3, 5, 2, 2, 8, 2, 5, 4, 3, 4, 2, 7, 4, 7, 7, 4, 4, 5, 5, 3, 4, 5, 2, 2, 4, 5, 6, 7, 6, 5, 5]
A_17 27.66 A 17 [2, 1, 3, 6, 4, 6, 5, 5, 2, 6, 5, 5, 2, 5, 5, 6, 6, 2, 4, 2, 6, 4, 2, 1, 3, 3, 1, 6, 5, 3, 3, 4, 4, 2, 2, 5, 6, 3, 2, 4, 4, 1, 4, 6, 4, 3, 4, 5, 6, 6, 4, 3, 6, 6, 1, 1, 1, 4, 2, 5, 3, 4, 6, 4, 2, 2, 5, 3, 3, 3, 4, 1, 1, 2, 4, 3, 3, 2, 4, 1] [3, 1, 4, 8, 5, 8, 6, 5, 2, 7, 5, 7, 3, 7, 7, 7, 6, 2, 4, 4, 7, 5, 4, 2, 3, 4, 1, 7, 6, 4, 4, 6, 5, 3, 4, 6, 6, 4, 4, 6, 5, 2, 4, 7, 4, 4, 6, 6, 7, 7, 5, 4, 7, 7, 2, 2, 3, 4, 4, 6, 4, 4, 6, 4, 3, 3, 7, 3, 5, 4, 6, 3, 1, 4, 5, 3, 4, 2, 6, 2]
A_18 29.6 A 18 [4, 4, 6, 3, 3, 1, 6, 3, 2, 6, 5, 5, 2, 2, 1, 6, 1, 4, 6, 3, 6, 3, 1, 6, 5, 4, 5, 3, 2, 1, 1, 5, 5, 2, 1, 6, 3, 4, 5, 2, 3, 3, 4, 4, 4, 4, 4, 2, 2, 3, 4, 6, 5, 4, 5, 4, 6, 3, 3, 3, 3, 3, 3, 2, 5, 6, 1, 1, 3, 6, 1, 5, 2, 2, 5, 5, 4, 4, 1, 4] [4, 6, 8, 3, 5, 1, 6, 5, 2, 8, 5, 6, 3, 2, 1, 6, 3, 4, 6, 4, 6, 5, 2, 8, 5, 5, 6, 3, 3, 2, 2, 5, 6, 2, 2, 8, 4, 5, 6, 4, 5, 4, 5, 4, 4, 4, 4, 4, 4, 5, 6, 7, 5, 4, 5, 5, 6, 5, 4, 3, 4, 4, 3, 3, 7, 6, 2, 3, 3, 6, 2, 7, 3, 2, 5, 5, 5, 5, 2, 6]
A_19 34.45 A 19 [5, 1, 5, 4, 2, 3, 5, 1, 2, 6, 4, 1, 6, 2, 6, 2, 3, 2, 3, 1, 3, 5, 6, 6, 2, 2, 4, 1, 1, 1, 2, 6, 5, 4, 2, 6, 2, 1, 6, 1, 6, 6, 6, 5, 5, 1, 6, 2, 5, 1, 2, 5, 6, 3, 4, 1, 2, 3, 1, 5, 3, 1, 3, 4, 4, 5, 2, 1, 6, 6, 4, 1, 1, 6, 1, 4, 4, 2, 3, 5] [7, 2, 6, 5, 2, 3, 5, 1, 4, 6, 5, 2, 6, 2, 6, 3, 5, 4, 4, 2, 4, 6, 7, 7, 2, 2, 6, 1, 3, 2, 3, 6, 5, 5, 2, 7, 2, 3, 7, 2, 6, 7, 8, 7, 5, 1, 8, 4, 6, 3, 4, 5, 7, 3, 6, 3, 4, 5, 2, 5, 5, 1, 4, 6, 6, 5, 4, 3, 6, 8, 5, 1, 1, 7, 1, 5, 5, 4, 3, 5]
A_20 42.14 A 20 [3, 5, 4, 2, 4, 3, 5, 2, 5, 3, 3, 2, 4, 1, 6, 1, 1, 6, 6, 3, 5, 2, 5, 4, 5, 1, 1, 1, 4, 6, 4, 6, 5, 6, 6, 6, 2, 3, 2, 1, 6, 2, 5, 5, 2, 6, 3, 4, 2, 1, 1, 4, 1, 6, 1, 1, 3, 4, 3, 4, 5, 4, 1, 5, 1, 5, 2, 2, 4, 2, 4, 5, 4, 6, 3, 6, 2, 5, 2, 5] [5, 6, 6, 2, 4, 5, 6, 2, 6, 4, 3, 4, 5, 1, 6, 2, 1, 7, 6, 4, 6, 4, 5, 6, 7, 1, 3, 2, 5, 7, 6, 8, 5, 8, 8, 8, 3, 5, 2, 2, 6, 2, 5, 6, 4, 6, 4, 6, 2, 2, 1, 5, 2, 6, 1, 1, 4, 6, 3, 5, 7, 5, 1, 6, 2, 5, 3, 2, 6, 2, 4, 5, 5, 7, 5, 7, 2, 5, 2, 5]
A_21 43.52 A 21 [6, 3, 6, 3, 2, 1, 5, 6, 4, 5, 3, 2, 1, 6, 2, 5, 5, 4, 3, 5, 2, 1, 1, 6, 5, 4, 1, 1, 4, 4, 5, 2, 4, 6, 3, 2, 2, 3, 4, 4, 5, 6, 5, 6, 5, 3, 2, 6, 2, 4, 1, 3, 5, 3, 3, 5, 6, 1, 1, 4, 6, 2, 6, 5, 4, 1, 2, 6, 4, 2, 2, 4, 4, 2, 2, 2, 1, 1, 1, 3] [6, 4, 6, 5, 2, 3, 7, 8, 4, 5, 5, 2, 3, 6, 3, 5, 6, 5, 5, 6, 4, 1, 1, 7, 6, 5, 3, 2, 6, 4, 7, 4, 6, 6, 5, 4, 2, 4, 5, 5, 7, 8, 6, 6, 6, 5, 4, 7, 3, 4, 1, 4, 6, 5, 4, 5, 7, 2, 2, 4, 7, 3, 8, 7, 4, 2, 4, 6, 4, 3, 4, 4, 5, 3, 2, 2, 2, 2, 1, 3]
A_22 46.07 A 22 [1, 4, 1, 5, 5, 1, 4, 3, 4, 4, 4, 2, 1, 5, 5, 5, 1, 2, 1, 6, 5, 1, 3, 5, 6, 5, 2, 1, 6, 1, 1, 3, 1, 5, 3, 3, 6, 4, 5, 6, 5, 3, 2, 3, 2, 3, 4, 5, 4, 1, 6, 3, 1, 3, 2, 2, 6, 6, 1, 3, 3, 2, 1, 6, 1, 4, 3, 3, 5, 5, 2, 5, 2, 2, 3, 3, 4, 6, 5, 2] [1, 4, 2, 7, 5, 2, 4, 4, 4, 6, 6, 4, 1, 6, 5, 7, 2, 4, 2, 7, 5, 1, 3, 6, 6, 6, 3, 1, 7, 1, 1, 4, 3, 5, 5, 5, 8, 5, 7, 7, 6, 3, 3, 3, 4, 4, 6, 7, 6, 1, 6, 4, 1, 5, 4, 2, 7, 7, 2, 3, 5, 3, 3, 7, 2, 4, 5, 3, 7, 6, 4, 6, 2, 2, 3, 4, 6, 6, 5, 4]
A_23 47.07 A 23 [2, 5, 3, 2, 2, 2, 4, 6, 3, 2, 5, 5, 1, 4, 6, 3, 2, 1, 6, 6, 4, 6, 5, 3, 6, 6, 1, 4, 1, 4, 3, 3, 6, 6, 2, 4, 4, 5, 3, 6, 4, 3, 4, 1, 5, 2, 2, 5, 3, 1, 5, 4, 4, 2, 1, 1, 5, 3, 4, 2, 3, 3, 4, 5, 6, 6, 6, 4, 5, 5, 6, 6, 6, 5, 2, 1, 3, 2, 1, 1] [4, 5, 5, 4, 2, 2, 4, 7, 3, 2, 7, 6, 2, 6, 6, 4, 3, 2, 8, 7, 6, 7, 6, 3, 7, 7, 1, 5, 2, 4, 3, 3, 6, 6, 4, 5, 6, 7, 5, 8, 6, 4, 6, 3, 6, 4, 2, 6, 5, 2, 6, 4, 5, 4, 2, 1, 5, 4, 5, 4, 3, 5, 4, 7, 6, 7, 7, 4, 7, 6, 7, 8, 8, 6, 3, 3, 5, 3, 2, 2]
A_24 48.07 A 24 [5, 3, 3, 1, 5, 6, 4, 2, 4, 5, 6, 6, 6, 5, 1, 5, 6, 3, 5, 2, 5, 5, 6, 6, 1, 2, 4, 3, 5, 1, 1, 6, 2, 3, 2, 5, 4, 4, 6, 3, 5, 2, 3, 4, 2, 5, 2, 4, 6, 2, 4, 4, 2, 6, 4, 4, 6, 6, 4, 6, 2, 3, 5, 6, 6, 2, 5, 1, 4, 1, 1, 5, 3, 3, 3, 2, 1, 1, 1, 4] [7, 4, 5, 1, 7, 7, 5, 2, 5, 7, 6, 7, 7, 7, 2, 7, 6, 3, 5, 2, 7, 6, 6, 7, 3, 2, 4, 5, 7, 3, 2, 8, 2, 5, 3, 7, 5, 5, 8, 4, 5, 4, 4, 4, 3, 6, 2, 6, 8, 2, 5, 5, 4, 8, 6, 6, 7, 8, 4, 7, 2, 3, 6, 8, 8, 2, 6, 1, 4, 2, 1, 5, 5, 3, 3, 2, 3, 3, 1, 6]
A_25 49.88 A 25 [2, 6, 5, 2, 3, 6, 5, 3, 2, 6, 5, 5, 5, 2, 4, 5, 1, 3, 4, 2, 1, 4, 5, 6, 2, 3, 6, 2, 5, 6, 4, 4, 6, 3, 3, 1, 3, 6, 3, 1, 6, 6, 3, 6, 3, 5, 1, 3, 2, 5, 2, 5, 1, 1, 4, 4, 3, 4, 1, 3, 5, 5, 6, 1, 6, 6, 1, 1, 2, 6, 3, 5, 6, 6, 4, 5, 2, 2, 6, 4] [2, 8, 6, 2, 3, 6, 7, 4, 2, 7, 6, 6, 6, 3, 6, 7, 1, 4, 5, 2, 1, 5, 6, 7, 2, 4, 7, 2, 7, 8, 4, 6, 8, 5, 4, 3, 5, 6, 4, 3, 6, 6, 3, 8, 4, 5, 3, 4, 3, 7, 4, 5, 3, 1, 5, 6, 5, 4, 1, 3, 5, 6, 8, 1, 8, 7, 2, 1, 4, 7, 5, 6, 8, 6, 5, 7, 2, 2, 6, 5]
A_26 50.88 A 26 [1, 1, 3, 4, 3, 1, 1, 6, 2, 6, 1, 5, 3, 4, 5, 1, 6, 1, 5, 4, 1, 1, 2, 1, 4, 6, 5, 2, 4, 1, 2, 2, 3, 3, 2, 6, 5, 6, 1, 4, 1, 4, 2, 2, 1, 2, 5, 6, 4, 5, 6, 4, 1, 2, 2, 4, 6, 2, 6, 5, 4, 4, 5, 5, 1, 6, 3, 3, 3, 1, 2, 5, 6, 6, 5, 1, 6, 2, 2, 2] [3, 1, 5, 6, 4, 3, 2, 8, 2, 8, 1, 7, 4, 6, 7, 1, 8, 1, 6, 6, 3, 3, 3, 1, 4, 7, 6, 3, 5, 1, 3, 2, 5, 5, 2, 7, 6, 8, 3, 5, 2, 4, 3, 4, 1, 3, 7, 6, 6, 7, 8, 4, 1, 2, 4, 4, 7, 2, 8, 5, 5, 5, 5, 7, 3, 8, 3, 4, 3, 1, 3, 6, 8, 6, 6, 3, 8, 4, 4, 4]
A_27 52.88 A 27 [5, 5, 4, 1, 3, 4, 1, 6, 5, 6, 6, 6, 5, 2, 1, 1, 2, 6, 3, 1, 1, 1, 1, 4, 3, 2, 2, 4, 3, 4, 1, 2, 3, 6, 1, 3, 5, 4, 2, 6, 2, 6, 4, 3, 3, 2, 1, 2, 4, 3, 1, 4, 6, 5, 6, 3, 3, 1, 3, 2, 6, 6, 2, 5, 5, 1, 2, 2, 6, 6, 6, 1, 2, 5, 2, 6, 6, 3, 6, 3] [7, 5, 4, 1, 5, 5, 3, 8, 5, 7, 7, 7, 6, 2, 1, 2, 4, 7, 3, 1, 2, 2, 1, 5, 5, 2, 3, 6, 4, 4, 2, 4, 4, 7, 2, 3, 5, 4, 4, 7, 3, 8, 5, 3, 4, 3, 1, 2, 4, 4, 1, 6, 6, 6, 7, 4, 4, 1, 3, 4, 6, 7, 4, 6, 6, 1, 4, 2, 6, 6, 6, 1, 4, 6, 4, 7, 6, 4, 8, 4]
A_28 53.88 A 28 [3, 3, 3, 4, 1, 4, 2, 1, 3, 3, 1, 5, 4, 2, 5, 6, 6, 5, 2, 1, 4, 4, 6, 1, 5, 5, 4, 3, 4, 4, 1, 1, 1, 1, 2, 4, 4, 1, 2, 6, 1, 4, 5, 5, 3, 1, 2, 4, 4, 6, 2, 5, 5, 5, 1, 3, 2, 3, 2, 1, 1, 3, 2, 3, 4, 5, 4, 5, 5, 3, 4, 4, 6, 6, 5, 3, 4, 6, 6, 2] [3, 4, 5, 6, 3, 5, 2, 3, 3, 4, 1, 6, 6, 2, 5, 7, 6, 6, 3, 3, 5, 6, 7, 2, 7, 7, 5, 4, 6, 4, 1, 2, 2, 1, 2, 6, 5, 2, 4, 6, 2, 5, 7, 7, 5, 1, 4, 4, 4, 8, 2, 7, 5, 6, 2, 3, 2, 4, 3, 1, 3, 3, 4, 3, 6, 5, 5, 6, 6, 5, 6, 6, 8, 6, 7, 5, 6, 7, 6, 2]
A_29 56.36 A 29 [5, 6, 6, 6, 1, 2, 2, 5, 4, 1, 1, 4, 3, 1, 3, 6, 6, 3, 1, 1, 6, 4, 1, 4, 1, 6, 1, 4, 4, 3, 3, 3, 5, 2, 2, 4, 4, 4, 1, 5, 1, 2, 2, 6, 2, 3, 1, 6, 3, 3, 5, 3, 5, 5, 1, 5, 1, 1, 6, 1, 1, 2, 3, 3, 4, 2, 4, 2, 2, 3, 1, 2, 2, 2, 5, 2, 2, 2, 1, 4] [7, 6, 8, 8, 3, 4, 3, 6, 6, 2, 2, 5, 4, 2, 5, 8, 8, 4, 2, 2, 7, 4, 1, 4, 3, 8, 1, 4, 4, 3, 3, 4, 7, 4, 4, 6, 6, 4, 2, 5, 3, 3, 2, 7, 4, 5, 1, 6, 5, 3, 6, 5, 6, 7, 3, 7, 1, 1, 6, 1, 2, 4, 3, 3, 5, 2, 6, 2, 4, 3, 1, 3, 3, 4, 5, 4, 4, 3, 1, 6]
A_30 63.8 A 30 [2, 5, 3, 5, 5, 3, 6, 1, 2, 4, 1, 3, 2, 3, 5, 5, 3, 3, 1, 2, 4, 5, 1, 3, 1, 4, 2, 1, 1, 3, 6, 6, 2, 3, 6, 6, 5, 5, 6, 6, 2, 6, 6, 3, 6, 1, 6, 3, 5, 3, 4, 4, 5, 4, 4, 4, 6, 3, 2, 1, 6, 4, 2, 1, 2, 5, 1, 6, 2, 4, 6, 1, 3, 6, 1, 5, 1, 2, 5, 5] [3, 6, 3, 7, 6, 5, 7, 2, 4, 4, 1, 4, 4, 5, 7, 6, 4, 4, 2, 3, 6, 7, 1, 3, 2, 4, 3, 2, 1, 3, 8, 8, 2, 4, 7, 6, 7, 5, 7, 6, 4, 7, 7, 3, 7, 2, 6, 4, 7, 5, 5, 5, 7, 6, 4, 5, 6, 4, 3, 2, 6, 5, 4, 3, 3, 5, 2, 6, 3, 4, 8, 2, 3, 6, 2, 7, 1, 2, 6, 7]
A_31 65.27 A 31 [2, 4, 2, 6, 2, 4, 5, 1, 3, 3, 6, 5, 2, 6, 5, 4, 6, 4, 5, 6, 6, 2, 3, 3, 6, 4, 2, 2, 1, 3, 6, 4, 4, 2, 3, 5, 1, 1, 6, 1, 2, 5, 4, 5, 2, 6, 5, 3, 4, 1, 1, 6, 1, 3, 2, 3, 5, 5, 6, 1, 3, 5, 5, 2, 2, 1, 2, 1, 2, 3, 2, 2, 3, 5, 2, 4, 3, 4, 1, 4] [4, 5, 2, 8, 2, 5, 5, 1, 4, 5, 7, 7, 2, 8, 6, 4, 6, 6, 5, 6, 8, 4, 4, 3, 8, 6, 2, 4, 2, 4, 8, 6, 4, 3, 5, 5, 1, 2, 6, 2, 4, 5, 4, 5, 2, 7, 7, 5, 5, 1, 1, 6, 1, 3, 4, 5, 7, 7, 7, 3, 4, 6, 6, 2, 4, 2, 2, 3, 4, 5, 3, 4, 4, 7, 3, 5, 5, 5, 3, 6]
A_32 66.27 A 32 [2, 5, 5, 3, 5, 6, 3, 2, 4, 1, 2, 4, 2, 2, 4, 1, 3, 4, 5, 5, 5, 4, 1, 6, 2, 6, 3, 3, 1, 5, 2, 4, 4, 2, 3, 5, 5, 1, 2, 5, 1, 2, 2, 6, 4, 3, 5, 2, 1, 4, 4, 5, 6, 5, 5, 4, 4, 5, 1, 1, 2, 3, 6, 4, 1, 6, 3, 4, 4, 2, 3, 5, 4, 2, 1, 1, 4, 2, 6, 2] [4, 5, 5, 5, 6, 8, 4, 2, 6, 3, 2, 6, 3, 4, 6, 3, 4, 5, 6, 5, 5, 6, 3, 6, 2, 8, 5, 4, 2, 7, 2, 4, 5, 4, 4, 5, 5, 1, 4, 5, 1, 3, 4, 6, 6, 4, 7, 3, 2, 6, 6, 6, 7, 6, 7, 5, 4, 5, 2, 3, 4, 3, 6, 5, 3, 6, 5, 6, 4, 4, 3, 5, 4, 4, 3, 3, 6, 3, 6, 4]
A_33 67.27 A 33 [2, 5, 6, 5, 4, 6, 5, 5, 1, 2, 2, 1, 4, 3, 6, 2, 6, 2, 2, 4, 6, 6, 5, 6, 3, 3, 3, 6, 1, 2, 3, 2, 2, 1, 5, 1, 3, 3, 1, 4, 4, 2, 2, 2, 3, 3, 3, 1, 5, 3, 3, 3, 5, 1, 5, 2, 2, 4, 5, 6, 5, 1, 4, 2, 2, 3, 1, 3, 6, 1, 5, 5, 2, 5, 6, 3, 1, 6, 6, 4] [2, 5, 6, 7, 4, 7, 6, 7, 2, 3, 4, 2, 5, 3, 8, 4, 6, 3, 2, 5, 8, 6, 5, 6, 5, 5, 5, 7, 1, 4, 4, 3, 4, 2, 6, 1, 5, 3, 3, 5, 4, 2, 3, 3, 4, 4, 4, 1, 7, 5, 3, 4, 5, 3, 7, 4, 2, 5, 7, 6, 6, 2, 5, 4, 4, 3, 2, 4, 7, 1, 7, 7, 2, 7, 6, 3, 1, 6, 6, 5]
A_34 69.32 A 34 [6, 6, 6, 3, 4, 6, 3, 4, 2, 2, 6, 1, 6, 3, 2, 4, 6, 2, 1, 2, 6, 3, 3, 2, 2, 3, 2, 1, 2, 2, 6, 3, 3, 5, 5, 4, 5, 3, 3, 6, 6, 4, 2, 4, 6, 5, 4, 2, 3, 2, 6, 3, 2, 1, 1, 5, 1, 6, 2, 2, 4, 4, 4, 1, 2, 2, 2, 6, 4, 3, 3, 1, 5, 5, 5, 2, 3, 4, 2, 2] [7, 7, 8, 4, 6, 8, 4, 6, 3, 3, 6, 2, 6, 3, 2, 6, 6, 4, 2, 2, 8, 5, 5, 4, 3, 4, 2, 2, 2, 4, 7, 5, 4, 6, 7, 4, 6, 3, 5, 8, 8, 5, 2, 4, 8, 6, 5, 3, 3, 3, 6, 4, 4, 2, 1, 6, 2, 8, 2, 2, 5, 4, 4, 1, 4, 3, 2, 8, 6, 4, 4, 1, 6, 7, 5, 4, 5, 4, 4, 4]
A_35 70.32 A 35 [5, 1, 6, 6, 2, 6, 3, 5, 2, 1, 6, 6, 1, 5, 6, 3, 2, 5, 6, 6, 6, 2, 3, 4, 5, 1, 6, 3, 4, 4, 6, 5, 5, 1, 4, 2, 2, 4, 5, 2, 4, 6, 2, 5, 3, 6, 3, 3, 5, 3, 6, 3, 6, 4, 4, 6, 3, 4, 1, 3, 5, 3, 6, 6, 2, 1, 1, 3, 5, 4, 1, 1, 3, 5, 6, 1, 2, 4, 5, 5] [5, 3, 6, 8, 4, 8, 3, 5, 2, 1, 6, 7, 2, 5, 8, 5, 3, 6, 8, 7, 8, 4, 5, 5, 7, 3, 7, 3, 6, 6, 6, 5, 5, 1, 4, 3, 4, 5, 5, 4, 6, 7, 3, 5, 4, 6, 4, 3, 7, 5, 6, 3, 8, 6, 5, 8, 4, 4, 1, 5, 6, 5, 8, 6, 3, 2, 2, 3, 6, 4, 1, 3, 3, 6, 6, 1, 4, 5, 5, 5]
A_36 71.32 A 36 [4, 4, 4, 3, 4, 4, 3, 6, 5, 4, 6, 5, 6, 3, 4, 6, 6, 6, 3, 2, 2, 2, 6, 4, 4, 3, 5, 5, 4, 4, 5, 1, 5, 3, 5, 2, 5, 6, 6, 6, 3, 2, 5, 5, 1, 2, 3, 6, 5, 5, 5, 6, 4, 1, 6, 3, 3, 1, 3, 3, 2, 5, 2, 2, 4, 6, 3, 2, 5, 3, 3, 1, 4, 4, 6, 2, 2, 5, 2, 4] [5, 5, 6, 5, 6, 5, 5, 6, 5, 5, 8, 5, 6, 5, 6, 8, 8, 6, 4, 2, 3, 2, 8, 6, 5, 5, 6, 5, 5, 6, 7, 1, 5, 5, 6, 4, 7, 7, 8, 8, 3, 4, 5, 7, 3, 4, 5, 7, 5, 7, 6, 8, 6, 3, 6, 5, 5, 1, 3, 5, 2, 6, 2, 3, 4, 6, 4, 2, 7, 3, 5, 2, 5, 4, 8, 3, 2, 7, 4, 6]
A_37 72.69 A 37 [4, 1, 5, 2, 4, 6, 3, 6, 4, 5, 6, 4, 5, 5, 6, 5, 4, 3, 4, 1, 3, 3, 4, 5, 4, 6, 6, 4, 1, 4, 5, 1, 1, 3, 3, 4, 6, 2, 1, 6, 3, 6, 6, 5, 1, 6, 1, 5, 5, 5, 6, 2, 2, 6, 4, 6, 4, 5, 2, 2, 4, 5, 6, 3, 2, 2, 5, 3, 3, 2, 4, 5, 2, 5, 5, 5, 5, 5, 4, 2] [4, 2, 5, 4, 5, 7, 4, 6, 6, 7, 8, 5, 7, 6, 6, 7, 4, 4, 5, 3, 5, 4, 5, 7, 5, 6, 8, 4, 2, 4, 5, 2, 1, 3, 3, 5, 7, 2, 3, 6, 3, 8, 7, 6, 2, 7, 2, 7, 7, 6, 6, 3, 3, 7, 6, 7, 5, 5, 3, 3, 5, 7, 6, 3, 2, 3, 7, 4, 3, 3, 6, 7, 3, 5, 7, 7, 6, 6, 5, 3]
A_38 74.13 A 38 [2, 5, 4, 6, 1, 6, 5, 6, 4, 6, 2, 4, 5, 2, 3, 3, 2, 2, 5, 6, 2, 4, 5, 3, 6, 3, 1, 2, 2, 1, 6, 6, 2, 1, 3, 5, 6, 1, 2, 2, 6, 6, 1, 4, 6, 6, 1, 4, 2, 4, 6, 4, 2, 4, 3, 6, 4, 4, 2, 2, 4, 5, 3, 3, 3, 1, 1, 1, 2, 2, 5, 6, 6, 3, 1, 2, 6, 6, 4, 1] [4, 6, 6, 6, 2, 6, 5, 7, 5, 8, 4, 5, 5, 3, 5, 3, 2, 4, 6, 7, 2, 5, 7, 5, 8, 4, 3, 4, 4, 2, 7, 6, 4, 3, 5, 5, 8, 3, 3, 2, 7, 8, 1, 4, 7, 7, 2, 4, 3, 4, 8, 6, 2, 6, 5, 8, 5, 5, 3, 2, 5, 6, 5, 4, 5, 1, 3, 1, 3, 4, 5, 6, 8, 5, 2, 2, 8, 6, 4, 2]
A_39 76.38 A 39 [2, 5, 5, 1, 2, 4, 3, 5, 6, 5, 4, 6, 2, 6, 4, 2, 6, 4, 2, 1, 1, 4, 6, 6, 3, 1, 4, 6, 6, 5, 6, 1, 5, 4, 6, 2, 6, 6, 2, 3, 2, 6, 3, 5, 4, 6, 6, 2, 1, 3, 2, 5, 5, 6, 5, 2, 5, 4, 3, 4, 1, 6, 4, 1, 3, 1, 6, 1, 6, 1, 6, 1, 5, 6, 5, 1, 4, 3, 6, 4] [4, 6, 5, 2, 2, 6, 5, 5, 7, 5, 5, 6, 2, 8, 4, 2, 7, 6, 4, 2, 2, 5, 7, 8, 4, 3, 5, 7, 6, 5, 6, 2, 5, 5, 8, 4, 8, 6, 2, 4, 3, 7, 3, 7, 6, 8, 7, 4, 3, 4, 2, 7, 7, 6, 7, 3, 5, 4, 5, 5, 3, 8, 6, 3, 4, 3, 7, 3, 7, 2, 8, 2, 6, 8, 6, 3, 6, 4, 7, 5]
B_0 1.53 B 40 [5, 1, 5, 3, 1, 4, 4, 3, 1, 2, 4, 2, 1, 3, 5, 5, 4, 4, 3, 6, 6, 5, 5, 4, 5, 6, 1, 2, 1, 1, 2, 2, 1, 4, 6, 4, 3, 3, 6, 2, 5, 4, 2, 4, 5, 2, 3, 4, 4, 6, 2, 4, 6, 4, 3, 3, 4, 1, 4, 2, 6, 3, 1, 4, 1, 5, 6, 5, 4, 5, 4, 6, 6, 3, 4, 3, 6, 6, 5, 5] [5, 3, 5, 5, 1, 4, 4, 4, 3, 2, 6, 3, 3, 4, 7, 7, 6, 5, 5, 6, 6, 7, 6, 6, 5, 6, 2, 3, 2, 3, 4, 4, 1, 4, 8, 6, 3, 3, 7, 3, 5, 4, 2, 4, 6, 2, 3, 4, 4, 6, 2, 6, 7, 5, 5, 3, 5, 1, 5, 2, 6, 3, 2, 4, 3, 5, 6, 6, 4, 7, 5, 8, 6, 5, 4, 3, 6, 8, 7, 6]
B_1 3.1500000000000004 B 41 [6, 6, 6, 5, 1, 5, 5, 6, 4, 4, 5, 6, 5, 5, 2, 3, 5, 1, 3, 6, 2, 6, 3, 3, 2, 6, 4, 6, 4, 2, 6, 5, 2, 2, 4, 6, 2, 6, 6, 6, 4, 5, 3, 2, 4, 3, 5, 3, 5, 2, 1, 2, 6, 2, 3, 2, 1, 6, 3, 3, 2, 2, 3, 5, 5, 5, 4, 4, 4, 2, 3, 5, 2, 4, 3, 5, 6, 5, 5, 5] [6, 6, 6, 5, 3, 7, 5, 7, 6, 6, 7, 8, 6, 5, 3, 4, 7, 2, 4, 7, 2, 8, 3, 4, 4, 6, 4, 8, 5, 3, 7, 5, 3, 2, 5, 7, 4, 8, 8, 7, 4, 6, 4, 2, 4, 4, 5, 5, 7, 3, 2, 4, 6, 2, 4, 3, 3, 6, 5, 3, 3, 4, 4, 6, 5, 7, 5, 6, 5, 3, 5, 5, 4, 5, 5, 6, 7, 6, 6, 7]
B_2 4.15 B 42 [2, 4, 1, 2, 4, 3, 6, 1, 5, 3, 2, 3, 1, 6, 1, 2, 2, 4, 4, 6, 5, 5, 2, 4, 3, 3, 2, 4, 5, 2, 6, 4, 2, 2, 2, 2, 5, 6, 1, 3, 2, 3, 4, 6, 6, 1, 2, 2, 6, 6, 6, 2, 5, 1, 2, 6, 1, 1, 3, 4, 4, 3, 2, 1, 1, 5, 2, 1, 2, 5, 6, 6, 3, 5, 6, 4, 6, 1, 3, 4] [4, 6, 3, 3, 4, 3, 7, 3, 6, 4, 2, 3, 1, 6, 2, 4, 3, 4, 5, 8, 5, 6, 3, 6, 4, 3, 3, 5, 7, 2, 7, 4, 4, 3, 2, 3, 5, 7, 1, 3, 2, 4, 4, 6, 6, 2, 3, 3, 6, 8, 6, 4, 6, 1, 3, 8, 3, 3, 4, 5, 6, 4, 3, 1, 3, 6, 2, 3, 3, 6, 8, 6, 5, 7, 8, 4, 7, 1, 4, 4]
B_3 5.15 B 43 [4, 3, 2, 6, 1, 5, 2, 4, 5, 1, 3, 2, 1, 1, 6, 1, 4, 6, 4, 5, 5, 6, 3, 1, 4, 6, 2, 3, 5, 6, 3, 5, 6, 2, 4, 5, 5, 5, 4, 5, 4, 2, 6, 1, 2, 5, 5, 3, 1, 3, 2, 3, 6, 2, 1, 3, 3, 3, 3, 2, 3, 6, 3, 3, 2, 2, 3, 6, 4, 3, 4, 1, 1, 1, 4, 3, 2, 4, 2, 2] [4, 4, 3, 6, 1, 5, 2, 4, 7, 2, 5, 3, 3, 3, 7, 3, 6, 7, 4, 7, 6, 6, 3, 3, 4, 8, 4, 3, 7, 7, 3, 5, 6, 3, 4, 5, 7, 6, 4, 7, 4, 2, 6, 3, 2, 7, 7, 3, 3, 4, 3, 4, 7, 2, 2, 5, 3, 4, 3, 3, 4, 7, 3, 4, 3, 3, 3, 7, 4, 4, 5, 3, 3, 3, 6, 3, 2, 5, 2, 2]
B_4 6.15 B 44 [3, 6, 6, 5, 6, 5, 6, 5, 2, 3, 5, 4, 4, 3, 2, 2, 4, 4, 4, 5, 2, 5, 2, 5, 2, 3, 1, 3, 3, 2, 6, 2, 4, 3, 6, 3, 1, 1, 6, 4, 5, 4, 6, 2, 6, 2, 3, 3, 1, 6, 5, 1, 5, 5, 5, 5, 1, 4, 4, 3, 6, 4, 1, 5, 3, 3, 6, 4, 4, 1, 2, 5, 3, 1, 3, 6, 3, 5, 3, 1] [5, 7, 7, 5, 7, 7, 8, 5, 4, 4, 7, 6, 6, 5, 2, 4, 5, 4, 4, 5, 4, 6, 4, 6, 3, 4, 1, 4, 5, 4, 7, 2, 6, 4, 8, 4, 3, 2, 7, 6, 6, 4, 6, 2, 6, 3, 4, 4, 1, 6, 5, 1, 6, 6, 7, 5, 2, 6, 4, 3, 7, 6, 2, 6, 5, 5, 7, 4, 6, 1, 4, 7, 3, 2, 4, 8, 5, 6, 5, 3]
B_5 12.620000000000001 B 45 [1, 4, 3, 1, 2, 6, 1, 5, 2, 3, 6, 1, 3, 3, 4, 5, 5, 3, 4, 1, 6, 3, 3, 2, 5, 5, 2, 2, 1, 3, 1, 6, 3, 3, 5, 6, 2, 6, 6, 6, 2, 3, 1, 5, 2, 5, 5, 1, 2, 4, 6, 6, 5, 4, 1, 4, 1, 2, 3, 1, 4, 1, 4, 1, 3, 4, 1, 3, 4, 3, 3, 1, 1, 2, 1, 3, 1, 5, 6, 2] [2, 4, 5, 1, 4, 7, 1, 6, 3, 5, 7, 2, 5, 3, 5, 6, 7, 4, 4, 1, 6, 5, 4, 4, 6, 5, 3, 3, 1, 5, 2, 7, 4, 4, 6, 6, 4, 7, 7, 8, 2, 4, 2, 7, 3, 5, 7, 2, 4, 4, 6, 8, 7, 5, 2, 5, 3, 3, 4, 1, 4, 3, 6, 3, 5, 5, 1, 4, 4, 3, 5, 2, 2, 3, 1, 3, 2, 6, 7, 4]
B_6 14.05 B 46 [2, 6, 3, 3, 3, 2, 5, 1, 6, 2, 4, 1, 1, 1, 2, 5, 1, 4, 4, 6, 3, 2, 4, 2, 2, 1, 5, 1, 2, 1, 6, 5, 5, 3, 4, 3, 3, 1, 1, 6, 3, 5, 2, 5, 3, 5, 4, 4, 4, 2, 5, 5, 2, 3, 5, 2, 1, 3, 4, 4, 3, 1, 5, 3, 6, 2, 2, 4, 5, 1, 2, 6, 4, 4, 2, 5, 4, 2, 5, 1] [4, 6, 5, 4, 3, 4, 6, 1, 6, 2, 4, 2, 2, 1, 4, 6, 1, 6, 4, 8, 4, 4, 6, 2, 2, 3, 7, 1, 4, 1, 6, 7, 7, 4, 5, 4, 5, 2, 2, 7, 3, 5, 3, 7, 4, 7, 4, 6, 4, 3, 5, 6, 3, 3, 5, 3, 2, 3, 4, 6, 3, 2, 7, 5, 8, 4, 4, 6, 6, 2, 4, 6, 6, 6, 4, 5, 4, 2, 7, 1]
B_7 15.05 B 47 [6, 5, 1, 5, 1, 5, 2, 2, 1, 2, 5, 1, 2, 2, 2, 6, 3, 5, 2, 2, 4, 6, 5, 5, 4, 3, 6, 2, 4, 6, 3, 3, 2, 1, 2, 3, 6, 5, 4, 2, 4, 3, 2, 3, 3, 1, 4, 6, 1, 6, 2, 5, 4, 1, 2, 3, 5, 6, 5, 5, 5, 5, 5, 2, 2, 1, 2, 3, 2, 2, 2, 1, 1, 5, 5, 3, 5, 3, 4, 2] [8, 7, 1, 5, 3, 6, 3, 4, 1, 3, 5, 1, 4, 4, 4, 6, 5, 6, 4, 4, 6, 7, 7, 6, 6, 4, 6, 2, 4, 6, 4, 5, 3, 1, 3, 3, 7, 7, 4, 4, 4, 5, 3, 3, 4, 2, 6, 8, 1, 7, 3, 5, 5, 2, 2, 3, 7, 7, 7, 6, 5, 5, 6, 3, 4, 3, 4, 3, 2, 2, 4, 3, 2, 5, 7, 3, 7, 5, 5, 2]
B_8 16.79 B 48 [1, 2, 3, 5, 1, 4, 6, 4, 2, 2, 6, 3, 3, 4, 4, 2, 4, 6, 2, 5, 2, 2, 4, 3, 6, 2, 4, 4, 4, 3, 5, 4, 1, 5, 3, 5, 5, 5, 2, 1, 4, 5, 6, 1, 1, 2, 4, 1, 2, 6, 2, 1, 5, 3, 1, 1, 4, 3, 6, 4, 1, 6, 2, 2, 3, 2, 3, 4, 4, 3, 5, 6, 1, 4, 5, 6, 4, 3, 1, 3] [3, 4, 3, 6, 3, 6, 6, 4, 3, 4, 7, 4, 3, 5, 4, 4, 5, 7, 4, 6, 2, 3, 6, 5, 8, 3, 6, 4, 4, 5, 7, 5, 2, 7, 3, 7, 5, 7, 3, 3, 4, 7, 6, 3, 1, 4, 4, 1, 2, 6, 3, 2, 5, 5, 1, 1, 4, 3, 6, 6, 3, 6, 4, 4, 3, 2, 3, 5, 5, 4, 7, 8, 1, 5, 7, 7, 6, 5, 2, 3]
B_9 17.79 B 49 [3, 1, 5, 3, 5, 2, 2, 4, 2, 1, 6, 6, 3, 5, 1, 3, 1, 6, 3, 1, 1, 4, 1, 1, 2, 5, 5, 3, 6, 3, 3, 1, 4, 3, 2, 3, 5, 5, 4, 3, 6, 2, 6, 3, 6, 4, 2, 6, 6, 1, 5, 4, 3, 4, 1, 6, 3, 5, 5, 5, 6, 5, 2, 5, 5, 6, 6, 6, 1, 2, 2, 3, 5, 6, 5, 5, 4, 5, 3, 2] [5, 3, 5, 4, 7, 3, 2, 4, 2, 3, 8, 8, 4, 5, 1, 5, 3, 7, 5, 3, 2, 4, 1, 2, 2, 7, 7, 4, 8, 3, 5, 1, 6, 5, 3, 5, 7, 6, 4, 4, 6, 3, 8, 4, 6, 4, 3, 7, 6, 3, 7, 6, 4, 5, 3, 8, 4, 7, 7, 7, 7, 7, 3, 6, 7, 8, 6, 7, 1, 4, 3, 3, 5, 8, 5, 5, 5, 6, 5, 4]
B_10 19.15 B 50 [4, 6, 4, 1, 4, 5, 3, 3, 5, 6, 6, 3, 6, 2, 5, 4, 3, 4, 4, 2, 1, 1, 6, 5, 4, 2, 6, 1, 2, 5, 4, 1, 4, 3, 6, 6, 5, 6, 6, 2, 2, 1, 6, 2, 5, 6, 5, 2, 2, 5, 1, 2, 1, 1, 6, 5, 6, 3, 1, 4, 2, 4, 6, 6, 6, 6, 3, 4, 3, 2, 3, 4, 6, 6, 1, 5, 5, 2, 4, 4] [5, 8, 5, 1, 6, 6, 5, 3, 5, 7, 8, 3, 7, 4, 5, 5, 5, 5, 6, 4, 1, 1, 6, 6, 5, 4, 8, 1, 2, 6, 5, 1, 6, 3, 6, 6, 6, 6, 8, 2, 2, 2, 6, 3, 5, 6, 5, 3, 3, 7, 2, 2, 1, 3, 7, 5, 7, 4, 3, 4, 2, 5, 8, 8, 7, 8, 4, 6, 4, 4, 3, 4, 6, 7, 2, 7, 6, 4, 5, 4]
B_11 21.56 B 51 [1, 6, 3, 4, 6, 1, 2, 1, 2, 1, 4, 2, 5, 6, 6, 4, 2, 3, 6, 5, 4, 3, 3, 4, 4, 5, 4, 4, 5, 3, 4, 6, 5, 3, 3, 3, 6, 2, 4, 5, 4, 2, 2, 3, 1, 6, 5, 5, 1, 4, 2, 3, 4, 5, 6, 3, 6, 6, 3, 3, 1, 3, 5, 5, 3, 3, 2, 5, 5, 3, 4, 1, 3, 5, 5, 3, 1, 6, 4, 6] [2, 8, 5, 4, 8, 3, 4, 2, 3, 2, 4, 4, 6, 7, 6, 4, 2, 4, 7, 5, 5, 4, 4, 4, 5, 5, 4, 6, 7, 5, 5, 6, 6, 4, 4, 3, 8, 3, 6, 7, 6, 4, 4, 4, 1, 8, 6, 5, 2, 6, 2, 3, 4, 5, 7, 4, 6, 7, 3, 4, 1, 3, 6, 7, 5, 3, 4, 7, 7, 3, 6, 1, 4, 5, 7, 4, 3, 6, 4, 6]
B_12 23.38 B 52 [6, 3, 6, 3, 4, 3, 5, 5, 1, 2, 6, 1, 3, 6, 1, 2, 1, 6, 5, 6, 1, 5, 1, 4, 2, 1, 1, 6, 5, 5, 5, 1, 6, 5, 2, 6, 4, 2, 2, 5, 6, 6, 5, 6, 5, 5, 2, 4, 5, 3, 1, 4, 1, 4, 6, 3, 2, 2, 3, 5, 1, 4, 2, 2, 4, 2, 5, 4, 3, 2, 4, 4, 2, 1, 2, 3, 3, 4, 3, 4] [7, 5, 7, 3, 6, 3, 6, 6, 3, 4, 8, 2, 5, 6, 1, 2, 2, 7, 5, 7, 2, 6, 1, 5, 4, 3, 1, 6, 5, 6, 7, 1, 7, 5, 4, 8, 6, 3, 2, 7, 7, 6, 6, 7, 6, 7, 3, 5, 5, 4, 1, 4, 2, 5, 7, 5, 4, 2, 4, 5, 2, 5, 4, 3, 5, 2, 7, 5, 4, 4, 6, 6, 2, 1, 4, 5, 4, 6, 3, 5]
B_13 24.38 B 53 [5, 4, 5, 4, 4, 5, 5, 2, 3, 2, 2, 6, 2, 1, 5, 4, 6, 6, 4, 3, 6, 3, 3, 2, 6, 1, 2, 5, 5, 5, 4, 3, 5, 1, 1, 4, 1, 6, 4, 6, 4, 2, 1, 2, 5, 4, 3, 1, 3, 4, 1, 5, 4, 6, 2, 2, 3, 3, 2, 4, 1, 3, 6, 4, 5, 2, 5, 2, 3, 4, 1, 3, 5, 5, 2, 5, 4, 5, 3, 5] [7, 6, 5, 5, 6, 5, 6, 4, 3, 2, 3, 8, 2, 2, 5, 6, 8, 7, 4, 3, 6, 5, 5, 4, 8, 1, 2, 6, 6, 7, 6, 3, 6, 3, 2, 6, 3, 7, 6, 6, 5, 2, 1, 2, 6, 5, 3, 2, 5, 5, 3, 5, 5, 8, 3, 3, 5, 4, 2, 6, 3, 3, 6, 4, 6, 4, 5, 4, 5, 5, 2, 3, 7, 5, 3, 7, 5, 5, 4, 6]
B_14 25.38 B 54 [5, 5, 1, 5, 1, 2, 6, 5, 3, 2, 2, 2, 3, 1, 3, 6, 1, 1, 5, 4, 1, 3, 2, 1, 4, 4, 2, 6, 1, 1, 4, 2, 5, 5, 1, 4, 6, 4, 3, 5, 3, 3, 2, 1, 5, 1, 5, 2, 1, 1, 6, 6, 6, 2, 6, 4, 6, 5, 4, 3, 1, 2, 6, 2, 2, 5, 1, 6, 3, 5, 1, 5, 3, 6, 2, 2, 3, 1, 6, 6] [5, 6, 1, 5, 1, 3, 6, 5, 3, 2, 4, 4, 4, 3, 3, 7, 2, 2, 5, 6, 1, 4, 4, 2, 6, 5, 4, 7, 2, 3, 4, 4, 7, 7, 1, 5, 6, 6, 5, 7, 5, 4, 3, 2, 7, 2, 5, 2, 1, 3, 7, 7, 7, 3, 8, 4, 7, 7, 5, 4, 1, 4, 8, 4, 4, 5, 3, 7, 5, 5, 1, 5, 3, 6, 4, 3, 3, 3, 6, 6]
B_15 28.04 B 55 [3, 3, 6, 2, 1, 2, 1, 2, 2, 3, 3, 1, 1, 4, 5, 2, 3, 1, 4, 1, 1, 5, 2, 1, 4, 4, 4, 3, 3, 5, 4, 3, 4, 2, 5, 6, 3, 6, 6, 2, 3, 2, 6, 3, 5, 4, 2, 3, 1, 6, 5, 3, 3, 2, 4, 2, 2, 2, 2, 5, 2, 3, 5, 2, 6, 1, 3, 4, 3, 3, 4, 6, 3, 6, 2, 3, 5, 2, 5, 5] [4, 4, 6, 3, 2, 3, 1, 2, 3, 5, 5, 2, 1, 5, 7, 2, 5, 2, 5, 3, 1, 5, 2, 1, 6, 6, 4, 4, 3, 7, 5, 5, 5, 4, 6, 8, 5, 7, 8, 3, 3, 3, 8, 5, 5, 5, 3, 3, 1, 8, 5, 4, 5, 3, 4, 3, 2, 2, 4, 5, 2, 4, 6, 2, 6, 1, 5, 6, 4, 5, 5, 6, 5, 8, 3, 5, 6, 3, 5, 6]
B_16 29.04 B 56 [1, 6, 3, 1, 6, 5, 6, 6, 5, 3, 5, 3, 1, 5, 2, 6, 3, 1, 6, 2, 3, 6, 6, 5, 6, 3, 6, 3, 2, 1, 6, 5, 4, 2, 1, 3, 3, 4, 4, 5, 4, 1, 1, 3, 1, 1, 1, 5, 4, 3, 6, 6, 2, 3, 6, 2, 1, 4, 4, 3, 5, 2, 2, 3, 3, 1, 5, 5, 1, 4, 5, 3, 2, 2, 4, 3, 1, 4, 2, 1] [3, 8, 3, 3, 8, 5, 8, 6, 6, 4, 7, 3, 2, 5, 2, 7, 4, 3, 6, 4, 4, 7, 7, 5, 7, 5, 7, 4, 2, 1, 6, 7, 4, 2, 2, 4, 5, 5, 5, 5, 5, 3, 3, 3, 2, 3, 2, 7, 4, 4, 7, 6, 4, 5, 7, 2, 3, 4, 5, 5, 7, 2, 4, 5, 5, 2, 7, 6, 2, 6, 5, 4, 3, 3, 4, 4, 1, 6, 4, 3]
B_17 31.81 B 57 [6, 3, 5, 3, 5, 3, 5, 4, 2, 4, 5, 3, 1, 6, 6, 1, 2, 4, 3, 3, 4, 1, 6, 3, 6, 4, 2, 1, 3, 1, 3, 5, 5, 4, 6, 4, 1, 5, 4, 4, 1, 6, 1, 3, 4, 2, 3, 6, 3, 5, 3, 6, 2, 3, 5, 2, 4, 1, 1, 4, 1, 4, 1, 3, 4, 3, 6, 1, 4, 3, 6, 1, 5, 1, 2, 2, 5, 2, 6, 1] [8, 3, 7, 4, 6, 4, 5, 4, 3, 6, 6, 4, 1, 6, 7, 1, 3, 4, 5, 5, 6, 2, 7, 4, 8, 4, 2, 1, 4, 1, 4, 7, 5, 5, 8, 4, 1, 5, 5, 4, 1, 6, 3, 4, 6, 3, 3, 7, 3, 7, 4, 7, 2, 4, 7, 2, 4, 2, 2, 4, 1, 6, 2, 3, 5, 5, 7, 1, 6, 3, 7, 3, 6, 2, 4, 4, 6, 4, 6, 1]
B_18 32.81 B 58 [5, 6, 6, 6, 2, 2, 2, 4, 4, 1, 4, 4, 6, 4, 4, 3, 2, 2, 3, 1, 3, 1, 1, 4, 4, 1, 6, 3, 2, 6, 2, 6, 1, 5, 2, 1, 3, 2, 2, 3, 4, 3, 3, 3, 4, 3, 4, 5, 6, 5, 1, 3, 3, 2, 4, 2, 4, 1, 1, 3, 6, 4, 2, 3, 6, 6, 1, 6, 6, 3, 2, 5, 5, 5, 4, 1, 3, 4, 4, 1] [7, 6, 7, 6, 2, 4, 4, 5, 6, 2, 6, 5, 7, 4, 6, 5, 4, 4, 4, 2, 3, 2, 2, 5, 4, 1, 8, 3, 3, 6, 3, 7, 2, 7, 2, 1, 3, 3, 3, 5, 5, 5, 4, 3, 4, 4, 4, 7, 6, 7, 3, 3, 4, 2, 5, 4, 5, 2, 3, 3, 8, 5, 3, 3, 8, 8, 2, 7, 8, 3, 2, 5, 5, 5, 5, 1, 5, 5, 4, 2]
B_19 33.81 B 59 [1, 6, 1, 3, 2, 2, 6, 4, 5, 6, 6, 1, 6, 1, 2, 1, 1, 5, 3, 5, 4, 4, 3, 2, 6, 3, 5, 2, 1, 1, 1, 1, 1, 6, 2, 3, 3, 2, 2, 4, 2, 3, 4, 2, 3, 1, 4, 5, 4, 5, 4, 3, 5, 4, 3, 5, 3, 4, 3, 6, 5, 3, 3, 2, 2, 1, 1, 2, 6, 3, 4, 3, 1, 2, 4, 6, 3, 4, 2, 4] [1, 7, 1, 5, 3, 3, 6, 4, 6, 6, 6, 1, 7, 2, 4, 1, 2, 6, 3, 5, 5, 4, 3, 4, 7, 3, 5, 4, 1, 1, 2, 3, 3, 6, 2, 5, 5, 3, 2, 5, 2, 3, 5, 3, 3, 1, 6, 6, 6, 7, 4, 4, 5, 6, 4, 5, 5, 4, 3, 8, 6, 3, 4, 2, 3, 1, 1, 4, 7, 5, 5, 3, 1, 2, 6, 8, 5, 6, 2, 4]
B_20 34.830000000000005 B 60 [2, 1, 4, 6, 5, 4, 4, 2, 5, 2, 6, 4, 2, 1, 2, 4, 6, 3, 3, 3, 5, 6, 3, 3, 2, 5, 4, 6, 1, 1, 6, 3, 2, 5, 4, 5, 2, 4, 4, 1, 6, 2, 4, 3, 6, 4, 3, 5, 1, 6, 2, 1, 1, 1, 1, 2, 5, 1, 6, 5, 5, 6, 5, 1, 4, 2, 4, 5, 2, 3, 3, 4, 5, 5, 3, 5, 2, 4, 4, 4] [4, 2, 5, 7, 6, 6, 5, 2, 6, 3, 7, 5, 3, 2, 4, 4, 7, 4, 4, 5, 7, 7, 5, 3, 2, 5, 5, 6, 3, 2, 6, 4, 4, 6, 5, 6, 2, 5, 5, 3, 6, 3, 6, 4, 7, 4, 3, 5, 3, 7, 2, 1, 2, 3, 1, 2, 7, 1, 8, 6, 6, 7, 5, 3, 4, 4, 5, 5, 4, 4, 5, 5, 7, 7, 5, 5, 2, 4, 5, 6]
B_21 37.45 B 61 [6, 6, 3, 5, 1, 1, 6, 3, 2, 1, 2, 5, 3, 4, 6, 5, 3, 4, 3, 1, 4, 2, 2, 3, 3, 5, 4, 6, 3, 2, 4, 5, 3, 1, 4, 3, 5, 5, 5, 6, 3, 2, 3, 6, 4, 1, 1, 5, 6, 5, 4, 3, 4, 3, 2, 3, 2, 4, 4, 3, 6, 2, 4, 5, 2, 2, 4, 1, 5, 2, 1, 6, 2, 1, 3, 1, 4, 3, 2, 1] [7, 6, 4, 7, 1, 2, 8, 3, 2, 3, 4, 6, 5, 5, 8, 6, 4, 4, 4, 1, 5, 3, 3, 5, 3, 6, 5, 7, 3, 4, 5, 6, 3, 2, 4, 5, 6, 7, 6, 8, 3, 4, 4, 7, 6, 3, 2, 5, 6, 7, 5, 3, 5, 3, 4, 4, 2, 6, 5, 3, 7, 3, 5, 6, 3, 4, 6, 1, 6, 4, 1, 6, 3, 3, 3, 2, 5, 5, 3, 1]
B_22 44.45 B 62 [3, 3, 3, 3, 1, 1, 3, 5, 5, 5, 2, 6, 4, 2, 5, 1, 5, 6, 3, 3, 1, 6, 1, 4, 5, 6, 5, 2, 2, 3, 2, 5, 6, 4, 4, 6, 2, 6, 3, 4, 1, 3, 2, 3, 1, 4, 5, 5, 2, 2, 6, 5, 2, 6, 6, 5, 2, 1, 2, 3, 5, 4, 1, 5, 4, 1, 2, 6, 2, 5, 3, 4, 1, 4, 2, 5, 5, 3, 6, 5] [4, 3, 3, 4, 1, 2, 3, 7, 5, 7, 3, 7, 5, 2, 6, 3, 7, 6, 3, 4, 1, 8, 3, 4, 6, 8, 5, 4, 4, 3, 4, 6, 6, 5, 4, 8, 2, 6, 5, 6, 2, 4, 3, 3, 2, 6, 7, 6, 4, 3, 8, 6, 4, 6, 8, 6, 4, 2, 3, 4, 5, 5, 2, 7, 5, 1, 4, 7, 4, 6, 3, 4, 2, 5, 4, 6, 5, 4, 7, 7]
B_23 45.63 B 63 [1, 4, 5, 3, 2, 5, 4, 6, 1, 5, 6, 5, 3, 6, 1, 2, 5, 4, 2, 4, 5, 5, 6, 5, 6, 1, 5, 5, 3, 3, 1, 2, 4, 2, 1, 6, 2, 3, 3, 1, 4, 5, 1, 3, 5, 1, 3, 2, 2, 5, 6, 5, 2, 4, 2, 2, 3, 3, 3, 2, 1, 5, 5, 4, 4, 4, 6, 3, 3, 2, 3, 6, 5, 5, 1, 1, 4, 4, 2, 4] [3, 4, 6, 4, 4, 6, 5, 7, 1, 5, 6, 5, 4, 6, 1, 4, 7, 4, 3, 6, 6, 7, 7, 7, 8, 1, 7, 6, 3, 3, 3, 2, 5, 4, 1, 6, 3, 3, 4, 3, 4, 6, 1, 4, 6, 3, 5, 3, 4, 6, 8, 7, 3, 4, 4, 2, 5, 3, 3, 2, 3, 6, 7, 5, 6, 6, 7, 4, 5, 4, 3, 8, 5, 6, 3, 2, 4, 5, 3, 4]
B_24 46.63 B 64 [5, 6, 2, 3, 2, 3, 5, 2, 4, 6, 2, 6, 3, 1, 2, 1, 3, 2, 5, 4, 1, 4, 1, 6, 6, 6, 1, 5, 4, 4, 2, 2, 1, 2, 2, 2, 4, 2, 3, 3, 1, 5, 1, 2, 3, 3, 6, 2, 3, 5, 6, 3, 4, 5, 2, 6, 3, 4, 6, 2, 4, 2, 4, 4, 4, 6, 4, 5, 2, 5, 6, 4, 3, 3, 4, 1, 2, 4, 2, 3] [6, 8, 2, 4, 4, 3, 6, 2, 6, 6, 2, 6, 5, 1, 2, 3, 4, 3, 7, 6, 2, 4, 2, 6, 8, 8, 3, 6, 6, 5, 3, 4, 3, 4, 4, 3, 4, 2, 5, 4, 3, 5, 3, 3, 5, 5, 8, 4, 3, 7, 7, 5, 5, 6, 4, 6, 5, 5, 8, 3, 4, 3, 5, 6, 6, 6, 4, 5, 2, 6, 6, 5, 3, 3, 6, 1, 2, 4, 2, 4]
B_25 47.63 B 65 [2, 2, 1, 4, 4, 5, 2, 4, 3, 6, 2, 6, 1, 5, 4, 3, 2, 2, 6, 5, 5, 1, 4, 6, 2, 6, 6, 1, 5, 2, 5, 1, 6, 3, 2, 1, 6, 2, 1, 1, 5, 5, 5, 2, 3, 4, 2, 1, 2, 6, 6, 3, 2, 2, 5, 1, 1, 3, 6, 1, 2, 2, 1, 4, 6, 3, 5, 6, 5, 1, 1, 5, 1, 1, 4, 2, 2, 4, 1, 3] [4, 2, 1, 5, 4, 6, 4, 4, 3, 8, 4, 7, 3, 6, 4, 3, 4, 3, 6, 5, 5, 2, 4, 7, 2, 7, 8, 1, 5, 2, 5, 2, 6, 3, 3, 2, 6, 3, 1, 3, 5, 7, 6, 3, 5, 5, 4, 3, 2, 8, 8, 3, 2, 4, 5, 1, 2, 5, 8, 1, 4, 4, 1, 6, 6, 4, 7, 7, 5, 1, 1, 6, 3, 1, 5, 3, 4, 5, 2, 3]
B_26 48.63 B 66 [1, 6, 5, 1, 5, 2, 5, 2, 4, 6, 3, 5, 2, 4, 5, 1, 4, 5, 1, 2, 2, 2, 3, 6, 5, 1, 3, 2, 4, 4, 1, 2, 3, 1, 2, 1, 3, 5, 1, 6, 6, 4, 2, 3, 6, 1, 2, 2, 3, 6, 3, 2, 5, 5, 1, 3, 5, 6, 1, 1, 4, 4, 2, 6, 4, 5, 4, 2, 4, 5, 5, 6, 5, 2, 3, 5, 5, 4, 5, 1] [2, 7, 5, 2, 5, 3, 5, 2, 4, 7, 3, 7, 4, 6, 7, 3, 5, 7, 2, 4, 3, 4, 5, 7, 6, 2, 3, 4, 5, 6, 2, 2, 5, 2, 2, 2, 4, 7, 3, 7, 6, 5, 2, 3, 7, 1, 4, 4, 3, 6, 4, 4, 7, 5, 3, 5, 7, 7, 2, 1, 5, 6, 4, 7, 4, 7, 6, 2, 6, 5, 6, 8, 6, 3, 3, 7, 7, 5, 5, 2]
B_27 50.11 B 67 [6, 1, 4, 2, 5, 2, 6, 2, 5, 4, 1, 3, 2, 1, 6, 4, 3, 3, 1, 1, 2, 6, 3, 4, 1, 1, 3, 2, 5, 2, 6, 1, 4, 3, 6, 3, 2, 3, 1, 1, 5, 4, 1, 6, 4, 3, 4, 3, 4, 6, 4, 5, 4, 2, 6, 4, 5, 1, 6, 2, 5, 1, 6, 3, 5, 6, 2, 6, 1, 2, 2, 1, 4, 4, 1, 2, 5, 1, 4, 2] [8, 3, 4, 2, 6, 4, 6, 2, 6, 4, 2, 3, 3, 3, 8, 6, 5, 3, 3, 3, 2, 6, 3, 4, 1, 1, 4, 2, 6, 2, 6, 3, 6, 4, 8, 3, 2, 4, 1, 3, 6, 6, 3, 7, 4, 4, 6, 3, 5, 7, 6, 7, 5, 4, 7, 6, 6, 1, 7, 4, 5, 1, 7, 4, 5, 7, 2, 6, 1, 2, 4, 3, 6, 6, 1, 4, 5, 3, 5, 4]
B_28 51.13 B 68 [6, 3, 4, 2, 6, 3, 4, 2, 2, 4, 3, 2, 5, 1, 3, 6, 3, 3, 3, 6, 4, 4, 5, 5, 4, 2, 3, 6, 5, 2, 2, 2, 4, 6, 4, 5, 5, 3, 2, 6, 4, 4, 2, 4, 4, 4, 5, 2, 4, 1, 3, 5, 3, 3, 3, 3, 1, 4, 6, 6, 2, 5, 2, 3, 2, 5, 4, 1, 6, 4, 2, 2, 2, 1, 5, 3, 4, 6, 5, 5] [8, 5, 4, 2, 7, 3, 5, 4, 3, 5, 4, 4, 6, 1, 5, 6, 3, 5, 3, 6, 6, 4, 7, 7, 4, 4, 3, 6, 6, 4, 3, 4, 4, 7, 6, 6, 7, 3, 3, 7, 4, 5, 3, 4, 6, 4, 6, 2, 5, 1, 4, 7, 4, 5, 5, 4, 2, 6, 8, 7, 4, 6, 4, 5, 2, 5, 6, 1, 6, 5, 4, 3, 4, 1, 5, 5, 4, 7, 6, 6]
B_29 53.63 B 69 [3, 6, 6, 1, 5, 4, 2, 4, 4, 5, 6, 5, 3, 1, 4, 1, 3, 3, 6, 6, 2, 2, 5, 5, 1, 6, 1, 6, 3, 3, 4, 3, 2, 1, 3, 4, 3, 2, 2, 1, 5, 2, 5, 3, 1, 3, 1, 2, 3, 2, 2, 3, 2, 4, 5, 3, 4, 3, 3, 3, 3, 2, 5, 2, 5, 1, 5, 2, 4, 1, 5, 5, 2, 2, 1, 4, 6, 6, 3, 3] [3, 7, 7, 1, 6, 4, 2, 4, 5, 5, 8, 5, 3, 1, 5, 1, 4, 4, 6, 8, 2, 3, 6, 6, 2, 7, 1, 6, 5, 3, 4, 5, 4, 1, 4, 4, 3, 3, 4, 2, 7, 3, 6, 4, 1, 3, 2, 2, 4, 4, 4, 3, 4, 5, 5, 5, 6, 3, 3, 5, 4, 4, 6, 4, 6, 1, 5, 2, 5, 2, 5, 5, 2, 2, 1, 4, 8, 6, 5, 5]
B_30 55.120000000000005 B 70 [6, 4, 3, 2, 2, 4, 5, 2, 6, 2, 5, 3, 3, 4, 5, 3, 4, 4, 1, 4, 4, 2, 2, 6, 1, 3, 2, 6, 4, 1, 6, 2, 3, 5, 3, 1, 3, 4, 5, 6, 4, 3, 6, 4, 2, 3, 2, 2, 5, 2, 3, 4, 4, 1, 1, 4, 5, 6, 2, 4, 3, 1, 3, 3, 6, 1, 5, 2, 2, 5, 3, 3, 3, 5, 6, 3, 1, 4, 1, 2] [8, 6, 5, 3, 2, 6, 5, 3, 6, 4, 5, 4, 4, 5, 6, 4, 5, 6, 2, 5, 4, 4, 4, 7, 1, 5, 3, 6, 6, 1, 8, 3, 3, 7, 4, 1, 5, 6, 5, 8, 5, 5, 8, 5, 4, 5, 4, 4, 7, 3, 3, 6, 6, 2, 1, 5, 5, 7, 2, 5, 5, 1, 3, 3, 6, 1, 6, 4, 4, 5, 5, 4, 3, 6, 7, 3, 1, 6, 1, 3]
B_31 56.830000000000005 B 71 [4, 4, 4, 2, 4, 5, 3, 6, 5, 5, 6, 4, 2, 5, 6, 2, 1, 1, 5, 1, 5, 4, 5, 6, 5, 5, 5, 1, 4, 2, 1, 2, 5, 5, 1, 1, 1, 5, 6, 1, 6, 5, 6, 1, 5, 1, 6, 1, 6, 3, 4, 1, 4, 3, 5, 6, 3, 1, 5, 3, 4, 6, 4, 6, 4, 5, 6, 1, 2, 5, 3, 4, 5, 2, 1, 3, 3, 3, 5, 2] [4, 4, 5, 2, 4, 7, 3, 8, 7, 7, 7, 4, 3, 6, 8, 4, 2, 3, 7, 1, 5, 4, 6, 8, 5, 6, 6, 1, 6, 3, 2, 4, 5, 7, 1, 3, 2, 7, 6, 2, 8, 5, 6, 3, 7, 2, 6, 3, 8, 3, 4, 1, 6, 3, 5, 6, 4, 3, 5, 3, 5, 6, 4, 8, 5, 6, 8, 3, 3, 5, 4, 6, 6, 2, 3, 5, 3, 5, 7, 3]
B_32 60.7 B 72 [6, 5, 2, 2, 1, 2, 6, 3, 5, 1, 3, 5, 2, 2, 1, 1, 1, 1, 2, 1, 4, 4, 2, 6, 3, 6, 6, 2, 6, 2, 3, 3, 4, 2, 5, 3, 4, 2, 6, 5, 6, 2, 3, 1, 3, 1, 4, 1, 1, 5, 6, 3, 2, 5, 3, 3, 2, 5, 5, 1, 5, 2, 1, 5, 3, 1, 5, 4, 2, 2, 3, 5, 6, 1, 4, 1, 2, 4, 4, 6] [6, 7, 3, 4, 2, 4, 7, 5, 6, 1, 5, 5, 3, 2, 1, 3, 2, 1, 3, 1, 5, 5, 2, 8, 5, 8, 8, 4, 8, 3, 3, 4, 4, 2, 6, 3, 5, 3, 8, 6, 6, 4, 5, 3, 3, 2, 6, 2, 1, 5, 6, 4, 2, 7, 3, 5, 3, 6, 5, 1, 7, 3, 2, 5, 3, 3, 6, 6, 4, 2, 3, 6, 8, 3, 4, 3, 4, 6, 6, 6]
B_33 61.7 B 73 [5, 2, 2, 5, 6, 3, 2, 5, 6, 5, 3, 3, 5, 2, 4, 5, 2, 2, 2, 6, 6, 2, 2, 5, 3, 6, 6, 5, 6, 2, 6, 5, 2, 5, 5, 5, 4, 5, 3, 6, 3, 4, 5, 1, 1, 2, 4, 5, 4, 6, 6, 5, 1, 5, 6, 6, 2, 1, 5, 2, 5, 1, 4, 5, 3, 1, 2, 4, 1, 2, 5, 2, 1, 4, 3, 1, 4, 6, 5, 3] [5, 4, 4, 7, 6, 3, 4, 7, 8, 5, 3, 5, 7, 2, 4, 5, 4, 4, 2, 7, 7, 3, 2, 6, 3, 6, 6, 6, 6, 4, 6, 7, 4, 7, 7, 6, 4, 5, 5, 8, 5, 5, 7, 3, 2, 3, 6, 5, 5, 8, 7, 5, 1, 5, 6, 8, 3, 2, 5, 2, 7, 3, 5, 6, 3, 1, 3, 6, 1, 2, 6, 2, 3, 4, 3, 2, 6, 8, 6, 4]
B_34 63.74 B 74 [4, 1, 3, 2, 5, 4, 1, 1, 5, 6, 5, 5, 1, 5, 5, 2, 4, 4, 5, 1, 3, 2, 3, 2, 3, 4, 5, 2, 5, 5, 1, 2, 1, 6, 5, 6, 6, 5, 1, 5, 4, 3, 6, 4, 3, 1, 2, 5, 5, 5, 1, 5, 2, 2, 2, 2, 4, 2, 4, 4, 3, 3, 2, 1, 4, 4, 3, 1, 5, 1, 6, 1, 4, 3, 5, 4, 5, 4, 3, 2] [6, 2, 3, 2, 5, 5, 1, 2, 6, 8, 6, 7, 2, 7, 7, 4, 5, 5, 5, 1, 5, 2, 3, 3, 3, 5, 6, 4, 7, 5, 2, 3, 3, 6, 5, 6, 8, 7, 2, 6, 4, 5, 8, 6, 4, 1, 4, 7, 7, 5, 2, 7, 4, 3, 4, 3, 4, 4, 5, 6, 5, 3, 4, 3, 6, 5, 3, 1, 5, 1, 7, 3, 4, 3, 7, 5, 7, 4, 4, 4]
B_35 64.74000000000001 B 75 [3, 6, 6, 4, 1, 6, 5, 5, 4, 3, 2, 6, 4, 2, 5, 1, 4, 3, 5, 4, 6, 2, 3, 1, 2, 5, 1, 6, 3, 2, 5, 4, 1, 3, 2, 1, 2, 5, 2, 1, 3, 5, 4, 3, 6, 3, 5, 3, 6, 5, 5, 3, 3, 5, 2, 3, 3, 2, 1, 6, 5, 1, 5, 1, 1, 2, 5, 2, 3, 4, 3, 3, 1, 1, 4, 2, 2, 1, 4, 5] [5, 8, 6, 4, 1, 6, 7, 7, 6, 4, 3, 8, 6, 4, 7, 1, 6, 3, 5, 5, 7, 2, 4, 3, 2, 7, 3, 7, 5, 4, 7, 5, 3, 3, 4, 1, 3, 7, 2, 3, 3, 6, 4, 3, 8, 3, 5, 3, 7, 5, 7, 4, 5, 7, 3, 5, 4, 4, 1, 8, 5, 2, 6, 2, 1, 3, 7, 4, 5, 4, 3, 5, 3, 2, 5, 4, 3, 1, 4, 7]
B_36 65.74000000000001 B 76 [4, 1, 6, 3, 4, 2, 2, 2, 2, 5, 4, 4, 5, 2, 6, 5, 5, 3, 4, 4, 2, 1, 4, 3, 1, 2, 6, 6, 4, 2, 1, 3, 4, 1, 3, 2, 2, 5, 6, 4, 6, 6, 6, 2, 3, 1, 4, 5, 4, 4, 5, 1, 3, 4, 3, 5, 1, 5, 3, 3, 2, 4, 5, 4, 2, 2, 5, 5, 4, 6, 1, 3, 2, 4, 5, 2, 2, 5, 6, 3] [4, 1, 7, 5, 4, 3, 2, 3, 4, 6, 5, 4, 7, 2, 7, 7, 7, 4, 5, 5, 2, 2, 6, 5, 3, 2, 8, 6, 6, 4, 1, 5, 6, 1, 5, 4, 2, 6, 8, 6, 6, 7, 7, 2, 5, 2, 4, 7, 6, 5, 6, 3, 4, 5, 3, 6, 1, 6, 5, 5, 2, 5, 5, 4, 2, 4, 7, 5, 4, 8, 1, 3, 4, 6, 7, 3, 2, 6, 8, 5]
B_37 66.95 B 77 [6, 2, 6, 6, 5, 2, 5, 4, 5, 5, 4, 1, 6, 2, 6, 2, 5, 2, 4, 2, 5, 1, 6, 2, 1, 2, 2, 3, 6, 2, 2, 4, 2, 6, 4, 4, 5, 5, 6, 3, 6, 5, 1, 4, 5, 5, 2, 3, 3, 5, 2, 6, 4, 5, 1, 2, 4, 2, 4, 4, 4, 3, 3, 4, 4, 4, 4, 1, 6, 6, 4, 3, 4, 6, 4, 1, 5, 2, 2, 3] [6, 2, 7, 7, 7, 3, 7, 6, 7, 5, 4, 1, 6, 2, 6, 2, 6, 2, 5, 4, 5, 2, 6, 3, 3, 2, 4, 4, 7, 3, 2, 5, 3, 6, 4, 5, 7, 6, 6, 4, 8, 6, 1, 5, 6, 6, 2, 5, 5, 6, 4, 6, 6, 5, 3, 3, 6, 4, 5, 6, 4, 5, 4, 5, 4, 5, 5, 3, 7, 6, 6, 5, 6, 8, 4, 1, 6, 3, 3, 3]
B_38 67.95 B 78 [2, 4, 3, 5, 6, 3, 3, 4, 4, 6, 4, 1, 6, 1, 6, 1, 4, 4, 1, 3, 2, 1, 5, 1, 1, 6, 2, 6, 6, 1, 5, 1, 6, 6, 2, 5, 2, 4, 4, 6, 5, 5, 3, 2, 3, 6, 5, 4, 1, 3, 4, 4, 3, 3, 6, 5, 2, 6, 4, 2, 4, 2, 6, 2, 2, 1, 5, 4, 5, 3, 1, 5, 4, 5, 3, 4, 6, 2, 6, 2] [3, 4, 3, 6, 8, 5, 5, 4, 6, 8, 5, 3, 8, 1, 8, 2, 5, 6, 2, 3, 2, 1, 5, 2, 1, 6, 4, 8, 6, 1, 6, 3, 6, 6, 4, 5, 4, 5, 4, 7, 7, 6, 4, 2, 5, 7, 7, 5, 2, 5, 5, 4, 3, 4, 6, 5, 4, 6, 4, 2, 5, 3, 7, 3, 2, 2, 5, 5, 6, 5, 1, 7, 6, 6, 4, 4, 8, 3, 8, 2]
B_39 68.95 B 79 [1, 4, 1, 3, 2, 3, 6, 2, 2, 3, 6, 1, 4, 5, 2, 1, 3, 1, 4, 5, 5, 3, 2, 1, 4, 4, 2, 3, 2, 4, 5, 4, 2, 4, 2, 5, 4, 2, 1, 4, 5, 5, 4, 2, 1, 2, 1, 2, 3, 2, 4, 6, 4, 5, 6, 5, 1, 1, 1, 4, 4, 1, 5, 4, 3, 3, 1, 2, 5, 3, 2, 2, 6, 3, 2, 5, 3, 3, 2, 5] [1, 4, 1, 5, 2, 3, 6, 4, 3, 5, 8, 2, 4, 6, 2, 2, 5, 2, 6, 5, 5, 3, 4, 2, 6, 5, 4, 4, 2, 6, 7, 6, 4, 5, 4, 5, 6, 3, 2, 5, 6, 7, 4, 2, 3, 4, 1, 2, 3, 4, 4, 6, 5, 6, 6, 6, 3, 1, 2, 4, 6, 1, 7, 4, 4, 3, 2, 4, 6, 5, 3, 3, 6, 4, 4, 7, 5, 3, 2, 7]
