A_0 5.58 A 0 [4, 3, 3, 6, 1, 5, 4, 5, 5, 3, 6, 5, 5, 3, 4, 2, 1, 3, 2, 2, 2, 2, 5, 6, 3, 4, 6, 3, 2, 5, 2, 3, 6, 6, 4, 4, 5, 1, 5, 3, 1, 5, 4, 6, 6, 5, 1, 4, 1, 2, 6, 6, 6, 3, 2, 2, 3, 3, 3, 1, 2, 1, 2, 5, 4, 5, 3, 1, 5, 2, 4, 3, 6, 2, 1, 5, 4, 6, 2, 1] [6, 6, 7, 9, 5, 9, 6, 7, 7, 7, 9, 9, 7, 5, 7, 5, 3, 5, 5, 5, 4, 6, 7, 10, 7, 8, 9, 6, 6, 8, 6, 5, 10, 10, 6, 7, 9, 4, 7, 6, 3, 8, 7, 9, 10, 7, 3, 6, 4, 5, 8, 8, 9, 6, 6, 6, 5, 6, 6, 3, 4, 5, 5, 9, 8, 8, 7, 5, 8, 5, 6, 5, 8, 4, 5, 8, 7, 10, 5, 4]
A_1 6.58 A 1 [3, 5, 2, 6, 6, 6, 5, 3, 2, 4, 5, 6, 5, 6, 6, 1, 4, 2, 5, 1, 4, 2, 3, 3, 6, 3, 1, 2, 4, 6, 3, 5, 1, 4, 4, 5, 3, 5, 3, 5, 3, 5, 2, 4, 2, 6, 5, 5, 3, 6, 5, 3, 1, 2, 5, 1, 6, 6, 5, 4, 1, 3, 1, 1, 5, 5, 5, 2, 3, 5, 4, 1, 3, 3, 2, 5, 1, 5, 6, 5] [6, 9, 5, 10, 9, 9, 7, 6, 4, 7, 7, 8, 8, 8, 9, 5, 7, 6, 8, 3, 7, 6, 7, 5, 9, 5, 5, 6, 8, 8, 5, 8, 5, 6, 8, 8, 7, 8, 6, 8, 5, 7, 4, 8, 6, 8, 8, 9, 5, 8, 7, 6, 5, 4, 8, 5, 10, 10, 9, 7, 4, 7, 5, 4, 9, 8, 8, 4, 6, 7, 8, 3, 7, 5, 4, 9, 3, 9, 10, 8]
A_2 7.58 A 2 [3, 2, 4, 1, 4, 2, 5, 2, 1, 1, 6, 5, 5, 5, 2, 5, 5, 4, 6, 3, 6, 3, 6, 3, 3, 5, 6, 6, 2, 1, 2, 2, 5, 2, 3, 4, 6, 5, 4, 6, 3, 4, 5, 3, 4, 3, 2, 4, 1, 6, 6, 1, 4, 4, 2, 6, 1, 3, 2, 5, 3, 5, 6, 6, 4, 4, 5, 2, 6, 4, 3, 4, 2, 5, 5, 4, 3, 4, 5, 5] [7, 5, 8, 4, 8, 6, 9, 4, 3, 3, 8, 9, 8, 9, 5, 8, 8, 6, 8, 6, 10, 6, 10, 7, 5, 7, 10, 8, 4, 4, 6, 5, 7, 6, 5, 6, 10, 8, 8, 8, 7, 8, 8, 6, 6, 6, 4, 7, 4, 8, 10, 4, 6, 7, 5, 9, 4, 7, 5, 7, 5, 9, 10, 8, 7, 7, 8, 5, 8, 6, 6, 6, 6, 9, 7, 7, 6, 6, 7, 8]
A_3 8.85 A 3 [6, 6, 1, 6, 4, 2, 2, 4, 4, 5, 2, 5, 4, 6, 5, 2, 1, 5, 1, 6, 2, 2, 5, 3, 2, 5, 4, 3, 1, 4, 4, 1, 1, 5, 3, 2, 1, 3, 3, 2, 5, 5, 2, 4, 6, 4, 2, 2, 4, 5, 1, 4, 2, 1, 1, 2, 4, 4, 6, 3, 2, 5, 5, 1, 6, 5, 1, 4, 3, 1, 5, 4, 5, 1, 6, 1, 1, 4, 3, 2] [9, 10, 4, 10, 8, 6, 6, 6, 7, 9, 5, 8, 7, 10, 7, 4, 5, 7, 5, 9, 6, 4, 8, 6, 6, 9, 7, 5, 5, 7, 6, 4, 3, 8, 6, 4, 4, 5, 6, 4, 9, 9, 5, 7, 9, 6, 6, 6, 8, 9, 3, 8, 5, 3, 5, 4, 7, 6, 9, 6, 5, 8, 9, 4, 8, 9, 4, 7, 6, 3, 7, 8, 9, 3, 8, 4, 5, 7, 6, 6]
A_4 10.19 A 4 [1, 6, 4, 4, 5, 2, 5, 3, 6, 5, 5, 6, 4, 2, 6, 3, 1, 5, 3, 3, 1, 4, 6, 5, 1, 3, 4, 5, 3, 2, 4, 6, 6, 1, 2, 6, 1, 6, 4, 5, 3, 4, 6, 5, 2, 3, 3, 6, 4, 3, 3, 1, 3, 5, 2, 2, 5, 5, 4, 3, 2, 6, 2, 4, 5, 3, 6, 3, 2, 1, 3, 1, 4, 2, 5, 2, 6, 6, 5, 6] [5, 9, 8, 8, 9, 6, 9, 6, 8, 8, 7, 8, 7, 5, 10, 5, 3, 9, 7, 6, 4, 8, 10, 8, 5, 5, 8, 8, 7, 6, 8, 9, 9, 3, 6, 8, 3, 8, 6, 8, 5, 7, 9, 7, 5, 6, 6, 10, 8, 5, 5, 3, 6, 8, 4, 5, 9, 8, 8, 7, 4, 10, 6, 6, 7, 7, 9, 5, 4, 3, 6, 4, 7, 4, 8, 6, 8, 10, 8, 8]
A_5 11.43 A 5 [5, 6, 2, 2, 2, 6, 3, 5, 2, 2, 2, 5, 1, 1, 2, 3, 2, 1, 4, 5, 5, 2, 3, 1, 1, 3, 1, 5, 6, 2, 5, 3, 2, 4, 6, 6, 1, 2, 4, 1, 1, 4, 5, 4, 4, 5, 5, 1, 3, 3, 6, 2, 2, 4, 4, 2, 3, 5, 6, 2, 4, 1, 5, 4, 1, 3, 1, 6, 6, 5, 3, 2, 3, 2, 5, 1, 1, 5, 5, 5] [9, 9, 6, 6, 6, 9, 5, 8, 4, 6, 6, 8, 3, 4, 5, 5, 6, 3, 8, 9, 9, 4, 6, 3, 4, 7, 5, 9, 8, 4, 9, 6, 4, 7, 9, 9, 5, 4, 8, 5, 4, 7, 7, 6, 8, 9, 7, 3, 5, 7, 10, 6, 4, 8, 6, 5, 5, 9, 10, 5, 6, 5, 8, 6, 4, 7, 4, 9, 9, 9, 5, 6, 6, 4, 8, 4, 5, 9, 8, 7]
A_6 12.43 A 6 [4, 5, 5, 2, 5, 3, 5, 2, 4, 6, 5, 3, 4, 5, 3, 3, 3, 2, 3, 1, 6, 4, 6, 6, 6, 1, 4, 1, 2, 6, 1, 6, 4, 5, 1, 2, 3, 4, 1, 4, 2, 3, 1, 4, 4, 6, 2, 2, 3, 4, 4, 2, 2, 5, 6, 4, 1, 1, 1, 5, 4, 1, 3, 6, 2, 2, 5, 1, 4, 2, 4, 4, 2, 5, 2, 6, 3, 3, 1, 1] [6, 7, 9, 6, 9, 5, 8, 5, 7, 8, 9, 6, 8, 9, 5, 5, 5, 6, 5, 3, 9, 8, 8, 9, 10, 3, 6, 3, 5, 10, 5, 8, 8, 7, 5, 6, 7, 6, 3, 7, 4, 7, 5, 7, 7, 10, 6, 4, 6, 7, 8, 5, 4, 8, 10, 7, 5, 4, 4, 7, 7, 5, 6, 10, 5, 4, 8, 5, 7, 5, 6, 6, 6, 9, 5, 8, 6, 7, 5, 4]
A_7 13.43 A 7 [5, 3, 2, 4, 3, 5, 2, 1, 1, 1, 6, 2, 6, 6, 5, 1, 4, 6, 3, 1, 5, 1, 1, 1, 1, 4, 4, 2, 3, 3, 4, 4, 5, 2, 2, 3, 3, 2, 2, 2, 6, 3, 4, 5, 3, 6, 3, 5, 4, 5, 6, 4, 2, 2, 6, 4, 1, 2, 5, 2, 3, 2, 4, 6, 1, 3, 4, 2, 2, 2, 6, 6, 5, 5, 3, 4, 3, 2, 3, 2] [7, 6, 4, 6, 6, 8, 5, 5, 5, 5, 10, 5, 8, 10, 9, 5, 8, 9, 5, 5, 9, 5, 4, 3, 3, 8, 6, 6, 6, 6, 8, 6, 8, 4, 6, 6, 5, 5, 5, 6, 8, 5, 7, 9, 7, 9, 7, 9, 7, 7, 9, 6, 4, 4, 10, 6, 5, 5, 7, 6, 7, 6, 8, 10, 4, 7, 7, 4, 4, 6, 8, 8, 7, 7, 7, 7, 7, 6, 7, 5]
A_8 15.02 A 8 [5, 2, 1, 4, 6, 2, 4, 1, 3, 1, 5, 6, 3, 1, 3, 1, 2, 3, 5, 6, 5, 1, 3, 3, 1, 2, 1, 1, 1, 3, 1, 2, 4, 5, 3, 1, 6, 5, 3, 4, 2, 3, 6, 1, 4, 6, 5, 2, 6, 4, 1, 6, 5, 2, 2, 5, 5, 2, 4, 3, 6, 2, 2, 5, 6, 6, 4, 2, 1, 5, 5, 2, 4, 6, 4, 1, 6, 3, 6, 2] [7, 4, 3, 7, 8, 4, 7, 5, 5, 4, 8, 9, 5, 5, 5, 4, 6, 6, 7, 10, 9, 4, 5, 5, 5, 6, 5, 3, 4, 7, 3, 5, 6, 8, 6, 3, 9, 9, 5, 7, 6, 6, 8, 5, 7, 9, 9, 5, 10, 7, 5, 10, 7, 6, 4, 9, 9, 5, 7, 6, 8, 6, 4, 7, 10, 10, 8, 4, 4, 9, 8, 6, 7, 9, 6, 4, 8, 5, 8, 6]
A_9 16.11 A 9 [3, 4, 1, 5, 5, 2, 6, 1, 1, 6, 2, 1, 3, 1, 4, 6, 5, 3, 4, 4, 3, 3, 3, 6, 1, 5, 6, 1, 5, 5, 5, 2, 5, 6, 3, 3, 4, 6, 5, 6, 5, 1, 1, 6, 2, 6, 4, 4, 5, 3, 6, 5, 3, 2, 2, 2, 6, 2, 5, 2, 1, 4, 1, 4, 6, 5, 3, 1, 6, 3, 1, 4, 2, 5, 1, 6, 3, 2, 6, 2] [7, 7, 3, 9, 8, 6, 8, 5, 4, 10, 5, 5, 7, 4, 8, 10, 7, 7, 7, 7, 6, 5, 5, 8, 4, 9, 10, 5, 7, 7, 8, 5, 9, 9, 6, 6, 6, 8, 7, 9, 9, 4, 4, 10, 4, 8, 8, 7, 9, 6, 10, 8, 6, 4, 5, 6, 10, 4, 7, 5, 4, 7, 3, 7, 10, 8, 6, 4, 8, 6, 5, 8, 4, 7, 4, 8, 7, 6, 10, 4]
A_10 17.43 A 10 [6, 5, 6, 2, 5, 2, 5, 6, 5, 2, 3, 1, 4, 5, 2, 3, 3, 5, 1, 3, 2, 6, 1, 4, 2, 4, 6, 5, 6, 5, 2, 1, 4, 4, 2, 6, 2, 6, 6, 1, 2, 5, 2, 1, 4, 1, 2, 4, 5, 5, 2, 1, 2, 4, 5, 1, 4, 4, 1, 2, 3, 3, 6, 5, 5, 5, 4, 2, 2, 6, 2, 5, 1, 4, 4, 3, 4, 4, 4, 5] [9, 7, 8, 5, 7, 6, 9, 10, 8, 5, 6, 3, 7, 9, 5, 5, 6, 9, 5, 6, 4, 9, 3, 8, 6, 6, 9, 7, 9, 9, 5, 3, 6, 6, 5, 8, 5, 9, 10, 5, 4, 9, 5, 5, 6, 4, 5, 7, 8, 9, 5, 5, 6, 7, 9, 3, 6, 7, 5, 6, 6, 7, 9, 8, 7, 7, 8, 6, 5, 10, 6, 8, 3, 7, 7, 6, 8, 8, 7, 8]
A_11 23.33 A 11 [5, 6, 5, 5, 6, 5, 3, 2, 6, 1, 1, 5, 1, 5, 1, 6, 6, 2, 4, 3, 1, 3, 6, 4, 4, 1, 5, 1, 1, 2, 1, 6, 6, 5, 1, 6, 1, 1, 3, 2, 1, 5, 1, 4, 4, 4, 1, 3, 4, 2, 5, 3, 6, 1, 1, 3, 2, 5, 5, 2, 5, 4, 2, 2, 4, 2, 5, 1, 5, 6, 4, 1, 2, 1, 3, 5, 2, 6, 5, 2] [9, 8, 9, 8, 8, 8, 6, 5, 9, 5, 3, 8, 3, 7, 5, 9, 8, 5, 7, 7, 5, 5, 8, 6, 8, 4, 9, 3, 3, 4, 4, 10, 8, 8, 5, 8, 3, 5, 7, 5, 4, 8, 4, 6, 8, 6, 3, 7, 7, 6, 8, 7, 8, 3, 5, 6, 5, 7, 7, 4, 8, 7, 4, 4, 7, 4, 7, 5, 8, 9, 8, 5, 6, 4, 5, 7, 6, 8, 7, 4]
A_12 24.33 A 12 [5, 5, 5, 4, 4, 1, 4, 6, 3, 3, 4, 1, 4, 6, 5, 4, 6, 2, 4, 2, 5, 2, 2, 4, 2, 5, 4, 3, 2, 1, 4, 6, 1, 3, 6, 3, 4, 3, 1, 3, 5, 1, 2, 6, 3, 2, 4, 1, 2, 4, 4, 5, 4, 4, 5, 4, 1, 4, 2, 3, 6, 4, 6, 2, 5, 1, 1, 5, 1, 2, 3, 4, 5, 6, 2, 5, 4, 2, 2, 5] [7, 8, 8, 7, 7, 3, 8, 8, 5, 7, 7, 3, 7, 8, 8, 6, 9, 6, 8, 4, 8, 5, 4, 8, 4, 9, 6, 7, 6, 3, 8, 9, 3, 6, 9, 5, 6, 7, 3, 6, 8, 4, 4, 9, 6, 4, 8, 4, 5, 7, 7, 9, 6, 7, 9, 8, 3, 7, 5, 6, 10, 8, 8, 4, 9, 5, 5, 7, 3, 6, 7, 8, 9, 8, 4, 8, 7, 4, 4, 9]
A_13 26.2 A 13 [3, 6, 5, 6, 2, 1, 5, 6, 1, 1, 5, 5, 6, 3, 3, 1, 2, 2, 3, 6, 2, 5, 6, 5, 4, 3, 6, 6, 4, 3, 5, 5, 1, 4, 2, 1, 2, 5, 2, 5, 1, 4, 3, 4, 6, 6, 6, 1, 3, 4, 5, 1, 1, 6, 3, 1, 6, 6, 6, 4, 3, 3, 6, 6, 5, 3, 5, 4, 6, 5, 3, 1, 6, 3, 2, 6, 2, 6, 5, 2] [5, 8, 9, 10, 5, 4, 9, 10, 5, 4, 9, 7, 8, 6, 7, 4, 4, 5, 5, 9, 4, 9, 9, 9, 7, 6, 8, 8, 7, 5, 7, 8, 4, 6, 4, 5, 6, 7, 5, 7, 3, 6, 7, 6, 9, 9, 10, 5, 5, 7, 9, 5, 4, 8, 5, 3, 8, 10, 8, 6, 7, 5, 10, 9, 7, 6, 9, 8, 8, 8, 6, 4, 10, 7, 6, 9, 6, 8, 7, 4]
A_14 27.2 A 14 [4, 6, 2, 5, 6, 2, 3, 5, 3, 4, 2, 1, 5, 3, 1, 4, 1, 4, 5, 2, 3, 4, 6, 6, 5, 5, 4, 6, 5, 4, 4, 5, 2, 1, 3, 6, 6, 4, 4, 5, 2, 2, 6, 2, 3, 6, 1, 3, 4, 5, 4, 2, 3, 1, 6, 6, 3, 6, 6, 2, 1, 5, 6, 6, 5, 2, 5, 2, 3, 1, 3, 2, 4, 6, 4, 5, 3, 1, 4, 2] [7, 9, 5, 7, 10, 5, 5, 9, 5, 8, 5, 5, 8, 7, 3, 7, 3, 8, 9, 4, 5, 7, 8, 9, 8, 7, 6, 8, 9, 6, 8, 7, 4, 3, 7, 8, 8, 8, 7, 9, 4, 4, 9, 6, 5, 8, 5, 6, 8, 7, 6, 6, 7, 5, 10, 10, 5, 9, 9, 4, 5, 8, 9, 10, 8, 5, 8, 4, 5, 4, 7, 4, 8, 9, 8, 8, 6, 4, 8, 6]
A_15 28.2 A 15 [2, 1, 5, 2, 3, 3, 3, 1, 1, 6, 3, 6, 4, 1, 4, 6, 4, 5, 2, 6, 4, 3, 6, 3, 3, 1, 1, 6, 3, 2, 2, 4, 3, 1, 1, 1, 6, 5, 2, 6, 4, 1, 4, 6, 2, 4, 6, 4, 4, 5, 3, 5, 4, 1, 2, 2, 4, 6, 5, 3, 6, 4, 2, 5, 6, 5, 2, 1, 6, 5, 1, 5, 6, 5, 1, 5, 1, 2, 5, 5] [5, 5, 8, 4, 5, 5, 5, 5, 4, 10, 5, 9, 6, 4, 7, 8, 8, 7, 5, 9, 7, 6, 10, 5, 7, 5, 3, 8, 7, 4, 5, 6, 6, 5, 3, 3, 9, 7, 6, 9, 7, 5, 7, 9, 6, 8, 9, 7, 8, 8, 6, 8, 7, 3, 6, 6, 6, 10, 9, 7, 9, 7, 5, 8, 9, 8, 5, 3, 9, 8, 3, 7, 8, 9, 3, 7, 5, 4, 9, 7]
A_16 29.2 A 16 [1, 4, 5, 1, 1, 2, 3, 4, 2, 5, 3, 6, 6, 2, 1, 4, 1, 2, 5, 6, 3, 4, 1, 6, 6, 5, 5, 6, 6, 1, 4, 4, 2, 3, 4, 1, 3, 5, 1, 4, 5, 6, 4, 5, 1, 5, 1, 4, 2, 6, 5, 4, 2, 6, 6, 1, 2, 4, 1, 3, 3, 2, 6, 1, 3, 4, 5, 6, 5, 4, 6, 4, 4, 1, 2, 2, 6, 6, 6, 3] [3, 7, 8, 5, 3, 6, 5, 8, 6, 7, 6, 8, 9, 4, 3, 8, 3, 5, 7, 8, 7, 6, 4, 10, 9, 7, 8, 10, 9, 4, 8, 6, 4, 6, 7, 5, 6, 9, 3, 8, 8, 8, 6, 9, 4, 8, 4, 8, 6, 10, 8, 7, 5, 9, 8, 4, 4, 8, 5, 7, 6, 4, 8, 3, 6, 8, 8, 8, 8, 6, 10, 8, 6, 3, 4, 4, 10, 9, 9, 5]
A_17 33.24 A 17 [3, 2, 4, 5, 5, 1, 2, 6, 3, 3, 5, 2, 2, 2, 4, 5, 2, 4, 5, 2, 2, 3, 2, 3, 3, 3, 5, 4, 2, 4, 5, 3, 6, 1, 4, 6, 5, 1, 2, 6, 1, 5, 1, 2, 6, 5, 4, 3, 3, 3, 4, 2, 2, 6, 5, 1, 3, 5, 4, 6, 2, 2, 5, 4, 6, 5, 6, 5, 6, 5, 1, 2, 5, 5, 6, 4, 1, 5, 3, 2] [5, 6, 6, 7, 9, 3, 6, 9, 6, 7, 9, 5, 6, 5, 8, 7, 5, 8, 7, 6, 6, 5, 6, 5, 6, 6, 9, 6, 5, 7, 9, 6, 9, 3, 7, 8, 8, 5, 4, 8, 4, 8, 4, 4, 10, 7, 7, 5, 5, 5, 8, 6, 5, 8, 7, 3, 5, 7, 6, 10, 6, 6, 9, 8, 10, 7, 9, 8, 10, 8, 3, 5, 9, 8, 9, 7, 3, 7, 7, 4]
A_18 34.370000000000005 A 18 [2, 5, 6, 1, 3, 4, 3, 3, 5, 4, 1, 4, 4, 3, 5, 2, 5, 5, 3, 3, 3, 3, 4, 3, 5, 1, 2, 5, 1, 6, 1, 6, 5, 4, 3, 6, 3, 3, 4, 6, 4, 6, 2, 2, 1, 3, 1, 6, 1, 1, 4, 2, 5, 1, 6, 2, 3, 1, 4, 6, 1, 1, 5, 3, 6, 4, 4, 4, 1, 6, 6, 4, 5, 4, 5, 2, 4, 2, 6, 5] [5, 8, 8, 5, 7, 8, 5, 5, 7, 7, 5, 7, 8, 5, 9, 5, 7, 7, 6, 7, 7, 5, 7, 7, 7, 3, 4, 9, 3, 10, 4, 10, 8, 7, 6, 8, 7, 7, 7, 10, 7, 10, 4, 6, 5, 6, 3, 10, 5, 4, 8, 4, 9, 5, 10, 6, 6, 5, 6, 8, 4, 5, 9, 6, 10, 6, 8, 6, 5, 10, 9, 8, 7, 6, 8, 6, 6, 6, 10, 7]
A_19 35.370000000000005 A 19 [2, 1, 3, 6, 3, 5, 1, 1, 6, 4, 3, 3, 2, 6, 2, 6, 6, 2, 3, 6, 4, 6, 4, 2, 6, 6, 1, 4, 4, 4, 1, 3, 2, 4, 6, 4, 2, 2, 1, 6, 6, 2, 4, 2, 3, 1, 6, 4, 6, 6, 4, 1, 6, 5, 6, 3, 2, 3, 4, 2, 3, 4, 6, 3, 4, 6, 3, 2, 3, 5, 4, 6, 5, 3, 5, 4, 3, 3, 5, 3] [5, 3, 6, 9, 6, 9, 3, 5, 10, 7, 6, 7, 4, 9, 4, 9, 8, 6, 7, 10, 8, 8, 8, 4, 9, 8, 4, 6, 7, 6, 3, 6, 4, 7, 10, 8, 6, 6, 5, 9, 8, 5, 6, 4, 6, 5, 8, 6, 10, 10, 7, 4, 9, 9, 10, 7, 4, 6, 8, 6, 5, 7, 10, 5, 6, 10, 6, 6, 7, 7, 8, 9, 7, 5, 8, 8, 5, 7, 9, 7]
A_20 39.36000000000001 A 20 [2, 4, 6, 2, 1, 5, 6, 5, 5, 3, 2, 1, 5, 2, 3, 4, 3, 2, 3, 4, 6, 4, 3, 3, 6, 2, 2, 4, 2, 4, 6, 1, 6, 3, 2, 5, 4, 5, 5, 1, 4, 3, 6, 3, 6, 3, 2, 3, 2, 2, 1, 2, 4, 4, 4, 2, 5, 6, 2, 2, 5, 4, 6, 5, 1, 1, 5, 6, 3, 2, 3, 2, 3, 1, 4, 6, 1, 6, 5, 1] [4, 7, 10, 6, 4, 9, 9, 9, 9, 6, 4, 5, 8, 4, 5, 7, 7, 6, 7, 8, 10, 7, 7, 5, 8, 6, 5, 7, 5, 6, 8, 4, 10, 7, 6, 8, 6, 9, 9, 4, 7, 5, 9, 6, 8, 7, 5, 5, 5, 6, 4, 6, 7, 8, 6, 6, 9, 10, 6, 5, 8, 8, 8, 7, 4, 4, 8, 9, 5, 4, 7, 4, 6, 4, 6, 9, 5, 9, 7, 5]
A_21 40.720000000000006 A 21 [2, 2, 3, 2, 4, 2, 4, 1, 1, 3, 6, 3, 2, 5, 4, 3, 4, 3, 3, 6, 4, 5, 1, 5, 2, 2, 4, 2, 2, 1, 2, 4, 5, 2, 6, 6, 1, 4, 5, 1, 2, 5, 6, 1, 2, 4, 1, 4, 4, 1, 5, 2, 1, 1, 1, 3, 2, 6, 3, 1, 4, 1, 3, 1, 5, 4, 1, 3, 5, 4, 3, 3, 1, 5, 1, 1, 5, 5, 1, 6] [6, 6, 6, 4, 8, 4, 8, 5, 4, 5, 9, 5, 5, 9, 7, 6, 6, 5, 5, 8, 7, 9, 3, 7, 4, 4, 7, 4, 6, 5, 5, 8, 7, 4, 9, 10, 3, 8, 8, 3, 6, 7, 9, 3, 4, 6, 5, 6, 7, 4, 8, 5, 3, 5, 5, 5, 5, 9, 7, 3, 7, 3, 7, 5, 7, 8, 5, 5, 9, 7, 7, 6, 4, 9, 5, 5, 7, 8, 4, 10]
A_22 43.34 A 22 [5, 3, 6, 5, 6, 3, 6, 1, 3, 3, 1, 6, 2, 6, 6, 6, 1, 2, 4, 4, 3, 1, 6, 1, 5, 2, 1, 2, 6, 6, 1, 3, 6, 6, 2, 4, 6, 6, 4, 4, 1, 3, 2, 4, 5, 1, 2, 6, 4, 4, 2, 5, 1, 4, 6, 6, 6, 4, 2, 1, 6, 3, 6, 2, 6, 6, 2, 1, 4, 3, 3, 2, 3, 3, 3, 5, 1, 2, 2, 3] [7, 7, 10, 8, 10, 6, 8, 4, 5, 5, 3, 8, 4, 9, 8, 10, 4, 6, 7, 8, 7, 3, 8, 3, 8, 5, 5, 6, 8, 10, 4, 5, 9, 9, 5, 7, 8, 10, 6, 8, 3, 5, 6, 8, 8, 4, 5, 9, 8, 7, 4, 9, 3, 8, 10, 9, 9, 7, 6, 3, 9, 5, 8, 5, 8, 8, 4, 3, 7, 5, 5, 5, 5, 7, 6, 7, 5, 6, 5, 7]
A_23 44.89 A 23 [6, 3, 3, 3, 5, 1, 6, 1, 3, 6, 4, 4, 4, 5, 6, 3, 6, 3, 3, 2, 3, 5, 1, 2, 6, 6, 6, 6, 1, 6, 2, 4, 3, 2, 2, 2, 2, 2, 2, 4, 5, 4, 5, 1, 6, 4, 1, 2, 2, 4, 2, 2, 3, 6, 2, 6, 3, 1, 6, 4, 5, 2, 1, 4, 2, 4, 5, 5, 6, 1, 6, 6, 6, 3, 3, 5, 5, 5, 4, 5] [10, 5, 7, 6, 8, 3, 9, 3, 5, 8, 8, 6, 8, 9, 9, 5, 10, 5, 7, 4, 5, 7, 3, 4, 8, 10, 10, 8, 4, 10, 6, 6, 7, 6, 4, 4, 5, 5, 6, 8, 8, 6, 8, 4, 9, 8, 3, 4, 6, 7, 4, 4, 5, 8, 4, 8, 6, 3, 9, 7, 8, 6, 3, 8, 5, 8, 7, 8, 10, 3, 8, 9, 8, 6, 7, 8, 7, 9, 8, 7]
A_24 45.89 A 24 [3, 6, 3, 2, 1, 1, 6, 1, 1, 1, 2, 4, 2, 4, 5, 3, 6, 3, 5, 6, 6, 2, 5, 6, 2, 4, 4, 4, 5, 1, 2, 1, 2, 6, 6, 1, 5, 1, 1, 6, 1, 3, 1, 1, 3, 5, 5, 3, 6, 4, 4, 4, 2, 4, 3, 6, 3, 2, 5, 6, 5, 5, 5, 1, 5, 6, 2, 3, 1, 5, 5, 2, 4, 6, 5, 5, 3, 1, 3, 4] [7, 9, 5, 6, 5, 4, 10, 3, 5, 4, 6, 8, 4, 7, 8, 7, 9, 6, 7, 9, 8, 4, 8, 8, 6, 6, 6, 8, 7, 5, 4, 3, 6, 8, 9, 5, 9, 3, 3, 9, 5, 5, 3, 4, 6, 8, 9, 6, 10, 8, 6, 7, 6, 6, 7, 8, 7, 6, 8, 8, 8, 8, 8, 3, 7, 8, 6, 7, 3, 9, 8, 4, 7, 9, 9, 8, 7, 3, 6, 7]
A_25 46.89 A 25 [4, 3, 5, 5, 3, 3, 1, 4, 2, 5, 4, 1, 5, 3, 5, 1, 5, 3, 1, 6, 2, 2, 2, 6, 4, 4, 5, 6, 5, 1, 5, 1, 5, 4, 1, 3, 5, 6, 4, 2, 3, 2, 5, 5, 3, 2, 1, 6, 4, 3, 3, 6, 4, 1, 1, 5, 1, 1, 1, 3, 6, 2, 1, 4, 1, 4, 6, 5, 5, 3, 5, 2, 3, 2, 5, 5, 2, 6, 4, 3] [8, 5, 7, 9, 5, 7, 3, 8, 6, 9, 6, 4, 9, 6, 7, 5, 7, 6, 3, 8, 6, 4, 5, 10, 6, 6, 8, 9, 7, 4, 7, 4, 9, 8, 5, 7, 9, 9, 7, 6, 6, 6, 7, 8, 5, 5, 4, 10, 6, 6, 6, 10, 7, 4, 4, 8, 5, 3, 5, 5, 8, 6, 5, 7, 4, 6, 8, 8, 8, 5, 9, 6, 5, 4, 7, 9, 5, 8, 6, 6]
A_26 48.72 A 26 [6, 1, 6, 4, 4, 1, 4, 4, 1, 6, 6, 5, 4, 6, 4, 1, 5, 5, 2, 1, 2, 4, 1, 6, 4, 5, 4, 2, 5, 6, 1, 3, 6, 2, 6, 3, 2, 1, 3, 1, 1, 4, 2, 3, 5, 2, 5, 3, 5, 3, 1, 6, 3, 3, 3, 3, 1, 2, 1, 1, 5, 6, 6, 5, 3, 1, 6, 2, 1, 5, 5, 5, 4, 1, 6, 5, 3, 6, 5, 4] [9, 5, 10, 7, 8, 5, 6, 6, 5, 10, 9, 9, 6, 8, 6, 3, 8, 9, 4, 4, 5, 7, 5, 10, 6, 8, 7, 5, 7, 10, 5, 6, 8, 6, 8, 5, 6, 3, 7, 4, 5, 8, 4, 5, 8, 5, 9, 6, 7, 5, 3, 9, 5, 5, 7, 7, 3, 5, 5, 5, 7, 8, 9, 9, 7, 5, 9, 5, 4, 9, 7, 9, 7, 3, 9, 8, 6, 10, 8, 6]
A_27 55.32 A 27 [3, 2, 6, 3, 5, 5, 1, 2, 1, 1, 5, 1, 3, 6, 6, 6, 6, 4, 5, 4, 4, 2, 2, 6, 4, 6, 2, 6, 2, 5, 2, 5, 6, 6, 2, 4, 6, 6, 3, 5, 4, 3, 1, 2, 2, 2, 4, 1, 1, 6, 6, 6, 3, 5, 1, 2, 6, 3, 6, 1, 6, 3, 1, 2, 3, 3, 4, 6, 4, 3, 6, 1, 6, 4, 4, 1, 2, 1, 4, 4] [6, 6, 8, 5, 8, 9, 3, 6, 3, 5, 7, 3, 7, 8, 8, 8, 10, 6, 9, 6, 7, 4, 6, 8, 8, 9, 5, 10, 6, 9, 6, 7, 8, 10, 5, 7, 10, 9, 7, 7, 7, 6, 3, 6, 4, 6, 7, 5, 3, 10, 9, 8, 7, 9, 5, 5, 8, 7, 10, 3, 10, 6, 4, 4, 7, 7, 7, 10, 7, 5, 9, 5, 10, 7, 7, 4, 4, 5, 8, 6]
A_28 56.32 A 28 [2, 4, 2, 1, 3, 6, 2, 3, 1, 5, 6, 1, 2, 4, 5, 3, 6, 2, 1, 4, 2, 2, 6, 1, 5, 5, 5, 2, 5, 1, 2, 2, 5, 4, 6, 3, 2, 4, 1, 2, 2, 4, 4, 3, 1, 6, 2, 3, 5, 5, 5, 3, 5, 1, 4, 6, 4, 6, 5, 3, 2, 4, 3, 1, 4, 2, 2, 3, 5, 3, 5, 6, 4, 6, 2, 6, 2, 2, 6, 2] [6, 8, 4, 5, 7, 8, 5, 6, 4, 7, 9, 3, 6, 7, 9, 7, 9, 5, 3, 7, 5, 6, 8, 4, 7, 7, 7, 6, 7, 4, 6, 4, 8, 6, 10, 5, 4, 6, 5, 6, 5, 6, 6, 5, 5, 9, 5, 7, 7, 7, 8, 6, 7, 4, 7, 8, 7, 8, 7, 6, 4, 6, 5, 3, 7, 5, 5, 5, 8, 7, 7, 10, 6, 9, 4, 9, 4, 5, 10, 4]
A_29 58.02 A 29 [5, 6, 1, 4, 2, 2, 6, 3, 3, 5, 5, 2, 1, 3, 4, 2, 1, 4, 6, 4, 4, 1, 6, 6, 1, 1, 6, 5, 1, 3, 3, 5, 6, 4, 1, 5, 3, 6, 6, 4, 6, 1, 6, 3, 1, 4, 6, 1, 2, 1, 6, 6, 3, 2, 5, 1, 4, 1, 3, 6, 4, 6, 2, 1, 5, 1, 6, 2, 4, 2, 1, 3, 4, 3, 5, 4, 2, 3, 4, 4] [8, 8, 4, 7, 6, 4, 10, 6, 7, 7, 9, 4, 3, 5, 6, 4, 4, 7, 10, 6, 6, 5, 10, 10, 5, 4, 10, 9, 4, 5, 5, 9, 10, 7, 3, 7, 5, 10, 8, 8, 8, 4, 10, 5, 3, 7, 8, 3, 6, 5, 10, 9, 7, 5, 7, 4, 8, 3, 7, 8, 7, 10, 4, 3, 8, 3, 10, 5, 8, 5, 4, 6, 7, 7, 8, 8, 6, 5, 7, 8]
A_30 59.02 A 30 [2, 3, 2, 4, 4, 5, 1, 4, 1, 5, 2, 1, 4, 5, 4, 2, 4, 5, 1, 1, 6, 2, 1, 2, 2, 5, 1, 2, 2, 3, 5, 2, 3, 2, 2, 5, 4, 5, 2, 4, 5, 3, 2, 6, 6, 1, 6, 6, 4, 1, 3, 3, 1, 5, 3, 2, 2, 5, 1, 2, 1, 1, 3, 4, 6, 6, 1, 3, 1, 5, 5, 3, 5, 1, 1, 6, 2, 1, 3, 4] [6, 5, 6, 6, 8, 9, 5, 8, 3, 8, 5, 4, 8, 7, 8, 5, 8, 9, 4, 3, 8, 5, 4, 6, 4, 7, 5, 6, 6, 5, 9, 4, 7, 4, 4, 7, 6, 7, 4, 7, 9, 5, 6, 8, 9, 4, 10, 8, 6, 4, 5, 5, 3, 9, 5, 5, 5, 7, 5, 5, 3, 3, 7, 8, 8, 10, 5, 6, 5, 7, 7, 5, 7, 4, 3, 8, 4, 4, 5, 6]
A_31 61.010000000000005 A 31 [3, 5, 2, 1, 6, 3, 6, 4, 2, 2, 1, 6, 6, 5, 5, 4, 4, 3, 6, 3, 1, 4, 3, 4, 1, 1, 3, 5, 2, 5, 2, 5, 3, 1, 1, 5, 3, 1, 6, 1, 5, 1, 1, 5, 1, 1, 1, 2, 4, 3, 5, 1, 2, 1, 1, 1, 1, 1, 3, 2, 5, 6, 2, 5, 6, 6, 1, 2, 1, 6, 1, 4, 6, 6, 4, 2, 1, 5, 1, 1] [5, 8, 5, 4, 9, 6, 8, 6, 5, 5, 3, 10, 9, 8, 7, 6, 6, 6, 10, 6, 4, 8, 5, 6, 3, 4, 6, 7, 4, 9, 4, 8, 7, 3, 3, 7, 7, 4, 9, 5, 7, 5, 4, 8, 3, 4, 4, 4, 7, 7, 7, 4, 5, 3, 5, 4, 5, 5, 6, 4, 8, 9, 4, 8, 10, 9, 3, 6, 4, 10, 4, 6, 9, 9, 7, 6, 5, 8, 5, 4]
A_32 63.96000000000001 A 32 [6, 1, 5, 1, 6, 2, 4, 5, 4, 5, 4, 6, 1, 1, 2, 3, 2, 6, 5, 2, 6, 5, 6, 3, 2, 5, 6, 6, 5, 6, 3, 3, 4, 4, 3, 5, 3, 3, 1, 2, 6, 6, 1, 6, 1, 2, 1, 4, 3, 1, 3, 2, 2, 2, 3, 4, 5, 3, 3, 6, 5, 1, 6, 1, 4, 4, 3, 3, 2, 5, 6, 5, 4, 5, 5, 6, 3, 6, 1, 6] [10, 5, 7, 3, 9, 4, 8, 8, 6, 9, 6, 8, 3, 4, 4, 6, 4, 9, 8, 4, 10, 7, 9, 7, 6, 9, 8, 8, 8, 10, 7, 7, 7, 7, 7, 7, 5, 6, 5, 6, 9, 10, 4, 8, 4, 5, 3, 7, 5, 5, 7, 5, 5, 4, 6, 7, 7, 6, 6, 8, 9, 5, 10, 4, 8, 6, 5, 6, 4, 8, 8, 8, 8, 8, 8, 9, 7, 10, 3, 9]
A_33 64.96000000000001 A 33 [6, 4, 2, 5, 1, 4, 5, 2, 5, 6, 4, 5, 3, 4, 1, 1, 3, 1, 4, 4, 3, 2, 6, 2, 6, 4, 2, 6, 4, 4, 2, 1, 4, 5, 5, 3, 2, 1, 2, 6, 2, 3, 2, 2, 4, 4, 2, 5, 3, 3, 2, 3, 6, 3, 3, 1, 4, 6, 3, 4, 1, 4, 6, 2, 5, 1, 6, 6, 3, 2, 2, 1, 5, 6, 2, 1, 6, 5, 3, 6] [10, 6, 6, 8, 3, 7, 7, 4, 8, 9, 6, 8, 6, 6, 3, 5, 6, 3, 7, 7, 7, 4, 9, 6, 8, 8, 6, 10, 6, 7, 4, 3, 7, 8, 9, 5, 5, 4, 4, 9, 4, 7, 4, 6, 6, 6, 6, 9, 5, 7, 4, 7, 10, 5, 7, 3, 6, 8, 7, 8, 3, 6, 10, 5, 9, 3, 10, 10, 6, 4, 5, 4, 9, 9, 5, 3, 10, 9, 6, 8]
A_34 65.96000000000001 A 34 [4, 4, 3, 3, 2, 6, 1, 2, 3, 3, 2, 1, 6, 2, 3, 1, 4, 4, 3, 6, 2, 6, 2, 2, 6, 1, 6, 2, 6, 1, 2, 1, 3, 5, 1, 3, 3, 5, 5, 6, 1, 2, 6, 4, 4, 6, 5, 1, 6, 6, 1, 1, 5, 2, 4, 4, 2, 3, 5, 1, 1, 5, 4, 5, 6, 1, 2, 6, 6, 2, 3, 1, 6, 6, 2, 5, 2, 6, 1, 6] [6, 8, 5, 6, 6, 9, 5, 6, 6, 6, 5, 5, 9, 4, 7, 3, 7, 7, 6, 10, 6, 9, 5, 4, 9, 5, 8, 5, 10, 3, 4, 3, 7, 9, 5, 7, 5, 9, 9, 8, 3, 6, 8, 7, 6, 8, 8, 4, 9, 10, 5, 3, 8, 5, 7, 8, 4, 5, 7, 3, 4, 7, 7, 9, 10, 4, 4, 9, 10, 4, 5, 4, 9, 10, 4, 7, 4, 9, 4, 10]
A_35 68.10000000000001 A 35 [4, 5, 4, 2, 6, 6, 2, 3, 1, 3, 6, 6, 3, 1, 6, 1, 1, 6, 6, 4, 5, 6, 4, 2, 1, 3, 3, 4, 3, 5, 5, 5, 5, 3, 3, 4, 3, 2, 1, 5, 5, 6, 1, 2, 6, 3, 3, 6, 3, 5, 4, 2, 2, 1, 3, 3, 5, 4, 1, 5, 6, 4, 2, 6, 6, 3, 3, 6, 2, 5, 4, 6, 3, 1, 5, 4, 1, 5, 1, 5] [7, 8, 6, 4, 8, 9, 6, 6, 3, 6, 8, 8, 5, 5, 8, 3, 5, 8, 8, 8, 8, 10, 7, 4, 5, 7, 5, 7, 5, 7, 7, 7, 7, 5, 7, 8, 7, 5, 4, 7, 8, 10, 4, 4, 8, 6, 6, 8, 6, 9, 7, 5, 4, 4, 7, 5, 9, 7, 4, 9, 10, 7, 4, 10, 9, 7, 6, 9, 4, 8, 6, 8, 5, 3, 8, 8, 5, 9, 5, 7]
A_36 69.10000000000001 A 36 [5, 3, 6, 1, 1, 1, 3, 3, 6, 4, 2, 1, 4, 2, 6, 6, 3, 5, 3, 2, 4, 1, 6, 2, 5, 5, 2, 6, 2, 3, 4, 3, 3, 2, 3, 3, 3, 2, 6, 6, 5, 2, 1, 1, 4, 1, 6, 1, 4, 3, 1, 2, 2, 2, 3, 5, 4, 4, 1, 5, 5, 1, 3, 6, 6, 4, 3, 5, 1, 2, 4, 6, 5, 5, 1, 6, 4, 5, 4, 6] [9, 7, 10, 4, 3, 5, 7, 5, 9, 6, 5, 3, 6, 6, 8, 9, 6, 8, 7, 6, 6, 3, 8, 5, 9, 9, 6, 10, 4, 5, 6, 7, 5, 5, 5, 7, 6, 5, 9, 8, 7, 4, 5, 3, 6, 3, 9, 5, 7, 5, 5, 4, 6, 5, 5, 9, 7, 7, 3, 7, 9, 3, 7, 8, 10, 6, 5, 9, 4, 6, 8, 8, 8, 8, 4, 8, 7, 9, 8, 8]
A_37 70.43 A 37 [1, 5, 5, 3, 6, 2, 4, 2, 5, 6, 6, 1, 3, 5, 4, 5, 5, 1, 3, 2, 5, 4, 6, 2, 1, 6, 1, 6, 4, 6, 5, 1, 3, 1, 5, 2, 2, 4, 3, 6, 5, 5, 4, 6, 2, 6, 3, 4, 6, 2, 5, 5, 6, 2, 2, 4, 1, 5, 3, 2, 4, 3, 2, 2, 4, 5, 5, 6, 1, 2, 5, 1, 6, 3, 2, 4, 1, 6, 5, 2] [4, 8, 8, 5, 8, 4, 6, 5, 9, 8, 9, 5, 7, 7, 8, 7, 9, 5, 7, 6, 9, 8, 10, 5, 3, 9, 3, 9, 6, 10, 7, 4, 6, 4, 9, 5, 5, 6, 6, 10, 7, 8, 6, 10, 5, 9, 5, 6, 9, 4, 8, 9, 8, 6, 4, 6, 3, 7, 7, 4, 8, 5, 6, 5, 7, 7, 8, 9, 5, 5, 9, 4, 9, 6, 5, 7, 3, 8, 8, 6]
A_38 71.43 A 38 [5, 3, 4, 3, 4, 4, 1, 2, 3, 5, 6, 3, 1, 2, 4, 2, 1, 2, 4, 1, 5, 5, 4, 2, 1, 4, 3, 3, 1, 6, 2, 6, 1, 2, 5, 1, 6, 3, 6, 1, 5, 4, 6, 6, 6, 6, 6, 2, 3, 6, 4, 3, 1, 1, 5, 1, 3, 3, 4, 1, 2, 4, 3, 2, 4, 2, 1, 1, 2, 2, 5, 1, 4, 2, 4, 6, 3, 1, 2, 4] [7, 6, 8, 6, 6, 8, 3, 5, 5, 7, 10, 7, 3, 5, 7, 6, 3, 4, 7, 5, 9, 8, 6, 6, 3, 7, 7, 7, 5, 8, 4, 9, 5, 4, 9, 4, 9, 6, 8, 4, 9, 6, 9, 8, 8, 8, 8, 5, 7, 9, 7, 7, 3, 3, 7, 5, 6, 6, 7, 4, 5, 7, 7, 5, 7, 5, 4, 4, 6, 5, 7, 5, 6, 4, 7, 8, 6, 4, 6, 6]
A_39 73.17 A 39 [3, 5, 6, 2, 5, 1, 4, 2, 4, 6, 1, 2, 3, 5, 5, 6, 4, 6, 6, 6, 1, 1, 4, 4, 6, 2, 1, 5, 2, 4, 4, 1, 2, 6, 6, 5, 6, 6, 1, 5, 3, 1, 1, 4, 4, 3, 6, 1, 2, 3, 1, 3, 5, 1, 1, 3, 2, 6, 2, 3, 3, 1, 3, 5, 2, 4, 5, 5, 1, 6, 4, 3, 4, 5, 2, 4, 4, 4, 6, 5] [6, 8, 8, 4, 8, 5, 7, 6, 7, 9, 5, 5, 6, 7, 9, 9, 8, 8, 10, 9, 4, 3, 8, 8, 9, 6, 4, 7, 6, 8, 7, 5, 6, 9, 8, 7, 8, 10, 4, 9, 5, 4, 3, 6, 8, 5, 10, 4, 5, 5, 5, 7, 7, 3, 5, 7, 5, 9, 4, 6, 6, 4, 5, 8, 5, 8, 8, 8, 4, 10, 7, 7, 6, 7, 4, 7, 8, 8, 8, 7]
B_0 1.04 B 40 [1, 3, 3, 5, 3, 1, 2, 6, 2, 5, 2, 1, 5, 1, 2, 4, 5, 1, 4, 6, 4, 2, 1, 5, 1, 3, 1, 4, 2, 6, 5, 5, 6, 2, 1, 5, 5, 5, 5, 3, 3, 3, 4, 3, 5, 4, 2, 5, 1, 5, 4, 3, 5, 6, 1, 2, 2, 1, 4, 3, 2, 2, 1, 2, 1, 4, 3, 2, 3, 2, 4, 3, 5, 2, 5, 5, 4, 6, 2, 6] [3, 5, 7, 9, 5, 4, 4, 8, 6, 9, 4, 4, 8, 3, 4, 7, 8, 4, 7, 8, 7, 6, 3, 8, 5, 6, 5, 7, 5, 8, 9, 7, 9, 4, 3, 8, 7, 7, 9, 5, 5, 5, 8, 6, 9, 8, 6, 8, 3, 9, 7, 6, 9, 9, 5, 5, 4, 3, 6, 5, 4, 5, 3, 5, 3, 6, 7, 6, 6, 4, 8, 5, 7, 6, 9, 9, 8, 10, 6, 9]
B_1 2.2 B 41 [5, 5, 4, 5, 4, 4, 3, 3, 3, 1, 5, 5, 1, 4, 2, 1, 6, 5, 6, 2, 3, 5, 3, 4, 3, 2, 4, 3, 4, 1, 3, 1, 6, 3, 2, 6, 2, 5, 4, 1, 3, 4, 6, 6, 3, 3, 4, 6, 3, 6, 1, 6, 6, 6, 1, 4, 2, 4, 1, 4, 5, 4, 6, 1, 4, 1, 1, 5, 4, 5, 2, 4, 2, 1, 6, 1, 6, 4, 5, 1] [8, 7, 8, 9, 7, 7, 7, 5, 6, 4, 9, 8, 4, 6, 4, 5, 8, 8, 10, 5, 5, 7, 5, 6, 5, 6, 8, 6, 6, 4, 5, 5, 10, 7, 6, 10, 4, 8, 6, 4, 5, 7, 9, 8, 5, 7, 7, 10, 6, 8, 3, 10, 8, 8, 3, 8, 5, 6, 3, 7, 7, 6, 9, 5, 8, 5, 5, 8, 8, 9, 4, 7, 6, 3, 10, 4, 8, 7, 7, 4]
B_2 3.3100000000000005 B 42 [4, 2, 5, 2, 6, 5, 1, 4, 6, 1, 2, 1, 2, 3, 6, 4, 4, 1, 2, 4, 6, 6, 2, 5, 1, 5, 2, 1, 4, 6, 2, 1, 1, 2, 6, 1, 1, 4, 6, 1, 4, 6, 6, 1, 1, 6, 3, 5, 5, 5, 2, 3, 4, 1, 3, 2, 4, 3, 3, 5, 4, 1, 2, 6, 5, 5, 3, 1, 2, 1, 4, 1, 2, 5, 1, 2, 3, 1, 2, 4] [7, 4, 8, 5, 9, 7, 5, 7, 8, 4, 5, 4, 4, 7, 9, 7, 6, 4, 4, 6, 9, 9, 6, 8, 3, 7, 4, 3, 6, 10, 6, 4, 4, 4, 8, 4, 5, 6, 9, 3, 8, 9, 9, 3, 5, 10, 5, 9, 7, 9, 4, 7, 6, 4, 5, 5, 8, 7, 7, 7, 8, 3, 4, 8, 9, 8, 7, 5, 6, 4, 7, 4, 4, 8, 3, 6, 5, 4, 4, 7]
B_3 7.880000000000001 B 43 [6, 4, 3, 4, 5, 4, 4, 5, 1, 6, 1, 4, 6, 4, 2, 6, 5, 2, 2, 2, 3, 1, 4, 1, 1, 5, 3, 2, 3, 3, 6, 5, 6, 2, 4, 2, 1, 6, 6, 4, 3, 6, 1, 6, 1, 2, 2, 1, 3, 1, 6, 3, 2, 6, 3, 2, 5, 6, 1, 2, 5, 3, 4, 5, 5, 1, 3, 3, 4, 1, 2, 4, 4, 3, 4, 1, 5, 5, 1, 5] [9, 8, 6, 7, 7, 6, 7, 9, 5, 10, 5, 6, 9, 6, 6, 9, 9, 4, 6, 4, 6, 3, 8, 4, 4, 8, 5, 6, 5, 5, 8, 8, 8, 6, 7, 4, 3, 10, 8, 6, 6, 8, 3, 10, 3, 4, 5, 3, 6, 5, 10, 6, 5, 10, 7, 4, 9, 10, 3, 6, 9, 7, 7, 9, 8, 3, 7, 5, 7, 3, 4, 6, 8, 6, 6, 5, 7, 9, 3, 8]
B_4 8.88 B 44 [6, 2, 4, 6, 2, 4, 4, 3, 4, 2, 4, 4, 3, 6, 3, 2, 1, 6, 1, 3, 6, 2, 5, 6, 3, 3, 5, 2, 1, 1, 6, 1, 1, 4, 4, 6, 4, 2, 6, 4, 5, 3, 1, 1, 6, 3, 3, 5, 6, 5, 5, 4, 6, 2, 2, 3, 2, 2, 6, 3, 5, 6, 6, 2, 6, 5, 6, 4, 5, 6, 3, 4, 2, 3, 5, 2, 6, 3, 3, 1] [10, 6, 6, 9, 5, 8, 7, 7, 7, 4, 6, 8, 6, 9, 5, 6, 4, 10, 5, 6, 8, 4, 8, 9, 6, 5, 8, 4, 5, 3, 9, 3, 4, 6, 6, 8, 6, 5, 8, 8, 9, 5, 5, 3, 8, 5, 5, 7, 8, 8, 9, 6, 9, 4, 6, 6, 4, 4, 8, 5, 8, 9, 8, 6, 8, 9, 9, 8, 7, 8, 6, 6, 6, 5, 9, 6, 10, 5, 5, 4]
B_5 9.88 B 45 [5, 6, 3, 4, 3, 5, 6, 6, 6, 6, 1, 4, 2, 6, 6, 4, 5, 5, 3, 1, 3, 4, 1, 4, 5, 2, 2, 2, 6, 4, 1, 1, 2, 4, 6, 3, 1, 6, 6, 3, 4, 3, 6, 2, 3, 3, 4, 4, 5, 5, 1, 6, 5, 5, 5, 4, 5, 2, 1, 4, 4, 4, 5, 5, 2, 2, 4, 1, 4, 1, 4, 6, 2, 2, 2, 3, 3, 4, 2, 1] [7, 8, 6, 6, 6, 9, 10, 9, 9, 8, 4, 6, 4, 9, 8, 8, 8, 7, 6, 5, 7, 6, 4, 8, 8, 5, 5, 6, 9, 7, 4, 4, 5, 6, 8, 6, 3, 9, 8, 5, 8, 7, 10, 4, 5, 7, 7, 7, 7, 7, 5, 9, 8, 7, 9, 8, 7, 4, 4, 8, 6, 8, 8, 9, 5, 5, 7, 5, 7, 5, 7, 10, 5, 6, 4, 5, 7, 7, 4, 4]
B_6 10.99 B 46 [1, 5, 2, 2, 3, 5, 2, 3, 5, 4, 2, 1, 4, 6, 1, 6, 1, 4, 1, 6, 2, 1, 2, 1, 5, 1, 5, 4, 2, 6, 6, 1, 1, 2, 5, 3, 6, 3, 6, 6, 2, 4, 3, 2, 3, 4, 2, 4, 5, 6, 3, 6, 2, 5, 5, 6, 1, 6, 5, 5, 3, 5, 5, 6, 1, 5, 6, 1, 4, 4, 4, 1, 5, 5, 4, 5, 1, 1, 5, 3] [3, 8, 4, 6, 6, 7, 6, 7, 9, 8, 5, 3, 8, 10, 5, 9, 4, 7, 3, 8, 5, 5, 5, 3, 9, 4, 9, 7, 5, 8, 10, 4, 3, 6, 8, 6, 9, 5, 8, 10, 6, 7, 5, 5, 5, 7, 5, 8, 7, 10, 6, 8, 4, 9, 7, 10, 4, 10, 9, 8, 6, 8, 8, 9, 5, 9, 10, 5, 6, 8, 6, 4, 9, 8, 8, 7, 5, 3, 7, 7]
B_7 11.99 B 47 [4, 5, 4, 2, 6, 1, 2, 5, 2, 4, 4, 3, 1, 1, 3, 4, 4, 3, 6, 4, 3, 4, 6, 2, 3, 6, 3, 1, 3, 1, 6, 2, 4, 5, 1, 6, 1, 4, 2, 1, 5, 6, 5, 1, 5, 4, 4, 4, 4, 6, 3, 3, 3, 3, 5, 2, 1, 4, 4, 5, 3, 1, 5, 2, 3, 5, 2, 2, 6, 1, 5, 3, 4, 1, 2, 4, 5, 5, 6, 4] [6, 9, 7, 6, 10, 3, 4, 9, 5, 7, 7, 7, 4, 5, 6, 7, 8, 5, 10, 6, 5, 6, 9, 4, 6, 10, 6, 5, 7, 3, 8, 4, 7, 9, 4, 8, 5, 6, 5, 4, 8, 10, 9, 3, 7, 7, 8, 6, 7, 8, 7, 5, 6, 6, 8, 4, 5, 7, 6, 7, 6, 4, 9, 4, 5, 7, 6, 6, 9, 4, 8, 6, 8, 4, 4, 6, 8, 8, 10, 7]
B_8 12.99 B 48 [1, 3, 1, 4, 4, 3, 3, 4, 6, 5, 5, 4, 2, 3, 4, 4, 2, 3, 1, 6, 2, 4, 4, 2, 6, 4, 5, 1, 5, 2, 4, 4, 3, 3, 6, 3, 4, 6, 3, 2, 1, 3, 5, 3, 6, 5, 5, 4, 3, 1, 4, 3, 6, 3, 3, 6, 1, 3, 2, 1, 4, 3, 1, 2, 3, 2, 3, 3, 4, 2, 3, 2, 4, 6, 4, 4, 5, 1, 1, 5] [4, 5, 4, 8, 8, 5, 6, 7, 10, 9, 8, 7, 5, 5, 8, 8, 6, 5, 5, 10, 5, 7, 8, 6, 10, 6, 7, 3, 7, 6, 6, 7, 5, 5, 9, 6, 7, 9, 7, 5, 3, 6, 7, 6, 8, 7, 7, 7, 5, 3, 6, 5, 8, 7, 7, 10, 4, 7, 6, 5, 7, 6, 3, 6, 6, 6, 5, 7, 8, 6, 7, 4, 8, 8, 8, 7, 8, 5, 3, 8]
B_9 15.120000000000001 B 49 [2, 6, 6, 5, 3, 3, 4, 5, 4, 3, 5, 2, 4, 4, 5, 5, 6, 3, 1, 6, 2, 1, 4, 4, 4, 3, 3, 6, 5, 1, 1, 3, 1, 3, 6, 5, 3, 2, 6, 3, 5, 6, 5, 1, 5, 5, 6, 6, 1, 6, 4, 6, 1, 1, 4, 6, 6, 6, 5, 5, 4, 5, 6, 2, 1, 1, 4, 6, 1, 2, 1, 4, 4, 5, 2, 1, 6, 6, 1, 4] [5, 8, 8, 9, 5, 7, 7, 7, 7, 6, 9, 6, 7, 7, 7, 8, 10, 5, 4, 10, 6, 4, 7, 7, 8, 6, 5, 10, 7, 5, 4, 7, 5, 7, 10, 9, 5, 4, 9, 5, 9, 8, 9, 5, 8, 7, 10, 8, 3, 8, 6, 8, 5, 3, 8, 8, 8, 8, 8, 9, 7, 7, 8, 4, 5, 5, 7, 8, 5, 4, 3, 8, 7, 8, 6, 5, 8, 10, 3, 8]
B_10 18.17 B 50 [6, 5, 6, 1, 3, 6, 4, 6, 1, 6, 2, 5, 4, 5, 4, 3, 5, 4, 4, 4, 1, 5, 2, 2, 4, 3, 1, 6, 5, 6, 3, 5, 3, 2, 1, 4, 1, 5, 4, 1, 4, 1, 2, 6, 5, 1, 3, 3, 4, 4, 5, 1, 4, 1, 1, 2, 1, 4, 5, 1, 4, 3, 3, 6, 2, 3, 4, 1, 5, 3, 4, 2, 3, 4, 1, 1, 4, 2, 3, 6] [8, 7, 10, 3, 5, 10, 8, 9, 5, 10, 5, 8, 7, 9, 6, 6, 8, 8, 8, 7, 4, 8, 4, 4, 6, 6, 3, 9, 8, 10, 5, 7, 7, 4, 5, 7, 5, 8, 7, 5, 7, 3, 4, 10, 9, 5, 6, 7, 6, 6, 8, 3, 8, 5, 3, 4, 4, 8, 7, 3, 8, 7, 6, 9, 6, 5, 6, 3, 7, 6, 8, 4, 6, 6, 3, 4, 7, 4, 7, 10]
B_11 19.17 B 51 [6, 3, 1, 4, 1, 2, 2, 4, 6, 5, 1, 3, 5, 1, 2, 5, 4, 2, 2, 1, 2, 2, 5, 2, 4, 6, 6, 6, 3, 6, 3, 1, 2, 3, 1, 2, 2, 5, 3, 3, 3, 6, 3, 3, 4, 6, 6, 3, 3, 6, 1, 4, 4, 3, 6, 3, 6, 3, 6, 1, 1, 1, 2, 1, 2, 3, 4, 1, 4, 3, 2, 1, 6, 1, 5, 4, 5, 4, 4, 5] [8, 6, 4, 8, 3, 6, 5, 6, 10, 8, 5, 7, 9, 5, 6, 8, 7, 6, 4, 4, 6, 5, 9, 4, 7, 10, 9, 8, 6, 9, 5, 4, 5, 7, 3, 5, 4, 9, 7, 7, 6, 10, 7, 6, 6, 9, 8, 5, 5, 8, 3, 7, 6, 6, 10, 7, 8, 7, 8, 4, 4, 5, 5, 5, 5, 5, 8, 5, 8, 6, 6, 4, 10, 5, 9, 7, 9, 8, 8, 7]
B_12 20.17 B 52 [6, 1, 4, 2, 3, 2, 2, 2, 5, 3, 2, 6, 4, 1, 3, 4, 2, 2, 5, 6, 4, 1, 1, 3, 2, 4, 3, 3, 5, 3, 1, 2, 2, 6, 5, 2, 2, 6, 1, 5, 5, 6, 4, 2, 6, 5, 2, 3, 6, 1, 4, 4, 5, 5, 1, 4, 2, 2, 3, 1, 3, 4, 3, 1, 2, 6, 3, 3, 3, 5, 1, 3, 5, 3, 4, 4, 1, 6, 5, 1] [9, 5, 6, 5, 6, 4, 4, 4, 7, 6, 6, 8, 6, 4, 7, 7, 5, 5, 9, 9, 7, 3, 3, 5, 6, 7, 5, 7, 7, 7, 3, 5, 5, 10, 8, 4, 6, 8, 3, 7, 9, 8, 6, 5, 9, 8, 4, 6, 8, 5, 8, 6, 7, 7, 5, 7, 6, 4, 5, 3, 5, 8, 7, 4, 4, 9, 6, 7, 5, 8, 3, 6, 8, 6, 7, 7, 5, 9, 8, 4]
B_13 21.17 B 53 [3, 2, 4, 1, 5, 4, 5, 2, 2, 2, 4, 1, 4, 6, 1, 1, 6, 6, 1, 5, 4, 1, 4, 6, 4, 1, 3, 5, 1, 2, 5, 1, 2, 3, 2, 1, 2, 2, 1, 1, 6, 6, 1, 6, 2, 5, 5, 3, 3, 1, 1, 3, 5, 5, 6, 6, 6, 1, 2, 6, 6, 3, 1, 6, 3, 6, 5, 2, 6, 1, 6, 2, 1, 2, 4, 4, 3, 2, 5, 2] [6, 4, 7, 3, 8, 8, 8, 4, 6, 4, 7, 3, 7, 8, 5, 3, 9, 8, 5, 9, 8, 5, 8, 8, 6, 4, 5, 9, 4, 5, 9, 3, 4, 5, 5, 4, 5, 6, 3, 3, 9, 8, 4, 10, 4, 7, 9, 6, 7, 3, 5, 6, 7, 9, 9, 8, 10, 5, 5, 10, 9, 6, 3, 9, 5, 10, 8, 5, 9, 5, 9, 4, 4, 6, 6, 8, 7, 4, 7, 4]
B_14 24.540000000000003 B 54 [2, 5, 2, 1, 2, 4, 6, 6, 2, 2, 5, 1, 5, 3, 6, 2, 6, 5, 6, 6, 4, 1, 6, 2, 3, 1, 3, 1, 4, 5, 3, 1, 3, 3, 4, 3, 3, 2, 5, 1, 1, 1, 3, 3, 2, 5, 5, 5, 3, 4, 1, 6, 1, 6, 5, 5, 1, 1, 2, 6, 5, 6, 1, 1, 2, 5, 1, 6, 6, 5, 6, 1, 6, 1, 4, 5, 5, 2, 6, 2] [6, 8, 5, 5, 4, 6, 10, 10, 4, 5, 9, 5, 9, 5, 10, 6, 8, 7, 10, 10, 6, 5, 10, 4, 7, 4, 7, 5, 7, 7, 5, 5, 6, 7, 7, 7, 5, 4, 7, 5, 5, 3, 5, 7, 6, 9, 7, 8, 7, 8, 3, 10, 5, 9, 8, 8, 5, 5, 5, 9, 8, 10, 4, 4, 6, 7, 3, 8, 9, 8, 10, 5, 9, 3, 6, 9, 9, 6, 10, 6]
B_15 25.540000000000003 B 55 [2, 1, 6, 2, 2, 2, 4, 4, 5, 2, 1, 3, 4, 1, 6, 2, 1, 1, 2, 3, 2, 3, 6, 6, 6, 5, 3, 2, 6, 1, 2, 1, 4, 1, 4, 3, 5, 4, 1, 3, 2, 4, 2, 2, 3, 4, 6, 2, 6, 6, 2, 3, 4, 6, 5, 3, 5, 2, 1, 2, 4, 1, 6, 3, 5, 5, 5, 5, 1, 5, 2, 6, 4, 5, 5, 3, 2, 1, 2, 2] [6, 5, 9, 4, 5, 5, 7, 6, 9, 6, 3, 6, 8, 3, 10, 6, 4, 3, 6, 7, 6, 5, 9, 8, 8, 8, 7, 5, 8, 4, 5, 4, 7, 3, 8, 5, 9, 6, 5, 7, 5, 8, 5, 4, 6, 8, 10, 4, 10, 8, 4, 7, 7, 8, 8, 5, 7, 4, 5, 5, 7, 5, 9, 7, 9, 9, 9, 9, 4, 8, 6, 8, 8, 7, 8, 5, 4, 5, 6, 6]
B_16 33.660000000000004 B 56 [3, 6, 1, 4, 5, 3, 1, 1, 5, 6, 4, 2, 1, 6, 3, 4, 2, 3, 3, 2, 5, 2, 6, 3, 3, 1, 1, 6, 4, 4, 2, 1, 5, 4, 2, 5, 4, 1, 3, 2, 2, 2, 4, 5, 2, 5, 1, 1, 1, 6, 1, 6, 2, 6, 1, 5, 6, 5, 6, 5, 6, 1, 4, 4, 3, 3, 2, 1, 6, 2, 3, 3, 4, 3, 3, 2, 1, 6, 1, 5] [5, 10, 4, 7, 9, 5, 5, 5, 9, 10, 6, 5, 3, 8, 5, 6, 4, 5, 6, 4, 9, 5, 9, 6, 7, 5, 3, 8, 7, 8, 5, 5, 7, 6, 4, 9, 7, 3, 6, 5, 4, 5, 8, 9, 4, 7, 4, 5, 4, 8, 4, 8, 6, 10, 5, 7, 8, 7, 10, 7, 10, 4, 7, 8, 7, 5, 5, 4, 10, 4, 5, 5, 8, 6, 5, 4, 5, 8, 5, 7]
B_17 34.660000000000004 B 57 [3, 6, 3, 4, 5, 5, 1, 2, 2, 2, 4, 5, 4, 6, 6, 6, 4, 5, 1, 3, 6, 6, 4, 1, 2, 1, 2, 3, 6, 1, 5, 1, 3, 6, 3, 4, 4, 5, 3, 6, 1, 4, 3, 6, 2, 2, 6, 4, 3, 6, 4, 3, 2, 1, 1, 2, 5, 3, 4, 1, 5, 2, 6, 2, 6, 4, 6, 4, 4, 6, 5, 1, 1, 2, 6, 3, 2, 4, 1, 6] [6, 10, 7, 6, 8, 9, 4, 5, 5, 4, 7, 7, 7, 10, 9, 10, 8, 7, 5, 6, 10, 9, 7, 3, 6, 3, 5, 7, 8, 3, 7, 5, 6, 8, 5, 7, 7, 7, 6, 9, 3, 6, 7, 10, 4, 4, 10, 7, 7, 8, 8, 7, 4, 5, 5, 4, 7, 5, 8, 3, 7, 4, 8, 5, 10, 7, 10, 8, 6, 10, 9, 4, 3, 4, 8, 6, 5, 6, 4, 9]
B_18 36.39 B 58 [3, 5, 2, 6, 4, 6, 1, 5, 4, 5, 1, 5, 2, 6, 6, 5, 1, 4, 4, 4, 2, 3, 2, 6, 5, 1, 1, 6, 5, 3, 1, 3, 3, 3, 5, 1, 1, 3, 4, 2, 4, 1, 3, 1, 6, 1, 5, 4, 2, 5, 5, 6, 3, 2, 2, 1, 6, 4, 5, 5, 1, 4, 2, 4, 5, 2, 6, 2, 3, 5, 2, 1, 3, 5, 2, 3, 3, 5, 4, 1] [6, 9, 5, 9, 8, 10, 4, 7, 7, 7, 5, 7, 5, 8, 9, 9, 5, 6, 6, 8, 6, 7, 6, 9, 8, 5, 5, 10, 7, 7, 5, 6, 6, 7, 7, 4, 3, 7, 7, 4, 6, 3, 7, 3, 8, 4, 9, 6, 6, 8, 7, 8, 5, 5, 5, 5, 10, 8, 9, 7, 4, 7, 6, 8, 8, 5, 9, 6, 6, 7, 5, 5, 5, 8, 4, 7, 6, 8, 7, 3]
B_19 38.87 B 59 [1, 4, 5, 3, 3, 2, 5, 2, 3, 2, 2, 2, 3, 4, 2, 3, 3, 6, 6, 2, 2, 1, 1, 4, 6, 3, 1, 1, 3, 6, 2, 2, 6, 4, 1, 5, 5, 2, 1, 3, 3, 4, 5, 2, 3, 4, 5, 5, 1, 5, 1, 1, 1, 6, 6, 2, 5, 1, 5, 1, 3, 5, 5, 1, 3, 6, 1, 6, 4, 3, 2, 4, 1, 2, 3, 1, 4, 4, 4, 2] [3, 7, 7, 6, 7, 5, 7, 6, 6, 5, 6, 4, 6, 6, 4, 7, 7, 10, 8, 6, 5, 3, 3, 7, 8, 5, 5, 3, 6, 8, 5, 4, 8, 8, 3, 9, 7, 4, 4, 6, 5, 7, 7, 6, 5, 8, 8, 7, 5, 9, 3, 4, 3, 10, 9, 5, 7, 3, 7, 4, 6, 7, 7, 4, 6, 8, 3, 8, 6, 7, 4, 7, 5, 4, 7, 4, 8, 8, 6, 5]
B_20 39.949999999999996 B 60 [2, 1, 3, 2, 2, 4, 4, 3, 6, 1, 3, 5, 6, 3, 1, 6, 3, 2, 1, 3, 5, 4, 6, 5, 5, 6, 5, 6, 2, 4, 1, 5, 5, 1, 1, 6, 5, 4, 2, 3, 2, 5, 4, 5, 5, 4, 3, 3, 4, 4, 4, 1, 3, 6, 5, 4, 6, 5, 1, 3, 6, 3, 3, 2, 5, 5, 2, 2, 5, 4, 4, 1, 5, 2, 2, 3, 4, 5, 3, 6] [4, 4, 5, 5, 4, 6, 7, 7, 8, 4, 6, 8, 10, 7, 5, 9, 6, 6, 4, 5, 8, 7, 9, 8, 8, 8, 7, 10, 4, 7, 3, 8, 9, 3, 4, 10, 9, 8, 5, 6, 4, 7, 8, 9, 8, 6, 6, 6, 7, 7, 8, 4, 5, 9, 8, 7, 10, 7, 4, 6, 8, 6, 5, 4, 7, 9, 6, 5, 9, 6, 8, 4, 9, 6, 5, 7, 7, 8, 6, 8]
B_21 41.339999999999996 B 61 [1, 3, 5, 5, 6, 1, 1, 2, 2, 4, 3, 4, 4, 3, 5, 4, 2, 2, 1, 4, 4, 1, 3, 2, 5, 2, 6, 3, 4, 6, 1, 6, 1, 4, 5, 4, 1, 3, 4, 1, 2, 4, 1, 3, 6, 4, 5, 1, 3, 5, 3, 1, 4, 3, 6, 1, 1, 2, 4, 5, 3, 6, 3, 6, 6, 4, 2, 6, 3, 6, 6, 2, 3, 6, 5, 1, 5, 6, 6, 1] [5, 7, 9, 8, 10, 5, 5, 6, 6, 7, 7, 7, 8, 5, 8, 7, 4, 6, 5, 7, 8, 3, 5, 6, 8, 6, 8, 6, 6, 10, 3, 9, 5, 6, 7, 7, 3, 5, 7, 4, 5, 6, 3, 7, 9, 8, 8, 4, 6, 7, 7, 5, 8, 6, 10, 5, 4, 4, 7, 7, 6, 8, 6, 9, 10, 7, 4, 10, 7, 10, 9, 5, 7, 9, 8, 3, 9, 10, 10, 4]
B_22 42.97 B 62 [2, 1, 6, 5, 2, 5, 3, 4, 2, 1, 6, 2, 6, 6, 6, 2, 6, 5, 5, 6, 6, 3, 6, 1, 5, 1, 6, 1, 3, 2, 3, 2, 6, 6, 4, 2, 3, 2, 3, 3, 1, 6, 2, 4, 6, 5, 5, 5, 1, 6, 3, 2, 3, 1, 1, 6, 4, 6, 2, 5, 3, 3, 6, 4, 4, 2, 6, 3, 2, 5, 2, 3, 1, 6, 4, 1, 5, 1, 4, 1] [5, 5, 10, 9, 6, 8, 6, 8, 4, 3, 9, 4, 8, 10, 9, 5, 8, 9, 9, 10, 8, 7, 8, 3, 8, 5, 9, 4, 5, 4, 7, 4, 10, 10, 7, 4, 7, 6, 7, 5, 3, 9, 4, 7, 8, 8, 8, 9, 3, 8, 6, 5, 7, 3, 4, 9, 7, 8, 6, 7, 5, 6, 10, 7, 7, 5, 9, 7, 4, 7, 6, 5, 3, 9, 8, 3, 8, 4, 8, 4]
B_23 44.19 B 63 [5, 1, 6, 1, 4, 4, 6, 6, 5, 4, 5, 2, 2, 6, 6, 5, 1, 4, 3, 3, 5, 1, 2, 4, 1, 4, 5, 2, 1, 1, 4, 5, 1, 2, 5, 6, 6, 2, 2, 5, 2, 1, 6, 5, 2, 5, 6, 2, 2, 2, 6, 1, 1, 6, 1, 3, 4, 2, 4, 1, 2, 6, 4, 1, 5, 3, 3, 3, 5, 2, 3, 1, 1, 1, 1, 2, 3, 3, 6, 2] [9, 4, 8, 4, 6, 6, 10, 10, 7, 7, 8, 4, 4, 9, 10, 8, 3, 8, 6, 5, 7, 5, 5, 8, 3, 7, 9, 4, 3, 3, 8, 8, 4, 5, 9, 10, 8, 5, 5, 8, 5, 5, 8, 9, 6, 9, 9, 4, 6, 4, 9, 5, 4, 9, 4, 7, 8, 5, 8, 4, 4, 9, 7, 5, 8, 7, 6, 6, 7, 6, 6, 5, 5, 4, 4, 6, 6, 7, 9, 6]
B_24 45.3 B 64 [4, 5, 4, 6, 5, 1, 2, 1, 6, 6, 5, 4, 5, 5, 5, 6, 3, 6, 6, 4, 1, 5, 6, 2, 5, 1, 3, 3, 4, 5, 6, 6, 4, 5, 6, 6, 6, 4, 4, 2, 1, 4, 5, 5, 6, 2, 1, 3, 3, 1, 2, 2, 2, 3, 2, 5, 3, 6, 5, 3, 5, 6, 4, 5, 6, 6, 4, 3, 4, 4, 5, 4, 1, 1, 1, 1, 2, 4, 3, 5] [8, 9, 7, 8, 7, 4, 5, 4, 10, 10, 7, 7, 9, 7, 8, 9, 6, 10, 10, 6, 4, 7, 8, 5, 7, 4, 7, 7, 7, 8, 8, 10, 8, 9, 10, 9, 10, 7, 7, 5, 3, 8, 9, 8, 8, 5, 5, 5, 6, 5, 6, 5, 4, 5, 6, 9, 7, 10, 8, 6, 7, 10, 7, 8, 10, 9, 7, 6, 8, 7, 7, 8, 5, 4, 4, 4, 6, 7, 5, 9]
B_25 47.05 B 65 [5, 5, 4, 5, 3, 3, 2, 3, 6, 5, 5, 2, 1, 3, 2, 5, 4, 5, 4, 6, 1, 4, 6, 4, 6, 4, 1, 3, 2, 1, 6, 6, 4, 1, 1, 3, 4, 5, 2, 4, 4, 1, 5, 1, 5, 2, 5, 5, 2, 1, 3, 3, 6, 6, 5, 5, 3, 4, 2, 6, 5, 4, 2, 3, 6, 1, 5, 1, 1, 4, 5, 5, 3, 3, 5, 6, 2, 3, 3, 1] [8, 8, 7, 9, 7, 7, 4, 7, 10, 8, 7, 4, 5, 6, 5, 8, 8, 7, 6, 10, 4, 8, 8, 8, 8, 6, 5, 7, 5, 3, 10, 9, 6, 3, 4, 7, 6, 7, 5, 8, 6, 5, 8, 3, 9, 5, 9, 7, 6, 5, 5, 5, 9, 10, 7, 9, 5, 7, 5, 8, 9, 7, 5, 7, 9, 5, 9, 4, 5, 8, 7, 9, 6, 5, 7, 9, 6, 7, 7, 5]
B_26 48.05 B 66 [3, 5, 5, 1, 6, 1, 5, 4, 4, 3, 4, 5, 1, 5, 5, 2, 5, 6, 4, 3, 5, 1, 2, 5, 2, 6, 6, 4, 2, 6, 1, 1, 3, 6, 2, 3, 3, 5, 1, 5, 3, 1, 3, 3, 6, 4, 6, 2, 3, 4, 4, 4, 3, 5, 1, 5, 2, 6, 6, 1, 2, 2, 6, 3, 4, 5, 3, 4, 1, 3, 1, 2, 1, 3, 6, 4, 2, 3, 2, 4] [7, 8, 8, 4, 9, 4, 8, 7, 8, 6, 8, 7, 5, 9, 8, 5, 8, 9, 8, 6, 8, 5, 4, 7, 6, 8, 9, 7, 5, 10, 5, 3, 5, 10, 4, 6, 5, 8, 4, 8, 7, 5, 7, 7, 9, 7, 10, 6, 5, 7, 6, 8, 6, 8, 3, 9, 5, 10, 9, 3, 6, 4, 9, 6, 7, 9, 7, 7, 3, 7, 5, 6, 5, 7, 9, 6, 6, 6, 5, 6]
B_27 49.05 B 67 [1, 2, 2, 4, 3, 6, 1, 2, 2, 1, 2, 1, 5, 4, 2, 1, 6, 5, 4, 2, 6, 3, 1, 5, 3, 5, 2, 6, 3, 2, 3, 2, 3, 6, 6, 6, 5, 6, 1, 5, 2, 5, 1, 3, 4, 1, 1, 2, 3, 6, 1, 1, 3, 2, 6, 5, 1, 4, 2, 6, 2, 6, 3, 3, 3, 1, 4, 5, 5, 4, 5, 3, 6, 4, 5, 2, 5, 6, 2, 1] [5, 4, 5, 7, 5, 9, 5, 4, 4, 4, 6, 5, 7, 8, 4, 3, 8, 8, 6, 6, 9, 5, 3, 8, 7, 8, 5, 10, 5, 5, 6, 6, 6, 10, 9, 9, 9, 9, 4, 8, 6, 8, 5, 5, 8, 5, 5, 6, 7, 8, 3, 5, 7, 5, 8, 9, 4, 8, 6, 8, 5, 10, 7, 6, 6, 4, 7, 9, 8, 6, 9, 7, 8, 6, 9, 6, 7, 8, 5, 3]
B_28 50.05 B 68 [5, 3, 6, 3, 2, 6, 4, 2, 1, 6, 2, 5, 1, 6, 3, 6, 5, 6, 1, 3, 3, 5, 4, 6, 1, 5, 1, 4, 5, 4, 1, 1, 2, 3, 6, 2, 1, 1, 2, 1, 3, 4, 2, 4, 5, 4, 4, 6, 4, 1, 5, 4, 3, 6, 6, 1, 6, 4, 3, 4, 5, 3, 2, 5, 4, 1, 1, 5, 2, 1, 2, 4, 6, 2, 5, 4, 4, 4, 3, 5] [8, 6, 8, 6, 4, 9, 7, 4, 4, 8, 5, 8, 3, 8, 5, 9, 8, 10, 5, 7, 5, 9, 7, 10, 3, 8, 4, 7, 8, 8, 5, 4, 4, 6, 10, 4, 4, 5, 6, 4, 6, 8, 6, 7, 7, 7, 6, 9, 8, 5, 7, 8, 5, 9, 9, 4, 10, 6, 6, 6, 9, 7, 4, 7, 8, 5, 3, 8, 4, 3, 6, 7, 8, 6, 8, 8, 7, 6, 7, 7]
B_29 51.65 B 69 [2, 5, 4, 1, 1, 5, 2, 2, 5, 3, 6, 6, 2, 5, 1, 5, 4, 5, 6, 5, 2, 4, 3, 1, 5, 3, 5, 3, 3, 2, 5, 6, 5, 2, 2, 5, 2, 2, 2, 6, 2, 5, 1, 1, 6, 1, 4, 1, 2, 2, 3, 3, 5, 1, 5, 5, 2, 6, 5, 3, 4, 6, 5, 2, 4, 4, 3, 4, 1, 2, 5, 6, 5, 6, 6, 1, 6, 4, 1, 6] [5, 7, 6, 3, 3, 9, 5, 6, 9, 6, 10, 9, 6, 8, 4, 8, 6, 8, 10, 7, 4, 7, 5, 3, 9, 5, 9, 5, 7, 5, 7, 10, 8, 4, 4, 8, 6, 5, 5, 10, 4, 9, 4, 3, 8, 5, 8, 4, 6, 4, 6, 6, 8, 5, 8, 8, 4, 10, 7, 7, 6, 10, 7, 6, 7, 8, 7, 6, 3, 5, 9, 9, 7, 10, 8, 5, 10, 8, 3, 9]
B_30 57.199999999999996 B 70 [4, 4, 3, 5, 3, 3, 4, 6, 5, 1, 2, 4, 3, 3, 3, 1, 6, 1, 6, 4, 3, 3, 3, 6, 5, 5, 5, 6, 5, 1, 5, 1, 6, 2, 3, 4, 4, 5, 5, 4, 4, 2, 4, 2, 3, 4, 4, 5, 3, 1, 4, 2, 1, 6, 6, 2, 3, 5, 2, 2, 4, 6, 2, 3, 5, 5, 1, 5, 2, 5, 1, 3, 3, 3, 5, 4, 4, 3, 3, 3] [6, 8, 6, 7, 6, 5, 6, 8, 8, 5, 6, 8, 7, 6, 7, 3, 10, 3, 9, 8, 7, 7, 5, 8, 8, 9, 7, 9, 7, 4, 7, 4, 8, 5, 5, 6, 8, 9, 7, 7, 8, 4, 7, 4, 6, 7, 6, 8, 7, 3, 8, 6, 3, 9, 10, 6, 5, 9, 5, 4, 8, 9, 6, 6, 7, 7, 5, 9, 6, 9, 5, 7, 7, 7, 7, 7, 6, 7, 6, 5]
B_31 61.769999999999996 B 71 [3, 1, 4, 4, 1, 2, 4, 6, 2, 4, 5, 1, 4, 1, 2, 5, 4, 2, 4, 6, 2, 3, 2, 6, 2, 2, 5, 1, 6, 3, 3, 4, 5, 1, 1, 6, 6, 1, 1, 3, 3, 4, 1, 4, 4, 6, 1, 3, 2, 4, 2, 1, 3, 2, 1, 6, 3, 1, 1, 4, 1, 2, 3, 1, 4, 5, 2, 3, 4, 6, 3, 3, 2, 4, 4, 2, 1, 4, 5, 5] [5, 3, 6, 8, 4, 6, 6, 8, 6, 8, 8, 5, 8, 4, 4, 7, 8, 5, 8, 9, 4, 6, 5, 9, 4, 6, 9, 5, 10, 6, 5, 6, 8, 4, 4, 8, 8, 4, 5, 7, 5, 7, 4, 6, 6, 10, 4, 6, 4, 8, 4, 4, 6, 4, 5, 8, 5, 4, 5, 7, 4, 5, 5, 5, 8, 9, 6, 7, 7, 9, 7, 7, 6, 6, 6, 5, 4, 7, 7, 8]
B_32 62.87 B 72 [6, 3, 2, 5, 4, 3, 2, 5, 4, 2, 1, 2, 5, 6, 4, 6, 4, 5, 5, 5, 3, 1, 3, 6, 4, 3, 4, 6, 4, 4, 5, 6, 4, 5, 6, 3, 5, 6, 4, 4, 5, 2, 2, 4, 2, 2, 5, 4, 4, 4, 3, 6, 5, 1, 6, 4, 4, 1, 3, 1, 5, 3, 1, 1, 1, 3, 1, 6, 6, 5, 3, 2, 3, 5, 6, 1, 6, 6, 4, 2] [8, 7, 6, 9, 7, 6, 6, 7, 7, 4, 3, 6, 9, 10, 8, 8, 6, 9, 7, 7, 6, 4, 5, 8, 7, 5, 7, 10, 6, 7, 7, 9, 8, 9, 9, 5, 8, 9, 6, 6, 7, 6, 4, 8, 6, 5, 9, 8, 8, 7, 6, 10, 8, 4, 9, 8, 8, 3, 5, 5, 9, 7, 3, 5, 5, 6, 5, 8, 8, 7, 7, 6, 5, 7, 9, 4, 9, 10, 6, 4]
B_33 71.25 B 73 [2, 3, 5, 1, 2, 2, 5, 5, 6, 5, 4, 1, 6, 3, 6, 5, 1, 5, 4, 3, 1, 5, 3, 3, 6, 2, 1, 4, 6, 3, 1, 6, 5, 6, 6, 1, 5, 3, 2, 5, 2, 1, 5, 3, 3, 2, 5, 1, 6, 5, 4, 1, 3, 2, 1, 5, 3, 2, 5, 2, 2, 6, 6, 1, 1, 3, 3, 4, 2, 6, 3, 4, 5, 2, 4, 6, 2, 5, 6, 4] [4, 5, 9, 3, 4, 4, 9, 7, 9, 7, 7, 4, 8, 7, 9, 9, 3, 8, 6, 5, 4, 9, 7, 6, 9, 4, 3, 7, 9, 7, 4, 9, 8, 9, 10, 3, 8, 6, 4, 7, 6, 3, 8, 6, 5, 6, 8, 4, 8, 8, 6, 5, 6, 6, 3, 7, 6, 4, 8, 4, 6, 9, 9, 4, 4, 5, 7, 6, 6, 10, 7, 6, 7, 5, 7, 8, 5, 7, 10, 7]
B_34 72.25 B 74 [1, 2, 5, 6, 5, 5, 2, 3, 4, 1, 4, 3, 2, 2, 4, 1, 2, 6, 5, 5, 4, 1, 3, 3, 5, 5, 6, 4, 2, 5, 1, 4, 5, 2, 2, 5, 1, 2, 4, 2, 5, 6, 1, 4, 5, 2, 4, 2, 4, 2, 1, 5, 4, 4, 4, 5, 3, 6, 2, 3, 2, 5, 4, 1, 1, 5, 6, 5, 5, 6, 5, 4, 6, 4, 4, 5, 4, 4, 6, 1] [5, 4, 7, 8, 8, 8, 5, 7, 6, 4, 7, 5, 4, 6, 8, 3, 4, 9, 8, 8, 6, 5, 6, 7, 9, 7, 9, 7, 4, 8, 3, 7, 8, 5, 4, 8, 4, 5, 7, 4, 9, 10, 3, 6, 9, 4, 8, 4, 8, 6, 3, 9, 7, 6, 6, 8, 5, 8, 4, 7, 5, 8, 8, 4, 4, 7, 9, 9, 8, 8, 7, 6, 9, 7, 7, 9, 8, 6, 8, 4]
B_35 73.25 B 75 [5, 5, 4, 1, 2, 1, 6, 4, 1, 6, 3, 5, 5, 6, 5, 5, 2, 4, 2, 4, 6, 1, 5, 5, 5, 5, 5, 1, 6, 4, 6, 2, 6, 1, 5, 4, 6, 4, 6, 4, 5, 1, 2, 1, 2, 3, 5, 4, 4, 1, 1, 4, 4, 4, 5, 3, 2, 3, 3, 1, 3, 1, 1, 2, 1, 6, 4, 2, 4, 1, 4, 2, 1, 6, 5, 6, 6, 2, 3, 6] [8, 9, 7, 4, 6, 4, 8, 7, 4, 8, 6, 7, 8, 9, 8, 7, 4, 7, 6, 8, 9, 5, 7, 8, 8, 9, 8, 4, 9, 8, 8, 6, 9, 3, 7, 8, 8, 7, 8, 7, 9, 4, 6, 5, 6, 5, 7, 6, 7, 5, 4, 7, 7, 8, 9, 5, 4, 6, 7, 4, 7, 3, 3, 6, 4, 9, 6, 6, 8, 5, 7, 5, 4, 8, 9, 8, 10, 4, 6, 8]
B_36 74.5 B 76 [4, 1, 3, 1, 6, 1, 3, 3, 6, 3, 4, 2, 4, 2, 3, 1, 6, 1, 4, 3, 1, 5, 1, 5, 3, 2, 3, 2, 2, 2, 2, 1, 3, 6, 2, 1, 4, 1, 3, 4, 4, 6, 3, 5, 6, 3, 1, 5, 5, 6, 4, 5, 1, 3, 5, 2, 1, 2, 3, 4, 4, 5, 5, 3, 2, 2, 2, 5, 4, 6, 4, 1, 6, 2, 4, 6, 6, 1, 1, 2] [7, 3, 6, 5, 8, 5, 6, 7, 8, 7, 8, 6, 7, 6, 6, 5, 10, 3, 6, 5, 5, 7, 5, 7, 7, 5, 6, 4, 4, 6, 4, 5, 7, 10, 4, 5, 7, 3, 6, 8, 8, 8, 5, 7, 10, 7, 5, 8, 8, 8, 7, 9, 5, 7, 9, 4, 5, 5, 6, 8, 7, 9, 8, 6, 6, 6, 6, 7, 7, 10, 6, 4, 9, 5, 8, 10, 10, 4, 3, 6]
B_37 75.5 B 77 [6, 5, 4, 4, 6, 5, 3, 2, 3, 2, 4, 6, 2, 6, 1, 2, 6, 5, 2, 3, 6, 5, 2, 5, 1, 6, 6, 1, 2, 3, 1, 5, 6, 5, 6, 5, 5, 6, 1, 4, 6, 4, 1, 5, 3, 4, 1, 5, 1, 6, 2, 4, 6, 2, 2, 1, 6, 4, 5, 4, 5, 6, 1, 3, 4, 3, 3, 6, 4, 4, 3, 4, 6, 5, 4, 2, 1, 5, 1, 5] [10, 9, 6, 7, 10, 9, 7, 6, 5, 6, 8, 8, 4, 8, 4, 4, 9, 7, 6, 7, 9, 8, 6, 9, 3, 8, 10, 5, 5, 5, 4, 8, 10, 9, 9, 9, 9, 8, 4, 8, 10, 7, 4, 9, 5, 7, 3, 8, 5, 10, 4, 8, 9, 4, 6, 5, 8, 6, 8, 8, 8, 10, 4, 7, 7, 7, 6, 8, 6, 8, 7, 7, 10, 7, 6, 4, 4, 7, 3, 8]
B_38 76.5 B 78 [2, 6, 5, 3, 5, 5, 1, 3, 6, 6, 4, 5, 2, 5, 4, 5, 6, 3, 6, 5, 5, 1, 2, 4, 3, 4, 5, 4, 6, 4, 3, 1, 1, 3, 1, 1, 4, 5, 2, 6, 2, 5, 2, 1, 3, 2, 5, 6, 1, 1, 3, 4, 5, 5, 6, 2, 1, 1, 4, 4, 3, 6, 4, 6, 3, 3, 2, 2, 3, 1, 3, 5, 4, 6, 6, 3, 1, 1, 1, 2] [5, 10, 7, 6, 8, 8, 5, 7, 8, 10, 7, 7, 4, 7, 8, 9, 9, 7, 10, 9, 7, 4, 5, 8, 6, 6, 8, 8, 10, 7, 5, 5, 3, 6, 4, 5, 8, 8, 6, 8, 6, 7, 4, 3, 5, 4, 7, 10, 3, 3, 7, 8, 8, 7, 10, 6, 5, 4, 7, 6, 6, 10, 8, 9, 5, 7, 5, 5, 7, 3, 6, 7, 6, 10, 8, 6, 3, 3, 3, 4]
B_39 77.5 B 79 [1, 5, 5, 2, 6, 5, 1, 2, 2, 2, 5, 2, 5, 2, 2, 5, 3, 2, 5, 3, 1, 6, 3, 5, 4, 3, 4, 4, 2, 4, 4, 1, 6, 6, 6, 5, 6, 2, 4, 5, 6, 1, 4, 5, 1, 1, 3, 4, 5, 4, 6, 5, 1, 2, 2, 2, 5, 6, 1, 2, 6, 1, 1, 2, 5, 1, 4, 1, 5, 6, 3, 5, 2, 4, 1, 6, 2, 5, 2, 6] [4, 8, 8, 6, 8, 7, 4, 5, 6, 4, 8, 4, 9, 4, 6, 7, 5, 4, 7, 7, 5, 10, 7, 7, 7, 6, 6, 6, 4, 8, 6, 4, 9, 8, 10, 7, 8, 6, 6, 7, 9, 4, 7, 8, 4, 4, 7, 7, 8, 8, 10, 7, 4, 4, 6, 6, 7, 9, 3, 5, 8, 4, 4, 6, 9, 5, 6, 3, 7, 9, 5, 8, 4, 7, 4, 8, 6, 8, 4, 9]
