0
0 B_0 82 0 0
4 A_0 86 0 1
7 B_1 93 0 2
5 A_1 98 0 3
3 B_2 101 0 4
5 A_2 106 0 5
2 A_3 108 0 6
2 A_4 110 0 7
2 A_5 112 0 8
5 B_3 117 0 9
3 B_4 120 0 10
3 A_6 123 0 11
4 B_5 127 0 12
4 A_7 131 0 13
3 B_6 134 0 14
6 A_8 140 0 15
4 B_7 144 0 16
1 B_8 145 0 17
7 A_9 152 0 18
5 B_9 157 0 19
4 B_10 161 0 20
1 B_11 162 0 21
3 B_12 165 0 22
4 A_10 169 0 23
4 A_11 173 0 24
5 B_13 178 0 25
1 B_14 179 0 26
2 B_15 181 0 27
4 B_16 185 0 28
4 B_17 189 0 29
4 A_12 193 0 30
4 B_18 197 0 31
4 A_13 201 0 32
4 A_14 205 0 33
5 B_19 210 0 34
6 A_15 216 0 35
2 A_16 218 0 36
1 A_17 219 0 37
1 A_18 220 0 38
2 A_19 222 0 39
No lane change: 222 129.24925000000002 3.695487976074219e-05
---------------------
in formation_2
pass
---------------------
in formation_3
pass
---------------------
in formation_4
pass
---------------------
in formation_5
pass
---------------------
in formation_6
pass
---------------------
in formation_7
pass
error in formulation  []
