1
0 A_0 84 0 0
6 B_0 90 1 1
1 A_1 92 0 2
4 A_2 96 0 3
3 A_3 99 0 4
3 A_4 102 0 5
6 A_5 108 0 6
6 A_6 114 0 7
4 A_7 118 0 8
4 B_1 122 1 9
1 A_8 123 0 10
4 B_2 127 1 11
2 A_9 129 0 12
6 A_10 135 0 13
2 B_3 137 1 14
2 B_4 139 1 15
6 B_5 145 1 16
3 A_11 148 0 17
5 B_6 153 1 18
2 B_7 155 1 19
6 A_12 161 0 20
6 B_8 167 1 21
1 A_13 168 0 22
4 B_9 172 1 23
2 A_14 174 0 24
6 B_10 180 1 25
3 A_15 183 0 26
5 A_16 188 0 27
2 A_17 190 0 28
5 B_11 195 1 29
3 A_18 198 0 30
4 A_19 202 0 31
3 B_12 205 0 32
2 B_13 207 0 33
6 B_14 213 0 34
3 B_15 216 0 35
5 B_16 221 0 36
3 B_17 224 0 37
5 B_18 229 0 38
4 B_19 233 0 39
greedy: 233
---------------------
in formation_2
pass
---------------------
in formation_3
pass
---------------------
in formation_4
pass
---------------------
in formation_5
pass
---------------------
in formation_6
pass
---------------------
in formation_7
pass
error in formulation  []
