2
[0, 0, 3, 3, 0, 0, 2, 2, 2, 1, 2, 1, 2, 2, 1, 1, 2, 1, 1, 2, 2, 1, 1, 2, 2, 2, 1, 1, 2, 2, 1, 3, 0, 3, 0, 0, 3, 3, 0, 0]
0 A_0 84 0 0
5 A_1 89 0 1
1 B_0 91 1 2
4 B_1 96 1 3
3 A_2 100 0 4
3 A_3 103 0 5
8 B_2 111 0 6
1 B_3 112 0 7
2 B_4 114 0 8
3 A_4 117 1 9
2 B_5 119 0 10
3 A_5 122 1 11
3 B_6 125 0 12
2 B_7 127 0 13
4 A_6 131 1 14
4 A_7 135 1 15
1 B_8 136 0 16
4 A_8 140 1 17
4 A_9 144 1 18
2 B_9 146 0 19
1 B_10 147 0 20
4 A_10 151 1 21
3 A_11 154 1 22
3 B_11 157 0 23
2 B_12 159 0 24
2 B_13 161 0 25
2 A_12 163 1 26
4 A_13 167 1 27
4 B_14 171 0 28
3 B_15 174 0 29
3 A_14 177 1 30
4 B_16 181 1 31
1 A_15 184 0 32
5 B_17 189 1 33
4 A_16 193 0 34
2 A_17 195 0 35
4 B_18 199 1 36
4 B_19 203 1 37
4 A_18 207 0 38
4 A_19 211 0 39
dp: 211
---------------------
in formation_2
pass
---------------------
in formation_3
pass
---------------------
in formation_4
pass
---------------------
in formation_5
pass
---------------------
in formation_6
pass
---------------------
in formation_7
pass
error in formulation  []
