3
0 A_0 84 0 0
5 A_1 89 0 1
4 A_2 93 0 2
3 A_3 96 0 3
3 A_4 99 0 4
6 A_5 105 0 5
6 A_6 111 0 6
4 A_7 115 0 7
5 B_0 120 0 8
4 B_1 124 0 9
4 A_8 128 0 10
4 A_9 132 0 11
5 B_2 137 0 12
1 B_3 138 0 13
2 B_4 140 0 14
6 B_5 146 0 15
4 A_10 150 0 16
3 A_11 153 0 17
5 A_12 158 0 18
4 A_13 162 0 19
3 A_14 165 0 20
5 B_6 170 0 21
2 B_7 172 0 22
5 A_15 177 0 23
5 A_16 182 0 24
2 A_17 184 0 25
3 B_8 187 0 26
6 B_9 193 0 27
1 B_10 194 0 28
6 B_11 200 0 29
2 B_12 202 0 30
2 B_13 204 0 31
6 B_14 210 0 32
3 B_15 213 0 33
4 A_18 217 0 34
4 A_19 221 0 35
4 B_16 225 0 36
3 B_17 228 0 37
5 B_18 233 0 38
4 B_19 237 0 39
nldp: 237
---------------------
in formation_2
pass
---------------------
in formation_3
pass
---------------------
in formation_4
pass
---------------------
in formation_5
pass
---------------------
in formation_6
pass
---------------------
in formation_7
pass
error in formulation  []
