0
0 B_0 81 0 0
3 A_0 84 0 1
6 B_1 90 0 2
6 A_1 96 0 3
4 A_2 100 0 4
2 A_3 102 0 5
2 A_4 104 0 6
6 B_2 110 0 7
3 B_3 113 0 8
1 B_4 114 0 9
5 A_5 119 0 10
4 B_5 123 0 11
7 A_6 130 0 12
4 B_6 134 0 13
3 A_7 137 0 14
5 B_7 142 0 15
7 A_8 149 0 16
7 B_8 156 0 17
3 A_9 159 0 18
6 B_9 165 0 19
1 B_10 166 0 20
7 A_10 173 0 21
5 B_11 178 0 22
1 B_12 179 0 23
6 A_11 185 0 24
5 B_13 190 0 25
6 A_12 196 0 26
2 A_13 198 0 27
4 A_14 202 0 28
3 B_14 205 0 29
5 A_15 210 0 30
4 B_15 214 0 31
2 B_16 216 0 32
5 A_16 221 0 33
4 B_17 225 0 34
7 A_17 232 0 35
5 B_18 237 0 36
3 A_18 240 0 37
3 A_19 243 0 38
6 B_19 249 0 39
No lane change: 249 148.074 7.104873657226562e-05
---------------------
in formation_2
pass
---------------------
in formation_3
pass
---------------------
in formation_4
pass
---------------------
in formation_5
pass
---------------------
in formation_6
pass
---------------------
in formation_7
pass
error in formulation  []
