1
0 B_0 81 0 0
1 A_0 85 1 1
6 B_1 91 0 2
3 A_1 94 0 3
3 B_2 97 1 4
4 B_3 101 1 5
5 A_2 106 0 6
6 B_4 112 1 7
5 A_3 117 0 8
5 B_5 122 1 9
3 A_4 125 0 10
6 A_5 131 0 11
3 B_6 134 1 12
3 A_6 137 1 13
2 B_7 139 0 14
5 A_7 144 1 15
2 B_8 146 0 16
2 A_8 148 1 17
5 B_9 153 0 18
6 A_9 159 1 19
4 B_10 163 0 20
2 A_10 165 1 21
3 B_11 168 0 22
5 A_11 173 1 23
2 B_12 175 0 24
3 A_12 178 1 25
2 B_13 180 0 26
3 A_13 183 1 27
4 B_14 187 0 28
3 A_14 190 0 29
5 B_15 195 1 30
2 A_15 197 0 31
2 B_16 200 1 32
2 A_16 204 0 33
2 B_17 208 1 34
6 B_18 214 1 35
2 A_17 216 0 36
2 A_18 218 0 37
1 B_19 221 1 38
3 A_19 225 1 39
greedy: 225
---------------------
in formation_2
pass
---------------------
in formation_3
pass
---------------------
in formation_4
pass
---------------------
in formation_5
pass
---------------------
in formation_6
pass
---------------------
in formation_7
pass
error in formulation  []
