2
[2, 2, 2, 2, 2, 0, 0, 3, 0, 0, 0, 2, 2, 2, 1, 3, 0, 3, 3, 0, 0, 0, 0, 3, 0, 0, 3, 0, 2, 2, 2, 0, 0, 0, 3, 0, 0, 0, 2, 2]
0 B_0 81 0 0
1 B_1 82 0 1
5 B_2 87 0 2
4 B_3 91 0 3
5 B_4 96 0 4
4 A_0 100 0 5
3 A_1 103 0 6
1 B_5 104 1 7
3 A_2 107 0 8
3 A_3 110 0 9
2 A_4 112 0 10
7 B_6 119 0 11
4 B_7 123 0 12
1 B_8 124 0 13
3 A_5 127 1 14
5 B_9 132 1 15
4 A_6 136 0 16
4 B_10 140 1 17
5 B_11 145 1 18
2 A_7 147 0 19
3 A_8 150 0 20
3 A_9 153 0 21
3 A_10 156 0 22
1 B_12 157 1 23
2 A_11 159 0 24
3 A_12 162 0 25
2 B_13 164 1 26
3 A_13 167 0 27
8 B_14 175 0 28
5 B_15 180 0 29
1 B_16 181 0 30
3 A_14 184 0 31
1 A_15 185 0 32
4 A_16 189 0 33
2 B_17 191 1 34
3 A_17 194 0 35
2 A_18 196 0 36
1 A_19 197 0 37
8 B_18 205 0 38
1 B_19 206 0 39
dp: 206
---------------------
in formation_2
pass
---------------------
in formation_3
pass
---------------------
in formation_4
pass
---------------------
in formation_5
pass
---------------------
in formation_6
pass
---------------------
in formation_7
pass
error in formulation  []
