3
0 A_0 82 0 0
5 B_0 87 0 1
1 B_1 88 0 2
3 A_1 91 0 3
5 A_2 96 0 4
3 A_3 99 0 5
2 A_4 101 0 6
4 B_2 105 0 7
4 B_3 109 0 8
5 B_4 114 0 9
5 A_5 119 0 10
6 B_5 125 0 11
5 A_6 130 0 12
3 B_6 133 0 13
4 B_7 137 0 14
1 B_8 138 0 15
4 B_9 142 0 16
6 B_10 148 0 17
5 B_11 153 0 18
4 A_7 157 0 19
3 A_8 160 0 20
3 A_9 163 0 21
3 A_10 166 0 22
3 B_12 169 0 23
5 B_13 174 0 24
5 B_14 179 0 25
4 A_11 183 0 26
3 A_12 186 0 27
3 A_13 189 0 28
4 A_14 193 0 29
1 A_15 194 0 30
5 B_15 199 0 31
1 B_16 200 0 32
6 B_17 206 0 33
4 A_16 210 0 34
4 B_18 214 0 35
1 B_19 215 0 36
5 A_17 220 0 37
2 A_18 222 0 38
1 A_19 223 0 39
nldp: 223
---------------------
in formation_2
pass
---------------------
in formation_3
pass
---------------------
in formation_4
pass
---------------------
in formation_5
pass
---------------------
in formation_6
pass
---------------------
in formation_7
pass
error in formulation  []
