0
0 B_0 83 0 0
6 B_1 89 0 1
3 A_0 92 0 2
6 B_2 98 0 3
6 B_3 104 0 4
4 A_1 108 0 5
5 B_4 113 0 6
4 B_5 117 0 7
2 B_6 119 0 8
9 A_2 128 0 9
3 B_7 131 0 10
2 B_8 133 0 11
7 A_3 140 0 12
6 A_4 146 0 13
4 B_9 150 0 14
6 A_5 156 0 15
6 B_10 162 0 16
5 A_6 167 0 17
5 B_11 172 0 18
1 B_12 173 0 19
3 A_7 176 0 20
9 B_13 185 0 21
5 A_8 190 0 22
4 A_9 194 0 23
3 A_10 197 0 24
9 B_14 206 0 25
2 B_15 208 0 26
5 B_16 213 0 27
2 B_17 215 0 28
6 A_11 221 0 29
4 B_18 225 0 30
6 A_12 231 0 31
1 A_13 232 0 32
3 A_14 235 0 33
1 A_15 236 0 34
5 B_19 241 0 35
6 A_16 247 0 36
6 A_17 253 0 37
6 A_18 259 0 38
6 A_19 265 0 39
8 B_20 273 0 40
10 A_20 283 0 41
6 A_21 289 0 42
10 B_21 299 0 43
9 A_22 308 0 44
2 A_23 310 0 45
6 A_24 316 0 46
5 A_25 321 0 47
5 B_22 326 0 48
4 A_26 330 0 49
2 A_27 332 0 50
8 B_23 340 0 51
5 B_24 345 0 52
2 B_25 347 0 53
5 A_28 352 0 54
3 A_29 355 0 55
6 B_26 361 0 56
7 A_30 368 0 57
4 B_27 372 0 58
6 B_28 378 0 59
2 B_29 380 0 60
8 A_31 388 0 61
7 B_30 395 0 62
9 A_32 404 0 63
4 B_31 408 0 64
6 A_33 414 0 65
5 A_34 419 0 66
2 A_35 421 0 67
5 A_36 426 0 68
6 B_32 432 0 69
6 B_33 438 0 70
10 A_37 448 0 71
5 B_34 453 0 72
2 B_35 455 0 73
5 A_38 460 0 74
5 B_36 465 0 75
3 A_39 468 0 76
4 A_40 472 0 77
4 A_41 476 0 78
6 B_37 482 0 79
6 B_38 488 0 80
4 B_39 492 0 81
4 A_42 496 0 82
5 B_40 501 0 83
5 A_43 506 0 84
8 B_41 514 0 85
6 A_44 520 0 86
6 B_42 526 0 87
7 A_45 533 0 88
6 B_43 539 0 89
4 A_46 543 0 90
4 B_44 547 0 91
10 A_47 557 0 92
8 B_45 565 0 93
7 A_48 572 0 94
8 B_46 580 0 95
7 A_49 587 0 96
8 B_47 595 0 97
7 A_50 602 0 98
5 A_51 607 0 99
1 A_52 608 0 100
1 A_53 609 0 101
3 A_54 612 0 102
6 A_55 618 0 103
5 A_56 623 0 104
2 A_57 625 0 105
1 A_58 626 0 106
1 A_59 627 0 107
5 B_48 632 0 108
4 B_49 636 0 109
2 B_50 638 0 110
3 B_51 641 0 111
4 B_52 645 0 112
2 B_53 647 0 113
6 B_54 653 0 114
5 B_55 658 0 115
5 B_56 663 0 116
6 B_57 669 0 117
3 B_58 672 0 118
6 B_59 678 0 119
No lane change: 678
---------------------
in formation_2
pass
---------------------
in formation_3
pass
---------------------
in formation_4
pass
---------------------
in formation_5
pass
---------------------
in formation_6
pass
---------------------
in formation_7
pass
error in formulation  []
