1
0 B_0 83 0 0
6 B_1 89 0 1
3 A_0 92 0 2
2 B_2 94 1 3
6 B_3 100 1 4
1 A_1 101 0 5
2 B_4 103 1 6
4 B_5 107 1 7
2 B_6 109 1 8
5 A_2 114 0 9
3 B_7 117 0 10
2 B_8 119 0 11
5 A_3 124 1 12
6 A_4 130 1 13
1 B_9 131 0 14
2 A_5 133 1 15
4 B_10 137 0 16
1 A_6 139 1 17
3 B_11 143 0 18
1 B_12 144 0 19
3 A_7 147 0 20
6 B_13 153 1 21
2 A_8 155 0 22
4 A_9 159 0 23
3 A_10 162 0 24
6 B_14 168 1 25
2 B_15 170 1 26
5 B_16 175 1 27
2 B_17 177 1 28
3 A_11 180 0 29
1 B_18 181 1 30
2 A_12 183 0 31
1 A_13 184 0 32
3 A_14 187 0 33
1 A_15 188 0 34
2 B_19 190 1 35
4 A_16 194 0 36
6 A_17 200 0 37
6 A_18 206 0 38
6 A_19 212 0 39
5 B_20 217 1 40
6 A_20 223 0 41
6 A_21 229 0 42
6 B_21 235 1 43
5 A_22 240 0 44
2 A_23 242 0 45
6 A_24 248 0 46
5 A_25 253 0 47
1 B_22 254 1 48
1 A_26 255 0 49
2 A_27 257 0 50
5 B_23 262 1 51
5 B_24 267 1 52
2 B_25 269 1 53
2 A_28 271 0 54
3 A_29 274 0 55
3 B_26 277 1 56
5 A_30 282 0 57
1 B_27 283 1 58
6 B_28 289 1 59
2 B_29 291 1 60
4 A_31 295 0 61
4 B_30 299 1 62
5 A_32 304 0 63
2 B_31 306 1 64
2 A_33 308 0 65
5 A_34 313 0 66
2 A_35 315 0 67
5 A_36 320 0 68
4 B_32 324 1 69
6 B_33 330 1 70
6 A_37 336 0 71
3 B_34 339 1 72
2 B_35 341 1 73
1 A_38 342 0 74
1 B_36 343 1 75
3 A_39 346 1 76
4 A_40 350 1 77
4 A_41 354 1 78
4 B_37 358 0 79
6 B_38 364 0 80
4 B_39 368 0 81
1 A_42 369 1 82
1 B_40 370 0 83
1 A_43 371 1 84
5 B_41 376 0 85
2 A_44 378 1 86
4 B_42 382 0 87
3 A_45 385 1 88
4 B_43 389 0 89
2 A_46 391 1 90
2 B_44 393 0 91
6 A_47 399 1 92
5 B_45 404 0 93
3 A_48 407 1 94
5 B_46 412 0 95
4 A_49 416 1 96
5 B_47 421 0 97
5 A_50 426 1 98
5 A_51 431 1 99
1 A_52 432 1 100
1 A_53 433 1 101
3 A_54 436 1 102
6 A_55 442 1 103
5 A_56 447 1 104
2 A_57 449 1 105
1 A_58 450 1 106
1 A_59 451 1 107
1 B_48 452 0 108
4 B_49 456 0 109
2 B_50 458 0 110
3 B_51 461 0 111
4 B_52 465 0 112
2 B_53 467 0 113
6 B_54 473 0 114
5 B_55 478 0 115
5 B_56 483 0 116
6 B_57 489 0 117
3 B_58 492 0 118
6 B_59 498 0 119
greedy: 498
---------------------
in formation_2
pass
---------------------
in formation_3
pass
---------------------
in formation_4
pass
---------------------
in formation_5
pass
---------------------
in formation_6
pass
---------------------
in formation_7
pass
error in formulation  []
