2
[2, 0, 3, 0, 0, 3, 0, 3, 0, 0, 0, 0, 0, 0, 0, 0, 3, 3, 0, 0, 0, 0, 3, 0, 2, 2, 2, 1, 2, 2, 2, 2, 2, 2, 2, 2, 2, 2, 2, 1, 2, 2, 2, 1, 2, 2, 2, 2, 1, 2, 2, 2, 2, 1, 1, 2, 1, 2, 2, 2, 1, 2, 2, 1, 2, 1, 1, 2, 2, 2, 0, 0, 0, 2, 1, 2, 2, 1, 2, 2, 2, 2, 2, 2, 2, 2, 2, 0, 0, 0, 3, 0, 0, 0, 0, 0, 0, 0, 3, 0, 3, 0, 3, 0, 0, 0, 0, 0, 0, 0, 0, 0, 0, 3, 1, 2, 0, 0, 0, 0]
0 B_0 83 0 0
4 A_0 87 0 1
1 B_1 89 1 2
5 A_1 94 0 3
1 A_2 95 0 4
1 B_2 98 1 5
3 A_3 102 0 6
1 B_3 106 1 7
4 A_4 110 0 8
2 A_5 112 0 9
2 A_6 114 0 10
4 A_7 118 0 11
4 A_8 122 0 12
4 A_9 126 0 13
3 A_10 129 0 14
1 A_11 130 0 15
1 B_4 131 1 16
4 B_5 135 1 17
1 A_12 136 0 18
1 A_13 137 0 19
3 A_14 140 0 20
1 A_15 141 0 21
2 B_6 143 1 22
2 A_16 145 0 23
5 B_7 150 0 24
2 B_8 152 0 25
2 B_9 154 0 26
1 A_17 155 1 27
1 B_10 156 0 28
1 B_11 157 0 29
1 B_12 158 0 30
3 B_13 161 0 31
2 B_14 163 0 32
2 B_15 165 0 33
5 B_16 170 0 34
2 B_17 172 0 35
4 B_18 176 0 36
4 B_19 180 0 37
3 B_20 183 0 38
2 A_18 185 1 39
2 B_21 187 0 40
2 B_22 189 0 41
5 B_23 194 0 42
5 A_19 199 1 43
2 B_24 201 0 44
2 B_25 203 0 45
2 B_26 205 0 46
2 B_27 207 0 47
2 A_20 209 1 48
2 B_28 211 0 49
2 B_29 213 0 50
2 B_30 215 0 51
5 B_31 220 0 52
3 A_21 223 1 53
2 A_22 225 1 54
2 B_32 227 0 55
2 A_23 229 1 56
3 B_33 232 0 57
3 B_34 235 0 58
2 B_35 237 0 59
4 A_24 241 1 60
3 B_36 244 0 61
5 B_37 249 0 62
1 A_25 250 1 63
4 B_38 254 0 64
3 A_26 257 1 65
2 A_27 259 1 66
3 B_39 262 0 67
1 B_40 263 0 68
3 B_41 266 0 69
3 A_28 269 0 70
3 A_29 272 0 71
2 A_30 274 0 72
6 B_42 280 0 73
2 A_31 282 1 74
4 B_43 286 0 75
3 B_44 289 0 76
2 A_32 291 1 77
5 B_45 296 0 78
2 B_46 298 0 79
6 B_47 304 0 80
3 B_48 307 0 81
4 B_49 311 0 82
2 B_50 313 0 83
3 B_51 316 0 84
4 B_52 320 0 85
2 B_53 322 0 86
3 A_33 325 0 87
5 A_34 330 0 88
2 A_35 332 0 89
3 B_54 335 1 90
4 A_36 339 0 91
2 A_37 341 0 92
3 A_38 344 0 93
3 A_39 347 0 94
4 A_40 351 0 95
4 A_41 355 0 96
2 A_42 357 0 97
4 B_55 361 1 98
4 A_43 365 0 99
3 B_56 368 1 100
3 A_44 371 0 101
4 B_57 375 1 102
4 A_45 379 0 103
2 A_46 381 0 104
1 A_47 382 0 105
5 A_48 387 0 106
3 A_49 390 0 107
4 A_50 394 0 108
5 A_51 399 0 109
1 A_52 400 0 110
1 A_53 401 0 111
3 A_54 404 0 112
1 B_58 405 1 113
4 A_55 409 1 114
3 B_59 412 0 115
3 A_56 415 0 116
2 A_57 417 0 117
1 A_58 418 0 118
1 A_59 419 0 119
dp: 419
---------------------
in formation_2
pass
---------------------
in formation_3
pass
---------------------
in formation_4
pass
---------------------
in formation_5
pass
---------------------
in formation_6
pass
---------------------
in formation_7
pass
error in formulation  []
