3
0 A_0 84 0 0
3 A_1 87 0 1
1 A_2 88 0 2
2 A_3 93 0 3
3 A_4 96 0 4
1 A_5 97 0 5
4 B_0 101 0 6
2 B_1 103 0 7
4 B_2 107 0 8
4 A_6 111 0 9
2 A_7 113 0 10
1 A_8 114 0 11
3 A_9 117 0 12
1 A_10 118 0 13
4 A_11 122 0 14
3 A_12 125 0 15
3 A_13 128 0 16
3 B_3 131 0 17
1 B_4 132 0 18
2 B_5 134 0 19
1 B_6 135 0 20
3 B_7 138 0 21
4 B_8 142 0 22
4 B_9 146 0 23
2 B_10 148 0 24
3 B_11 151 0 25
3 B_12 154 0 26
1 B_13 155 0 27
2 B_14 157 0 28
1 B_15 158 0 29
1 B_16 159 0 30
3 B_17 162 0 31
3 B_18 165 0 32
4 B_19 169 0 33
2 B_20 171 0 34
3 B_21 174 0 35
3 B_22 177 0 36
1 B_23 178 0 37
1 B_24 179 0 38
1 B_25 180 0 39
2 B_26 182 0 40
2 B_27 184 0 41
2 B_28 186 0 42
2 B_29 188 0 43
3 B_30 191 0 44
3 A_14 194 0 45
3 A_15 197 0 46
4 A_16 201 0 47
3 B_31 204 0 48
3 B_32 207 0 49
3 A_17 210 0 50
4 A_18 214 0 51
4 A_19 218 0 52
4 A_20 222 0 53
2 A_21 224 0 54
2 A_22 226 0 55
1 A_23 227 0 56
3 A_24 230 0 57
2 A_25 232 0 58
3 A_26 235 0 59
1 A_27 236 0 60
3 A_28 239 0 61
1 A_29 240 0 62
3 A_30 243 0 63
1 A_31 244 0 64
3 B_33 247 0 65
3 B_34 250 0 66
3 B_35 253 0 67
1 B_36 254 0 68
2 B_37 256 0 69
3 A_32 259 0 70
3 A_33 262 0 71
3 B_38 265 0 72
3 A_34 268 0 73
3 A_35 271 0 74
1 A_36 272 0 75
2 A_37 274 0 76
1 A_38 275 0 77
2 A_39 277 0 78
4 B_39 281 0 79
3 A_40 284 0 80
2 A_41 286 0 81
2 A_42 288 0 82
3 A_43 291 0 83
2 A_44 293 0 84
4 A_45 297 0 85
2 A_46 299 0 86
4 A_47 303 0 87
3 B_40 306 0 88
3 B_41 309 0 89
1 B_42 310 0 90
1 B_43 311 0 91
4 B_44 315 0 92
4 B_45 319 0 93
3 B_46 322 0 94
4 B_47 326 0 95
1 B_48 327 0 96
3 B_49 330 0 97
3 B_50 333 0 98
2 B_51 335 0 99
4 B_52 339 0 100
2 B_53 341 0 101
1 B_54 342 0 102
1 B_55 343 0 103
2 B_56 345 0 104
1 B_57 346 0 105
2 B_58 348 0 106
1 B_59 349 0 107
3 A_48 352 0 108
3 A_49 355 0 109
1 A_50 356 0 110
1 A_51 357 0 111
3 A_52 360 0 112
1 A_53 361 0 113
4 A_54 365 0 114
1 A_55 366 0 115
3 A_56 369 0 116
1 A_57 370 0 117
3 A_58 373 0 118
4 A_59 377 0 119
nldp: 377 167.63908333333345 0.018526077270507812
---------------------
in formation_2
pass
---------------------
in formation_3
pass
---------------------
in formation_4
pass
---------------------
in formation_5
pass
---------------------
in formation_6
pass
---------------------
in formation_7
pass
error in formulation  []
