0
0 B_0 81 0 0
7 A_0 88 0 1
5 B_1 93 0 2
3 A_1 96 0 3
5 B_2 101 0 4
6 A_2 107 0 5
2 A_3 109 0 6
6 B_3 115 0 7
4 A_4 119 0 8
4 A_5 123 0 9
4 B_4 127 0 10
6 A_6 133 0 11
4 B_5 137 0 12
3 A_7 140 0 13
6 B_6 146 0 14
7 A_8 153 0 15
3 A_9 156 0 16
6 B_7 162 0 17
2 B_8 164 0 18
1 B_9 165 0 19
4 A_10 169 0 20
2 A_11 171 0 21
3 A_12 174 0 22
4 A_13 178 0 23
1 A_14 179 0 24
5 B_10 184 0 25
2 B_11 186 0 26
6 A_15 192 0 27
4 A_16 196 0 28
5 B_12 201 0 29
6 A_17 207 0 30
4 B_13 211 0 31
4 A_18 215 0 32
3 A_19 218 0 33
7 B_14 225 0 34
7 A_20 232 0 35
7 B_15 239 0 36
3 B_16 242 0 37
4 A_21 246 0 38
3 A_22 249 0 39
7 B_17 256 0 40
2 B_18 258 0 41
7 A_23 265 0 42
4 B_19 269 0 43
4 A_24 273 0 44
1 A_25 274 0 45
7 B_20 281 0 46
5 A_26 286 0 47
4 B_21 290 0 48
5 A_27 295 0 49
4 B_22 299 0 50
4 A_28 303 0 51
4 A_29 307 0 52
6 B_23 313 0 53
6 A_30 319 0 54
3 B_24 322 0 55
5 A_31 327 0 56
5 B_25 332 0 57
6 A_32 338 0 58
6 B_26 344 0 59
3 A_33 347 0 60
4 B_27 351 0 61
1 B_28 352 0 62
5 A_34 357 0 63
3 B_29 360 0 64
1 B_30 361 0 65
4 A_35 365 0 66
2 A_36 367 0 67
6 B_31 373 0 68
5 A_37 378 0 69
3 B_32 381 0 70
6 A_38 387 0 71
5 B_33 392 0 72
2 B_34 394 0 73
4 A_39 398 0 74
4 B_35 402 0 75
4 A_40 406 0 76
1 A_41 407 0 77
5 B_36 412 0 78
1 B_37 413 0 79
3 A_42 416 0 80
4 A_43 420 0 81
7 B_38 427 0 82
5 A_44 432 0 83
7 B_39 439 0 84
1 B_40 440 0 85
3 A_45 443 0 86
5 B_41 448 0 87
6 A_46 454 0 88
7 B_42 461 0 89
2 B_43 463 0 90
2 B_44 465 0 91
1 B_45 466 0 92
5 A_47 471 0 93
4 B_46 475 0 94
7 A_48 482 0 95
5 B_47 487 0 96
6 A_49 493 0 97
5 B_48 498 0 98
7 A_50 505 0 99
5 B_49 510 0 100
5 A_51 515 0 101
3 A_52 518 0 102
3 B_50 521 0 103
6 A_53 527 0 104
4 B_51 531 0 105
5 A_54 536 0 106
3 B_52 539 0 107
6 A_55 545 0 108
7 B_53 552 0 109
3 A_56 555 0 110
5 B_54 560 0 111
4 A_57 564 0 112
3 A_58 567 0 113
3 B_55 570 0 114
3 A_59 573 0 115
5 B_56 578 0 116
2 B_57 580 0 117
1 B_58 581 0 118
2 B_59 583 0 119
No lane change: 583 285.7251666666667 0.00032806396484375
---------------------
in formation_2
pass
---------------------
in formation_3
pass
---------------------
in formation_4
pass
---------------------
in formation_5
pass
---------------------
in formation_6
pass
---------------------
in formation_7
pass
error in formulation  []
