1
0 A_0 81 0 0
6 B_0 87 1 1
5 A_1 92 0 2
5 B_1 97 1 3
2 A_2 99 0 4
6 B_2 105 1 5
3 A_3 108 0 6
1 B_3 109 1 7
1 A_4 113 0 8
3 B_4 117 1 9
2 A_5 121 0 10
2 B_5 125 1 11
6 A_6 131 0 12
6 B_6 137 1 13
1 A_7 138 0 14
4 B_7 142 1 15
1 B_8 145 1 16
4 A_8 149 0 17
5 B_9 154 1 18
1 A_9 157 0 19
5 B_10 162 1 20
2 A_10 165 0 21
2 A_11 167 0 22
1 B_11 170 1 23
5 A_12 175 0 24
3 B_12 178 1 25
1 A_13 182 0 26
6 A_14 188 0 27
1 A_15 189 0 28
2 A_16 191 0 29
6 B_13 197 1 30
3 A_17 200 0 31
3 A_18 203 0 32
2 B_14 205 1 33
3 A_19 208 0 34
3 B_15 211 1 35
3 A_20 214 0 36
2 B_16 216 1 37
5 A_21 221 0 38
2 B_17 223 1 39
1 B_18 226 1 40
2 A_22 230 0 41
6 A_23 236 0 42
5 B_19 241 1 43
1 A_24 242 0 44
1 A_25 243 0 45
3 B_20 246 1 46
2 A_26 248 0 47
2 B_21 252 1 48
5 A_27 257 0 49
4 A_28 261 0 50
2 B_22 263 1 51
3 A_29 266 1 52
4 A_30 270 1 53
4 A_31 274 1 54
6 B_23 280 0 55
4 A_32 284 1 56
3 B_24 287 0 57
4 A_33 291 1 58
1 B_25 293 0 59
2 A_34 297 1 60
2 A_35 301 1 61
4 B_26 305 0 62
2 A_36 309 1 63
6 B_27 315 0 64
2 A_37 317 1 65
1 B_28 321 0 66
1 B_29 322 0 67
5 A_38 327 1 68
5 A_39 332 1 69
6 B_30 338 0 70
2 A_40 340 1 71
1 B_31 342 0 72
6 A_41 348 1 73
1 B_32 350 0 74
2 A_42 354 1 75
3 B_33 358 0 76
3 A_43 362 1 77
1 B_34 366 0 78
2 A_44 370 1 79
3 B_35 374 0 80
6 B_36 380 0 81
3 A_45 383 1 82
1 B_37 384 0 83
4 A_46 388 1 84
4 B_38 392 0 85
2 A_47 395 1 86
4 B_39 399 0 87
2 A_48 403 1 88
3 B_40 407 0 89
2 A_49 411 1 90
1 A_50 415 1 91
6 A_51 421 1 92
6 A_52 427 1 93
3 A_53 430 1 94
3 B_41 433 0 95
3 A_54 436 1 96
6 A_55 442 1 97
4 B_42 446 0 98
2 A_56 448 1 99
5 B_43 453 0 100
3 A_57 456 1 101
5 B_44 461 0 102
4 A_58 465 1 103
1 A_59 466 1 104
5 B_45 471 0 105
1 B_46 472 0 106
4 B_47 476 0 107
5 B_48 481 0 108
2 B_49 483 0 109
2 B_50 485 0 110
5 B_51 490 0 111
6 B_52 496 0 112
1 B_53 497 0 113
5 B_54 502 0 114
6 B_55 508 0 115
5 B_56 513 0 116
5 B_57 518 0 117
5 B_58 523 0 118
2 B_59 525 0 119
greedy: 525
---------------------
in formation_2
pass
---------------------
in formation_3
pass
---------------------
in formation_4
pass
---------------------
in formation_5
pass
---------------------
in formation_6
pass
---------------------
in formation_7
pass
error in formulation  []
