2
[0, 0, 0, 0, 0, 0, 2, 2, 2, 1, 2, 2, 1, 2, 1, 2, 2, 2, 1, 0, 0, 0, 0, 3, 0, 0, 0, 0, 0, 0, 3, 0, 0, 0, 3, 3, 1, 2, 1, 2, 2, 2, 1, 2, 2, 1, 1, 2, 2, 2, 2, 2, 2, 2, 2, 1, 2, 2, 2, 1, 1, 2, 2, 2, 1, 2, 2, 0, 0, 0, 0, 0, 0, 0, 0, 0, 0, 0, 0, 0, 0, 3, 1, 2, 2, 2, 2, 2, 2, 1, 2, 2, 0, 0, 0, 3, 1, 2, 2, 2, 2, 2, 2, 2, 1, 1, 2, 2, 2, 1, 2, 2, 0, 3, 0, 0, 2, 2, 0, 0]
0 A_0 81 0 0
1 A_1 83 0 1
3 A_2 86 0 2
3 A_3 89 0 3
1 A_4 90 0 4
2 A_5 92 0 5
3 B_0 95 0 6
2 B_1 97 0 7
5 B_2 102 0 8
4 A_6 106 1 9
2 B_3 108 0 10
5 B_4 113 0 11
2 A_7 115 1 12
3 B_5 118 0 13
4 A_8 122 1 14
2 B_6 124 0 15
3 B_7 127 0 16
1 B_8 128 0 17
4 A_9 132 1 18
3 A_10 135 0 19
2 A_11 137 0 20
2 A_12 139 0 21
3 A_13 142 0 22
3 B_9 145 1 23
3 A_14 148 0 24
1 A_15 149 0 25
2 A_16 151 0 26
3 A_17 154 0 27
3 A_18 157 0 28
3 A_19 160 0 29
3 B_10 163 1 30
1 A_20 164 0 31
2 A_21 166 0 32
3 A_22 169 0 33
3 B_11 172 1 34
4 B_12 176 1 35
3 A_23 179 1 36
3 B_13 182 0 37
1 A_24 183 1 38
1 B_14 184 0 39
4 B_15 188 0 40
2 B_16 190 0 41
1 A_25 191 1 42
3 B_17 194 0 43
1 B_18 195 0 44
2 A_26 197 1 45
4 A_27 201 1 46
3 B_19 204 0 47
1 B_20 205 0 48
2 B_21 207 0 49
3 B_22 210 0 50
2 B_23 212 0 51
1 B_24 213 0 52
2 B_25 215 0 53
5 B_26 220 0 54
1 A_28 221 1 55
4 B_27 225 0 56
2 B_28 227 0 57
1 B_29 228 0 58
1 A_29 229 1 59
4 A_30 233 1 60
4 B_30 237 0 61
1 B_31 238 0 62
1 B_32 239 0 63
3 A_31 242 1 64
1 B_33 243 0 65
2 B_34 245 0 66
3 A_32 248 0 67
3 A_33 251 0 68
3 A_34 254 0 69
2 A_35 256 0 70
1 A_36 257 0 71
4 A_37 261 0 72
2 A_38 263 0 73
5 A_39 268 0 74
3 A_40 271 0 75
4 A_41 275 0 76
2 A_42 277 0 77
2 A_43 279 0 78
2 A_44 281 0 79
2 A_45 283 0 80
4 B_35 287 1 81
5 A_46 292 1 82
2 B_36 294 0 83
1 B_37 295 0 84
3 B_38 298 0 85
4 B_39 302 0 86
4 B_40 306 0 87
3 B_41 309 0 88
3 A_47 312 1 89
3 B_42 315 0 90
2 B_43 317 0 91
5 A_48 322 0 92
1 A_49 323 0 93
1 A_50 324 0 94
3 B_44 327 1 95
5 A_51 332 1 96
1 B_45 333 0 97
1 B_46 334 0 98
4 B_47 338 0 99
5 B_48 343 0 100
2 B_49 345 0 101
2 B_50 347 0 102
5 B_51 352 0 103
3 A_52 355 1 104
3 A_53 358 1 105
4 B_52 362 0 106
1 B_53 363 0 107
5 B_54 368 0 108
3 A_54 371 1 109
4 B_55 375 0 110
5 B_56 380 0 111
4 A_55 384 0 112
5 B_57 389 1 113
5 A_56 394 0 114
1 A_57 395 0 115
6 B_58 401 0 116
2 B_59 403 0 117
4 A_58 407 0 118
1 A_59 408 0 119
dp: 408
---------------------
in formation_2
pass
---------------------
in formation_3
pass
---------------------
in formation_4
pass
---------------------
in formation_5
pass
---------------------
in formation_6
pass
---------------------
in formation_7
pass
error in formulation  []
