3
0 A_0 81 0 0
1 A_1 83 0 1
3 A_2 86 0 2
3 A_3 89 0 3
1 A_4 90 0 4
2 A_5 92 0 5
3 A_6 95 0 6
6 A_7 101 0 7
3 A_8 104 0 8
4 B_0 108 0 9
2 B_1 110 0 10
5 B_2 115 0 11
5 B_3 120 0 12
5 A_9 125 0 13
1 A_10 126 0 14
2 A_11 128 0 15
2 A_12 130 0 16
5 B_4 135 0 17
6 B_5 141 0 18
3 A_13 144 0 19
3 B_6 147 0 20
3 B_7 150 0 21
1 B_8 151 0 22
4 A_14 155 0 23
1 A_15 156 0 24
2 A_16 158 0 25
3 A_17 161 0 26
3 A_18 164 0 27
5 B_9 169 0 28
5 B_10 174 0 29
5 A_19 179 0 30
5 B_11 184 0 31
3 A_20 187 0 32
2 A_21 189 0 33
3 A_22 192 0 34
6 A_23 198 0 35
3 B_12 201 0 36
5 B_13 206 0 37
3 A_24 209 0 38
1 A_25 210 0 39
3 B_14 213 0 40
3 A_26 216 0 41
4 B_15 220 0 42
2 B_16 222 0 43
6 B_17 228 0 44
1 B_18 229 0 45
6 B_19 235 0 46
1 B_20 236 0 47
2 B_21 238 0 48
3 B_22 241 0 49
2 B_23 243 0 50
1 B_24 244 0 51
2 B_25 246 0 52
5 B_26 251 0 53
4 A_27 255 0 54
4 A_28 259 0 55
3 A_29 262 0 56
4 A_30 266 0 57
3 B_27 269 0 58
2 B_28 271 0 59
1 B_29 272 0 60
5 B_30 277 0 61
1 B_31 278 0 62
1 B_32 279 0 63
5 A_31 284 0 64
3 B_33 287 0 65
2 B_34 289 0 66
3 A_32 292 0 67
3 A_33 295 0 68
3 A_34 298 0 69
2 A_35 300 0 70
1 A_36 301 0 71
4 B_35 305 0 72
4 A_37 309 0 73
2 A_38 311 0 74
5 A_39 316 0 75
3 B_36 319 0 76
1 B_37 320 0 77
3 B_38 323 0 78
4 B_39 327 0 79
5 A_40 332 0 80
4 A_41 336 0 81
2 A_42 338 0 82
2 A_43 340 0 83
2 A_44 342 0 84
2 A_45 344 0 85
6 A_46 350 0 86
5 A_47 355 0 87
3 B_40 358 0 88
3 B_41 361 0 89
5 B_42 366 0 90
2 B_43 368 0 91
5 A_48 373 0 92
1 A_49 374 0 93
1 A_50 375 0 94
6 B_44 381 0 95
5 A_51 386 0 96
6 A_52 392 0 97
3 A_53 395 0 98
3 B_45 398 0 99
1 B_46 399 0 100
4 B_47 403 0 101
5 B_48 408 0 102
2 B_49 410 0 103
2 B_50 412 0 104
5 B_51 417 0 105
4 A_54 421 0 106
6 A_55 427 0 107
3 B_52 430 0 108
1 B_53 431 0 109
5 B_54 436 0 110
6 B_55 442 0 111
6 A_56 448 0 112
1 A_57 449 0 113
4 B_56 453 0 114
5 B_57 458 0 115
5 B_58 463 0 116
2 B_59 465 0 117
4 A_58 469 0 118
1 A_59 470 0 119
nldp: 470
---------------------
in formation_2
pass
---------------------
in formation_3
pass
---------------------
in formation_4
pass
---------------------
in formation_5
pass
---------------------
in formation_6
pass
---------------------
in formation_7
pass
error in formulation  []
