0
0 B_0 81 0 0
6 A_0 87 0 1
7 B_1 94 0 2
5 A_1 99 0 3
5 B_2 104 0 4
4 B_3 108 0 5
3 A_2 111 0 6
5 B_4 116 0 7
4 A_3 120 0 8
3 A_4 123 0 9
2 A_5 125 0 10
6 B_5 131 0 11
3 B_6 134 0 12
1 B_7 135 0 13
4 B_8 139 0 14
5 A_6 144 0 15
7 B_9 151 0 16
5 A_7 156 0 17
5 B_10 161 0 18
5 A_8 166 0 19
2 A_9 168 0 20
5 B_11 173 0 21
1 B_12 174 0 22
2 B_13 176 0 23
6 A_10 182 0 24
4 A_11 186 0 25
5 B_14 191 0 26
6 A_12 197 0 27
4 B_15 201 0 28
3 A_13 204 0 29
2 A_14 206 0 30
6 B_16 212 0 31
3 B_17 215 0 32
1 B_18 216 0 33
7 A_15 223 0 34
6 B_19 229 0 35
4 B_20 233 0 36
7 A_16 240 0 37
1 A_17 241 0 38
2 A_18 243 0 39
3 B_21 246 0 40
4 B_22 250 0 41
3 B_23 253 0 42
3 A_19 256 0 43
5 B_24 261 0 44
6 A_20 267 0 45
5 B_25 272 0 46
5 A_21 277 0 47
6 B_26 283 0 48
1 B_27 284 0 49
6 A_22 290 0 50
4 A_23 294 0 51
3 B_28 297 0 52
4 A_24 301 0 53
2 A_25 303 0 54
1 A_26 304 0 55
2 A_27 306 0 56
7 B_29 313 0 57
2 B_30 315 0 58
5 A_28 320 0 59
3 B_31 323 0 60
2 B_32 325 0 61
1 B_33 326 0 62
3 A_29 329 0 63
3 B_34 332 0 64
3 B_35 335 0 65
5 A_30 340 0 66
2 A_31 342 0 67
3 A_32 345 0 68
1 A_33 346 0 69
4 A_34 350 0 70
4 A_35 354 0 71
6 B_36 360 0 72
4 A_36 364 0 73
1 A_37 365 0 74
5 B_37 370 0 75
4 B_38 374 0 76
6 A_38 380 0 77
7 B_39 387 0 78
4 A_39 391 0 79
6 B_40 397 0 80
6 A_40 403 0 81
5 B_41 408 0 82
6 A_41 414 0 83
4 A_42 418 0 84
5 B_42 423 0 85
4 B_43 427 0 86
4 A_43 431 0 87
2 A_44 433 0 88
2 A_45 435 0 89
3 B_44 438 0 90
4 A_46 442 0 91
7 B_45 449 0 92
7 A_47 456 0 93
5 B_46 461 0 94
3 B_47 464 0 95
7 A_48 471 0 96
7 B_48 478 0 97
7 A_49 485 0 98
6 B_49 491 0 99
5 A_50 496 0 100
3 B_50 499 0 101
5 A_51 504 0 102
5 B_51 509 0 103
5 A_52 514 0 104
3 A_53 517 0 105
2 A_54 519 0 106
4 B_52 523 0 107
5 A_55 528 0 108
6 B_53 534 0 109
6 A_56 540 0 110
5 B_54 545 0 111
7 A_57 552 0 112
6 B_55 558 0 113
6 A_58 564 0 114
6 B_56 570 0 115
4 A_59 574 0 116
4 B_57 578 0 117
4 B_58 582 0 118
2 B_59 584 0 119
No lane change: 584 259.77491666666674 0.00021767616271972656
---------------------
in formation_2
pass
---------------------
in formation_3
pass
---------------------
in formation_4
pass
---------------------
in formation_5
pass
---------------------
in formation_6
pass
---------------------
in formation_7
pass
error in formulation  []
