1
0 B_0 81 0 0
2 A_0 85 1 1
5 A_1 90 1 2
2 A_2 93 1 3
1 B_1 97 0 4
2 B_2 99 0 5
3 A_3 102 1 6
6 B_3 108 0 7
2 A_4 110 1 8
3 B_4 114 0 9
5 A_5 119 1 10
5 A_6 124 1 11
4 B_5 128 0 12
6 B_6 134 0 13
3 A_7 137 1 14
5 B_7 142 0 15
3 A_8 145 0 16
3 B_8 148 1 17
3 B_9 151 1 18
1 B_10 152 1 19
5 B_11 157 1 20
5 B_12 162 1 21
2 A_9 164 0 22
3 B_13 167 1 23
3 B_14 170 1 24
6 A_10 176 0 25
2 B_15 178 1 26
3 A_11 181 1 27
5 B_16 186 0 28
6 B_17 192 0 29
3 B_18 195 0 30
2 B_19 197 0 31
2 A_12 199 1 32
5 A_13 204 1 33
2 B_20 206 0 34
2 B_21 208 0 35
6 A_14 214 1 36
4 B_22 218 0 37
1 A_15 219 1 38
5 A_16 224 1 39
2 B_23 226 0 40
2 B_24 228 0 41
3 A_17 231 1 42
5 B_25 236 0 43
4 B_26 240 0 44
4 A_18 244 1 45
3 A_19 247 1 46
2 B_27 249 0 47
3 A_20 252 1 48
5 A_21 257 1 49
2 A_22 259 1 50
3 B_28 262 0 51
2 B_29 264 0 52
2 B_30 266 0 53
2 A_23 268 1 54
6 B_31 274 0 55
6 A_24 280 1 56
2 A_25 282 1 57
3 B_32 285 0 58
2 A_26 287 1 59
5 A_27 292 1 60
6 B_33 298 0 61
1 B_34 299 0 62
4 B_35 303 0 63
2 A_28 305 1 64
6 B_36 311 0 65
3 B_37 314 0 66
1 B_38 315 0 67
3 A_29 318 1 68
3 B_39 321 1 69
4 A_30 325 0 70
1 B_40 326 1 71
4 A_31 330 0 72
1 B_41 331 1 73
5 A_32 336 0 74
3 A_33 339 0 75
1 B_42 340 1 76
4 B_43 344 1 77
5 A_34 349 0 78
5 B_44 354 1 79
4 A_35 358 0 80
4 B_45 362 1 81
1 A_36 363 0 82
6 B_46 369 1 83
3 B_47 372 1 84
1 A_37 373 0 85
5 A_38 378 0 86
2 B_48 380 1 87
5 B_49 385 1 88
2 A_39 387 0 89
3 B_50 390 1 90
2 B_51 394 1 91
1 A_40 398 0 92
1 A_41 399 0 93
4 B_52 403 1 94
3 A_42 407 1 95
5 B_53 412 0 96
4 A_43 416 1 97
4 B_54 420 0 98
4 A_44 424 1 99
1 B_55 427 0 100
5 B_56 432 0 101
3 A_45 435 1 102
2 A_46 437 1 103
4 A_47 441 1 104
5 B_57 446 0 105
4 A_48 450 1 106
1 B_58 452 0 107
4 A_49 456 1 108
1 B_59 460 0 109
2 A_50 464 1 110
4 A_51 468 1 111
1 A_52 472 1 112
1 A_53 476 1 113
2 A_54 480 1 114
6 A_55 486 1 115
3 A_56 489 1 116
6 A_57 495 1 117
2 A_58 497 1 118
3 A_59 500 1 119
greedy: 500
---------------------
in formation_2
pass
---------------------
in formation_3
pass
---------------------
in formation_4
pass
---------------------
in formation_5
pass
---------------------
in formation_6
pass
---------------------
in formation_7
pass
error in formulation  []
