2
[2, 2, 2, 2, 2, 2, 2, 2, 0, 2, 2, 2, 2, 2, 2, 2, 2, 2, 2, 2, 2, 2, 2, 2, 2, 2, 2, 2, 2, 2, 2, 2, 2, 2, 2, 2, 2, 2, 2, 2, 0, 0, 0, 0, 0, 0, 0, 2, 2, 2, 2, 0, 0, 0, 2, 2, 2, 2, 2, 2, 2, 0, 0, 0, 0, 0, 0, 0, 0, 0, 0, 0, 2, 1, 2, 2, 2, 2, 0, 0, 0, 0, 0, 0, 0, 0, 0, 0, 0, 3, 3, 0, 0, 0, 0, 0, 0, 0, 2, 2, 2, 0, 0, 0, 0, 0, 0, 0, 0, 0, 0, 0, 0, 0, 0, 0, 0, 0, 0, 0]
0 B_0 81 0 0
3 B_1 84 0 1
3 B_2 87 0 2
4 B_3 91 0 3
4 B_4 95 0 4
3 B_5 98 0 5
3 B_6 101 0 6
1 B_7 102 0 7
3 A_0 105 0 8
4 B_8 109 0 9
2 B_9 111 0 10
3 B_10 114 0 11
1 B_11 115 0 12
1 B_12 116 0 13
2 B_13 118 0 14
3 B_14 121 0 15
3 B_15 124 0 16
3 B_16 127 0 17
3 B_17 130 0 18
1 B_18 131 0 19
4 B_19 135 0 20
4 B_20 139 0 21
4 B_21 143 0 22
4 B_22 147 0 23
3 B_23 150 0 24
1 B_24 151 0 25
1 B_25 152 0 26
4 B_26 156 0 27
1 B_27 157 0 28
4 B_28 161 0 29
3 B_29 164 0 30
2 B_30 166 0 31
4 B_31 170 0 32
2 B_32 172 0 33
1 B_33 173 0 34
3 B_34 176 0 35
3 B_35 179 0 36
1 B_36 180 0 37
1 B_37 181 0 38
4 B_38 185 0 39
3 A_1 188 0 40
4 A_2 192 0 41
1 A_3 193 0 42
3 A_4 196 0 43
2 A_5 198 0 44
1 A_6 199 0 45
4 A_7 203 0 46
7 B_39 210 0 47
2 B_40 212 0 48
2 B_41 214 0 49
1 B_42 215 0 50
3 A_8 218 0 51
2 A_9 220 0 52
1 A_10 221 0 53
4 B_43 225 0 54
2 B_44 227 0 55
4 B_45 231 0 56
1 B_46 232 0 57
3 B_47 235 0 58
1 B_48 236 0 59
1 B_49 237 0 60
3 A_11 240 0 61
2 A_12 242 0 62
3 A_13 245 0 63
2 A_14 247 0 64
3 A_15 250 0 65
4 A_16 254 0 66
1 A_17 255 0 67
2 A_18 257 0 68
1 A_19 258 0 69
3 A_20 261 0 70
3 A_21 264 0 71
3 B_50 267 0 72
3 A_22 270 1 73
2 B_51 272 0 74
2 B_52 274 0 75
3 B_53 277 0 76
2 B_54 279 0 77
3 A_23 282 0 78
1 A_24 283 0 79
2 A_25 285 0 80
1 A_26 286 0 81
2 A_27 288 0 82
1 A_28 289 0 83
3 A_29 292 0 84
1 A_30 293 0 85
2 A_31 295 0 86
3 A_32 298 0 87
1 A_33 299 0 88
4 B_55 303 1 89
4 B_56 307 1 90
3 A_34 310 0 91
4 A_35 314 0 92
1 A_36 315 0 93
1 A_37 316 0 94
3 A_38 319 0 95
3 A_39 322 0 96
2 A_40 324 0 97
5 B_57 329 0 98
4 B_58 333 0 99
2 B_59 335 0 100
4 A_41 339 0 101
4 A_42 343 0 102
2 A_43 345 0 103
2 A_44 347 0 104
2 A_45 349 0 105
3 A_46 352 0 106
3 A_47 355 0 107
4 A_48 359 0 108
2 A_49 361 0 109
4 A_50 365 0 110
3 A_51 368 0 111
3 A_52 371 0 112
3 A_53 374 0 113
2 A_54 376 0 114
2 A_55 378 0 115
3 A_56 381 0 116
1 A_57 382 0 117
3 A_58 385 0 118
4 A_59 389 0 119
dp: 389 170.67491666666675 0.12171101570129395
---------------------
in formation_2
pass
---------------------
in formation_3
pass
---------------------
in formation_4
pass
---------------------
in formation_5
pass
---------------------
in formation_6
pass
---------------------
in formation_7
pass
error in formulation  []
