3
0 A_0 82 0 0
4 A_1 87 0 1
4 A_2 91 0 2
1 A_3 92 0 3
3 A_4 95 0 4
2 A_5 97 0 5
1 A_6 98 0 6
4 A_7 102 0 7
4 B_0 106 0 8
3 B_1 109 0 9
3 B_2 112 0 10
3 A_8 115 0 11
2 A_9 117 0 12
1 A_10 118 0 13
4 A_11 122 0 14
3 B_3 125 0 15
4 B_4 129 0 16
3 B_5 132 0 17
3 B_6 135 0 18
1 B_7 136 0 19
4 B_8 140 0 20
2 B_9 142 0 21
3 B_10 145 0 22
1 B_11 146 0 23
1 B_12 147 0 24
2 B_13 149 0 25
3 B_14 152 0 26
3 B_15 155 0 27
3 B_16 158 0 28
3 B_17 161 0 29
1 B_18 162 0 30
4 B_19 166 0 31
4 B_20 170 0 32
4 B_21 174 0 33
4 B_22 178 0 34
3 B_23 181 0 35
1 B_24 182 0 36
1 B_25 183 0 37
4 B_26 187 0 38
1 B_27 188 0 39
4 B_28 192 0 40
3 B_29 195 0 41
2 B_30 197 0 42
3 A_12 200 0 43
3 A_13 203 0 44
2 A_14 205 0 45
3 A_15 208 0 46
3 B_31 211 0 47
2 B_32 213 0 48
1 B_33 214 0 49
3 B_34 217 0 50
4 A_16 221 0 51
1 A_17 222 0 52
2 A_18 224 0 53
1 A_19 225 0 54
3 A_20 228 0 55
3 B_35 231 0 56
1 B_36 232 0 57
1 B_37 233 0 58
3 A_21 236 0 59
4 A_22 240 0 60
4 A_23 244 0 61
1 A_24 245 0 62
2 A_25 247 0 63
1 A_26 248 0 64
2 A_27 250 0 65
1 A_28 251 0 66
3 A_29 254 0 67
1 A_30 255 0 68
2 A_31 257 0 69
3 A_32 260 0 70
1 A_33 261 0 71
4 A_34 265 0 72
4 B_38 269 0 73
3 B_39 272 0 74
2 B_40 274 0 75
2 B_41 276 0 76
1 B_42 277 0 77
3 A_35 280 0 78
1 A_36 281 0 79
1 A_37 282 0 80
3 A_38 285 0 81
3 A_39 288 0 82
2 A_40 290 0 83
4 A_41 294 0 84
3 B_43 297 0 85
2 B_44 299 0 86
4 B_45 303 0 87
1 B_46 304 0 88
3 A_42 307 0 89
2 A_43 309 0 90
2 A_44 311 0 91
2 A_45 313 0 92
3 A_46 316 0 93
3 A_47 319 0 94
4 B_47 323 0 95
1 B_48 324 0 96
1 B_49 325 0 97
3 A_48 328 0 98
2 A_49 330 0 99
4 A_50 334 0 100
3 B_50 337 0 101
4 B_51 341 0 102
2 B_52 343 0 103
3 B_53 346 0 104
2 B_54 348 0 105
4 B_55 352 0 106
4 B_56 356 0 107
4 A_51 360 0 108
3 A_52 363 0 109
3 A_53 366 0 110
2 A_54 368 0 111
2 A_55 370 0 112
3 A_56 373 0 113
1 A_57 374 0 114
3 B_57 377 0 115
4 B_58 381 0 116
2 B_59 383 0 117
3 A_58 386 0 118
4 A_59 390 0 119
nldp: 390 171.73324999999997 0.028697967529296875
---------------------
in formation_2
pass
---------------------
in formation_3
pass
---------------------
in formation_4
pass
---------------------
in formation_5
pass
---------------------
in formation_6
pass
---------------------
in formation_7
pass
error in formulation  []
