0
0 A_0 81 0 0
3 B_0 84 0 1
4 B_1 88 0 2
3 A_1 91 0 3
5 B_2 96 0 4
3 A_2 99 0 5
3 B_3 102 0 6
7 A_3 109 0 7
1 A_4 110 0 8
5 B_4 115 0 9
4 A_5 119 0 10
3 A_6 122 0 11
3 A_7 125 0 12
3 B_5 128 0 13
3 A_8 131 0 14
4 B_6 135 0 15
4 A_9 139 0 16
4 A_10 143 0 17
2 A_11 145 0 18
6 B_7 151 0 19
4 A_12 155 0 20
6 B_8 161 0 21
7 A_13 168 0 22
7 B_9 175 0 23
2 B_10 177 0 24
5 A_14 182 0 25
3 A_15 185 0 26
5 B_11 190 0 27
4 B_12 194 0 28
4 B_13 198 0 29
3 B_14 201 0 30
3 A_16 204 0 31
4 B_15 208 0 32
4 A_17 212 0 33
4 A_18 216 0 34
7 B_16 223 0 35
6 A_19 229 0 36
6 B_17 235 0 37
3 B_18 238 0 38
4 B_19 242 0 39
No lane change: 242 132.01 5.1975250244140625e-05
---------------------
in formation_2
pass
---------------------
in formation_3
pass
---------------------
in formation_4
pass
---------------------
in formation_5
pass
---------------------
in formation_6
pass
---------------------
in formation_7
pass
error in formulation  []
