1
0 A_0 81 0 0
1 A_1 82 0 1
3 B_0 85 0 2
4 B_1 89 0 3
3 A_2 92 1 4
3 B_2 95 0 5
3 A_3 98 1 6
4 B_3 102 0 7
4 A_4 106 1 8
1 B_4 108 0 9
6 A_5 114 1 10
4 B_5 118 0 11
3 A_6 121 1 12
2 B_6 124 0 13
5 A_7 129 1 14
2 B_7 132 0 15
1 A_8 136 1 16
3 B_8 140 0 17
3 B_9 143 0 18
2 A_9 145 1 19
2 A_10 149 1 20
1 B_10 153 0 21
2 B_11 155 0 22
5 A_11 160 1 23
5 B_12 165 0 24
3 A_12 168 1 25
3 B_13 171 0 26
1 A_13 174 1 27
4 B_14 178 0 28
4 A_14 182 1 29
6 A_15 188 1 30
5 A_16 193 1 31
5 B_15 198 0 32
4 B_16 202 0 33
2 B_17 204 0 34
3 A_17 207 1 35
5 B_18 212 0 36
6 B_19 218 0 37
3 A_18 221 1 38
4 A_19 225 1 39
greedy: 225
---------------------
in formation_2
pass
---------------------
in formation_3
pass
---------------------
in formation_4
pass
---------------------
in formation_5
pass
---------------------
in formation_6
pass
---------------------
in formation_7
pass
error in formulation  []
