2
[2, 0, 0, 0, 2, 2, 2, 2, 0, 0, 0, 0, 0, 0, 2, 2, 2, 2, 2, 2, 2, 0, 2, 2, 2, 2, 2, 2, 2, 2, 0, 0, 0, 0, 0, 0, 0, 0, 0, 0]
0 B_0 81 0 0
3 A_0 84 0 1
1 A_1 85 0 2
3 A_2 88 0 3
4 B_1 92 0 4
3 B_2 95 0 5
1 B_3 96 0 6
1 B_4 97 0 7
3 A_3 100 0 8
1 A_4 101 0 9
3 A_5 104 0 10
3 A_6 107 0 11
3 A_7 110 0 12
2 A_8 112 0 13
3 B_5 115 0 14
4 B_6 119 0 15
2 B_7 121 0 16
1 B_8 122 0 17
1 B_9 123 0 18
2 B_10 125 0 19
1 B_11 126 0 20
3 A_9 129 0 21
6 B_12 135 0 22
4 B_13 139 0 23
3 B_14 142 0 24
1 B_15 143 0 25
2 B_16 145 0 26
1 B_17 146 0 27
3 B_18 149 0 28
4 B_19 153 0 29
3 A_10 156 0 30
2 A_11 158 0 31
3 A_12 161 0 32
2 A_13 163 0 33
4 A_14 167 0 34
3 A_15 170 0 35
3 A_16 173 0 36
4 A_17 177 0 37
4 A_18 181 0 38
3 A_19 184 0 39
dp: 184 103.70999999999997 0.022092580795288086
---------------------
in formation_2
pass
---------------------
in formation_3
pass
---------------------
in formation_4
pass
---------------------
in formation_5
pass
---------------------
in formation_6
pass
---------------------
in formation_7
pass
error in formulation  []
