3
0 A_0 81 0 0
1 A_1 82 0 1
1 A_2 85 0 2
3 B_0 88 0 3
4 B_1 92 0 4
2 B_2 94 0 5
1 B_3 95 0 6
1 B_4 96 0 7
3 A_3 99 0 8
2 A_4 101 0 9
1 A_5 102 0 10
1 A_6 103 0 11
1 A_7 104 0 12
2 A_8 106 0 13
5 B_5 111 0 14
2 B_6 113 0 15
1 B_7 114 0 16
3 A_9 117 0 17
2 A_10 119 0 18
3 B_8 122 0 19
3 B_9 125 0 20
3 A_11 128 0 21
1 A_12 129 0 22
5 A_13 134 0 23
1 A_14 135 0 24
4 B_10 139 0 25
2 B_11 141 0 26
2 B_12 143 0 27
5 B_13 148 0 28
1 B_14 149 0 29
4 A_15 153 0 30
5 B_15 158 0 31
4 B_16 162 0 32
2 B_17 164 0 33
1 B_18 165 0 34
6 B_19 171 0 35
6 A_16 177 0 36
6 A_17 183 0 37
6 A_18 189 0 38
4 A_19 193 0 39
nldp: 193
---------------------
in formation_2
pass
---------------------
in formation_3
pass
---------------------
in formation_4
pass
---------------------
in formation_5
pass
---------------------
in formation_6
pass
---------------------
in formation_7
pass
error in formulation  []
