0
0 A_0 81 0 0
7 B_0 88 0 1
4 B_1 92 0 2
1 B_2 93 0 3
3 B_3 96 0 4
3 B_4 99 0 5
6 A_1 105 0 6
4 B_5 109 0 7
4 A_2 113 0 8
3 B_6 116 0 9
4 A_3 120 0 10
6 B_7 126 0 11
1 B_8 127 0 12
4 A_4 131 0 13
1 A_5 132 0 14
5 B_9 137 0 15
6 A_6 143 0 16
5 B_10 148 0 17
3 A_7 151 0 18
4 B_11 155 0 19
7 A_8 162 0 20
6 B_12 168 0 21
6 A_9 174 0 22
5 B_13 179 0 23
4 A_10 183 0 24
4 B_14 187 0 25
6 A_11 193 0 26
7 B_15 200 0 27
4 A_12 204 0 28
4 B_16 208 0 29
1 B_17 209 0 30
4 A_13 213 0 31
3 B_18 216 0 32
4 A_14 220 0 33
4 A_15 224 0 34
5 B_19 229 0 35
3 A_16 232 0 36
3 A_17 235 0 37
1 A_18 236 0 38
3 A_19 239 0 39
No lane change: 239 145.55725 6.29425048828125e-05
---------------------
in formation_2
pass
---------------------
in formation_3
pass
---------------------
in formation_4
pass
---------------------
in formation_5
pass
---------------------
in formation_6
pass
---------------------
in formation_7
pass
error in formulation  []
