1
0 B_0 81 0 0
2 A_0 85 1 1
4 B_1 89 0 2
1 B_2 90 0 3
2 A_1 94 1 4
2 B_3 98 0 5
4 A_2 102 1 6
3 B_4 106 0 7
5 B_5 111 0 8
6 A_3 117 1 9
3 B_6 120 0 10
2 A_4 122 1 11
6 B_7 128 0 12
1 B_8 129 0 13
3 B_9 132 0 14
1 A_5 133 1 15
1 B_10 134 0 16
3 A_6 137 1 17
1 B_11 141 0 18
3 A_7 145 1 19
2 B_12 149 0 20
4 A_8 153 1 21
4 B_13 157 0 22
6 A_9 163 1 23
3 B_14 166 0 24
1 A_10 169 1 25
5 B_15 174 0 26
4 A_11 178 1 27
5 B_16 183 0 28
6 A_12 189 1 29
3 B_17 192 1 30
2 A_13 194 0 31
1 B_18 197 1 32
4 B_19 201 1 33
2 A_14 205 0 34
3 A_15 208 0 35
5 A_16 213 0 36
3 A_17 216 0 37
4 A_18 220 0 38
2 A_19 222 0 39
greedy: 222
---------------------
in formation_2
pass
---------------------
in formation_3
pass
---------------------
in formation_4
pass
---------------------
in formation_5
pass
---------------------
in formation_6
pass
---------------------
in formation_7
pass
error in formulation  []
