2
[2, 2, 2, 2, 2, 2, 0, 0, 0, 2, 2, 2, 2, 2, 2, 2, 2, 2, 0, 0, 0, 0, 2, 2, 2, 2, 2, 0, 0, 0, 0, 0, 0, 0, 0, 0, 0, 0, 0, 0]
0 B_0 81 0 0
4 B_1 85 0 1
1 B_2 86 0 2
3 B_3 89 0 3
3 B_4 92 0 4
1 B_5 93 0 5
3 A_0 96 0 6
1 A_1 97 0 7
1 A_2 98 0 8
3 B_6 101 0 9
2 B_7 103 0 10
1 B_8 104 0 11
2 B_9 106 0 12
1 B_10 107 0 13
3 B_11 110 0 14
3 B_12 113 0 15
1 B_13 114 0 16
2 B_14 116 0 17
3 A_3 119 0 18
1 A_4 120 0 19
1 A_5 121 0 20
3 A_6 124 0 21
6 B_15 130 0 22
4 B_16 134 0 23
1 B_17 135 0 24
3 B_18 138 0 25
2 B_19 140 0 26
4 A_7 144 0 27
3 A_8 147 0 28
3 A_9 150 0 29
1 A_10 151 0 30
2 A_11 153 0 31
3 A_12 156 0 32
2 A_13 158 0 33
2 A_14 160 0 34
4 A_15 164 0 35
1 A_16 165 0 36
3 A_17 168 0 37
1 A_18 169 0 38
3 A_19 172 0 39
dp: 172 108.95724999999997 0.020462989807128906
---------------------
in formation_2
pass
---------------------
in formation_3
pass
---------------------
in formation_4
pass
---------------------
in formation_5
pass
---------------------
in formation_6
pass
---------------------
in formation_7
pass
error in formulation  []
