3
0 B_0 81 0 0
4 B_1 85 0 1
1 B_2 86 0 2
3 B_3 89 0 3
3 B_4 92 0 4
1 B_5 93 0 5
3 A_0 96 0 6
1 A_1 97 0 7
1 A_2 98 0 8
3 B_6 101 0 9
2 B_7 103 0 10
1 B_8 104 0 11
2 B_9 106 0 12
1 B_10 107 0 13
3 B_11 110 0 14
3 B_12 113 0 15
1 B_13 114 0 16
2 B_14 116 0 17
4 B_15 120 0 18
4 B_16 124 0 19
1 B_17 125 0 20
3 B_18 128 0 21
2 B_19 130 0 22
4 A_3 134 0 23
1 A_4 135 0 24
1 A_5 136 0 25
3 A_6 139 0 26
4 A_7 143 0 27
3 A_8 146 0 28
3 A_9 149 0 29
1 A_10 150 0 30
2 A_11 152 0 31
3 A_12 155 0 32
2 A_13 157 0 33
2 A_14 159 0 34
4 A_15 163 0 35
1 A_16 164 0 36
3 A_17 167 0 37
1 A_18 168 0 38
3 A_19 171 0 39
nldp: 171 108.88224999999997 0.003717184066772461
---------------------
in formation_2
pass
---------------------
in formation_3
pass
---------------------
in formation_4
pass
---------------------
in formation_5
pass
---------------------
in formation_6
pass
---------------------
in formation_7
pass
error in formulation  []
