0
0 A_0 81 0 0
3 A_1 84 0 1
4 A_2 88 0 2
5 B_0 93 0 3
3 B_1 96 0 4
4 B_2 100 0 5
2 B_3 102 0 6
5 A_3 107 0 7
4 B_4 111 0 8
6 A_4 117 0 9
1 A_5 118 0 10
5 B_5 123 0 11
2 B_6 125 0 12
4 B_7 129 0 13
2 B_8 131 0 14
7 A_6 138 0 15
3 B_9 141 0 16
4 B_10 145 0 17
3 A_7 148 0 18
1 A_8 149 0 19
6 B_11 155 0 20
2 B_12 157 0 21
3 B_13 160 0 22
5 A_9 165 0 23
3 A_10 168 0 24
4 B_14 172 0 25
1 B_15 173 0 26
5 A_11 178 0 27
1 A_12 179 0 28
6 B_16 185 0 29
4 B_17 189 0 30
3 B_18 192 0 31
4 A_13 196 0 32
3 B_19 199 0 33
4 A_14 203 0 34
4 A_15 207 0 35
4 A_16 211 0 36
1 A_17 212 0 37
3 A_18 215 0 38
2 A_19 217 0 39
No lane change: 217 122.70325000000003 6.508827209472656e-05
---------------------
in formation_2
pass
---------------------
in formation_3
pass
---------------------
in formation_4
pass
---------------------
in formation_5
pass
---------------------
in formation_6
pass
---------------------
in formation_7
pass
error in formulation  []
