1
0 A_0 81 0 0
3 A_1 84 0 1
4 A_2 88 0 2
3 B_0 91 1 3
3 B_1 94 1 4
4 B_2 98 1 5
2 B_3 100 1 6
2 A_3 102 0 7
1 B_4 103 1 8
3 A_4 106 0 9
1 A_5 107 0 10
3 B_5 110 1 11
2 B_6 112 1 12
4 B_7 116 1 13
2 B_8 118 1 14
4 A_6 122 0 15
3 B_9 125 0 16
4 B_10 129 0 17
3 A_7 132 0 18
1 A_8 133 0 19
4 B_11 137 1 20
2 B_12 139 1 21
3 B_13 142 1 22
2 A_9 144 0 23
3 A_10 147 0 24
2 B_14 149 1 25
1 B_15 150 1 26
2 A_11 152 0 27
1 A_12 153 0 28
4 B_16 157 1 29
4 B_17 161 1 30
3 B_18 164 1 31
1 A_13 165 0 32
3 B_19 168 0 33
1 A_14 169 1 34
4 A_15 173 1 35
4 A_16 177 1 36
1 A_17 178 1 37
3 A_18 181 1 38
2 A_19 183 1 39
greedy: 183 104.72825 0.0002827644348144531
---------------------
in formation_2
pass
---------------------
in formation_3
pass
---------------------
in formation_4
pass
---------------------
in formation_5
pass
---------------------
in formation_6
pass
---------------------
in formation_7
pass
error in formulation  []
