2
[0, 0, 0, 0, 2, 2, 2, 2, 2, 2, 2, 2, 2, 2, 2, 2, 2, 2, 2, 2, 0, 0, 0, 0, 0, 0, 0, 0, 0, 2, 2, 2, 2, 0, 0, 0, 0, 0, 0, 0]
0 A_0 81 0 0
3 A_1 84 0 1
4 A_2 88 0 2
3 A_3 92 0 3
5 B_0 97 0 4
3 B_1 100 0 5
4 B_2 104 0 6
2 B_3 106 0 7
2 B_4 108 0 8
1 B_5 109 0 9
2 B_6 111 0 10
4 B_7 115 0 11
2 B_8 117 0 12
4 B_9 121 0 13
4 B_10 125 0 14
2 B_11 127 0 15
2 B_12 129 0 16
3 B_13 132 0 17
2 B_14 134 0 18
1 B_15 135 0 19
4 A_4 139 0 20
1 A_5 140 0 21
3 A_6 143 0 22
1 A_7 144 0 23
1 A_8 145 0 24
1 A_9 146 0 25
3 A_10 149 0 26
4 A_11 153 0 27
1 A_12 154 0 28
6 B_16 160 0 29
4 B_17 164 0 30
3 B_18 167 0 31
1 B_19 168 0 32
3 A_13 171 0 33
3 A_14 174 0 34
4 A_15 178 0 35
4 A_16 182 0 36
1 A_17 183 0 37
3 A_18 186 0 38
2 A_19 188 0 39
dp: 188 107.45325000000003 0.02058100700378418
---------------------
in formation_2
pass
---------------------
in formation_3
pass
---------------------
in formation_4
pass
---------------------
in formation_5
pass
---------------------
in formation_6
pass
---------------------
in formation_7
pass
error in formulation  []
