3
0 A_0 81 0 0
3 A_1 84 0 1
5 B_0 89 0 2
3 B_1 92 0 3
3 A_2 95 0 4
3 A_3 98 0 5
3 B_2 101 0 6
2 B_3 103 0 7
2 B_4 105 0 8
1 B_5 106 0 9
2 B_6 108 0 10
4 B_7 112 0 11
2 B_8 114 0 12
4 B_9 118 0 13
4 B_10 122 0 14
2 B_11 124 0 15
2 B_12 126 0 16
3 B_13 129 0 17
2 B_14 131 0 18
1 B_15 132 0 19
3 B_16 135 0 20
4 A_4 139 0 21
1 A_5 140 0 22
3 A_6 143 0 23
1 A_7 144 0 24
1 A_8 145 0 25
1 A_9 146 0 26
3 A_10 149 0 27
4 A_11 153 0 28
1 A_12 154 0 29
3 B_17 157 0 30
3 B_18 160 0 31
1 B_19 161 0 32
3 A_13 164 0 33
3 A_14 167 0 34
4 A_15 171 0 35
4 A_16 175 0 36
1 A_17 176 0 37
3 A_18 179 0 38
2 A_19 181 0 39
nldp: 181 103.95325 0.003916025161743164
---------------------
in formation_2
pass
---------------------
in formation_3
pass
---------------------
in formation_4
pass
---------------------
in formation_5
pass
---------------------
in formation_6
pass
---------------------
in formation_7
pass
error in formulation  []
