0
0 A_0 81 0 0
4 B_0 85 0 1
7 A_1 92 0 2
1 A_2 93 0 3
5 A_3 98 0 4
4 A_4 102 0 5
3 A_5 105 0 6
8 B_1 113 0 7
4 A_6 117 0 8
7 B_2 124 0 9
4 A_7 128 0 10
7 B_3 135 0 11
4 A_8 139 0 12
3 A_9 142 0 13
5 B_4 147 0 14
5 B_5 152 0 15
7 A_10 159 0 16
2 A_11 161 0 17
9 B_6 170 0 18
3 A_12 173 0 19
6 B_7 179 0 20
9 A_13 188 0 21
6 B_8 194 0 22
5 A_14 199 0 23
8 B_9 207 0 24
8 A_15 215 0 25
5 A_16 220 0 26
9 B_10 229 0 27
5 B_11 234 0 28
1 B_12 235 0 29
2 B_13 237 0 30
5 B_14 242 0 31
8 A_17 250 0 32
9 B_15 259 0 33
6 A_18 265 0 34
9 B_16 274 0 35
6 B_17 280 0 36
6 B_18 286 0 37
6 A_19 292 0 38
10 B_19 302 0 39
9 A_20 311 0 40
6 B_20 317 0 41
9 A_21 326 0 42
1 A_22 327 0 43
4 A_23 331 0 44
3 A_24 334 0 45
3 A_25 337 0 46
3 B_21 340 0 47
1 B_22 341 0 48
2 B_23 343 0 49
9 A_26 352 0 50
1 A_27 353 0 51
9 B_24 362 0 52
8 A_28 370 0 53
3 B_25 373 0 54
5 B_26 378 0 55
5 B_27 383 0 56
4 B_28 387 0 57
6 B_29 393 0 58
9 A_29 402 0 59
6 A_30 408 0 60
5 A_31 413 0 61
6 A_32 419 0 62
7 B_30 426 0 63
3 B_31 429 0 64
7 A_33 436 0 65
2 A_34 438 0 66
2 A_35 440 0 67
6 B_32 446 0 68
6 B_33 452 0 69
8 A_36 460 0 70
8 B_34 468 0 71
10 A_37 478 0 72
8 B_35 486 0 73
6 B_36 492 0 74
6 A_38 498 0 75
2 A_39 500 0 76
6 B_37 506 0 77
1 B_38 507 0 78
6 B_39 513 0 79
No lane change: 513
---------------------
in formation_2
pass
---------------------
in formation_3
pass
---------------------
in formation_4
pass
---------------------
in formation_5
pass
---------------------
in formation_6
pass
---------------------
in formation_7
pass
error in formulation  []
