1
0 A_0 81 0 0
1 B_0 85 1 1
3 A_1 89 0 2
1 A_2 90 0 3
5 A_3 95 0 4
4 A_4 99 0 5
3 A_5 102 0 6
4 B_1 106 1 7
1 A_6 107 0 8
5 B_2 112 1 9
2 A_7 114 0 10
5 B_3 119 1 11
2 A_8 121 0 12
3 A_9 124 0 13
2 B_4 126 1 14
5 B_5 131 1 15
3 A_10 134 0 16
2 A_11 136 0 17
5 B_6 141 1 18
3 A_12 144 1 19
2 B_7 146 0 20
6 A_13 152 1 21
4 B_8 156 0 22
2 A_14 158 1 23
4 B_9 162 0 24
4 A_15 166 1 25
5 A_16 171 1 26
5 B_10 176 0 27
5 B_11 181 0 28
1 B_12 182 0 29
2 B_13 184 0 30
5 B_14 189 0 31
6 A_17 195 1 32
5 B_15 200 0 33
2 A_18 202 1 34
6 B_16 208 0 35
6 B_17 214 0 36
6 B_18 220 0 37
3 A_19 223 1 38
6 B_19 229 0 39
5 A_20 234 1 40
4 B_20 238 0 41
6 A_21 244 1 42
1 A_22 245 1 43
4 A_23 249 1 44
3 A_24 252 1 45
3 A_25 255 1 46
3 B_21 258 1 47
1 B_22 259 1 48
2 B_23 261 1 49
6 A_26 267 0 50
1 A_27 268 0 51
5 B_24 273 1 52
5 A_28 278 0 53
3 B_25 281 0 54
5 B_26 286 0 55
5 B_27 291 0 56
4 B_28 295 0 57
6 B_29 301 0 58
5 A_29 306 1 59
6 A_30 312 1 60
5 A_31 317 1 61
6 A_32 323 1 62
3 B_30 326 0 63
3 B_31 329 0 64
4 A_33 333 1 65
2 A_34 335 1 66
2 A_35 337 1 67
4 B_32 341 0 68
6 B_33 347 0 69
4 A_36 351 1 70
4 B_34 355 0 71
6 A_37 361 1 72
6 B_35 367 0 73
6 B_36 373 0 74
4 A_38 377 1 75
2 A_39 379 1 76
2 B_37 381 0 77
1 B_38 382 0 78
6 B_39 388 0 79
greedy: 388
---------------------
in formation_2
pass
---------------------
in formation_3
pass
---------------------
in formation_4
pass
---------------------
in formation_5
pass
---------------------
in formation_6
pass
---------------------
in formation_7
pass
error in formulation  []
