2
[0, 0, 0, 0, 0, 0, 0, 0, 0, 0, 0, 0, 0, 0, 0, 0, 2, 1, 2, 2, 2, 2, 2, 2, 1, 1, 2, 2, 2, 2, 2, 2, 2, 1, 2, 2, 2, 2, 1, 2, 2, 2, 2, 2, 2, 2, 2, 0, 0, 0, 0, 0, 0, 0, 0, 0, 2, 2, 2, 2, 2, 2, 2, 1, 2, 1, 2, 2, 2, 2, 2, 0, 0, 0, 0, 0, 0, 0, 0, 3]
0 A_0 81 0 0
4 A_1 85 0 1
1 A_2 86 0 2
5 A_3 91 0 3
4 A_4 95 0 4
3 A_5 98 0 5
1 A_6 99 0 6
4 A_7 103 0 7
5 A_8 108 0 8
3 A_9 111 0 9
1 A_10 112 0 10
2 A_11 114 0 11
3 A_12 117 0 12
4 A_13 121 0 13
4 A_14 125 0 14
1 A_15 126 0 15
4 B_0 130 0 16
1 A_16 131 1 17
3 B_1 134 0 18
3 B_2 137 0 19
1 B_3 138 0 20
4 B_4 142 0 21
5 B_5 147 0 22
3 B_6 150 0 23
2 A_17 152 1 24
4 A_18 156 1 25
3 B_7 159 0 26
4 B_8 163 0 27
2 B_9 165 0 28
2 B_10 167 0 29
5 B_11 172 0 30
1 B_12 173 0 31
2 B_13 175 0 32
4 A_19 179 1 33
4 B_14 183 0 34
3 B_15 186 0 35
4 B_16 190 0 36
6 B_17 196 0 37
3 A_20 199 1 38
3 B_18 202 0 39
1 B_19 203 0 40
6 B_20 209 0 41
2 B_21 211 0 42
1 B_22 212 0 43
2 B_23 214 0 44
4 B_24 218 0 45
2 B_25 220 0 46
3 A_21 223 0 47
1 A_22 224 0 48
4 A_23 228 0 49
3 A_24 231 0 50
3 A_25 234 0 51
2 A_26 236 0 52
1 A_27 237 0 53
1 A_28 238 0 54
1 A_29 239 0 55
8 B_26 247 0 56
5 B_27 252 0 57
4 B_28 256 0 58
6 B_29 262 0 59
3 B_30 265 0 60
3 B_31 268 0 61
5 B_32 273 0 62
4 A_30 277 1 63
5 B_33 282 0 64
4 A_31 286 1 65
1 B_34 287 0 66
1 B_35 288 0 67
6 B_36 294 0 68
4 B_37 298 0 69
1 B_38 299 0 70
4 A_32 303 0 71
3 A_33 306 0 72
2 A_34 308 0 73
2 A_35 310 0 74
2 A_36 312 0 75
6 A_37 318 0 76
1 A_38 319 0 77
2 A_39 321 0 78
3 B_39 324 1 79
dp: 324
---------------------
in formation_2
pass
---------------------
in formation_3
pass
---------------------
in formation_4
pass
---------------------
in formation_5
pass
---------------------
in formation_6
pass
---------------------
in formation_7
pass
error in formulation  []
