3
0 B_0 82 0 0
4 A_0 86 0 1
4 A_1 90 0 2
1 A_2 91 0 3
5 A_3 96 0 4
4 A_4 100 0 5
3 A_5 103 0 6
1 A_6 104 0 7
4 B_1 108 0 8
3 B_2 111 0 9
1 B_3 112 0 10
4 B_4 116 0 11
5 B_5 121 0 12
3 B_6 124 0 13
5 B_7 129 0 14
4 B_8 133 0 15
2 B_9 135 0 16
2 B_10 137 0 17
5 B_11 142 0 18
1 B_12 143 0 19
2 B_13 145 0 20
4 A_7 149 0 21
3 B_14 152 0 22
4 A_8 156 0 23
3 A_9 159 0 24
1 A_10 160 0 25
2 A_11 162 0 26
3 A_12 165 0 27
4 A_13 169 0 28
4 A_14 173 0 29
1 A_15 174 0 30
5 A_16 179 0 31
4 B_15 183 0 32
4 B_16 187 0 33
6 B_17 193 0 34
6 B_18 199 0 35
1 B_19 200 0 36
4 A_17 204 0 37
4 A_18 208 0 38
4 B_20 212 0 39
2 B_21 214 0 40
1 B_22 215 0 41
2 B_23 217 0 42
4 B_24 221 0 43
2 B_25 223 0 44
5 B_26 228 0 45
5 B_27 233 0 46
4 B_28 237 0 47
6 B_29 243 0 48
3 B_30 246 0 49
3 B_31 249 0 50
5 B_32 254 0 51
3 A_19 257 0 52
4 A_20 261 0 53
4 A_21 265 0 54
1 A_22 266 0 55
4 A_23 270 0 56
3 A_24 273 0 57
3 A_25 276 0 58
2 A_26 278 0 59
1 A_27 279 0 60
1 A_28 280 0 61
1 A_29 281 0 62
4 B_33 285 0 63
6 B_34 291 0 64
1 B_35 292 0 65
5 A_30 297 0 66
5 A_31 302 0 67
6 A_32 308 0 68
3 A_33 311 0 69
2 A_34 313 0 70
2 A_35 315 0 71
2 A_36 317 0 72
6 A_37 323 0 73
1 A_38 324 0 74
2 A_39 326 0 75
5 B_36 331 0 76
4 B_37 335 0 77
1 B_38 336 0 78
6 B_39 342 0 79
nldp: 342
---------------------
in formation_2
pass
---------------------
in formation_3
pass
---------------------
in formation_4
pass
---------------------
in formation_5
pass
---------------------
in formation_6
pass
---------------------
in formation_7
pass
error in formulation  []
