0
0 B_0 81 0 0
4 A_0 85 0 1
2 A_1 87 0 2
6 B_1 93 0 3
3 B_2 96 0 4
6 A_2 102 0 5
1 A_3 103 0 6
6 B_3 109 0 7
7 A_4 116 0 8
3 B_4 119 0 9
7 A_5 126 0 10
1 A_6 127 0 11
3 A_7 130 0 12
1 A_8 131 0 13
4 B_5 135 0 14
4 B_6 139 0 15
7 A_9 146 0 16
6 B_7 152 0 17
7 A_10 159 0 18
2 A_11 161 0 19
1 A_12 162 0 20
7 B_8 169 0 21
5 A_13 174 0 22
2 A_14 176 0 23
2 A_15 178 0 24
6 B_9 184 0 25
2 B_10 186 0 26
4 A_16 190 0 27
4 A_17 194 0 28
3 A_18 197 0 29
5 B_11 202 0 30
3 B_12 205 0 31
3 B_13 208 0 32
6 A_19 214 0 33
3 B_14 217 0 34
2 B_15 219 0 35
4 B_16 223 0 36
2 B_17 225 0 37
1 B_18 226 0 38
1 B_19 227 0 39
No lane change: 227 131.236 6.389617919921875e-05
---------------------
in formation_2
pass
---------------------
in formation_3
pass
---------------------
in formation_4
pass
---------------------
in formation_5
pass
---------------------
in formation_6
pass
---------------------
in formation_7
pass
error in formulation  []
