1
0 B_0 82 0 0
1 B_1 83 0 1
3 A_0 86 0 2
4 B_2 90 1 3
4 B_3 94 1 4
1 B_4 98 1 5
2 B_5 102 1 6
4 B_6 106 1 7
3 B_7 110 1 8
5 A_1 115 0 9
5 A_2 120 0 10
6 A_3 126 0 11
3 B_8 129 1 12
4 B_9 133 1 13
3 B_10 136 1 14
5 B_11 141 1 15
2 B_12 143 1 16
6 B_13 149 1 17
2 B_14 151 1 18
3 A_4 154 1 19
5 A_5 159 1 20
3 B_15 162 1 21
3 A_6 165 0 22
5 B_16 170 1 23
3 B_17 173 1 24
5 B_18 178 1 25
4 B_19 182 1 26
3 A_7 185 0 27
5 A_8 190 0 28
6 A_9 196 0 29
4 A_10 200 0 30
1 A_11 201 0 31
5 A_12 206 0 32
1 A_13 207 0 33
5 A_14 212 0 34
5 A_15 217 0 35
4 A_16 221 0 36
1 A_17 222 0 37
2 A_18 224 0 38
1 A_19 225 0 39
greedy: 225
---------------------
in formation_2
pass
---------------------
in formation_3
pass
---------------------
in formation_4
pass
---------------------
in formation_5
pass
---------------------
in formation_6
pass
---------------------
in formation_7
pass
error in formulation  []
