2
[2, 2, 2, 2, 2, 2, 1, 2, 2, 2, 1, 2, 2, 0, 0, 0, 3, 0, 0, 0, 3, 0, 3, 0, 0, 0, 3, 0, 1, 2, 2, 2, 0, 0, 3, 3, 0, 0, 0, 0]
0 B_0 82 0 0
1 B_1 83 0 1
2 B_2 87 0 2
4 B_3 91 0 3
1 B_4 92 0 4
2 B_5 94 0 5
4 A_0 98 1 6
4 B_6 102 0 7
3 B_7 105 0 8
2 B_8 107 0 9
1 A_1 108 1 10
4 B_9 112 0 11
3 B_10 115 0 12
3 A_2 118 0 13
6 A_3 124 0 14
2 A_4 126 0 15
1 B_11 127 1 16
1 A_5 128 0 17
2 A_6 130 0 18
1 A_7 131 0 19
4 B_12 135 1 20
2 A_8 137 0 21
3 B_13 141 1 22
1 A_9 145 0 23
4 A_10 149 0 24
1 A_11 150 0 25
4 B_14 154 1 26
2 A_12 156 0 27
3 A_13 159 1 28
2 B_15 163 0 29
2 B_16 165 0 30
3 B_17 168 0 31
3 A_14 171 0 32
5 A_15 176 0 33
4 B_18 180 1 34
4 B_19 184 1 35
4 A_16 188 0 36
1 A_17 189 0 37
2 A_18 191 0 38
1 A_19 192 0 39
dp: 192
---------------------
in formation_2
pass
---------------------
in formation_3
pass
---------------------
in formation_4
pass
---------------------
in formation_5
pass
---------------------
in formation_6
pass
---------------------
in formation_7
pass
error in formulation  []
