3
0 A_0 82 0 0
2 A_1 84 0 1
4 B_0 88 0 2
2 B_1 90 0 3
3 B_2 93 0 4
3 B_3 96 0 5
1 B_4 97 0 6
3 A_2 100 0 7
1 A_3 101 0 8
4 A_4 105 0 9
2 A_5 107 0 10
1 A_6 108 0 11
3 A_7 111 0 12
1 A_8 112 0 13
2 A_9 114 0 14
4 A_10 118 0 15
2 A_11 120 0 16
1 A_12 121 0 17
4 A_13 125 0 18
2 A_14 127 0 19
2 A_15 129 0 20
2 A_16 131 0 21
3 B_5 134 0 22
4 B_6 138 0 23
2 B_7 140 0 24
1 B_8 141 0 25
4 B_9 145 0 26
2 B_10 147 0 27
2 B_11 149 0 28
3 B_12 152 0 29
3 B_13 155 0 30
1 B_14 156 0 31
2 B_15 158 0 32
4 B_16 162 0 33
2 B_17 164 0 34
1 B_18 165 0 35
1 B_19 166 0 36
4 A_17 170 0 37
3 A_18 173 0 38
4 A_19 177 0 39
nldp: 177 100.68600000000004 0.0020132064819335938
---------------------
in formation_2
pass
---------------------
in formation_3
pass
---------------------
in formation_4
pass
---------------------
in formation_5
pass
---------------------
in formation_6
pass
---------------------
in formation_7
pass
error in formulation  []
