0
0 B_0 81 0 0
5 A_0 86 0 1
4 B_1 90 0 2
4 A_1 94 0 3
3 A_2 97 0 4
4 B_2 101 0 5
3 B_3 104 0 6
3 B_4 107 0 7
6 A_3 113 0 8
4 A_4 117 0 9
5 B_5 122 0 10
6 A_5 128 0 11
5 B_6 133 0 12
4 A_6 137 0 13
4 A_7 141 0 14
4 A_8 145 0 15
3 A_9 148 0 16
3 A_10 151 0 17
6 B_7 157 0 18
7 A_11 164 0 19
7 B_8 171 0 20
4 A_12 175 0 21
6 B_9 181 0 22
2 B_10 183 0 23
4 A_13 187 0 24
7 B_11 194 0 25
5 A_14 199 0 26
2 A_15 201 0 27
6 B_12 207 0 28
4 B_13 211 0 29
6 A_16 217 0 30
3 B_14 220 0 31
1 B_15 221 0 32
5 A_17 226 0 33
3 B_16 229 0 34
4 A_18 233 0 35
1 A_19 234 0 36
5 B_17 239 0 37
3 B_18 242 0 38
1 B_19 243 0 39
No lane change: 243 141.41624999999993 6.604194641113281e-05
---------------------
in formation_2
pass
---------------------
in formation_3
pass
---------------------
in formation_4
pass
---------------------
in formation_5
pass
---------------------
in formation_6
pass
---------------------
in formation_7
pass
error in formulation  []
