1
0 B_0 81 0 0
2 A_0 83 1 1
2 B_1 85 0 2
2 A_1 87 1 3
3 A_2 90 1 4
2 B_2 92 0 5
3 B_3 95 0 6
3 B_4 98 0 7
3 A_3 101 1 8
4 A_4 105 1 9
2 B_5 107 0 10
3 A_5 110 1 11
3 B_6 113 0 12
1 A_6 114 1 13
4 A_7 118 1 14
4 A_8 122 1 15
3 A_9 125 1 16
3 A_10 128 1 17
3 B_7 131 0 18
4 A_11 135 1 19
4 B_8 139 0 20
1 A_12 140 1 21
3 B_9 143 0 22
2 B_10 145 0 23
1 A_13 146 1 24
4 B_11 150 0 25
3 A_14 153 1 26
2 A_15 155 1 27
4 B_12 159 0 28
4 B_13 163 0 29
3 A_16 166 1 30
3 B_14 169 1 31
1 B_15 170 1 32
3 A_17 173 0 33
3 B_16 176 0 34
1 A_18 177 1 35
1 A_19 178 1 36
3 B_17 181 0 37
3 B_18 184 0 38
1 B_19 185 0 39
greedy: 185 109.99125 0.00023484230041503906
---------------------
in formation_2
pass
---------------------
in formation_3
pass
---------------------
in formation_4
pass
---------------------
in formation_5
pass
---------------------
in formation_6
pass
---------------------
in formation_7
pass
error in formulation  []
