2
[2, 1, 2, 2, 2, 2, 0, 3, 0, 0, 3, 0, 0, 0, 0, 3, 0, 0, 0, 3, 3, 0, 0, 0, 0, 0, 2, 2, 1, 2, 2, 2, 1, 2, 2, 2, 2, 2, 0, 0]
0 B_0 82 0 0
2 A_0 86 1 1
5 B_1 91 0 2
2 B_2 93 0 3
5 B_3 98 0 4
1 B_4 99 0 5
4 A_1 103 0 6
4 B_5 107 1 7
3 A_2 110 0 8
3 A_3 113 0 9
3 B_6 116 1 10
1 A_4 117 0 11
1 A_5 118 0 12
1 A_6 119 0 13
1 A_7 120 0 14
1 B_7 121 1 15
2 A_8 123 0 16
3 A_9 126 0 17
3 A_10 129 0 18
4 B_8 133 1 19
3 B_9 136 1 20
2 A_11 138 0 21
2 A_12 140 0 22
2 A_13 142 0 23
2 A_14 144 0 24
2 A_15 146 0 25
7 B_10 153 0 26
2 B_11 155 0 27
3 A_16 158 1 28
3 B_12 161 0 29
4 B_13 165 0 30
2 B_14 167 0 31
4 A_17 171 1 32
1 B_15 172 0 33
4 B_16 176 0 34
6 B_17 182 0 35
4 B_18 186 0 36
1 B_19 187 0 37
5 A_18 192 0 38
1 A_19 193 0 39
dp: 193
---------------------
in formation_2
pass
---------------------
in formation_3
pass
---------------------
in formation_4
pass
---------------------
in formation_5
pass
---------------------
in formation_6
pass
---------------------
in formation_7
pass
error in formulation  []
