3
0 A_0 82 0 0
1 A_1 83 0 1
3 B_0 86 0 2
1 B_1 87 0 3
3 B_2 90 0 4
3 B_3 93 0 5
3 B_4 96 0 6
4 A_2 100 0 7
1 A_3 101 0 8
4 A_4 105 0 9
3 A_5 108 0 10
2 A_6 110 0 11
3 B_5 113 0 12
3 B_6 116 0 13
4 A_7 120 0 14
4 A_8 124 0 15
3 B_7 127 0 16
3 B_8 130 0 17
2 B_9 132 0 18
2 B_10 134 0 19
4 B_11 138 0 20
3 B_12 141 0 21
3 A_9 144 0 22
3 A_10 147 0 23
2 A_11 149 0 24
3 A_12 152 0 25
1 A_13 153 0 26
2 A_14 155 0 27
2 A_15 157 0 28
4 A_16 161 0 29
2 A_17 163 0 30
2 A_18 165 0 31
1 A_19 166 0 32
4 B_13 170 0 33
3 B_14 173 0 34
1 B_15 174 0 35
3 B_16 177 0 36
1 B_17 178 0 37
3 B_18 181 0 38
1 B_19 182 0 39
nldp: 182 109.76625000000001 0.0035791397094726562
---------------------
in formation_2
pass
---------------------
in formation_3
pass
---------------------
in formation_4
pass
---------------------
in formation_5
pass
---------------------
in formation_6
pass
---------------------
in formation_7
pass
error in formulation  []
