0
0 B_0 81 0 0
6 A_0 87 0 1
6 B_1 93 0 2
4 B_2 97 0 3
7 A_1 104 0 4
2 A_2 106 0 5
3 A_3 109 0 6
8 B_3 117 0 7
6 A_4 123 0 8
6 B_4 129 0 9
6 B_5 135 0 10
1 B_6 136 0 11
2 B_7 138 0 12
8 A_5 146 0 13
5 B_8 151 0 14
6 A_6 157 0 15
5 B_9 162 0 16
7 A_7 169 0 17
6 A_8 175 0 18
9 B_10 184 0 19
1 B_11 185 0 20
4 A_9 189 0 21
9 B_12 198 0 22
10 A_10 208 0 23
7 B_13 215 0 24
1 B_14 216 0 25
5 B_15 221 0 26
1 B_16 222 0 27
4 A_11 226 0 28
4 B_17 230 0 29
3 A_12 233 0 30
8 B_18 241 0 31
5 A_13 246 0 32
6 B_19 252 0 33
7 A_14 259 0 34
4 A_15 263 0 35
4 B_20 267 0 36
8 A_16 275 0 37
6 B_21 281 0 38
8 A_17 289 0 39
10 B_22 299 0 40
6 B_23 305 0 41
8 A_18 313 0 42
6 B_24 319 0 43
2 B_25 321 0 44
1 B_26 322 0 45
3 B_27 325 0 46
6 A_19 331 0 47
6 B_28 337 0 48
6 B_29 343 0 49
4 B_30 347 0 50
8 A_20 355 0 51
2 A_21 357 0 52
8 B_31 365 0 53
6 B_32 371 0 54
5 B_33 376 0 55
7 A_22 383 0 56
6 A_23 389 0 57
2 A_24 391 0 58
2 A_25 393 0 59
1 A_26 394 0 60
7 B_34 401 0 61
6 A_27 407 0 62
5 B_35 412 0 63
4 B_36 416 0 64
4 B_37 420 0 65
7 A_28 427 0 66
8 B_38 435 0 67
3 B_39 438 0 68
7 A_29 445 0 69
6 B_40 451 0 70
2 B_41 453 0 71
8 A_30 461 0 72
5 A_31 466 0 73
10 B_42 476 0 74
4 B_43 480 0 75
6 B_44 486 0 76
3 B_45 489 0 77
6 B_46 495 0 78
4 B_47 499 0 79
10 A_32 509 0 80
5 A_33 514 0 81
6 B_48 520 0 82
4 B_49 524 0 83
5 B_50 529 0 84
3 B_51 532 0 85
6 A_34 538 0 86
8 B_52 546 0 87
3 B_53 549 0 88
1 B_54 550 0 89
1 B_55 551 0 90
6 B_56 557 0 91
8 A_35 565 0 92
1 A_36 566 0 93
1 A_37 567 0 94
6 B_57 573 0 95
8 A_38 581 0 96
6 A_39 587 0 97
3 A_40 590 0 98
3 B_58 593 0 99
8 A_41 601 0 100
9 B_59 610 0 101
9 A_42 619 0 102
6 A_43 625 0 103
1 A_44 626 0 104
2 A_45 628 0 105
5 A_46 633 0 106
6 A_47 639 0 107
6 A_48 645 0 108
5 A_49 650 0 109
6 A_50 656 0 110
1 A_51 657 0 111
1 A_52 658 0 112
4 A_53 662 0 113
2 A_54 664 0 114
3 A_55 667 0 115
2 A_56 669 0 116
5 A_57 674 0 117
4 A_58 678 0 118
5 A_59 683 0 119
No lane change: 683
---------------------
in formation_2
pass
---------------------
in formation_3
pass
---------------------
in formation_4
pass
---------------------
in formation_5
pass
---------------------
in formation_6
pass
---------------------
in formation_7
pass
error in formulation  []
