1
0 B_0 81 0 0
2 A_0 85 1 1
3 B_1 89 0 2
4 B_2 93 0 3
3 A_1 96 1 4
2 A_2 98 1 5
3 A_3 102 1 6
5 B_3 107 0 7
2 A_4 110 1 8
3 B_4 114 0 9
6 B_5 120 0 10
1 B_6 121 0 11
2 B_7 123 0 12
6 A_5 129 1 13
1 B_8 130 0 14
3 A_6 133 1 15
1 B_9 134 0 16
4 A_7 138 1 17
6 A_8 144 1 18
6 B_10 150 0 19
1 B_11 151 0 20
1 A_9 152 1 21
6 B_12 158 0 22
6 A_10 164 1 23
5 B_13 169 0 24
1 B_14 170 0 25
5 B_15 175 0 26
1 B_16 176 0 27
1 A_11 177 1 28
2 B_17 179 0 29
3 A_12 182 0 30
4 B_18 186 1 31
2 A_13 188 0 32
3 B_19 191 1 33
3 A_14 194 0 34
4 A_15 198 0 35
1 B_20 199 1 36
6 A_16 205 0 37
3 B_21 208 1 38
5 A_17 213 0 39
6 B_22 219 1 40
6 B_23 225 1 41
6 A_18 231 0 42
2 B_24 233 1 43
2 B_25 235 1 44
1 B_26 236 1 45
3 B_27 239 1 46
2 A_19 241 0 47
3 B_28 244 1 48
6 B_29 250 1 49
4 B_30 254 1 50
5 A_20 259 0 51
2 A_21 261 0 52
5 B_31 266 1 53
6 B_32 272 1 54
5 B_33 277 1 55
3 A_22 280 0 56
6 A_23 286 0 57
2 A_24 288 0 58
2 A_25 290 0 59
1 A_26 291 0 60
5 B_34 296 1 61
4 A_27 300 0 62
3 B_35 303 1 63
4 B_36 307 1 64
4 B_37 311 1 65
3 A_28 314 0 66
6 B_38 320 1 67
3 B_39 323 1 68
4 A_29 327 0 69
3 B_40 330 1 70
2 B_41 332 1 71
6 A_30 338 0 72
5 A_31 343 0 73
6 B_42 349 1 74
4 B_43 353 1 75
6 B_44 359 1 76
3 B_45 362 1 77
6 B_46 368 1 78
4 B_47 372 1 79
6 A_32 378 0 80
5 A_33 383 0 81
3 B_48 386 1 82
4 B_49 390 1 83
5 B_50 395 1 84
3 B_51 398 1 85
4 A_34 402 0 86
5 B_52 407 1 87
3 B_53 410 1 88
1 B_54 411 1 89
1 B_55 412 1 90
6 B_56 418 1 91
5 A_35 423 0 92
1 A_36 424 0 93
1 A_37 425 0 94
3 B_57 428 1 95
4 A_38 432 0 96
6 A_39 438 0 97
3 A_40 441 0 98
3 B_58 444 0 99
4 A_41 448 1 100
5 B_59 453 0 101
5 A_42 458 1 102
6 A_43 464 1 103
1 A_44 465 1 104
2 A_45 467 1 105
5 A_46 472 1 106
6 A_47 478 1 107
6 A_48 484 1 108
5 A_49 489 1 109
6 A_50 495 1 110
1 A_51 496 1 111
1 A_52 497 1 112
4 A_53 501 1 113
2 A_54 503 1 114
3 A_55 506 1 115
2 A_56 508 1 116
5 A_57 513 1 117
4 A_58 517 1 118
5 A_59 522 1 119
greedy: 522
---------------------
in formation_2
pass
---------------------
in formation_3
pass
---------------------
in formation_4
pass
---------------------
in formation_5
pass
---------------------
in formation_6
pass
---------------------
in formation_7
pass
error in formulation  []
