2
[2, 2, 2, 2, 2, 1, 2, 2, 2, 2, 2, 2, 2, 2, 2, 2, 2, 2, 1, 2, 2, 0, 0, 0, 0, 0, 0, 3, 0, 3, 0, 3, 3, 0, 0, 0, 3, 1, 2, 2, 2, 2, 2, 1, 1, 2, 2, 2, 1, 2, 1, 2, 2, 2, 2, 2, 2, 2, 2, 2, 3, 0, 0, 0, 0, 0, 3, 0, 0, 0, 0, 3, 0, 0, 0, 0, 0, 0, 0, 0, 0, 0, 0, 0, 3, 0, 0, 3, 1, 2, 2, 1, 2, 0, 0, 0, 0, 3, 0, 3, 0, 0, 3, 0, 0, 0, 0, 0, 0, 0, 2, 2, 2, 1, 1, 2, 2, 2, 2, 1]
0 B_0 81 0 0
3 B_1 84 0 1
4 B_2 88 0 2
2 B_3 90 0 3
3 B_4 93 0 4
4 A_0 97 1 5
2 B_5 100 0 6
1 B_6 101 0 7
2 B_7 103 0 8
2 B_8 105 0 9
3 B_9 108 0 10
4 B_10 112 0 11
1 B_11 113 0 12
4 B_12 117 0 13
4 B_13 121 0 14
1 B_14 122 0 15
5 B_15 127 0 16
1 B_16 128 0 17
2 A_1 130 1 18
5 B_17 135 0 19
1 B_18 136 0 20
3 A_2 139 0 21
3 A_3 142 0 22
4 A_4 146 0 23
2 A_5 148 0 24
5 A_6 153 0 25
2 A_7 155 0 26
3 B_19 158 1 27
1 A_8 159 0 28
4 B_20 163 1 29
4 A_9 167 0 30
1 B_21 168 1 31
2 B_22 170 1 32
1 A_10 171 0 33
3 A_11 174 0 34
1 A_12 175 0 35
3 B_23 178 1 36
3 A_13 181 1 37
1 B_24 182 0 38
2 B_25 184 0 39
1 B_26 185 0 40
3 B_27 188 0 41
3 B_28 191 0 42
1 A_14 192 1 43
4 A_15 196 1 44
1 B_29 197 0 45
4 B_30 201 0 46
1 B_31 202 0 47
3 A_16 205 1 48
1 B_32 206 0 49
4 A_17 210 1 50
3 B_33 213 0 51
1 B_34 214 0 52
4 B_35 218 0 53
4 B_36 222 0 54
4 B_37 226 0 55
1 B_38 227 0 56
3 B_39 230 0 57
2 B_40 232 0 58
2 B_41 234 0 59
4 B_42 238 1 60
2 A_18 240 0 61
2 A_19 242 0 62
1 A_20 243 0 63
2 A_21 245 0 64
1 A_22 246 0 65
3 B_43 249 1 66
3 A_23 252 0 67
2 A_24 254 0 68
2 A_25 256 0 69
1 A_26 257 0 70
1 B_44 258 1 71
2 A_27 260 0 72
3 A_28 263 0 73
4 A_29 267 0 74
3 A_30 270 0 75
5 A_31 275 0 76
4 A_32 279 0 77
5 A_33 284 0 78
4 A_34 288 0 79
1 A_35 289 0 80
1 A_36 290 0 81
1 A_37 291 0 82
3 A_38 294 0 83
2 B_45 296 1 84
2 A_39 298 0 85
3 A_40 301 0 86
2 B_46 303 1 87
4 A_41 307 1 88
4 B_47 311 0 89
3 B_48 314 0 90
5 A_42 319 1 91
3 B_49 322 0 92
5 A_43 327 0 93
1 A_44 328 0 94
2 A_45 330 0 95
5 A_46 335 0 96
1 B_50 336 1 97
3 A_47 339 0 98
4 B_51 343 1 99
3 A_48 346 0 100
5 A_49 351 0 101
4 B_52 355 1 102
2 A_50 357 0 103
1 A_51 358 0 104
1 A_52 359 0 105
4 A_53 363 0 106
2 A_54 365 0 107
3 A_55 368 0 108
2 A_56 370 0 109
6 B_53 376 0 110
1 B_54 377 0 111
1 B_55 378 0 112
4 A_57 382 1 113
4 A_58 386 1 114
4 B_56 390 0 115
3 B_57 393 0 116
2 B_58 395 0 117
1 B_59 396 0 118
1 A_59 397 1 119
dp: 397
---------------------
in formation_2
pass
---------------------
in formation_3
pass
---------------------
in formation_4
pass
---------------------
in formation_5
pass
---------------------
in formation_6
pass
---------------------
in formation_7
pass
error in formulation  []
