3
0 B_0 85 0 0
2 B_1 87 0 1
3 B_2 90 0 2
4 B_3 94 0 3
3 B_4 97 0 4
4 B_5 101 0 5
3 A_0 104 0 6
2 A_1 106 0 7
1 A_2 107 0 8
1 A_3 108 0 9
2 A_4 110 0 10
3 A_5 113 0 11
1 A_6 114 0 12
3 A_7 117 0 13
1 A_8 118 0 14
4 A_9 122 0 15
1 A_10 123 0 16
4 B_6 127 0 17
1 B_7 128 0 18
3 A_11 131 0 19
1 A_12 132 0 20
1 A_13 133 0 21
2 A_14 135 0 22
4 B_8 139 0 23
1 B_9 140 0 24
1 B_10 141 0 25
3 B_11 144 0 26
1 B_12 145 0 27
4 A_15 149 0 28
2 A_16 151 0 29
3 A_17 154 0 30
4 A_18 158 0 31
2 A_19 160 0 32
1 A_20 161 0 33
2 A_21 163 0 34
4 A_22 167 0 35
2 A_23 169 0 36
3 A_24 172 0 37
2 A_25 174 0 38
3 B_13 177 0 39
1 B_14 178 0 40
2 B_15 180 0 41
3 B_16 183 0 42
3 B_17 186 0 43
1 B_18 187 0 44
1 B_19 188 0 45
1 B_20 189 0 46
1 B_21 190 0 47
2 B_22 192 0 48
1 B_23 193 0 49
4 B_24 197 0 50
1 B_25 198 0 51
3 B_26 201 0 52
3 B_27 204 0 53
2 B_28 206 0 54
2 B_29 208 0 55
2 B_30 210 0 56
1 B_31 211 0 57
1 B_32 212 0 58
2 B_33 214 0 59
3 A_26 217 0 60
4 A_27 221 0 61
2 A_28 223 0 62
3 A_29 226 0 63
1 A_30 227 0 64
1 A_31 228 0 65
3 B_34 231 0 66
1 B_35 232 0 67
2 B_36 234 0 68
4 A_32 238 0 69
4 A_33 242 0 70
4 A_34 246 0 71
3 A_35 249 0 72
3 A_36 252 0 73
2 A_37 254 0 74
4 A_38 258 0 75
3 A_39 261 0 76
3 A_40 264 0 77
1 A_41 265 0 78
3 B_37 268 0 79
4 A_42 272 0 80
2 A_43 274 0 81
4 A_44 278 0 82
3 A_45 281 0 83
3 A_46 284 0 84
2 A_47 286 0 85
3 B_38 289 0 86
3 B_39 292 0 87
4 B_40 296 0 88
3 A_48 299 0 89
2 A_49 301 0 90
2 A_50 303 0 91
2 A_51 305 0 92
3 B_41 308 0 93
2 B_42 310 0 94
1 B_43 311 0 95
2 B_44 313 0 96
4 B_45 317 0 97
3 A_52 320 0 98
1 A_53 321 0 99
1 A_54 322 0 100
4 A_55 326 0 101
3 A_56 329 0 102
1 A_57 330 0 103
2 A_58 332 0 104
4 A_59 336 0 105
3 B_46 339 0 106
1 B_47 340 0 107
3 B_48 343 0 108
4 B_49 347 0 109
1 B_50 348 0 110
3 B_51 351 0 111
1 B_52 352 0 112
3 B_53 355 0 113
1 B_54 356 0 114
4 B_55 360 0 115
3 B_56 363 0 116
4 B_57 367 0 117
4 B_58 371 0 118
3 B_59 374 0 119
nldp: 374 137.88258333333334 0.022446632385253906
---------------------
in formation_2
pass
---------------------
in formation_3
pass
---------------------
in formation_4
pass
---------------------
in formation_5
pass
---------------------
in formation_6
pass
---------------------
in formation_7
pass
error in formulation  []
