0
0 A_0 81 0 0
6 B_0 87 0 1
5 A_1 92 0 2
6 B_1 98 0 3
5 A_2 103 0 4
3 B_2 106 0 5
1 B_3 107 0 6
4 A_3 111 0 7
2 A_4 113 0 8
6 B_4 119 0 9
4 A_5 123 0 10
6 B_5 129 0 11
4 B_6 133 0 12
4 A_6 137 0 13
4 B_7 141 0 14
3 B_8 144 0 15
6 A_7 150 0 16
1 A_8 151 0 17
2 A_9 153 0 18
3 A_10 156 0 19
7 B_9 163 0 20
2 B_10 165 0 21
7 A_11 172 0 22
5 B_11 177 0 23
4 A_12 181 0 24
4 A_13 185 0 25
4 B_12 189 0 26
5 A_14 194 0 27
4 B_13 198 0 28
6 A_15 204 0 29
6 B_14 210 0 30
1 B_15 211 0 31
4 A_16 215 0 32
4 B_16 219 0 33
5 A_17 224 0 34
4 B_17 228 0 35
4 A_18 232 0 36
4 B_18 236 0 37
5 A_19 241 0 38
5 B_19 246 0 39
5 A_20 251 0 40
6 B_20 257 0 41
4 A_21 261 0 42
4 B_21 265 0 43
5 A_22 270 0 44
7 B_22 277 0 45
4 B_23 281 0 46
4 B_24 285 0 47
7 A_23 292 0 48
4 B_25 296 0 49
3 A_24 299 0 50
6 B_26 305 0 51
6 A_25 311 0 52
6 B_27 317 0 53
5 A_26 322 0 54
5 B_28 327 0 55
5 A_27 332 0 56
4 B_29 336 0 57
4 A_28 340 0 58
6 B_30 346 0 59
5 A_29 351 0 60
4 B_31 355 0 61
5 A_30 360 0 62
2 A_31 362 0 63
4 B_32 366 0 64
4 A_32 370 0 65
5 B_33 375 0 66
4 A_33 379 0 67
4 B_34 383 0 68
2 B_35 385 0 69
5 A_34 390 0 70
6 B_36 396 0 71
5 A_35 401 0 72
7 B_37 408 0 73
3 A_36 411 0 74
5 B_38 416 0 75
6 A_37 422 0 76
5 B_39 427 0 77
4 B_40 431 0 78
4 B_41 435 0 79
3 A_38 438 0 80
2 A_39 440 0 81
6 B_42 446 0 82
4 B_43 450 0 83
3 B_44 453 0 84
7 A_40 460 0 85
6 B_45 466 0 86
1 B_46 467 0 87
5 A_41 472 0 88
3 B_47 475 0 89
7 A_42 482 0 90
6 B_48 488 0 91
4 A_43 492 0 92
3 B_49 495 0 93
5 A_44 500 0 94
5 B_50 505 0 95
3 A_45 508 0 96
2 A_46 510 0 97
5 B_51 515 0 98
6 A_47 521 0 99
7 B_52 528 0 100
5 A_48 533 0 101
6 B_53 539 0 102
4 A_49 543 0 103
3 B_54 546 0 104
5 A_50 551 0 105
5 B_55 556 0 106
5 A_51 561 0 107
5 B_56 566 0 108
3 A_52 569 0 109
4 A_53 573 0 110
4 B_57 577 0 111
3 B_58 580 0 112
4 A_54 584 0 113
5 B_59 589 0 114
6 A_55 595 0 115
2 A_56 597 0 116
2 A_57 599 0 117
1 A_58 600 0 118
2 A_59 602 0 119
No lane change: 602 300.809 0.00021791458129882812
---------------------
in formation_2
pass
---------------------
in formation_3
pass
---------------------
in formation_4
pass
---------------------
in formation_5
pass
---------------------
in formation_6
pass
---------------------
in formation_7
pass
error in formulation  []
