1
0 B_0 82 0 0
2 A_0 86 1 1
2 A_1 90 1 2
2 A_2 94 1 3
4 A_3 98 1 4
3 B_1 102 1 5
4 A_4 106 0 6
5 B_2 111 1 7
5 A_5 116 0 8
1 B_3 117 1 9
3 A_6 120 0 10
2 B_4 122 1 11
3 B_5 126 1 12
5 B_6 131 1 13
2 A_7 134 0 14
4 A_8 138 0 15
4 B_7 142 1 16
1 B_8 143 1 17
2 B_9 147 1 18
1 A_9 151 0 19
6 B_10 157 1 20
3 A_10 160 0 21
5 B_11 165 1 22
2 A_11 167 0 23
4 B_12 171 1 24
6 A_12 177 0 25
6 B_13 183 1 26
6 A_13 189 0 27
5 B_14 194 1 28
2 A_14 196 0 29
6 B_15 202 1 30
2 B_16 204 1 31
3 B_17 207 1 32
6 A_15 213 0 33
6 B_18 219 1 34
5 A_16 224 0 35
5 A_17 229 0 36
5 A_18 234 0 37
2 B_19 236 1 38
1 B_20 237 1 39
3 A_19 240 0 40
6 B_21 246 1 41
4 A_20 250 0 42
3 B_22 253 0 43
6 A_21 259 1 44
4 B_23 263 0 45
5 A_22 268 1 46
6 B_24 274 0 47
6 A_23 280 1 48
6 B_25 286 0 49
3 A_24 289 1 50
5 A_25 294 1 51
5 B_26 299 0 52
6 A_26 305 1 53
6 A_27 311 1 54
6 B_27 317 0 55
2 A_28 319 1 56
2 A_29 321 1 57
6 A_30 327 1 58
6 B_28 333 0 59
1 A_31 334 1 60
2 B_29 336 0 61
2 A_32 338 1 62
5 B_30 343 0 63
4 A_33 347 1 64
3 B_31 350 0 65
3 A_34 353 0 66
4 B_32 357 1 67
1 A_35 358 0 68
1 B_33 359 1 69
6 A_36 365 0 70
6 B_34 371 1 71
3 A_37 374 0 72
3 B_35 377 1 73
6 A_38 383 0 74
2 B_36 385 1 75
3 A_39 388 0 76
2 B_37 390 1 77
4 A_40 394 0 78
1 A_41 395 0 79
6 B_38 401 1 80
1 A_42 402 0 81
6 B_39 408 1 82
5 A_43 413 0 83
6 B_40 419 1 84
6 B_41 425 1 85
3 A_44 428 0 86
3 A_45 431 0 87
5 B_42 436 1 88
2 A_46 438 0 89
6 B_43 444 1 90
3 A_47 447 0 91
4 B_44 451 1 92
3 A_48 454 0 93
6 B_45 460 1 94
3 A_49 463 0 95
4 A_50 467 0 96
4 B_46 471 1 97
6 A_51 477 0 98
3 B_47 480 1 99
3 B_48 483 1 100
2 A_52 485 0 101
3 B_49 488 1 102
6 A_53 494 0 103
6 B_50 500 1 104
2 B_51 502 1 105
3 A_54 505 0 106
2 A_55 507 0 107
4 B_52 511 1 108
6 B_53 517 1 109
3 A_56 520 0 110
3 A_57 523 0 111
2 B_54 525 1 112
6 A_58 531 0 113
6 B_55 537 1 114
5 A_59 542 0 115
2 B_56 544 1 116
1 B_57 545 1 117
4 B_58 549 1 118
2 B_59 551 1 119
greedy: 551
---------------------
in formation_2
pass
---------------------
in formation_3
pass
---------------------
in formation_4
pass
---------------------
in formation_5
pass
---------------------
in formation_6
pass
---------------------
in formation_7
pass
error in formulation  []
