2
[0, 0, 0, 0, 0, 2, 2, 2, 1, 1, 2, 2, 2, 1, 2, 1, 2, 2, 2, 2, 2, 2, 2, 2, 1, 2, 2, 2, 1, 2, 1, 2, 2, 2, 2, 2, 2, 2, 2, 2, 2, 0, 0, 0, 3, 0, 0, 0, 0, 0, 0, 0, 0, 0, 3, 1, 2, 2, 2, 2, 2, 2, 2, 2, 3, 0, 0, 0, 0, 0, 3, 0, 0, 0, 3, 0, 0, 0, 0, 0, 0, 0, 3, 3, 0, 0, 3, 0, 3, 0, 0, 0, 0, 0, 0, 3, 0, 0, 0, 0, 3, 0, 2, 0, 0, 0, 0, 2, 2, 2, 2, 1, 2, 1, 2, 2, 2, 2, 2, 2]
0 A_0 82 0 0
2 A_1 84 0 1
2 A_2 86 0 2
4 A_3 90 0 3
1 A_4 91 0 4
3 B_0 94 0 5
3 B_1 97 0 6
4 B_2 101 0 7
5 A_5 106 1 8
4 A_6 110 1 9
3 B_3 113 0 10
1 B_4 114 0 11
3 B_5 117 0 12
2 A_7 119 1 13
2 B_6 121 0 14
2 A_8 123 1 15
4 B_7 127 0 16
1 B_8 128 0 17
2 B_9 130 0 18
2 B_10 132 0 19
3 B_11 135 0 20
2 B_12 137 0 21
1 B_13 138 0 22
5 B_14 143 0 23
3 A_9 146 1 24
3 B_15 149 0 25
2 B_16 151 0 26
3 B_17 154 0 27
4 A_10 158 1 28
2 B_18 160 0 29
3 A_11 163 1 30
1 B_19 164 0 31
1 B_20 165 0 32
2 B_21 167 0 33
3 B_22 170 0 34
4 B_23 174 0 35
3 B_24 177 0 36
2 B_25 179 0 37
3 B_26 182 0 38
4 B_27 186 0 39
2 B_28 188 0 40
4 A_12 192 0 41
1 A_13 193 0 42
2 A_14 195 0 43
3 B_29 198 1 44
2 A_15 200 0 45
2 A_16 202 0 46
5 A_17 207 0 47
5 A_18 212 0 48
2 A_19 214 0 49
3 A_20 217 0 50
5 A_21 222 0 51
3 A_22 225 0 52
4 A_23 229 0 53
1 B_30 230 1 54
3 A_24 233 1 55
1 B_31 234 0 56
2 B_32 236 0 57
3 B_33 239 0 58
1 B_34 240 0 59
2 B_35 242 0 60
2 B_36 244 0 61
1 B_37 245 0 62
4 B_38 249 0 63
3 B_39 252 1 64
1 A_25 253 0 65
3 A_26 256 0 66
6 A_27 262 0 67
1 A_28 263 0 68
2 A_29 265 0 69
1 B_40 266 1 70
2 A_30 268 0 71
4 A_31 272 0 72
1 A_32 273 0 73
4 B_41 277 1 74
4 A_33 281 0 75
5 A_34 286 0 76
2 A_35 288 0 77
4 A_36 292 0 78
1 A_37 293 0 79
1 A_38 294 0 80
1 A_39 295 0 81
2 B_42 297 1 82
3 B_43 300 1 83
1 A_40 301 0 84
1 A_41 302 0 85
2 B_44 304 1 86
3 A_42 307 0 87
3 B_45 310 1 88
1 A_43 311 0 89
3 A_44 314 0 90
3 A_45 317 0 91
3 A_46 320 0 92
2 A_47 322 0 93
4 A_48 326 0 94
4 B_46 330 1 95
3 A_49 333 0 96
4 A_50 337 0 97
3 A_51 340 0 98
3 A_52 343 0 99
4 B_47 347 1 100
5 A_53 352 0 101
7 B_48 359 0 102
3 A_54 362 0 103
2 A_55 364 0 104
4 A_56 368 0 105
3 A_57 371 0 106
8 B_49 379 0 107
1 B_50 380 0 108
2 B_51 382 0 109
3 B_52 385 0 110
2 A_58 387 1 111
5 B_53 392 0 112
2 A_59 394 1 113
1 B_54 395 0 114
1 B_55 396 0 115
4 B_56 400 0 116
1 B_57 401 0 117
4 B_58 405 0 118
2 B_59 407 0 119
dp: 407
---------------------
in formation_2
pass
---------------------
in formation_3
pass
---------------------
in formation_4
pass
---------------------
in formation_5
pass
---------------------
in formation_6
pass
---------------------
in formation_7
pass
error in formulation  []
