3
0 A_0 82 0 0
2 A_1 84 0 1
2 A_2 86 0 2
4 A_3 90 0 3
1 A_4 91 0 4
3 B_0 94 0 5
3 B_1 97 0 6
4 B_2 101 0 7
6 B_3 107 0 8
1 B_4 108 0 9
3 B_5 111 0 10
5 B_6 116 0 11
5 A_5 121 0 12
4 A_6 125 0 13
4 B_7 129 0 14
1 B_8 130 0 15
2 B_9 132 0 16
2 B_10 134 0 17
3 B_11 137 0 18
2 B_12 139 0 19
1 B_13 140 0 20
3 A_7 143 0 21
4 A_8 147 0 22
3 B_14 150 0 23
6 B_15 156 0 24
2 B_16 158 0 25
3 B_17 161 0 26
6 B_18 167 0 27
5 B_19 172 0 28
1 B_20 173 0 29
2 B_21 175 0 30
3 B_22 178 0 31
4 B_23 182 0 32
3 B_24 185 0 33
2 B_25 187 0 34
3 B_26 190 0 35
5 A_9 195 0 36
1 A_10 196 0 37
5 B_27 201 0 38
3 A_11 204 0 39
5 A_12 209 0 40
1 A_13 210 0 41
2 A_14 212 0 42
4 B_28 216 0 43
3 B_29 219 0 44
4 A_15 223 0 45
2 A_16 225 0 46
5 A_17 230 0 47
5 A_18 235 0 48
2 A_19 237 0 49
3 A_20 240 0 50
5 A_21 245 0 51
3 A_22 248 0 52
4 A_23 252 0 53
4 B_30 256 0 54
3 A_24 259 0 55
5 B_31 264 0 56
2 B_32 266 0 57
3 B_33 269 0 58
1 B_34 270 0 59
2 B_35 272 0 60
2 B_36 274 0 61
1 B_37 275 0 62
4 B_38 279 0 63
1 B_39 280 0 64
3 A_25 283 0 65
3 A_26 286 0 66
6 A_27 292 0 67
1 A_28 293 0 68
2 A_29 295 0 69
4 B_40 299 0 70
6 A_30 305 0 71
4 A_31 309 0 72
1 A_32 310 0 73
5 A_33 315 0 74
5 A_34 320 0 75
2 A_35 322 0 76
4 A_36 326 0 77
1 A_37 327 0 78
1 A_38 328 0 79
1 A_39 329 0 80
5 A_40 334 0 81
1 A_41 335 0 82
6 A_42 341 0 83
4 B_41 345 0 84
3 B_42 348 0 85
3 B_43 351 0 86
4 B_44 355 0 87
4 A_43 359 0 88
3 A_44 362 0 89
3 A_45 365 0 90
3 A_46 368 0 91
2 A_47 370 0 92
4 A_48 374 0 93
5 A_49 379 0 94
4 A_50 383 0 95
3 A_51 386 0 96
3 A_52 389 0 97
3 B_45 392 0 98
5 A_53 397 0 99
6 B_46 403 0 100
3 B_47 406 0 101
3 B_48 409 0 102
3 A_54 412 0 103
2 A_55 414 0 104
4 A_56 418 0 105
3 A_57 421 0 106
4 A_58 425 0 107
3 B_49 428 0 108
1 B_50 429 0 109
2 B_51 431 0 110
3 B_52 434 0 111
6 B_53 440 0 112
4 A_59 444 0 113
4 B_54 448 0 114
1 B_55 449 0 115
4 B_56 453 0 116
1 B_57 454 0 117
4 B_58 458 0 118
2 B_59 460 0 119
nldp: 460
---------------------
in formation_2
pass
---------------------
in formation_3
pass
---------------------
in formation_4
pass
---------------------
in formation_5
pass
---------------------
in formation_6
pass
---------------------
in formation_7
pass
error in formulation  []
