0
0 B_0 82 0 0
5 A_0 87 0 1
2 A_1 89 0 2
7 B_1 96 0 3
1 B_2 97 0 4
4 B_3 101 0 5
4 B_4 105 0 6
4 A_2 109 0 7
7 B_5 116 0 8
6 A_3 122 0 9
7 B_6 129 0 10
4 A_4 133 0 11
7 B_7 140 0 12
5 A_5 145 0 13
6 B_8 151 0 14
3 B_9 154 0 15
6 A_6 160 0 16
4 B_10 164 0 17
7 A_7 171 0 18
3 A_8 174 0 19
6 B_11 180 0 20
4 B_12 184 0 21
3 B_13 187 0 22
6 A_9 193 0 23
5 B_14 198 0 24
7 A_10 205 0 25
4 A_11 209 0 26
4 A_12 213 0 27
1 A_13 214 0 28
5 B_15 219 0 29
4 A_14 223 0 30
5 B_16 228 0 31
1 B_17 229 0 32
6 A_15 235 0 33
3 A_16 238 0 34
3 B_18 241 0 35
3 A_17 244 0 36
4 B_19 248 0 37
3 A_18 251 0 38
1 A_19 252 0 39
3 A_20 255 0 40
7 B_20 262 0 41
5 A_21 267 0 42
5 B_21 272 0 43
2 B_22 274 0 44
4 A_22 278 0 45
4 A_23 282 0 46
5 B_23 287 0 47
7 A_24 294 0 48
2 A_25 296 0 49
4 A_26 300 0 50
3 B_24 303 0 51
5 A_27 308 0 52
3 B_25 311 0 53
2 B_26 313 0 54
6 A_28 319 0 55
3 B_27 322 0 56
4 A_29 326 0 57
4 A_30 330 0 58
5 B_28 335 0 59
7 A_31 342 0 60
2 A_32 344 0 61
5 B_29 349 0 62
3 B_30 352 0 63
6 A_33 358 0 64
4 B_31 362 0 65
4 A_34 366 0 66
3 B_32 369 0 67
4 A_35 373 0 68
4 B_33 377 0 69
4 A_36 381 0 70
6 B_34 387 0 71
6 A_37 393 0 72
3 B_35 396 0 73
5 A_38 401 0 74
5 B_36 406 0 75
6 A_39 412 0 76
2 A_40 414 0 77
4 A_41 418 0 78
4 B_37 422 0 79
2 B_38 424 0 80
1 B_39 425 0 81
3 B_40 428 0 82
3 A_42 431 0 83
5 B_41 436 0 84
4 A_43 440 0 85
5 B_42 445 0 86
6 A_44 451 0 87
2 A_45 453 0 88
6 B_43 459 0 89
3 A_46 462 0 90
3 A_47 465 0 91
5 B_44 470 0 92
5 A_48 475 0 93
4 B_45 479 0 94
5 A_49 484 0 95
6 B_46 490 0 96
3 B_47 493 0 97
2 B_48 495 0 98
4 B_49 499 0 99
6 A_50 505 0 100
4 B_50 509 0 101
5 A_51 514 0 102
4 B_51 518 0 103
7 A_52 525 0 104
4 B_52 529 0 105
4 B_53 533 0 106
5 A_53 538 0 107
3 B_54 541 0 108
6 A_54 547 0 109
4 A_55 551 0 110
3 A_56 554 0 111
3 A_57 557 0 112
7 B_55 564 0 113
4 B_56 568 0 114
3 B_57 571 0 115
4 A_58 575 0 116
6 B_58 581 0 117
5 A_59 586 0 118
6 B_59 592 0 119
No lane change: 592 278.71283333333344 0.00021505355834960938
---------------------
in formation_2
pass
---------------------
in formation_3
pass
---------------------
in formation_4
pass
---------------------
in formation_5
pass
---------------------
in formation_6
pass
---------------------
in formation_7
pass
error in formulation  []
