1
0 A_0 81 0 0
6 B_0 87 1 1
1 B_1 89 1 2
6 A_1 95 0 3
6 B_2 101 1 4
4 A_2 105 0 5
4 A_3 109 0 6
3 B_3 112 1 7
4 B_4 116 1 8
4 B_5 120 1 9
4 B_6 124 1 10
6 B_7 130 1 11
1 A_4 131 0 12
6 B_8 137 1 13
2 B_9 139 1 14
2 A_5 141 0 15
5 B_10 146 1 16
1 A_6 147 0 17
3 B_11 150 1 18
4 B_12 154 1 19
6 B_13 160 1 20
6 A_7 166 0 21
2 B_14 168 1 22
2 B_15 170 1 23
3 A_8 174 0 24
1 B_16 178 1 25
4 A_9 182 0 26
4 B_17 186 1 27
4 A_10 190 0 28
1 B_18 194 1 29
2 A_11 198 0 30
2 B_19 202 1 31
6 A_12 208 0 32
4 A_13 212 0 33
1 B_20 213 1 34
1 B_21 215 1 35
5 B_22 220 1 36
3 A_14 223 0 37
1 A_15 224 0 38
5 B_23 229 1 39
4 A_16 233 0 40
2 B_24 236 1 41
4 A_17 240 0 42
3 A_18 243 0 43
3 A_19 246 0 44
4 B_25 250 1 45
1 A_20 251 0 46
3 B_26 254 1 47
6 A_21 260 0 48
1 B_27 262 1 49
2 A_22 266 0 50
6 A_23 272 0 51
3 A_24 275 0 52
4 B_28 279 1 53
4 A_25 283 0 54
4 B_29 287 1 55
4 A_26 291 0 56
4 B_30 295 1 57
4 B_31 299 1 58
4 B_32 303 1 59
5 B_33 308 1 60
6 A_27 314 0 61
3 B_34 317 0 62
1 A_28 318 1 63
3 B_35 321 1 64
1 B_36 322 1 65
6 A_29 328 0 66
4 A_30 332 0 67
3 B_37 335 1 68
2 A_31 337 0 69
3 B_38 340 0 70
1 A_32 341 1 71
1 B_39 342 0 72
2 A_33 344 1 73
2 B_40 347 0 74
1 A_34 351 1 75
3 B_41 355 0 76
4 A_35 359 1 77
5 B_42 364 0 78
3 B_43 367 0 79
5 A_36 372 1 80
3 A_37 375 1 81
2 B_44 377 0 82
4 A_38 381 1 83
1 B_45 384 0 84
4 B_46 388 0 85
3 A_39 391 1 86
3 B_47 394 0 87
3 A_40 397 1 88
4 B_48 401 0 89
4 B_49 405 0 90
3 B_50 408 0 91
6 A_41 414 1 92
6 A_42 420 1 93
1 B_51 421 0 94
3 A_43 424 1 95
5 B_52 429 0 96
5 B_53 434 0 97
6 A_44 440 1 98
3 B_54 443 0 99
4 A_45 447 1 100
5 B_55 452 0 101
1 A_46 453 1 102
1 B_56 454 0 103
3 A_47 457 1 104
4 A_48 461 1 105
5 B_57 466 0 106
6 A_49 472 1 107
4 B_58 476 0 108
3 A_50 479 1 109
3 A_51 482 1 110
3 B_59 485 1 111
1 A_52 486 0 112
1 A_53 487 0 113
1 A_54 488 0 114
1 A_55 489 0 115
3 A_56 492 0 116
5 A_57 497 0 117
2 A_58 499 0 118
5 A_59 504 0 119
greedy: 504
---------------------
in formation_2
pass
---------------------
in formation_3
pass
---------------------
in formation_4
pass
---------------------
in formation_5
pass
---------------------
in formation_6
pass
---------------------
in formation_7
pass
error in formulation  []
