2
[0, 0, 2, 2, 2, 2, 2, 2, 2, 2, 2, 2, 2, 2, 2, 2, 0, 0, 0, 0, 0, 0, 0, 0, 0, 2, 2, 2, 2, 2, 0, 0, 0, 0, 0, 0, 0, 0, 0, 0, 0, 0, 0, 0, 0, 2, 2, 2, 2, 2, 2, 0, 0, 2, 2, 2, 2, 2, 2, 2, 0, 0, 0, 2, 2, 0, 0, 0, 0, 0, 0, 2, 2, 0, 0, 0, 0, 0, 0, 0, 0, 0, 0, 0, 0, 0, 0, 0, 0, 0, 2, 2, 2, 2, 2, 2, 2, 2, 2, 2, 2, 2, 2, 0, 2, 2, 0, 0, 2, 2, 2, 2, 2, 2, 2, 2, 2, 0, 0, 0]
0 A_0 82 0 0
2 A_1 84 0 1
3 B_0 87 0 2
1 B_1 88 0 3
1 B_2 89 0 4
4 B_3 93 0 5
4 B_4 97 0 6
4 B_5 101 0 7
1 B_6 102 0 8
2 B_7 104 0 9
3 B_8 107 0 10
3 B_9 110 0 11
3 B_10 113 0 12
1 B_11 114 0 13
4 B_12 118 0 14
3 B_13 121 0 15
4 A_2 125 0 16
3 A_3 128 0 17
4 A_4 132 0 18
3 A_5 135 0 19
3 A_6 138 0 20
2 A_7 140 0 21
3 A_8 143 0 22
4 A_9 147 0 23
1 A_10 148 0 24
7 B_14 155 0 25
2 B_15 157 0 26
3 B_16 160 0 27
1 B_17 161 0 28
4 B_18 165 0 29
3 A_11 168 0 30
4 A_12 172 0 31
1 A_13 173 0 32
2 A_14 175 0 33
3 A_15 178 0 34
3 A_16 181 0 35
2 A_17 183 0 36
3 A_18 186 0 37
1 A_19 187 0 38
3 A_20 190 0 39
4 A_21 194 0 40
2 A_22 196 0 41
4 A_23 200 0 42
3 A_24 203 0 43
2 A_25 205 0 44
6 B_19 211 0 45
4 B_20 215 0 46
2 B_21 217 0 47
2 B_22 219 0 48
2 B_23 221 0 49
3 B_24 224 0 50
3 A_26 227 0 51
1 A_27 228 0 52
3 B_25 231 0 53
2 B_26 233 0 54
3 B_27 236 0 55
1 B_28 237 0 56
2 B_29 239 0 57
3 B_30 242 0 58
3 B_31 245 0 59
3 A_28 248 0 60
3 A_29 251 0 61
4 A_30 255 0 62
4 B_32 259 0 63
1 B_33 260 0 64
3 A_31 263 0 65
2 A_32 265 0 66
3 A_33 268 0 67
3 A_34 271 0 68
1 A_35 272 0 69
3 A_36 275 0 70
6 B_34 281 0 71
2 B_35 283 0 72
3 A_37 286 0 73
1 A_38 287 0 74
3 A_39 290 0 75
2 A_40 292 0 76
4 A_41 296 0 77
2 A_42 298 0 78
1 A_43 299 0 79
2 A_44 301 0 80
2 A_45 303 0 81
4 A_46 307 0 82
3 A_47 310 0 83
4 A_48 314 0 84
1 A_49 315 0 85
4 A_50 319 0 86
2 A_51 321 0 87
3 A_52 324 0 88
1 A_53 325 0 89
5 B_36 330 0 90
1 B_37 331 0 91
2 B_38 333 0 92
1 B_39 334 0 93
3 B_40 337 0 94
2 B_41 339 0 95
1 B_42 340 0 96
2 B_43 342 0 97
1 B_44 343 0 98
4 B_45 347 0 99
1 B_46 348 0 100
3 B_47 351 0 101
2 B_48 353 0 102
4 A_54 357 0 103
6 B_49 363 0 104
3 B_50 366 0 105
3 A_55 369 0 106
3 A_56 372 0 107
4 B_51 376 0 108
2 B_52 378 0 109
4 B_53 382 0 110
1 B_54 383 0 111
3 B_55 386 0 112
4 B_56 390 0 113
3 B_57 393 0 114
1 B_58 394 0 115
3 B_59 397 0 116
3 A_57 400 0 117
2 A_58 402 0 118
1 A_59 403 0 119
dp: 403 185.4045 0.12349104881286621
---------------------
in formation_2
pass
---------------------
in formation_3
pass
---------------------
in formation_4
pass
---------------------
in formation_5
pass
---------------------
in formation_6
pass
---------------------
in formation_7
pass
error in formulation  []
