3
0 A_0 82 0 0
2 A_1 84 0 1
3 B_0 87 0 2
1 B_1 88 0 3
1 B_2 89 0 4
4 B_3 93 0 5
4 B_4 97 0 6
4 B_5 101 0 7
1 B_6 102 0 8
2 B_7 104 0 9
3 B_8 107 0 10
3 B_9 110 0 11
3 B_10 113 0 12
1 B_11 114 0 13
4 B_12 118 0 14
3 B_13 121 0 15
4 B_14 125 0 16
2 B_15 127 0 17
3 B_16 130 0 18
1 B_17 131 0 19
3 A_2 134 0 20
3 A_3 137 0 21
4 A_4 141 0 22
3 A_5 144 0 23
3 A_6 147 0 24
2 A_7 149 0 25
3 A_8 152 0 26
4 A_9 156 0 27
1 A_10 157 0 28
4 A_11 161 0 29
3 B_18 164 0 30
3 B_19 167 0 31
4 A_12 171 0 32
1 A_13 172 0 33
2 A_14 174 0 34
3 A_15 177 0 35
3 A_16 180 0 36
2 A_17 182 0 37
3 A_18 185 0 38
1 A_19 186 0 39
3 A_20 189 0 40
4 A_21 193 0 41
2 A_22 195 0 42
4 A_23 199 0 43
3 A_24 202 0 44
2 A_25 204 0 45
3 B_20 207 0 46
2 B_21 209 0 47
2 B_22 211 0 48
2 B_23 213 0 49
3 B_24 216 0 50
3 A_26 219 0 51
1 A_27 220 0 52
3 B_25 223 0 53
2 B_26 225 0 54
3 B_27 228 0 55
1 B_28 229 0 56
2 B_29 231 0 57
3 B_30 234 0 58
3 B_31 237 0 59
3 A_28 240 0 60
3 A_29 243 0 61
4 A_30 247 0 62
4 B_32 251 0 63
1 B_33 252 0 64
3 A_31 255 0 65
2 A_32 257 0 66
3 A_33 260 0 67
3 A_34 263 0 68
1 A_35 264 0 69
3 A_36 267 0 70
4 A_37 271 0 71
1 A_38 272 0 72
3 A_39 275 0 73
2 A_40 277 0 74
4 A_41 281 0 75
2 A_42 283 0 76
1 A_43 284 0 77
2 A_44 286 0 78
2 A_45 288 0 79
4 A_46 292 0 80
3 A_47 295 0 81
4 A_48 299 0 82
1 A_49 300 0 83
3 B_34 303 0 84
2 B_35 305 0 85
4 A_50 309 0 86
2 A_51 311 0 87
3 B_36 314 0 88
1 B_37 315 0 89
2 B_38 317 0 90
1 B_39 318 0 91
3 B_40 321 0 92
2 B_41 323 0 93
1 B_42 324 0 94
2 B_43 326 0 95
1 B_44 327 0 96
4 B_45 331 0 97
1 B_46 332 0 98
3 B_47 335 0 99
2 B_48 337 0 100
4 B_49 341 0 101
3 B_50 344 0 102
3 A_52 347 0 103
1 A_53 348 0 104
3 B_51 351 0 105
2 B_52 353 0 106
4 B_53 357 0 107
1 B_54 358 0 108
3 B_55 361 0 109
4 B_56 365 0 110
3 A_54 368 0 111
4 A_55 372 0 112
3 A_56 375 0 113
3 B_57 378 0 114
1 B_58 379 0 115
3 B_59 382 0 116
3 A_57 385 0 117
2 A_58 387 0 118
1 A_59 388 0 119
nldp: 388 177.8628333333333 0.028304100036621094
---------------------
in formation_2
pass
---------------------
in formation_3
pass
---------------------
in formation_4
pass
---------------------
in formation_5
pass
---------------------
in formation_6
pass
---------------------
in formation_7
pass
error in formulation  []
