0
0 B_0 81 0 0
9 A_0 90 0 1
3 B_1 93 0 2
6 B_2 99 0 3
9 A_1 108 0 4
3 B_3 111 0 5
2 B_4 113 0 6
9 A_2 122 0 7
9 B_5 131 0 8
6 A_3 137 0 9
3 A_4 140 0 10
9 B_6 149 0 11
7 A_5 156 0 12
4 B_7 160 0 13
3 A_6 163 0 14
9 B_8 172 0 15
8 A_7 180 0 16
8 B_9 188 0 17
6 B_10 194 0 18
2 B_11 196 0 19
6 B_12 202 0 20
8 A_8 210 0 21
5 B_13 215 0 22
7 A_9 222 0 23
6 B_14 228 0 24
5 A_10 233 0 25
9 B_15 242 0 26
5 A_11 247 0 27
4 B_16 251 0 28
5 A_12 256 0 29
1 A_13 257 0 30
5 B_17 262 0 31
8 A_14 270 0 32
4 A_15 274 0 33
5 B_18 279 0 34
7 A_16 286 0 35
8 B_19 294 0 36
3 A_17 297 0 37
2 A_18 299 0 38
9 B_20 308 0 39
3 B_21 311 0 40
1 B_22 312 0 41
6 A_19 318 0 42
1 A_20 319 0 43
2 A_21 321 0 44
9 B_23 330 0 45
5 A_22 335 0 46
1 A_23 336 0 47
7 B_24 343 0 48
7 A_24 350 0 49
6 A_25 356 0 50
5 A_26 361 0 51
2 A_27 363 0 52
7 B_25 370 0 53
7 A_28 377 0 54
9 B_26 386 0 55
3 A_29 389 0 56
7 B_27 396 0 57
7 A_30 403 0 58
8 B_28 411 0 59
5 A_31 416 0 60
4 B_29 420 0 61
7 A_32 427 0 62
8 B_30 435 0 63
8 A_33 443 0 64
4 A_34 447 0 65
6 B_31 453 0 66
1 B_32 454 0 67
9 A_35 463 0 68
3 A_36 466 0 69
4 A_37 470 0 70
4 A_38 474 0 71
10 B_33 484 0 72
4 A_39 488 0 73
3 B_34 491 0 74
5 B_35 496 0 75
6 B_36 502 0 76
4 B_37 506 0 77
6 B_38 512 0 78
5 B_39 517 0 79
No lane change: 517
---------------------
in formation_2
pass
---------------------
in formation_3
pass
---------------------
in formation_4
pass
---------------------
in formation_5
pass
---------------------
in formation_6
pass
---------------------
in formation_7
pass
error in formulation  []
