1
0 B_0 81 0 0
3 B_1 84 0 1
3 A_0 87 1 2
2 A_1 89 1 3
2 B_2 91 0 4
2 A_2 93 1 5
3 B_3 96 0 6
1 B_4 97 0 7
3 B_5 100 0 8
4 B_6 104 0 9
3 B_7 107 0 10
3 A_3 110 0 11
4 A_4 114 0 12
1 A_5 115 0 13
3 B_8 118 0 14
4 A_6 122 1 15
3 B_9 125 0 16
1 A_7 126 1 17
4 B_10 130 0 18
1 B_11 131 0 19
3 A_8 134 0 20
1 A_9 135 0 21
2 A_10 137 0 22
3 B_12 140 1 23
4 A_11 144 0 24
3 B_13 147 1 25
2 A_12 149 0 26
4 A_13 153 0 27
1 A_14 154 0 28
3 B_14 157 1 29
1 B_15 158 1 30
2 B_16 160 1 31
3 A_15 163 1 32
4 B_17 167 0 33
1 B_18 168 0 34
3 A_16 171 1 35
4 A_17 175 1 36
2 B_19 177 0 37
2 B_20 179 0 38
2 A_18 181 1 39
3 B_21 184 0 40
4 A_19 188 1 41
4 B_22 192 0 42
3 A_20 195 0 43
2 B_23 197 1 44
4 A_21 201 0 45
4 B_24 205 1 46
3 A_22 208 0 47
4 B_25 212 1 48
4 A_23 216 0 49
3 A_24 219 0 50
2 B_26 221 1 51
1 B_27 222 1 52
1 A_25 223 0 53
3 B_28 226 1 54
4 A_26 230 0 55
2 A_27 232 0 56
3 A_28 235 0 57
4 B_29 239 1 58
1 B_30 240 1 59
3 A_29 243 0 60
2 B_31 245 1 61
2 B_32 247 1 62
3 A_30 250 1 63
2 B_33 252 0 64
3 A_31 255 1 65
3 A_32 258 1 66
1 B_34 259 0 67
3 A_33 262 1 68
3 B_35 265 0 69
2 A_34 267 1 70
3 B_36 270 0 71
2 A_35 272 1 72
2 B_37 274 0 73
2 A_36 276 1 74
4 B_38 280 0 75
4 B_39 284 0 76
2 A_37 286 1 77
2 A_38 288 1 78
3 A_39 291 1 79
greedy: 291 153.6595 0.0005590915679931641
---------------------
in formation_2
pass
---------------------
in formation_3
pass
---------------------
in formation_4
pass
---------------------
in formation_5
pass
---------------------
in formation_6
pass
---------------------
in formation_7
pass
error in formulation  []
