2
[2, 2, 0, 0, 0, 0, 0, 0, 0, 0, 0, 0, 0, 0, 0, 0, 0, 2, 2, 2, 2, 1, 2, 2, 1, 2, 2, 0, 0, 0, 0, 0, 0, 0, 1, 2, 2, 1, 2, 2, 2, 2, 2, 2, 2, 2, 2, 2, 2, 2, 0, 0, 3, 0, 3, 3, 1, 2, 2, 2, 2, 2, 2, 2, 2, 0, 0, 3, 0, 0, 3, 3, 0, 0, 0, 0, 2, 0, 2, 0]
0 B_0 81 0 0
2 B_1 83 0 1
3 A_0 86 0 2
2 A_1 88 0 3
2 A_2 90 0 4
3 A_3 93 0 5
3 A_4 96 0 6
5 A_5 101 0 7
1 A_6 102 0 8
3 A_7 105 0 9
2 A_8 107 0 10
3 A_9 110 0 11
3 A_10 113 0 12
4 A_11 117 0 13
2 A_12 119 0 14
1 A_13 120 0 15
2 A_14 122 0 16
7 B_2 129 0 17
3 B_3 132 0 18
2 B_4 134 0 19
5 B_5 139 0 20
4 A_15 143 1 21
2 B_6 145 0 22
1 B_7 146 0 23
1 A_16 147 1 24
1 B_8 148 0 25
1 B_9 149 0 26
3 A_17 152 0 27
2 A_18 154 0 28
2 A_19 156 0 29
1 A_20 157 0 30
2 A_21 159 0 31
3 A_22 162 0 32
1 A_23 163 0 33
3 A_24 166 1 34
4 B_10 170 0 35
2 B_11 172 0 36
1 A_25 173 1 37
4 B_12 177 0 38
4 B_13 181 0 39
1 B_14 182 0 40
3 B_15 185 0 41
5 B_16 190 0 42
2 B_17 192 0 43
1 B_18 193 0 44
2 B_19 195 0 45
4 B_20 199 0 46
3 B_21 202 0 47
1 B_22 203 0 48
1 B_23 204 0 49
4 A_26 208 0 50
2 A_27 210 0 51
2 B_24 212 1 52
4 A_28 216 0 53
4 B_25 220 1 54
5 B_26 225 1 55
3 A_29 228 1 56
5 B_27 233 0 57
1 B_28 234 0 58
4 B_29 238 0 59
2 B_30 240 0 60
2 B_31 242 0 61
1 B_32 243 0 62
1 B_33 244 0 63
3 B_34 247 0 64
4 A_30 251 0 65
3 A_31 254 0 66
5 B_35 259 1 67
4 A_32 263 0 68
4 A_33 267 0 69
4 B_36 271 1 70
4 B_37 275 1 71
2 A_34 277 0 72
3 A_35 280 0 73
3 A_36 283 0 74
4 A_37 287 0 75
7 B_38 294 0 76
3 A_38 297 0 77
4 B_39 301 0 78
3 A_39 304 0 79
dp: 304
---------------------
in formation_2
pass
---------------------
in formation_3
pass
---------------------
in formation_4
pass
---------------------
in formation_5
pass
---------------------
in formation_6
pass
---------------------
in formation_7
pass
error in formulation  []
