3
0 B_0 81 0 0
2 B_1 83 0 1
3 A_0 86 0 2
2 A_1 88 0 3
2 A_2 90 0 4
4 B_2 94 0 5
3 B_3 97 0 6
2 B_4 99 0 7
5 B_5 104 0 8
4 B_6 108 0 9
1 B_7 109 0 10
4 B_8 113 0 11
1 B_9 114 0 12
6 B_10 120 0 13
2 B_11 122 0 14
6 B_12 128 0 15
4 B_13 132 0 16
1 B_14 133 0 17
3 B_15 136 0 18
5 B_16 141 0 19
2 B_17 143 0 20
1 B_18 144 0 21
2 B_19 146 0 22
4 B_20 150 0 23
3 B_21 153 0 24
1 B_22 154 0 25
1 B_23 155 0 26
4 B_24 159 0 27
5 B_25 164 0 28
3 A_3 167 0 29
3 A_4 170 0 30
3 B_26 173 0 31
5 B_27 178 0 32
1 B_28 179 0 33
4 B_29 183 0 34
2 B_30 185 0 35
3 A_5 188 0 36
1 A_6 189 0 37
3 A_7 192 0 38
2 A_8 194 0 39
3 A_9 197 0 40
3 A_10 200 0 41
4 A_11 204 0 42
2 A_12 206 0 43
1 A_13 207 0 44
2 A_14 209 0 45
4 A_15 213 0 46
5 A_16 218 0 47
3 A_17 221 0 48
2 A_18 223 0 49
2 A_19 225 0 50
1 A_20 226 0 51
2 A_21 228 0 52
3 A_22 231 0 53
1 A_23 232 0 54
1 A_24 233 0 55
3 B_31 236 0 56
1 B_32 237 0 57
1 B_33 238 0 58
3 A_25 241 0 59
5 B_34 246 0 60
5 B_35 251 0 61
4 A_26 255 0 62
2 A_27 257 0 63
5 B_36 262 0 64
4 B_37 266 0 65
3 A_28 269 0 66
6 A_29 275 0 67
4 B_38 279 0 68
3 A_30 282 0 69
3 A_31 285 0 70
5 A_32 290 0 71
4 A_33 294 0 72
4 A_34 298 0 73
3 A_35 301 0 74
3 A_36 304 0 75
4 A_37 308 0 76
4 A_38 312 0 77
4 B_39 316 0 78
3 A_39 319 0 79
nldp: 319
---------------------
in formation_2
pass
---------------------
in formation_3
pass
---------------------
in formation_4
pass
---------------------
in formation_5
pass
---------------------
in formation_6
pass
---------------------
in formation_7
pass
error in formulation  []
