A_0 1 A 0 [1, 2, 1, 2, 2, 4, 1, 4, 1, 3, 4, 3, 2, 1, 1, 4, 3, 3, 3, 2, 1, 2, 4, 3, 1, 2, 1, 3, 3, 1, 4, 4, 2, 1, 4, 4, 4, 4, 3, 3] [5, 6, 3, 4, 4, 6, 4, 7, 4, 5, 8, 6, 6, 5, 4, 6, 6, 5, 6, 5, 5, 6, 8, 7, 4, 4, 4, 7, 5, 5, 7, 6, 4, 5, 8, 7, 8, 6, 6, 6]
A_1 3.69 A 1 [2, 2, 2, 3, 2, 2, 1, 2, 4, 4, 1, 3, 3, 3, 3, 4, 1, 3, 4, 4, 2, 4, 1, 2, 3, 2, 1, 1, 1, 2, 1, 3, 4, 3, 1, 2, 4, 3, 2, 4] [6, 4, 6, 6, 5, 5, 3, 6, 8, 6, 5, 7, 7, 5, 6, 8, 4, 6, 8, 8, 6, 8, 5, 5, 7, 4, 4, 4, 5, 6, 3, 6, 8, 7, 3, 6, 8, 5, 4, 6]
A_2 4.6899999999999995 A 2 [1, 2, 3, 4, 4, 1, 2, 2, 2, 3, 1, 1, 4, 4, 3, 2, 4, 1, 2, 1, 1, 3, 3, 3, 3, 2, 2, 1, 3, 2, 3, 2, 1, 2, 4, 1, 3, 4, 1, 1] [3, 6, 7, 7, 8, 3, 4, 6, 6, 5, 4, 3, 6, 6, 6, 5, 8, 5, 6, 4, 5, 5, 5, 5, 6, 4, 4, 5, 6, 6, 7, 5, 3, 6, 7, 3, 7, 6, 5, 4]
A_3 7.02 A 3 [2, 3, 4, 3, 3, 4, 2, 1, 3, 1, 4, 2, 1, 3, 4, 3, 2, 1, 1, 2, 1, 1, 3, 2, 4, 3, 4, 1, 2, 1, 3, 2, 4, 4, 4, 4, 4, 4, 2, 3] [4, 6, 7, 5, 7, 7, 4, 3, 7, 3, 6, 5, 5, 7, 7, 5, 5, 4, 5, 4, 5, 5, 7, 5, 6, 6, 6, 3, 4, 3, 7, 4, 6, 8, 8, 6, 6, 6, 4, 5]
A_4 10.809999999999999 A 4 [2, 2, 4, 3, 2, 2, 2, 3, 3, 4, 4, 1, 4, 4, 1, 4, 2, 3, 4, 2, 3, 1, 3, 4, 3, 2, 3, 2, 2, 4, 3, 3, 4, 3, 2, 4, 3, 3, 4, 1] [4, 5, 8, 7, 4, 4, 4, 6, 5, 6, 7, 5, 7, 6, 3, 8, 4, 6, 8, 5, 7, 3, 6, 7, 5, 4, 5, 5, 6, 6, 7, 7, 8, 5, 4, 7, 5, 7, 6, 4]
A_5 13.2 A 5 [4, 2, 1, 4, 2, 3, 4, 1, 2, 4, 4, 2, 1, 2, 1, 3, 4, 4, 1, 3, 4, 3, 2, 4, 4, 2, 1, 1, 4, 2, 1, 2, 4, 3, 1, 4, 2, 3, 4, 3] [6, 5, 3, 7, 4, 6, 8, 3, 5, 8, 8, 5, 5, 4, 5, 6, 8, 8, 5, 5, 8, 5, 6, 8, 7, 4, 3, 4, 6, 5, 4, 5, 6, 7, 4, 6, 6, 7, 8, 6]
A_6 14.2 A 6 [1, 1, 2, 2, 2, 4, 4, 2, 1, 2, 3, 1, 4, 2, 4, 4, 2, 3, 2, 4, 4, 3, 2, 4, 4, 3, 4, 1, 4, 3, 2, 1, 1, 4, 3, 1, 4, 3, 4, 2] [4, 3, 4, 4, 4, 8, 8, 5, 4, 5, 5, 4, 6, 4, 6, 8, 4, 6, 5, 8, 6, 7, 5, 6, 6, 7, 8, 4, 6, 7, 5, 5, 3, 8, 7, 5, 6, 6, 8, 6]
A_7 17.939999999999998 A 7 [4, 2, 2, 1, 3, 1, 2, 2, 4, 4, 1, 1, 3, 4, 3, 4, 4, 4, 3, 3, 2, 3, 4, 1, 4, 2, 2, 4, 4, 4, 4, 2, 3, 3, 4, 4, 1, 1, 3, 2] [7, 6, 6, 3, 6, 3, 5, 5, 6, 6, 3, 4, 7, 7, 7, 6, 8, 6, 7, 5, 4, 7, 6, 3, 6, 4, 5, 7, 6, 7, 7, 4, 7, 7, 6, 7, 3, 4, 5, 5]
A_8 19.569999999999997 A 8 [1, 4, 2, 3, 3, 2, 1, 4, 4, 4, 4, 4, 1, 4, 3, 2, 3, 2, 1, 3, 3, 2, 3, 4, 1, 3, 3, 1, 3, 1, 3, 3, 3, 4, 1, 3, 3, 4, 2, 4] [4, 8, 6, 7, 5, 5, 4, 6, 7, 8, 6, 8, 3, 8, 5, 6, 7, 6, 4, 5, 5, 5, 5, 7, 5, 6, 5, 5, 7, 3, 7, 6, 5, 6, 5, 5, 7, 6, 6, 6]
A_9 20.569999999999997 A 9 [3, 4, 3, 1, 4, 4, 2, 4, 4, 3, 4, 1, 4, 4, 3, 3, 2, 1, 1, 1, 4, 2, 4, 2, 4, 1, 3, 3, 4, 3, 2, 2, 3, 1, 4, 4, 4, 1, 1, 4] [5, 6, 5, 3, 6, 8, 5, 6, 8, 5, 6, 3, 7, 6, 5, 7, 4, 5, 5, 5, 8, 5, 8, 4, 8, 3, 7, 7, 7, 5, 6, 6, 5, 3, 6, 7, 7, 3, 3, 8]
A_10 22.189999999999998 A 10 [4, 1, 1, 4, 4, 4, 3, 1, 4, 4, 2, 2, 2, 1, 1, 2, 4, 3, 2, 1, 3, 4, 1, 1, 1, 2, 2, 3, 4, 2, 4, 3, 2, 3, 1, 4, 4, 1, 1, 2] [8, 5, 4, 6, 7, 8, 5, 3, 6, 6, 6, 4, 6, 5, 4, 5, 6, 5, 6, 4, 5, 6, 4, 5, 3, 5, 6, 5, 6, 5, 7, 7, 6, 5, 3, 6, 7, 5, 5, 4]
A_11 23.189999999999998 A 11 [3, 3, 1, 2, 1, 2, 1, 1, 4, 1, 2, 4, 1, 3, 2, 1, 2, 1, 1, 2, 1, 4, 4, 1, 3, 4, 2, 2, 4, 2, 3, 3, 3, 2, 3, 4, 3, 3, 2, 1] [6, 7, 3, 5, 5, 5, 4, 4, 8, 3, 4, 8, 3, 6, 5, 3, 6, 5, 4, 6, 4, 8, 8, 3, 6, 6, 4, 6, 7, 4, 5, 6, 6, 6, 5, 8, 5, 5, 4, 3]
A_12 27.849999999999998 A 12 [2, 3, 4, 1, 4, 1, 4, 3, 1, 4, 2, 1, 1, 4, 2, 2, 3, 3, 4, 2, 4, 1, 4, 3, 3, 4, 4, 2, 4, 2, 2, 2, 2, 4, 4, 4, 4, 1, 3, 2] [6, 7, 6, 5, 7, 5, 6, 7, 3, 7, 6, 3, 4, 6, 4, 6, 7, 7, 8, 4, 8, 3, 6, 5, 6, 6, 8, 5, 6, 6, 5, 5, 4, 7, 7, 6, 7, 4, 6, 4]
A_13 29.259999999999998 A 13 [1, 3, 4, 3, 4, 2, 2, 4, 4, 4, 1, 3, 4, 2, 3, 3, 3, 4, 4, 3, 4, 3, 3, 2, 3, 4, 2, 3, 1, 3, 3, 2, 4, 4, 3, 2, 2, 4, 3, 3] [5, 5, 6, 7, 6, 4, 4, 7, 8, 6, 5, 6, 6, 6, 5, 7, 7, 7, 6, 5, 8, 6, 6, 4, 5, 6, 6, 5, 4, 7, 7, 4, 7, 8, 5, 5, 6, 7, 5, 7]
A_14 32.83 A 14 [1, 3, 3, 4, 1, 1, 4, 3, 3, 3, 1, 2, 2, 3, 2, 3, 3, 1, 2, 4, 2, 1, 1, 4, 1, 3, 4, 1, 3, 1, 3, 1, 1, 1, 4, 1, 2, 4, 4, 4] [4, 6, 6, 7, 3, 5, 6, 7, 5, 5, 4, 5, 4, 5, 4, 7, 7, 4, 6, 8, 4, 5, 4, 8, 4, 5, 6, 5, 5, 3, 5, 4, 5, 4, 7, 4, 4, 6, 7, 6]
A_15 33.83 A 15 [4, 4, 2, 3, 4, 3, 4, 4, 2, 3, 2, 1, 2, 3, 3, 4, 2, 3, 2, 2, 3, 2, 3, 4, 1, 4, 2, 2, 2, 1, 3, 2, 2, 3, 2, 4, 2, 1, 4, 1] [6, 8, 5, 5, 8, 6, 8, 6, 6, 7, 5, 3, 6, 7, 7, 6, 6, 5, 4, 5, 6, 5, 7, 8, 5, 6, 6, 5, 6, 5, 6, 4, 4, 5, 4, 6, 4, 4, 7, 3]
A_16 34.83 A 16 [3, 1, 4, 2, 2, 4, 2, 4, 3, 2, 4, 2, 3, 3, 3, 2, 4, 1, 3, 1, 4, 4, 2, 3, 4, 4, 3, 2, 2, 3, 1, 2, 1, 1, 1, 4, 1, 1, 2, 1] [6, 4, 8, 5, 4, 8, 4, 8, 7, 4, 6, 6, 7, 7, 7, 6, 8, 3, 5, 3, 6, 8, 6, 5, 8, 8, 6, 4, 4, 7, 3, 4, 4, 4, 3, 8, 5, 5, 6, 5]
A_17 35.83 A 17 [3, 3, 1, 1, 3, 4, 3, 4, 2, 1, 3, 1, 3, 4, 1, 3, 1, 2, 4, 2, 4, 4, 1, 2, 1, 2, 3, 1, 1, 4, 1, 1, 3, 4, 3, 1, 2, 4, 1, 4] [5, 6, 5, 4, 6, 8, 6, 6, 6, 5, 5, 5, 7, 7, 4, 5, 3, 6, 7, 6, 8, 8, 4, 4, 3, 4, 5, 4, 5, 8, 5, 5, 5, 6, 6, 5, 5, 7, 4, 7]
A_18 36.91 A 18 [3, 4, 2, 1, 4, 1, 2, 3, 1, 1, 2, 1, 4, 4, 2, 2, 3, 4, 1, 1, 2, 4, 1, 3, 3, 2, 2, 1, 4, 3, 1, 4, 3, 2, 2, 1, 4, 3, 1, 3] [6, 8, 6, 5, 8, 5, 5, 7, 4, 5, 6, 4, 8, 6, 6, 4, 5, 7, 5, 3, 4, 8, 3, 7, 6, 5, 4, 3, 7, 7, 4, 6, 5, 4, 4, 3, 7, 6, 4, 7]
A_19 37.91 A 19 [2, 4, 1, 2, 2, 3, 4, 3, 3, 1, 1, 2, 2, 3, 4, 2, 1, 2, 1, 1, 2, 1, 3, 3, 4, 1, 4, 4, 4, 2, 3, 1, 1, 1, 3, 2, 4, 3, 4, 2] [5, 8, 4, 4, 5, 5, 8, 5, 5, 5, 4, 6, 4, 5, 8, 5, 3, 6, 3, 5, 5, 4, 7, 7, 8, 5, 7, 7, 6, 4, 5, 5, 3, 3, 5, 4, 8, 7, 7, 4]
B_0 3.61 B 20 [1, 2, 1, 1, 3, 4, 4, 2, 3, 4, 3, 1, 4, 4, 2, 3, 4, 4, 2, 2, 4, 4, 2, 1, 3, 3, 3, 2, 4, 3, 4, 3, 4, 4, 4, 1, 1, 4, 3, 4] [5, 6, 5, 5, 7, 8, 6, 4, 5, 8, 5, 4, 8, 8, 4, 6, 6, 8, 4, 5, 8, 6, 4, 4, 5, 6, 6, 6, 8, 6, 8, 5, 6, 6, 6, 4, 4, 8, 7, 8]
B_1 4.9 B 21 [2, 4, 3, 1, 1, 3, 3, 3, 2, 2, 4, 4, 1, 3, 1, 2, 4, 4, 4, 1, 4, 1, 4, 2, 4, 3, 3, 2, 1, 1, 4, 3, 4, 4, 1, 2, 4, 1, 1, 3] [6, 8, 5, 5, 3, 5, 7, 7, 5, 5, 6, 8, 3, 6, 5, 5, 8, 8, 8, 4, 6, 4, 7, 6, 6, 6, 6, 5, 5, 5, 6, 5, 7, 7, 4, 5, 7, 5, 4, 5]
B_2 6.25 B 22 [4, 1, 3, 3, 3, 2, 2, 4, 3, 4, 1, 4, 4, 3, 1, 3, 2, 1, 1, 3, 2, 4, 4, 4, 4, 2, 4, 4, 4, 3, 2, 1, 4, 2, 4, 3, 1, 4, 2, 3] [8, 5, 5, 7, 6, 6, 5, 6, 5, 8, 4, 8, 6, 6, 4, 7, 6, 4, 3, 7, 4, 7, 8, 6, 6, 5, 6, 8, 7, 6, 6, 5, 7, 4, 6, 7, 4, 7, 5, 7]
B_3 7.25 B 23 [3, 2, 3, 2, 4, 4, 4, 1, 4, 2, 1, 1, 3, 2, 4, 4, 3, 2, 3, 3, 1, 2, 4, 4, 4, 3, 3, 2, 1, 1, 1, 4, 1, 2, 3, 1, 1, 2, 3, 2] [7, 5, 5, 5, 7, 8, 6, 3, 7, 4, 5, 3, 5, 4, 8, 8, 5, 4, 7, 7, 4, 6, 6, 6, 7, 5, 5, 5, 5, 5, 4, 6, 4, 6, 5, 3, 4, 4, 7, 5]
B_4 9.22 B 24 [1, 3, 3, 4, 3, 4, 4, 4, 1, 4, 1, 3, 3, 3, 1, 1, 4, 1, 3, 4, 3, 4, 4, 4, 3, 1, 2, 2, 1, 2, 4, 2, 2, 3, 2, 4, 1, 2, 2, 1] [4, 7, 6, 6, 5, 7, 6, 6, 5, 8, 3, 6, 6, 5, 4, 5, 8, 3, 6, 8, 5, 6, 6, 7, 7, 4, 4, 5, 3, 6, 7, 5, 5, 7, 5, 6, 3, 4, 5, 3]
B_5 11.49 B 25 [2, 2, 2, 3, 2, 2, 3, 2, 3, 1, 2, 4, 4, 4, 3, 4, 4, 2, 2, 1, 3, 3, 2, 3, 1, 2, 1, 4, 3, 4, 2, 4, 1, 3, 4, 1, 2, 4, 1, 2] [4, 4, 4, 6, 4, 4, 7, 4, 6, 3, 5, 6, 6, 6, 5, 6, 8, 4, 5, 5, 6, 6, 5, 5, 4, 4, 4, 6, 5, 8, 6, 8, 5, 5, 7, 3, 6, 6, 4, 5]
B_6 12.49 B 26 [1, 1, 2, 4, 3, 1, 4, 2, 3, 3, 2, 2, 4, 2, 4, 2, 3, 3, 2, 4, 3, 3, 4, 3, 2, 1, 4, 3, 4, 2, 1, 2, 3, 3, 1, 3, 2, 2, 2, 4] [4, 4, 4, 6, 5, 3, 8, 5, 5, 7, 6, 4, 8, 6, 6, 6, 6, 5, 4, 7, 6, 6, 6, 5, 4, 4, 8, 5, 6, 4, 3, 4, 7, 5, 3, 6, 5, 5, 5, 8]
B_7 14.06 B 27 [3, 1, 1, 1, 2, 1, 1, 4, 1, 3, 3, 2, 2, 3, 1, 2, 2, 1, 1, 4, 2, 2, 4, 2, 2, 4, 3, 2, 4, 2, 1, 3, 3, 3, 2, 4, 1, 1, 2, 2] [7, 4, 5, 3, 5, 4, 4, 7, 5, 7, 5, 6, 5, 5, 5, 5, 4, 4, 3, 7, 6, 5, 8, 5, 5, 6, 5, 5, 8, 4, 3, 7, 6, 7, 4, 7, 3, 3, 6, 4]
B_8 16.53 B 28 [3, 1, 3, 2, 2, 4, 4, 4, 3, 4, 4, 4, 4, 1, 3, 2, 2, 1, 4, 4, 4, 1, 4, 1, 1, 3, 4, 4, 3, 1, 2, 1, 3, 3, 4, 1, 1, 2, 2, 2] [5, 5, 6, 4, 6, 6, 6, 6, 7, 7, 6, 7, 6, 4, 5, 6, 4, 5, 7, 6, 8, 5, 7, 5, 3, 5, 6, 8, 5, 4, 5, 3, 6, 7, 7, 5, 5, 6, 6, 6]
B_9 17.53 B 29 [1, 2, 2, 1, 4, 2, 3, 4, 1, 3, 2, 2, 2, 3, 1, 1, 3, 4, 3, 2, 3, 1, 3, 1, 2, 4, 2, 2, 1, 4, 4, 2, 2, 2, 4, 1, 1, 3, 4, 2] [5, 6, 6, 3, 6, 5, 7, 7, 3, 5, 5, 4, 6, 7, 3, 5, 7, 8, 7, 4, 6, 5, 6, 5, 6, 8, 4, 4, 4, 7, 7, 5, 6, 6, 8, 5, 5, 5, 8, 5]
B_10 18.62 B 30 [4, 1, 3, 3, 3, 1, 2, 4, 3, 2, 4, 3, 2, 3, 3, 3, 1, 1, 1, 3, 4, 4, 2, 1, 4, 2, 1, 1, 2, 4, 1, 3, 1, 4, 4, 3, 1, 4, 3, 1] [7, 3, 7, 7, 7, 4, 5, 7, 7, 6, 7, 5, 5, 7, 5, 6, 3, 5, 4, 5, 8, 6, 6, 4, 7, 6, 3, 3, 5, 7, 3, 6, 3, 8, 7, 7, 3, 6, 5, 5]
B_11 21.04 B 31 [4, 3, 2, 2, 3, 2, 1, 2, 3, 2, 3, 3, 2, 2, 1, 2, 2, 1, 4, 1, 3, 3, 1, 4, 2, 4, 2, 3, 1, 2, 3, 1, 3, 1, 4, 3, 4, 3, 3, 2] [6, 6, 5, 4, 7, 5, 5, 4, 6, 6, 7, 6, 5, 4, 4, 4, 4, 5, 6, 5, 5, 5, 5, 6, 5, 8, 4, 7, 3, 5, 6, 5, 7, 5, 7, 7, 7, 5, 7, 4]
B_12 22.15 B 32 [2, 4, 1, 4, 4, 4, 1, 3, 3, 3, 2, 3, 2, 4, 1, 2, 1, 3, 3, 1, 4, 4, 4, 1, 2, 1, 3, 3, 3, 2, 1, 3, 2, 2, 2, 3, 3, 1, 2, 4] [4, 8, 3, 6, 8, 6, 3, 7, 5, 5, 6, 6, 4, 7, 5, 4, 4, 5, 5, 3, 6, 7, 7, 4, 5, 5, 7, 6, 6, 6, 3, 7, 5, 6, 5, 6, 7, 4, 6, 6]
B_13 23.15 B 33 [1, 3, 2, 4, 3, 3, 4, 3, 4, 1, 3, 2, 4, 4, 1, 3, 1, 4, 2, 1, 4, 4, 2, 2, 3, 3, 3, 3, 3, 2, 4, 1, 2, 1, 2, 2, 2, 1, 2, 3] [5, 7, 6, 8, 5, 7, 8, 7, 6, 3, 5, 6, 7, 8, 4, 5, 4, 6, 4, 3, 6, 7, 4, 6, 7, 5, 5, 7, 7, 6, 8, 5, 6, 4, 6, 6, 5, 3, 6, 6]
B_14 24.15 B 34 [4, 1, 4, 4, 2, 1, 3, 4, 1, 4, 1, 3, 4, 3, 4, 2, 1, 3, 2, 3, 4, 1, 4, 3, 2, 4, 1, 2, 4, 4, 4, 4, 2, 2, 1, 3, 3, 2, 3, 1] [8, 3, 7, 8, 4, 4, 7, 6, 5, 6, 3, 5, 7, 5, 7, 4, 3, 6, 4, 5, 6, 4, 6, 5, 5, 7, 3, 4, 7, 8, 7, 7, 5, 6, 4, 5, 7, 5, 7, 5]
B_15 25.15 B 35 [4, 2, 1, 4, 4, 4, 1, 4, 3, 4, 4, 4, 4, 2, 1, 4, 4, 1, 1, 2, 1, 2, 3, 1, 4, 1, 3, 4, 1, 1, 3, 3, 3, 2, 3, 1, 4, 4, 1, 2] [7, 6, 3, 6, 7, 6, 5, 7, 5, 7, 6, 8, 6, 5, 4, 6, 8, 5, 3, 4, 4, 5, 7, 3, 6, 3, 6, 7, 5, 5, 7, 7, 6, 6, 5, 3, 7, 6, 3, 6]
B_16 27.139999999999997 B 36 [4, 4, 3, 4, 3, 2, 4, 1, 3, 4, 4, 3, 4, 2, 2, 2, 1, 2, 4, 4, 1, 4, 1, 1, 1, 2, 2, 1, 1, 1, 1, 4, 3, 2, 3, 4, 4, 4, 2, 2] [8, 8, 7, 6, 5, 6, 6, 3, 7, 7, 7, 5, 7, 6, 4, 4, 5, 5, 7, 8, 4, 7, 4, 4, 3, 6, 5, 3, 5, 5, 3, 7, 7, 5, 7, 7, 8, 7, 4, 4]
B_17 28.139999999999997 B 37 [4, 3, 4, 4, 3, 3, 3, 1, 4, 1, 1, 3, 1, 4, 4, 1, 1, 4, 3, 3, 4, 1, 4, 2, 2, 4, 2, 1, 2, 3, 4, 3, 1, 1, 2, 4, 4, 2, 2, 1] [6, 5, 6, 6, 7, 7, 6, 4, 6, 3, 5, 5, 4, 7, 6, 4, 5, 7, 6, 7, 8, 5, 7, 4, 4, 6, 5, 3, 6, 5, 6, 5, 4, 3, 5, 6, 7, 4, 4, 3]
B_18 29.139999999999997 B 38 [3, 2, 1, 2, 4, 4, 4, 3, 2, 1, 1, 2, 3, 3, 4, 4, 2, 1, 1, 4, 3, 1, 2, 3, 2, 1, 2, 2, 2, 4, 3, 3, 2, 2, 3, 1, 2, 2, 3, 3] [6, 4, 5, 4, 6, 8, 8, 5, 6, 3, 5, 4, 6, 5, 7, 7, 6, 4, 4, 7, 7, 4, 5, 7, 5, 4, 5, 6, 6, 8, 5, 7, 6, 6, 7, 3, 4, 4, 7, 6]
B_19 30.139999999999997 B 39 [3, 4, 1, 3, 1, 3, 2, 2, 4, 4, 2, 1, 2, 3, 4, 1, 1, 4, 3, 2, 4, 3, 3, 2, 1, 2, 4, 2, 2, 2, 1, 2, 4, 3, 1, 2, 2, 1, 3, 1] [6, 6, 4, 5, 4, 6, 6, 5, 6, 8, 4, 3, 4, 7, 6, 3, 5, 7, 7, 4, 8, 5, 7, 5, 3, 5, 8, 4, 6, 5, 5, 4, 6, 6, 5, 6, 4, 3, 6, 3]
