A_0 1.12 A 0 [6, 6, 4, 4, 4, 3, 5, 4, 3, 3, 3, 6, 4, 4, 4, 6, 4, 1, 5, 6, 1, 4, 4, 1, 5, 5, 5, 6, 4, 1, 5, 5, 4, 1, 6, 6, 2, 3, 6, 4, 2, 5, 1, 2, 2, 4, 1, 4, 3, 1, 1, 2, 2, 5, 2, 2, 2, 1, 6, 3, 6, 2, 1, 6, 4, 4, 1, 3, 4, 3, 5, 5, 6, 3, 4, 2, 3, 6, 4, 4] [8, 10, 7, 8, 7, 5, 8, 8, 7, 7, 6, 10, 7, 8, 7, 10, 7, 4, 7, 9, 4, 8, 8, 4, 7, 9, 7, 10, 7, 4, 9, 9, 8, 4, 9, 9, 6, 6, 10, 6, 6, 9, 4, 4, 6, 6, 5, 7, 5, 5, 3, 6, 5, 7, 4, 6, 4, 4, 8, 6, 10, 4, 3, 10, 6, 7, 5, 5, 6, 5, 7, 8, 8, 6, 8, 5, 5, 10, 7, 8]
A_1 8.4 A 1 [6, 2, 5, 4, 4, 3, 3, 1, 5, 6, 3, 3, 1, 3, 3, 1, 2, 4, 6, 6, 2, 2, 1, 6, 2, 1, 6, 4, 6, 4, 1, 2, 2, 2, 3, 6, 2, 1, 3, 6, 1, 6, 1, 3, 6, 4, 2, 3, 4, 2, 1, 1, 1, 3, 2, 6, 6, 4, 5, 2, 3, 3, 1, 5, 4, 2, 3, 1, 3, 1, 2, 2, 3, 1, 2, 5, 4, 2, 6, 4] [10, 6, 7, 6, 7, 7, 5, 4, 8, 9, 6, 5, 3, 7, 5, 4, 6, 8, 10, 10, 4, 5, 3, 10, 6, 3, 8, 6, 9, 7, 4, 5, 6, 6, 6, 9, 4, 5, 6, 8, 5, 8, 5, 6, 10, 6, 6, 7, 8, 6, 4, 4, 4, 7, 4, 8, 10, 7, 9, 4, 6, 7, 3, 7, 6, 6, 6, 3, 7, 3, 6, 6, 5, 5, 5, 7, 8, 5, 9, 8]
A_2 9.91 A 2 [4, 5, 4, 6, 3, 1, 5, 5, 2, 1, 1, 4, 3, 2, 5, 1, 1, 2, 3, 2, 6, 1, 3, 1, 1, 5, 3, 4, 5, 4, 1, 1, 3, 2, 5, 6, 5, 3, 3, 4, 1, 6, 3, 1, 3, 1, 1, 2, 4, 5, 6, 2, 2, 4, 5, 2, 5, 3, 2, 4, 6, 1, 1, 3, 1, 3, 4, 1, 6, 6, 6, 1, 4, 5, 3, 4, 1, 3, 4, 2] [7, 7, 7, 8, 7, 5, 9, 9, 5, 3, 5, 6, 6, 6, 8, 4, 5, 4, 7, 6, 8, 3, 6, 5, 3, 8, 5, 7, 8, 8, 5, 5, 6, 5, 8, 10, 7, 6, 5, 7, 3, 9, 7, 4, 6, 3, 4, 6, 7, 9, 9, 6, 6, 8, 9, 6, 7, 6, 6, 6, 8, 5, 3, 5, 5, 7, 8, 4, 9, 9, 10, 3, 6, 9, 7, 7, 4, 5, 7, 5]
A_3 16.810000000000002 A 3 [4, 4, 6, 4, 1, 6, 4, 2, 2, 4, 6, 3, 1, 4, 3, 6, 6, 4, 1, 5, 1, 2, 1, 1, 6, 5, 6, 3, 2, 5, 4, 1, 5, 5, 2, 1, 6, 2, 3, 3, 5, 4, 2, 1, 3, 2, 5, 6, 4, 3, 4, 6, 5, 1, 1, 3, 1, 2, 4, 1, 3, 5, 6, 2, 3, 2, 2, 4, 4, 3, 6, 3, 3, 6, 3, 4, 3, 4, 6, 4] [8, 6, 8, 6, 5, 8, 6, 6, 5, 8, 10, 6, 5, 8, 7, 10, 9, 7, 3, 9, 4, 6, 3, 3, 8, 7, 9, 5, 4, 7, 8, 3, 8, 8, 6, 3, 8, 5, 6, 6, 7, 6, 5, 3, 5, 6, 9, 10, 8, 6, 8, 8, 7, 5, 5, 5, 3, 6, 7, 4, 6, 9, 9, 4, 5, 6, 4, 7, 6, 6, 9, 5, 6, 8, 6, 8, 7, 7, 8, 6]
A_4 18.730000000000004 A 4 [4, 4, 3, 1, 5, 6, 2, 4, 2, 3, 6, 2, 1, 5, 3, 6, 2, 4, 6, 6, 2, 5, 1, 2, 1, 1, 2, 6, 6, 4, 5, 2, 3, 2, 1, 4, 2, 5, 2, 3, 2, 1, 3, 2, 4, 1, 6, 6, 6, 6, 1, 5, 6, 4, 2, 6, 6, 5, 1, 2, 6, 2, 3, 1, 6, 3, 3, 1, 1, 1, 5, 6, 6, 4, 6, 4, 5, 3, 1, 1] [7, 7, 7, 5, 9, 9, 5, 6, 6, 7, 9, 5, 3, 7, 5, 9, 6, 8, 9, 9, 4, 8, 5, 6, 3, 3, 5, 9, 10, 6, 8, 4, 6, 5, 4, 7, 5, 9, 5, 5, 6, 4, 6, 4, 7, 5, 8, 9, 10, 10, 4, 8, 8, 7, 4, 8, 10, 7, 3, 6, 8, 5, 5, 3, 10, 6, 6, 5, 4, 5, 7, 10, 8, 6, 10, 8, 7, 5, 5, 3]
A_5 19.730000000000004 A 5 [3, 3, 1, 6, 6, 5, 4, 4, 6, 5, 5, 6, 6, 6, 6, 5, 1, 3, 1, 1, 5, 6, 4, 6, 6, 6, 6, 1, 5, 4, 6, 2, 1, 3, 3, 5, 5, 1, 2, 6, 6, 3, 5, 5, 4, 3, 2, 6, 1, 3, 4, 5, 5, 1, 5, 5, 5, 5, 1, 1, 1, 3, 1, 4, 1, 2, 6, 1, 5, 1, 2, 5, 3, 6, 4, 1, 3, 5, 4, 2] [5, 7, 5, 8, 9, 7, 8, 7, 8, 8, 8, 10, 10, 9, 8, 7, 4, 5, 4, 4, 7, 9, 7, 8, 9, 9, 8, 3, 9, 8, 8, 5, 3, 5, 7, 9, 7, 5, 5, 10, 9, 7, 8, 9, 7, 5, 6, 8, 4, 6, 8, 7, 9, 4, 7, 7, 9, 8, 4, 4, 5, 6, 3, 8, 5, 5, 8, 3, 7, 3, 6, 8, 6, 9, 8, 4, 5, 8, 6, 4]
A_6 20.920000000000005 A 6 [5, 3, 5, 4, 2, 4, 5, 3, 3, 5, 4, 6, 5, 1, 5, 6, 6, 1, 1, 6, 4, 1, 5, 1, 2, 2, 2, 4, 2, 4, 6, 6, 2, 2, 6, 1, 5, 5, 6, 3, 3, 2, 6, 3, 4, 2, 6, 4, 4, 3, 4, 5, 1, 3, 2, 3, 5, 4, 2, 3, 1, 5, 1, 2, 2, 4, 1, 3, 2, 3, 6, 4, 3, 3, 5, 3, 6, 3, 6, 6] [8, 5, 9, 6, 5, 8, 9, 5, 7, 8, 7, 10, 9, 4, 8, 10, 10, 3, 3, 9, 7, 5, 8, 3, 5, 5, 5, 8, 5, 7, 10, 9, 4, 4, 9, 3, 7, 9, 9, 5, 5, 5, 8, 7, 7, 6, 8, 8, 8, 6, 8, 9, 5, 5, 5, 7, 7, 6, 6, 5, 3, 8, 5, 5, 4, 6, 5, 7, 5, 6, 9, 7, 6, 6, 8, 6, 9, 6, 9, 9]
A_7 23.210000000000004 A 7 [4, 1, 5, 2, 4, 4, 3, 5, 1, 3, 2, 5, 1, 5, 6, 5, 4, 6, 2, 3, 5, 2, 1, 4, 5, 3, 6, 6, 3, 4, 2, 2, 5, 4, 1, 6, 2, 4, 4, 1, 2, 2, 4, 5, 1, 3, 6, 2, 6, 3, 1, 6, 5, 5, 5, 2, 5, 4, 3, 2, 5, 3, 1, 1, 5, 3, 6, 3, 2, 5, 2, 3, 2, 1, 4, 4, 6, 1, 4, 1] [8, 4, 9, 6, 6, 7, 5, 7, 5, 6, 5, 7, 3, 7, 8, 7, 6, 8, 4, 7, 9, 6, 5, 6, 7, 7, 10, 8, 7, 6, 4, 5, 8, 6, 5, 9, 6, 6, 7, 4, 5, 6, 6, 9, 3, 7, 10, 6, 8, 6, 4, 8, 8, 8, 8, 5, 7, 7, 5, 5, 8, 7, 4, 5, 8, 5, 10, 7, 6, 7, 6, 7, 6, 3, 6, 7, 9, 3, 6, 5]
A_8 25.700000000000003 A 8 [3, 5, 2, 2, 2, 6, 3, 1, 1, 4, 5, 6, 6, 5, 4, 2, 1, 5, 3, 4, 4, 6, 5, 6, 1, 2, 1, 6, 2, 4, 6, 4, 3, 6, 5, 4, 1, 4, 4, 4, 4, 6, 1, 3, 2, 5, 6, 4, 3, 6, 4, 5, 5, 2, 2, 3, 5, 1, 2, 1, 2, 3, 4, 5, 2, 6, 3, 6, 6, 3, 4, 3, 4, 2, 1, 6, 4, 3, 2, 1] [7, 8, 5, 5, 6, 8, 7, 5, 4, 8, 9, 10, 9, 7, 6, 5, 3, 9, 5, 8, 7, 8, 8, 9, 3, 6, 5, 8, 4, 8, 9, 7, 6, 9, 8, 7, 4, 7, 8, 7, 8, 9, 4, 5, 6, 8, 10, 7, 7, 10, 6, 7, 9, 5, 5, 7, 8, 3, 5, 4, 6, 7, 6, 9, 4, 8, 6, 10, 10, 6, 6, 5, 6, 5, 4, 9, 8, 5, 6, 5]
A_9 29.01 A 9 [3, 6, 1, 4, 3, 5, 5, 3, 4, 2, 2, 6, 4, 6, 4, 5, 1, 4, 5, 6, 3, 2, 6, 1, 5, 3, 6, 6, 5, 6, 4, 1, 4, 2, 1, 4, 2, 2, 4, 2, 6, 1, 3, 2, 3, 4, 1, 3, 5, 1, 1, 4, 4, 5, 2, 2, 1, 1, 3, 4, 5, 5, 3, 6, 6, 1, 5, 2, 3, 5, 5, 6, 4, 6, 6, 5, 2, 3, 5, 6] [7, 9, 3, 8, 7, 8, 8, 6, 8, 6, 6, 8, 7, 8, 8, 7, 4, 7, 9, 9, 5, 6, 10, 4, 9, 5, 8, 9, 8, 8, 6, 5, 7, 5, 4, 7, 4, 6, 7, 6, 8, 5, 5, 6, 5, 7, 3, 5, 8, 3, 4, 6, 7, 8, 5, 5, 3, 4, 6, 7, 8, 8, 5, 9, 10, 3, 9, 4, 6, 7, 7, 8, 6, 9, 10, 8, 5, 7, 8, 8]
A_10 32.63 A 10 [3, 3, 1, 6, 6, 5, 4, 2, 5, 2, 5, 5, 5, 3, 5, 5, 6, 1, 4, 4, 6, 3, 1, 2, 1, 1, 2, 3, 6, 4, 5, 6, 6, 5, 6, 1, 2, 2, 3, 4, 1, 3, 1, 1, 6, 2, 4, 1, 2, 2, 4, 1, 2, 1, 3, 2, 2, 1, 2, 6, 1, 1, 6, 1, 5, 6, 6, 1, 6, 4, 3, 6, 2, 1, 2, 1, 6, 3, 5, 5] [6, 6, 5, 10, 9, 8, 7, 5, 9, 6, 7, 8, 8, 6, 8, 7, 8, 4, 8, 6, 9, 5, 5, 4, 4, 4, 4, 6, 8, 7, 8, 8, 9, 7, 9, 5, 5, 5, 5, 7, 4, 7, 4, 3, 9, 4, 7, 3, 4, 5, 6, 3, 6, 5, 5, 4, 4, 4, 6, 10, 4, 3, 8, 5, 8, 9, 10, 5, 8, 8, 5, 8, 4, 3, 5, 3, 8, 6, 9, 8]
A_11 34.03 A 11 [6, 3, 4, 3, 2, 6, 6, 5, 6, 6, 5, 2, 1, 4, 6, 4, 4, 2, 1, 5, 5, 6, 6, 4, 2, 4, 6, 1, 2, 4, 5, 1, 6, 6, 1, 3, 4, 2, 1, 5, 3, 3, 4, 1, 2, 1, 4, 2, 5, 4, 2, 5, 5, 4, 4, 6, 1, 5, 1, 6, 4, 2, 4, 3, 5, 5, 2, 6, 4, 1, 2, 2, 1, 4, 3, 3, 3, 5, 6, 2] [10, 5, 6, 6, 5, 10, 10, 7, 10, 8, 8, 5, 5, 8, 10, 6, 6, 4, 5, 8, 9, 9, 8, 8, 4, 7, 9, 4, 5, 6, 8, 5, 10, 10, 5, 5, 8, 6, 4, 7, 7, 5, 8, 5, 4, 5, 6, 6, 7, 7, 5, 7, 9, 6, 8, 9, 4, 8, 4, 9, 7, 5, 7, 7, 7, 8, 6, 8, 8, 4, 6, 5, 4, 8, 7, 7, 7, 9, 8, 5]
A_12 35.92 A 12 [4, 1, 3, 1, 1, 6, 5, 1, 6, 4, 5, 1, 2, 2, 2, 3, 5, 4, 4, 5, 2, 1, 1, 6, 1, 6, 5, 5, 4, 4, 5, 4, 4, 2, 2, 6, 6, 1, 3, 3, 3, 3, 2, 6, 2, 3, 5, 2, 2, 1, 5, 3, 4, 1, 4, 5, 4, 2, 6, 5, 5, 3, 5, 1, 4, 4, 6, 2, 4, 6, 5, 1, 4, 6, 5, 6, 3, 1, 6, 4] [7, 3, 6, 5, 3, 10, 9, 3, 9, 7, 8, 5, 4, 4, 5, 7, 7, 7, 7, 7, 5, 3, 3, 10, 5, 10, 9, 9, 8, 6, 8, 6, 8, 5, 5, 10, 9, 5, 7, 6, 5, 7, 5, 9, 4, 6, 8, 5, 5, 5, 8, 6, 8, 3, 8, 7, 7, 5, 10, 7, 8, 6, 8, 4, 8, 6, 8, 6, 7, 8, 8, 4, 6, 9, 7, 10, 6, 5, 10, 7]
A_13 44.230000000000004 A 13 [4, 3, 2, 4, 5, 6, 1, 5, 5, 6, 3, 4, 2, 2, 3, 2, 6, 5, 3, 4, 4, 6, 3, 2, 1, 5, 6, 1, 2, 4, 5, 1, 3, 3, 3, 6, 4, 4, 2, 1, 4, 5, 4, 3, 2, 1, 6, 1, 1, 2, 3, 2, 3, 1, 1, 2, 3, 4, 1, 1, 5, 2, 5, 1, 4, 1, 4, 4, 3, 4, 6, 3, 3, 6, 2, 6, 5, 1, 1, 5] [8, 7, 6, 8, 7, 9, 4, 7, 7, 8, 6, 8, 4, 5, 5, 6, 9, 7, 7, 6, 6, 9, 6, 6, 5, 9, 10, 5, 6, 6, 8, 3, 5, 6, 7, 9, 8, 8, 6, 3, 7, 9, 8, 6, 6, 5, 10, 5, 4, 6, 5, 5, 7, 5, 3, 6, 6, 6, 5, 3, 7, 6, 7, 4, 7, 5, 8, 8, 7, 8, 9, 5, 7, 10, 6, 10, 8, 4, 5, 9]
A_14 45.620000000000005 A 14 [4, 3, 5, 3, 3, 6, 5, 6, 4, 4, 5, 6, 2, 3, 1, 6, 3, 5, 6, 2, 5, 6, 1, 4, 1, 4, 1, 3, 2, 5, 2, 2, 2, 1, 6, 1, 4, 3, 3, 6, 2, 3, 3, 5, 5, 4, 6, 5, 5, 3, 4, 4, 3, 4, 1, 2, 4, 3, 1, 4, 6, 2, 3, 4, 1, 6, 6, 4, 2, 5, 6, 6, 4, 5, 2, 4, 6, 2, 1, 3] [7, 5, 8, 7, 5, 8, 8, 8, 6, 8, 8, 10, 5, 5, 3, 10, 5, 7, 8, 5, 9, 8, 3, 6, 5, 8, 3, 5, 4, 9, 6, 5, 4, 3, 9, 4, 7, 6, 5, 9, 6, 5, 7, 7, 9, 7, 10, 9, 9, 7, 6, 7, 7, 7, 4, 5, 7, 7, 3, 7, 8, 4, 7, 7, 5, 8, 10, 8, 5, 7, 8, 9, 6, 9, 4, 7, 10, 5, 4, 6]
A_15 46.870000000000005 A 15 [6, 1, 1, 6, 6, 5, 6, 5, 2, 5, 5, 4, 3, 2, 6, 2, 2, 4, 4, 5, 5, 1, 2, 2, 5, 1, 4, 4, 1, 3, 1, 3, 3, 1, 4, 3, 3, 6, 3, 6, 6, 4, 6, 2, 4, 6, 5, 6, 2, 6, 5, 1, 4, 4, 3, 4, 5, 5, 3, 5, 6, 6, 6, 6, 6, 6, 5, 2, 5, 4, 5, 1, 3, 4, 3, 5, 4, 5, 6, 6] [10, 4, 4, 10, 9, 7, 10, 7, 5, 7, 7, 6, 7, 6, 10, 5, 4, 8, 7, 7, 7, 4, 4, 4, 8, 5, 6, 7, 5, 6, 3, 7, 6, 5, 7, 5, 7, 10, 7, 10, 9, 7, 9, 5, 6, 10, 8, 8, 5, 10, 9, 3, 8, 7, 7, 7, 8, 8, 5, 7, 8, 8, 10, 10, 10, 9, 8, 5, 9, 6, 9, 4, 6, 8, 7, 9, 8, 7, 10, 10]
A_16 47.870000000000005 A 16 [4, 2, 1, 6, 2, 1, 6, 4, 1, 1, 6, 4, 5, 6, 3, 2, 3, 4, 5, 1, 2, 1, 3, 2, 5, 1, 2, 6, 1, 4, 2, 6, 3, 1, 5, 2, 4, 1, 1, 2, 4, 4, 6, 4, 3, 2, 5, 1, 6, 6, 6, 5, 1, 3, 6, 6, 4, 5, 6, 3, 2, 6, 2, 5, 6, 1, 5, 3, 2, 1, 3, 4, 2, 4, 2, 6, 4, 3, 1, 5] [7, 6, 5, 9, 6, 4, 10, 6, 3, 4, 8, 6, 7, 9, 5, 4, 6, 6, 9, 4, 6, 5, 7, 4, 7, 4, 4, 10, 3, 6, 4, 9, 5, 3, 9, 4, 8, 4, 4, 4, 7, 6, 9, 8, 5, 6, 9, 4, 8, 8, 8, 9, 3, 7, 10, 10, 7, 9, 10, 7, 5, 9, 4, 9, 9, 3, 7, 5, 4, 4, 5, 6, 5, 7, 5, 10, 8, 7, 4, 8]
A_17 54.31 A 17 [1, 4, 2, 4, 4, 3, 1, 6, 5, 4, 1, 2, 4, 5, 5, 4, 4, 4, 4, 3, 5, 6, 6, 3, 4, 2, 1, 1, 2, 4, 3, 1, 5, 2, 5, 2, 6, 1, 4, 5, 1, 1, 6, 1, 5, 3, 5, 2, 4, 3, 5, 4, 6, 5, 1, 5, 5, 6, 4, 6, 5, 4, 1, 6, 4, 1, 1, 6, 4, 5, 1, 4, 5, 4, 2, 3, 3, 1, 3, 6] [4, 8, 4, 7, 8, 5, 3, 8, 9, 7, 4, 4, 7, 7, 7, 8, 6, 7, 7, 5, 8, 9, 8, 5, 7, 5, 3, 4, 6, 8, 5, 5, 7, 4, 8, 6, 8, 3, 6, 7, 4, 4, 8, 4, 7, 5, 9, 6, 7, 6, 7, 7, 10, 7, 4, 8, 7, 9, 7, 9, 9, 8, 3, 8, 7, 4, 5, 9, 8, 7, 5, 7, 9, 6, 5, 7, 6, 3, 5, 8]
A_18 58.56 A 18 [5, 6, 3, 1, 6, 1, 1, 2, 3, 5, 4, 1, 4, 3, 6, 4, 5, 4, 2, 6, 4, 4, 6, 5, 5, 1, 5, 2, 3, 6, 6, 4, 6, 6, 2, 4, 3, 3, 6, 1, 1, 3, 5, 3, 4, 4, 5, 6, 5, 6, 2, 6, 6, 2, 5, 1, 2, 6, 4, 4, 5, 1, 4, 1, 5, 1, 3, 3, 4, 6, 6, 4, 5, 4, 2, 2, 6, 4, 2, 5] [7, 10, 7, 3, 9, 4, 3, 4, 5, 9, 8, 5, 7, 7, 8, 7, 9, 7, 4, 9, 8, 6, 9, 7, 8, 4, 7, 6, 7, 9, 10, 7, 9, 8, 4, 7, 6, 5, 10, 3, 4, 5, 8, 7, 6, 8, 8, 9, 7, 10, 4, 10, 9, 6, 9, 3, 6, 8, 7, 8, 8, 5, 8, 4, 7, 3, 6, 7, 6, 10, 10, 6, 9, 7, 6, 4, 10, 6, 4, 7]
A_19 61.78 A 19 [6, 6, 2, 5, 6, 1, 6, 3, 4, 6, 4, 5, 5, 4, 2, 5, 1, 3, 6, 3, 2, 3, 5, 5, 6, 3, 4, 1, 4, 3, 2, 6, 4, 4, 2, 4, 4, 2, 1, 2, 4, 6, 5, 2, 6, 2, 4, 5, 4, 5, 3, 6, 6, 1, 4, 4, 1, 6, 5, 6, 6, 2, 3, 1, 5, 4, 6, 2, 1, 5, 6, 3, 5, 5, 1, 2, 3, 2, 4, 3] [9, 10, 6, 9, 9, 4, 9, 7, 8, 9, 6, 8, 7, 6, 5, 7, 4, 5, 9, 7, 6, 5, 7, 8, 9, 5, 7, 4, 8, 6, 5, 10, 8, 6, 4, 8, 8, 5, 5, 5, 6, 10, 9, 4, 9, 4, 7, 8, 6, 7, 7, 9, 8, 5, 6, 7, 5, 10, 9, 8, 10, 6, 5, 4, 7, 7, 10, 6, 4, 9, 9, 6, 9, 7, 4, 4, 7, 5, 8, 5]
A_20 71.11 A 20 [1, 2, 6, 1, 2, 5, 4, 5, 4, 3, 6, 5, 2, 4, 5, 5, 2, 5, 4, 2, 5, 3, 3, 3, 4, 2, 2, 1, 4, 2, 1, 1, 5, 1, 6, 3, 4, 3, 5, 5, 1, 1, 6, 1, 6, 4, 2, 4, 5, 5, 4, 3, 4, 6, 4, 5, 4, 1, 2, 2, 4, 1, 3, 1, 5, 4, 1, 3, 3, 2, 6, 5, 6, 4, 1, 6, 5, 6, 5, 5] [4, 4, 8, 4, 4, 7, 7, 9, 7, 5, 9, 9, 5, 6, 9, 7, 6, 8, 8, 6, 7, 6, 6, 7, 8, 4, 5, 4, 7, 6, 4, 4, 9, 4, 10, 6, 8, 7, 8, 7, 3, 5, 8, 5, 9, 7, 4, 7, 9, 8, 6, 5, 8, 9, 6, 8, 6, 4, 5, 6, 7, 5, 7, 5, 9, 7, 3, 7, 6, 4, 10, 7, 9, 6, 3, 10, 8, 10, 8, 8]
A_21 72.49 A 21 [4, 2, 1, 2, 5, 6, 1, 2, 6, 2, 3, 6, 1, 6, 6, 1, 1, 6, 4, 3, 3, 1, 5, 1, 6, 1, 3, 1, 6, 6, 3, 1, 2, 5, 5, 6, 1, 2, 5, 4, 1, 2, 2, 2, 1, 2, 6, 6, 3, 1, 1, 5, 1, 6, 2, 5, 6, 3, 3, 5, 5, 4, 5, 5, 2, 3, 3, 6, 5, 5, 1, 4, 2, 3, 5, 6, 1, 5, 1, 1] [8, 5, 3, 6, 8, 9, 5, 6, 8, 6, 5, 9, 3, 9, 8, 4, 5, 9, 6, 5, 6, 4, 8, 3, 8, 4, 6, 4, 9, 9, 6, 4, 5, 9, 8, 10, 3, 5, 7, 6, 3, 6, 4, 5, 5, 5, 10, 8, 7, 4, 5, 7, 5, 9, 4, 9, 10, 6, 7, 8, 7, 7, 9, 7, 4, 5, 7, 9, 9, 9, 3, 8, 4, 7, 8, 10, 3, 8, 3, 5]
A_22 75.28999999999999 A 22 [4, 1, 3, 1, 1, 4, 5, 1, 5, 6, 1, 6, 1, 3, 1, 2, 3, 6, 6, 5, 3, 5, 6, 4, 5, 1, 3, 2, 3, 3, 6, 6, 1, 6, 3, 5, 5, 1, 4, 3, 3, 5, 4, 4, 2, 6, 3, 2, 6, 3, 6, 3, 5, 1, 3, 1, 5, 2, 3, 1, 3, 4, 2, 5, 5, 3, 2, 2, 2, 6, 4, 4, 3, 2, 6, 5, 1, 6, 2, 5] [8, 3, 6, 3, 5, 7, 8, 5, 8, 10, 5, 8, 3, 6, 3, 4, 7, 8, 9, 7, 6, 8, 9, 8, 8, 4, 6, 6, 6, 6, 10, 10, 3, 9, 6, 7, 9, 4, 7, 5, 7, 9, 6, 6, 4, 8, 7, 4, 10, 7, 8, 5, 9, 3, 6, 5, 8, 5, 5, 4, 5, 7, 4, 8, 9, 5, 4, 4, 6, 10, 7, 8, 5, 6, 10, 9, 4, 8, 5, 8]
A_23 76.52999999999999 A 23 [1, 6, 1, 1, 2, 6, 1, 4, 6, 1, 2, 4, 6, 2, 4, 2, 2, 3, 5, 5, 3, 1, 4, 5, 1, 3, 6, 4, 5, 2, 6, 1, 2, 5, 6, 4, 5, 4, 6, 4, 2, 2, 1, 5, 3, 2, 5, 5, 5, 1, 3, 6, 5, 3, 6, 3, 1, 3, 1, 4, 5, 3, 5, 4, 1, 1, 2, 1, 6, 3, 4, 5, 3, 6, 2, 5, 1, 3, 3, 6] [4, 10, 5, 3, 6, 8, 3, 6, 9, 4, 4, 8, 10, 6, 6, 4, 4, 5, 7, 8, 7, 3, 8, 8, 4, 7, 9, 6, 9, 4, 8, 4, 4, 9, 10, 6, 9, 7, 10, 7, 4, 4, 5, 7, 7, 4, 7, 9, 9, 5, 5, 10, 9, 5, 9, 6, 3, 7, 3, 6, 8, 7, 9, 8, 3, 5, 6, 4, 8, 6, 8, 8, 7, 8, 5, 8, 5, 7, 5, 10]
A_24 78.85999999999999 A 24 [5, 2, 1, 6, 1, 6, 2, 5, 1, 5, 1, 2, 1, 1, 1, 5, 5, 4, 5, 6, 4, 6, 5, 1, 4, 4, 4, 5, 6, 6, 1, 6, 6, 2, 1, 3, 2, 1, 6, 4, 5, 2, 3, 3, 3, 4, 3, 6, 5, 2, 3, 3, 6, 6, 5, 1, 5, 3, 5, 2, 5, 3, 5, 2, 3, 5, 2, 2, 4, 3, 2, 1, 1, 2, 1, 5, 4, 2, 3, 3] [7, 6, 3, 8, 3, 9, 5, 7, 3, 9, 4, 4, 5, 5, 5, 8, 7, 7, 8, 9, 8, 8, 8, 4, 7, 8, 6, 7, 10, 10, 3, 9, 10, 5, 5, 7, 6, 5, 10, 8, 8, 4, 7, 7, 5, 8, 6, 10, 7, 4, 7, 6, 8, 10, 9, 4, 7, 5, 9, 5, 7, 6, 8, 6, 6, 9, 6, 6, 6, 5, 6, 5, 5, 5, 4, 7, 6, 4, 6, 6]
A_25 79.85999999999999 A 25 [5, 1, 5, 5, 1, 6, 2, 3, 2, 3, 1, 4, 6, 5, 4, 1, 1, 2, 1, 3, 2, 1, 1, 3, 4, 5, 3, 4, 6, 6, 1, 4, 1, 2, 6, 2, 1, 2, 4, 5, 4, 1, 5, 1, 4, 6, 2, 6, 2, 5, 6, 6, 6, 4, 3, 1, 6, 3, 3, 4, 1, 4, 4, 3, 6, 5, 5, 5, 4, 2, 5, 2, 5, 6, 5, 5, 1, 2, 3, 1] [9, 3, 8, 7, 3, 9, 5, 7, 6, 5, 4, 7, 10, 9, 8, 5, 4, 5, 4, 5, 4, 4, 4, 7, 8, 9, 7, 6, 10, 10, 3, 7, 4, 4, 10, 6, 3, 5, 6, 7, 6, 4, 8, 3, 8, 9, 4, 8, 4, 8, 10, 9, 10, 6, 7, 3, 8, 7, 7, 7, 5, 7, 7, 6, 10, 8, 8, 8, 7, 5, 8, 6, 8, 8, 8, 9, 3, 4, 6, 5]
A_26 83.11999999999999 A 26 [5, 6, 3, 6, 2, 6, 2, 6, 1, 6, 2, 6, 5, 6, 1, 4, 2, 1, 5, 4, 2, 3, 3, 6, 4, 3, 5, 2, 5, 5, 6, 5, 4, 4, 6, 6, 6, 3, 1, 5, 5, 5, 6, 2, 4, 5, 6, 4, 1, 6, 5, 3, 2, 4, 2, 5, 1, 4, 6, 1, 5, 1, 6, 3, 1, 6, 3, 5, 6, 5, 5, 3, 4, 1, 5, 6, 5, 1, 3, 2] [7, 8, 5, 9, 5, 8, 5, 10, 5, 8, 4, 9, 9, 10, 3, 6, 4, 3, 7, 7, 5, 6, 6, 9, 6, 7, 7, 6, 7, 7, 9, 9, 6, 8, 10, 8, 10, 7, 3, 7, 9, 8, 9, 6, 8, 9, 9, 6, 5, 8, 7, 6, 6, 8, 4, 8, 4, 6, 8, 5, 8, 5, 10, 6, 4, 8, 5, 7, 10, 8, 8, 6, 8, 4, 7, 10, 7, 5, 7, 4]
A_27 84.60999999999999 A 27 [6, 4, 4, 3, 6, 1, 4, 6, 6, 6, 3, 1, 5, 1, 3, 4, 6, 1, 2, 1, 1, 1, 2, 4, 5, 4, 2, 3, 3, 6, 1, 4, 4, 4, 3, 6, 1, 5, 4, 3, 6, 1, 5, 6, 2, 4, 4, 5, 1, 1, 6, 2, 6, 5, 5, 6, 4, 2, 2, 1, 3, 4, 1, 2, 4, 3, 1, 4, 4, 3, 3, 6, 6, 2, 3, 5, 6, 4, 5, 3] [10, 6, 7, 5, 9, 3, 8, 8, 8, 9, 6, 4, 9, 5, 5, 7, 10, 4, 6, 4, 4, 4, 6, 6, 7, 6, 6, 7, 5, 8, 4, 8, 8, 8, 5, 8, 5, 8, 6, 7, 8, 3, 8, 9, 4, 7, 7, 9, 3, 5, 9, 5, 8, 9, 7, 9, 8, 6, 5, 5, 6, 8, 5, 4, 8, 5, 3, 8, 8, 6, 7, 8, 8, 4, 7, 7, 8, 7, 8, 7]
A_28 87.49999999999999 A 28 [4, 6, 5, 2, 6, 5, 2, 3, 2, 5, 6, 2, 4, 2, 2, 1, 1, 2, 3, 4, 4, 6, 3, 5, 6, 6, 5, 3, 6, 5, 6, 4, 2, 4, 2, 3, 2, 4, 1, 3, 4, 4, 5, 1, 3, 6, 5, 5, 5, 3, 6, 3, 3, 4, 5, 1, 4, 2, 6, 1, 3, 1, 5, 3, 3, 3, 6, 4, 3, 4, 1, 5, 2, 1, 3, 4, 6, 5, 2, 4] [7, 9, 8, 4, 10, 9, 5, 7, 4, 8, 8, 5, 8, 6, 4, 5, 3, 6, 7, 8, 7, 9, 6, 9, 10, 10, 7, 5, 9, 7, 8, 6, 5, 7, 6, 5, 6, 6, 3, 6, 8, 6, 9, 4, 5, 9, 7, 7, 8, 7, 9, 6, 5, 6, 9, 5, 7, 4, 10, 3, 5, 4, 9, 6, 5, 7, 9, 6, 5, 7, 3, 9, 4, 5, 6, 6, 8, 9, 5, 7]
A_29 88.49999999999999 A 29 [1, 4, 4, 5, 4, 4, 4, 4, 4, 6, 4, 4, 4, 4, 5, 3, 4, 4, 6, 3, 2, 6, 3, 2, 6, 6, 5, 6, 5, 4, 3, 1, 3, 2, 6, 1, 5, 4, 2, 1, 4, 5, 6, 1, 2, 3, 5, 1, 2, 3, 2, 2, 4, 1, 4, 5, 5, 5, 3, 2, 6, 6, 5, 4, 2, 2, 2, 6, 1, 6, 2, 3, 6, 2, 1, 5, 5, 3, 1, 3] [4, 7, 8, 7, 6, 8, 7, 6, 8, 8, 7, 6, 6, 6, 9, 6, 6, 8, 9, 6, 6, 9, 6, 4, 10, 10, 7, 8, 7, 8, 7, 3, 5, 5, 10, 4, 7, 6, 4, 4, 7, 7, 10, 5, 5, 6, 8, 4, 6, 5, 6, 5, 6, 5, 6, 9, 8, 9, 7, 5, 10, 8, 8, 8, 5, 5, 5, 8, 3, 10, 6, 5, 8, 6, 3, 7, 9, 7, 3, 6]
A_30 93.17999999999998 A 30 [5, 1, 1, 4, 5, 6, 6, 2, 6, 4, 5, 5, 5, 5, 2, 1, 2, 3, 6, 2, 1, 3, 6, 6, 1, 1, 6, 1, 6, 3, 5, 2, 1, 5, 5, 1, 3, 4, 1, 2, 2, 6, 6, 3, 4, 5, 2, 4, 2, 5, 5, 1, 6, 1, 5, 2, 1, 2, 5, 1, 6, 4, 4, 5, 3, 3, 2, 1, 3, 4, 1, 3, 5, 1, 3, 6, 6, 6, 6, 4] [9, 4, 5, 8, 8, 8, 10, 4, 9, 6, 8, 8, 8, 8, 6, 3, 4, 5, 10, 5, 4, 6, 10, 8, 3, 3, 9, 4, 8, 7, 9, 5, 4, 7, 8, 3, 5, 7, 5, 5, 6, 8, 9, 5, 7, 9, 6, 8, 5, 8, 8, 3, 9, 4, 8, 4, 3, 5, 7, 3, 8, 6, 7, 9, 5, 7, 6, 5, 6, 6, 4, 6, 7, 5, 5, 10, 10, 10, 9, 8]
A_31 95.34999999999998 A 31 [5, 2, 1, 1, 2, 2, 6, 2, 4, 1, 6, 1, 4, 1, 2, 3, 6, 1, 4, 6, 1, 1, 6, 1, 6, 4, 5, 4, 4, 1, 2, 6, 4, 5, 2, 6, 5, 3, 2, 5, 4, 3, 2, 3, 3, 5, 1, 3, 1, 5, 1, 1, 2, 6, 2, 3, 1, 4, 3, 5, 3, 3, 3, 4, 6, 3, 6, 4, 6, 6, 1, 5, 5, 2, 3, 1, 1, 4, 2, 1] [9, 5, 5, 3, 4, 5, 9, 5, 7, 5, 8, 5, 6, 3, 5, 7, 9, 5, 7, 10, 4, 4, 10, 4, 9, 7, 9, 8, 6, 3, 5, 9, 6, 9, 4, 10, 8, 6, 4, 9, 7, 5, 4, 6, 6, 9, 5, 5, 4, 7, 3, 3, 4, 9, 4, 6, 3, 6, 7, 9, 7, 5, 6, 6, 8, 7, 8, 6, 9, 8, 3, 7, 7, 6, 6, 3, 4, 6, 6, 4]
A_32 97.74999999999999 A 32 [4, 2, 3, 5, 3, 1, 2, 5, 3, 4, 6, 6, 4, 3, 2, 3, 3, 5, 6, 4, 5, 2, 1, 2, 6, 1, 4, 4, 2, 3, 1, 4, 6, 5, 5, 1, 4, 4, 6, 3, 1, 6, 2, 5, 4, 4, 2, 5, 1, 2, 5, 3, 2, 4, 3, 3, 5, 6, 5, 2, 4, 3, 4, 4, 1, 2, 5, 2, 5, 1, 4, 4, 2, 5, 6, 2, 2, 3, 4, 2] [8, 6, 6, 8, 6, 3, 4, 8, 6, 7, 9, 10, 8, 5, 4, 6, 5, 7, 9, 8, 9, 5, 3, 4, 10, 4, 6, 8, 5, 5, 4, 6, 10, 7, 8, 3, 8, 8, 9, 6, 3, 8, 5, 9, 8, 7, 4, 7, 5, 6, 9, 6, 4, 7, 5, 6, 7, 10, 9, 5, 6, 7, 7, 6, 3, 4, 9, 6, 7, 4, 8, 8, 5, 9, 9, 5, 4, 7, 8, 5]
A_33 98.93999999999998 A 33 [1, 2, 2, 5, 2, 3, 2, 4, 6, 2, 5, 6, 2, 3, 1, 1, 1, 2, 6, 4, 1, 5, 6, 5, 2, 2, 4, 4, 4, 2, 5, 5, 5, 4, 3, 3, 5, 3, 3, 5, 6, 2, 4, 5, 3, 1, 6, 3, 1, 5, 2, 5, 2, 5, 6, 1, 1, 1, 1, 1, 2, 1, 4, 1, 5, 2, 3, 6, 6, 5, 6, 6, 4, 5, 4, 4, 4, 2, 6, 3] [4, 6, 5, 8, 5, 5, 4, 6, 9, 5, 7, 10, 5, 6, 3, 5, 3, 4, 8, 6, 4, 9, 9, 9, 5, 4, 8, 8, 7, 5, 7, 9, 7, 6, 5, 6, 9, 6, 7, 7, 8, 4, 7, 8, 6, 3, 8, 6, 3, 7, 5, 8, 4, 8, 8, 5, 3, 5, 3, 3, 4, 4, 6, 3, 8, 5, 7, 10, 9, 9, 9, 8, 6, 9, 8, 8, 7, 5, 10, 7]
A_34 99.93999999999998 A 34 [6, 3, 5, 2, 1, 3, 6, 1, 5, 1, 6, 1, 2, 3, 6, 4, 5, 5, 2, 2, 6, 5, 3, 6, 1, 6, 6, 3, 2, 6, 5, 2, 5, 3, 1, 1, 3, 5, 6, 1, 6, 5, 3, 4, 2, 6, 2, 6, 4, 6, 1, 5, 1, 4, 6, 2, 1, 6, 4, 4, 1, 6, 5, 4, 5, 6, 2, 4, 3, 3, 6, 1, 6, 2, 5, 1, 2, 6, 1, 6] [9, 6, 8, 6, 4, 7, 9, 5, 8, 4, 9, 5, 5, 7, 9, 7, 9, 8, 4, 4, 10, 8, 6, 10, 5, 10, 10, 5, 6, 10, 8, 4, 8, 5, 3, 4, 5, 9, 8, 3, 8, 8, 6, 6, 5, 10, 4, 10, 6, 8, 4, 9, 3, 7, 9, 4, 4, 8, 6, 6, 3, 8, 7, 7, 9, 9, 6, 8, 6, 5, 9, 4, 10, 6, 9, 4, 6, 8, 3, 8]
A_35 104.67999999999998 A 35 [6, 6, 6, 1, 4, 5, 1, 6, 4, 4, 1, 3, 6, 6, 1, 3, 2, 2, 4, 4, 3, 6, 5, 4, 3, 2, 6, 6, 3, 1, 1, 6, 1, 3, 1, 2, 3, 1, 4, 1, 1, 5, 6, 4, 3, 3, 5, 3, 2, 2, 3, 1, 2, 4, 3, 5, 5, 3, 3, 1, 5, 4, 1, 4, 6, 1, 6, 2, 6, 6, 4, 3, 2, 4, 2, 4, 4, 6, 3, 1] [9, 9, 10, 3, 7, 9, 3, 9, 7, 7, 5, 5, 10, 9, 4, 5, 4, 6, 7, 8, 6, 10, 7, 6, 7, 6, 8, 8, 5, 4, 3, 10, 3, 6, 4, 6, 5, 5, 6, 3, 5, 8, 9, 7, 5, 6, 8, 6, 4, 4, 6, 4, 4, 8, 5, 7, 8, 6, 5, 3, 8, 7, 4, 7, 8, 3, 9, 4, 9, 10, 8, 5, 4, 7, 4, 8, 7, 10, 7, 3]
A_36 110.16999999999997 A 36 [2, 2, 5, 6, 2, 5, 5, 2, 1, 2, 2, 4, 6, 4, 4, 3, 4, 6, 3, 4, 4, 1, 5, 5, 2, 1, 6, 1, 2, 5, 3, 5, 4, 5, 3, 3, 6, 4, 4, 4, 6, 2, 3, 5, 3, 3, 4, 4, 1, 5, 4, 6, 2, 6, 4, 2, 1, 2, 5, 4, 2, 2, 4, 6, 2, 3, 1, 2, 3, 2, 3, 5, 6, 1, 3, 4, 6, 3, 5, 3] [6, 4, 7, 8, 5, 7, 7, 6, 4, 4, 5, 8, 9, 8, 7, 7, 8, 8, 6, 8, 8, 3, 9, 9, 6, 3, 10, 5, 6, 7, 5, 8, 8, 9, 5, 5, 10, 8, 8, 7, 10, 5, 6, 7, 7, 6, 6, 8, 4, 9, 8, 10, 6, 10, 8, 5, 5, 6, 9, 6, 6, 5, 7, 8, 6, 6, 4, 4, 6, 5, 7, 9, 10, 5, 6, 7, 9, 5, 7, 7]
A_37 111.21999999999997 A 37 [3, 1, 3, 2, 5, 1, 5, 4, 4, 2, 2, 2, 1, 4, 3, 6, 1, 1, 3, 2, 3, 2, 1, 4, 1, 2, 3, 5, 4, 4, 4, 3, 4, 3, 5, 1, 4, 2, 2, 1, 4, 1, 6, 5, 3, 2, 6, 6, 2, 2, 3, 6, 3, 6, 1, 5, 1, 3, 6, 4, 5, 3, 4, 5, 3, 5, 6, 2, 3, 5, 6, 6, 1, 5, 5, 5, 4, 5, 5, 4] [6, 5, 6, 5, 9, 5, 9, 6, 7, 6, 5, 6, 5, 8, 6, 10, 4, 3, 5, 5, 7, 5, 4, 7, 5, 5, 7, 8, 6, 6, 7, 6, 8, 6, 9, 5, 8, 6, 5, 3, 7, 5, 10, 8, 5, 6, 9, 9, 6, 6, 7, 8, 5, 9, 3, 8, 4, 5, 10, 7, 7, 6, 7, 8, 5, 9, 10, 4, 5, 9, 9, 10, 3, 8, 9, 9, 7, 9, 8, 8]
A_38 118.60999999999997 A 38 [6, 3, 3, 3, 2, 2, 6, 4, 4, 4, 3, 1, 3, 2, 3, 3, 1, 4, 6, 1, 5, 5, 4, 6, 6, 4, 1, 4, 1, 2, 1, 2, 6, 3, 6, 4, 4, 2, 3, 5, 2, 2, 5, 1, 4, 1, 4, 6, 6, 5, 6, 5, 3, 4, 1, 4, 3, 3, 2, 4, 6, 3, 4, 5, 1, 2, 1, 1, 1, 3, 3, 3, 5, 5, 6, 3, 6, 1, 2, 2] [10, 6, 5, 6, 5, 5, 9, 7, 8, 7, 5, 4, 7, 6, 5, 7, 4, 6, 10, 5, 8, 7, 7, 10, 10, 6, 3, 6, 3, 4, 5, 4, 9, 7, 8, 6, 8, 5, 5, 8, 6, 5, 9, 4, 7, 5, 7, 9, 8, 9, 9, 9, 5, 8, 4, 7, 5, 6, 4, 7, 9, 7, 7, 8, 5, 5, 4, 3, 3, 5, 5, 7, 9, 7, 8, 5, 8, 5, 6, 6]
A_39 119.60999999999997 A 39 [4, 6, 4, 3, 3, 6, 3, 1, 4, 2, 4, 5, 3, 1, 6, 6, 2, 5, 1, 2, 5, 4, 3, 4, 4, 5, 5, 3, 3, 1, 2, 5, 3, 5, 1, 1, 4, 1, 5, 5, 1, 4, 1, 1, 3, 4, 1, 3, 2, 2, 6, 2, 1, 3, 1, 2, 1, 1, 1, 2, 6, 4, 2, 3, 6, 2, 5, 4, 2, 6, 2, 6, 5, 4, 1, 1, 6, 2, 4, 4] [6, 8, 7, 6, 5, 10, 5, 4, 7, 6, 7, 7, 6, 3, 9, 10, 4, 7, 3, 5, 7, 6, 5, 7, 8, 7, 7, 7, 6, 4, 5, 9, 6, 7, 3, 3, 7, 3, 8, 9, 5, 7, 4, 4, 5, 6, 4, 6, 5, 4, 10, 5, 5, 5, 5, 5, 4, 4, 5, 5, 8, 8, 4, 7, 10, 4, 8, 6, 4, 9, 4, 8, 8, 7, 5, 3, 9, 4, 8, 8]
B_0 1 B 40 [2, 1, 1, 5, 2, 6, 3, 2, 4, 6, 1, 3, 3, 4, 2, 6, 4, 1, 1, 4, 1, 1, 3, 2, 5, 4, 5, 6, 4, 4, 2, 4, 1, 6, 6, 1, 6, 4, 2, 1, 1, 5, 1, 2, 3, 5, 5, 5, 6, 5, 6, 4, 3, 6, 1, 3, 5, 4, 5, 1, 4, 4, 4, 6, 3, 3, 6, 3, 4, 5, 2, 3, 5, 2, 5, 1, 6, 5, 5, 5] [6, 5, 3, 7, 6, 9, 5, 5, 8, 8, 4, 7, 5, 7, 6, 9, 7, 4, 4, 6, 3, 3, 7, 4, 8, 6, 9, 8, 8, 7, 6, 7, 3, 8, 8, 5, 10, 7, 6, 5, 5, 8, 3, 5, 7, 8, 8, 8, 10, 9, 9, 7, 5, 9, 4, 6, 9, 8, 7, 4, 6, 7, 7, 9, 5, 5, 8, 5, 6, 7, 5, 7, 7, 5, 9, 4, 8, 7, 9, 7]
B_1 2.33 B 41 [5, 6, 6, 4, 1, 3, 2, 2, 6, 1, 3, 3, 3, 5, 3, 4, 4, 1, 3, 6, 1, 2, 5, 2, 2, 1, 5, 1, 4, 5, 6, 3, 6, 2, 5, 5, 2, 1, 2, 4, 5, 4, 4, 3, 5, 4, 2, 6, 3, 3, 6, 6, 3, 1, 2, 1, 3, 3, 2, 6, 5, 2, 6, 2, 3, 2, 4, 5, 1, 3, 2, 3, 6, 5, 5, 6, 3, 2, 2, 1] [9, 8, 9, 6, 4, 7, 5, 6, 9, 5, 7, 5, 7, 9, 5, 7, 6, 4, 5, 10, 5, 6, 9, 4, 4, 4, 8, 3, 6, 7, 8, 5, 8, 4, 8, 8, 5, 5, 5, 7, 8, 7, 8, 7, 8, 6, 4, 9, 7, 5, 9, 8, 7, 3, 5, 4, 6, 6, 4, 10, 8, 5, 9, 6, 5, 5, 6, 9, 4, 7, 5, 6, 8, 7, 9, 10, 6, 6, 4, 4]
B_2 11.22 B 42 [1, 1, 3, 2, 3, 5, 6, 4, 1, 3, 1, 4, 2, 4, 3, 6, 6, 6, 5, 5, 6, 2, 4, 1, 3, 5, 6, 5, 5, 6, 6, 2, 2, 4, 3, 6, 3, 6, 5, 1, 1, 4, 5, 4, 1, 4, 6, 3, 5, 3, 3, 2, 6, 1, 1, 6, 2, 1, 2, 6, 6, 1, 1, 3, 3, 6, 5, 4, 1, 6, 3, 4, 1, 2, 3, 1, 6, 1, 6, 4] [4, 5, 7, 5, 6, 8, 8, 6, 4, 5, 4, 8, 5, 8, 7, 9, 9, 8, 8, 9, 8, 4, 6, 5, 7, 8, 9, 8, 9, 10, 9, 4, 5, 7, 6, 9, 6, 10, 9, 4, 3, 8, 8, 8, 3, 6, 10, 6, 9, 7, 6, 6, 10, 3, 5, 9, 4, 4, 5, 8, 8, 4, 4, 7, 5, 10, 8, 7, 4, 8, 5, 8, 5, 6, 5, 5, 8, 3, 8, 8]
B_3 12.22 B 43 [2, 3, 1, 1, 2, 5, 3, 5, 3, 2, 1, 1, 6, 3, 5, 2, 4, 1, 3, 2, 1, 2, 4, 5, 3, 1, 2, 6, 1, 1, 3, 3, 5, 5, 4, 4, 5, 5, 1, 1, 2, 3, 4, 6, 1, 5, 2, 6, 1, 2, 5, 3, 4, 5, 5, 5, 1, 3, 5, 3, 5, 1, 1, 5, 5, 3, 4, 4, 3, 1, 5, 5, 6, 4, 1, 3, 3, 3, 1, 1] [4, 6, 4, 3, 4, 9, 7, 9, 5, 6, 3, 5, 9, 6, 7, 5, 8, 4, 7, 4, 5, 5, 6, 7, 7, 3, 6, 9, 4, 5, 5, 6, 9, 8, 6, 7, 7, 8, 4, 4, 5, 7, 8, 9, 3, 8, 6, 10, 5, 4, 8, 5, 6, 8, 7, 8, 4, 5, 9, 6, 8, 5, 4, 7, 9, 6, 7, 8, 7, 4, 9, 7, 10, 6, 4, 5, 6, 6, 3, 5]
B_4 15.18 B 44 [2, 6, 3, 3, 4, 4, 4, 1, 2, 3, 6, 2, 2, 2, 5, 4, 3, 5, 4, 6, 6, 1, 2, 3, 3, 4, 4, 2, 3, 2, 4, 3, 4, 3, 2, 3, 3, 3, 4, 3, 3, 5, 1, 1, 6, 4, 3, 4, 2, 1, 1, 2, 5, 5, 3, 4, 4, 4, 5, 5, 6, 1, 5, 4, 6, 2, 5, 5, 5, 5, 6, 1, 1, 3, 2, 2, 3, 3, 1, 4] [6, 10, 6, 5, 7, 7, 7, 3, 6, 5, 9, 4, 4, 6, 9, 6, 5, 7, 6, 9, 9, 5, 4, 7, 5, 8, 8, 4, 5, 5, 7, 6, 8, 6, 5, 5, 7, 5, 7, 5, 7, 8, 3, 3, 8, 6, 7, 7, 4, 4, 3, 6, 7, 7, 5, 6, 8, 7, 8, 8, 9, 3, 8, 7, 9, 5, 8, 9, 9, 9, 9, 3, 3, 6, 5, 6, 7, 7, 5, 7]
B_5 21.009999999999998 B 45 [4, 4, 1, 2, 1, 3, 2, 3, 5, 4, 2, 1, 3, 1, 4, 6, 2, 3, 4, 2, 4, 2, 6, 2, 4, 6, 5, 4, 6, 3, 5, 5, 4, 1, 6, 3, 3, 2, 1, 4, 5, 4, 4, 5, 4, 1, 5, 1, 2, 1, 6, 6, 5, 5, 2, 5, 5, 1, 2, 5, 5, 4, 2, 4, 5, 3, 3, 3, 1, 4, 4, 2, 4, 3, 1, 2, 3, 3, 3, 2] [6, 6, 3, 6, 5, 5, 6, 7, 8, 7, 4, 5, 6, 5, 7, 10, 6, 5, 8, 4, 7, 5, 8, 4, 8, 9, 9, 7, 9, 6, 9, 9, 7, 3, 10, 6, 6, 6, 5, 6, 8, 6, 6, 8, 6, 3, 8, 3, 4, 3, 8, 10, 7, 9, 4, 8, 7, 3, 5, 8, 9, 6, 5, 8, 9, 7, 7, 5, 5, 6, 8, 5, 8, 5, 5, 4, 7, 7, 6, 4]
B_6 26.409999999999997 B 46 [1, 2, 1, 5, 6, 2, 6, 6, 6, 1, 4, 4, 5, 6, 6, 5, 5, 5, 5, 4, 2, 6, 3, 5, 3, 2, 6, 4, 5, 5, 2, 1, 2, 6, 2, 5, 4, 6, 4, 1, 5, 2, 6, 2, 3, 5, 2, 5, 4, 4, 3, 2, 1, 2, 1, 5, 4, 6, 3, 3, 6, 6, 6, 2, 5, 3, 6, 6, 2, 3, 6, 1, 5, 5, 1, 4, 6, 5, 3, 1] [5, 6, 4, 9, 8, 6, 8, 10, 10, 3, 7, 6, 8, 10, 10, 8, 9, 9, 8, 7, 4, 10, 7, 7, 6, 4, 9, 7, 7, 8, 6, 5, 4, 8, 4, 8, 6, 9, 7, 4, 8, 4, 10, 6, 7, 8, 4, 9, 6, 7, 7, 4, 3, 5, 3, 7, 6, 10, 6, 7, 9, 10, 9, 6, 8, 7, 10, 9, 6, 5, 9, 5, 7, 9, 4, 8, 9, 7, 7, 5]
B_7 27.599999999999998 B 47 [4, 3, 2, 6, 6, 6, 4, 2, 4, 3, 1, 2, 2, 1, 5, 6, 1, 2, 6, 5, 4, 6, 2, 5, 6, 6, 4, 5, 5, 1, 4, 3, 5, 3, 6, 3, 4, 6, 6, 3, 5, 6, 3, 6, 4, 1, 5, 2, 5, 5, 5, 2, 6, 6, 4, 6, 3, 6, 3, 3, 5, 1, 5, 2, 4, 3, 1, 6, 3, 5, 1, 5, 1, 6, 6, 5, 3, 4, 1, 4] [7, 7, 6, 10, 9, 8, 8, 6, 7, 5, 3, 6, 5, 5, 9, 8, 4, 6, 9, 8, 7, 8, 4, 9, 10, 8, 6, 9, 7, 4, 8, 5, 7, 6, 10, 6, 8, 9, 9, 6, 8, 9, 6, 10, 7, 3, 9, 4, 8, 8, 7, 6, 9, 9, 6, 8, 6, 8, 6, 7, 9, 3, 8, 5, 8, 6, 3, 10, 5, 8, 3, 9, 4, 8, 8, 8, 7, 7, 4, 6]
B_8 28.599999999999998 B 48 [3, 4, 4, 4, 6, 1, 4, 6, 3, 5, 2, 5, 2, 1, 5, 2, 6, 4, 5, 4, 5, 3, 6, 5, 5, 2, 1, 1, 5, 2, 2, 1, 1, 1, 4, 2, 1, 2, 6, 2, 6, 3, 5, 1, 2, 2, 4, 5, 2, 1, 1, 3, 2, 4, 2, 4, 5, 4, 6, 5, 1, 4, 2, 6, 5, 3, 6, 1, 4, 3, 1, 1, 2, 3, 4, 2, 2, 6, 5, 3] [5, 8, 7, 8, 10, 4, 8, 8, 7, 8, 4, 7, 5, 4, 9, 5, 8, 7, 7, 6, 9, 7, 10, 9, 7, 4, 5, 3, 8, 6, 5, 4, 5, 3, 6, 4, 4, 6, 8, 5, 10, 7, 9, 5, 4, 4, 6, 8, 4, 4, 4, 5, 4, 6, 6, 6, 7, 7, 8, 7, 3, 7, 5, 10, 9, 5, 10, 3, 8, 5, 5, 4, 4, 6, 8, 4, 4, 10, 7, 5]
B_9 29.65 B 49 [1, 2, 5, 3, 6, 3, 3, 3, 6, 1, 2, 4, 1, 2, 3, 6, 6, 3, 6, 5, 5, 1, 3, 1, 2, 5, 6, 1, 3, 3, 5, 5, 2, 5, 6, 2, 5, 2, 5, 2, 5, 3, 3, 2, 1, 1, 4, 5, 1, 4, 5, 5, 4, 1, 1, 4, 3, 6, 2, 4, 2, 3, 4, 6, 2, 4, 3, 6, 6, 4, 5, 6, 3, 3, 3, 1, 3, 6, 1, 2] [5, 6, 9, 6, 10, 6, 6, 6, 10, 3, 5, 7, 5, 6, 7, 10, 8, 6, 10, 7, 8, 4, 7, 5, 4, 8, 8, 5, 7, 5, 8, 7, 6, 7, 8, 4, 9, 6, 9, 4, 9, 5, 7, 4, 4, 3, 7, 8, 4, 6, 8, 9, 8, 4, 4, 6, 5, 10, 4, 6, 6, 6, 6, 8, 5, 7, 5, 8, 10, 6, 8, 8, 5, 5, 5, 5, 7, 9, 5, 5]
B_10 33.269999999999996 B 50 [1, 1, 6, 4, 1, 4, 4, 1, 4, 1, 4, 2, 5, 3, 4, 5, 6, 5, 2, 3, 4, 1, 6, 3, 3, 6, 5, 6, 6, 2, 5, 1, 5, 2, 1, 3, 4, 3, 6, 6, 6, 6, 3, 5, 1, 6, 3, 5, 1, 5, 4, 5, 4, 6, 6, 1, 1, 3, 2, 6, 4, 2, 1, 1, 2, 6, 6, 6, 3, 1, 5, 4, 2, 2, 2, 3, 2, 1, 6, 4] [3, 4, 9, 8, 4, 8, 8, 4, 6, 4, 6, 5, 8, 5, 6, 9, 8, 7, 4, 7, 6, 5, 8, 5, 7, 10, 7, 9, 9, 6, 8, 3, 9, 5, 4, 6, 8, 7, 9, 10, 9, 9, 6, 8, 3, 8, 7, 7, 4, 8, 8, 9, 8, 8, 10, 3, 4, 5, 4, 8, 6, 4, 3, 3, 4, 9, 8, 10, 7, 4, 7, 7, 6, 5, 5, 7, 6, 3, 10, 6]
B_11 34.99999999999999 B 51 [2, 1, 2, 6, 5, 5, 5, 6, 5, 4, 1, 5, 3, 2, 4, 1, 5, 4, 6, 6, 3, 5, 3, 6, 3, 6, 3, 2, 3, 2, 1, 1, 3, 5, 5, 1, 6, 6, 5, 2, 4, 6, 2, 3, 2, 6, 2, 2, 3, 5, 5, 1, 1, 4, 2, 2, 3, 5, 2, 2, 4, 1, 4, 1, 6, 6, 6, 5, 2, 2, 6, 6, 1, 1, 1, 6, 6, 3, 4, 1] [6, 4, 6, 8, 8, 7, 9, 8, 7, 6, 3, 7, 6, 5, 7, 3, 9, 7, 10, 9, 5, 7, 5, 10, 6, 9, 6, 5, 6, 5, 3, 3, 6, 8, 9, 4, 10, 8, 9, 5, 7, 8, 6, 5, 6, 10, 4, 6, 5, 9, 9, 3, 3, 8, 6, 4, 5, 8, 6, 4, 7, 4, 8, 4, 9, 9, 8, 7, 6, 4, 10, 8, 5, 3, 4, 9, 10, 5, 7, 3]
B_12 35.99999999999999 B 52 [2, 1, 2, 5, 6, 5, 1, 5, 5, 4, 2, 5, 4, 3, 3, 4, 1, 6, 6, 6, 4, 1, 5, 5, 6, 6, 2, 6, 3, 4, 6, 2, 2, 2, 1, 2, 2, 3, 3, 1, 3, 3, 6, 4, 5, 5, 1, 6, 2, 4, 4, 1, 2, 5, 1, 6, 1, 1, 3, 1, 6, 6, 4, 5, 3, 3, 5, 3, 6, 5, 5, 6, 1, 2, 6, 6, 5, 6, 1, 4] [5, 4, 6, 7, 8, 9, 5, 8, 9, 7, 6, 9, 8, 7, 7, 8, 3, 10, 9, 8, 8, 5, 9, 9, 8, 10, 6, 8, 5, 6, 9, 4, 4, 4, 3, 4, 6, 5, 5, 5, 5, 7, 10, 6, 7, 7, 3, 9, 4, 8, 8, 3, 4, 9, 5, 10, 5, 5, 5, 3, 8, 10, 6, 8, 7, 5, 8, 7, 8, 7, 8, 10, 3, 5, 9, 8, 8, 9, 3, 7]
B_13 37.43999999999999 B 53 [5, 3, 4, 1, 4, 1, 3, 5, 2, 5, 1, 4, 1, 1, 4, 4, 3, 5, 2, 1, 6, 6, 1, 3, 6, 4, 4, 5, 4, 1, 1, 6, 4, 5, 4, 4, 6, 6, 4, 3, 6, 1, 1, 5, 5, 5, 2, 6, 4, 1, 6, 4, 5, 3, 3, 1, 1, 4, 5, 4, 4, 3, 2, 3, 5, 5, 4, 2, 1, 4, 2, 2, 3, 3, 5, 4, 4, 2, 4, 4] [7, 7, 8, 5, 7, 4, 5, 8, 5, 8, 5, 6, 3, 5, 7, 7, 7, 7, 6, 5, 9, 9, 3, 5, 10, 6, 8, 9, 6, 5, 4, 9, 7, 8, 7, 8, 10, 9, 8, 5, 9, 3, 3, 8, 7, 9, 5, 9, 6, 4, 8, 8, 9, 6, 6, 4, 5, 7, 7, 8, 6, 6, 5, 7, 8, 8, 6, 6, 5, 7, 5, 4, 5, 5, 8, 7, 8, 4, 7, 7]
B_14 38.43999999999999 B 54 [2, 2, 5, 1, 2, 5, 2, 5, 2, 2, 3, 4, 4, 1, 1, 3, 6, 1, 5, 4, 4, 2, 3, 6, 5, 3, 2, 5, 5, 4, 5, 2, 3, 6, 6, 3, 4, 1, 1, 1, 1, 2, 1, 5, 3, 2, 1, 4, 2, 1, 6, 2, 1, 3, 5, 1, 6, 2, 5, 3, 5, 5, 5, 2, 2, 6, 1, 5, 4, 3, 6, 2, 1, 5, 3, 2, 5, 4, 5, 3] [4, 4, 9, 5, 4, 7, 5, 8, 5, 5, 5, 8, 8, 3, 4, 7, 10, 4, 9, 6, 6, 4, 6, 9, 9, 7, 4, 7, 9, 6, 8, 4, 5, 8, 9, 5, 8, 3, 4, 5, 4, 5, 5, 7, 5, 4, 3, 6, 6, 4, 10, 6, 5, 6, 8, 5, 9, 6, 9, 7, 7, 7, 8, 6, 4, 10, 5, 7, 7, 7, 10, 5, 5, 8, 6, 5, 8, 7, 9, 6]
B_15 40.05999999999999 B 55 [2, 6, 2, 3, 6, 5, 3, 2, 3, 2, 2, 6, 5, 2, 2, 4, 6, 5, 1, 4, 5, 5, 1, 3, 1, 1, 5, 6, 1, 5, 2, 3, 3, 1, 2, 5, 2, 5, 4, 2, 3, 1, 6, 5, 4, 5, 5, 6, 4, 4, 1, 2, 6, 1, 1, 3, 1, 6, 2, 3, 1, 1, 4, 2, 5, 2, 2, 5, 4, 5, 1, 5, 5, 6, 5, 2, 1, 6, 5, 6] [6, 8, 6, 5, 8, 7, 7, 5, 7, 5, 4, 9, 7, 6, 5, 7, 10, 8, 3, 7, 8, 9, 5, 6, 4, 3, 8, 9, 5, 9, 4, 6, 6, 5, 4, 7, 5, 8, 7, 5, 6, 4, 9, 8, 6, 8, 7, 8, 6, 6, 3, 4, 10, 4, 5, 5, 3, 8, 4, 5, 3, 5, 6, 6, 7, 4, 6, 7, 6, 7, 3, 8, 9, 8, 9, 4, 4, 9, 8, 8]
B_16 43.83999999999999 B 56 [2, 6, 5, 1, 6, 5, 5, 5, 5, 1, 2, 1, 4, 3, 4, 5, 4, 5, 2, 1, 4, 6, 5, 1, 5, 6, 1, 4, 4, 5, 1, 1, 5, 1, 1, 5, 1, 1, 3, 1, 5, 3, 2, 1, 4, 5, 4, 3, 5, 3, 1, 3, 1, 1, 6, 1, 2, 1, 2, 1, 6, 1, 2, 2, 4, 4, 1, 6, 4, 2, 4, 3, 6, 4, 1, 2, 4, 5, 3, 1] [4, 10, 7, 3, 10, 9, 7, 7, 8, 3, 4, 4, 7, 6, 7, 8, 7, 7, 6, 5, 6, 10, 8, 3, 7, 8, 4, 8, 7, 8, 3, 3, 7, 3, 4, 8, 5, 4, 5, 4, 9, 6, 4, 4, 8, 7, 6, 6, 7, 5, 4, 5, 5, 5, 9, 3, 6, 5, 6, 5, 8, 4, 6, 5, 7, 7, 3, 9, 6, 6, 8, 5, 10, 7, 3, 4, 6, 7, 5, 4]
B_17 48.889999999999986 B 57 [1, 4, 3, 2, 5, 5, 4, 4, 1, 1, 1, 5, 2, 4, 3, 5, 5, 6, 6, 6, 1, 3, 2, 3, 3, 3, 4, 2, 2, 5, 2, 4, 6, 1, 6, 3, 2, 3, 3, 1, 4, 3, 1, 3, 4, 1, 6, 6, 4, 6, 3, 5, 1, 4, 2, 6, 1, 5, 6, 5, 1, 2, 2, 3, 4, 5, 3, 3, 6, 2, 3, 1, 5, 1, 1, 1, 6, 6, 4, 3] [4, 7, 6, 6, 7, 8, 6, 7, 3, 4, 4, 8, 5, 6, 7, 8, 9, 9, 8, 10, 4, 6, 5, 7, 5, 7, 6, 6, 4, 9, 5, 6, 10, 5, 8, 6, 6, 5, 6, 4, 8, 6, 4, 5, 7, 3, 10, 8, 7, 10, 5, 8, 5, 7, 6, 8, 5, 7, 10, 8, 5, 4, 5, 6, 6, 9, 5, 7, 10, 5, 7, 5, 7, 5, 4, 5, 10, 8, 8, 6]
B_18 54.749999999999986 B 58 [6, 5, 2, 4, 1, 1, 2, 3, 2, 3, 2, 1, 6, 1, 1, 3, 6, 4, 4, 5, 2, 3, 3, 1, 5, 3, 6, 2, 6, 3, 5, 3, 5, 1, 4, 3, 5, 6, 2, 1, 5, 2, 2, 5, 5, 2, 3, 3, 6, 2, 2, 2, 3, 5, 5, 2, 2, 6, 5, 6, 5, 2, 3, 6, 5, 4, 3, 1, 4, 6, 2, 3, 6, 6, 6, 4, 3, 6, 4, 3] [8, 9, 6, 7, 3, 4, 6, 5, 5, 6, 6, 4, 10, 5, 3, 5, 10, 7, 7, 9, 5, 7, 5, 3, 9, 7, 8, 5, 10, 7, 7, 7, 9, 3, 6, 5, 9, 10, 4, 5, 7, 4, 5, 9, 8, 5, 6, 6, 8, 4, 4, 6, 5, 7, 9, 4, 6, 10, 7, 10, 7, 4, 7, 8, 7, 8, 7, 5, 8, 8, 5, 5, 9, 10, 8, 7, 7, 9, 7, 6]
B_19 55.749999999999986 B 59 [3, 2, 4, 1, 2, 1, 3, 2, 1, 4, 6, 6, 5, 1, 4, 5, 3, 6, 4, 6, 2, 5, 1, 4, 2, 4, 1, 1, 1, 2, 1, 5, 2, 1, 4, 1, 4, 4, 4, 2, 1, 6, 6, 3, 5, 5, 3, 3, 5, 4, 6, 2, 1, 4, 3, 3, 1, 5, 6, 3, 6, 6, 5, 5, 2, 5, 2, 3, 6, 1, 6, 5, 3, 4, 5, 4, 5, 6, 5, 6] [6, 4, 6, 4, 6, 4, 5, 5, 4, 7, 10, 9, 7, 3, 7, 7, 7, 9, 8, 8, 6, 8, 4, 6, 5, 7, 5, 5, 3, 5, 3, 9, 5, 3, 6, 3, 6, 7, 7, 5, 4, 10, 8, 6, 8, 8, 7, 7, 7, 6, 8, 4, 3, 8, 7, 5, 5, 8, 10, 5, 8, 10, 7, 9, 6, 7, 5, 5, 10, 3, 9, 9, 7, 7, 9, 7, 7, 9, 9, 10]
B_20 56.819999999999986 B 60 [6, 3, 6, 3, 6, 1, 1, 5, 2, 5, 1, 4, 5, 5, 6, 6, 2, 5, 5, 6, 4, 5, 3, 5, 5, 1, 5, 3, 3, 6, 6, 3, 4, 2, 1, 5, 2, 5, 6, 6, 4, 5, 6, 5, 6, 5, 6, 5, 1, 2, 4, 4, 6, 4, 5, 1, 6, 1, 5, 6, 4, 6, 1, 4, 2, 6, 1, 5, 6, 6, 3, 1, 4, 2, 1, 3, 1, 3, 3, 1] [10, 6, 8, 6, 8, 5, 3, 8, 6, 8, 4, 7, 8, 7, 8, 8, 5, 9, 8, 10, 7, 7, 5, 8, 7, 5, 8, 6, 5, 10, 8, 7, 6, 4, 3, 8, 6, 7, 9, 8, 6, 8, 8, 8, 9, 9, 9, 9, 3, 6, 6, 7, 8, 6, 7, 3, 8, 5, 7, 8, 8, 10, 3, 7, 6, 8, 4, 7, 10, 10, 6, 5, 6, 5, 3, 7, 5, 6, 7, 4]
B_21 57.819999999999986 B 61 [2, 3, 1, 5, 2, 3, 5, 3, 3, 5, 1, 2, 3, 2, 2, 6, 6, 4, 1, 2, 1, 4, 4, 3, 3, 4, 1, 4, 1, 6, 4, 3, 3, 1, 6, 4, 2, 3, 3, 4, 4, 2, 1, 1, 1, 4, 6, 1, 4, 3, 2, 1, 6, 3, 5, 1, 1, 2, 2, 6, 6, 4, 2, 1, 5, 5, 6, 4, 6, 2, 3, 6, 3, 1, 2, 4, 3, 1, 3, 3] [4, 7, 5, 9, 5, 6, 8, 7, 7, 8, 3, 5, 6, 6, 4, 8, 9, 8, 5, 6, 5, 7, 7, 7, 6, 7, 5, 8, 4, 8, 6, 5, 7, 4, 8, 7, 5, 6, 7, 8, 7, 5, 4, 5, 3, 6, 10, 3, 7, 6, 4, 4, 10, 6, 7, 5, 4, 4, 4, 10, 10, 7, 6, 4, 9, 8, 8, 8, 9, 5, 7, 10, 7, 4, 6, 7, 5, 5, 6, 5]
B_22 58.819999999999986 B 62 [1, 1, 1, 6, 3, 1, 1, 1, 4, 3, 6, 4, 5, 5, 3, 6, 2, 1, 4, 3, 3, 5, 2, 5, 5, 4, 6, 1, 5, 5, 4, 3, 4, 4, 5, 1, 4, 4, 4, 2, 4, 6, 1, 1, 5, 2, 6, 5, 2, 4, 1, 4, 4, 2, 5, 4, 2, 2, 3, 5, 1, 2, 2, 4, 3, 5, 4, 1, 2, 5, 2, 5, 5, 3, 5, 3, 2, 3, 2, 2] [3, 3, 3, 9, 5, 3, 5, 4, 6, 5, 8, 7, 8, 7, 7, 10, 4, 3, 8, 5, 7, 9, 4, 9, 8, 7, 10, 5, 9, 8, 7, 6, 7, 6, 7, 4, 7, 7, 7, 4, 7, 9, 4, 4, 8, 5, 9, 8, 5, 6, 3, 8, 6, 5, 8, 6, 6, 5, 7, 7, 3, 6, 6, 7, 5, 8, 6, 4, 4, 8, 6, 8, 9, 5, 8, 5, 4, 5, 4, 5]
B_23 59.819999999999986 B 63 [6, 5, 3, 2, 1, 4, 2, 1, 5, 6, 1, 3, 1, 1, 4, 6, 5, 6, 1, 1, 1, 5, 5, 4, 2, 3, 3, 2, 3, 4, 5, 4, 4, 1, 4, 4, 6, 5, 5, 3, 6, 2, 3, 5, 4, 4, 2, 2, 6, 6, 1, 1, 5, 3, 2, 2, 2, 3, 6, 5, 4, 1, 4, 6, 5, 1, 1, 5, 5, 3, 4, 2, 4, 6, 5, 2, 3, 5, 1, 2] [10, 7, 5, 4, 3, 8, 5, 5, 9, 9, 5, 7, 4, 4, 7, 10, 9, 8, 4, 4, 5, 7, 8, 8, 6, 6, 6, 4, 6, 8, 9, 6, 6, 3, 7, 7, 8, 8, 8, 7, 9, 6, 7, 7, 7, 8, 6, 5, 10, 8, 3, 4, 8, 7, 6, 6, 5, 6, 8, 9, 7, 4, 7, 9, 7, 5, 4, 8, 8, 5, 6, 6, 7, 9, 7, 5, 7, 9, 3, 5]
B_24 61.149999999999984 B 64 [4, 4, 1, 3, 6, 1, 2, 5, 2, 6, 5, 5, 4, 4, 1, 6, 6, 4, 5, 5, 5, 2, 5, 1, 3, 6, 1, 4, 3, 2, 3, 6, 1, 5, 5, 6, 2, 3, 1, 6, 3, 3, 3, 5, 6, 5, 5, 4, 5, 2, 2, 6, 3, 5, 2, 5, 4, 4, 5, 2, 2, 5, 3, 5, 6, 3, 4, 6, 2, 1, 5, 5, 5, 4, 2, 2, 6, 5, 5, 6] [6, 6, 5, 5, 10, 5, 4, 8, 4, 10, 8, 7, 8, 7, 5, 10, 9, 7, 7, 7, 9, 4, 9, 3, 6, 10, 4, 8, 5, 5, 5, 8, 3, 8, 9, 8, 6, 5, 5, 10, 5, 5, 5, 9, 9, 9, 8, 8, 9, 5, 4, 9, 7, 8, 4, 7, 7, 6, 7, 6, 6, 9, 5, 7, 10, 7, 8, 8, 6, 5, 8, 9, 8, 8, 6, 5, 10, 9, 8, 9]
B_25 64.06999999999998 B 65 [4, 2, 3, 2, 3, 2, 4, 3, 6, 1, 6, 5, 4, 1, 6, 6, 1, 1, 1, 4, 4, 3, 3, 1, 5, 5, 6, 3, 3, 2, 3, 3, 2, 2, 6, 1, 3, 5, 2, 2, 3, 2, 6, 3, 2, 3, 3, 3, 3, 4, 6, 6, 3, 5, 6, 2, 4, 5, 4, 5, 6, 5, 5, 1, 3, 1, 6, 3, 2, 3, 5, 3, 1, 6, 5, 4, 5, 2, 1, 2] [7, 6, 7, 6, 6, 5, 6, 5, 8, 3, 9, 8, 6, 5, 8, 9, 3, 4, 3, 7, 7, 5, 5, 5, 9, 8, 8, 5, 7, 5, 7, 7, 4, 5, 9, 3, 6, 9, 5, 4, 5, 5, 10, 6, 5, 7, 7, 6, 5, 7, 9, 9, 5, 8, 10, 4, 7, 9, 8, 7, 8, 8, 8, 5, 7, 3, 10, 6, 4, 5, 7, 5, 5, 8, 8, 7, 7, 5, 5, 5]
B_26 66.42999999999998 B 66 [1, 3, 4, 2, 3, 6, 1, 6, 3, 5, 6, 2, 6, 4, 6, 5, 5, 1, 3, 6, 1, 3, 2, 2, 2, 5, 3, 1, 6, 2, 2, 6, 5, 3, 2, 6, 1, 6, 1, 5, 6, 4, 5, 4, 5, 3, 6, 1, 6, 3, 6, 6, 5, 4, 1, 2, 1, 3, 3, 2, 1, 6, 4, 1, 4, 6, 4, 6, 4, 5, 5, 4, 3, 1, 1, 2, 4, 2, 3, 2] [5, 6, 8, 4, 6, 8, 5, 10, 6, 9, 10, 6, 8, 8, 10, 8, 7, 5, 6, 10, 3, 7, 4, 6, 6, 8, 5, 3, 9, 5, 6, 8, 9, 7, 6, 9, 4, 10, 4, 8, 8, 6, 8, 7, 8, 7, 10, 3, 10, 5, 8, 8, 8, 6, 5, 6, 3, 5, 7, 5, 4, 8, 6, 4, 8, 10, 8, 9, 7, 9, 7, 8, 5, 4, 3, 5, 6, 5, 6, 4]
B_27 67.42999999999998 B 67 [3, 1, 1, 4, 1, 1, 3, 3, 6, 2, 1, 6, 2, 4, 4, 2, 3, 6, 3, 2, 3, 6, 2, 1, 2, 5, 5, 4, 4, 6, 1, 4, 2, 6, 4, 2, 2, 2, 1, 4, 3, 5, 4, 4, 5, 3, 6, 6, 1, 6, 6, 5, 3, 2, 5, 5, 6, 3, 1, 3, 5, 4, 1, 5, 6, 3, 6, 6, 5, 3, 1, 5, 5, 2, 4, 2, 1, 2, 4, 6] [5, 3, 4, 7, 5, 3, 7, 7, 10, 4, 5, 8, 6, 8, 8, 5, 5, 9, 7, 6, 7, 9, 4, 4, 6, 8, 7, 8, 6, 8, 5, 6, 6, 10, 8, 4, 4, 4, 3, 6, 5, 9, 7, 8, 9, 5, 9, 10, 3, 8, 10, 7, 7, 6, 7, 7, 9, 7, 5, 5, 7, 8, 4, 8, 8, 6, 9, 8, 8, 5, 4, 7, 8, 6, 6, 4, 5, 4, 6, 8]
B_28 70.28999999999998 B 68 [4, 3, 6, 4, 1, 5, 2, 2, 6, 3, 6, 4, 4, 3, 2, 5, 2, 4, 4, 1, 3, 5, 2, 6, 4, 4, 6, 4, 3, 1, 3, 6, 5, 6, 3, 6, 3, 3, 1, 2, 4, 1, 1, 3, 5, 1, 2, 3, 4, 6, 3, 2, 6, 1, 4, 4, 4, 6, 4, 6, 6, 6, 2, 5, 2, 2, 4, 5, 2, 3, 3, 5, 4, 4, 3, 1, 6, 4, 5, 2] [6, 7, 9, 6, 4, 7, 5, 6, 10, 6, 8, 8, 7, 7, 5, 9, 4, 8, 6, 4, 6, 9, 6, 8, 6, 7, 10, 8, 5, 3, 6, 9, 7, 9, 6, 9, 6, 5, 3, 4, 6, 4, 4, 7, 9, 5, 6, 5, 8, 10, 7, 6, 8, 5, 7, 6, 6, 10, 8, 10, 10, 9, 4, 8, 6, 4, 7, 8, 5, 5, 7, 7, 7, 7, 5, 4, 9, 7, 7, 6]
B_29 71.28999999999998 B 69 [3, 1, 6, 3, 1, 1, 3, 5, 3, 5, 4, 1, 6, 4, 5, 4, 1, 5, 6, 5, 2, 5, 6, 3, 3, 2, 5, 3, 4, 6, 4, 6, 1, 5, 3, 6, 2, 5, 3, 6, 5, 3, 6, 1, 5, 4, 3, 5, 3, 4, 1, 2, 5, 4, 3, 5, 2, 2, 6, 1, 6, 2, 5, 3, 1, 3, 5, 3, 3, 5, 6, 1, 1, 5, 2, 5, 2, 1, 4, 2] [5, 3, 9, 6, 5, 3, 6, 7, 6, 7, 8, 4, 8, 8, 7, 6, 4, 7, 10, 9, 4, 9, 10, 6, 5, 5, 8, 6, 7, 10, 6, 8, 4, 9, 5, 10, 5, 9, 5, 9, 7, 7, 8, 4, 9, 6, 5, 8, 5, 6, 4, 4, 7, 7, 7, 7, 6, 5, 8, 3, 10, 5, 8, 5, 5, 5, 9, 5, 5, 9, 9, 5, 5, 9, 4, 9, 4, 4, 6, 5]
B_30 72.28999999999998 B 70 [5, 2, 6, 6, 5, 2, 6, 2, 4, 5, 3, 2, 5, 6, 6, 5, 3, 1, 6, 6, 6, 1, 4, 4, 2, 5, 5, 3, 1, 2, 1, 1, 4, 6, 6, 4, 3, 6, 3, 2, 2, 2, 3, 5, 6, 4, 6, 1, 1, 5, 5, 6, 5, 2, 6, 1, 4, 3, 2, 6, 3, 3, 2, 4, 5, 5, 5, 1, 3, 6, 6, 3, 4, 2, 6, 4, 5, 6, 2, 3] [7, 6, 10, 9, 7, 6, 9, 6, 6, 7, 5, 6, 8, 9, 8, 9, 5, 5, 10, 9, 10, 3, 7, 8, 6, 8, 8, 7, 3, 6, 4, 3, 8, 9, 9, 8, 7, 9, 5, 4, 5, 5, 5, 9, 9, 8, 9, 3, 5, 8, 7, 10, 8, 5, 10, 3, 8, 7, 5, 9, 6, 7, 6, 6, 8, 7, 7, 4, 7, 9, 9, 7, 8, 6, 8, 7, 8, 9, 6, 5]
B_31 73.46999999999998 B 71 [5, 2, 1, 3, 6, 5, 4, 3, 3, 6, 6, 2, 1, 3, 6, 1, 4, 4, 4, 3, 5, 4, 4, 5, 1, 2, 3, 6, 5, 3, 3, 5, 4, 6, 1, 3, 5, 6, 3, 6, 3, 3, 4, 5, 1, 2, 1, 5, 1, 6, 4, 6, 6, 2, 2, 5, 3, 1, 3, 5, 1, 6, 5, 2, 5, 3, 4, 5, 5, 1, 3, 2, 1, 2, 2, 2, 6, 2, 2, 1] [8, 6, 3, 5, 10, 8, 7, 7, 5, 8, 8, 5, 4, 5, 9, 4, 6, 7, 6, 6, 7, 8, 8, 8, 5, 6, 6, 8, 9, 5, 6, 7, 8, 8, 4, 5, 9, 10, 7, 8, 7, 6, 8, 7, 3, 5, 5, 9, 4, 8, 7, 8, 10, 4, 5, 8, 5, 5, 5, 9, 5, 10, 8, 6, 9, 5, 8, 7, 7, 5, 7, 4, 5, 6, 6, 6, 8, 6, 5, 3]
B_32 80.45999999999998 B 72 [6, 3, 4, 3, 6, 3, 3, 2, 4, 4, 2, 1, 4, 3, 4, 3, 2, 5, 5, 5, 6, 2, 3, 3, 1, 5, 4, 6, 2, 6, 5, 5, 2, 4, 6, 2, 6, 1, 5, 5, 5, 6, 1, 6, 1, 4, 5, 1, 2, 3, 2, 1, 1, 3, 1, 5, 6, 5, 6, 3, 4, 3, 5, 4, 5, 1, 3, 5, 4, 1, 4, 1, 6, 4, 5, 2, 5, 5, 2, 1] [8, 5, 6, 6, 8, 6, 6, 6, 6, 6, 4, 4, 6, 7, 6, 6, 5, 9, 9, 9, 9, 4, 5, 7, 5, 8, 8, 8, 4, 8, 7, 7, 5, 6, 10, 4, 10, 3, 9, 8, 7, 8, 5, 10, 3, 8, 7, 4, 4, 5, 6, 5, 3, 5, 5, 9, 10, 7, 9, 7, 6, 7, 9, 7, 8, 5, 5, 8, 7, 5, 8, 5, 9, 8, 9, 5, 7, 8, 5, 3]
B_33 81.45999999999998 B 73 [3, 1, 5, 6, 4, 6, 3, 1, 2, 6, 1, 4, 6, 6, 5, 4, 4, 4, 4, 5, 4, 3, 2, 6, 2, 6, 1, 2, 1, 2, 1, 2, 5, 5, 2, 4, 1, 5, 5, 4, 2, 5, 2, 4, 3, 3, 5, 6, 3, 3, 2, 1, 2, 3, 5, 6, 4, 1, 6, 4, 2, 1, 3, 6, 4, 6, 1, 2, 4, 5, 2, 2, 4, 2, 6, 4, 6, 4, 4, 2] [6, 5, 9, 8, 6, 9, 6, 3, 5, 9, 3, 8, 9, 10, 9, 8, 7, 6, 7, 7, 6, 7, 6, 8, 5, 8, 4, 4, 5, 6, 5, 6, 9, 9, 6, 7, 5, 8, 7, 7, 5, 7, 6, 6, 6, 5, 9, 8, 6, 5, 5, 3, 5, 5, 8, 8, 7, 5, 10, 7, 5, 4, 5, 9, 8, 8, 4, 6, 7, 9, 6, 6, 8, 6, 10, 7, 10, 6, 8, 6]
B_34 82.58999999999997 B 74 [4, 2, 3, 3, 6, 4, 5, 4, 1, 6, 2, 3, 5, 2, 2, 3, 2, 2, 2, 1, 1, 5, 6, 2, 1, 5, 5, 3, 3, 1, 3, 3, 6, 4, 5, 2, 3, 5, 6, 1, 5, 5, 3, 1, 2, 1, 1, 6, 4, 3, 2, 1, 6, 5, 3, 5, 1, 1, 6, 5, 1, 2, 5, 5, 2, 5, 1, 4, 3, 2, 6, 2, 5, 6, 6, 6, 2, 4, 5, 2] [8, 5, 7, 6, 10, 8, 8, 6, 4, 10, 5, 7, 7, 6, 4, 7, 5, 5, 6, 4, 3, 8, 10, 5, 4, 8, 7, 7, 6, 3, 5, 6, 9, 8, 9, 4, 6, 9, 8, 5, 9, 9, 5, 4, 5, 5, 4, 8, 8, 5, 5, 4, 9, 8, 6, 9, 3, 4, 8, 9, 3, 6, 8, 7, 6, 8, 3, 6, 5, 4, 8, 6, 9, 10, 9, 10, 5, 8, 9, 4]
B_35 85.69999999999997 B 75 [2, 5, 4, 4, 4, 1, 3, 4, 6, 5, 1, 3, 6, 6, 4, 5, 6, 3, 2, 2, 6, 6, 5, 5, 5, 5, 6, 5, 4, 5, 6, 1, 2, 4, 1, 4, 4, 5, 3, 1, 1, 6, 1, 3, 2, 2, 4, 5, 2, 1, 3, 6, 6, 4, 2, 2, 2, 1, 4, 4, 3, 4, 3, 2, 2, 4, 2, 2, 1, 5, 4, 2, 2, 4, 6, 6, 5, 2, 1, 5] [5, 7, 7, 8, 8, 4, 6, 7, 9, 8, 3, 7, 10, 10, 7, 9, 10, 7, 4, 4, 10, 10, 9, 8, 7, 9, 10, 7, 6, 7, 10, 3, 5, 8, 4, 8, 7, 9, 5, 3, 4, 10, 5, 5, 6, 4, 8, 8, 4, 5, 7, 9, 8, 7, 5, 4, 4, 5, 7, 7, 7, 7, 5, 5, 5, 7, 5, 4, 4, 9, 7, 6, 5, 7, 10, 10, 8, 4, 4, 7]
B_36 86.69999999999997 B 76 [3, 4, 1, 3, 5, 3, 6, 6, 4, 2, 6, 3, 3, 5, 6, 4, 4, 3, 6, 3, 5, 1, 1, 1, 4, 1, 5, 6, 6, 5, 6, 1, 2, 4, 2, 4, 6, 4, 6, 6, 6, 3, 6, 3, 3, 3, 6, 3, 2, 3, 2, 6, 5, 4, 5, 1, 4, 6, 3, 5, 1, 3, 2, 3, 6, 5, 4, 1, 6, 2, 5, 6, 5, 6, 2, 5, 1, 1, 1, 6] [5, 8, 4, 7, 7, 5, 9, 9, 8, 5, 8, 7, 6, 8, 10, 8, 8, 6, 10, 7, 8, 3, 4, 5, 6, 3, 7, 8, 8, 9, 10, 4, 4, 7, 6, 7, 9, 7, 8, 9, 8, 6, 8, 6, 7, 7, 9, 7, 4, 7, 6, 10, 8, 8, 8, 4, 6, 10, 7, 7, 5, 5, 4, 7, 10, 7, 6, 5, 9, 4, 8, 8, 7, 10, 5, 8, 4, 5, 3, 9]
B_37 89.01999999999997 B 77 [6, 2, 3, 4, 3, 5, 3, 1, 3, 3, 3, 5, 1, 1, 2, 5, 3, 1, 4, 2, 6, 5, 6, 3, 2, 2, 1, 4, 5, 3, 6, 4, 3, 2, 6, 6, 3, 5, 1, 2, 5, 2, 1, 3, 3, 3, 5, 4, 6, 6, 1, 3, 6, 2, 4, 6, 5, 6, 6, 6, 3, 1, 3, 5, 5, 2, 2, 2, 4, 1, 6, 2, 5, 4, 4, 2, 1, 5, 6, 2] [10, 5, 5, 7, 5, 8, 6, 3, 5, 7, 6, 9, 5, 4, 5, 7, 7, 3, 6, 5, 10, 8, 8, 7, 4, 4, 5, 7, 9, 7, 10, 6, 7, 5, 8, 10, 5, 9, 5, 4, 7, 6, 3, 6, 7, 7, 7, 7, 10, 9, 3, 5, 9, 4, 7, 9, 7, 8, 9, 9, 6, 5, 5, 9, 9, 5, 5, 4, 7, 4, 9, 6, 8, 6, 8, 4, 5, 8, 9, 5]
B_38 90.01999999999997 B 78 [4, 6, 4, 6, 1, 4, 6, 4, 2, 5, 5, 6, 6, 1, 1, 6, 1, 3, 2, 4, 5, 1, 2, 3, 3, 3, 3, 5, 2, 1, 6, 2, 4, 6, 1, 3, 5, 5, 2, 4, 5, 2, 6, 1, 1, 3, 3, 1, 5, 1, 6, 4, 1, 4, 5, 5, 3, 4, 4, 5, 3, 3, 2, 1, 5, 1, 3, 4, 5, 4, 2, 2, 2, 4, 5, 1, 1, 6, 5, 2] [7, 9, 7, 8, 5, 6, 9, 6, 6, 8, 9, 8, 10, 5, 4, 10, 4, 5, 4, 8, 8, 3, 5, 5, 6, 6, 7, 8, 5, 3, 9, 6, 8, 10, 3, 7, 7, 8, 6, 8, 9, 4, 8, 3, 5, 6, 7, 4, 7, 5, 10, 7, 3, 7, 9, 8, 5, 8, 7, 9, 7, 6, 4, 3, 8, 5, 6, 6, 7, 6, 6, 5, 5, 8, 9, 4, 3, 9, 8, 4]
B_39 99.81999999999996 B 79 [4, 4, 2, 4, 1, 2, 6, 1, 1, 6, 5, 2, 4, 5, 3, 6, 5, 6, 5, 3, 5, 1, 5, 6, 3, 1, 2, 3, 4, 3, 4, 1, 2, 3, 6, 1, 3, 4, 2, 4, 5, 1, 4, 1, 4, 2, 1, 4, 3, 2, 4, 1, 4, 4, 3, 6, 1, 3, 3, 6, 1, 3, 2, 2, 6, 2, 2, 6, 2, 2, 3, 1, 1, 2, 2, 5, 6, 2, 2, 2] [8, 8, 5, 6, 3, 4, 9, 5, 5, 8, 8, 5, 7, 9, 6, 10, 8, 8, 7, 5, 8, 5, 8, 10, 6, 5, 4, 7, 7, 6, 8, 4, 5, 7, 8, 3, 7, 8, 6, 8, 7, 4, 8, 5, 7, 4, 5, 6, 5, 5, 6, 3, 7, 7, 6, 8, 4, 6, 6, 10, 4, 5, 5, 5, 9, 5, 4, 8, 6, 5, 5, 3, 3, 6, 4, 7, 9, 5, 4, 6]
