A_0 1.73 A 0 [2, 2, 3, 2, 2, 1, 6, 5, 2, 2, 1, 6, 1, 1, 2, 3, 1, 1, 4, 1, 2, 5, 3, 1, 6, 3, 4, 3, 5, 2, 2, 3, 4, 2, 5, 2, 5, 2, 1, 3, 6, 4, 5, 4, 4, 6, 4, 6, 3, 4, 6, 1, 1, 3, 5, 5, 6, 3, 6, 5, 5, 6, 6, 3, 4, 1, 1, 5, 4, 4, 4, 3, 5, 5, 5, 5, 1, 3, 4, 1] [5, 4, 5, 5, 5, 5, 9, 9, 5, 6, 3, 9, 3, 5, 5, 6, 5, 4, 6, 5, 4, 9, 5, 3, 9, 6, 7, 7, 7, 6, 5, 6, 8, 5, 9, 6, 8, 4, 3, 5, 8, 7, 9, 6, 6, 10, 7, 10, 6, 7, 9, 5, 5, 5, 7, 8, 8, 6, 8, 7, 7, 9, 10, 5, 6, 4, 4, 9, 8, 8, 6, 7, 7, 8, 8, 9, 4, 5, 6, 5]
A_1 2.73 A 1 [2, 4, 4, 5, 3, 2, 6, 6, 5, 3, 3, 1, 5, 4, 6, 5, 3, 3, 4, 4, 3, 5, 2, 6, 2, 4, 6, 6, 5, 5, 5, 5, 3, 6, 5, 6, 4, 4, 6, 5, 5, 3, 6, 6, 2, 2, 4, 1, 2, 6, 4, 2, 3, 5, 5, 1, 1, 3, 4, 5, 3, 3, 5, 3, 5, 5, 6, 5, 6, 2, 2, 4, 2, 1, 2, 6, 3, 2, 5, 2] [4, 7, 8, 9, 6, 4, 8, 10, 8, 5, 5, 5, 9, 6, 9, 8, 6, 6, 6, 7, 5, 9, 6, 8, 6, 6, 8, 8, 9, 7, 9, 9, 6, 8, 7, 8, 8, 6, 8, 9, 7, 6, 9, 8, 5, 4, 6, 4, 5, 10, 8, 5, 5, 7, 7, 4, 5, 7, 7, 8, 6, 5, 9, 6, 9, 7, 10, 8, 9, 5, 4, 8, 4, 5, 4, 9, 7, 5, 8, 6]
A_2 3.73 A 2 [3, 4, 5, 4, 2, 4, 5, 5, 2, 3, 2, 5, 2, 2, 1, 6, 6, 3, 3, 2, 4, 6, 3, 1, 4, 1, 5, 2, 3, 1, 6, 6, 5, 2, 5, 1, 1, 5, 4, 1, 6, 1, 2, 4, 4, 3, 4, 2, 2, 6, 1, 4, 4, 4, 6, 5, 2, 5, 4, 2, 6, 5, 4, 3, 6, 1, 6, 4, 6, 4, 6, 2, 3, 6, 2, 3, 6, 3, 2, 6] [5, 8, 7, 7, 6, 6, 9, 8, 5, 7, 4, 7, 6, 4, 3, 8, 9, 5, 7, 5, 8, 9, 5, 4, 8, 5, 9, 6, 6, 4, 9, 8, 8, 5, 7, 3, 3, 8, 6, 5, 9, 5, 4, 7, 8, 7, 8, 6, 4, 8, 5, 7, 7, 8, 8, 8, 6, 9, 7, 6, 10, 9, 8, 5, 9, 3, 10, 7, 10, 8, 10, 6, 6, 8, 6, 6, 8, 7, 5, 8]
A_3 4.73 A 3 [2, 5, 4, 2, 4, 2, 2, 5, 4, 5, 4, 1, 5, 3, 4, 2, 2, 5, 5, 2, 1, 2, 5, 1, 6, 5, 1, 4, 4, 6, 3, 1, 2, 1, 4, 5, 5, 5, 4, 6, 4, 3, 6, 1, 2, 6, 3, 5, 1, 4, 3, 5, 2, 5, 4, 5, 5, 6, 5, 1, 6, 2, 2, 1, 3, 6, 6, 4, 6, 1, 6, 2, 4, 2, 1, 6, 2, 6, 5, 4] [5, 9, 7, 5, 6, 5, 6, 9, 7, 9, 8, 3, 9, 7, 6, 5, 6, 9, 9, 6, 4, 5, 7, 5, 8, 7, 3, 7, 6, 9, 7, 4, 6, 3, 6, 7, 7, 8, 8, 9, 8, 7, 10, 4, 5, 9, 7, 8, 5, 7, 6, 7, 4, 8, 7, 7, 8, 8, 7, 3, 10, 6, 6, 5, 6, 8, 8, 8, 10, 4, 9, 4, 8, 5, 4, 9, 4, 8, 7, 6]
A_4 7.98 A 4 [2, 3, 2, 4, 4, 5, 4, 5, 6, 5, 6, 6, 6, 4, 6, 1, 6, 6, 2, 3, 6, 2, 1, 4, 3, 5, 3, 4, 5, 6, 4, 2, 1, 6, 3, 3, 3, 5, 1, 2, 6, 5, 1, 6, 4, 2, 3, 2, 6, 3, 6, 1, 4, 3, 2, 4, 3, 6, 4, 5, 3, 2, 1, 6, 5, 6, 1, 4, 6, 4, 2, 5, 5, 3, 1, 2, 3, 2, 4, 1] [5, 6, 6, 6, 7, 9, 8, 8, 8, 9, 10, 9, 9, 8, 8, 3, 8, 8, 4, 5, 8, 4, 3, 6, 7, 7, 6, 8, 7, 9, 6, 4, 4, 10, 7, 7, 7, 8, 4, 4, 9, 9, 4, 9, 7, 6, 6, 5, 9, 6, 8, 4, 8, 5, 5, 7, 6, 8, 7, 8, 7, 5, 4, 10, 9, 8, 4, 6, 8, 6, 6, 8, 9, 7, 3, 6, 7, 5, 6, 4]
A_5 8.98 A 5 [1, 2, 4, 2, 5, 5, 6, 1, 2, 6, 3, 2, 5, 3, 4, 2, 1, 2, 4, 2, 3, 1, 4, 2, 5, 6, 4, 1, 3, 4, 2, 5, 1, 2, 5, 6, 2, 5, 3, 5, 1, 3, 1, 6, 1, 2, 6, 2, 6, 5, 2, 2, 2, 1, 6, 5, 1, 6, 3, 2, 5, 2, 5, 2, 3, 2, 1, 2, 5, 3, 5, 3, 5, 6, 5, 5, 2, 6, 5, 2] [5, 4, 6, 5, 9, 7, 10, 5, 4, 10, 6, 4, 8, 7, 6, 6, 5, 6, 7, 4, 7, 4, 6, 4, 8, 9, 8, 4, 5, 6, 6, 7, 4, 4, 8, 10, 5, 9, 7, 9, 3, 7, 5, 10, 4, 4, 8, 5, 9, 8, 4, 6, 5, 4, 10, 8, 5, 9, 6, 4, 9, 4, 8, 5, 7, 5, 4, 4, 9, 5, 9, 5, 9, 8, 7, 8, 4, 9, 9, 4]
A_6 9.98 A 6 [6, 6, 5, 2, 4, 6, 3, 4, 6, 5, 5, 2, 2, 3, 4, 1, 3, 6, 5, 4, 5, 1, 1, 5, 1, 4, 5, 1, 4, 5, 3, 3, 3, 2, 4, 6, 2, 3, 3, 6, 3, 6, 2, 4, 2, 5, 2, 5, 6, 3, 2, 6, 1, 2, 1, 6, 4, 3, 1, 3, 3, 5, 5, 3, 4, 3, 5, 1, 6, 1, 4, 2, 1, 5, 6, 2, 2, 6, 1, 4] [9, 8, 9, 6, 8, 10, 6, 6, 9, 9, 7, 6, 5, 7, 8, 5, 7, 8, 8, 6, 8, 5, 4, 9, 4, 6, 7, 5, 6, 8, 6, 7, 5, 5, 7, 9, 5, 7, 5, 9, 7, 10, 6, 7, 4, 8, 6, 7, 8, 5, 5, 8, 3, 4, 4, 9, 7, 5, 5, 6, 5, 7, 8, 6, 7, 5, 9, 5, 10, 3, 8, 4, 5, 8, 9, 5, 4, 9, 5, 8]
A_7 11.8 A 7 [5, 6, 5, 5, 5, 1, 4, 2, 2, 3, 6, 6, 5, 2, 3, 1, 5, 4, 5, 5, 6, 4, 1, 6, 2, 6, 3, 1, 3, 3, 4, 3, 3, 1, 3, 5, 1, 3, 2, 3, 5, 5, 4, 6, 5, 3, 5, 5, 4, 1, 6, 4, 2, 6, 6, 6, 6, 3, 1, 6, 2, 3, 3, 2, 1, 5, 1, 2, 6, 5, 4, 3, 5, 2, 2, 1, 4, 1, 1, 6] [9, 10, 8, 9, 8, 5, 6, 6, 6, 7, 8, 8, 7, 4, 5, 5, 8, 7, 9, 9, 8, 7, 4, 8, 6, 9, 6, 4, 6, 5, 6, 7, 6, 5, 7, 7, 5, 7, 5, 6, 8, 8, 8, 10, 8, 5, 8, 9, 7, 4, 9, 7, 4, 9, 9, 8, 10, 6, 3, 10, 5, 6, 6, 6, 3, 7, 3, 6, 8, 7, 6, 6, 9, 5, 4, 4, 8, 3, 4, 10]
A_8 14.22 A 8 [2, 5, 2, 4, 6, 2, 6, 2, 6, 5, 1, 4, 5, 5, 6, 4, 4, 2, 2, 2, 5, 2, 1, 6, 4, 6, 4, 1, 3, 3, 4, 2, 4, 6, 1, 6, 6, 6, 1, 2, 1, 6, 1, 1, 5, 4, 1, 4, 2, 2, 3, 2, 1, 6, 5, 5, 6, 6, 4, 6, 1, 3, 6, 3, 4, 5, 1, 6, 2, 4, 2, 2, 6, 1, 1, 5, 5, 4, 4, 1] [5, 8, 5, 7, 8, 4, 9, 6, 8, 8, 3, 6, 7, 9, 8, 8, 6, 4, 4, 5, 7, 6, 5, 10, 6, 10, 7, 4, 6, 7, 6, 6, 8, 9, 3, 10, 9, 10, 3, 6, 3, 10, 4, 5, 7, 8, 4, 6, 5, 4, 5, 6, 4, 9, 7, 7, 9, 8, 7, 10, 4, 6, 9, 6, 6, 8, 5, 10, 5, 8, 6, 5, 8, 5, 3, 8, 7, 7, 7, 5]
A_9 15.22 A 9 [2, 3, 3, 5, 5, 6, 5, 3, 5, 1, 1, 6, 1, 5, 4, 2, 2, 3, 4, 2, 2, 6, 4, 6, 5, 1, 1, 3, 4, 1, 5, 2, 5, 2, 3, 6, 1, 4, 3, 6, 5, 4, 1, 3, 2, 6, 2, 4, 3, 6, 6, 6, 1, 2, 3, 1, 5, 5, 1, 2, 2, 5, 2, 6, 6, 4, 5, 3, 6, 4, 5, 3, 3, 4, 4, 3, 1, 1, 4, 1] [6, 5, 7, 9, 9, 10, 9, 7, 8, 3, 4, 8, 4, 7, 8, 4, 4, 6, 6, 4, 5, 10, 6, 10, 8, 3, 5, 5, 7, 4, 9, 6, 7, 4, 7, 8, 4, 7, 7, 10, 7, 7, 3, 6, 5, 9, 5, 8, 5, 10, 10, 10, 4, 5, 7, 3, 7, 7, 4, 4, 6, 9, 4, 10, 8, 8, 7, 6, 10, 7, 8, 7, 7, 7, 7, 6, 5, 5, 8, 5]
A_10 16.22 A 10 [1, 3, 2, 4, 6, 3, 5, 6, 1, 1, 6, 1, 5, 1, 2, 5, 4, 5, 2, 6, 3, 5, 4, 6, 6, 3, 6, 1, 1, 1, 1, 4, 4, 1, 6, 4, 3, 2, 3, 1, 2, 6, 3, 2, 2, 3, 6, 5, 6, 2, 3, 3, 1, 1, 5, 3, 1, 2, 5, 4, 4, 6, 4, 6, 3, 2, 5, 2, 1, 2, 4, 6, 3, 4, 1, 1, 4, 1, 4, 4] [3, 5, 4, 8, 10, 6, 7, 8, 3, 4, 9, 5, 7, 3, 5, 7, 7, 9, 6, 8, 5, 7, 7, 9, 8, 7, 8, 4, 3, 5, 4, 7, 8, 3, 10, 6, 5, 5, 6, 3, 6, 9, 7, 4, 6, 7, 8, 9, 8, 4, 7, 7, 4, 3, 7, 6, 3, 4, 8, 6, 8, 8, 7, 10, 5, 5, 7, 4, 4, 6, 7, 8, 5, 7, 5, 4, 8, 3, 6, 6]
A_11 17.22 A 11 [6, 1, 5, 1, 6, 2, 2, 6, 4, 6, 1, 3, 4, 3, 4, 5, 1, 2, 4, 4, 2, 4, 5, 1, 3, 3, 5, 4, 2, 1, 6, 5, 4, 3, 5, 1, 1, 1, 3, 2, 5, 4, 4, 4, 3, 5, 6, 1, 1, 5, 5, 5, 2, 5, 1, 3, 5, 6, 3, 2, 6, 5, 3, 5, 2, 4, 4, 1, 1, 2, 6, 6, 6, 4, 6, 2, 1, 1, 1, 1] [9, 5, 7, 3, 9, 4, 6, 8, 6, 8, 5, 6, 6, 7, 8, 7, 4, 4, 6, 7, 4, 7, 7, 4, 5, 5, 7, 6, 5, 4, 10, 7, 7, 6, 7, 4, 4, 4, 7, 4, 8, 6, 8, 8, 6, 8, 9, 4, 4, 8, 7, 8, 4, 9, 3, 6, 7, 8, 7, 4, 10, 9, 5, 7, 4, 6, 8, 5, 5, 4, 10, 8, 10, 7, 10, 4, 4, 4, 3, 3]
A_12 20.72 A 12 [1, 5, 2, 5, 6, 5, 2, 5, 5, 1, 5, 4, 3, 4, 1, 1, 3, 3, 4, 2, 1, 4, 6, 3, 6, 2, 2, 6, 2, 5, 1, 6, 2, 3, 1, 4, 4, 5, 6, 5, 2, 2, 1, 2, 1, 4, 4, 5, 2, 6, 5, 1, 5, 3, 2, 4, 5, 3, 1, 6, 3, 5, 3, 2, 5, 1, 1, 6, 2, 3, 5, 4, 4, 1, 1, 6, 4, 3, 1, 5] [3, 9, 6, 9, 9, 8, 5, 7, 7, 4, 7, 6, 6, 7, 3, 3, 6, 6, 8, 6, 4, 8, 9, 5, 9, 5, 4, 8, 4, 9, 3, 10, 5, 5, 4, 6, 6, 8, 10, 7, 4, 5, 5, 4, 5, 6, 7, 7, 6, 10, 8, 4, 7, 6, 4, 6, 8, 5, 3, 8, 7, 9, 6, 5, 8, 3, 3, 10, 6, 5, 8, 7, 8, 5, 3, 10, 7, 6, 4, 7]
A_13 23.119999999999997 A 13 [1, 4, 2, 3, 4, 3, 3, 2, 5, 5, 1, 3, 4, 2, 4, 5, 1, 1, 2, 1, 4, 1, 3, 1, 4, 3, 4, 4, 6, 1, 1, 5, 2, 5, 6, 2, 3, 6, 6, 4, 2, 2, 3, 1, 6, 1, 2, 1, 2, 4, 5, 1, 4, 6, 3, 4, 6, 5, 6, 2, 2, 4, 2, 3, 6, 6, 2, 2, 3, 4, 1, 5, 1, 4, 2, 4, 6, 2, 6, 5] [5, 6, 4, 7, 8, 7, 7, 4, 9, 7, 3, 7, 7, 5, 8, 7, 5, 4, 4, 4, 7, 3, 7, 3, 8, 7, 8, 8, 8, 3, 3, 7, 6, 8, 10, 5, 7, 10, 9, 6, 4, 5, 6, 4, 8, 4, 4, 3, 6, 6, 9, 5, 8, 8, 7, 7, 10, 7, 8, 6, 4, 8, 4, 6, 9, 9, 4, 5, 6, 7, 5, 7, 4, 8, 4, 8, 10, 4, 9, 7]
A_14 24.119999999999997 A 14 [2, 6, 1, 4, 6, 4, 4, 3, 6, 4, 2, 4, 1, 4, 5, 1, 5, 6, 1, 5, 2, 4, 2, 3, 6, 1, 1, 3, 5, 5, 6, 3, 3, 6, 2, 6, 2, 2, 2, 1, 3, 1, 1, 3, 4, 6, 6, 2, 2, 6, 3, 2, 1, 2, 4, 2, 4, 2, 5, 6, 1, 4, 2, 5, 5, 5, 3, 5, 5, 1, 3, 2, 3, 2, 6, 5, 1, 4, 6, 1] [5, 9, 3, 6, 8, 6, 8, 5, 8, 8, 5, 8, 3, 8, 8, 3, 9, 8, 5, 7, 5, 7, 4, 6, 10, 3, 4, 6, 9, 8, 8, 7, 6, 10, 6, 10, 5, 6, 5, 5, 5, 5, 5, 5, 6, 10, 8, 5, 5, 10, 6, 5, 5, 5, 7, 5, 6, 4, 7, 8, 3, 8, 4, 7, 8, 8, 5, 9, 8, 3, 6, 5, 5, 5, 10, 9, 4, 7, 8, 5]
A_15 28.459999999999997 A 15 [3, 5, 6, 2, 1, 2, 1, 1, 4, 2, 5, 5, 1, 5, 1, 5, 1, 5, 6, 5, 2, 3, 3, 2, 4, 3, 2, 6, 5, 5, 4, 1, 2, 6, 2, 1, 3, 4, 6, 5, 1, 6, 5, 3, 5, 1, 1, 2, 3, 5, 3, 4, 4, 3, 6, 4, 5, 6, 5, 3, 1, 2, 1, 6, 4, 5, 1, 5, 6, 4, 3, 3, 2, 6, 2, 3, 1, 2, 6, 6] [6, 8, 8, 5, 3, 6, 5, 5, 8, 4, 7, 7, 3, 7, 3, 7, 5, 7, 9, 9, 6, 6, 5, 5, 8, 7, 4, 10, 8, 9, 7, 3, 6, 10, 4, 3, 5, 6, 10, 7, 3, 9, 8, 7, 9, 5, 3, 6, 6, 9, 6, 8, 6, 6, 8, 8, 7, 8, 7, 5, 5, 6, 5, 10, 7, 9, 3, 7, 9, 7, 7, 5, 6, 9, 4, 5, 4, 5, 9, 9]
A_16 35.4 A 16 [1, 3, 6, 2, 6, 1, 3, 5, 4, 2, 4, 1, 3, 1, 5, 1, 6, 4, 2, 5, 5, 4, 4, 6, 2, 5, 6, 4, 1, 5, 1, 5, 3, 4, 6, 3, 3, 4, 5, 4, 2, 1, 1, 1, 4, 3, 6, 3, 6, 5, 4, 2, 5, 5, 1, 3, 4, 3, 4, 5, 1, 3, 5, 3, 5, 2, 5, 5, 5, 2, 5, 1, 4, 6, 5, 5, 4, 1, 3, 6] [5, 6, 9, 6, 8, 5, 7, 8, 6, 4, 7, 4, 6, 5, 9, 5, 9, 8, 6, 7, 7, 7, 6, 8, 4, 9, 10, 6, 5, 7, 4, 8, 6, 6, 10, 6, 5, 7, 7, 8, 6, 5, 3, 3, 8, 5, 10, 5, 10, 7, 7, 5, 9, 7, 4, 5, 7, 5, 7, 7, 3, 6, 9, 7, 7, 4, 9, 7, 7, 5, 8, 4, 8, 8, 8, 9, 7, 4, 5, 9]
A_17 41.61 A 17 [1, 3, 3, 5, 6, 2, 6, 4, 2, 3, 5, 2, 3, 1, 6, 5, 4, 4, 2, 5, 1, 5, 5, 4, 4, 6, 4, 2, 2, 3, 2, 1, 3, 2, 3, 1, 4, 1, 2, 2, 3, 2, 4, 1, 6, 2, 5, 5, 2, 5, 6, 5, 1, 2, 1, 1, 6, 1, 2, 1, 5, 2, 1, 5, 2, 2, 3, 2, 2, 4, 6, 3, 1, 3, 5, 2, 6, 1, 3, 5] [4, 6, 5, 9, 8, 6, 8, 7, 4, 6, 9, 4, 6, 4, 8, 7, 8, 8, 5, 7, 5, 7, 9, 7, 7, 9, 8, 4, 4, 7, 5, 5, 6, 4, 6, 3, 8, 5, 6, 6, 6, 4, 6, 5, 9, 6, 9, 7, 6, 8, 8, 7, 3, 5, 5, 4, 10, 4, 4, 5, 9, 4, 5, 9, 6, 6, 6, 4, 5, 7, 9, 5, 4, 7, 7, 5, 9, 3, 5, 8]
A_18 42.61 A 18 [4, 4, 3, 5, 2, 4, 5, 5, 2, 4, 2, 4, 4, 2, 1, 6, 2, 2, 5, 6, 2, 1, 3, 4, 5, 2, 3, 1, 5, 5, 1, 6, 1, 4, 3, 4, 3, 1, 2, 6, 4, 4, 1, 1, 2, 1, 5, 2, 4, 3, 6, 3, 5, 1, 1, 2, 6, 2, 5, 1, 6, 3, 6, 6, 6, 4, 1, 5, 6, 6, 1, 2, 2, 6, 3, 1, 3, 5, 5, 5] [6, 6, 7, 9, 4, 7, 8, 9, 4, 6, 6, 6, 8, 4, 5, 9, 6, 5, 8, 8, 6, 5, 7, 7, 8, 6, 7, 4, 7, 7, 5, 10, 4, 6, 6, 8, 5, 3, 4, 8, 8, 6, 4, 4, 6, 5, 9, 4, 7, 6, 8, 6, 7, 4, 3, 6, 9, 4, 8, 5, 8, 7, 10, 8, 8, 8, 4, 7, 10, 8, 4, 4, 4, 9, 6, 5, 6, 7, 9, 9]
A_19 44.56 A 19 [1, 4, 2, 2, 3, 2, 4, 5, 2, 2, 6, 4, 2, 1, 5, 5, 5, 5, 6, 5, 4, 2, 1, 2, 6, 6, 1, 3, 1, 1, 3, 4, 3, 5, 1, 1, 4, 3, 5, 1, 3, 6, 6, 3, 2, 2, 1, 3, 4, 4, 1, 4, 2, 5, 3, 5, 2, 1, 5, 4, 5, 6, 2, 5, 1, 2, 5, 3, 3, 6, 6, 3, 1, 6, 5, 1, 3, 2, 4, 5] [5, 7, 5, 6, 5, 4, 6, 9, 5, 4, 8, 7, 6, 4, 7, 9, 7, 7, 8, 7, 8, 6, 4, 6, 10, 9, 5, 6, 4, 3, 5, 6, 5, 7, 4, 5, 8, 5, 7, 5, 7, 9, 9, 6, 4, 4, 4, 7, 6, 8, 4, 6, 4, 8, 5, 8, 4, 3, 7, 7, 8, 8, 6, 7, 3, 4, 8, 7, 6, 8, 9, 6, 3, 10, 7, 5, 5, 4, 7, 8]
A_20 46.09 A 20 [2, 3, 4, 1, 6, 3, 5, 6, 5, 2, 3, 2, 1, 4, 2, 2, 5, 1, 2, 4, 5, 6, 2, 3, 1, 5, 1, 2, 4, 1, 2, 4, 3, 6, 2, 6, 4, 2, 3, 1, 6, 4, 2, 5, 6, 4, 1, 1, 2, 4, 6, 1, 6, 2, 4, 1, 1, 5, 2, 6, 6, 1, 3, 3, 6, 4, 2, 4, 4, 2, 5, 1, 3, 6, 4, 3, 2, 4, 2, 4] [4, 5, 8, 4, 8, 7, 8, 8, 7, 5, 5, 4, 4, 7, 5, 6, 7, 5, 6, 8, 7, 10, 4, 6, 3, 7, 5, 5, 7, 3, 6, 8, 5, 9, 4, 10, 8, 4, 7, 5, 10, 8, 4, 8, 8, 7, 5, 3, 4, 7, 8, 4, 9, 5, 7, 4, 4, 7, 6, 10, 10, 4, 7, 7, 9, 8, 6, 8, 8, 6, 8, 3, 7, 8, 6, 6, 6, 8, 6, 6]
A_21 47.330000000000005 A 21 [5, 5, 6, 2, 2, 1, 1, 4, 2, 6, 5, 4, 4, 1, 4, 3, 4, 5, 1, 2, 6, 4, 2, 1, 3, 1, 4, 2, 4, 2, 6, 3, 5, 5, 5, 1, 6, 3, 5, 3, 2, 6, 4, 4, 4, 6, 1, 3, 2, 5, 3, 5, 1, 5, 2, 5, 4, 6, 4, 4, 3, 3, 5, 3, 3, 1, 4, 4, 6, 3, 2, 5, 1, 5, 5, 4, 2, 5, 2, 1] [9, 9, 9, 5, 4, 4, 5, 7, 6, 10, 7, 7, 8, 3, 7, 6, 7, 7, 5, 6, 10, 7, 6, 3, 5, 4, 7, 5, 7, 6, 10, 6, 9, 9, 9, 3, 8, 6, 8, 5, 6, 9, 6, 6, 6, 8, 3, 5, 6, 7, 7, 9, 5, 8, 6, 9, 7, 8, 6, 8, 6, 6, 8, 5, 6, 4, 7, 6, 8, 5, 6, 8, 3, 7, 8, 8, 4, 8, 5, 4]
A_22 49.010000000000005 A 22 [3, 2, 3, 5, 1, 4, 1, 1, 1, 4, 4, 5, 6, 3, 2, 3, 4, 5, 3, 1, 2, 2, 5, 5, 2, 1, 6, 2, 5, 4, 1, 6, 2, 3, 2, 2, 6, 4, 4, 3, 1, 5, 1, 3, 3, 4, 5, 5, 5, 1, 3, 5, 4, 2, 4, 3, 3, 3, 6, 2, 1, 5, 5, 3, 2, 2, 1, 6, 5, 1, 1, 2, 5, 4, 3, 5, 5, 4, 1, 1] [5, 6, 5, 7, 3, 6, 4, 4, 5, 6, 7, 7, 9, 7, 4, 5, 6, 9, 7, 4, 4, 6, 9, 7, 5, 3, 10, 4, 7, 8, 4, 9, 4, 5, 4, 5, 9, 7, 8, 7, 4, 8, 4, 6, 5, 7, 8, 9, 7, 3, 7, 7, 7, 5, 6, 5, 5, 5, 10, 6, 4, 7, 7, 5, 5, 5, 5, 8, 9, 4, 4, 5, 8, 7, 7, 9, 8, 7, 4, 3]
A_23 52.150000000000006 A 23 [1, 6, 1, 1, 4, 2, 5, 6, 6, 6, 6, 1, 3, 1, 3, 2, 6, 4, 4, 2, 3, 1, 5, 5, 5, 5, 5, 3, 4, 2, 4, 3, 1, 4, 4, 1, 2, 3, 1, 2, 3, 3, 5, 6, 6, 4, 4, 3, 6, 6, 5, 3, 2, 3, 1, 1, 1, 1, 4, 3, 3, 3, 3, 2, 3, 6, 4, 2, 4, 3, 2, 4, 6, 6, 2, 2, 1, 2, 3, 4] [3, 8, 4, 5, 6, 4, 9, 8, 10, 10, 9, 4, 5, 3, 6, 5, 8, 7, 7, 6, 6, 3, 7, 9, 9, 9, 7, 7, 7, 6, 6, 7, 5, 7, 8, 3, 4, 7, 3, 4, 6, 7, 7, 8, 9, 8, 8, 5, 9, 9, 9, 7, 5, 6, 5, 5, 3, 5, 8, 6, 5, 5, 6, 4, 7, 8, 8, 4, 7, 7, 6, 8, 10, 8, 5, 6, 5, 5, 6, 8]
A_24 53.92000000000001 A 24 [6, 2, 4, 6, 3, 5, 1, 2, 4, 5, 6, 3, 6, 4, 6, 4, 2, 4, 5, 6, 1, 3, 2, 5, 1, 2, 3, 1, 6, 4, 2, 2, 3, 5, 1, 3, 5, 3, 6, 3, 2, 4, 4, 1, 6, 6, 2, 4, 6, 2, 5, 3, 1, 6, 5, 1, 5, 2, 5, 4, 2, 2, 2, 4, 1, 5, 2, 1, 1, 6, 2, 2, 4, 1, 2, 2, 5, 2, 4, 6] [9, 6, 8, 8, 7, 8, 4, 6, 6, 8, 8, 5, 9, 8, 10, 8, 4, 7, 8, 10, 3, 5, 5, 9, 3, 6, 7, 4, 8, 6, 5, 6, 5, 7, 5, 5, 8, 5, 8, 7, 4, 7, 6, 3, 8, 8, 5, 6, 9, 6, 7, 6, 4, 10, 7, 5, 8, 4, 7, 8, 5, 6, 5, 8, 3, 8, 6, 3, 3, 8, 6, 5, 6, 3, 4, 6, 7, 6, 6, 9]
A_25 55.63000000000001 A 25 [3, 4, 1, 5, 5, 6, 4, 6, 6, 1, 3, 3, 2, 3, 1, 3, 5, 6, 2, 6, 5, 1, 1, 5, 2, 2, 2, 6, 4, 3, 3, 4, 6, 5, 6, 4, 4, 6, 6, 5, 6, 2, 6, 6, 6, 3, 3, 6, 6, 5, 5, 6, 1, 2, 5, 6, 4, 6, 4, 5, 1, 1, 4, 2, 5, 3, 6, 6, 5, 6, 1, 3, 6, 6, 3, 4, 6, 1, 5, 5] [6, 6, 5, 7, 7, 9, 6, 9, 10, 3, 7, 5, 5, 7, 3, 7, 9, 9, 6, 9, 7, 4, 3, 9, 6, 5, 5, 10, 8, 5, 6, 7, 8, 7, 9, 8, 6, 10, 10, 9, 10, 4, 10, 10, 8, 5, 7, 8, 10, 7, 9, 8, 5, 6, 9, 10, 6, 8, 6, 8, 3, 4, 7, 5, 9, 7, 8, 10, 7, 10, 4, 6, 10, 8, 6, 7, 8, 4, 9, 8]
A_26 56.63000000000001 A 26 [4, 6, 5, 1, 3, 4, 5, 3, 4, 1, 6, 5, 2, 4, 1, 2, 6, 4, 3, 1, 1, 4, 6, 5, 3, 2, 3, 1, 5, 3, 6, 2, 4, 1, 5, 2, 6, 2, 4, 1, 2, 5, 1, 2, 5, 3, 5, 3, 5, 1, 6, 1, 1, 5, 3, 6, 3, 5, 4, 4, 6, 6, 5, 5, 4, 6, 2, 3, 5, 2, 2, 3, 2, 5, 4, 6, 1, 6, 6, 3] [7, 8, 9, 3, 6, 8, 7, 6, 7, 5, 8, 7, 4, 8, 4, 4, 10, 8, 7, 5, 5, 7, 10, 7, 7, 5, 7, 3, 7, 5, 10, 5, 6, 3, 9, 5, 10, 4, 8, 3, 5, 7, 4, 5, 8, 5, 9, 5, 9, 5, 8, 3, 4, 8, 7, 8, 5, 9, 6, 7, 10, 8, 7, 7, 8, 9, 4, 5, 7, 6, 6, 7, 4, 8, 6, 9, 4, 8, 9, 7]
A_27 58.19000000000001 A 27 [3, 6, 2, 4, 4, 1, 1, 1, 1, 3, 1, 4, 6, 4, 3, 6, 4, 2, 1, 3, 2, 2, 2, 3, 1, 6, 1, 5, 2, 3, 5, 3, 5, 4, 6, 1, 4, 1, 6, 2, 3, 6, 4, 1, 3, 5, 2, 1, 5, 6, 4, 5, 2, 3, 4, 5, 4, 2, 2, 6, 2, 5, 1, 1, 6, 3, 2, 1, 5, 5, 5, 6, 6, 3, 1, 2, 5, 4, 2, 3] [7, 8, 6, 7, 8, 4, 5, 4, 4, 5, 4, 6, 8, 8, 6, 10, 6, 4, 4, 6, 5, 5, 4, 7, 4, 10, 3, 7, 4, 6, 8, 6, 9, 7, 9, 5, 6, 5, 10, 5, 5, 9, 8, 3, 6, 7, 4, 4, 7, 9, 8, 8, 5, 7, 8, 8, 8, 4, 4, 9, 5, 9, 5, 4, 10, 7, 5, 4, 7, 8, 7, 8, 9, 5, 4, 6, 7, 6, 6, 7]
A_28 64.06000000000002 A 28 [5, 5, 3, 4, 5, 3, 4, 3, 3, 4, 1, 2, 2, 6, 5, 5, 1, 2, 5, 1, 4, 4, 5, 4, 6, 4, 5, 2, 3, 4, 1, 3, 3, 3, 4, 3, 3, 4, 4, 6, 3, 2, 3, 5, 6, 1, 6, 4, 6, 5, 6, 6, 1, 3, 1, 5, 1, 6, 4, 5, 4, 6, 4, 6, 4, 6, 6, 2, 6, 6, 1, 5, 1, 2, 2, 2, 3, 6, 1, 6] [7, 9, 6, 6, 7, 5, 6, 6, 6, 7, 3, 5, 4, 8, 9, 8, 5, 4, 7, 4, 7, 7, 7, 7, 8, 8, 7, 4, 5, 6, 3, 6, 5, 7, 8, 6, 6, 7, 7, 10, 7, 6, 7, 8, 10, 5, 9, 8, 9, 9, 9, 10, 4, 6, 5, 9, 5, 9, 6, 7, 7, 8, 8, 9, 6, 10, 9, 4, 8, 10, 4, 9, 4, 6, 6, 4, 7, 9, 3, 9]
A_29 67.79000000000002 A 29 [2, 5, 1, 6, 6, 4, 5, 3, 3, 1, 1, 1, 5, 1, 5, 5, 5, 3, 5, 1, 1, 2, 4, 2, 4, 3, 3, 3, 4, 4, 3, 5, 3, 2, 3, 6, 3, 3, 2, 3, 6, 5, 3, 6, 2, 4, 5, 6, 2, 4, 3, 3, 1, 3, 6, 5, 3, 3, 5, 4, 4, 4, 5, 6, 3, 4, 4, 2, 2, 3, 1, 1, 2, 6, 5, 4, 2, 5, 6, 1] [6, 7, 4, 9, 9, 6, 8, 5, 7, 4, 5, 4, 9, 3, 8, 9, 7, 7, 7, 3, 3, 6, 8, 6, 6, 5, 5, 6, 6, 6, 7, 8, 5, 4, 5, 8, 6, 5, 5, 7, 10, 7, 7, 8, 6, 7, 7, 8, 5, 6, 7, 6, 4, 5, 8, 9, 6, 6, 8, 7, 6, 6, 8, 10, 6, 6, 8, 6, 4, 5, 3, 3, 5, 9, 7, 8, 4, 7, 8, 4]
A_30 69.36000000000001 A 30 [2, 5, 6, 3, 4, 2, 3, 4, 4, 5, 1, 6, 1, 1, 6, 4, 1, 2, 1, 3, 2, 6, 1, 4, 2, 3, 6, 5, 1, 3, 4, 6, 6, 4, 4, 4, 2, 6, 3, 1, 3, 4, 1, 5, 1, 5, 5, 2, 5, 4, 5, 6, 5, 1, 2, 4, 3, 1, 6, 5, 3, 6, 6, 4, 4, 5, 5, 3, 4, 5, 6, 3, 3, 3, 6, 5, 2, 2, 2, 5] [5, 9, 9, 7, 6, 6, 6, 6, 6, 9, 4, 10, 3, 3, 8, 7, 4, 5, 5, 5, 6, 10, 4, 6, 5, 6, 10, 8, 3, 7, 7, 10, 10, 6, 8, 6, 5, 10, 5, 4, 7, 6, 4, 9, 3, 7, 8, 4, 8, 7, 9, 9, 9, 4, 6, 8, 7, 3, 9, 8, 7, 8, 8, 6, 7, 8, 8, 6, 8, 7, 9, 5, 7, 7, 8, 9, 6, 6, 6, 7]
A_31 70.36000000000001 A 31 [3, 5, 6, 1, 2, 5, 3, 3, 2, 2, 4, 5, 6, 5, 3, 1, 5, 1, 6, 4, 4, 3, 6, 3, 2, 4, 2, 3, 3, 5, 6, 3, 1, 1, 5, 6, 6, 4, 6, 4, 6, 6, 6, 6, 1, 6, 3, 4, 3, 5, 4, 6, 4, 1, 3, 4, 2, 5, 5, 6, 3, 2, 6, 5, 1, 1, 3, 4, 5, 3, 1, 2, 5, 1, 5, 5, 1, 5, 4, 3] [6, 9, 8, 4, 4, 7, 7, 7, 6, 6, 7, 7, 10, 7, 7, 3, 8, 5, 10, 6, 8, 6, 9, 7, 6, 7, 5, 6, 6, 8, 10, 5, 5, 4, 9, 8, 8, 7, 8, 6, 10, 8, 8, 10, 5, 9, 5, 8, 5, 7, 8, 10, 8, 5, 7, 6, 6, 8, 8, 10, 7, 4, 10, 9, 4, 3, 5, 7, 8, 5, 5, 4, 7, 3, 7, 9, 3, 8, 8, 5]
A_32 71.36000000000001 A 32 [4, 3, 5, 2, 1, 1, 3, 3, 4, 5, 4, 4, 2, 2, 3, 2, 3, 3, 1, 3, 3, 5, 2, 1, 3, 6, 4, 5, 3, 3, 6, 1, 4, 6, 2, 6, 4, 5, 1, 6, 6, 5, 2, 3, 2, 6, 4, 5, 3, 4, 5, 4, 5, 4, 3, 1, 2, 1, 1, 1, 5, 2, 5, 5, 5, 1, 2, 2, 3, 6, 5, 2, 1, 3, 2, 2, 2, 1, 4, 5] [8, 6, 8, 6, 4, 4, 5, 6, 8, 7, 8, 7, 5, 6, 6, 6, 6, 6, 4, 5, 5, 9, 4, 5, 5, 8, 6, 9, 5, 5, 10, 5, 6, 9, 4, 10, 7, 9, 3, 8, 8, 9, 6, 5, 6, 9, 8, 7, 6, 8, 7, 7, 9, 7, 7, 5, 5, 3, 3, 5, 7, 5, 9, 7, 7, 3, 6, 4, 6, 9, 8, 6, 3, 7, 4, 5, 4, 3, 7, 9]
A_33 75.67000000000002 A 33 [2, 6, 2, 1, 6, 2, 2, 1, 6, 2, 1, 3, 3, 5, 6, 6, 4, 2, 4, 5, 6, 5, 3, 4, 5, 5, 1, 4, 3, 2, 4, 1, 6, 6, 1, 1, 3, 4, 2, 2, 3, 3, 4, 4, 2, 3, 6, 3, 4, 3, 4, 4, 1, 1, 6, 6, 4, 3, 3, 6, 2, 3, 4, 6, 6, 4, 6, 1, 5, 2, 6, 1, 3, 3, 3, 4, 3, 2, 2, 1] [5, 8, 5, 3, 10, 4, 5, 5, 9, 4, 3, 6, 5, 8, 10, 10, 6, 4, 6, 7, 9, 9, 5, 7, 7, 7, 3, 7, 7, 4, 6, 4, 9, 10, 3, 3, 5, 6, 6, 6, 7, 5, 6, 8, 4, 6, 10, 6, 7, 5, 7, 7, 3, 5, 10, 9, 8, 6, 7, 9, 6, 5, 8, 8, 8, 8, 9, 3, 9, 5, 8, 5, 5, 5, 6, 7, 6, 4, 4, 3]
A_34 79.23000000000002 A 34 [5, 5, 5, 4, 3, 5, 4, 3, 1, 3, 6, 5, 1, 6, 2, 2, 6, 3, 3, 1, 2, 5, 2, 4, 1, 6, 5, 6, 4, 3, 4, 5, 2, 1, 1, 5, 1, 3, 5, 6, 1, 3, 4, 4, 5, 5, 3, 6, 3, 3, 6, 3, 3, 2, 4, 1, 4, 3, 4, 1, 3, 5, 1, 5, 3, 2, 1, 6, 5, 6, 2, 2, 3, 3, 1, 5, 5, 4, 4, 4] [9, 7, 7, 6, 7, 8, 7, 7, 3, 7, 10, 7, 4, 10, 6, 4, 10, 6, 6, 4, 4, 9, 4, 8, 5, 9, 9, 9, 8, 5, 8, 9, 4, 3, 3, 7, 4, 6, 8, 9, 3, 5, 6, 8, 8, 7, 6, 8, 6, 5, 10, 6, 6, 5, 7, 4, 7, 6, 6, 4, 6, 8, 4, 8, 5, 4, 4, 8, 7, 9, 5, 4, 5, 6, 3, 7, 9, 7, 8, 7]
A_35 80.23000000000002 A 35 [2, 6, 1, 5, 3, 6, 6, 5, 6, 6, 4, 1, 4, 2, 6, 1, 3, 1, 4, 1, 6, 1, 2, 1, 3, 4, 2, 1, 3, 6, 4, 6, 6, 1, 5, 2, 6, 2, 4, 6, 1, 3, 3, 5, 5, 5, 2, 3, 2, 2, 6, 1, 3, 1, 3, 3, 3, 6, 1, 4, 1, 3, 6, 6, 3, 3, 2, 1, 2, 2, 5, 6, 2, 4, 4, 6, 3, 1, 2, 3] [6, 8, 3, 7, 7, 10, 9, 7, 10, 8, 6, 4, 6, 5, 10, 3, 6, 3, 8, 5, 10, 3, 5, 3, 5, 8, 5, 5, 6, 8, 6, 8, 10, 3, 7, 4, 9, 4, 6, 8, 3, 7, 7, 9, 9, 8, 6, 5, 5, 5, 10, 4, 7, 3, 7, 5, 6, 8, 5, 6, 4, 6, 10, 10, 5, 5, 5, 4, 4, 5, 7, 10, 4, 8, 7, 10, 7, 5, 6, 5]
A_36 83.53000000000002 A 36 [5, 4, 1, 5, 3, 2, 2, 1, 6, 1, 3, 1, 4, 3, 2, 3, 3, 4, 3, 4, 4, 6, 6, 2, 5, 4, 6, 4, 3, 3, 2, 6, 4, 3, 1, 6, 2, 6, 5, 6, 5, 3, 4, 2, 3, 5, 6, 2, 6, 2, 6, 5, 1, 5, 4, 1, 3, 5, 2, 6, 5, 6, 3, 4, 6, 2, 3, 6, 5, 4, 1, 2, 5, 5, 1, 6, 1, 1, 1, 2] [8, 8, 3, 7, 7, 5, 5, 5, 9, 4, 5, 4, 6, 7, 5, 5, 5, 8, 5, 8, 8, 8, 9, 4, 8, 6, 10, 6, 6, 6, 5, 8, 7, 5, 4, 9, 4, 10, 7, 8, 8, 5, 8, 4, 5, 7, 8, 5, 10, 5, 9, 7, 4, 7, 6, 4, 5, 9, 6, 8, 7, 9, 5, 6, 10, 6, 7, 9, 8, 7, 3, 4, 8, 8, 4, 8, 5, 3, 4, 5]
A_37 85.77000000000001 A 37 [2, 4, 5, 5, 5, 5, 3, 3, 6, 4, 2, 1, 5, 6, 2, 4, 4, 1, 1, 3, 2, 3, 4, 3, 3, 6, 2, 1, 4, 3, 6, 4, 5, 4, 3, 2, 6, 3, 1, 2, 1, 1, 1, 2, 1, 2, 1, 3, 3, 4, 6, 3, 6, 4, 6, 2, 6, 4, 1, 4, 3, 5, 2, 4, 5, 1, 6, 3, 3, 1, 3, 2, 3, 4, 1, 6, 5, 6, 4, 1] [4, 6, 8, 8, 8, 9, 7, 7, 10, 7, 5, 4, 8, 10, 6, 6, 7, 5, 3, 5, 4, 6, 7, 7, 5, 10, 4, 5, 7, 5, 10, 7, 9, 6, 6, 4, 10, 7, 4, 4, 3, 5, 3, 6, 4, 6, 4, 7, 6, 7, 8, 7, 8, 7, 10, 6, 8, 7, 5, 7, 7, 9, 5, 6, 7, 4, 10, 6, 7, 5, 7, 5, 5, 8, 3, 10, 8, 8, 7, 3]
A_38 88.10000000000001 A 38 [1, 6, 4, 4, 1, 3, 3, 2, 1, 3, 3, 3, 6, 6, 2, 6, 5, 2, 2, 5, 3, 5, 4, 1, 6, 6, 4, 6, 4, 2, 3, 6, 1, 2, 5, 4, 5, 1, 6, 5, 2, 4, 5, 1, 5, 4, 2, 1, 1, 5, 6, 4, 6, 2, 2, 5, 5, 5, 3, 1, 5, 1, 1, 4, 5, 5, 5, 1, 5, 5, 2, 3, 5, 4, 5, 2, 1, 5, 1, 1] [3, 8, 6, 8, 4, 7, 5, 5, 3, 7, 6, 7, 10, 9, 5, 10, 7, 6, 4, 7, 7, 8, 8, 3, 8, 10, 8, 10, 7, 5, 5, 8, 3, 6, 8, 6, 7, 4, 10, 7, 6, 7, 9, 3, 9, 6, 4, 5, 3, 9, 8, 6, 10, 4, 4, 9, 8, 8, 6, 3, 9, 3, 4, 6, 8, 8, 7, 3, 8, 7, 5, 6, 9, 7, 7, 5, 3, 8, 3, 5]
A_39 89.10000000000001 A 39 [3, 5, 1, 6, 2, 5, 6, 3, 2, 6, 1, 2, 5, 4, 1, 5, 4, 2, 6, 1, 1, 3, 3, 2, 3, 5, 1, 2, 6, 3, 1, 4, 6, 2, 6, 6, 6, 2, 5, 1, 2, 3, 6, 1, 1, 2, 4, 6, 3, 4, 3, 3, 5, 4, 2, 5, 4, 4, 5, 2, 6, 2, 1, 2, 6, 5, 6, 3, 3, 2, 3, 1, 4, 6, 3, 3, 2, 6, 5, 1] [5, 9, 5, 9, 4, 9, 9, 6, 6, 10, 3, 4, 7, 6, 5, 7, 8, 6, 8, 5, 5, 5, 7, 4, 7, 9, 3, 5, 10, 7, 4, 6, 8, 6, 9, 8, 8, 4, 7, 4, 4, 5, 9, 5, 4, 4, 8, 9, 6, 6, 6, 5, 8, 7, 4, 8, 7, 6, 8, 6, 9, 4, 5, 5, 9, 9, 8, 6, 5, 6, 7, 4, 8, 10, 7, 7, 5, 10, 8, 3]
B_0 6.19 B 40 [6, 5, 6, 4, 6, 1, 3, 5, 1, 5, 2, 5, 2, 2, 3, 1, 2, 3, 4, 3, 6, 2, 1, 3, 2, 6, 2, 3, 3, 6, 3, 6, 6, 3, 1, 1, 5, 1, 2, 2, 4, 2, 4, 4, 2, 1, 6, 6, 5, 1, 4, 6, 6, 2, 6, 1, 4, 1, 5, 3, 6, 5, 6, 3, 5, 2, 1, 2, 5, 2, 1, 4, 6, 5, 1, 3, 4, 5, 4, 2] [8, 7, 9, 8, 9, 3, 7, 8, 3, 7, 6, 8, 4, 4, 5, 3, 6, 6, 8, 7, 10, 6, 4, 6, 4, 10, 5, 5, 7, 10, 7, 10, 8, 7, 3, 3, 8, 3, 6, 4, 7, 5, 7, 7, 6, 3, 10, 10, 9, 5, 7, 10, 9, 4, 9, 3, 7, 4, 7, 7, 9, 8, 9, 5, 8, 6, 4, 6, 8, 6, 3, 6, 10, 9, 4, 7, 8, 8, 8, 4]
B_1 7.19 B 41 [4, 3, 1, 3, 5, 3, 6, 5, 6, 4, 6, 4, 2, 2, 1, 6, 1, 2, 4, 6, 4, 6, 5, 3, 4, 2, 5, 6, 2, 5, 4, 6, 5, 3, 3, 3, 3, 1, 4, 3, 2, 5, 3, 1, 6, 2, 3, 2, 4, 6, 5, 4, 3, 4, 5, 5, 4, 5, 2, 2, 5, 2, 5, 6, 4, 6, 4, 3, 1, 2, 6, 1, 4, 6, 4, 3, 1, 5, 5, 3] [7, 6, 5, 7, 9, 7, 10, 8, 10, 7, 9, 6, 5, 5, 5, 9, 5, 4, 6, 9, 8, 9, 8, 7, 7, 4, 7, 9, 6, 7, 6, 8, 9, 5, 5, 7, 5, 5, 7, 5, 5, 7, 7, 5, 9, 6, 6, 5, 7, 8, 7, 7, 6, 8, 9, 9, 6, 7, 4, 6, 9, 4, 9, 9, 8, 8, 7, 6, 5, 5, 10, 3, 8, 10, 8, 5, 4, 7, 7, 5]
B_2 8.190000000000001 B 42 [5, 6, 2, 6, 1, 1, 2, 4, 1, 1, 3, 4, 1, 3, 1, 5, 1, 4, 1, 6, 2, 4, 1, 5, 4, 6, 1, 4, 3, 3, 1, 6, 2, 4, 4, 3, 4, 1, 5, 6, 4, 3, 5, 2, 2, 4, 3, 6, 5, 1, 6, 3, 2, 2, 5, 5, 3, 2, 2, 2, 2, 3, 4, 6, 6, 2, 3, 6, 4, 6, 2, 4, 6, 4, 6, 2, 5, 1, 2, 6] [9, 9, 4, 10, 4, 5, 6, 8, 4, 3, 7, 8, 5, 6, 5, 8, 3, 6, 4, 9, 4, 6, 4, 7, 6, 10, 4, 8, 7, 7, 4, 8, 6, 6, 6, 7, 8, 3, 9, 9, 7, 7, 8, 6, 4, 8, 7, 10, 8, 4, 9, 6, 6, 6, 9, 7, 7, 4, 5, 4, 4, 6, 6, 10, 10, 4, 6, 9, 7, 10, 5, 7, 9, 6, 10, 4, 8, 3, 5, 10]
B_3 9.57 B 43 [4, 6, 4, 1, 6, 6, 4, 6, 1, 3, 2, 4, 2, 1, 3, 3, 1, 1, 1, 3, 5, 4, 3, 6, 1, 6, 2, 1, 5, 6, 5, 6, 3, 4, 4, 5, 2, 2, 1, 1, 4, 1, 2, 6, 2, 1, 3, 6, 4, 6, 1, 4, 2, 1, 4, 1, 6, 3, 4, 5, 4, 4, 4, 3, 3, 1, 1, 1, 4, 4, 6, 4, 5, 4, 4, 6, 3, 5, 2, 2] [6, 8, 7, 4, 9, 10, 7, 10, 5, 6, 4, 8, 4, 4, 5, 7, 3, 5, 4, 6, 8, 6, 6, 8, 3, 10, 5, 3, 8, 8, 9, 10, 5, 8, 8, 9, 4, 6, 3, 5, 7, 5, 6, 9, 5, 4, 6, 8, 6, 8, 5, 7, 4, 5, 7, 4, 10, 5, 7, 7, 8, 8, 7, 5, 6, 4, 3, 4, 7, 7, 8, 7, 9, 8, 7, 10, 7, 7, 6, 4]
B_4 10.57 B 44 [4, 2, 4, 2, 4, 1, 2, 5, 5, 2, 2, 3, 1, 6, 4, 5, 4, 6, 2, 2, 6, 4, 3, 6, 6, 6, 5, 3, 6, 2, 1, 1, 2, 2, 5, 5, 3, 1, 5, 1, 2, 6, 2, 2, 6, 3, 5, 4, 6, 4, 3, 4, 6, 1, 2, 1, 4, 4, 1, 1, 6, 4, 6, 2, 1, 5, 5, 3, 2, 2, 1, 1, 5, 4, 1, 2, 5, 3, 5, 1] [6, 5, 8, 5, 7, 4, 4, 8, 7, 5, 6, 6, 5, 8, 6, 9, 8, 9, 6, 4, 8, 6, 5, 9, 8, 8, 8, 6, 10, 6, 3, 5, 6, 4, 8, 9, 5, 4, 9, 4, 6, 9, 4, 5, 10, 7, 7, 6, 8, 7, 7, 7, 9, 4, 6, 3, 6, 7, 5, 5, 9, 6, 8, 5, 5, 8, 7, 6, 4, 6, 3, 5, 9, 7, 5, 5, 9, 6, 8, 3]
B_5 16.08 B 45 [6, 2, 3, 6, 2, 2, 5, 3, 4, 6, 3, 5, 4, 1, 6, 1, 3, 2, 1, 2, 4, 6, 4, 4, 6, 3, 3, 5, 1, 4, 5, 6, 6, 3, 5, 5, 5, 2, 4, 2, 1, 2, 4, 1, 3, 3, 5, 4, 4, 2, 3, 2, 4, 4, 6, 3, 2, 5, 5, 6, 3, 2, 4, 4, 1, 4, 5, 3, 4, 3, 3, 5, 6, 2, 1, 4, 5, 3, 2, 3] [10, 4, 7, 9, 6, 4, 8, 5, 8, 9, 7, 8, 6, 4, 10, 5, 5, 6, 5, 4, 7, 8, 7, 8, 8, 5, 5, 7, 5, 7, 7, 9, 9, 6, 7, 8, 7, 6, 6, 4, 3, 6, 8, 4, 7, 6, 7, 7, 6, 5, 5, 6, 6, 8, 10, 6, 5, 9, 7, 9, 6, 4, 7, 6, 4, 6, 8, 7, 6, 7, 5, 8, 8, 6, 4, 8, 8, 7, 6, 7]
B_6 17.599999999999998 B 46 [4, 4, 4, 3, 3, 6, 2, 5, 1, 2, 6, 6, 4, 2, 6, 1, 6, 5, 5, 1, 1, 1, 5, 4, 2, 3, 5, 2, 6, 5, 5, 3, 4, 6, 3, 2, 6, 1, 2, 4, 6, 3, 3, 3, 5, 5, 1, 4, 3, 6, 5, 5, 3, 6, 4, 6, 1, 6, 3, 2, 6, 6, 5, 6, 3, 3, 6, 6, 4, 2, 1, 1, 2, 4, 6, 2, 5, 2, 2, 1] [7, 6, 8, 7, 6, 8, 6, 8, 4, 5, 8, 9, 7, 4, 8, 3, 10, 9, 9, 4, 5, 3, 8, 8, 5, 7, 9, 4, 9, 7, 8, 5, 8, 10, 6, 6, 8, 4, 4, 8, 10, 6, 7, 6, 7, 7, 3, 6, 5, 9, 7, 9, 6, 8, 8, 10, 5, 10, 5, 5, 10, 8, 9, 10, 6, 5, 10, 9, 7, 5, 3, 3, 6, 7, 8, 5, 8, 4, 6, 4]
B_7 19.54 B 47 [6, 1, 2, 5, 2, 2, 5, 5, 4, 4, 5, 1, 5, 1, 2, 2, 3, 5, 2, 3, 1, 3, 5, 3, 4, 6, 3, 1, 4, 6, 2, 4, 5, 3, 6, 3, 2, 3, 1, 6, 6, 2, 6, 6, 4, 4, 4, 6, 3, 5, 6, 5, 4, 2, 4, 1, 4, 4, 3, 5, 2, 3, 5, 5, 3, 4, 5, 6, 4, 3, 2, 1, 6, 5, 6, 6, 5, 3, 6, 3] [10, 4, 6, 8, 5, 5, 7, 9, 6, 8, 9, 4, 7, 3, 5, 6, 5, 7, 4, 7, 3, 5, 9, 5, 6, 8, 5, 4, 8, 8, 4, 8, 7, 6, 8, 5, 5, 7, 5, 9, 10, 5, 10, 8, 6, 7, 6, 10, 5, 7, 9, 9, 7, 5, 7, 5, 6, 8, 7, 8, 5, 7, 9, 8, 6, 6, 8, 8, 6, 6, 4, 4, 9, 8, 10, 10, 7, 7, 8, 5]
B_8 21.32 B 48 [3, 2, 2, 1, 6, 6, 6, 4, 2, 3, 6, 1, 2, 2, 2, 3, 6, 2, 4, 4, 2, 2, 5, 6, 6, 6, 5, 5, 6, 2, 5, 3, 3, 4, 3, 2, 6, 3, 1, 3, 5, 4, 5, 4, 6, 4, 3, 3, 4, 5, 4, 1, 4, 2, 3, 5, 1, 6, 3, 3, 2, 6, 3, 6, 4, 1, 2, 2, 1, 2, 5, 6, 2, 3, 5, 3, 5, 6, 1, 2] [6, 5, 4, 5, 9, 9, 8, 7, 5, 5, 8, 4, 6, 6, 5, 6, 10, 6, 7, 6, 4, 6, 7, 9, 9, 10, 9, 7, 9, 5, 8, 5, 6, 7, 6, 5, 10, 6, 3, 6, 9, 7, 8, 6, 8, 6, 5, 5, 8, 9, 6, 4, 8, 4, 7, 7, 3, 9, 5, 5, 6, 10, 6, 9, 7, 4, 6, 5, 5, 4, 8, 9, 6, 5, 8, 6, 9, 8, 3, 5]
B_9 24.26 B 49 [4, 6, 6, 4, 3, 5, 3, 1, 2, 6, 2, 5, 6, 4, 6, 5, 5, 5, 3, 4, 4, 5, 1, 6, 2, 5, 1, 6, 5, 4, 4, 5, 4, 3, 3, 2, 2, 4, 5, 4, 1, 6, 1, 6, 4, 2, 6, 5, 5, 5, 1, 5, 5, 3, 4, 4, 6, 5, 1, 3, 4, 4, 3, 2, 6, 3, 6, 3, 1, 3, 3, 6, 2, 3, 1, 3, 2, 1, 4, 3] [7, 10, 8, 7, 6, 8, 5, 4, 4, 10, 4, 8, 10, 6, 10, 9, 7, 8, 6, 8, 7, 7, 3, 9, 6, 7, 5, 9, 9, 6, 7, 7, 8, 5, 5, 5, 5, 7, 9, 6, 5, 8, 4, 8, 7, 5, 9, 7, 9, 7, 4, 8, 9, 5, 7, 8, 10, 8, 5, 6, 8, 7, 7, 4, 10, 5, 8, 6, 3, 5, 6, 9, 6, 5, 5, 7, 6, 5, 7, 5]
B_10 25.270000000000003 B 50 [6, 4, 1, 3, 6, 2, 2, 6, 3, 6, 3, 5, 5, 5, 3, 3, 4, 6, 6, 1, 6, 3, 3, 5, 5, 5, 6, 4, 6, 3, 5, 4, 5, 4, 6, 6, 6, 6, 6, 3, 4, 5, 6, 1, 3, 3, 5, 6, 4, 1, 5, 6, 2, 4, 6, 2, 2, 5, 6, 4, 6, 1, 1, 6, 3, 4, 1, 6, 6, 1, 6, 1, 5, 1, 6, 4, 1, 3, 3, 4] [9, 8, 5, 6, 8, 4, 5, 9, 5, 10, 7, 7, 8, 9, 6, 6, 7, 8, 8, 4, 8, 7, 7, 9, 7, 9, 8, 8, 9, 7, 9, 8, 7, 7, 10, 10, 9, 8, 8, 6, 7, 7, 9, 5, 7, 5, 7, 9, 6, 4, 9, 8, 6, 7, 8, 5, 5, 9, 9, 6, 8, 3, 4, 8, 6, 8, 3, 9, 10, 4, 8, 3, 7, 3, 8, 7, 3, 6, 6, 8]
B_11 27.720000000000002 B 51 [1, 2, 4, 5, 1, 2, 6, 4, 2, 6, 3, 5, 1, 1, 2, 4, 2, 5, 3, 4, 1, 5, 5, 3, 3, 6, 1, 5, 6, 3, 6, 6, 4, 4, 3, 1, 5, 3, 4, 3, 6, 4, 3, 4, 4, 2, 5, 5, 1, 5, 6, 3, 1, 3, 2, 3, 5, 5, 4, 1, 4, 4, 5, 2, 1, 2, 2, 3, 5, 4, 5, 5, 6, 5, 1, 5, 2, 1, 2, 4] [5, 5, 7, 7, 4, 6, 8, 7, 6, 10, 7, 8, 4, 5, 5, 8, 5, 7, 6, 6, 4, 9, 7, 7, 6, 8, 3, 8, 10, 6, 9, 10, 7, 7, 6, 4, 7, 7, 6, 5, 10, 7, 6, 7, 7, 6, 9, 9, 4, 8, 8, 7, 5, 7, 4, 5, 9, 7, 8, 3, 8, 6, 8, 6, 4, 4, 5, 6, 9, 8, 8, 7, 10, 8, 4, 9, 5, 5, 6, 7]
B_12 30.560000000000002 B 52 [1, 3, 4, 2, 4, 2, 1, 2, 1, 1, 1, 2, 5, 4, 1, 4, 5, 1, 5, 2, 6, 1, 4, 2, 1, 1, 1, 2, 1, 1, 5, 4, 5, 1, 3, 3, 1, 6, 6, 5, 6, 3, 2, 2, 6, 4, 3, 4, 4, 5, 2, 1, 5, 1, 6, 5, 6, 3, 3, 2, 1, 1, 3, 4, 3, 5, 3, 5, 6, 2, 3, 4, 2, 4, 5, 4, 5, 6, 5, 1] [5, 5, 7, 4, 8, 5, 3, 4, 4, 4, 4, 4, 7, 8, 5, 6, 9, 3, 7, 4, 9, 5, 7, 5, 4, 5, 4, 5, 4, 4, 9, 8, 9, 3, 6, 7, 4, 8, 10, 8, 9, 6, 6, 4, 9, 6, 6, 7, 8, 9, 6, 5, 9, 3, 10, 9, 8, 5, 6, 4, 5, 3, 7, 7, 6, 8, 5, 9, 10, 6, 7, 6, 5, 6, 7, 7, 8, 8, 9, 3]
B_13 31.560000000000002 B 53 [3, 5, 4, 5, 3, 1, 2, 6, 6, 2, 1, 5, 3, 6, 2, 3, 5, 2, 1, 5, 2, 5, 2, 3, 6, 2, 5, 3, 3, 3, 1, 1, 4, 1, 2, 1, 5, 4, 2, 4, 2, 4, 2, 1, 1, 4, 6, 2, 2, 3, 4, 3, 1, 3, 3, 6, 3, 5, 5, 6, 5, 5, 3, 1, 3, 5, 2, 5, 5, 2, 1, 6, 5, 2, 6, 4, 3, 2, 2, 2] [5, 7, 8, 8, 5, 4, 4, 9, 9, 5, 3, 9, 6, 8, 5, 6, 7, 5, 4, 8, 5, 8, 5, 6, 10, 6, 8, 7, 6, 5, 4, 5, 7, 5, 5, 3, 7, 7, 4, 7, 4, 8, 6, 5, 4, 8, 8, 5, 4, 5, 7, 7, 3, 5, 5, 8, 5, 8, 7, 10, 8, 9, 7, 4, 6, 9, 6, 7, 9, 4, 5, 9, 9, 6, 8, 8, 5, 4, 4, 6]
B_14 34.09 B 54 [5, 5, 6, 4, 2, 6, 1, 6, 5, 3, 5, 1, 2, 3, 4, 6, 1, 1, 1, 3, 4, 2, 4, 1, 5, 5, 3, 4, 1, 6, 2, 3, 3, 6, 4, 3, 4, 6, 2, 2, 6, 5, 5, 4, 2, 6, 4, 4, 3, 4, 6, 2, 6, 3, 5, 4, 2, 2, 2, 1, 4, 3, 4, 3, 6, 6, 1, 5, 2, 6, 5, 2, 2, 5, 5, 1, 6, 6, 2, 6] [7, 7, 8, 7, 5, 10, 4, 9, 7, 7, 7, 3, 4, 7, 7, 8, 4, 5, 3, 5, 7, 6, 6, 5, 7, 9, 7, 8, 5, 8, 6, 7, 7, 10, 7, 7, 6, 10, 4, 4, 9, 9, 9, 7, 6, 10, 8, 7, 7, 7, 8, 4, 10, 5, 7, 8, 6, 4, 5, 3, 8, 5, 7, 7, 8, 9, 4, 8, 4, 8, 8, 6, 6, 8, 7, 5, 10, 10, 6, 10]
B_15 36.260000000000005 B 55 [5, 1, 5, 5, 4, 5, 6, 6, 5, 1, 3, 3, 4, 4, 2, 4, 3, 1, 2, 5, 1, 5, 3, 1, 1, 6, 6, 5, 5, 5, 4, 4, 1, 6, 1, 3, 1, 2, 5, 5, 1, 5, 5, 1, 1, 3, 6, 1, 5, 4, 2, 3, 5, 6, 4, 4, 3, 4, 1, 3, 2, 1, 5, 5, 6, 1, 4, 6, 5, 2, 1, 4, 1, 1, 2, 1, 1, 3, 5, 3] [8, 4, 8, 7, 7, 8, 9, 8, 7, 3, 6, 6, 6, 7, 5, 8, 5, 4, 6, 8, 4, 9, 5, 5, 5, 10, 8, 8, 9, 9, 8, 6, 5, 9, 4, 5, 4, 6, 9, 8, 3, 9, 7, 4, 3, 6, 10, 5, 7, 8, 5, 5, 9, 8, 8, 8, 7, 8, 5, 5, 5, 5, 7, 8, 10, 3, 8, 8, 8, 6, 4, 6, 3, 3, 5, 3, 5, 7, 7, 7]
B_16 38.42 B 56 [6, 1, 2, 5, 3, 1, 4, 6, 6, 5, 1, 5, 5, 6, 4, 5, 4, 6, 6, 2, 1, 4, 3, 1, 5, 4, 3, 4, 1, 3, 3, 2, 2, 4, 4, 3, 3, 6, 5, 4, 4, 4, 3, 6, 4, 2, 1, 4, 1, 6, 2, 5, 6, 3, 2, 3, 4, 4, 2, 5, 6, 6, 5, 1, 3, 1, 4, 6, 5, 6, 2, 4, 4, 6, 6, 5, 3, 2, 2, 1] [8, 5, 6, 8, 6, 5, 7, 10, 9, 7, 3, 7, 8, 10, 6, 7, 7, 10, 9, 4, 4, 7, 5, 3, 8, 6, 5, 8, 5, 6, 7, 6, 5, 8, 7, 6, 5, 8, 8, 7, 7, 6, 7, 10, 6, 5, 5, 6, 3, 10, 5, 9, 8, 5, 6, 7, 6, 7, 5, 8, 8, 8, 9, 5, 6, 4, 8, 10, 7, 9, 4, 7, 8, 8, 9, 9, 6, 4, 5, 5]
B_17 39.42 B 57 [3, 3, 5, 6, 6, 6, 3, 3, 6, 5, 2, 6, 3, 5, 2, 6, 3, 1, 2, 1, 5, 6, 3, 1, 2, 6, 5, 2, 6, 3, 1, 5, 1, 3, 3, 6, 5, 4, 5, 4, 1, 5, 2, 3, 4, 5, 6, 4, 6, 5, 5, 5, 3, 5, 2, 4, 4, 4, 3, 2, 3, 5, 5, 4, 2, 2, 6, 5, 1, 2, 2, 1, 1, 5, 4, 3, 2, 1, 3, 3] [6, 7, 9, 8, 8, 9, 5, 6, 8, 7, 4, 8, 5, 7, 4, 8, 5, 4, 4, 3, 7, 8, 5, 5, 4, 8, 9, 4, 9, 6, 3, 8, 3, 6, 6, 8, 9, 7, 8, 6, 4, 7, 4, 5, 7, 9, 10, 8, 9, 8, 9, 7, 5, 8, 4, 8, 7, 6, 6, 4, 6, 8, 7, 6, 4, 4, 8, 9, 3, 5, 6, 5, 5, 7, 7, 7, 5, 5, 7, 5]
B_18 40.42 B 58 [6, 4, 4, 5, 4, 3, 1, 1, 4, 1, 5, 3, 1, 6, 5, 5, 4, 2, 5, 5, 2, 4, 6, 4, 5, 4, 4, 2, 4, 5, 6, 5, 1, 3, 4, 1, 2, 1, 3, 5, 5, 2, 2, 4, 1, 5, 3, 3, 3, 1, 6, 4, 3, 5, 2, 1, 2, 3, 3, 6, 3, 3, 3, 4, 5, 3, 6, 6, 1, 2, 5, 4, 4, 3, 3, 2, 1, 3, 4, 6] [8, 7, 7, 7, 7, 6, 5, 3, 7, 4, 8, 7, 3, 8, 7, 7, 7, 4, 8, 7, 6, 6, 10, 8, 7, 6, 6, 4, 6, 8, 9, 8, 3, 7, 6, 5, 6, 5, 6, 8, 7, 4, 5, 7, 5, 7, 5, 7, 5, 5, 9, 8, 6, 7, 5, 5, 5, 6, 6, 9, 5, 7, 5, 7, 9, 6, 10, 10, 3, 6, 7, 6, 8, 7, 5, 5, 4, 5, 8, 8]
B_19 41.72 B 59 [5, 5, 2, 1, 5, 2, 3, 6, 6, 2, 4, 2, 6, 2, 6, 3, 5, 1, 1, 4, 6, 4, 2, 3, 4, 5, 4, 6, 5, 4, 5, 6, 1, 6, 1, 4, 6, 4, 1, 2, 3, 2, 2, 5, 1, 6, 2, 5, 3, 3, 4, 1, 2, 6, 1, 3, 5, 2, 6, 3, 6, 3, 4, 2, 3, 1, 6, 4, 2, 2, 1, 1, 3, 1, 1, 6, 5, 6, 3, 5] [7, 8, 6, 3, 8, 4, 6, 10, 10, 4, 6, 4, 8, 6, 8, 5, 7, 5, 5, 7, 10, 8, 6, 6, 8, 8, 7, 9, 7, 7, 8, 10, 5, 9, 4, 6, 8, 7, 3, 6, 7, 6, 4, 7, 5, 9, 5, 8, 5, 6, 6, 3, 4, 10, 3, 5, 8, 4, 9, 5, 9, 6, 6, 6, 6, 5, 9, 6, 4, 4, 5, 4, 6, 5, 5, 10, 8, 10, 7, 8]
B_20 45.17 B 60 [5, 3, 6, 6, 3, 5, 3, 2, 1, 2, 4, 6, 3, 2, 1, 1, 1, 5, 6, 5, 6, 3, 1, 3, 2, 1, 6, 2, 4, 4, 3, 3, 5, 2, 3, 1, 5, 3, 5, 6, 6, 5, 2, 4, 6, 3, 6, 2, 2, 4, 6, 4, 1, 5, 4, 2, 6, 3, 3, 6, 1, 2, 3, 2, 5, 1, 4, 2, 6, 3, 5, 4, 2, 3, 5, 4, 3, 3, 5, 1] [7, 6, 10, 10, 7, 9, 5, 5, 4, 6, 8, 10, 7, 4, 3, 5, 3, 9, 8, 8, 10, 6, 4, 5, 5, 3, 10, 5, 7, 6, 7, 7, 7, 6, 6, 4, 7, 7, 9, 9, 9, 9, 4, 8, 9, 6, 10, 5, 6, 8, 8, 8, 5, 8, 8, 5, 8, 6, 5, 9, 5, 4, 7, 4, 9, 5, 6, 5, 8, 5, 9, 8, 4, 7, 7, 7, 7, 5, 8, 5]
B_21 46.17 B 61 [6, 3, 5, 2, 2, 2, 5, 3, 3, 5, 6, 5, 5, 4, 4, 2, 3, 2, 3, 6, 1, 3, 5, 3, 2, 1, 6, 5, 6, 4, 6, 2, 2, 3, 5, 3, 6, 5, 1, 2, 5, 2, 3, 4, 4, 2, 6, 3, 6, 4, 1, 4, 1, 5, 3, 1, 6, 5, 3, 3, 2, 5, 4, 6, 2, 3, 6, 3, 2, 2, 2, 4, 4, 4, 4, 2, 1, 1, 2, 1] [9, 5, 9, 6, 5, 4, 7, 6, 6, 9, 8, 9, 9, 8, 8, 6, 6, 4, 7, 8, 4, 6, 7, 5, 6, 4, 8, 9, 8, 6, 8, 4, 5, 5, 8, 6, 9, 9, 3, 4, 8, 4, 6, 8, 6, 4, 8, 7, 10, 7, 3, 6, 3, 9, 5, 5, 8, 8, 7, 6, 4, 9, 6, 10, 6, 5, 8, 5, 6, 5, 4, 7, 6, 8, 8, 5, 5, 5, 4, 5]
B_22 47.77 B 62 [6, 5, 4, 2, 1, 5, 5, 3, 6, 2, 4, 3, 3, 2, 2, 1, 5, 1, 6, 2, 3, 5, 5, 3, 2, 4, 5, 1, 4, 5, 6, 6, 5, 4, 1, 6, 3, 2, 1, 1, 6, 5, 4, 4, 6, 4, 5, 5, 3, 3, 1, 5, 3, 3, 4, 5, 5, 5, 3, 4, 3, 4, 4, 1, 3, 6, 5, 3, 5, 2, 1, 1, 6, 1, 1, 6, 3, 5, 1, 2] [10, 9, 8, 6, 4, 8, 8, 6, 9, 4, 7, 5, 6, 4, 4, 5, 9, 5, 10, 6, 7, 8, 7, 6, 5, 7, 7, 5, 8, 8, 8, 10, 9, 8, 4, 10, 5, 5, 4, 5, 9, 9, 6, 7, 8, 7, 9, 9, 6, 7, 4, 8, 7, 7, 7, 7, 9, 7, 5, 6, 7, 6, 8, 3, 7, 9, 9, 6, 9, 6, 5, 3, 8, 4, 5, 9, 5, 8, 5, 6]
B_23 48.77 B 63 [3, 3, 3, 1, 6, 2, 3, 2, 3, 6, 6, 5, 2, 3, 5, 6, 3, 5, 6, 5, 3, 3, 3, 2, 4, 2, 5, 1, 6, 6, 4, 5, 5, 6, 5, 6, 4, 4, 4, 2, 3, 6, 6, 3, 2, 4, 6, 5, 6, 2, 6, 2, 4, 1, 3, 5, 1, 4, 4, 2, 2, 6, 1, 6, 1, 1, 1, 3, 2, 6, 2, 2, 1, 1, 4, 2, 3, 2, 2, 4] [5, 6, 5, 5, 10, 5, 6, 6, 6, 10, 10, 7, 5, 6, 7, 10, 7, 9, 8, 7, 7, 5, 5, 4, 8, 5, 7, 4, 9, 10, 6, 9, 7, 8, 8, 10, 6, 6, 6, 5, 5, 9, 10, 5, 5, 6, 10, 8, 9, 4, 8, 6, 7, 4, 7, 8, 5, 6, 7, 6, 4, 10, 3, 8, 4, 4, 5, 6, 6, 10, 5, 4, 3, 3, 7, 6, 6, 6, 4, 6]
B_24 49.77 B 64 [4, 5, 6, 3, 5, 3, 4, 1, 4, 6, 3, 2, 5, 6, 5, 4, 5, 2, 6, 1, 6, 3, 2, 3, 1, 5, 4, 6, 4, 3, 4, 1, 5, 6, 3, 3, 6, 5, 5, 6, 5, 4, 6, 3, 1, 1, 3, 3, 4, 6, 3, 1, 3, 3, 6, 6, 3, 2, 5, 3, 5, 2, 3, 1, 3, 2, 1, 2, 1, 2, 1, 5, 3, 2, 1, 1, 3, 2, 1, 6] [6, 9, 9, 6, 9, 7, 7, 3, 6, 8, 5, 4, 8, 9, 8, 7, 7, 6, 8, 3, 9, 6, 5, 7, 3, 9, 8, 10, 6, 6, 7, 4, 7, 8, 5, 5, 10, 7, 8, 9, 8, 8, 10, 6, 5, 4, 6, 6, 7, 10, 6, 4, 6, 6, 8, 10, 6, 4, 9, 6, 9, 6, 7, 4, 6, 6, 5, 6, 4, 6, 5, 7, 7, 4, 4, 3, 5, 6, 3, 9]
B_25 52.64 B 65 [1, 5, 1, 6, 6, 2, 3, 5, 5, 4, 2, 4, 1, 6, 5, 5, 2, 2, 4, 2, 4, 1, 2, 6, 5, 3, 6, 3, 6, 4, 5, 1, 1, 4, 2, 3, 2, 1, 5, 5, 2, 6, 2, 1, 5, 4, 3, 4, 1, 3, 4, 2, 5, 5, 6, 1, 1, 2, 3, 1, 1, 3, 6, 1, 2, 6, 2, 2, 1, 3, 4, 1, 1, 1, 1, 5, 4, 4, 5, 2] [4, 7, 3, 8, 8, 5, 5, 7, 8, 8, 5, 6, 3, 9, 8, 9, 4, 6, 8, 4, 8, 4, 5, 8, 8, 7, 9, 7, 10, 6, 8, 3, 3, 8, 4, 5, 6, 4, 8, 9, 6, 8, 4, 4, 8, 6, 5, 6, 4, 5, 8, 4, 8, 9, 9, 3, 4, 4, 6, 5, 5, 5, 9, 4, 6, 10, 4, 4, 5, 5, 6, 5, 5, 5, 3, 7, 8, 8, 7, 5]
B_26 54.05 B 66 [1, 6, 6, 6, 1, 1, 5, 1, 1, 5, 5, 4, 1, 2, 3, 1, 5, 3, 1, 5, 2, 4, 1, 4, 2, 6, 2, 2, 6, 4, 5, 3, 2, 6, 1, 2, 3, 6, 5, 6, 1, 4, 3, 1, 5, 5, 6, 5, 2, 6, 1, 2, 3, 2, 1, 4, 4, 6, 6, 6, 4, 6, 5, 1, 1, 2, 2, 1, 2, 1, 6, 2, 4, 4, 3, 4, 2, 5, 4, 6] [4, 10, 10, 8, 4, 4, 9, 3, 5, 7, 7, 8, 3, 4, 5, 3, 9, 6, 4, 8, 6, 7, 5, 8, 6, 8, 4, 5, 9, 8, 8, 5, 6, 9, 4, 5, 7, 10, 7, 8, 4, 7, 6, 3, 7, 8, 10, 8, 6, 8, 3, 5, 5, 6, 4, 8, 8, 8, 10, 9, 6, 8, 9, 5, 5, 4, 4, 3, 6, 4, 9, 4, 8, 6, 6, 7, 6, 8, 8, 10]
B_27 55.05 B 67 [5, 5, 4, 4, 4, 2, 1, 2, 6, 3, 2, 1, 6, 2, 5, 5, 5, 2, 5, 3, 4, 4, 6, 2, 1, 6, 3, 1, 2, 2, 3, 4, 2, 1, 6, 1, 6, 3, 1, 3, 2, 3, 6, 1, 3, 3, 6, 6, 2, 3, 6, 3, 5, 5, 5, 6, 6, 5, 6, 4, 2, 3, 3, 3, 2, 2, 1, 5, 3, 5, 4, 4, 1, 3, 6, 4, 6, 2, 5, 5] [9, 8, 7, 8, 6, 4, 5, 6, 10, 6, 4, 5, 10, 5, 9, 7, 7, 4, 7, 7, 8, 6, 8, 4, 3, 10, 5, 4, 4, 6, 6, 7, 4, 3, 8, 4, 9, 6, 3, 6, 6, 6, 9, 4, 6, 7, 9, 8, 5, 6, 9, 6, 9, 7, 8, 8, 10, 9, 10, 6, 5, 5, 6, 6, 6, 4, 3, 9, 5, 8, 7, 8, 3, 6, 8, 7, 8, 6, 9, 8]
B_28 56.05 B 68 [4, 6, 6, 6, 6, 5, 6, 6, 2, 6, 1, 1, 2, 3, 5, 6, 5, 2, 6, 3, 4, 6, 5, 4, 1, 5, 5, 5, 6, 2, 4, 5, 3, 5, 5, 2, 5, 3, 5, 3, 5, 1, 4, 4, 2, 4, 4, 4, 1, 1, 6, 5, 6, 5, 2, 5, 5, 1, 1, 2, 6, 2, 5, 2, 1, 1, 2, 3, 2, 4, 6, 5, 2, 5, 1, 6, 2, 2, 2, 3] [8, 9, 10, 10, 8, 9, 10, 8, 5, 10, 4, 5, 6, 6, 8, 9, 7, 5, 10, 6, 8, 8, 9, 7, 3, 7, 7, 7, 8, 4, 8, 8, 6, 9, 7, 4, 8, 7, 8, 5, 8, 5, 7, 7, 4, 6, 7, 6, 5, 3, 10, 9, 10, 9, 4, 8, 7, 3, 3, 4, 8, 6, 9, 6, 4, 5, 6, 5, 5, 6, 9, 9, 6, 7, 5, 9, 5, 5, 6, 7]
B_29 59.16 B 69 [4, 2, 4, 1, 4, 3, 1, 5, 4, 4, 2, 2, 3, 4, 1, 4, 2, 4, 6, 6, 2, 3, 1, 3, 6, 6, 2, 5, 6, 3, 5, 3, 6, 2, 6, 2, 4, 1, 5, 2, 2, 2, 6, 4, 2, 3, 2, 3, 2, 3, 1, 4, 2, 2, 6, 2, 6, 2, 2, 2, 3, 2, 2, 6, 2, 3, 1, 5, 4, 6, 2, 5, 6, 5, 3, 4, 6, 2, 6, 5] [8, 5, 8, 4, 6, 5, 3, 7, 8, 7, 6, 4, 5, 7, 3, 7, 5, 7, 8, 8, 6, 5, 4, 7, 8, 10, 6, 8, 10, 5, 7, 5, 9, 5, 9, 5, 7, 5, 7, 6, 6, 5, 10, 7, 6, 7, 5, 6, 4, 5, 4, 8, 6, 4, 8, 6, 9, 5, 6, 4, 5, 5, 6, 10, 6, 5, 4, 8, 6, 10, 6, 8, 8, 9, 6, 6, 8, 4, 10, 9]
B_30 60.33 B 70 [4, 2, 6, 6, 2, 5, 4, 4, 2, 5, 4, 6, 5, 1, 3, 3, 5, 6, 1, 6, 5, 2, 1, 2, 2, 1, 2, 5, 1, 1, 6, 1, 5, 6, 2, 5, 1, 3, 2, 3, 1, 6, 2, 6, 1, 3, 1, 2, 5, 3, 6, 5, 3, 1, 5, 1, 2, 2, 5, 1, 5, 2, 1, 2, 1, 4, 6, 4, 6, 2, 5, 1, 3, 2, 6, 5, 1, 1, 3, 3] [6, 4, 10, 9, 6, 9, 8, 6, 6, 8, 7, 10, 8, 5, 6, 7, 8, 9, 4, 9, 8, 6, 4, 6, 6, 4, 6, 7, 4, 3, 9, 5, 8, 8, 5, 7, 3, 7, 5, 7, 3, 10, 5, 8, 3, 5, 3, 4, 8, 6, 8, 8, 7, 5, 8, 4, 4, 6, 7, 5, 9, 4, 5, 5, 5, 6, 9, 7, 9, 6, 9, 3, 6, 4, 8, 7, 4, 4, 7, 7]
B_31 61.33 B 71 [3, 4, 2, 2, 5, 3, 2, 3, 2, 3, 6, 6, 4, 5, 2, 3, 1, 3, 2, 3, 1, 5, 2, 4, 2, 3, 3, 6, 5, 1, 3, 2, 2, 1, 2, 6, 2, 2, 3, 1, 4, 1, 4, 4, 1, 5, 1, 1, 6, 6, 1, 5, 4, 6, 2, 4, 4, 1, 4, 1, 4, 4, 1, 2, 5, 1, 2, 4, 5, 5, 1, 2, 4, 5, 3, 3, 4, 5, 4, 4] [7, 8, 6, 4, 8, 5, 4, 6, 5, 7, 8, 8, 7, 7, 5, 5, 4, 5, 4, 6, 3, 8, 5, 8, 5, 6, 7, 8, 9, 3, 5, 4, 6, 5, 4, 10, 4, 5, 6, 4, 6, 3, 7, 7, 5, 8, 3, 4, 9, 9, 3, 7, 6, 9, 6, 6, 7, 5, 6, 4, 8, 7, 3, 4, 7, 5, 4, 8, 9, 8, 3, 4, 7, 9, 6, 6, 7, 8, 8, 8]
B_32 65.21 B 72 [5, 2, 3, 4, 5, 5, 1, 5, 6, 3, 3, 6, 4, 1, 3, 2, 4, 1, 2, 1, 3, 1, 5, 6, 4, 6, 2, 6, 1, 2, 3, 5, 1, 3, 3, 2, 5, 3, 5, 4, 6, 4, 6, 5, 5, 6, 2, 6, 2, 2, 5, 6, 2, 5, 2, 1, 4, 1, 4, 3, 2, 4, 6, 1, 3, 1, 4, 1, 2, 6, 3, 4, 1, 1, 3, 1, 3, 6, 2, 4] [7, 4, 6, 8, 9, 9, 5, 9, 8, 7, 5, 10, 8, 4, 5, 6, 8, 4, 4, 3, 7, 3, 8, 10, 6, 10, 4, 9, 4, 5, 7, 7, 3, 5, 5, 4, 8, 5, 9, 8, 10, 8, 9, 9, 9, 8, 6, 9, 6, 6, 7, 10, 5, 9, 6, 3, 8, 5, 8, 6, 4, 6, 8, 3, 7, 5, 8, 3, 6, 8, 6, 7, 4, 4, 7, 3, 6, 8, 5, 8]
B_33 68.78999999999999 B 73 [5, 1, 6, 2, 3, 6, 5, 2, 1, 4, 4, 4, 1, 4, 2, 6, 6, 3, 6, 6, 6, 5, 4, 6, 1, 6, 5, 3, 2, 6, 3, 1, 3, 3, 3, 4, 5, 4, 4, 6, 5, 6, 4, 4, 4, 2, 4, 5, 3, 3, 1, 5, 4, 2, 5, 1, 6, 5, 3, 1, 3, 4, 1, 1, 2, 1, 4, 3, 5, 5, 2, 5, 1, 2, 6, 3, 6, 5, 5, 3] [8, 5, 8, 5, 7, 8, 8, 5, 5, 7, 7, 7, 5, 8, 5, 9, 8, 7, 9, 10, 8, 7, 7, 8, 3, 8, 8, 5, 6, 9, 7, 3, 7, 5, 6, 8, 8, 8, 7, 10, 9, 10, 6, 8, 7, 6, 7, 8, 5, 5, 3, 8, 6, 6, 8, 3, 8, 7, 7, 5, 7, 8, 4, 3, 4, 5, 6, 6, 7, 9, 4, 9, 4, 4, 9, 5, 8, 7, 8, 6]
B_34 69.78999999999999 B 74 [5, 2, 2, 1, 1, 5, 6, 2, 1, 4, 1, 6, 1, 2, 6, 2, 5, 5, 3, 5, 4, 5, 3, 2, 2, 3, 4, 1, 2, 5, 6, 5, 2, 3, 1, 4, 1, 1, 5, 3, 1, 4, 6, 4, 1, 1, 6, 6, 5, 1, 6, 1, 5, 6, 5, 2, 6, 4, 3, 1, 5, 4, 1, 4, 1, 1, 3, 6, 1, 3, 6, 3, 3, 6, 3, 4, 2, 6, 6, 3] [8, 4, 6, 4, 3, 7, 9, 4, 3, 7, 5, 10, 3, 4, 10, 4, 8, 7, 6, 7, 6, 8, 7, 5, 4, 6, 6, 4, 6, 7, 8, 7, 4, 6, 3, 7, 4, 3, 7, 7, 4, 8, 10, 7, 5, 4, 8, 10, 8, 5, 8, 4, 7, 8, 7, 5, 9, 7, 5, 5, 7, 8, 5, 7, 4, 3, 6, 8, 5, 6, 8, 6, 7, 9, 6, 6, 6, 8, 9, 6]
B_35 70.78999999999999 B 75 [5, 6, 3, 6, 2, 5, 2, 1, 5, 3, 1, 2, 6, 4, 5, 3, 5, 2, 1, 1, 3, 4, 5, 2, 2, 4, 6, 2, 2, 4, 5, 5, 2, 4, 5, 6, 6, 6, 2, 3, 3, 3, 2, 6, 2, 4, 2, 6, 3, 3, 4, 5, 4, 4, 1, 1, 5, 3, 2, 6, 4, 2, 6, 2, 1, 5, 4, 4, 6, 4, 5, 3, 1, 3, 4, 6, 4, 1, 4, 3] [9, 9, 6, 9, 6, 8, 5, 4, 8, 6, 4, 4, 10, 8, 9, 5, 9, 5, 5, 5, 6, 8, 9, 6, 6, 7, 9, 6, 4, 8, 9, 9, 5, 7, 7, 10, 8, 10, 5, 7, 7, 5, 4, 10, 5, 8, 5, 10, 6, 7, 7, 9, 7, 8, 5, 3, 9, 7, 5, 10, 7, 5, 9, 6, 3, 7, 7, 7, 9, 6, 7, 6, 3, 5, 6, 9, 7, 3, 8, 5]
B_36 71.78999999999999 B 76 [1, 3, 6, 2, 3, 2, 2, 4, 5, 1, 4, 1, 4, 6, 1, 1, 4, 6, 3, 3, 2, 2, 5, 1, 5, 6, 1, 5, 3, 2, 2, 1, 2, 3, 5, 3, 1, 5, 1, 2, 4, 1, 5, 3, 5, 5, 5, 5, 5, 2, 1, 2, 5, 3, 6, 1, 3, 2, 1, 5, 3, 1, 3, 3, 3, 4, 2, 6, 2, 6, 1, 4, 3, 6, 2, 4, 2, 4, 5, 5] [4, 7, 8, 4, 7, 4, 4, 8, 7, 5, 8, 4, 7, 10, 4, 4, 7, 9, 6, 5, 6, 4, 8, 5, 7, 8, 4, 7, 7, 4, 6, 3, 4, 6, 9, 7, 5, 8, 3, 5, 8, 4, 8, 7, 9, 8, 8, 7, 9, 6, 3, 5, 8, 5, 10, 5, 6, 5, 4, 8, 7, 5, 5, 6, 5, 8, 6, 8, 5, 8, 4, 7, 6, 8, 6, 7, 6, 6, 7, 8]
B_37 75.42999999999999 B 77 [3, 2, 3, 6, 2, 6, 6, 1, 4, 1, 1, 1, 3, 2, 4, 2, 1, 1, 5, 2, 4, 5, 4, 2, 2, 1, 6, 4, 6, 5, 2, 5, 1, 2, 4, 1, 1, 6, 5, 6, 5, 5, 1, 5, 3, 3, 2, 3, 6, 1, 3, 1, 6, 2, 6, 3, 2, 1, 3, 6, 3, 1, 5, 2, 2, 4, 5, 2, 2, 2, 1, 5, 6, 5, 6, 1, 4, 4, 4, 6] [5, 5, 7, 8, 5, 9, 9, 3, 7, 5, 3, 4, 6, 4, 7, 5, 4, 3, 7, 4, 8, 8, 7, 5, 6, 4, 8, 6, 9, 7, 6, 8, 3, 4, 7, 5, 3, 8, 8, 10, 8, 7, 3, 7, 6, 7, 4, 7, 8, 5, 6, 5, 8, 4, 10, 7, 4, 5, 5, 10, 5, 5, 8, 6, 6, 8, 8, 6, 5, 4, 4, 8, 8, 7, 8, 3, 6, 6, 8, 10]
B_38 80.5 B 78 [4, 5, 2, 5, 4, 5, 1, 1, 4, 4, 4, 1, 1, 6, 6, 6, 3, 3, 5, 4, 2, 2, 1, 3, 4, 5, 6, 2, 1, 6, 2, 4, 4, 2, 4, 2, 1, 4, 1, 5, 4, 5, 2, 2, 5, 2, 2, 6, 1, 4, 3, 2, 5, 2, 2, 5, 2, 3, 4, 3, 5, 2, 1, 2, 1, 5, 4, 5, 2, 6, 3, 4, 2, 5, 6, 4, 5, 4, 6, 6] [6, 8, 5, 7, 6, 9, 5, 4, 7, 8, 6, 3, 4, 9, 8, 9, 5, 5, 9, 7, 6, 5, 4, 6, 6, 9, 9, 6, 3, 8, 6, 8, 7, 4, 8, 6, 4, 7, 3, 8, 8, 7, 5, 6, 8, 6, 6, 8, 3, 7, 6, 6, 9, 4, 6, 7, 5, 7, 8, 7, 8, 4, 5, 4, 3, 7, 8, 9, 6, 10, 7, 8, 5, 8, 9, 8, 7, 8, 10, 8]
B_39 81.5 B 79 [1, 2, 6, 4, 1, 2, 4, 6, 1, 1, 4, 1, 5, 5, 1, 6, 6, 5, 5, 5, 4, 1, 1, 4, 6, 5, 3, 3, 6, 1, 5, 3, 5, 1, 4, 3, 2, 1, 1, 1, 2, 3, 6, 2, 1, 3, 1, 3, 2, 3, 4, 4, 1, 2, 6, 3, 1, 3, 6, 5, 1, 1, 2, 4, 6, 2, 6, 5, 3, 5, 3, 4, 4, 3, 3, 3, 5, 6, 6, 3] [5, 6, 8, 6, 4, 4, 8, 10, 5, 5, 6, 3, 7, 7, 5, 9, 9, 8, 9, 8, 6, 4, 3, 8, 9, 8, 7, 7, 9, 4, 7, 5, 9, 3, 7, 5, 5, 3, 5, 3, 4, 5, 10, 4, 3, 7, 4, 5, 5, 5, 8, 7, 3, 6, 10, 7, 5, 5, 8, 8, 5, 5, 6, 6, 9, 5, 10, 8, 7, 9, 7, 8, 8, 6, 6, 5, 8, 10, 8, 5]
