A_0 3.3 A 0 [5, 5, 1, 6, 3, 3, 6, 5, 4, 2, 1, 4, 2, 5, 6, 5, 2, 1, 4, 2, 6, 6, 5, 2, 2, 2, 4, 3, 1, 4, 2, 5, 1, 1, 1, 6, 4, 3, 1, 5, 2, 3, 4, 2, 2, 2, 3, 6, 1, 5, 5, 5, 5, 4, 4, 6, 6, 2, 5, 4, 4, 4, 4, 3, 6, 4, 5, 3, 2, 2, 1, 6, 2, 3, 3, 4, 2, 2, 1, 6] [6, 7, 1, 8, 3, 3, 8, 6, 4, 3, 1, 4, 2, 7, 6, 7, 2, 2, 5, 2, 7, 6, 7, 3, 3, 4, 5, 4, 3, 6, 4, 5, 1, 1, 2, 8, 6, 5, 2, 5, 3, 5, 5, 3, 3, 2, 4, 7, 2, 5, 5, 5, 6, 5, 4, 6, 6, 3, 6, 6, 5, 5, 5, 3, 7, 6, 5, 3, 3, 3, 2, 7, 3, 3, 3, 5, 4, 3, 1, 6]
A_1 6.54 A 1 [5, 3, 3, 2, 2, 6, 3, 6, 5, 6, 3, 3, 1, 1, 2, 6, 6, 2, 1, 3, 1, 5, 1, 4, 3, 4, 6, 1, 2, 6, 6, 5, 1, 4, 2, 5, 1, 1, 6, 4, 2, 6, 6, 3, 6, 1, 2, 5, 6, 3, 2, 4, 4, 4, 3, 5, 1, 1, 6, 3, 2, 2, 4, 5, 6, 5, 3, 5, 4, 6, 5, 5, 5, 1, 6, 2, 6, 3, 4, 2] [7, 5, 3, 2, 2, 8, 3, 8, 6, 8, 5, 4, 1, 1, 4, 7, 6, 3, 2, 3, 2, 6, 1, 6, 5, 4, 7, 2, 3, 7, 6, 5, 2, 5, 3, 7, 2, 1, 6, 6, 4, 8, 8, 4, 8, 3, 3, 5, 8, 3, 4, 6, 6, 5, 3, 7, 1, 1, 6, 5, 3, 3, 4, 6, 8, 6, 3, 7, 5, 8, 5, 7, 5, 3, 7, 3, 7, 3, 4, 3]
A_2 10.02 A 2 [1, 3, 6, 2, 5, 1, 1, 2, 5, 6, 1, 1, 4, 5, 2, 2, 3, 5, 6, 2, 5, 3, 5, 3, 5, 3, 6, 1, 2, 4, 3, 5, 5, 3, 2, 1, 3, 2, 6, 6, 2, 4, 4, 5, 3, 6, 1, 2, 2, 4, 4, 6, 1, 3, 2, 4, 5, 2, 4, 2, 1, 5, 6, 4, 2, 2, 5, 5, 5, 2, 5, 4, 5, 5, 1, 1, 2, 4, 6, 4] [1, 3, 7, 4, 5, 2, 2, 4, 7, 7, 3, 3, 5, 5, 2, 2, 4, 5, 6, 2, 5, 5, 7, 5, 5, 3, 7, 2, 4, 4, 3, 5, 5, 5, 2, 2, 5, 3, 7, 6, 2, 6, 4, 6, 4, 6, 2, 3, 2, 6, 6, 6, 3, 4, 3, 5, 7, 4, 4, 2, 2, 5, 6, 5, 3, 3, 6, 6, 6, 3, 6, 5, 6, 6, 3, 3, 3, 4, 8, 5]
A_3 11.1 A 3 [6, 2, 2, 5, 6, 2, 5, 2, 6, 6, 3, 5, 5, 1, 5, 6, 1, 3, 6, 6, 4, 4, 1, 1, 2, 6, 6, 6, 5, 3, 3, 4, 5, 2, 5, 4, 3, 5, 1, 5, 4, 6, 2, 5, 5, 6, 5, 1, 3, 3, 1, 2, 3, 1, 4, 4, 1, 3, 2, 5, 6, 6, 4, 5, 5, 1, 6, 4, 3, 1, 4, 5, 2, 3, 4, 4, 3, 6, 3, 3] [8, 2, 4, 6, 7, 2, 7, 2, 8, 8, 5, 6, 6, 1, 7, 8, 3, 4, 8, 7, 4, 6, 2, 1, 2, 8, 8, 8, 5, 3, 3, 5, 5, 2, 7, 4, 5, 5, 1, 5, 4, 6, 2, 7, 6, 7, 7, 2, 3, 3, 2, 4, 4, 2, 4, 4, 1, 4, 3, 7, 6, 6, 6, 5, 5, 1, 8, 6, 3, 2, 4, 7, 2, 3, 4, 6, 4, 6, 4, 4]
A_4 16.05 A 4 [3, 2, 5, 6, 3, 6, 3, 6, 6, 4, 5, 1, 3, 3, 2, 2, 2, 5, 5, 1, 1, 5, 6, 1, 2, 3, 4, 4, 6, 6, 6, 2, 5, 1, 1, 2, 1, 6, 2, 3, 3, 4, 1, 2, 5, 3, 6, 1, 3, 1, 1, 1, 1, 4, 6, 3, 2, 1, 3, 1, 2, 6, 3, 2, 5, 5, 6, 6, 1, 2, 2, 6, 4, 1, 4, 2, 5, 5, 1, 6] [3, 2, 5, 7, 4, 8, 5, 6, 7, 6, 5, 1, 4, 4, 4, 3, 2, 6, 5, 1, 3, 6, 8, 3, 3, 4, 4, 4, 7, 7, 8, 4, 5, 2, 1, 2, 2, 8, 4, 4, 5, 6, 3, 3, 7, 4, 8, 1, 5, 3, 3, 3, 2, 5, 7, 4, 4, 1, 5, 1, 3, 8, 3, 2, 5, 6, 6, 7, 1, 4, 3, 6, 4, 3, 4, 3, 7, 7, 2, 8]
A_5 17.830000000000002 A 5 [3, 6, 1, 2, 6, 2, 1, 6, 2, 6, 4, 6, 5, 2, 5, 6, 5, 2, 4, 4, 1, 2, 1, 3, 3, 5, 3, 3, 3, 4, 3, 5, 6, 1, 5, 1, 1, 2, 6, 5, 6, 2, 4, 6, 6, 4, 1, 2, 6, 5, 2, 1, 3, 1, 4, 1, 5, 4, 1, 2, 2, 1, 6, 3, 1, 1, 3, 5, 2, 3, 6, 5, 2, 3, 5, 2, 5, 5, 2, 1] [3, 8, 2, 2, 8, 2, 2, 7, 2, 7, 4, 7, 7, 2, 6, 7, 6, 2, 6, 6, 2, 3, 3, 5, 3, 5, 5, 3, 4, 6, 4, 7, 8, 1, 6, 1, 2, 2, 7, 7, 6, 4, 6, 6, 7, 5, 1, 4, 8, 5, 2, 2, 5, 1, 5, 2, 6, 4, 2, 3, 3, 1, 6, 4, 1, 3, 4, 6, 4, 4, 8, 5, 4, 5, 5, 3, 5, 6, 4, 1]
A_6 18.830000000000002 A 6 [6, 3, 1, 5, 3, 1, 1, 1, 6, 3, 2, 3, 4, 6, 4, 1, 3, 3, 3, 3, 2, 5, 2, 3, 3, 5, 2, 6, 1, 1, 4, 1, 1, 2, 2, 5, 2, 4, 2, 6, 4, 2, 1, 5, 3, 3, 5, 1, 2, 2, 1, 6, 1, 1, 3, 1, 3, 2, 5, 2, 3, 6, 5, 6, 2, 3, 4, 4, 6, 3, 3, 5, 5, 2, 2, 4, 5, 2, 5, 2] [8, 3, 2, 7, 5, 2, 3, 1, 7, 4, 2, 4, 5, 6, 5, 2, 5, 5, 4, 3, 2, 5, 4, 4, 4, 6, 3, 7, 3, 2, 4, 3, 3, 3, 3, 7, 2, 5, 3, 7, 6, 4, 1, 5, 5, 4, 6, 1, 2, 4, 1, 7, 1, 3, 4, 1, 3, 4, 6, 2, 3, 8, 5, 6, 3, 5, 4, 6, 8, 4, 4, 5, 6, 4, 3, 4, 6, 3, 6, 4]
A_7 22.94 A 7 [5, 6, 2, 2, 6, 6, 1, 2, 5, 5, 1, 3, 1, 5, 6, 2, 6, 5, 4, 6, 5, 6, 3, 3, 2, 6, 3, 6, 4, 2, 4, 1, 2, 2, 3, 5, 3, 3, 4, 2, 4, 4, 5, 6, 5, 6, 5, 2, 2, 4, 6, 6, 3, 4, 2, 3, 6, 1, 1, 2, 3, 4, 1, 6, 2, 6, 3, 1, 4, 6, 3, 3, 2, 2, 5, 2, 6, 1, 3, 1] [6, 8, 4, 2, 6, 7, 1, 2, 5, 7, 3, 4, 1, 7, 8, 2, 6, 6, 6, 8, 5, 6, 3, 4, 4, 7, 4, 7, 5, 3, 6, 3, 4, 2, 3, 5, 3, 4, 6, 3, 6, 5, 5, 6, 5, 6, 5, 2, 4, 5, 7, 7, 3, 6, 4, 5, 8, 1, 2, 3, 3, 5, 2, 7, 3, 6, 4, 1, 5, 6, 4, 5, 4, 3, 6, 4, 7, 3, 3, 3]
A_8 24.200000000000003 A 8 [4, 5, 5, 6, 6, 2, 6, 5, 2, 3, 3, 5, 3, 5, 6, 5, 6, 4, 5, 1, 6, 1, 3, 3, 5, 4, 5, 4, 1, 4, 3, 2, 4, 6, 4, 3, 4, 2, 5, 3, 3, 2, 2, 6, 4, 3, 6, 2, 5, 5, 4, 2, 2, 6, 2, 3, 1, 6, 6, 3, 2, 3, 6, 5, 1, 5, 1, 6, 1, 6, 1, 3, 2, 2, 2, 6, 3, 2, 3, 5] [4, 6, 7, 8, 7, 2, 7, 5, 4, 5, 5, 6, 3, 5, 7, 5, 7, 4, 6, 1, 8, 1, 3, 5, 5, 5, 5, 4, 1, 6, 5, 4, 6, 6, 4, 3, 4, 4, 5, 4, 4, 2, 2, 6, 5, 5, 6, 4, 7, 7, 4, 2, 3, 8, 3, 5, 1, 8, 7, 3, 4, 5, 6, 5, 1, 6, 3, 7, 3, 7, 2, 4, 3, 4, 3, 8, 5, 2, 3, 7]
A_9 27.17 A 9 [2, 6, 6, 6, 4, 6, 3, 5, 3, 2, 1, 4, 1, 1, 3, 5, 1, 6, 3, 5, 4, 1, 5, 3, 4, 2, 2, 5, 1, 5, 1, 5, 1, 6, 5, 3, 6, 1, 5, 1, 6, 1, 2, 6, 3, 1, 3, 3, 5, 4, 4, 5, 4, 2, 3, 6, 4, 4, 3, 1, 3, 2, 6, 3, 1, 1, 1, 1, 3, 3, 2, 3, 6, 3, 4, 4, 3, 1, 6, 4] [3, 8, 7, 8, 6, 7, 4, 7, 5, 3, 3, 6, 3, 2, 5, 5, 3, 6, 3, 6, 4, 3, 6, 4, 6, 4, 3, 5, 3, 6, 1, 5, 2, 8, 6, 5, 8, 1, 5, 1, 6, 1, 3, 8, 4, 1, 4, 4, 7, 6, 5, 6, 4, 3, 4, 7, 6, 5, 4, 3, 4, 4, 6, 4, 2, 2, 1, 1, 5, 3, 4, 4, 8, 3, 6, 6, 4, 3, 6, 5]
A_10 28.17 A 10 [1, 3, 1, 3, 5, 4, 2, 1, 3, 1, 6, 4, 4, 3, 4, 1, 4, 6, 6, 2, 4, 1, 4, 3, 5, 2, 6, 3, 4, 4, 5, 1, 5, 6, 4, 4, 5, 1, 4, 6, 3, 2, 6, 5, 4, 2, 2, 3, 6, 5, 2, 4, 3, 3, 3, 2, 3, 5, 5, 5, 1, 2, 1, 1, 3, 4, 2, 2, 2, 6, 5, 4, 6, 4, 3, 3, 4, 5, 4, 2] [1, 5, 3, 5, 5, 4, 2, 3, 5, 3, 6, 4, 6, 5, 4, 1, 4, 6, 7, 2, 4, 3, 6, 3, 7, 2, 6, 5, 5, 5, 5, 3, 6, 7, 5, 5, 7, 3, 5, 6, 3, 3, 6, 5, 6, 4, 3, 3, 8, 6, 2, 6, 3, 5, 4, 3, 3, 7, 6, 6, 1, 2, 1, 1, 4, 6, 3, 4, 3, 7, 7, 4, 7, 6, 4, 3, 6, 6, 5, 2]
A_11 29.82 A 11 [4, 3, 1, 5, 1, 6, 3, 3, 5, 4, 4, 6, 5, 4, 2, 1, 6, 1, 6, 1, 2, 4, 6, 3, 6, 5, 3, 4, 6, 1, 4, 1, 2, 2, 2, 6, 4, 4, 1, 2, 1, 4, 5, 6, 2, 6, 1, 5, 6, 3, 1, 1, 5, 4, 5, 3, 6, 1, 4, 6, 3, 1, 3, 6, 4, 4, 2, 4, 5, 1, 1, 6, 2, 6, 1, 3, 4, 3, 3, 6] [4, 4, 3, 6, 1, 7, 4, 4, 6, 6, 4, 6, 5, 6, 2, 3, 6, 3, 8, 2, 3, 5, 7, 3, 7, 7, 3, 5, 7, 2, 6, 2, 2, 3, 4, 8, 5, 4, 1, 2, 1, 4, 7, 7, 2, 7, 1, 5, 7, 3, 2, 2, 6, 5, 5, 4, 8, 3, 5, 6, 3, 3, 3, 6, 4, 4, 4, 4, 5, 1, 3, 6, 4, 6, 2, 4, 6, 4, 5, 6]
A_12 31.91 A 12 [2, 1, 4, 5, 3, 5, 4, 1, 3, 1, 4, 5, 3, 1, 1, 6, 6, 6, 2, 4, 1, 2, 5, 6, 5, 4, 2, 4, 6, 5, 4, 4, 3, 4, 4, 1, 3, 5, 1, 3, 4, 6, 2, 2, 3, 3, 2, 5, 5, 1, 2, 4, 4, 5, 3, 1, 4, 4, 4, 2, 5, 5, 5, 1, 6, 5, 2, 2, 3, 2, 2, 2, 4, 2, 1, 2, 3, 3, 2, 6] [2, 1, 5, 6, 4, 7, 5, 1, 3, 3, 6, 5, 5, 2, 1, 8, 6, 6, 3, 5, 3, 2, 6, 6, 6, 4, 4, 5, 7, 6, 6, 5, 3, 6, 6, 3, 4, 6, 2, 4, 6, 6, 3, 2, 3, 5, 4, 6, 7, 3, 4, 5, 5, 7, 3, 2, 6, 6, 6, 4, 6, 7, 7, 3, 7, 5, 4, 4, 5, 4, 2, 4, 5, 3, 2, 4, 5, 3, 4, 6]
A_13 32.91 A 13 [5, 1, 5, 1, 3, 2, 6, 5, 5, 1, 3, 4, 1, 2, 4, 4, 3, 3, 6, 6, 1, 2, 4, 4, 6, 1, 6, 5, 4, 2, 6, 3, 2, 4, 4, 5, 2, 2, 6, 1, 6, 5, 2, 3, 2, 6, 5, 4, 1, 6, 1, 6, 6, 2, 6, 5, 1, 6, 3, 3, 3, 1, 3, 1, 3, 1, 5, 4, 1, 2, 5, 3, 6, 6, 3, 3, 1, 1, 2, 6] [7, 1, 5, 1, 4, 2, 6, 7, 5, 2, 5, 6, 2, 4, 6, 4, 3, 5, 7, 6, 3, 3, 5, 5, 8, 1, 7, 6, 4, 3, 7, 4, 4, 4, 5, 7, 4, 4, 8, 3, 6, 7, 4, 3, 3, 6, 5, 5, 3, 6, 2, 6, 8, 3, 7, 6, 1, 7, 4, 3, 5, 2, 3, 3, 5, 1, 5, 5, 2, 2, 5, 3, 6, 7, 5, 3, 3, 3, 3, 7]
A_14 35.949999999999996 A 14 [6, 2, 2, 5, 2, 5, 4, 6, 6, 3, 4, 2, 1, 4, 1, 3, 4, 3, 4, 4, 4, 3, 2, 1, 4, 4, 2, 2, 2, 3, 6, 6, 2, 4, 2, 2, 5, 4, 6, 4, 5, 3, 3, 3, 5, 1, 5, 3, 6, 2, 3, 5, 4, 2, 6, 3, 5, 5, 1, 2, 3, 2, 2, 6, 3, 3, 3, 1, 5, 4, 5, 2, 1, 3, 2, 6, 3, 5, 6, 5] [6, 4, 2, 7, 4, 6, 5, 8, 7, 5, 4, 2, 1, 6, 1, 4, 5, 4, 4, 5, 6, 3, 3, 2, 5, 6, 2, 4, 2, 4, 8, 8, 2, 5, 2, 4, 7, 5, 6, 6, 6, 4, 3, 3, 5, 3, 7, 4, 8, 2, 5, 6, 5, 3, 7, 5, 5, 5, 3, 3, 3, 2, 2, 8, 4, 5, 4, 3, 7, 6, 5, 3, 2, 3, 2, 8, 5, 7, 6, 6]
A_15 36.949999999999996 A 15 [5, 6, 2, 6, 2, 6, 1, 2, 5, 5, 1, 1, 6, 4, 3, 5, 5, 5, 6, 6, 4, 4, 1, 2, 1, 3, 5, 5, 1, 1, 4, 1, 1, 3, 2, 1, 6, 5, 1, 1, 3, 5, 4, 5, 2, 1, 4, 3, 6, 6, 3, 1, 2, 3, 1, 6, 6, 3, 3, 2, 3, 3, 5, 1, 5, 1, 4, 6, 3, 1, 2, 2, 2, 3, 6, 1, 1, 3, 1, 5] [7, 7, 2, 8, 3, 7, 2, 2, 5, 5, 1, 3, 8, 4, 4, 5, 5, 7, 8, 6, 4, 4, 1, 3, 1, 3, 6, 6, 1, 2, 5, 1, 2, 4, 4, 2, 6, 5, 1, 3, 4, 5, 6, 6, 4, 2, 6, 4, 6, 6, 3, 2, 2, 5, 1, 7, 6, 5, 3, 4, 4, 3, 6, 2, 7, 1, 5, 6, 5, 3, 3, 4, 4, 3, 6, 2, 1, 5, 2, 7]
A_16 37.949999999999996 A 16 [2, 6, 3, 1, 2, 5, 3, 6, 6, 1, 4, 6, 6, 3, 4, 5, 5, 1, 3, 2, 4, 4, 1, 4, 4, 3, 6, 2, 6, 1, 4, 3, 1, 5, 1, 2, 1, 4, 5, 6, 5, 6, 1, 2, 5, 4, 1, 4, 6, 2, 1, 6, 3, 4, 1, 2, 4, 4, 2, 4, 3, 1, 1, 1, 5, 6, 6, 4, 2, 6, 5, 4, 3, 5, 3, 6, 4, 3, 1, 6] [2, 6, 4, 3, 2, 6, 5, 6, 7, 3, 4, 6, 6, 3, 5, 5, 7, 1, 3, 2, 6, 4, 2, 6, 4, 5, 6, 2, 6, 1, 6, 3, 2, 5, 1, 3, 1, 4, 7, 8, 5, 6, 1, 2, 5, 6, 3, 6, 8, 3, 1, 6, 3, 4, 1, 3, 4, 5, 3, 6, 5, 2, 2, 2, 7, 7, 6, 6, 3, 8, 5, 5, 4, 6, 3, 7, 5, 3, 2, 6]
A_17 38.949999999999996 A 17 [1, 2, 5, 3, 5, 2, 3, 5, 4, 6, 6, 1, 6, 3, 3, 5, 1, 3, 6, 3, 4, 3, 1, 5, 2, 1, 2, 2, 2, 4, 6, 2, 2, 3, 4, 3, 5, 4, 6, 2, 4, 4, 2, 2, 6, 4, 1, 6, 3, 5, 6, 5, 4, 1, 1, 6, 1, 3, 3, 6, 6, 3, 2, 1, 6, 6, 4, 3, 2, 4, 3, 1, 4, 2, 3, 2, 1, 5, 1, 4] [2, 3, 5, 4, 6, 2, 5, 6, 4, 6, 6, 3, 6, 5, 4, 7, 1, 4, 8, 5, 6, 3, 1, 7, 2, 2, 3, 2, 3, 6, 6, 3, 3, 5, 6, 3, 7, 5, 6, 3, 6, 6, 3, 2, 8, 6, 3, 7, 5, 5, 8, 5, 4, 2, 3, 7, 3, 5, 5, 8, 7, 5, 3, 2, 7, 7, 5, 3, 3, 4, 4, 1, 6, 3, 3, 4, 2, 6, 2, 4]
A_18 39.949999999999996 A 18 [4, 1, 6, 6, 5, 4, 3, 4, 5, 3, 6, 6, 2, 6, 4, 6, 3, 6, 3, 5, 4, 4, 4, 5, 2, 1, 1, 5, 3, 2, 5, 1, 2, 1, 2, 4, 1, 4, 3, 4, 4, 2, 3, 2, 4, 1, 3, 4, 6, 5, 5, 2, 6, 1, 5, 4, 6, 1, 4, 3, 2, 5, 4, 4, 3, 2, 6, 4, 3, 6, 2, 2, 3, 3, 4, 5, 6, 4, 6, 5] [5, 2, 6, 8, 5, 6, 4, 6, 6, 3, 7, 8, 3, 7, 4, 8, 3, 8, 4, 7, 5, 4, 6, 6, 4, 1, 2, 5, 4, 2, 5, 1, 2, 1, 3, 6, 1, 6, 3, 6, 5, 4, 3, 2, 5, 1, 4, 5, 6, 5, 5, 3, 8, 2, 7, 4, 8, 1, 5, 3, 3, 7, 5, 6, 5, 2, 7, 6, 4, 6, 3, 2, 3, 3, 6, 7, 8, 4, 6, 6]
A_19 40.949999999999996 A 19 [2, 3, 2, 6, 1, 4, 3, 6, 1, 5, 2, 1, 4, 6, 4, 6, 2, 3, 5, 1, 1, 6, 3, 6, 4, 5, 1, 1, 3, 2, 2, 1, 6, 4, 6, 5, 5, 1, 5, 3, 4, 4, 4, 5, 2, 6, 3, 6, 3, 5, 1, 5, 1, 5, 1, 5, 2, 3, 5, 3, 4, 2, 4, 5, 2, 1, 6, 4, 1, 2, 2, 3, 6, 2, 1, 6, 1, 3, 4, 4] [2, 3, 2, 7, 1, 6, 3, 8, 1, 6, 2, 2, 5, 6, 5, 6, 2, 5, 7, 1, 3, 6, 3, 6, 6, 7, 3, 1, 4, 3, 3, 3, 7, 5, 8, 6, 5, 1, 7, 3, 5, 6, 6, 5, 2, 7, 4, 6, 4, 6, 1, 7, 1, 6, 1, 6, 3, 5, 7, 3, 4, 3, 4, 6, 2, 3, 7, 4, 2, 4, 3, 3, 6, 3, 3, 6, 2, 3, 5, 4]
A_20 45.739999999999995 A 20 [6, 1, 5, 4, 1, 1, 2, 5, 6, 4, 4, 2, 1, 1, 4, 4, 4, 4, 4, 1, 4, 1, 5, 1, 2, 3, 3, 6, 2, 6, 1, 5, 4, 6, 6, 6, 1, 2, 2, 6, 2, 5, 5, 4, 2, 1, 6, 1, 1, 3, 6, 5, 1, 1, 5, 5, 6, 1, 3, 1, 2, 2, 4, 3, 4, 6, 1, 4, 3, 1, 6, 1, 5, 6, 6, 4, 4, 5, 5, 3] [7, 2, 5, 4, 3, 2, 2, 5, 8, 4, 4, 3, 3, 3, 6, 4, 6, 6, 5, 3, 5, 2, 7, 1, 2, 4, 3, 7, 2, 6, 3, 7, 4, 6, 8, 6, 2, 3, 3, 8, 3, 5, 5, 5, 4, 3, 6, 2, 2, 5, 7, 6, 2, 2, 7, 5, 6, 2, 5, 2, 3, 2, 6, 4, 5, 7, 3, 6, 4, 2, 8, 1, 7, 8, 8, 4, 5, 5, 7, 3]
A_21 46.769999999999996 A 21 [6, 5, 3, 4, 5, 2, 5, 6, 1, 1, 1, 4, 2, 2, 3, 4, 4, 3, 4, 6, 1, 3, 4, 3, 2, 3, 2, 6, 1, 6, 3, 2, 3, 3, 3, 6, 5, 6, 6, 6, 3, 6, 5, 3, 3, 4, 6, 3, 1, 4, 4, 4, 4, 1, 4, 4, 3, 5, 1, 1, 4, 1, 5, 5, 5, 4, 6, 1, 5, 5, 2, 2, 6, 3, 5, 1, 2, 3, 3, 2] [6, 6, 5, 6, 6, 3, 5, 6, 1, 3, 3, 5, 2, 3, 3, 4, 4, 3, 4, 6, 2, 4, 4, 5, 4, 3, 3, 6, 3, 8, 4, 3, 3, 3, 4, 8, 5, 7, 8, 6, 4, 7, 7, 5, 5, 6, 6, 5, 2, 5, 4, 4, 4, 3, 6, 4, 3, 5, 1, 2, 6, 2, 5, 7, 5, 6, 7, 3, 5, 5, 2, 2, 8, 5, 6, 1, 2, 5, 4, 4]
A_22 53.019999999999996 A 22 [5, 1, 5, 1, 6, 1, 2, 3, 3, 5, 4, 6, 5, 4, 2, 1, 1, 1, 4, 3, 5, 4, 2, 3, 2, 6, 3, 2, 1, 1, 2, 4, 3, 2, 6, 6, 6, 4, 2, 4, 4, 1, 4, 3, 1, 4, 5, 2, 4, 6, 1, 6, 5, 5, 4, 3, 6, 2, 6, 3, 4, 6, 6, 4, 6, 5, 4, 5, 5, 4, 1, 1, 2, 6, 2, 1, 3, 6, 5, 6] [7, 1, 7, 2, 8, 3, 4, 3, 3, 6, 6, 7, 6, 5, 3, 1, 2, 1, 6, 3, 7, 4, 4, 3, 4, 6, 3, 2, 3, 1, 2, 5, 3, 4, 8, 6, 6, 5, 4, 4, 4, 2, 4, 5, 1, 5, 6, 4, 5, 8, 1, 7, 7, 7, 5, 4, 6, 4, 7, 4, 5, 7, 6, 4, 8, 7, 5, 7, 7, 4, 1, 1, 3, 6, 3, 3, 4, 8, 7, 8]
A_23 54.019999999999996 A 23 [2, 4, 3, 1, 1, 3, 3, 3, 3, 3, 3, 3, 6, 4, 1, 2, 4, 5, 5, 6, 1, 3, 3, 4, 6, 6, 6, 1, 1, 6, 4, 2, 5, 1, 2, 6, 2, 6, 4, 5, 4, 5, 3, 2, 4, 5, 1, 1, 1, 4, 5, 1, 5, 1, 6, 5, 3, 2, 3, 3, 2, 2, 2, 4, 2, 5, 2, 1, 6, 4, 6, 3, 4, 5, 3, 6, 5, 1, 4, 3] [3, 6, 5, 1, 3, 5, 4, 4, 5, 4, 3, 3, 6, 5, 2, 3, 6, 7, 6, 6, 1, 5, 3, 6, 7, 6, 7, 3, 1, 7, 4, 2, 5, 3, 3, 6, 4, 6, 5, 6, 6, 5, 4, 2, 5, 5, 3, 1, 2, 4, 7, 2, 7, 2, 6, 5, 4, 2, 4, 3, 4, 2, 4, 4, 4, 5, 2, 2, 7, 4, 6, 5, 4, 6, 5, 8, 7, 3, 5, 4]
A_24 55.019999999999996 A 24 [2, 3, 5, 2, 2, 3, 3, 2, 5, 4, 5, 6, 5, 6, 4, 1, 4, 2, 2, 4, 2, 2, 2, 6, 5, 2, 6, 6, 1, 4, 6, 4, 5, 4, 3, 2, 5, 4, 3, 6, 6, 3, 1, 4, 2, 1, 3, 5, 5, 5, 4, 3, 5, 2, 5, 4, 2, 4, 2, 4, 1, 4, 5, 4, 3, 2, 2, 4, 1, 5, 5, 2, 6, 4, 2, 6, 5, 3, 5, 2] [3, 5, 5, 2, 3, 3, 4, 4, 5, 6, 7, 7, 6, 8, 5, 1, 4, 2, 4, 6, 2, 4, 4, 7, 6, 2, 6, 7, 3, 5, 8, 6, 6, 6, 3, 2, 6, 5, 3, 7, 7, 5, 2, 6, 4, 3, 5, 6, 7, 6, 5, 3, 5, 3, 7, 6, 2, 6, 2, 4, 2, 4, 7, 5, 4, 3, 4, 4, 1, 6, 7, 3, 7, 4, 2, 7, 5, 3, 6, 4]
A_25 56.019999999999996 A 25 [2, 4, 3, 6, 3, 5, 5, 6, 4, 2, 2, 5, 4, 1, 4, 3, 3, 1, 1, 5, 3, 3, 6, 6, 2, 1, 5, 5, 2, 1, 2, 6, 6, 2, 6, 1, 1, 5, 5, 6, 1, 2, 3, 2, 6, 6, 2, 6, 5, 5, 2, 3, 6, 6, 6, 6, 2, 3, 2, 4, 2, 3, 5, 4, 4, 1, 4, 3, 6, 1, 6, 1, 2, 6, 4, 4, 2, 6, 1, 3] [4, 4, 3, 8, 4, 5, 6, 7, 5, 4, 2, 7, 4, 1, 6, 3, 5, 2, 1, 7, 4, 3, 6, 6, 2, 2, 6, 7, 3, 1, 2, 7, 8, 4, 8, 1, 1, 7, 5, 8, 3, 2, 5, 3, 7, 6, 3, 7, 5, 7, 3, 3, 8, 7, 6, 8, 3, 4, 4, 5, 2, 3, 5, 6, 5, 2, 4, 3, 6, 3, 7, 1, 3, 7, 6, 4, 3, 8, 2, 3]
A_26 57.019999999999996 A 26 [4, 6, 6, 6, 4, 3, 2, 3, 5, 2, 6, 3, 2, 6, 2, 5, 6, 2, 1, 1, 3, 2, 3, 6, 6, 5, 1, 6, 4, 1, 3, 4, 4, 2, 3, 4, 2, 3, 6, 2, 6, 5, 2, 2, 1, 6, 6, 3, 6, 5, 3, 6, 3, 6, 4, 4, 5, 5, 5, 4, 3, 3, 1, 3, 4, 6, 1, 3, 1, 5, 2, 6, 2, 6, 1, 3, 4, 3, 4, 6] [5, 7, 7, 8, 4, 5, 3, 4, 5, 3, 6, 3, 4, 7, 2, 6, 6, 3, 2, 3, 3, 3, 3, 7, 6, 6, 1, 6, 5, 1, 3, 5, 5, 4, 5, 4, 3, 3, 7, 3, 7, 7, 4, 2, 1, 6, 7, 5, 7, 7, 3, 7, 3, 8, 5, 5, 5, 5, 6, 4, 5, 5, 3, 3, 5, 8, 3, 5, 1, 7, 4, 8, 2, 8, 1, 3, 4, 3, 5, 6]
A_27 58.4 A 27 [3, 1, 1, 6, 4, 3, 6, 6, 4, 5, 3, 4, 4, 5, 2, 5, 2, 2, 5, 1, 6, 6, 2, 1, 6, 5, 6, 5, 6, 5, 3, 4, 1, 3, 4, 1, 1, 1, 6, 2, 4, 5, 1, 5, 1, 3, 2, 2, 2, 6, 1, 4, 5, 1, 2, 2, 5, 3, 1, 2, 2, 4, 5, 4, 1, 1, 1, 1, 4, 3, 5, 6, 1, 1, 5, 4, 5, 5, 1, 3] [4, 2, 2, 8, 4, 3, 7, 7, 4, 5, 5, 5, 5, 6, 4, 6, 2, 2, 5, 1, 7, 6, 2, 3, 7, 7, 6, 7, 7, 6, 5, 6, 1, 4, 5, 3, 1, 2, 7, 3, 5, 7, 2, 5, 1, 5, 4, 2, 4, 7, 1, 4, 7, 3, 4, 2, 7, 3, 3, 2, 2, 5, 5, 5, 1, 2, 3, 1, 4, 4, 7, 8, 1, 3, 7, 5, 6, 6, 3, 5]
A_28 60.43 A 28 [1, 2, 2, 5, 6, 3, 1, 4, 1, 1, 4, 6, 6, 4, 2, 1, 6, 2, 3, 3, 2, 1, 1, 1, 1, 2, 4, 6, 6, 6, 3, 2, 5, 1, 6, 4, 3, 4, 4, 1, 2, 2, 6, 2, 1, 3, 1, 2, 5, 5, 2, 1, 1, 4, 6, 1, 1, 1, 6, 3, 1, 3, 1, 1, 2, 3, 1, 5, 2, 6, 6, 5, 1, 1, 3, 1, 2, 4, 5, 6] [3, 3, 4, 5, 7, 4, 3, 5, 1, 3, 5, 7, 7, 4, 2, 1, 6, 3, 4, 4, 2, 3, 3, 1, 3, 3, 5, 7, 7, 6, 4, 4, 5, 2, 7, 6, 4, 6, 4, 1, 2, 4, 7, 3, 2, 5, 2, 2, 5, 5, 2, 2, 3, 5, 7, 3, 1, 2, 7, 4, 1, 3, 2, 1, 2, 3, 1, 5, 3, 8, 6, 5, 2, 2, 3, 3, 3, 4, 5, 6]
A_29 61.43 A 29 [4, 6, 4, 3, 6, 4, 1, 2, 4, 5, 4, 1, 5, 2, 3, 1, 1, 4, 2, 2, 6, 6, 1, 6, 4, 1, 1, 5, 6, 4, 3, 4, 6, 1, 5, 6, 6, 1, 6, 1, 3, 4, 6, 4, 3, 1, 4, 4, 1, 4, 5, 4, 4, 4, 3, 2, 4, 5, 4, 3, 4, 1, 4, 1, 3, 2, 1, 1, 2, 2, 3, 6, 2, 1, 3, 6, 4, 2, 6, 5] [6, 7, 4, 3, 7, 6, 2, 3, 6, 6, 5, 2, 6, 3, 4, 2, 1, 6, 2, 3, 6, 8, 1, 7, 5, 1, 1, 6, 6, 5, 5, 6, 7, 2, 7, 8, 7, 2, 8, 1, 5, 6, 7, 6, 3, 1, 5, 6, 3, 6, 6, 5, 5, 4, 5, 4, 4, 7, 4, 4, 4, 3, 4, 3, 4, 3, 1, 2, 3, 3, 5, 6, 2, 3, 4, 7, 4, 3, 6, 5]
A_30 63.43 A 30 [2, 6, 3, 3, 6, 3, 4, 4, 3, 1, 5, 4, 4, 6, 6, 4, 4, 6, 5, 2, 1, 3, 2, 4, 6, 2, 3, 3, 3, 3, 5, 3, 4, 6, 1, 3, 3, 2, 6, 5, 6, 3, 4, 4, 1, 4, 6, 6, 3, 4, 6, 1, 6, 4, 2, 2, 2, 6, 1, 1, 2, 2, 2, 1, 2, 4, 6, 3, 2, 4, 1, 3, 3, 6, 3, 5, 1, 4, 3, 5] [4, 6, 3, 3, 8, 4, 4, 6, 5, 1, 5, 6, 6, 7, 8, 5, 6, 6, 5, 3, 3, 4, 2, 4, 8, 2, 3, 5, 4, 5, 7, 3, 5, 8, 2, 4, 5, 3, 8, 5, 7, 3, 4, 5, 3, 4, 6, 7, 3, 6, 7, 1, 8, 5, 4, 2, 2, 8, 2, 3, 2, 2, 3, 2, 4, 6, 7, 5, 3, 4, 3, 5, 4, 7, 3, 5, 1, 5, 3, 5]
A_31 64.43 A 31 [5, 5, 5, 4, 2, 5, 1, 1, 2, 5, 1, 1, 4, 3, 6, 1, 3, 2, 1, 1, 5, 2, 4, 2, 4, 6, 4, 4, 2, 4, 3, 5, 6, 4, 5, 3, 1, 3, 2, 4, 2, 2, 2, 3, 6, 2, 1, 5, 1, 6, 1, 2, 4, 6, 3, 3, 3, 6, 1, 5, 2, 2, 1, 3, 2, 5, 5, 5, 4, 5, 4, 1, 4, 2, 5, 2, 2, 5, 4, 5] [5, 5, 5, 5, 4, 7, 3, 3, 4, 5, 3, 2, 5, 4, 8, 1, 3, 3, 1, 3, 7, 3, 5, 2, 6, 7, 5, 6, 4, 6, 3, 5, 8, 6, 5, 4, 3, 5, 2, 6, 4, 4, 3, 5, 7, 2, 3, 7, 3, 7, 1, 4, 5, 6, 4, 4, 4, 7, 2, 5, 2, 3, 3, 5, 3, 6, 6, 6, 4, 5, 6, 2, 5, 4, 5, 2, 2, 7, 6, 5]
A_32 67.81 A 32 [1, 1, 5, 5, 5, 6, 1, 2, 4, 1, 5, 2, 3, 2, 2, 1, 1, 2, 2, 6, 4, 3, 3, 5, 5, 6, 4, 1, 5, 6, 4, 6, 4, 4, 6, 5, 2, 4, 1, 5, 6, 5, 4, 5, 2, 3, 5, 2, 6, 3, 5, 1, 6, 1, 2, 3, 4, 2, 2, 4, 2, 2, 1, 2, 2, 3, 5, 6, 4, 1, 1, 3, 6, 4, 4, 4, 1, 1, 6, 6] [1, 2, 5, 5, 5, 8, 3, 4, 6, 2, 6, 2, 3, 4, 2, 2, 2, 3, 2, 7, 4, 3, 3, 5, 6, 8, 5, 1, 5, 7, 5, 8, 4, 6, 7, 5, 4, 5, 3, 7, 6, 6, 5, 5, 4, 3, 7, 4, 7, 4, 6, 2, 7, 3, 4, 4, 4, 2, 2, 4, 3, 4, 1, 2, 3, 5, 5, 7, 6, 2, 1, 3, 6, 5, 4, 6, 1, 1, 7, 7]
A_33 78.74000000000001 A 33 [1, 4, 3, 2, 1, 1, 2, 2, 6, 6, 6, 2, 4, 4, 4, 3, 5, 3, 1, 4, 6, 3, 2, 1, 4, 2, 2, 3, 1, 1, 6, 4, 4, 1, 2, 2, 2, 2, 3, 3, 6, 2, 4, 4, 2, 5, 2, 5, 3, 4, 5, 3, 6, 4, 5, 2, 5, 1, 1, 4, 5, 3, 2, 4, 1, 5, 2, 1, 3, 3, 5, 5, 2, 1, 2, 5, 6, 4, 3, 6] [1, 5, 5, 2, 2, 1, 3, 2, 6, 8, 7, 3, 6, 4, 5, 4, 5, 5, 1, 5, 6, 3, 4, 3, 6, 4, 4, 4, 2, 2, 8, 6, 6, 2, 2, 4, 4, 2, 3, 4, 6, 3, 6, 5, 2, 7, 2, 6, 4, 4, 6, 4, 6, 5, 6, 2, 6, 3, 3, 4, 6, 3, 4, 5, 3, 6, 2, 3, 3, 5, 6, 7, 4, 3, 3, 6, 8, 5, 4, 7]
A_34 84.18 A 34 [1, 2, 2, 5, 1, 5, 2, 3, 4, 5, 4, 2, 4, 4, 2, 2, 1, 4, 2, 6, 6, 3, 6, 2, 3, 6, 3, 4, 6, 5, 1, 5, 6, 2, 5, 1, 3, 2, 4, 4, 5, 3, 5, 3, 4, 1, 1, 6, 1, 4, 3, 4, 5, 4, 1, 1, 6, 2, 1, 1, 4, 6, 5, 5, 3, 6, 4, 6, 1, 4, 4, 3, 2, 2, 2, 6, 1, 1, 1, 2] [2, 3, 2, 7, 1, 6, 3, 3, 4, 6, 5, 4, 6, 5, 2, 4, 1, 6, 3, 8, 8, 4, 8, 3, 3, 8, 5, 5, 7, 7, 2, 5, 7, 2, 6, 3, 5, 3, 5, 6, 6, 5, 7, 4, 6, 2, 2, 6, 3, 6, 4, 6, 5, 5, 3, 3, 7, 3, 3, 2, 5, 8, 7, 5, 3, 8, 6, 7, 1, 6, 4, 3, 4, 4, 4, 6, 1, 2, 1, 2]
A_35 88.61000000000001 A 35 [6, 5, 1, 4, 2, 1, 5, 5, 3, 3, 4, 6, 1, 5, 2, 1, 2, 3, 4, 5, 6, 6, 6, 6, 2, 1, 4, 1, 4, 6, 3, 3, 5, 2, 1, 5, 2, 2, 1, 3, 5, 2, 1, 3, 4, 2, 2, 5, 2, 5, 6, 3, 6, 4, 2, 4, 1, 5, 4, 5, 6, 3, 6, 6, 4, 6, 1, 1, 1, 6, 2, 3, 2, 5, 6, 2, 6, 1, 6, 1] [8, 7, 2, 4, 2, 1, 7, 5, 3, 5, 5, 8, 3, 7, 4, 2, 3, 3, 6, 6, 6, 8, 6, 6, 2, 1, 4, 3, 6, 8, 4, 4, 5, 4, 3, 6, 4, 4, 1, 5, 6, 3, 2, 4, 4, 4, 2, 5, 3, 5, 8, 3, 6, 4, 2, 5, 1, 6, 5, 5, 8, 5, 7, 8, 4, 7, 2, 2, 2, 8, 2, 3, 3, 6, 8, 3, 7, 2, 7, 3]
A_36 96.23000000000002 A 36 [4, 1, 3, 3, 1, 1, 2, 3, 4, 6, 5, 4, 3, 2, 5, 6, 1, 5, 1, 5, 1, 5, 6, 2, 5, 1, 2, 1, 3, 6, 3, 1, 2, 2, 3, 2, 1, 2, 1, 1, 4, 3, 5, 5, 1, 1, 3, 6, 3, 6, 5, 4, 3, 1, 5, 6, 3, 1, 3, 1, 4, 1, 3, 2, 6, 5, 2, 5, 6, 3, 4, 3, 2, 3, 1, 3, 4, 6, 1, 3] [6, 2, 5, 5, 2, 2, 2, 3, 4, 8, 7, 5, 4, 4, 7, 6, 1, 7, 1, 5, 2, 5, 6, 4, 6, 1, 3, 1, 4, 7, 5, 3, 4, 4, 5, 4, 2, 3, 1, 1, 4, 5, 7, 5, 3, 3, 3, 6, 5, 7, 5, 5, 5, 2, 7, 8, 5, 2, 3, 1, 5, 1, 4, 2, 8, 7, 3, 6, 8, 5, 6, 5, 2, 3, 2, 4, 6, 7, 3, 3]
A_37 98.43000000000002 A 37 [3, 1, 2, 5, 6, 2, 4, 3, 2, 1, 1, 4, 5, 2, 4, 5, 4, 4, 4, 1, 2, 6, 4, 6, 4, 5, 3, 1, 4, 1, 2, 3, 4, 2, 2, 2, 2, 2, 2, 3, 3, 4, 6, 5, 1, 5, 1, 6, 2, 5, 2, 6, 2, 4, 1, 3, 6, 5, 2, 3, 3, 3, 2, 2, 6, 1, 6, 1, 1, 1, 3, 1, 5, 5, 4, 4, 5, 4, 1, 3] [5, 1, 3, 5, 8, 2, 5, 4, 4, 1, 3, 4, 6, 4, 5, 5, 4, 5, 6, 1, 3, 7, 5, 6, 5, 7, 3, 2, 6, 2, 3, 5, 5, 2, 3, 4, 3, 4, 4, 5, 3, 6, 7, 7, 1, 6, 2, 8, 2, 5, 4, 6, 3, 5, 2, 5, 6, 7, 3, 4, 3, 3, 4, 3, 7, 2, 8, 1, 1, 2, 5, 1, 6, 5, 4, 5, 7, 4, 3, 3]
A_38 99.43000000000002 A 38 [1, 6, 6, 1, 2, 6, 2, 4, 5, 5, 4, 1, 1, 6, 6, 1, 5, 6, 3, 5, 2, 6, 2, 4, 3, 5, 6, 6, 4, 6, 6, 2, 1, 3, 4, 1, 1, 2, 6, 3, 3, 1, 4, 6, 2, 2, 1, 6, 3, 4, 1, 1, 1, 4, 6, 2, 1, 4, 5, 2, 3, 3, 3, 4, 1, 2, 5, 5, 2, 1, 6, 4, 4, 2, 2, 1, 6, 5, 1, 6] [2, 6, 7, 1, 4, 7, 3, 6, 5, 5, 5, 1, 2, 8, 6, 1, 7, 6, 3, 7, 3, 8, 4, 5, 3, 5, 7, 7, 4, 8, 8, 2, 3, 3, 5, 1, 1, 4, 7, 3, 5, 2, 6, 6, 4, 2, 1, 6, 4, 6, 1, 2, 1, 6, 7, 3, 2, 4, 6, 2, 5, 5, 5, 6, 3, 2, 7, 6, 4, 1, 8, 5, 4, 3, 2, 1, 6, 7, 3, 8]
A_39 100.43000000000002 A 39 [5, 4, 6, 5, 3, 5, 6, 2, 3, 1, 6, 2, 3, 1, 4, 1, 6, 2, 4, 3, 6, 6, 4, 5, 6, 6, 2, 2, 1, 1, 5, 4, 5, 3, 4, 3, 1, 3, 3, 6, 1, 6, 6, 4, 3, 1, 4, 5, 4, 4, 4, 3, 4, 5, 1, 3, 6, 6, 2, 2, 3, 2, 1, 1, 3, 5, 1, 4, 1, 5, 4, 4, 4, 4, 3, 4, 6, 3, 4, 3] [5, 6, 6, 5, 4, 7, 7, 3, 4, 1, 6, 2, 4, 3, 6, 3, 8, 3, 6, 3, 8, 6, 4, 6, 7, 8, 3, 3, 1, 1, 5, 6, 7, 4, 6, 5, 1, 5, 3, 6, 3, 8, 7, 4, 4, 3, 6, 7, 5, 5, 4, 5, 5, 6, 3, 3, 7, 6, 4, 2, 4, 3, 3, 2, 3, 6, 3, 6, 1, 7, 6, 4, 4, 6, 5, 4, 8, 3, 4, 5]
B_0 3.94 B 40 [2, 2, 2, 4, 3, 6, 4, 4, 3, 6, 3, 1, 4, 6, 5, 3, 5, 4, 4, 4, 2, 3, 4, 4, 6, 1, 6, 4, 2, 3, 6, 2, 6, 6, 5, 5, 4, 3, 3, 1, 2, 1, 6, 3, 3, 5, 5, 3, 3, 1, 2, 4, 4, 1, 1, 6, 2, 5, 5, 3, 5, 6, 5, 1, 6, 5, 6, 5, 3, 6, 2, 5, 4, 1, 5, 1, 3, 3, 3, 3] [3, 4, 2, 4, 5, 6, 6, 6, 4, 6, 3, 1, 6, 6, 6, 4, 5, 6, 5, 5, 3, 4, 4, 6, 7, 3, 7, 5, 2, 5, 7, 4, 6, 6, 6, 6, 4, 3, 5, 3, 3, 1, 7, 4, 3, 5, 7, 5, 4, 2, 2, 4, 4, 1, 3, 6, 4, 5, 6, 3, 6, 8, 6, 1, 8, 5, 7, 5, 4, 6, 3, 6, 6, 3, 5, 2, 4, 4, 3, 4]
B_1 5.33 B 41 [3, 6, 4, 6, 4, 2, 2, 4, 2, 1, 2, 4, 6, 5, 3, 5, 6, 4, 2, 4, 5, 6, 1, 5, 3, 2, 5, 5, 2, 4, 3, 2, 5, 2, 3, 2, 3, 4, 1, 6, 1, 4, 6, 5, 3, 5, 2, 5, 5, 5, 2, 5, 6, 6, 3, 3, 2, 5, 3, 4, 4, 4, 3, 2, 5, 4, 4, 4, 2, 5, 1, 4, 3, 1, 5, 1, 1, 2, 2, 3] [5, 8, 6, 6, 6, 4, 4, 5, 2, 1, 3, 4, 6, 7, 4, 5, 6, 6, 4, 6, 5, 7, 2, 5, 5, 2, 7, 7, 4, 6, 3, 4, 6, 3, 5, 3, 5, 6, 2, 8, 1, 5, 7, 7, 3, 7, 2, 7, 7, 7, 2, 5, 7, 7, 4, 4, 2, 7, 4, 6, 5, 4, 5, 3, 7, 5, 5, 6, 3, 7, 1, 5, 4, 3, 7, 3, 1, 4, 2, 5]
B_2 7.83 B 42 [4, 6, 4, 2, 1, 4, 1, 5, 2, 2, 6, 5, 2, 2, 3, 4, 1, 2, 3, 4, 5, 5, 4, 3, 1, 3, 2, 1, 6, 6, 4, 2, 4, 4, 5, 1, 5, 6, 4, 6, 6, 6, 1, 2, 1, 6, 5, 6, 4, 4, 3, 4, 3, 4, 1, 4, 6, 3, 1, 1, 2, 3, 2, 1, 1, 3, 4, 3, 1, 4, 2, 5, 2, 6, 1, 1, 4, 2, 2, 6] [5, 8, 4, 2, 3, 6, 1, 5, 2, 3, 6, 7, 3, 4, 3, 6, 1, 3, 3, 6, 5, 7, 4, 4, 2, 5, 4, 2, 7, 7, 4, 3, 5, 6, 7, 2, 7, 7, 6, 7, 7, 7, 2, 2, 1, 8, 5, 7, 6, 5, 5, 4, 3, 5, 3, 6, 6, 4, 3, 2, 2, 3, 2, 1, 2, 4, 6, 5, 3, 4, 2, 5, 3, 7, 1, 2, 5, 3, 4, 8]
B_3 11.68 B 43 [2, 3, 5, 5, 2, 6, 5, 6, 6, 6, 5, 6, 2, 3, 3, 5, 2, 2, 2, 5, 4, 3, 3, 2, 4, 2, 2, 5, 2, 4, 4, 3, 5, 4, 3, 3, 5, 5, 6, 4, 3, 5, 2, 1, 3, 4, 2, 6, 3, 2, 1, 2, 1, 2, 3, 2, 6, 6, 6, 6, 1, 5, 6, 4, 5, 3, 3, 6, 3, 1, 4, 5, 6, 1, 1, 3, 4, 6, 3, 3] [3, 4, 6, 7, 3, 6, 5, 6, 6, 8, 5, 7, 2, 3, 3, 6, 2, 2, 2, 5, 5, 5, 5, 2, 6, 3, 2, 5, 3, 6, 5, 5, 5, 5, 4, 4, 5, 7, 6, 4, 4, 7, 2, 3, 5, 5, 3, 6, 4, 3, 3, 4, 1, 3, 3, 2, 8, 6, 7, 8, 3, 5, 8, 5, 7, 3, 3, 8, 3, 3, 5, 7, 7, 2, 1, 5, 5, 8, 3, 4]
B_4 13.9 B 44 [2, 6, 3, 5, 5, 6, 3, 5, 4, 3, 4, 2, 3, 2, 5, 2, 5, 6, 4, 2, 2, 3, 1, 4, 2, 6, 1, 1, 1, 3, 1, 6, 2, 2, 4, 4, 1, 1, 2, 3, 3, 3, 1, 3, 4, 1, 5, 6, 3, 3, 4, 4, 1, 1, 6, 5, 4, 2, 1, 2, 4, 1, 5, 1, 1, 6, 2, 4, 2, 5, 2, 4, 2, 6, 3, 5, 3, 3, 1, 3] [3, 8, 4, 6, 7, 7, 5, 5, 5, 4, 6, 2, 3, 3, 5, 4, 5, 8, 5, 2, 4, 5, 1, 5, 4, 7, 1, 1, 2, 3, 3, 7, 4, 2, 6, 4, 3, 1, 4, 4, 3, 3, 1, 5, 6, 2, 7, 7, 3, 5, 6, 4, 2, 1, 8, 6, 6, 4, 2, 3, 6, 3, 7, 3, 3, 7, 3, 6, 2, 7, 4, 6, 3, 8, 3, 6, 5, 3, 3, 5]
B_5 18.04 B 45 [2, 1, 6, 6, 3, 4, 3, 6, 3, 1, 2, 6, 3, 6, 1, 1, 4, 4, 1, 6, 1, 4, 4, 5, 1, 6, 6, 3, 3, 1, 4, 2, 3, 5, 1, 2, 1, 5, 2, 1, 5, 5, 6, 4, 1, 2, 5, 3, 1, 3, 6, 4, 2, 4, 2, 2, 1, 4, 4, 5, 1, 4, 6, 4, 2, 6, 3, 5, 5, 4, 1, 5, 2, 1, 1, 2, 1, 1, 1, 2] [2, 3, 6, 7, 4, 5, 4, 6, 5, 1, 4, 7, 5, 6, 3, 2, 6, 6, 1, 7, 3, 6, 5, 5, 3, 6, 6, 5, 5, 1, 4, 2, 3, 7, 2, 4, 3, 6, 2, 3, 5, 7, 8, 5, 2, 4, 6, 5, 1, 5, 7, 5, 3, 4, 3, 2, 3, 6, 6, 5, 1, 6, 6, 5, 3, 6, 4, 5, 6, 5, 1, 6, 2, 1, 1, 4, 3, 3, 2, 2]
B_6 19.04 B 46 [3, 2, 1, 5, 6, 1, 5, 5, 6, 3, 2, 1, 2, 5, 5, 4, 1, 1, 3, 3, 6, 6, 5, 1, 3, 2, 6, 2, 1, 4, 6, 1, 5, 2, 1, 2, 3, 1, 1, 4, 5, 2, 5, 2, 5, 5, 3, 3, 2, 4, 2, 2, 6, 3, 6, 1, 6, 5, 5, 1, 1, 6, 6, 1, 4, 6, 4, 3, 5, 2, 1, 1, 6, 6, 4, 3, 6, 4, 4, 5] [4, 3, 2, 7, 8, 1, 6, 5, 6, 4, 3, 1, 4, 5, 7, 6, 3, 3, 4, 4, 6, 6, 6, 3, 5, 3, 7, 4, 2, 5, 6, 3, 7, 2, 2, 2, 3, 2, 1, 6, 7, 2, 5, 3, 7, 6, 5, 3, 3, 6, 2, 3, 8, 4, 8, 1, 8, 6, 5, 3, 2, 7, 6, 3, 5, 7, 5, 5, 6, 3, 2, 3, 7, 7, 6, 3, 7, 6, 4, 6]
B_7 23.98 B 47 [6, 5, 2, 1, 1, 2, 1, 2, 2, 3, 3, 5, 5, 4, 3, 3, 4, 6, 4, 6, 1, 3, 2, 1, 5, 6, 3, 2, 2, 4, 6, 5, 2, 5, 6, 5, 6, 6, 6, 5, 3, 5, 6, 6, 6, 3, 3, 3, 1, 4, 4, 3, 2, 5, 3, 5, 6, 1, 6, 6, 1, 2, 5, 2, 3, 1, 6, 4, 1, 5, 4, 4, 2, 4, 3, 1, 6, 5, 2, 6] [7, 5, 3, 2, 1, 4, 1, 2, 4, 4, 3, 5, 6, 5, 4, 4, 6, 7, 5, 6, 2, 5, 4, 1, 6, 7, 5, 2, 2, 6, 7, 7, 4, 6, 6, 5, 6, 8, 6, 7, 5, 7, 7, 6, 7, 5, 3, 4, 3, 4, 4, 5, 4, 6, 5, 7, 8, 3, 8, 6, 2, 2, 6, 3, 5, 3, 8, 4, 1, 6, 5, 4, 4, 5, 4, 2, 8, 7, 4, 6]
B_8 26.93 B 48 [1, 6, 2, 3, 3, 6, 2, 2, 5, 5, 6, 6, 5, 1, 6, 6, 6, 3, 6, 3, 1, 1, 4, 1, 5, 5, 6, 2, 5, 1, 3, 1, 6, 3, 1, 2, 3, 2, 3, 4, 3, 5, 4, 3, 3, 1, 2, 1, 5, 1, 3, 6, 5, 2, 6, 1, 3, 6, 2, 3, 6, 5, 5, 4, 3, 5, 6, 2, 5, 1, 1, 6, 3, 4, 4, 6, 5, 5, 1, 5] [2, 8, 2, 3, 5, 8, 2, 4, 7, 7, 8, 7, 7, 3, 8, 6, 8, 5, 6, 4, 2, 2, 5, 2, 7, 5, 7, 4, 5, 3, 3, 3, 7, 4, 3, 3, 5, 2, 4, 5, 4, 7, 6, 4, 3, 1, 3, 3, 5, 3, 4, 7, 5, 4, 6, 2, 4, 6, 4, 5, 6, 5, 7, 5, 3, 5, 6, 4, 7, 3, 2, 6, 5, 4, 4, 6, 5, 5, 2, 6]
B_9 32.269999999999996 B 49 [5, 3, 4, 3, 1, 5, 2, 4, 5, 4, 5, 3, 1, 6, 2, 6, 2, 5, 5, 5, 3, 4, 6, 4, 5, 5, 5, 6, 5, 4, 4, 6, 3, 4, 4, 5, 6, 5, 4, 4, 1, 5, 4, 2, 3, 3, 4, 4, 1, 2, 6, 6, 2, 2, 2, 3, 3, 6, 6, 2, 3, 4, 6, 6, 5, 5, 3, 4, 5, 3, 2, 1, 4, 4, 2, 3, 3, 3, 1, 2] [5, 3, 6, 3, 3, 5, 4, 5, 7, 6, 6, 3, 3, 6, 2, 6, 3, 5, 5, 6, 5, 5, 8, 4, 6, 7, 7, 7, 5, 6, 6, 7, 4, 4, 6, 5, 7, 5, 6, 5, 2, 7, 5, 3, 5, 5, 6, 4, 3, 3, 6, 6, 4, 2, 4, 4, 4, 6, 7, 4, 4, 4, 8, 6, 6, 6, 5, 6, 6, 5, 2, 1, 6, 4, 3, 5, 5, 4, 1, 3]
B_10 33.269999999999996 B 50 [5, 2, 4, 1, 1, 2, 1, 6, 4, 4, 2, 1, 2, 1, 3, 3, 1, 6, 5, 1, 6, 4, 1, 5, 4, 2, 3, 1, 2, 5, 6, 1, 5, 5, 3, 6, 5, 2, 1, 4, 2, 2, 3, 1, 4, 6, 2, 4, 3, 6, 4, 5, 6, 5, 3, 6, 1, 6, 2, 3, 4, 1, 1, 1, 4, 6, 4, 5, 1, 1, 4, 1, 1, 6, 5, 1, 1, 5, 5, 4] [5, 4, 6, 2, 3, 2, 1, 7, 4, 5, 2, 2, 4, 2, 5, 3, 1, 8, 5, 1, 7, 4, 1, 7, 5, 3, 3, 1, 2, 6, 7, 1, 6, 6, 4, 8, 5, 4, 1, 4, 2, 2, 5, 3, 6, 7, 2, 4, 4, 6, 6, 6, 7, 6, 3, 6, 1, 6, 3, 3, 5, 3, 1, 3, 4, 6, 5, 7, 3, 3, 6, 1, 2, 6, 6, 2, 2, 7, 7, 5]
B_11 35.559999999999995 B 51 [5, 4, 6, 2, 1, 1, 6, 6, 2, 5, 4, 1, 4, 6, 5, 1, 6, 5, 2, 5, 5, 4, 6, 1, 3, 3, 6, 4, 1, 4, 1, 2, 1, 3, 4, 3, 4, 6, 1, 3, 4, 5, 4, 2, 4, 4, 2, 3, 6, 6, 5, 2, 5, 6, 6, 4, 2, 1, 3, 2, 6, 2, 1, 5, 4, 3, 4, 1, 6, 1, 3, 1, 6, 5, 1, 1, 2, 6, 4, 4] [5, 6, 6, 4, 3, 2, 7, 7, 2, 6, 6, 2, 5, 6, 6, 2, 6, 5, 3, 7, 6, 4, 7, 2, 3, 3, 7, 4, 2, 5, 1, 4, 2, 4, 6, 3, 5, 6, 2, 5, 4, 5, 4, 4, 4, 5, 3, 5, 7, 6, 6, 2, 6, 6, 8, 5, 2, 2, 3, 4, 8, 3, 1, 6, 5, 5, 6, 3, 8, 1, 4, 3, 8, 6, 3, 1, 3, 8, 5, 6]
B_12 36.559999999999995 B 52 [5, 4, 1, 3, 1, 3, 1, 3, 2, 4, 3, 5, 4, 6, 4, 2, 3, 4, 6, 1, 1, 4, 5, 5, 5, 6, 3, 5, 1, 4, 6, 4, 6, 6, 5, 6, 3, 2, 1, 4, 4, 6, 3, 1, 1, 2, 6, 2, 5, 2, 6, 5, 1, 5, 1, 6, 2, 2, 5, 1, 2, 2, 2, 3, 2, 3, 5, 4, 1, 1, 2, 1, 5, 4, 5, 2, 1, 1, 6, 5] [6, 6, 3, 4, 2, 5, 1, 3, 3, 4, 3, 6, 5, 8, 5, 2, 3, 4, 8, 1, 2, 4, 7, 7, 5, 8, 3, 7, 3, 5, 8, 5, 7, 6, 5, 6, 5, 3, 1, 5, 4, 7, 3, 1, 2, 3, 8, 4, 5, 4, 7, 6, 2, 5, 2, 8, 3, 3, 6, 3, 2, 4, 2, 5, 3, 5, 5, 6, 2, 2, 3, 3, 5, 6, 6, 4, 2, 1, 8, 7]
B_13 38.809999999999995 B 53 [4, 4, 3, 1, 4, 1, 1, 4, 6, 2, 3, 4, 5, 2, 2, 3, 4, 1, 1, 5, 1, 1, 5, 1, 2, 6, 6, 1, 4, 4, 4, 6, 1, 4, 4, 4, 1, 4, 4, 5, 1, 6, 4, 2, 1, 4, 3, 5, 2, 2, 5, 6, 5, 1, 6, 4, 1, 4, 1, 5, 3, 3, 5, 3, 5, 5, 4, 3, 4, 6, 5, 4, 3, 3, 1, 2, 4, 4, 6, 3] [5, 5, 4, 2, 5, 1, 3, 6, 8, 3, 5, 5, 7, 3, 3, 5, 4, 2, 2, 6, 2, 3, 7, 2, 3, 7, 8, 3, 5, 4, 5, 6, 3, 5, 5, 4, 2, 5, 6, 6, 1, 7, 5, 3, 1, 4, 4, 6, 4, 2, 6, 6, 5, 3, 8, 6, 1, 5, 2, 7, 5, 3, 5, 4, 6, 7, 4, 4, 6, 6, 7, 4, 5, 5, 2, 4, 4, 5, 6, 5]
B_14 40.97 B 54 [4, 3, 2, 4, 6, 4, 3, 2, 2, 3, 3, 5, 3, 6, 6, 1, 1, 1, 5, 1, 5, 4, 4, 6, 5, 6, 4, 2, 6, 3, 2, 3, 2, 5, 1, 2, 5, 1, 6, 1, 1, 3, 1, 3, 6, 2, 6, 3, 6, 2, 3, 6, 1, 6, 5, 5, 4, 2, 5, 2, 5, 1, 4, 1, 2, 4, 2, 5, 6, 4, 2, 2, 3, 1, 1, 5, 6, 3, 5, 4] [4, 3, 3, 4, 7, 5, 4, 4, 3, 4, 4, 5, 3, 7, 7, 1, 1, 3, 7, 1, 7, 6, 5, 6, 7, 6, 5, 4, 7, 5, 4, 4, 4, 6, 3, 2, 7, 2, 7, 3, 3, 4, 3, 3, 8, 3, 8, 5, 6, 4, 3, 8, 2, 8, 6, 7, 4, 3, 6, 3, 7, 3, 4, 2, 4, 6, 3, 7, 8, 6, 3, 3, 3, 3, 2, 6, 7, 3, 6, 5]
B_15 41.97 B 55 [6, 5, 4, 4, 3, 1, 1, 3, 3, 6, 2, 3, 1, 5, 3, 6, 2, 6, 4, 5, 5, 4, 3, 5, 4, 6, 4, 2, 1, 2, 2, 3, 3, 2, 1, 4, 6, 3, 2, 3, 6, 3, 4, 2, 5, 2, 1, 5, 1, 3, 6, 4, 6, 4, 5, 2, 5, 2, 5, 1, 6, 1, 6, 4, 6, 4, 4, 5, 6, 1, 5, 5, 4, 6, 2, 3, 1, 3, 1, 5] [6, 7, 5, 4, 4, 2, 1, 5, 5, 7, 3, 4, 2, 6, 5, 7, 3, 7, 4, 6, 5, 4, 4, 5, 6, 8, 5, 2, 3, 4, 2, 4, 4, 2, 3, 5, 8, 5, 3, 3, 6, 4, 6, 2, 6, 2, 1, 7, 2, 4, 6, 5, 8, 6, 7, 2, 6, 3, 6, 2, 8, 2, 8, 6, 7, 6, 5, 7, 8, 3, 6, 5, 6, 8, 4, 3, 2, 4, 2, 7]
B_16 42.97 B 56 [6, 1, 5, 1, 2, 5, 3, 6, 1, 4, 3, 6, 4, 1, 5, 6, 4, 1, 6, 2, 6, 3, 6, 3, 2, 2, 5, 5, 1, 4, 2, 3, 4, 5, 6, 1, 3, 6, 1, 6, 2, 2, 6, 6, 4, 1, 6, 6, 3, 3, 1, 2, 2, 1, 4, 5, 3, 5, 3, 2, 3, 2, 6, 2, 4, 1, 1, 6, 6, 3, 2, 6, 3, 4, 6, 1, 3, 1, 4, 3] [6, 1, 7, 1, 4, 6, 3, 8, 1, 6, 3, 8, 6, 1, 5, 6, 4, 3, 8, 3, 6, 3, 6, 4, 2, 3, 5, 7, 1, 4, 2, 4, 4, 6, 7, 1, 5, 6, 2, 7, 4, 2, 6, 8, 6, 3, 8, 8, 4, 4, 1, 2, 3, 1, 4, 6, 3, 6, 5, 4, 5, 3, 8, 2, 6, 1, 1, 8, 8, 3, 3, 8, 5, 4, 7, 3, 3, 1, 5, 3]
B_17 46.339999999999996 B 57 [2, 1, 2, 3, 1, 4, 2, 1, 6, 4, 5, 1, 4, 6, 5, 3, 4, 3, 1, 3, 1, 5, 2, 2, 4, 3, 5, 3, 1, 5, 6, 6, 2, 1, 2, 5, 1, 5, 4, 6, 5, 5, 3, 6, 2, 4, 5, 1, 6, 6, 6, 1, 2, 4, 2, 2, 5, 4, 6, 4, 1, 4, 2, 5, 5, 2, 5, 5, 3, 2, 4, 4, 5, 2, 2, 2, 2, 3, 6, 2] [3, 1, 4, 4, 1, 4, 4, 1, 8, 5, 7, 3, 6, 7, 5, 5, 5, 5, 1, 5, 2, 5, 4, 2, 6, 4, 5, 3, 2, 7, 8, 7, 2, 3, 3, 6, 2, 7, 4, 6, 5, 7, 4, 6, 4, 6, 6, 3, 6, 6, 6, 2, 3, 5, 3, 3, 6, 5, 8, 5, 2, 5, 4, 5, 7, 3, 5, 6, 5, 2, 5, 6, 7, 4, 2, 2, 2, 5, 8, 4]
B_18 47.559999999999995 B 58 [5, 6, 4, 2, 3, 1, 5, 1, 6, 3, 5, 4, 4, 3, 1, 3, 2, 3, 4, 5, 3, 1, 6, 3, 2, 2, 5, 1, 6, 4, 1, 1, 2, 1, 1, 4, 3, 2, 5, 2, 5, 3, 1, 6, 1, 4, 5, 6, 2, 6, 2, 3, 5, 1, 5, 5, 3, 6, 2, 4, 3, 5, 5, 1, 4, 1, 3, 3, 5, 6, 1, 1, 4, 5, 1, 3, 5, 3, 4, 5] [6, 6, 4, 3, 5, 2, 6, 2, 7, 4, 6, 5, 6, 4, 3, 3, 3, 5, 5, 7, 5, 1, 7, 4, 2, 4, 6, 3, 7, 4, 2, 2, 2, 3, 3, 5, 3, 3, 6, 4, 6, 4, 3, 7, 2, 6, 5, 8, 4, 7, 3, 3, 6, 2, 6, 6, 5, 8, 4, 5, 5, 6, 6, 1, 6, 2, 4, 4, 7, 6, 3, 3, 4, 7, 3, 3, 5, 4, 5, 5]
B_19 50.67999999999999 B 59 [4, 3, 2, 5, 1, 2, 2, 2, 3, 1, 5, 6, 2, 3, 2, 2, 4, 6, 3, 3, 1, 1, 3, 3, 4, 4, 4, 2, 3, 3, 1, 5, 4, 4, 1, 5, 1, 3, 2, 2, 3, 4, 1, 6, 2, 5, 1, 6, 3, 2, 3, 2, 1, 5, 2, 1, 2, 4, 4, 5, 4, 1, 2, 5, 4, 4, 6, 1, 2, 2, 1, 5, 5, 4, 2, 6, 2, 6, 6, 6] [6, 5, 2, 7, 1, 3, 2, 3, 3, 3, 6, 6, 4, 3, 3, 4, 6, 8, 3, 3, 2, 2, 4, 3, 4, 5, 4, 2, 4, 4, 3, 5, 4, 4, 2, 5, 1, 4, 2, 2, 3, 6, 2, 8, 3, 5, 3, 6, 5, 4, 3, 4, 3, 7, 3, 2, 4, 5, 5, 7, 6, 3, 3, 6, 4, 4, 8, 3, 3, 4, 2, 5, 6, 4, 2, 6, 2, 6, 8, 8]
B_20 56.879999999999995 B 60 [4, 2, 1, 6, 2, 2, 3, 3, 2, 3, 1, 3, 5, 3, 3, 3, 3, 6, 2, 4, 2, 4, 4, 2, 1, 2, 3, 2, 1, 4, 2, 2, 2, 5, 4, 6, 4, 3, 3, 3, 5, 4, 2, 1, 4, 1, 1, 1, 6, 3, 4, 6, 2, 3, 5, 6, 3, 1, 3, 4, 5, 6, 3, 3, 1, 6, 3, 5, 4, 3, 3, 6, 3, 1, 5, 3, 4, 1, 4, 4] [5, 3, 2, 6, 3, 3, 3, 3, 4, 4, 1, 3, 6, 5, 3, 4, 5, 7, 3, 4, 3, 6, 5, 4, 2, 2, 5, 2, 1, 4, 2, 2, 3, 6, 5, 8, 5, 3, 5, 4, 6, 5, 2, 3, 6, 1, 2, 2, 6, 4, 5, 8, 2, 5, 7, 8, 5, 2, 5, 6, 7, 6, 4, 3, 2, 8, 3, 5, 5, 3, 4, 6, 3, 1, 5, 3, 6, 2, 4, 5]
B_21 61.05 B 61 [4, 2, 5, 6, 6, 1, 6, 4, 3, 2, 2, 1, 5, 1, 2, 3, 1, 3, 5, 2, 2, 1, 6, 2, 4, 3, 3, 4, 3, 1, 2, 2, 2, 3, 6, 3, 1, 3, 3, 2, 6, 4, 3, 5, 1, 4, 6, 2, 5, 4, 1, 2, 2, 3, 1, 1, 2, 4, 5, 1, 6, 5, 1, 6, 1, 3, 4, 6, 6, 1, 2, 2, 5, 6, 2, 1, 2, 6, 2, 2] [5, 3, 5, 6, 8, 1, 8, 5, 5, 4, 2, 3, 7, 2, 2, 3, 2, 5, 7, 3, 2, 2, 7, 2, 4, 3, 5, 5, 3, 3, 2, 3, 4, 3, 8, 5, 1, 3, 5, 3, 8, 4, 3, 5, 3, 6, 7, 2, 5, 4, 3, 3, 4, 3, 3, 2, 3, 5, 6, 3, 6, 7, 1, 6, 1, 5, 6, 7, 7, 1, 2, 3, 7, 7, 4, 3, 3, 7, 4, 4]
B_22 63.51 B 62 [4, 4, 6, 4, 3, 6, 5, 1, 6, 6, 1, 3, 5, 3, 2, 5, 1, 2, 4, 4, 4, 5, 6, 2, 5, 5, 1, 5, 1, 4, 2, 1, 1, 2, 5, 6, 3, 2, 3, 1, 5, 3, 2, 6, 5, 6, 6, 5, 5, 6, 1, 1, 2, 5, 4, 6, 6, 2, 5, 2, 3, 1, 2, 2, 2, 3, 6, 1, 6, 5, 3, 1, 6, 5, 4, 1, 5, 1, 1, 4] [5, 4, 6, 6, 3, 6, 5, 2, 6, 6, 1, 3, 7, 3, 2, 6, 2, 3, 5, 4, 6, 5, 6, 4, 7, 5, 3, 5, 2, 4, 3, 3, 1, 4, 7, 7, 4, 4, 5, 3, 6, 5, 2, 8, 7, 6, 6, 6, 7, 8, 1, 1, 2, 5, 4, 8, 8, 4, 6, 3, 4, 1, 2, 4, 2, 5, 6, 1, 7, 7, 4, 3, 7, 5, 6, 1, 5, 3, 1, 4]
B_23 66.98 B 63 [3, 5, 4, 5, 2, 3, 6, 6, 5, 3, 1, 6, 1, 1, 6, 1, 1, 1, 4, 5, 3, 5, 4, 4, 4, 4, 3, 4, 1, 1, 1, 3, 2, 4, 5, 6, 2, 2, 4, 1, 1, 2, 1, 4, 1, 4, 1, 2, 4, 6, 1, 5, 3, 3, 1, 4, 2, 5, 1, 5, 3, 6, 2, 4, 6, 5, 1, 4, 3, 6, 4, 2, 4, 4, 2, 1, 6, 5, 5, 2] [3, 6, 5, 5, 2, 4, 6, 7, 5, 4, 1, 6, 3, 3, 8, 2, 2, 2, 6, 6, 4, 7, 4, 4, 5, 6, 3, 5, 1, 3, 2, 5, 2, 5, 5, 8, 2, 3, 6, 2, 1, 3, 1, 5, 3, 5, 3, 3, 5, 6, 3, 6, 5, 4, 2, 6, 2, 5, 1, 6, 3, 6, 4, 4, 8, 5, 2, 6, 4, 7, 4, 3, 5, 6, 4, 2, 6, 7, 7, 4]
B_24 73.69 B 64 [6, 6, 2, 5, 5, 1, 2, 2, 1, 1, 3, 4, 6, 3, 3, 5, 5, 6, 3, 2, 4, 5, 6, 2, 3, 4, 4, 1, 2, 3, 2, 2, 2, 1, 3, 4, 6, 6, 1, 3, 6, 5, 1, 5, 1, 2, 4, 3, 3, 5, 4, 4, 2, 5, 2, 6, 4, 5, 4, 4, 1, 1, 2, 6, 5, 2, 5, 5, 4, 3, 2, 4, 5, 1, 5, 5, 4, 4, 4, 1] [7, 8, 3, 5, 5, 1, 3, 3, 1, 2, 4, 4, 7, 5, 4, 7, 7, 7, 5, 2, 5, 5, 8, 4, 4, 5, 5, 1, 2, 4, 4, 3, 3, 3, 3, 4, 8, 7, 3, 3, 8, 7, 2, 7, 3, 3, 5, 5, 3, 6, 4, 5, 3, 6, 4, 7, 6, 7, 6, 4, 2, 1, 2, 8, 6, 2, 5, 5, 4, 5, 2, 5, 5, 2, 5, 5, 6, 4, 4, 2]
B_25 75.35 B 65 [4, 5, 2, 1, 5, 1, 3, 6, 5, 1, 4, 4, 5, 1, 3, 1, 6, 6, 2, 1, 6, 4, 5, 5, 2, 1, 6, 1, 3, 2, 4, 5, 3, 5, 6, 6, 5, 1, 2, 5, 5, 4, 3, 3, 6, 6, 6, 1, 5, 5, 6, 3, 3, 5, 4, 4, 1, 2, 1, 4, 6, 3, 3, 5, 2, 6, 4, 3, 3, 2, 4, 6, 1, 3, 2, 4, 3, 6, 2, 4] [6, 6, 3, 1, 6, 3, 5, 6, 6, 2, 6, 4, 5, 1, 5, 1, 7, 7, 2, 3, 7, 6, 7, 5, 3, 2, 8, 2, 3, 3, 6, 6, 5, 6, 8, 7, 7, 2, 2, 6, 5, 5, 4, 3, 7, 6, 7, 3, 5, 6, 6, 5, 5, 7, 6, 6, 1, 3, 2, 4, 8, 5, 5, 5, 2, 6, 4, 5, 4, 2, 6, 7, 3, 4, 4, 6, 3, 6, 2, 6]
B_26 76.35 B 66 [5, 3, 5, 6, 6, 3, 4, 3, 1, 1, 2, 2, 2, 5, 3, 4, 6, 4, 6, 6, 1, 6, 4, 2, 2, 4, 1, 1, 1, 1, 6, 5, 5, 2, 4, 1, 2, 6, 5, 1, 6, 4, 4, 3, 2, 3, 4, 6, 6, 3, 4, 4, 5, 4, 2, 4, 1, 5, 3, 6, 3, 4, 6, 1, 5, 4, 5, 2, 3, 1, 5, 4, 4, 4, 4, 5, 4, 6, 3, 5] [5, 3, 6, 8, 6, 4, 4, 4, 3, 1, 3, 4, 4, 5, 4, 5, 6, 5, 7, 7, 3, 7, 5, 2, 4, 4, 3, 3, 1, 1, 7, 6, 5, 2, 6, 2, 3, 8, 7, 3, 7, 5, 6, 3, 3, 4, 5, 8, 6, 5, 5, 6, 5, 4, 3, 5, 1, 5, 4, 8, 3, 6, 6, 2, 5, 4, 6, 2, 4, 1, 6, 4, 6, 5, 4, 6, 4, 7, 3, 7]
B_27 77.35 B 67 [3, 5, 5, 4, 6, 5, 4, 1, 6, 1, 2, 4, 2, 4, 1, 6, 4, 3, 4, 4, 4, 1, 5, 1, 4, 3, 3, 1, 5, 1, 3, 5, 6, 1, 6, 1, 5, 1, 5, 4, 5, 4, 3, 6, 4, 5, 3, 4, 2, 4, 5, 1, 4, 3, 5, 5, 6, 5, 3, 1, 5, 6, 1, 4, 5, 3, 2, 5, 5, 6, 1, 1, 4, 4, 2, 2, 6, 5, 2, 1] [3, 7, 6, 6, 7, 6, 6, 1, 7, 1, 4, 4, 4, 5, 3, 6, 6, 3, 6, 4, 6, 3, 7, 2, 4, 3, 5, 1, 5, 2, 5, 6, 7, 3, 7, 2, 6, 1, 6, 6, 5, 6, 5, 8, 6, 5, 5, 4, 4, 6, 7, 3, 6, 4, 7, 7, 8, 6, 4, 3, 5, 7, 1, 6, 5, 5, 2, 6, 5, 6, 1, 1, 4, 5, 2, 3, 8, 7, 3, 1]
B_28 78.89999999999999 B 68 [2, 4, 5, 3, 1, 2, 6, 4, 1, 3, 2, 5, 3, 1, 5, 3, 2, 2, 3, 1, 3, 5, 5, 6, 1, 6, 1, 4, 2, 2, 2, 4, 4, 3, 1, 1, 6, 1, 2, 1, 3, 2, 1, 3, 2, 5, 5, 1, 5, 5, 1, 6, 1, 4, 6, 6, 6, 3, 5, 2, 4, 6, 6, 3, 4, 3, 3, 5, 1, 3, 5, 5, 3, 3, 3, 1, 1, 6, 1, 2] [3, 5, 6, 3, 1, 4, 8, 5, 3, 5, 3, 5, 5, 2, 7, 5, 3, 3, 4, 2, 4, 5, 7, 7, 1, 6, 1, 4, 3, 3, 3, 4, 6, 3, 1, 2, 8, 1, 4, 1, 4, 3, 3, 3, 2, 6, 6, 1, 7, 6, 3, 8, 2, 6, 8, 8, 8, 5, 7, 3, 5, 7, 7, 4, 4, 4, 4, 5, 1, 4, 7, 7, 3, 3, 5, 3, 1, 6, 2, 3]
B_29 81.67999999999999 B 69 [2, 6, 2, 1, 2, 3, 3, 6, 6, 3, 6, 1, 2, 2, 4, 1, 6, 4, 6, 2, 1, 5, 4, 4, 5, 1, 5, 3, 6, 2, 4, 5, 1, 3, 4, 6, 3, 1, 1, 5, 6, 5, 4, 1, 5, 4, 2, 5, 1, 3, 1, 1, 1, 6, 4, 1, 3, 2, 6, 2, 3, 1, 5, 6, 3, 2, 1, 6, 3, 6, 1, 4, 5, 1, 4, 4, 5, 5, 4, 6] [3, 8, 3, 2, 4, 4, 4, 6, 7, 3, 7, 1, 4, 2, 6, 3, 8, 4, 6, 4, 2, 5, 4, 4, 6, 3, 7, 4, 8, 3, 4, 5, 2, 5, 6, 8, 5, 2, 1, 7, 6, 7, 4, 3, 7, 5, 3, 6, 3, 5, 3, 1, 2, 6, 6, 3, 3, 2, 6, 4, 3, 1, 7, 7, 5, 2, 1, 6, 4, 7, 3, 6, 5, 1, 6, 6, 6, 6, 4, 6]
B_30 83.58 B 70 [1, 5, 5, 4, 2, 6, 3, 3, 1, 2, 5, 1, 2, 5, 5, 2, 5, 3, 2, 2, 6, 2, 1, 6, 5, 6, 2, 5, 6, 3, 1, 4, 1, 5, 4, 2, 4, 3, 6, 4, 2, 1, 2, 4, 2, 1, 1, 4, 1, 2, 4, 3, 2, 5, 2, 5, 2, 4, 1, 1, 3, 2, 3, 4, 2, 4, 5, 1, 5, 1, 3, 4, 2, 6, 4, 3, 5, 3, 2, 6] [2, 5, 6, 4, 3, 8, 4, 4, 2, 4, 7, 3, 2, 5, 5, 3, 5, 4, 3, 3, 8, 2, 1, 6, 7, 7, 4, 7, 6, 5, 3, 6, 1, 6, 4, 2, 6, 5, 8, 6, 3, 1, 2, 5, 4, 1, 2, 5, 2, 2, 6, 4, 3, 7, 3, 6, 3, 5, 3, 2, 4, 2, 4, 4, 2, 6, 6, 1, 7, 3, 3, 4, 2, 6, 5, 4, 7, 3, 3, 6]
B_31 84.58 B 71 [6, 5, 4, 5, 6, 5, 5, 3, 3, 3, 4, 6, 2, 3, 2, 2, 4, 1, 2, 3, 1, 2, 1, 3, 2, 1, 6, 6, 5, 6, 3, 1, 3, 5, 3, 3, 3, 1, 4, 4, 5, 4, 5, 5, 4, 5, 1, 4, 6, 1, 1, 1, 1, 4, 2, 5, 6, 4, 1, 5, 6, 2, 1, 2, 4, 6, 4, 1, 5, 4, 4, 4, 6, 4, 4, 3, 4, 5, 1, 2] [7, 7, 5, 7, 6, 5, 5, 5, 4, 4, 4, 6, 4, 3, 3, 4, 5, 1, 2, 3, 1, 2, 1, 5, 3, 1, 8, 8, 5, 6, 5, 2, 3, 7, 3, 3, 5, 1, 5, 4, 6, 5, 5, 7, 6, 6, 3, 4, 6, 1, 1, 3, 3, 4, 3, 5, 8, 6, 3, 5, 6, 3, 3, 3, 5, 7, 4, 1, 7, 6, 4, 4, 8, 5, 5, 5, 6, 7, 1, 4]
B_32 87.99 B 72 [2, 5, 5, 2, 4, 2, 5, 2, 2, 6, 6, 2, 4, 6, 1, 2, 3, 4, 3, 6, 5, 6, 2, 4, 6, 2, 2, 1, 1, 2, 3, 4, 6, 2, 2, 2, 2, 5, 4, 4, 4, 3, 2, 6, 2, 2, 6, 2, 3, 4, 1, 6, 5, 3, 3, 4, 3, 5, 4, 5, 3, 5, 6, 4, 5, 1, 4, 4, 3, 5, 2, 6, 3, 6, 6, 6, 1, 3, 6, 5] [3, 5, 6, 2, 4, 4, 6, 4, 3, 8, 7, 4, 5, 6, 2, 4, 4, 6, 3, 6, 7, 8, 3, 4, 7, 3, 2, 1, 2, 2, 4, 5, 6, 4, 4, 3, 2, 6, 4, 4, 6, 4, 3, 7, 3, 2, 7, 4, 5, 6, 2, 8, 5, 5, 3, 6, 5, 7, 4, 6, 3, 7, 7, 5, 5, 3, 6, 4, 3, 5, 2, 8, 5, 8, 8, 8, 2, 3, 8, 6]
B_33 88.99 B 73 [3, 1, 5, 3, 1, 3, 2, 2, 2, 3, 4, 6, 2, 6, 3, 3, 5, 2, 3, 2, 6, 3, 6, 5, 4, 6, 6, 1, 1, 1, 6, 2, 4, 1, 2, 5, 3, 5, 2, 4, 1, 1, 6, 1, 6, 1, 6, 4, 4, 4, 6, 5, 4, 3, 1, 6, 4, 2, 5, 4, 1, 6, 5, 4, 1, 3, 4, 4, 3, 1, 6, 4, 6, 4, 1, 3, 2, 2, 5, 3] [3, 3, 6, 3, 3, 5, 4, 3, 4, 3, 6, 6, 3, 7, 3, 3, 6, 3, 3, 3, 8, 5, 6, 6, 4, 7, 8, 3, 2, 3, 7, 4, 5, 3, 4, 6, 3, 5, 3, 6, 3, 3, 7, 2, 8, 1, 7, 5, 4, 4, 6, 6, 6, 5, 3, 8, 4, 4, 7, 4, 1, 7, 5, 6, 2, 4, 5, 5, 3, 1, 6, 5, 8, 6, 2, 3, 4, 4, 5, 5]
B_34 90.80999999999999 B 74 [3, 6, 1, 4, 4, 5, 2, 5, 2, 4, 3, 1, 1, 3, 2, 6, 3, 3, 4, 1, 6, 5, 2, 3, 2, 4, 1, 5, 3, 3, 3, 5, 4, 2, 2, 6, 1, 4, 2, 3, 5, 5, 1, 1, 3, 1, 4, 3, 4, 2, 5, 1, 5, 1, 1, 2, 6, 2, 1, 2, 5, 2, 4, 2, 5, 2, 4, 2, 3, 4, 4, 4, 6, 1, 1, 4, 1, 2, 4, 6] [3, 7, 3, 4, 4, 5, 3, 6, 3, 6, 4, 2, 2, 5, 2, 6, 3, 3, 6, 3, 8, 6, 3, 5, 2, 6, 1, 7, 3, 4, 3, 5, 4, 3, 4, 8, 2, 4, 2, 5, 5, 7, 1, 1, 3, 1, 6, 4, 4, 3, 6, 3, 6, 2, 2, 4, 7, 2, 3, 2, 5, 4, 6, 4, 5, 4, 4, 2, 5, 6, 5, 5, 8, 2, 3, 4, 3, 4, 6, 6]
B_35 92.1 B 75 [4, 2, 1, 4, 2, 2, 4, 2, 6, 4, 3, 3, 2, 3, 6, 1, 6, 2, 5, 6, 4, 1, 1, 6, 6, 4, 3, 4, 1, 6, 5, 2, 4, 5, 6, 2, 3, 4, 1, 4, 1, 1, 1, 3, 5, 2, 3, 1, 6, 3, 1, 1, 2, 2, 5, 3, 1, 2, 3, 6, 3, 1, 1, 1, 5, 4, 5, 2, 1, 4, 3, 3, 6, 3, 4, 3, 4, 4, 1, 4] [5, 3, 3, 6, 3, 3, 4, 4, 8, 6, 3, 4, 4, 3, 8, 2, 7, 4, 7, 6, 4, 1, 3, 8, 7, 4, 3, 5, 3, 7, 5, 2, 6, 6, 6, 3, 4, 5, 1, 4, 2, 3, 2, 5, 6, 4, 3, 2, 6, 5, 2, 1, 4, 4, 6, 3, 3, 2, 3, 6, 3, 3, 1, 2, 5, 6, 6, 3, 3, 6, 4, 5, 8, 3, 4, 4, 6, 4, 3, 5]
B_36 97.28 B 76 [2, 6, 2, 3, 5, 5, 5, 6, 3, 3, 4, 4, 3, 1, 3, 1, 4, 1, 6, 1, 4, 2, 3, 5, 5, 2, 4, 5, 2, 4, 1, 2, 1, 6, 1, 6, 4, 5, 6, 6, 3, 1, 4, 4, 3, 1, 6, 6, 5, 3, 1, 2, 1, 4, 6, 1, 3, 2, 5, 2, 4, 2, 5, 6, 4, 3, 4, 6, 1, 5, 5, 4, 1, 2, 1, 4, 2, 6, 5, 4] [4, 7, 3, 4, 7, 5, 6, 7, 5, 4, 6, 6, 5, 3, 5, 1, 5, 2, 8, 2, 5, 2, 4, 7, 5, 3, 4, 6, 3, 4, 1, 2, 1, 8, 1, 7, 6, 7, 6, 8, 4, 1, 5, 5, 5, 3, 7, 8, 5, 5, 2, 3, 2, 4, 7, 2, 3, 2, 5, 2, 6, 3, 5, 6, 6, 3, 4, 8, 1, 6, 7, 6, 2, 4, 3, 6, 2, 8, 7, 4]
B_37 98.28 B 77 [2, 3, 4, 6, 5, 5, 2, 1, 2, 1, 5, 3, 3, 1, 5, 3, 3, 5, 4, 3, 5, 3, 6, 1, 3, 6, 3, 5, 4, 2, 4, 5, 1, 4, 1, 1, 6, 4, 5, 3, 3, 2, 2, 6, 3, 1, 4, 5, 5, 3, 5, 6, 1, 4, 3, 3, 1, 3, 3, 6, 1, 6, 1, 5, 4, 6, 6, 5, 6, 5, 3, 5, 3, 2, 2, 4, 6, 4, 3, 4] [3, 3, 4, 6, 7, 6, 3, 3, 2, 3, 6, 4, 3, 3, 7, 5, 3, 6, 4, 3, 5, 5, 8, 3, 3, 8, 3, 6, 4, 3, 5, 7, 1, 5, 2, 2, 7, 4, 7, 3, 4, 4, 3, 8, 3, 3, 6, 7, 5, 4, 7, 8, 1, 5, 3, 4, 1, 5, 4, 6, 2, 7, 3, 7, 4, 6, 7, 7, 6, 6, 3, 7, 3, 4, 4, 4, 8, 6, 3, 4]
B_38 105.58 B 78 [1, 4, 6, 3, 1, 2, 5, 3, 3, 6, 4, 3, 2, 2, 6, 1, 1, 1, 6, 4, 5, 3, 5, 4, 5, 1, 4, 1, 5, 6, 3, 4, 6, 3, 1, 6, 1, 1, 1, 4, 3, 2, 2, 3, 1, 1, 4, 2, 1, 1, 5, 4, 6, 6, 5, 1, 4, 6, 4, 6, 4, 2, 1, 5, 4, 2, 3, 2, 1, 4, 2, 1, 6, 5, 4, 1, 5, 3, 5, 5] [1, 4, 8, 4, 2, 4, 6, 3, 3, 6, 5, 5, 4, 3, 6, 2, 2, 2, 6, 5, 7, 4, 7, 5, 6, 2, 5, 3, 5, 6, 3, 6, 7, 4, 1, 7, 3, 3, 3, 4, 3, 2, 4, 3, 3, 2, 4, 4, 2, 1, 7, 5, 8, 6, 6, 2, 5, 8, 5, 8, 4, 4, 1, 7, 4, 2, 3, 3, 2, 4, 3, 1, 8, 5, 6, 3, 7, 3, 5, 6]
B_39 106.58 B 79 [6, 2, 4, 3, 6, 1, 2, 1, 5, 4, 2, 6, 6, 6, 5, 5, 6, 4, 5, 4, 3, 2, 6, 3, 2, 3, 6, 3, 6, 5, 5, 5, 6, 6, 2, 1, 3, 3, 6, 3, 3, 3, 6, 3, 3, 2, 5, 6, 5, 2, 4, 4, 5, 3, 4, 5, 3, 2, 5, 6, 4, 2, 4, 2, 1, 4, 5, 1, 2, 6, 6, 2, 5, 3, 6, 4, 4, 4, 5, 5] [6, 3, 5, 4, 8, 1, 4, 3, 7, 5, 2, 6, 6, 7, 6, 7, 6, 4, 6, 4, 3, 4, 8, 4, 4, 3, 6, 5, 6, 5, 5, 5, 7, 7, 2, 3, 3, 3, 8, 5, 4, 5, 8, 4, 5, 2, 6, 6, 6, 3, 5, 6, 7, 5, 5, 7, 3, 4, 5, 8, 5, 4, 4, 4, 2, 6, 7, 1, 3, 6, 6, 4, 6, 5, 6, 5, 4, 4, 6, 6]
