A_0 1 A 0 [3, 4, 2, 1, 1, 5, 2, 5, 4, 3, 6, 6, 2, 3, 1, 3, 1, 2, 4, 1, 2, 6, 6, 1, 5, 5, 2, 1, 2, 4, 2, 1, 4, 1, 1, 5, 4, 3, 3, 2, 1, 3, 1, 2, 1, 4, 1, 6, 4, 2, 1, 2, 5, 6, 4, 6, 3, 5, 5, 3, 2, 2, 6, 6, 4, 4, 3, 3, 3, 1, 5, 4, 6, 6, 2, 6, 1, 2, 4, 1] [4, 5, 4, 3, 2, 6, 3, 6, 6, 4, 8, 7, 2, 4, 3, 4, 2, 4, 6, 3, 2, 7, 8, 3, 7, 6, 2, 2, 3, 6, 3, 1, 4, 3, 3, 5, 6, 5, 3, 4, 3, 4, 2, 4, 1, 4, 1, 8, 5, 3, 1, 3, 7, 6, 5, 8, 3, 5, 5, 3, 4, 2, 6, 8, 6, 6, 5, 5, 3, 2, 7, 5, 8, 6, 2, 7, 2, 4, 6, 1]
A_1 3.66 A 1 [4, 5, 1, 1, 6, 3, 6, 2, 2, 6, 3, 2, 4, 3, 1, 6, 2, 6, 1, 1, 6, 6, 5, 5, 1, 4, 1, 4, 2, 1, 5, 4, 2, 4, 5, 1, 2, 5, 6, 3, 6, 5, 1, 1, 1, 1, 3, 1, 3, 3, 2, 1, 4, 5, 4, 4, 5, 2, 5, 3, 4, 2, 4, 6, 3, 1, 6, 5, 3, 2, 4, 5, 1, 4, 5, 6, 1, 5, 5, 3] [5, 7, 1, 2, 7, 5, 6, 2, 2, 8, 4, 2, 5, 5, 2, 7, 2, 8, 1, 1, 6, 6, 6, 6, 1, 6, 2, 6, 3, 3, 5, 5, 3, 4, 7, 3, 3, 6, 8, 3, 8, 5, 2, 1, 1, 3, 3, 3, 5, 4, 2, 2, 4, 6, 5, 5, 6, 3, 6, 4, 6, 2, 6, 6, 5, 2, 7, 7, 4, 2, 5, 6, 2, 6, 6, 8, 2, 5, 5, 4]
A_2 8.2 A 2 [2, 1, 5, 2, 4, 2, 2, 4, 4, 6, 6, 3, 4, 4, 3, 5, 4, 3, 2, 5, 5, 3, 2, 1, 4, 2, 5, 2, 2, 2, 4, 1, 1, 1, 6, 5, 5, 4, 5, 3, 3, 3, 3, 1, 5, 1, 2, 2, 3, 1, 6, 3, 3, 1, 3, 3, 5, 3, 3, 6, 6, 5, 1, 3, 6, 5, 6, 4, 5, 6, 6, 6, 6, 3, 1, 1, 4, 6, 6, 3] [4, 1, 6, 4, 6, 3, 3, 5, 4, 6, 7, 3, 5, 4, 4, 5, 4, 5, 4, 6, 5, 3, 3, 1, 4, 4, 6, 3, 4, 2, 4, 2, 2, 3, 8, 5, 5, 4, 5, 4, 4, 3, 4, 1, 5, 3, 4, 4, 4, 2, 6, 5, 4, 3, 4, 4, 6, 5, 5, 7, 7, 7, 3, 3, 7, 5, 7, 6, 7, 8, 7, 6, 8, 3, 1, 3, 6, 7, 8, 5]
A_3 11.45 A 3 [1, 1, 2, 2, 6, 4, 2, 1, 3, 2, 2, 5, 1, 2, 1, 3, 3, 2, 1, 3, 6, 1, 1, 4, 4, 5, 4, 6, 2, 1, 6, 4, 4, 3, 2, 3, 1, 1, 6, 2, 2, 2, 1, 3, 6, 1, 5, 3, 5, 5, 1, 1, 4, 2, 5, 5, 5, 6, 1, 2, 5, 5, 3, 2, 5, 1, 6, 6, 1, 1, 3, 4, 5, 5, 6, 4, 3, 3, 6, 6] [3, 2, 4, 4, 7, 5, 4, 2, 3, 4, 2, 7, 2, 3, 1, 5, 5, 3, 3, 4, 8, 2, 3, 6, 5, 6, 4, 7, 4, 2, 6, 6, 5, 5, 2, 4, 1, 2, 8, 3, 2, 3, 1, 5, 8, 3, 7, 3, 6, 7, 2, 1, 6, 4, 6, 6, 5, 8, 2, 2, 7, 7, 3, 4, 6, 2, 7, 7, 1, 3, 4, 5, 7, 7, 6, 5, 3, 5, 7, 6]
A_4 14.57 A 4 [1, 6, 4, 6, 4, 6, 4, 4, 5, 2, 2, 5, 4, 5, 3, 4, 2, 4, 1, 1, 6, 6, 6, 4, 6, 1, 4, 6, 2, 6, 3, 5, 5, 1, 2, 4, 4, 1, 3, 2, 1, 3, 6, 6, 2, 1, 2, 5, 3, 5, 4, 5, 5, 4, 2, 2, 4, 6, 5, 3, 4, 3, 3, 6, 3, 6, 4, 2, 6, 1, 3, 3, 1, 3, 4, 2, 6, 3, 1, 4] [2, 7, 6, 7, 5, 8, 5, 6, 6, 2, 3, 5, 6, 5, 3, 4, 3, 6, 2, 2, 7, 6, 7, 6, 8, 2, 6, 8, 4, 7, 5, 7, 5, 2, 3, 6, 6, 1, 3, 2, 3, 3, 6, 7, 4, 2, 2, 5, 3, 6, 6, 5, 7, 4, 3, 4, 5, 7, 7, 5, 5, 5, 4, 7, 4, 8, 6, 2, 7, 1, 3, 4, 1, 5, 4, 2, 7, 5, 3, 4]
A_5 15.57 A 5 [5, 3, 2, 4, 6, 4, 6, 2, 5, 5, 6, 1, 2, 4, 6, 2, 2, 1, 5, 5, 4, 4, 4, 5, 6, 2, 2, 2, 5, 3, 5, 1, 6, 6, 6, 4, 6, 2, 4, 3, 5, 2, 5, 6, 3, 1, 1, 5, 3, 4, 6, 6, 3, 6, 5, 2, 5, 2, 3, 3, 5, 4, 1, 4, 4, 3, 5, 1, 2, 6, 1, 1, 4, 2, 2, 2, 6, 3, 5, 2] [6, 5, 3, 5, 8, 5, 8, 4, 5, 5, 8, 1, 4, 5, 6, 2, 4, 2, 5, 6, 6, 6, 5, 5, 8, 2, 2, 3, 7, 5, 6, 3, 7, 7, 7, 6, 6, 3, 4, 3, 7, 2, 7, 6, 4, 2, 2, 5, 4, 6, 7, 8, 4, 7, 6, 3, 5, 3, 5, 3, 5, 6, 3, 6, 4, 5, 7, 1, 4, 8, 2, 2, 5, 3, 4, 2, 6, 3, 5, 2]
A_6 24.16 A 6 [2, 6, 2, 2, 4, 6, 5, 1, 4, 3, 2, 3, 6, 6, 1, 5, 5, 1, 5, 1, 2, 1, 2, 1, 5, 2, 1, 2, 5, 3, 3, 4, 4, 4, 2, 6, 3, 1, 4, 4, 3, 5, 3, 2, 5, 2, 6, 1, 1, 5, 5, 2, 1, 5, 5, 2, 6, 3, 6, 3, 2, 3, 1, 6, 3, 2, 4, 5, 3, 3, 5, 2, 1, 2, 2, 5, 2, 2, 5, 3] [3, 6, 3, 4, 5, 8, 7, 3, 6, 5, 4, 3, 8, 6, 3, 5, 5, 1, 7, 1, 3, 3, 3, 2, 6, 4, 1, 2, 7, 4, 5, 5, 4, 5, 2, 8, 3, 3, 5, 4, 5, 5, 3, 2, 5, 3, 7, 1, 2, 7, 7, 2, 3, 5, 5, 2, 7, 4, 8, 3, 2, 3, 2, 7, 4, 2, 4, 5, 5, 4, 5, 3, 3, 4, 3, 5, 2, 2, 6, 3]
A_7 26.92 A 7 [5, 2, 4, 1, 4, 2, 1, 4, 4, 2, 5, 3, 3, 6, 6, 5, 2, 4, 1, 2, 6, 6, 4, 4, 5, 6, 2, 2, 5, 1, 5, 1, 5, 1, 3, 5, 6, 5, 3, 6, 4, 1, 4, 5, 4, 1, 4, 3, 2, 2, 3, 3, 6, 3, 5, 4, 5, 6, 1, 4, 3, 5, 4, 6, 3, 4, 3, 6, 3, 3, 4, 5, 5, 5, 6, 3, 1, 6, 6, 3] [6, 2, 5, 2, 6, 4, 3, 4, 6, 2, 7, 4, 5, 6, 7, 6, 4, 4, 2, 4, 7, 8, 5, 4, 5, 6, 3, 4, 7, 3, 5, 3, 5, 1, 5, 7, 6, 5, 5, 6, 4, 1, 6, 5, 5, 3, 4, 5, 4, 2, 3, 3, 7, 5, 7, 4, 5, 6, 2, 5, 5, 5, 5, 8, 4, 5, 3, 6, 3, 4, 5, 6, 6, 6, 7, 3, 3, 8, 6, 5]
A_8 31.580000000000002 A 8 [4, 2, 4, 3, 5, 5, 4, 4, 6, 2, 1, 2, 5, 4, 5, 6, 6, 6, 2, 5, 6, 1, 5, 2, 6, 2, 4, 1, 5, 6, 2, 4, 6, 1, 2, 4, 2, 4, 1, 5, 1, 6, 3, 6, 2, 5, 5, 1, 5, 6, 5, 3, 2, 4, 3, 3, 2, 2, 2, 4, 2, 6, 1, 5, 5, 3, 3, 6, 1, 2, 5, 4, 3, 2, 2, 1, 6, 4, 3, 2] [6, 2, 4, 3, 6, 5, 6, 6, 6, 4, 3, 2, 5, 6, 7, 8, 7, 8, 3, 7, 6, 2, 5, 4, 6, 4, 5, 2, 7, 6, 4, 4, 6, 2, 3, 6, 2, 6, 3, 5, 2, 8, 3, 7, 4, 5, 5, 1, 5, 7, 7, 3, 3, 6, 4, 3, 4, 3, 4, 6, 2, 7, 3, 5, 6, 4, 3, 6, 2, 2, 5, 5, 3, 4, 2, 3, 8, 5, 4, 2]
A_9 34.4 A 9 [3, 6, 6, 2, 2, 5, 3, 2, 2, 1, 6, 6, 1, 6, 6, 6, 5, 1, 4, 4, 5, 3, 5, 6, 2, 5, 2, 1, 2, 1, 5, 5, 6, 4, 3, 6, 3, 5, 5, 2, 6, 3, 1, 2, 3, 2, 5, 1, 2, 4, 1, 2, 4, 3, 4, 6, 6, 2, 4, 5, 1, 3, 5, 2, 5, 6, 4, 4, 2, 4, 6, 2, 3, 5, 6, 2, 3, 1, 2, 4] [4, 8, 6, 4, 2, 5, 5, 2, 4, 2, 7, 8, 3, 7, 8, 7, 7, 3, 6, 5, 7, 5, 5, 7, 3, 7, 4, 3, 2, 2, 6, 5, 7, 6, 3, 6, 5, 5, 6, 2, 8, 4, 3, 2, 4, 3, 7, 1, 2, 4, 2, 4, 6, 4, 5, 8, 6, 4, 4, 7, 1, 3, 7, 3, 7, 6, 4, 6, 4, 4, 8, 4, 5, 7, 7, 4, 4, 1, 3, 5]
A_10 37.12 A 10 [6, 3, 6, 2, 2, 6, 2, 5, 1, 6, 1, 2, 1, 6, 1, 5, 2, 3, 2, 1, 4, 6, 3, 1, 3, 2, 6, 4, 4, 5, 1, 2, 5, 6, 6, 5, 4, 2, 3, 1, 6, 3, 6, 1, 4, 3, 2, 3, 4, 2, 2, 1, 4, 3, 2, 6, 2, 2, 2, 4, 2, 5, 5, 1, 4, 2, 5, 5, 3, 1, 1, 1, 3, 1, 4, 5, 5, 5, 6, 3] [8, 4, 7, 2, 3, 8, 4, 7, 3, 7, 1, 2, 1, 6, 3, 6, 3, 5, 2, 2, 4, 6, 3, 1, 5, 2, 7, 6, 5, 7, 2, 3, 6, 6, 6, 6, 5, 3, 5, 3, 6, 5, 7, 2, 6, 4, 4, 5, 5, 4, 2, 2, 4, 3, 2, 6, 4, 3, 2, 6, 2, 6, 7, 2, 4, 3, 6, 7, 5, 2, 1, 3, 5, 1, 6, 6, 6, 5, 7, 5]
A_11 38.12 A 11 [6, 2, 3, 5, 5, 1, 3, 3, 2, 6, 2, 1, 5, 4, 5, 1, 2, 2, 2, 5, 1, 3, 4, 3, 2, 3, 1, 1, 4, 1, 2, 4, 6, 2, 4, 1, 1, 1, 3, 3, 2, 6, 2, 3, 3, 4, 6, 3, 6, 4, 1, 6, 3, 2, 2, 2, 4, 6, 4, 5, 6, 5, 2, 4, 3, 4, 6, 4, 2, 3, 3, 6, 1, 1, 3, 4, 4, 1, 5, 1] [7, 2, 3, 7, 5, 1, 3, 4, 2, 8, 2, 1, 5, 6, 7, 3, 2, 2, 4, 6, 1, 5, 4, 5, 3, 3, 3, 2, 6, 2, 4, 4, 8, 3, 6, 2, 3, 3, 5, 3, 3, 6, 3, 3, 3, 6, 8, 5, 8, 5, 1, 7, 3, 2, 3, 3, 4, 8, 6, 7, 8, 7, 2, 5, 5, 5, 7, 4, 2, 3, 3, 6, 2, 2, 3, 4, 6, 3, 5, 2]
A_12 39.39 A 12 [2, 4, 4, 1, 4, 2, 6, 3, 5, 1, 1, 5, 4, 6, 4, 1, 5, 3, 4, 3, 2, 1, 3, 3, 5, 5, 2, 3, 6, 1, 2, 2, 3, 3, 5, 3, 5, 5, 3, 2, 4, 1, 1, 6, 5, 6, 2, 6, 5, 2, 2, 2, 5, 2, 2, 1, 1, 1, 1, 5, 1, 3, 3, 1, 2, 6, 2, 6, 1, 6, 2, 3, 4, 6, 4, 2, 1, 1, 1, 3] [2, 5, 5, 2, 6, 4, 8, 5, 5, 3, 1, 5, 6, 7, 4, 1, 5, 5, 5, 5, 3, 1, 4, 3, 6, 6, 2, 3, 6, 1, 4, 2, 4, 4, 5, 3, 7, 7, 5, 4, 5, 3, 3, 6, 7, 8, 4, 6, 5, 2, 2, 2, 7, 4, 4, 2, 1, 2, 3, 7, 3, 4, 3, 3, 2, 7, 3, 6, 1, 8, 2, 3, 6, 6, 4, 3, 1, 3, 1, 4]
A_13 41.37 A 13 [3, 3, 4, 2, 5, 4, 6, 6, 4, 6, 6, 4, 6, 5, 3, 5, 3, 5, 1, 6, 1, 6, 4, 3, 5, 1, 5, 1, 2, 5, 3, 5, 4, 5, 1, 6, 2, 4, 5, 5, 2, 6, 5, 1, 1, 1, 4, 1, 3, 2, 1, 3, 3, 5, 4, 3, 3, 5, 2, 6, 3, 5, 2, 2, 6, 1, 3, 4, 2, 4, 6, 5, 1, 2, 5, 3, 3, 6, 1, 6] [4, 5, 4, 3, 5, 5, 6, 6, 6, 7, 6, 6, 7, 7, 4, 5, 4, 5, 3, 8, 3, 6, 5, 5, 7, 2, 7, 1, 2, 6, 3, 5, 4, 5, 2, 8, 3, 6, 7, 5, 3, 7, 5, 2, 3, 3, 5, 1, 3, 2, 3, 5, 3, 7, 5, 5, 4, 7, 3, 6, 5, 7, 3, 3, 7, 1, 4, 5, 2, 4, 6, 5, 3, 3, 5, 3, 5, 7, 1, 8]
A_14 42.419999999999995 A 14 [1, 1, 3, 1, 3, 6, 1, 6, 5, 6, 1, 5, 4, 3, 2, 5, 5, 6, 1, 1, 4, 1, 1, 5, 5, 6, 6, 3, 1, 1, 3, 2, 3, 6, 2, 2, 3, 4, 6, 4, 6, 6, 3, 5, 6, 3, 4, 4, 6, 6, 4, 3, 5, 3, 6, 3, 3, 3, 5, 6, 6, 3, 3, 6, 1, 4, 4, 1, 3, 5, 3, 2, 6, 6, 2, 2, 6, 3, 5, 2] [3, 2, 4, 1, 3, 6, 3, 7, 7, 8, 3, 7, 4, 4, 2, 7, 7, 6, 2, 2, 5, 1, 1, 7, 6, 7, 7, 3, 1, 3, 5, 4, 5, 8, 3, 3, 5, 5, 6, 4, 7, 7, 5, 5, 6, 4, 5, 6, 8, 6, 5, 4, 6, 3, 6, 5, 4, 3, 5, 7, 7, 5, 3, 7, 3, 6, 4, 2, 3, 6, 4, 4, 8, 6, 2, 4, 8, 5, 6, 4]
A_15 43.46999999999999 A 15 [3, 6, 5, 3, 4, 2, 5, 5, 6, 6, 5, 1, 1, 5, 5, 4, 6, 4, 5, 5, 4, 3, 1, 1, 4, 6, 1, 5, 3, 4, 2, 1, 2, 5, 2, 3, 6, 4, 3, 5, 4, 6, 2, 4, 6, 4, 2, 3, 5, 3, 3, 6, 1, 5, 6, 6, 5, 5, 3, 5, 5, 6, 1, 2, 6, 4, 3, 6, 5, 2, 1, 5, 2, 4, 4, 1, 4, 6, 1, 1] [4, 7, 5, 5, 4, 2, 5, 6, 8, 7, 6, 3, 1, 5, 7, 6, 8, 5, 7, 5, 6, 5, 2, 2, 6, 6, 2, 5, 4, 5, 4, 2, 3, 5, 2, 4, 6, 6, 4, 6, 6, 6, 4, 4, 7, 4, 2, 4, 6, 3, 4, 7, 3, 6, 8, 6, 6, 5, 3, 6, 5, 7, 3, 4, 8, 6, 3, 6, 7, 4, 1, 7, 4, 5, 4, 2, 4, 8, 3, 2]
A_16 44.46999999999999 A 16 [1, 2, 4, 3, 2, 2, 5, 2, 6, 5, 2, 2, 5, 3, 5, 6, 4, 1, 2, 6, 2, 3, 6, 6, 2, 3, 6, 5, 4, 6, 1, 4, 5, 6, 1, 2, 3, 3, 2, 5, 5, 3, 3, 1, 4, 3, 6, 3, 3, 1, 3, 2, 6, 1, 1, 2, 5, 3, 2, 4, 5, 1, 3, 4, 1, 6, 1, 5, 4, 1, 5, 6, 5, 2, 1, 2, 6, 2, 5, 5] [2, 2, 4, 5, 3, 4, 5, 4, 7, 7, 3, 2, 5, 4, 7, 8, 4, 2, 3, 7, 2, 3, 8, 8, 2, 4, 6, 5, 4, 8, 1, 6, 5, 8, 3, 3, 5, 4, 4, 5, 7, 4, 3, 3, 6, 4, 7, 5, 3, 2, 4, 2, 7, 3, 3, 3, 5, 3, 4, 6, 7, 2, 3, 5, 1, 7, 3, 5, 6, 1, 7, 8, 5, 4, 1, 2, 7, 2, 6, 6]
A_17 46.40999999999999 A 17 [2, 6, 3, 2, 4, 1, 1, 4, 6, 1, 3, 2, 3, 5, 6, 4, 1, 4, 6, 3, 3, 3, 2, 4, 1, 2, 6, 6, 6, 6, 5, 1, 1, 2, 5, 1, 2, 1, 5, 5, 3, 4, 4, 2, 5, 4, 1, 1, 6, 6, 6, 4, 4, 2, 2, 3, 1, 2, 3, 1, 6, 6, 4, 4, 3, 3, 2, 2, 3, 6, 6, 2, 4, 5, 1, 1, 1, 3, 2, 2] [4, 8, 5, 3, 6, 2, 1, 4, 8, 3, 5, 2, 5, 5, 6, 5, 2, 5, 8, 4, 5, 3, 2, 5, 3, 4, 6, 7, 8, 7, 5, 1, 2, 3, 7, 1, 4, 3, 5, 7, 4, 6, 4, 2, 6, 4, 3, 3, 7, 7, 6, 6, 4, 3, 3, 5, 1, 3, 3, 1, 8, 6, 4, 5, 3, 4, 3, 2, 3, 8, 8, 2, 6, 5, 3, 1, 2, 5, 3, 3]
A_18 47.40999999999999 A 18 [4, 1, 2, 1, 1, 5, 5, 1, 2, 4, 2, 2, 4, 1, 1, 5, 2, 6, 2, 6, 4, 4, 3, 3, 2, 1, 1, 5, 5, 2, 6, 5, 5, 6, 5, 2, 6, 5, 2, 4, 6, 6, 3, 5, 4, 5, 2, 5, 5, 3, 6, 2, 4, 6, 3, 1, 2, 4, 6, 2, 3, 1, 3, 1, 6, 1, 5, 2, 2, 2, 4, 6, 1, 6, 6, 4, 2, 1, 3, 1] [6, 1, 4, 3, 2, 5, 7, 2, 3, 6, 2, 4, 5, 3, 2, 7, 3, 8, 2, 8, 4, 4, 5, 5, 2, 3, 1, 5, 7, 2, 6, 6, 7, 6, 5, 3, 7, 6, 4, 5, 7, 8, 3, 5, 4, 7, 4, 7, 7, 4, 7, 3, 5, 6, 5, 2, 4, 4, 6, 3, 4, 1, 3, 3, 8, 1, 6, 4, 4, 3, 4, 8, 1, 8, 7, 4, 3, 2, 5, 3]
A_19 48.40999999999999 A 19 [1, 1, 5, 3, 1, 5, 1, 2, 5, 4, 1, 5, 3, 6, 1, 5, 6, 3, 6, 5, 6, 5, 4, 5, 4, 2, 4, 5, 1, 2, 6, 5, 6, 6, 6, 4, 4, 2, 4, 4, 3, 2, 1, 5, 5, 4, 3, 4, 5, 1, 2, 6, 1, 1, 2, 2, 4, 4, 6, 4, 2, 6, 3, 1, 1, 5, 5, 3, 1, 5, 1, 5, 5, 6, 5, 1, 3, 5, 5, 2] [3, 1, 6, 4, 2, 6, 1, 4, 7, 5, 2, 6, 5, 8, 2, 5, 7, 4, 8, 7, 7, 6, 6, 5, 6, 2, 6, 5, 1, 4, 6, 5, 8, 6, 8, 4, 5, 2, 6, 5, 5, 4, 2, 5, 6, 5, 4, 4, 5, 1, 4, 7, 3, 1, 4, 4, 5, 4, 7, 6, 2, 6, 3, 3, 3, 7, 5, 4, 2, 6, 1, 7, 7, 7, 6, 2, 3, 6, 6, 4]
A_20 49.40999999999999 A 20 [2, 6, 5, 6, 6, 4, 2, 6, 6, 5, 4, 1, 2, 1, 4, 4, 2, 3, 4, 6, 6, 5, 4, 5, 1, 3, 2, 5, 3, 4, 2, 3, 5, 2, 2, 1, 4, 5, 2, 3, 2, 1, 4, 5, 1, 2, 4, 4, 2, 3, 3, 1, 5, 2, 6, 3, 5, 3, 4, 4, 4, 5, 4, 1, 4, 6, 1, 4, 2, 2, 5, 1, 2, 4, 2, 3, 6, 5, 3, 6] [2, 6, 5, 8, 7, 6, 3, 7, 6, 7, 4, 1, 3, 3, 5, 6, 2, 5, 4, 7, 8, 7, 6, 6, 1, 3, 3, 5, 4, 5, 4, 4, 6, 4, 4, 1, 5, 7, 2, 3, 2, 1, 5, 7, 1, 2, 5, 4, 4, 4, 5, 1, 6, 4, 8, 3, 6, 4, 5, 6, 4, 6, 5, 3, 4, 7, 1, 5, 3, 4, 6, 2, 4, 5, 2, 5, 6, 5, 4, 6]
A_21 50.40999999999999 A 21 [6, 6, 3, 1, 6, 4, 1, 6, 1, 3, 6, 3, 1, 6, 1, 3, 3, 3, 4, 5, 5, 3, 2, 4, 3, 6, 1, 1, 1, 2, 1, 3, 1, 5, 3, 2, 5, 5, 2, 5, 1, 6, 2, 3, 4, 2, 6, 1, 1, 4, 3, 1, 5, 5, 1, 4, 4, 2, 6, 5, 2, 5, 2, 1, 3, 6, 5, 2, 2, 5, 2, 1, 2, 6, 5, 3, 4, 3, 2, 3] [7, 6, 3, 2, 6, 6, 3, 8, 2, 5, 6, 5, 1, 6, 1, 5, 3, 3, 4, 6, 7, 5, 3, 6, 5, 8, 2, 2, 3, 4, 3, 5, 3, 7, 5, 2, 6, 6, 2, 6, 1, 8, 3, 4, 5, 3, 8, 2, 2, 5, 5, 2, 5, 7, 3, 6, 4, 2, 7, 6, 3, 5, 2, 2, 4, 6, 6, 2, 3, 5, 4, 3, 3, 8, 6, 4, 5, 3, 4, 5]
A_22 54.57999999999999 A 22 [6, 5, 2, 1, 6, 4, 2, 4, 5, 5, 3, 4, 3, 4, 1, 1, 6, 2, 3, 4, 4, 2, 6, 3, 5, 6, 6, 2, 3, 4, 4, 2, 5, 1, 2, 1, 5, 5, 1, 3, 3, 1, 1, 6, 3, 5, 1, 3, 3, 6, 6, 5, 1, 5, 3, 1, 5, 2, 5, 1, 5, 5, 2, 5, 4, 1, 6, 6, 4, 2, 3, 1, 3, 1, 1, 3, 4, 2, 2, 3] [8, 6, 3, 3, 7, 5, 3, 5, 5, 5, 3, 4, 4, 5, 1, 2, 8, 2, 5, 6, 6, 3, 7, 5, 6, 8, 7, 2, 5, 4, 4, 3, 6, 3, 2, 3, 6, 5, 1, 5, 3, 3, 2, 7, 3, 5, 3, 3, 4, 8, 7, 5, 1, 6, 3, 3, 5, 2, 7, 2, 6, 6, 2, 5, 5, 2, 7, 7, 5, 2, 5, 1, 3, 3, 1, 4, 5, 3, 3, 3]
A_23 55.92999999999999 A 23 [1, 5, 1, 4, 4, 5, 1, 4, 2, 6, 1, 3, 3, 3, 5, 1, 6, 4, 3, 5, 5, 4, 3, 2, 2, 4, 6, 4, 1, 6, 4, 5, 5, 5, 5, 6, 3, 5, 6, 5, 2, 1, 4, 3, 5, 1, 2, 1, 2, 3, 5, 2, 6, 1, 6, 3, 6, 1, 2, 5, 1, 5, 2, 5, 5, 5, 4, 4, 4, 5, 4, 5, 6, 4, 4, 5, 2, 1, 3, 5] [3, 6, 1, 6, 6, 5, 2, 4, 4, 7, 1, 5, 3, 5, 7, 2, 8, 5, 5, 5, 6, 6, 5, 2, 4, 5, 8, 5, 3, 8, 4, 5, 5, 7, 7, 7, 4, 6, 7, 7, 2, 2, 4, 3, 5, 1, 4, 2, 4, 5, 6, 4, 6, 1, 8, 5, 7, 2, 2, 6, 3, 7, 3, 5, 5, 5, 5, 6, 5, 7, 5, 6, 8, 5, 4, 6, 3, 3, 4, 7]
A_24 60.019999999999996 A 24 [5, 1, 4, 4, 6, 6, 5, 5, 6, 2, 3, 2, 5, 5, 5, 4, 2, 1, 2, 4, 1, 3, 5, 2, 2, 4, 2, 4, 4, 4, 6, 4, 5, 3, 2, 6, 4, 4, 4, 4, 2, 3, 4, 5, 5, 4, 2, 2, 5, 1, 4, 2, 4, 6, 2, 3, 6, 4, 3, 5, 4, 1, 2, 6, 2, 6, 2, 2, 3, 4, 2, 3, 5, 4, 3, 2, 3, 4, 2, 5] [7, 1, 4, 5, 8, 8, 6, 5, 6, 3, 5, 3, 6, 7, 6, 6, 2, 3, 2, 6, 1, 5, 6, 4, 3, 6, 2, 5, 5, 4, 7, 5, 7, 5, 4, 7, 4, 6, 4, 4, 4, 5, 5, 6, 7, 5, 4, 4, 6, 1, 6, 2, 6, 7, 3, 3, 8, 6, 3, 5, 4, 2, 3, 8, 4, 8, 3, 3, 3, 4, 2, 3, 7, 4, 5, 4, 5, 5, 2, 7]
A_25 61.019999999999996 A 25 [5, 4, 2, 5, 1, 2, 2, 6, 2, 5, 2, 3, 5, 1, 6, 6, 3, 2, 1, 2, 3, 6, 6, 4, 4, 2, 4, 2, 5, 3, 5, 1, 4, 1, 6, 1, 5, 6, 4, 5, 6, 3, 2, 4, 1, 2, 5, 6, 2, 1, 4, 1, 5, 4, 4, 1, 5, 1, 4, 2, 3, 5, 5, 1, 6, 4, 5, 3, 1, 6, 3, 6, 3, 1, 3, 4, 6, 3, 1, 4] [6, 6, 4, 6, 2, 2, 4, 6, 4, 7, 2, 3, 6, 2, 7, 6, 4, 4, 3, 2, 3, 8, 8, 5, 6, 4, 5, 2, 6, 5, 6, 2, 5, 3, 7, 2, 7, 6, 4, 5, 7, 4, 3, 5, 2, 2, 7, 8, 4, 1, 5, 1, 5, 6, 4, 3, 6, 3, 6, 4, 4, 5, 5, 1, 7, 6, 7, 4, 1, 8, 4, 6, 5, 1, 4, 5, 8, 3, 1, 4]
A_26 63.3 A 26 [2, 1, 5, 4, 4, 2, 1, 2, 4, 2, 6, 1, 2, 5, 6, 1, 6, 6, 1, 4, 2, 1, 6, 6, 2, 4, 5, 5, 1, 2, 3, 4, 5, 1, 6, 3, 1, 4, 5, 1, 6, 1, 1, 1, 6, 6, 4, 3, 1, 3, 6, 3, 2, 1, 2, 6, 1, 2, 2, 3, 3, 6, 1, 6, 6, 4, 2, 6, 1, 3, 3, 4, 5, 6, 5, 2, 6, 6, 5, 6] [2, 2, 6, 4, 6, 2, 1, 3, 5, 4, 7, 3, 2, 7, 7, 2, 6, 6, 1, 6, 3, 2, 7, 8, 2, 5, 7, 5, 1, 2, 4, 5, 7, 1, 7, 5, 2, 5, 5, 2, 6, 1, 1, 1, 6, 6, 6, 3, 3, 4, 7, 3, 3, 2, 3, 6, 3, 2, 3, 3, 5, 7, 3, 7, 8, 6, 4, 7, 2, 5, 4, 5, 6, 8, 6, 3, 8, 6, 5, 7]
A_27 64.3 A 27 [1, 4, 2, 6, 6, 2, 2, 2, 1, 1, 4, 1, 3, 1, 3, 5, 5, 6, 5, 5, 5, 1, 2, 4, 4, 2, 5, 5, 5, 6, 3, 6, 3, 5, 6, 1, 6, 4, 5, 5, 3, 3, 4, 4, 5, 2, 5, 6, 2, 6, 4, 4, 4, 4, 1, 6, 3, 1, 5, 6, 6, 4, 4, 5, 1, 6, 2, 2, 6, 6, 6, 1, 6, 4, 5, 1, 4, 3, 3, 3] [2, 6, 3, 7, 8, 3, 2, 4, 2, 3, 6, 2, 3, 1, 3, 5, 5, 7, 5, 5, 5, 2, 2, 5, 5, 2, 5, 6, 5, 8, 4, 6, 4, 6, 7, 3, 6, 5, 7, 5, 3, 3, 4, 6, 6, 2, 6, 6, 2, 8, 5, 6, 5, 6, 3, 8, 5, 1, 7, 8, 8, 5, 5, 7, 1, 8, 4, 4, 7, 7, 6, 2, 6, 4, 7, 2, 4, 4, 5, 5]
A_28 65.3 A 28 [2, 2, 2, 2, 2, 5, 5, 5, 5, 2, 4, 4, 6, 2, 1, 3, 4, 6, 5, 1, 3, 1, 3, 1, 4, 5, 1, 5, 3, 5, 4, 3, 3, 4, 5, 2, 5, 4, 5, 6, 4, 1, 2, 4, 4, 5, 2, 1, 5, 4, 1, 5, 1, 1, 6, 6, 5, 4, 6, 4, 3, 6, 2, 6, 5, 3, 5, 5, 2, 2, 3, 6, 5, 2, 5, 3, 2, 5, 2, 3] [3, 3, 4, 4, 4, 7, 7, 7, 7, 2, 5, 6, 6, 2, 1, 4, 4, 8, 7, 1, 4, 3, 5, 3, 5, 6, 1, 5, 3, 5, 6, 3, 4, 5, 7, 4, 6, 5, 7, 7, 4, 3, 3, 6, 6, 5, 2, 2, 5, 4, 1, 5, 2, 2, 6, 7, 5, 5, 7, 5, 3, 7, 3, 7, 5, 4, 5, 6, 2, 3, 4, 6, 6, 2, 7, 4, 4, 7, 4, 5]
A_29 66.3 A 29 [4, 1, 2, 1, 6, 3, 3, 1, 6, 1, 5, 1, 1, 5, 1, 4, 6, 6, 2, 2, 4, 2, 4, 6, 4, 3, 2, 6, 5, 3, 2, 2, 1, 1, 3, 2, 3, 1, 2, 5, 1, 5, 4, 3, 3, 4, 4, 3, 5, 6, 2, 6, 1, 5, 4, 2, 3, 4, 5, 4, 1, 1, 5, 4, 3, 6, 4, 6, 2, 3, 6, 5, 2, 3, 5, 6, 3, 3, 6, 2] [6, 3, 2, 2, 7, 5, 4, 3, 6, 2, 7, 2, 1, 6, 3, 5, 8, 7, 2, 4, 5, 4, 4, 8, 4, 5, 2, 8, 5, 5, 4, 4, 3, 3, 4, 4, 5, 3, 2, 7, 2, 5, 5, 5, 4, 5, 4, 5, 6, 6, 3, 6, 1, 6, 5, 3, 5, 4, 7, 6, 2, 1, 6, 4, 4, 8, 6, 7, 3, 4, 7, 7, 4, 3, 7, 8, 3, 5, 6, 4]
A_30 68.36 A 30 [2, 5, 4, 6, 3, 5, 3, 5, 2, 5, 1, 2, 2, 3, 3, 2, 1, 5, 6, 6, 2, 1, 4, 4, 6, 5, 3, 3, 4, 2, 4, 3, 1, 4, 1, 1, 6, 1, 1, 5, 4, 4, 3, 3, 4, 5, 5, 6, 4, 6, 1, 5, 4, 3, 4, 1, 2, 5, 1, 1, 3, 4, 2, 6, 5, 5, 2, 1, 2, 6, 4, 1, 6, 3, 6, 5, 4, 5, 1, 4] [3, 5, 4, 6, 5, 6, 5, 5, 4, 6, 2, 4, 4, 3, 5, 4, 1, 5, 6, 6, 4, 3, 4, 4, 7, 6, 4, 4, 6, 4, 4, 3, 2, 6, 3, 2, 8, 1, 2, 7, 6, 4, 3, 3, 6, 5, 5, 8, 6, 7, 2, 7, 5, 5, 6, 1, 4, 7, 3, 3, 3, 6, 2, 6, 7, 7, 2, 3, 4, 8, 4, 2, 6, 3, 6, 7, 4, 7, 3, 4]
A_31 72.33 A 31 [1, 4, 1, 4, 5, 1, 4, 1, 4, 5, 2, 4, 2, 5, 2, 1, 4, 1, 5, 5, 3, 3, 2, 5, 4, 1, 4, 6, 3, 2, 3, 1, 6, 1, 1, 6, 2, 2, 3, 4, 4, 2, 5, 1, 3, 2, 2, 1, 3, 5, 2, 1, 1, 3, 4, 3, 3, 3, 2, 3, 2, 3, 5, 2, 1, 3, 4, 5, 3, 6, 1, 5, 2, 6, 1, 4, 6, 6, 3, 4] [1, 5, 2, 6, 7, 3, 5, 3, 4, 5, 3, 4, 2, 5, 4, 2, 6, 1, 6, 5, 4, 5, 3, 5, 5, 2, 5, 6, 3, 4, 3, 2, 6, 1, 3, 8, 4, 2, 3, 4, 5, 3, 7, 1, 4, 4, 4, 1, 3, 7, 3, 1, 1, 5, 4, 3, 5, 5, 4, 3, 3, 3, 7, 2, 3, 4, 6, 7, 4, 7, 1, 5, 2, 8, 3, 5, 7, 6, 5, 6]
A_32 73.36 A 32 [4, 2, 1, 4, 5, 6, 4, 5, 6, 6, 5, 6, 3, 4, 3, 2, 5, 1, 5, 6, 5, 1, 5, 5, 5, 4, 5, 3, 3, 1, 1, 6, 3, 6, 1, 5, 6, 3, 3, 1, 2, 4, 3, 5, 1, 4, 6, 5, 2, 5, 3, 5, 6, 1, 6, 2, 2, 5, 6, 2, 3, 1, 4, 5, 5, 6, 5, 3, 3, 1, 2, 4, 5, 6, 6, 4, 3, 1, 1, 4] [4, 3, 2, 5, 5, 7, 4, 5, 6, 7, 6, 8, 4, 4, 5, 3, 5, 2, 7, 8, 6, 3, 6, 5, 7, 5, 7, 4, 4, 3, 2, 6, 5, 7, 2, 5, 6, 4, 5, 2, 2, 5, 5, 6, 1, 6, 7, 7, 4, 5, 3, 7, 8, 1, 8, 2, 3, 5, 7, 4, 3, 1, 5, 6, 6, 6, 7, 3, 5, 3, 3, 5, 6, 7, 8, 6, 4, 3, 1, 4]
A_33 74.36 A 33 [1, 4, 1, 3, 1, 6, 4, 1, 1, 4, 6, 2, 3, 5, 6, 5, 6, 2, 6, 6, 2, 5, 1, 5, 3, 1, 1, 5, 4, 1, 4, 1, 6, 1, 6, 1, 6, 1, 3, 5, 5, 4, 4, 4, 3, 2, 1, 2, 1, 2, 4, 6, 1, 1, 3, 5, 4, 6, 4, 2, 1, 4, 3, 5, 3, 5, 3, 2, 6, 4, 2, 1, 2, 2, 6, 1, 4, 1, 4, 2] [3, 4, 3, 5, 2, 7, 5, 1, 2, 6, 6, 3, 4, 5, 8, 5, 8, 3, 6, 6, 4, 7, 3, 7, 5, 3, 1, 6, 5, 3, 6, 1, 7, 2, 7, 1, 8, 2, 5, 6, 7, 6, 5, 6, 4, 4, 1, 2, 3, 2, 5, 7, 3, 3, 5, 6, 4, 8, 4, 3, 1, 4, 5, 5, 4, 6, 3, 3, 8, 6, 3, 1, 4, 3, 7, 3, 6, 2, 5, 4]
A_34 76.0 A 34 [1, 5, 6, 2, 2, 6, 2, 3, 2, 3, 6, 4, 5, 1, 2, 2, 1, 5, 5, 6, 2, 3, 2, 5, 2, 6, 6, 6, 5, 3, 1, 1, 1, 6, 6, 3, 4, 6, 2, 6, 3, 1, 3, 3, 3, 4, 3, 1, 6, 2, 6, 2, 6, 4, 5, 1, 5, 2, 2, 6, 5, 3, 6, 1, 5, 1, 4, 3, 3, 1, 3, 4, 3, 4, 1, 4, 4, 6, 1, 2] [3, 7, 8, 2, 3, 7, 2, 5, 3, 3, 6, 6, 5, 2, 3, 2, 3, 7, 5, 8, 4, 5, 2, 7, 4, 7, 7, 7, 7, 4, 3, 3, 2, 7, 8, 4, 4, 8, 3, 7, 3, 2, 3, 4, 5, 4, 5, 1, 8, 2, 8, 3, 7, 6, 7, 3, 5, 3, 3, 7, 6, 3, 7, 1, 7, 2, 5, 5, 5, 3, 4, 5, 4, 6, 3, 4, 5, 7, 3, 3]
A_35 81.4 A 35 [5, 1, 5, 3, 4, 4, 6, 5, 4, 6, 5, 1, 3, 6, 2, 3, 2, 1, 2, 4, 1, 2, 1, 6, 6, 1, 3, 1, 2, 2, 1, 6, 5, 1, 3, 1, 5, 5, 2, 1, 3, 6, 3, 2, 6, 2, 1, 1, 4, 3, 5, 5, 3, 4, 2, 5, 6, 4, 2, 3, 2, 5, 3, 4, 2, 3, 5, 3, 1, 6, 3, 4, 4, 4, 6, 2, 5, 5, 5, 1] [5, 3, 5, 4, 6, 6, 8, 7, 6, 6, 6, 2, 3, 8, 3, 4, 3, 1, 3, 4, 1, 2, 3, 7, 7, 2, 5, 3, 4, 4, 2, 8, 5, 1, 4, 2, 6, 7, 3, 1, 4, 8, 3, 4, 8, 2, 3, 1, 4, 5, 7, 6, 5, 4, 3, 5, 6, 4, 3, 4, 4, 5, 5, 5, 2, 5, 6, 3, 2, 8, 3, 4, 5, 4, 7, 2, 5, 6, 5, 3]
A_36 82.4 A 36 [4, 2, 5, 1, 4, 6, 3, 6, 2, 3, 4, 1, 5, 2, 3, 6, 3, 2, 6, 4, 4, 5, 5, 3, 4, 5, 1, 6, 5, 3, 6, 2, 6, 6, 4, 5, 3, 4, 1, 3, 4, 2, 5, 6, 6, 6, 1, 6, 5, 5, 4, 1, 2, 1, 4, 5, 2, 3, 3, 5, 5, 2, 1, 6, 5, 5, 5, 4, 1, 6, 5, 3, 6, 6, 6, 4, 1, 6, 1, 4] [6, 3, 5, 1, 6, 6, 3, 6, 2, 5, 5, 3, 7, 3, 5, 6, 5, 4, 7, 5, 5, 6, 6, 4, 4, 7, 2, 6, 6, 5, 8, 4, 6, 8, 4, 6, 3, 5, 3, 4, 4, 4, 7, 8, 6, 7, 1, 8, 7, 7, 5, 3, 4, 3, 6, 6, 3, 3, 4, 5, 5, 3, 2, 7, 7, 6, 7, 4, 3, 6, 5, 4, 8, 6, 8, 6, 3, 6, 3, 6]
A_37 87.08000000000001 A 37 [3, 5, 4, 1, 1, 2, 1, 5, 4, 5, 2, 1, 5, 4, 4, 4, 3, 1, 5, 2, 5, 5, 5, 5, 4, 6, 4, 4, 4, 1, 1, 2, 3, 1, 6, 5, 4, 3, 6, 2, 4, 3, 3, 6, 6, 6, 6, 5, 2, 3, 2, 1, 5, 5, 4, 3, 1, 4, 1, 2, 2, 2, 6, 6, 3, 1, 2, 3, 6, 3, 6, 5, 2, 5, 5, 5, 5, 2, 3, 3] [5, 6, 4, 2, 1, 3, 3, 5, 6, 5, 3, 3, 7, 6, 5, 6, 4, 3, 6, 2, 7, 6, 5, 6, 6, 6, 5, 5, 5, 3, 1, 2, 4, 2, 8, 7, 5, 5, 8, 3, 5, 4, 3, 6, 8, 6, 7, 5, 2, 3, 3, 2, 5, 5, 6, 4, 3, 6, 3, 3, 4, 3, 7, 7, 4, 2, 2, 3, 7, 5, 6, 5, 3, 6, 7, 5, 5, 3, 3, 3]
A_38 94.45000000000002 A 38 [3, 6, 5, 6, 3, 4, 4, 3, 1, 5, 3, 3, 3, 5, 6, 3, 2, 5, 2, 4, 2, 2, 1, 6, 4, 4, 5, 5, 5, 2, 1, 3, 3, 3, 2, 2, 1, 6, 3, 1, 3, 4, 2, 2, 1, 5, 1, 6, 4, 3, 6, 4, 5, 1, 6, 2, 4, 4, 2, 2, 5, 4, 4, 3, 6, 5, 5, 2, 3, 3, 3, 4, 3, 3, 6, 6, 3, 5, 4, 3] [3, 8, 5, 8, 3, 4, 5, 5, 3, 6, 5, 5, 5, 7, 6, 4, 4, 5, 4, 6, 2, 2, 1, 7, 4, 4, 5, 7, 7, 2, 2, 3, 5, 5, 3, 3, 3, 8, 4, 1, 3, 6, 4, 3, 3, 7, 3, 8, 4, 5, 8, 4, 5, 1, 8, 3, 4, 5, 2, 2, 7, 4, 6, 4, 7, 5, 7, 2, 5, 3, 5, 6, 3, 3, 7, 7, 3, 6, 5, 4]
A_39 95.45000000000002 A 39 [2, 3, 3, 2, 2, 3, 4, 6, 5, 2, 1, 3, 2, 5, 4, 5, 5, 5, 4, 4, 3, 5, 3, 5, 4, 5, 1, 5, 6, 5, 5, 4, 1, 5, 6, 1, 3, 2, 1, 6, 6, 1, 6, 5, 1, 2, 4, 3, 3, 1, 5, 2, 6, 5, 4, 2, 3, 6, 3, 4, 5, 1, 4, 4, 4, 2, 3, 6, 2, 3, 2, 2, 2, 5, 5, 4, 2, 1, 1, 2] [4, 3, 4, 3, 2, 3, 4, 6, 5, 2, 3, 3, 4, 5, 4, 6, 5, 7, 5, 5, 3, 6, 5, 7, 4, 5, 2, 5, 7, 7, 7, 4, 2, 6, 7, 1, 4, 3, 1, 8, 6, 3, 7, 6, 2, 4, 5, 5, 4, 2, 6, 2, 6, 5, 5, 3, 5, 8, 5, 5, 7, 3, 5, 6, 4, 2, 3, 8, 2, 3, 4, 2, 4, 6, 7, 6, 4, 2, 3, 4]
B_0 1.55 B 40 [1, 6, 3, 2, 1, 5, 3, 4, 1, 6, 6, 2, 4, 2, 6, 4, 5, 3, 6, 3, 2, 1, 3, 2, 2, 6, 6, 3, 4, 1, 4, 4, 2, 5, 3, 3, 4, 4, 3, 6, 5, 4, 3, 2, 3, 1, 2, 5, 5, 4, 1, 3, 3, 6, 6, 2, 2, 5, 6, 5, 3, 4, 4, 4, 5, 2, 5, 1, 3, 2, 6, 2, 4, 6, 5, 4, 1, 1, 5, 1] [3, 8, 4, 2, 3, 7, 5, 4, 2, 8, 6, 3, 5, 3, 7, 6, 7, 4, 7, 5, 2, 1, 3, 2, 4, 7, 6, 3, 4, 2, 6, 5, 2, 7, 3, 4, 4, 5, 3, 6, 7, 5, 4, 2, 5, 2, 2, 6, 6, 4, 2, 3, 4, 7, 6, 4, 3, 7, 7, 6, 4, 6, 6, 4, 5, 2, 6, 2, 5, 2, 8, 3, 5, 6, 7, 5, 2, 1, 6, 2]
B_1 6.06 B 41 [3, 5, 3, 2, 3, 2, 5, 1, 6, 3, 3, 6, 1, 6, 6, 6, 3, 4, 6, 2, 1, 6, 1, 1, 3, 3, 1, 3, 1, 5, 4, 2, 4, 4, 1, 6, 2, 3, 4, 1, 4, 5, 2, 2, 1, 4, 5, 2, 3, 6, 6, 5, 5, 2, 1, 3, 5, 5, 6, 6, 5, 5, 2, 4, 1, 2, 6, 4, 6, 5, 4, 2, 5, 3, 5, 4, 4, 3, 5, 4] [4, 5, 3, 3, 3, 2, 5, 1, 8, 4, 5, 6, 3, 7, 7, 6, 4, 6, 8, 4, 1, 8, 3, 2, 5, 4, 1, 3, 3, 5, 4, 3, 5, 6, 2, 8, 4, 4, 6, 3, 5, 5, 4, 4, 2, 4, 7, 3, 4, 7, 7, 5, 5, 3, 1, 3, 7, 5, 7, 7, 5, 5, 4, 5, 2, 2, 7, 5, 6, 7, 5, 4, 7, 5, 7, 6, 5, 3, 6, 4]
B_2 8.93 B 42 [1, 1, 3, 1, 6, 5, 3, 4, 3, 1, 6, 2, 1, 5, 3, 2, 3, 4, 3, 1, 4, 2, 1, 4, 4, 2, 1, 4, 2, 4, 3, 5, 3, 4, 3, 3, 5, 3, 2, 6, 3, 2, 6, 1, 6, 1, 1, 1, 6, 2, 1, 4, 6, 5, 6, 5, 5, 1, 2, 6, 2, 2, 6, 4, 2, 3, 1, 2, 3, 3, 2, 5, 1, 6, 1, 5, 4, 1, 2, 1] [2, 2, 4, 1, 6, 7, 3, 6, 3, 3, 7, 3, 3, 5, 5, 4, 3, 4, 3, 2, 5, 3, 2, 4, 5, 3, 1, 4, 3, 5, 3, 7, 5, 5, 3, 3, 7, 3, 4, 7, 4, 4, 8, 2, 6, 2, 2, 1, 8, 2, 2, 6, 7, 7, 6, 7, 5, 2, 4, 6, 4, 3, 6, 6, 3, 3, 3, 2, 3, 4, 4, 7, 2, 6, 3, 6, 4, 2, 2, 1]
B_3 15.26 B 43 [2, 1, 1, 3, 6, 6, 2, 5, 6, 2, 1, 3, 6, 1, 5, 4, 1, 2, 5, 5, 5, 3, 6, 3, 5, 4, 1, 4, 4, 3, 3, 1, 5, 4, 3, 2, 6, 6, 2, 5, 2, 2, 1, 1, 4, 6, 1, 3, 2, 6, 6, 5, 2, 6, 1, 1, 2, 6, 1, 3, 4, 6, 2, 4, 5, 3, 4, 1, 1, 1, 3, 3, 6, 6, 2, 3, 2, 1, 3, 4] [4, 1, 1, 5, 7, 6, 2, 5, 7, 2, 2, 3, 6, 2, 5, 4, 3, 2, 5, 5, 7, 4, 7, 3, 6, 5, 1, 6, 6, 5, 3, 1, 6, 6, 4, 4, 8, 6, 3, 6, 2, 4, 2, 1, 5, 6, 2, 5, 4, 7, 8, 7, 3, 8, 2, 3, 3, 8, 2, 4, 5, 7, 3, 4, 7, 5, 5, 1, 2, 1, 5, 3, 8, 6, 4, 5, 3, 1, 3, 4]
B_4 17.13 B 44 [1, 1, 5, 6, 2, 3, 5, 4, 2, 3, 4, 3, 5, 1, 6, 6, 4, 5, 4, 5, 1, 4, 3, 5, 5, 1, 6, 5, 4, 3, 4, 3, 1, 3, 3, 6, 6, 6, 1, 1, 3, 1, 6, 4, 4, 2, 6, 3, 6, 3, 3, 4, 4, 5, 6, 6, 3, 5, 4, 4, 2, 3, 4, 6, 5, 6, 1, 1, 4, 1, 2, 4, 1, 6, 6, 3, 4, 4, 1, 3] [1, 1, 5, 8, 4, 4, 5, 5, 4, 4, 6, 3, 7, 3, 6, 7, 6, 6, 4, 6, 1, 5, 3, 5, 7, 2, 6, 6, 6, 4, 6, 4, 1, 4, 5, 8, 6, 8, 3, 2, 5, 2, 6, 5, 5, 2, 6, 3, 7, 4, 5, 4, 6, 5, 7, 8, 5, 7, 5, 5, 2, 5, 6, 8, 7, 7, 3, 1, 6, 3, 2, 4, 1, 7, 8, 5, 5, 4, 2, 3]
B_5 26.25 B 45 [4, 1, 1, 1, 1, 1, 2, 1, 5, 2, 3, 4, 6, 1, 3, 4, 3, 4, 5, 4, 2, 2, 5, 1, 4, 2, 6, 2, 5, 4, 5, 2, 4, 2, 4, 2, 6, 6, 5, 2, 1, 4, 1, 6, 2, 6, 1, 5, 4, 6, 4, 3, 2, 5, 3, 5, 6, 4, 1, 6, 5, 1, 3, 2, 3, 6, 5, 1, 4, 3, 2, 3, 3, 3, 6, 1, 4, 1, 5, 1] [4, 3, 3, 3, 2, 2, 3, 3, 5, 3, 4, 6, 8, 3, 4, 4, 4, 4, 7, 5, 2, 3, 5, 1, 5, 2, 6, 2, 5, 5, 5, 4, 6, 4, 4, 2, 7, 6, 7, 4, 2, 4, 2, 6, 2, 8, 2, 7, 4, 7, 6, 4, 4, 5, 4, 6, 8, 4, 2, 8, 5, 3, 5, 2, 3, 7, 5, 2, 5, 3, 4, 5, 5, 5, 6, 2, 6, 1, 7, 3]
B_6 30.9 B 46 [1, 3, 2, 5, 2, 1, 6, 4, 5, 5, 2, 6, 2, 4, 4, 2, 6, 1, 2, 3, 4, 6, 1, 2, 2, 5, 4, 5, 2, 4, 5, 2, 6, 1, 3, 1, 1, 6, 1, 4, 2, 5, 1, 1, 6, 1, 4, 5, 6, 3, 3, 6, 5, 1, 2, 4, 2, 3, 6, 6, 2, 6, 6, 1, 4, 6, 4, 6, 6, 3, 1, 3, 2, 3, 3, 6, 1, 1, 5, 5] [1, 3, 4, 7, 2, 2, 7, 4, 5, 7, 4, 8, 4, 5, 5, 2, 7, 3, 4, 4, 5, 8, 3, 4, 4, 7, 6, 6, 2, 4, 5, 4, 7, 1, 5, 3, 1, 7, 3, 5, 2, 7, 2, 2, 6, 2, 5, 7, 6, 4, 3, 7, 7, 2, 2, 4, 4, 4, 8, 7, 3, 7, 7, 1, 5, 8, 5, 8, 8, 4, 1, 3, 2, 3, 3, 8, 1, 2, 6, 6]
B_7 32.42 B 47 [6, 1, 2, 3, 5, 5, 1, 3, 1, 1, 3, 3, 6, 1, 4, 3, 3, 1, 5, 4, 4, 1, 3, 1, 2, 6, 3, 6, 1, 3, 6, 1, 5, 2, 1, 1, 6, 5, 6, 3, 5, 2, 1, 3, 3, 5, 5, 5, 1, 2, 4, 2, 4, 6, 3, 2, 3, 5, 6, 1, 1, 4, 3, 2, 1, 6, 2, 1, 1, 4, 1, 3, 2, 2, 1, 6, 5, 5, 5, 2] [8, 3, 4, 3, 5, 5, 1, 5, 1, 1, 5, 5, 6, 1, 6, 4, 5, 3, 7, 4, 4, 2, 3, 2, 4, 8, 3, 6, 2, 5, 8, 1, 7, 2, 1, 1, 8, 5, 8, 5, 6, 3, 1, 5, 3, 7, 7, 6, 1, 3, 4, 4, 4, 6, 3, 2, 4, 7, 8, 1, 3, 4, 5, 2, 3, 6, 3, 3, 3, 5, 3, 4, 2, 4, 1, 8, 7, 7, 5, 4]
B_8 33.42 B 48 [4, 3, 3, 5, 3, 3, 1, 2, 5, 2, 4, 6, 5, 3, 6, 5, 3, 6, 5, 5, 2, 1, 3, 2, 5, 2, 1, 2, 5, 5, 4, 3, 2, 1, 6, 4, 5, 2, 4, 3, 5, 3, 6, 2, 6, 4, 6, 1, 5, 4, 4, 4, 5, 3, 3, 4, 2, 3, 3, 6, 2, 5, 2, 1, 1, 4, 6, 2, 1, 4, 5, 3, 5, 2, 3, 5, 6, 3, 4, 2] [5, 5, 4, 6, 3, 4, 2, 4, 5, 2, 5, 8, 5, 3, 8, 6, 3, 7, 7, 5, 4, 2, 4, 4, 6, 4, 3, 2, 5, 6, 6, 3, 4, 3, 8, 4, 7, 2, 4, 4, 6, 4, 8, 4, 7, 4, 6, 1, 7, 4, 6, 6, 6, 5, 4, 6, 4, 5, 5, 7, 4, 6, 4, 2, 1, 4, 7, 3, 2, 6, 7, 4, 6, 2, 4, 6, 6, 4, 4, 4]
B_9 35.27 B 49 [2, 3, 1, 5, 5, 4, 5, 2, 6, 4, 2, 4, 2, 2, 6, 3, 1, 6, 3, 1, 3, 4, 6, 3, 1, 1, 3, 6, 4, 6, 6, 5, 5, 2, 2, 3, 5, 3, 3, 1, 4, 6, 2, 6, 3, 6, 3, 2, 4, 5, 4, 5, 3, 5, 4, 2, 3, 5, 1, 5, 5, 3, 1, 2, 6, 5, 6, 2, 4, 1, 6, 1, 3, 5, 6, 6, 4, 6, 1, 2] [3, 4, 2, 7, 6, 6, 7, 2, 7, 4, 4, 5, 2, 2, 6, 3, 2, 7, 4, 1, 4, 5, 8, 5, 1, 1, 4, 8, 4, 6, 7, 7, 5, 2, 2, 5, 7, 3, 5, 2, 4, 7, 2, 7, 4, 7, 4, 3, 4, 6, 5, 6, 5, 6, 5, 2, 3, 6, 1, 5, 5, 5, 2, 2, 6, 5, 8, 3, 6, 2, 8, 1, 4, 5, 8, 8, 6, 7, 1, 2]
B_10 39.550000000000004 B 50 [1, 2, 6, 1, 4, 6, 5, 3, 5, 1, 2, 1, 2, 1, 4, 3, 3, 6, 6, 2, 3, 3, 6, 5, 4, 4, 6, 4, 1, 2, 1, 2, 3, 4, 6, 5, 4, 2, 6, 5, 1, 6, 1, 6, 3, 4, 3, 4, 4, 4, 1, 6, 3, 4, 4, 3, 1, 1, 4, 1, 1, 3, 3, 1, 5, 1, 4, 1, 4, 1, 6, 6, 3, 2, 3, 3, 3, 6, 2, 1] [1, 2, 6, 2, 6, 7, 7, 3, 7, 2, 2, 1, 2, 3, 5, 4, 4, 6, 7, 4, 5, 5, 7, 6, 6, 5, 7, 5, 1, 3, 2, 3, 3, 5, 8, 7, 5, 3, 8, 6, 2, 7, 2, 8, 5, 6, 3, 4, 6, 5, 1, 8, 5, 4, 5, 5, 3, 1, 5, 3, 3, 5, 3, 1, 7, 2, 6, 2, 4, 3, 6, 7, 3, 3, 5, 5, 4, 7, 3, 2]
B_11 43.63 B 51 [2, 1, 3, 1, 5, 6, 2, 3, 3, 2, 1, 6, 2, 3, 3, 6, 2, 4, 2, 6, 1, 1, 5, 2, 2, 1, 3, 4, 5, 6, 5, 1, 5, 6, 2, 5, 1, 1, 4, 2, 3, 5, 4, 5, 4, 3, 6, 2, 4, 5, 6, 5, 6, 5, 5, 4, 1, 2, 6, 3, 1, 6, 2, 3, 6, 2, 5, 6, 4, 4, 1, 6, 4, 4, 6, 5, 1, 5, 5, 6] [3, 2, 5, 1, 5, 8, 2, 3, 3, 4, 2, 7, 2, 5, 4, 7, 2, 6, 3, 7, 1, 2, 5, 4, 2, 1, 3, 6, 5, 6, 7, 1, 7, 7, 3, 6, 3, 2, 4, 2, 3, 5, 6, 7, 4, 4, 7, 4, 6, 6, 8, 7, 7, 5, 7, 4, 3, 2, 8, 4, 2, 8, 2, 5, 7, 2, 6, 7, 4, 5, 2, 8, 5, 5, 6, 7, 2, 7, 6, 7]
B_12 45.32 B 52 [5, 4, 3, 4, 5, 3, 1, 6, 2, 4, 4, 3, 5, 3, 5, 1, 6, 4, 4, 1, 5, 5, 1, 6, 4, 5, 2, 4, 1, 1, 4, 1, 6, 1, 6, 3, 2, 5, 5, 6, 3, 5, 6, 2, 4, 2, 5, 4, 5, 3, 3, 6, 5, 4, 2, 2, 6, 4, 6, 5, 4, 5, 5, 2, 6, 3, 5, 5, 1, 2, 5, 3, 2, 2, 5, 1, 6, 4, 2, 6] [7, 4, 4, 6, 7, 4, 3, 7, 3, 6, 4, 3, 7, 3, 6, 3, 7, 4, 5, 3, 6, 5, 1, 6, 6, 5, 3, 5, 2, 1, 5, 1, 8, 3, 7, 5, 4, 5, 5, 6, 4, 5, 7, 3, 6, 4, 7, 4, 6, 5, 5, 7, 7, 4, 2, 4, 8, 4, 6, 5, 4, 5, 7, 2, 8, 3, 6, 7, 2, 2, 7, 4, 2, 3, 6, 1, 7, 4, 3, 8]
B_13 46.32 B 53 [6, 5, 1, 2, 4, 6, 5, 3, 4, 3, 3, 2, 2, 5, 3, 5, 1, 2, 6, 1, 2, 5, 5, 1, 6, 4, 1, 4, 1, 5, 3, 3, 1, 1, 4, 4, 1, 5, 1, 5, 6, 2, 5, 6, 5, 5, 1, 6, 3, 5, 4, 5, 4, 5, 4, 2, 4, 1, 2, 3, 2, 6, 3, 6, 6, 6, 4, 6, 5, 6, 2, 3, 2, 1, 5, 1, 3, 1, 5, 5] [6, 6, 3, 4, 4, 7, 5, 5, 6, 4, 3, 2, 4, 7, 3, 6, 3, 3, 6, 1, 4, 7, 6, 1, 7, 6, 2, 6, 2, 6, 5, 5, 1, 3, 6, 4, 3, 5, 1, 5, 7, 3, 7, 8, 5, 5, 2, 6, 5, 6, 4, 5, 4, 7, 5, 2, 4, 3, 4, 3, 2, 7, 5, 7, 7, 8, 5, 6, 7, 8, 4, 4, 3, 1, 7, 1, 5, 2, 6, 5]
B_14 47.32 B 54 [4, 4, 3, 5, 2, 5, 5, 5, 3, 4, 2, 2, 2, 4, 6, 6, 1, 2, 3, 2, 6, 1, 3, 6, 2, 4, 2, 1, 6, 4, 4, 4, 6, 3, 5, 2, 4, 4, 6, 4, 6, 1, 6, 1, 6, 3, 2, 3, 3, 4, 4, 5, 2, 4, 3, 2, 4, 2, 3, 5, 6, 2, 3, 1, 5, 5, 1, 4, 4, 1, 3, 5, 5, 1, 1, 5, 4, 3, 6, 1] [5, 5, 4, 6, 3, 6, 5, 7, 4, 5, 2, 3, 4, 5, 6, 8, 3, 3, 5, 4, 8, 3, 3, 8, 3, 4, 3, 3, 6, 5, 6, 4, 8, 5, 7, 3, 6, 6, 8, 5, 6, 1, 6, 2, 7, 4, 2, 3, 4, 5, 5, 7, 2, 5, 5, 4, 5, 4, 3, 6, 8, 4, 4, 2, 5, 6, 1, 4, 6, 3, 5, 7, 7, 3, 2, 6, 5, 3, 6, 3]
B_15 52.87 B 55 [6, 4, 3, 5, 2, 2, 2, 4, 3, 6, 6, 2, 1, 3, 3, 6, 2, 3, 1, 2, 3, 4, 1, 3, 3, 1, 6, 6, 6, 2, 1, 3, 2, 5, 1, 5, 5, 3, 2, 2, 2, 3, 5, 1, 6, 5, 4, 2, 4, 2, 3, 4, 2, 2, 2, 1, 6, 6, 5, 2, 1, 2, 5, 3, 6, 2, 1, 5, 4, 3, 4, 5, 1, 4, 2, 6, 5, 5, 1, 5] [8, 5, 4, 6, 4, 3, 2, 4, 3, 8, 6, 3, 2, 5, 5, 6, 3, 5, 2, 4, 3, 6, 3, 5, 3, 3, 6, 8, 7, 3, 1, 3, 2, 6, 3, 5, 6, 4, 3, 3, 4, 3, 7, 3, 8, 6, 4, 2, 6, 2, 5, 4, 4, 2, 4, 1, 6, 8, 5, 3, 2, 2, 5, 3, 7, 3, 3, 6, 5, 5, 6, 6, 3, 5, 3, 7, 5, 7, 3, 5]
B_16 60.5 B 56 [3, 5, 5, 5, 4, 5, 6, 5, 2, 6, 2, 4, 1, 3, 3, 5, 5, 1, 2, 4, 5, 4, 5, 6, 6, 5, 1, 3, 5, 3, 2, 3, 2, 4, 5, 6, 2, 1, 4, 3, 2, 5, 5, 2, 3, 6, 2, 3, 2, 3, 1, 1, 6, 4, 4, 6, 5, 4, 4, 4, 3, 6, 4, 3, 6, 5, 6, 6, 2, 3, 3, 6, 2, 3, 3, 6, 4, 6, 3, 4] [3, 6, 6, 5, 5, 5, 7, 5, 4, 6, 4, 4, 1, 4, 4, 6, 5, 1, 4, 5, 6, 4, 5, 7, 8, 6, 3, 5, 5, 5, 4, 5, 3, 4, 5, 6, 3, 3, 4, 5, 3, 7, 5, 3, 5, 8, 4, 4, 4, 3, 3, 3, 8, 4, 5, 6, 6, 4, 6, 5, 4, 6, 6, 3, 8, 7, 7, 6, 2, 4, 5, 6, 4, 3, 3, 8, 6, 6, 4, 6]
B_17 61.5 B 57 [5, 2, 3, 6, 6, 2, 3, 6, 2, 2, 2, 6, 1, 5, 3, 5, 3, 2, 4, 4, 3, 2, 2, 1, 4, 1, 2, 1, 4, 4, 5, 3, 5, 6, 2, 4, 3, 4, 4, 6, 5, 5, 1, 6, 5, 4, 3, 5, 3, 5, 1, 2, 4, 1, 2, 6, 4, 2, 6, 4, 6, 5, 2, 2, 5, 3, 2, 1, 5, 3, 5, 3, 3, 3, 3, 1, 2, 1, 2, 5] [5, 3, 5, 8, 7, 3, 4, 6, 3, 4, 3, 8, 2, 7, 3, 5, 3, 3, 4, 4, 4, 2, 2, 2, 6, 3, 2, 1, 5, 4, 7, 5, 5, 8, 3, 4, 3, 6, 5, 8, 7, 5, 2, 8, 7, 4, 4, 7, 5, 6, 1, 2, 4, 3, 4, 8, 4, 3, 6, 5, 6, 6, 4, 3, 7, 4, 2, 3, 7, 4, 7, 3, 5, 3, 3, 2, 3, 3, 4, 5]
B_18 62.5 B 58 [5, 5, 3, 1, 5, 3, 6, 1, 2, 4, 2, 4, 1, 2, 5, 3, 2, 3, 6, 6, 4, 6, 5, 2, 3, 4, 2, 5, 6, 5, 1, 2, 6, 4, 2, 2, 3, 1, 2, 3, 6, 6, 2, 1, 4, 1, 6, 6, 3, 1, 4, 6, 6, 2, 3, 5, 4, 6, 4, 4, 1, 6, 3, 1, 3, 4, 4, 4, 3, 6, 5, 5, 1, 3, 2, 5, 6, 6, 5, 6] [5, 6, 5, 2, 7, 5, 8, 2, 4, 4, 2, 6, 3, 3, 5, 3, 4, 3, 6, 7, 5, 7, 7, 2, 3, 6, 3, 7, 7, 7, 3, 4, 7, 4, 3, 3, 4, 3, 2, 5, 7, 7, 4, 2, 5, 2, 8, 8, 5, 1, 5, 8, 6, 4, 3, 5, 6, 6, 4, 6, 3, 8, 5, 3, 5, 5, 6, 6, 5, 6, 7, 5, 1, 3, 3, 5, 6, 6, 5, 7]
B_19 64.15 B 59 [3, 3, 6, 2, 3, 3, 3, 4, 4, 5, 4, 5, 5, 6, 6, 5, 4, 1, 2, 4, 4, 5, 1, 5, 5, 2, 3, 6, 4, 4, 1, 3, 2, 2, 6, 3, 5, 2, 2, 4, 5, 6, 6, 3, 4, 6, 6, 1, 6, 5, 1, 3, 5, 3, 5, 2, 4, 4, 4, 1, 2, 5, 3, 6, 5, 2, 1, 3, 2, 2, 3, 1, 3, 4, 6, 6, 2, 4, 5, 2] [3, 4, 7, 2, 5, 3, 3, 5, 6, 7, 6, 7, 7, 6, 7, 6, 6, 1, 3, 6, 6, 6, 2, 6, 5, 4, 3, 8, 5, 6, 3, 3, 4, 3, 7, 4, 5, 3, 2, 5, 6, 7, 6, 4, 5, 8, 7, 1, 7, 5, 3, 4, 5, 3, 6, 3, 5, 5, 6, 2, 3, 5, 3, 7, 7, 4, 1, 5, 4, 4, 3, 2, 3, 4, 6, 7, 3, 6, 6, 4]
B_20 68.01 B 60 [2, 4, 6, 5, 4, 5, 2, 3, 2, 1, 2, 6, 1, 3, 6, 5, 5, 6, 3, 2, 4, 2, 5, 1, 4, 3, 3, 6, 3, 1, 3, 2, 3, 1, 5, 2, 5, 2, 5, 5, 3, 5, 2, 4, 2, 5, 2, 1, 2, 5, 1, 1, 4, 2, 6, 1, 3, 6, 1, 2, 5, 1, 5, 5, 3, 2, 6, 6, 4, 6, 1, 2, 3, 5, 6, 5, 3, 3, 5, 1] [4, 6, 7, 7, 5, 5, 2, 5, 2, 1, 2, 8, 3, 5, 7, 5, 7, 8, 4, 2, 4, 3, 6, 3, 4, 4, 5, 8, 3, 2, 3, 3, 3, 1, 6, 4, 5, 4, 7, 7, 4, 5, 4, 5, 2, 5, 3, 3, 4, 5, 3, 2, 4, 2, 8, 2, 4, 6, 3, 3, 6, 3, 5, 5, 5, 3, 7, 7, 5, 8, 2, 4, 5, 5, 8, 7, 3, 3, 6, 1]
B_21 73.5 B 61 [2, 2, 5, 5, 3, 4, 3, 5, 6, 3, 5, 5, 3, 5, 3, 6, 1, 6, 1, 6, 5, 5, 5, 5, 1, 5, 6, 4, 6, 1, 4, 3, 1, 4, 3, 5, 2, 2, 4, 1, 4, 5, 2, 6, 3, 1, 6, 4, 5, 3, 3, 6, 5, 6, 2, 2, 6, 5, 6, 5, 1, 5, 4, 1, 6, 5, 3, 4, 4, 1, 3, 1, 1, 2, 4, 1, 1, 3, 6, 4] [2, 2, 7, 7, 5, 6, 3, 5, 7, 3, 6, 7, 4, 7, 5, 7, 2, 6, 1, 6, 6, 5, 6, 7, 2, 5, 7, 5, 7, 1, 6, 3, 1, 4, 3, 5, 3, 3, 4, 3, 6, 5, 3, 7, 5, 3, 7, 4, 6, 5, 5, 8, 5, 7, 4, 2, 6, 6, 8, 5, 3, 5, 4, 2, 8, 6, 3, 6, 6, 3, 4, 3, 2, 2, 4, 3, 3, 4, 8, 5]
B_22 75.43 B 62 [6, 4, 1, 3, 3, 1, 1, 4, 1, 5, 5, 2, 3, 2, 3, 1, 3, 4, 3, 3, 4, 2, 2, 2, 2, 5, 1, 4, 2, 5, 2, 5, 4, 3, 6, 3, 1, 6, 4, 4, 4, 2, 6, 2, 4, 3, 6, 3, 2, 1, 3, 2, 5, 3, 3, 5, 4, 2, 3, 3, 5, 4, 4, 3, 4, 1, 6, 1, 2, 1, 1, 4, 2, 4, 1, 4, 3, 2, 6, 2] [6, 6, 3, 3, 4, 3, 2, 5, 3, 7, 7, 2, 3, 3, 3, 3, 3, 4, 3, 3, 5, 2, 2, 3, 3, 5, 3, 5, 3, 6, 2, 7, 5, 5, 7, 5, 2, 7, 6, 5, 6, 4, 6, 3, 6, 5, 7, 5, 4, 2, 3, 2, 7, 5, 4, 5, 6, 4, 5, 3, 5, 4, 4, 4, 5, 3, 7, 2, 2, 3, 3, 6, 4, 4, 3, 5, 3, 4, 6, 3]
B_23 89.62 B 63 [6, 6, 3, 2, 6, 4, 6, 6, 5, 2, 1, 4, 1, 2, 6, 2, 4, 4, 1, 1, 1, 1, 5, 5, 6, 1, 6, 5, 6, 4, 6, 2, 5, 5, 1, 4, 6, 6, 3, 4, 4, 4, 4, 4, 6, 2, 1, 2, 1, 2, 1, 3, 2, 6, 1, 3, 3, 2, 1, 6, 5, 1, 3, 2, 2, 4, 1, 3, 5, 6, 6, 6, 2, 3, 2, 4, 5, 4, 6, 4] [8, 6, 3, 4, 7, 6, 7, 8, 5, 3, 2, 5, 3, 3, 7, 4, 5, 5, 3, 3, 3, 2, 5, 5, 8, 1, 7, 7, 7, 4, 6, 2, 6, 5, 1, 5, 7, 7, 4, 6, 4, 5, 6, 4, 8, 2, 1, 2, 2, 2, 1, 5, 2, 7, 2, 3, 3, 3, 3, 7, 5, 2, 4, 4, 4, 6, 2, 3, 6, 8, 8, 7, 4, 4, 4, 6, 6, 6, 7, 5]
B_24 91.53 B 64 [4, 3, 6, 5, 3, 4, 3, 3, 5, 5, 4, 3, 2, 6, 1, 6, 1, 3, 6, 1, 4, 3, 4, 5, 2, 6, 6, 1, 5, 3, 5, 1, 5, 3, 5, 2, 5, 3, 6, 4, 5, 1, 2, 5, 5, 3, 4, 1, 1, 6, 5, 6, 6, 6, 5, 6, 6, 5, 3, 5, 3, 6, 4, 2, 2, 3, 6, 2, 3, 4, 6, 5, 6, 1, 2, 3, 4, 3, 3, 4] [6, 5, 7, 6, 4, 4, 4, 4, 6, 7, 4, 5, 2, 7, 3, 8, 1, 3, 8, 3, 4, 4, 5, 5, 4, 7, 8, 1, 5, 4, 7, 3, 6, 4, 7, 2, 7, 4, 7, 4, 5, 2, 3, 7, 7, 3, 5, 3, 1, 6, 7, 7, 8, 7, 5, 7, 8, 7, 5, 7, 5, 8, 5, 4, 4, 5, 8, 2, 3, 4, 8, 6, 8, 3, 4, 3, 5, 3, 5, 6]
B_25 92.53 B 65 [4, 1, 5, 1, 6, 3, 2, 4, 3, 6, 2, 4, 6, 1, 4, 4, 6, 3, 1, 5, 6, 6, 1, 5, 6, 4, 4, 6, 3, 6, 5, 3, 6, 5, 1, 3, 5, 1, 5, 2, 2, 2, 3, 3, 6, 6, 6, 6, 4, 5, 1, 2, 3, 6, 5, 2, 5, 3, 4, 2, 2, 5, 1, 4, 3, 3, 4, 5, 5, 3, 4, 2, 4, 1, 6, 3, 6, 3, 6, 3] [6, 2, 5, 2, 8, 5, 2, 5, 4, 6, 3, 5, 7, 1, 6, 6, 7, 4, 1, 7, 7, 6, 2, 5, 8, 6, 6, 8, 4, 8, 7, 4, 6, 6, 2, 5, 6, 2, 5, 2, 2, 2, 3, 5, 7, 7, 8, 6, 4, 5, 2, 2, 3, 8, 6, 3, 7, 4, 5, 4, 3, 6, 3, 6, 5, 3, 4, 6, 5, 5, 4, 4, 4, 1, 8, 3, 8, 3, 8, 5]
B_26 93.53 B 66 [3, 6, 6, 6, 4, 5, 4, 3, 3, 4, 5, 6, 2, 3, 4, 3, 1, 2, 5, 5, 1, 5, 6, 4, 2, 5, 2, 2, 5, 4, 2, 4, 5, 3, 4, 5, 5, 2, 5, 3, 5, 6, 1, 4, 1, 5, 4, 2, 6, 6, 4, 5, 5, 4, 1, 1, 6, 2, 4, 1, 6, 3, 6, 1, 6, 4, 1, 3, 6, 2, 1, 5, 2, 6, 4, 4, 5, 4, 1, 6] [5, 7, 7, 7, 6, 7, 4, 3, 3, 4, 6, 7, 3, 4, 4, 3, 3, 3, 6, 5, 1, 6, 7, 5, 3, 7, 4, 4, 5, 6, 2, 6, 7, 3, 5, 6, 7, 2, 7, 3, 6, 7, 3, 5, 3, 5, 5, 3, 7, 8, 6, 6, 6, 5, 1, 3, 7, 2, 6, 1, 7, 3, 7, 2, 8, 4, 3, 4, 6, 2, 3, 5, 2, 7, 6, 4, 5, 5, 2, 6]
B_27 96.41 B 67 [3, 5, 4, 6, 2, 1, 5, 6, 6, 4, 5, 4, 6, 4, 1, 6, 5, 2, 2, 3, 4, 2, 6, 4, 2, 3, 6, 2, 5, 6, 1, 5, 3, 2, 3, 3, 4, 3, 2, 6, 1, 4, 2, 1, 1, 1, 6, 1, 2, 2, 1, 6, 5, 6, 4, 5, 6, 1, 4, 3, 6, 4, 1, 3, 2, 5, 3, 6, 3, 4, 6, 5, 4, 1, 3, 6, 3, 3, 6, 2] [5, 7, 6, 7, 2, 1, 5, 6, 6, 6, 7, 4, 6, 5, 2, 6, 5, 2, 4, 4, 5, 2, 7, 6, 3, 4, 7, 4, 6, 7, 3, 7, 3, 3, 5, 3, 4, 3, 2, 8, 2, 5, 2, 1, 1, 2, 8, 3, 3, 3, 2, 7, 7, 6, 4, 6, 6, 3, 6, 5, 7, 6, 2, 3, 2, 6, 4, 7, 5, 6, 7, 5, 5, 2, 4, 8, 5, 4, 6, 4]
B_28 100.21 B 68 [3, 3, 5, 1, 6, 2, 3, 3, 1, 2, 3, 2, 1, 2, 3, 5, 4, 3, 2, 1, 2, 2, 4, 4, 3, 1, 1, 6, 2, 2, 2, 3, 3, 6, 3, 1, 1, 6, 3, 2, 3, 6, 3, 1, 4, 4, 6, 1, 1, 4, 4, 4, 1, 5, 4, 4, 2, 5, 3, 2, 4, 4, 2, 5, 3, 5, 6, 3, 5, 3, 6, 1, 4, 2, 6, 5, 4, 3, 5, 2] [3, 4, 7, 1, 7, 4, 5, 3, 2, 4, 5, 2, 1, 2, 3, 7, 6, 3, 4, 2, 3, 3, 5, 5, 3, 1, 2, 7, 2, 3, 4, 4, 5, 8, 5, 2, 3, 7, 5, 2, 5, 6, 3, 2, 6, 5, 8, 3, 2, 6, 4, 4, 2, 7, 6, 5, 2, 7, 5, 4, 5, 6, 2, 6, 3, 5, 6, 5, 6, 5, 7, 2, 6, 4, 8, 5, 4, 3, 6, 3]
B_29 103.39 B 69 [1, 2, 6, 1, 1, 6, 3, 3, 2, 4, 1, 3, 6, 4, 5, 2, 1, 6, 2, 5, 2, 5, 2, 5, 4, 6, 3, 6, 2, 3, 6, 6, 1, 4, 1, 6, 6, 3, 3, 3, 2, 5, 3, 1, 1, 3, 3, 4, 4, 1, 1, 4, 2, 6, 1, 3, 3, 3, 6, 2, 6, 1, 1, 6, 4, 3, 2, 4, 3, 6, 2, 6, 6, 6, 5, 4, 4, 1, 3, 3] [2, 2, 8, 3, 1, 8, 4, 4, 2, 4, 2, 3, 8, 4, 6, 4, 1, 8, 3, 6, 4, 5, 2, 7, 4, 8, 5, 7, 3, 4, 8, 7, 3, 6, 3, 8, 6, 5, 3, 3, 2, 7, 4, 1, 3, 3, 4, 5, 6, 2, 3, 5, 2, 8, 3, 5, 4, 4, 6, 4, 8, 3, 3, 8, 4, 5, 2, 6, 5, 6, 3, 7, 6, 8, 6, 6, 6, 3, 5, 3]
B_30 107.93 B 70 [5, 4, 6, 3, 3, 1, 5, 4, 5, 6, 1, 3, 2, 6, 3, 1, 5, 6, 4, 1, 5, 2, 3, 4, 2, 3, 3, 6, 3, 6, 4, 1, 2, 2, 3, 3, 5, 6, 3, 2, 6, 4, 2, 3, 2, 2, 1, 1, 5, 6, 6, 1, 5, 2, 3, 4, 3, 5, 5, 3, 1, 3, 1, 6, 6, 4, 1, 6, 6, 2, 3, 2, 1, 6, 1, 5, 2, 6, 3, 2] [7, 5, 7, 4, 3, 2, 5, 5, 5, 8, 1, 3, 2, 6, 4, 1, 7, 8, 4, 1, 6, 4, 5, 5, 2, 4, 4, 6, 4, 7, 4, 1, 3, 3, 4, 3, 5, 6, 5, 4, 8, 5, 4, 5, 2, 4, 1, 3, 7, 8, 6, 2, 7, 4, 5, 6, 5, 7, 7, 3, 2, 4, 3, 8, 8, 4, 3, 7, 7, 3, 3, 4, 2, 8, 1, 5, 2, 8, 5, 2]
B_31 109.91000000000001 B 71 [4, 5, 6, 4, 3, 1, 2, 5, 4, 2, 1, 6, 3, 5, 2, 5, 6, 2, 6, 5, 1, 1, 1, 5, 3, 6, 4, 1, 6, 5, 1, 5, 4, 1, 4, 4, 3, 5, 4, 2, 2, 2, 5, 3, 4, 3, 3, 3, 3, 1, 6, 6, 3, 3, 5, 5, 6, 3, 5, 1, 2, 1, 4, 6, 5, 2, 5, 5, 1, 6, 2, 3, 2, 5, 2, 5, 5, 1, 6, 6] [5, 6, 6, 5, 4, 2, 3, 6, 5, 4, 3, 6, 3, 5, 4, 7, 8, 2, 8, 7, 2, 3, 1, 6, 3, 6, 5, 2, 6, 7, 2, 5, 5, 1, 5, 4, 4, 5, 6, 2, 3, 4, 7, 3, 4, 5, 3, 4, 4, 1, 7, 8, 4, 4, 7, 6, 6, 3, 5, 2, 4, 3, 6, 7, 6, 4, 5, 5, 2, 7, 4, 5, 3, 7, 4, 5, 5, 2, 6, 6]
B_32 113.41000000000001 B 72 [6, 1, 6, 5, 1, 4, 1, 5, 3, 3, 3, 1, 4, 1, 6, 2, 5, 4, 1, 5, 2, 2, 3, 6, 5, 3, 5, 6, 5, 2, 6, 2, 5, 2, 3, 4, 6, 2, 3, 2, 4, 5, 1, 6, 1, 3, 2, 2, 5, 3, 3, 4, 2, 2, 5, 1, 2, 3, 1, 3, 3, 1, 2, 2, 6, 4, 2, 4, 4, 6, 1, 2, 4, 4, 6, 3, 2, 2, 4, 2] [8, 2, 8, 7, 1, 5, 3, 6, 3, 5, 5, 2, 6, 3, 8, 4, 5, 6, 1, 7, 4, 3, 3, 8, 7, 5, 6, 6, 6, 4, 6, 2, 6, 4, 4, 5, 8, 3, 3, 4, 5, 7, 2, 8, 1, 5, 2, 2, 6, 4, 3, 5, 2, 3, 7, 3, 4, 5, 1, 3, 5, 2, 4, 4, 8, 4, 2, 5, 6, 6, 2, 3, 4, 6, 7, 4, 3, 3, 4, 3]
B_33 114.41000000000001 B 73 [6, 4, 3, 5, 3, 2, 2, 5, 2, 5, 1, 1, 6, 2, 6, 4, 2, 5, 6, 6, 4, 6, 1, 4, 4, 1, 6, 4, 2, 3, 3, 6, 6, 2, 4, 4, 6, 5, 3, 5, 6, 3, 6, 6, 6, 3, 3, 2, 2, 5, 2, 4, 2, 1, 1, 4, 3, 3, 3, 4, 5, 2, 4, 3, 1, 1, 6, 1, 2, 6, 6, 5, 4, 5, 2, 5, 2, 4, 5, 5] [6, 6, 3, 7, 5, 3, 4, 6, 4, 7, 1, 2, 6, 3, 6, 5, 4, 5, 8, 7, 5, 8, 3, 5, 4, 1, 8, 4, 2, 3, 3, 8, 7, 3, 6, 4, 6, 6, 3, 6, 6, 5, 6, 6, 7, 5, 3, 4, 2, 5, 3, 5, 3, 1, 3, 5, 3, 3, 3, 4, 5, 2, 4, 4, 3, 1, 7, 2, 4, 8, 8, 7, 6, 6, 4, 7, 2, 6, 5, 7]
B_34 115.41000000000001 B 74 [2, 5, 1, 6, 4, 2, 2, 6, 2, 6, 4, 3, 4, 5, 2, 4, 1, 1, 6, 5, 2, 5, 1, 4, 3, 3, 5, 5, 5, 5, 6, 1, 6, 6, 1, 6, 6, 5, 6, 5, 5, 5, 1, 2, 6, 6, 3, 1, 3, 6, 3, 6, 5, 5, 1, 2, 3, 3, 2, 6, 6, 4, 1, 2, 2, 6, 4, 3, 6, 5, 1, 2, 6, 2, 3, 1, 6, 6, 5, 4] [2, 6, 1, 6, 4, 4, 3, 7, 2, 7, 6, 3, 4, 5, 2, 4, 1, 3, 7, 6, 2, 6, 1, 4, 5, 4, 6, 7, 7, 7, 6, 3, 8, 7, 3, 7, 8, 7, 7, 7, 7, 7, 3, 4, 8, 6, 3, 1, 4, 8, 5, 6, 6, 7, 2, 3, 3, 3, 3, 6, 8, 4, 3, 4, 4, 8, 6, 4, 8, 6, 1, 4, 7, 4, 3, 2, 6, 7, 7, 6]
B_35 116.41000000000001 B 75 [6, 6, 1, 4, 2, 2, 5, 3, 1, 2, 5, 4, 2, 3, 2, 1, 2, 1, 4, 1, 3, 3, 3, 5, 2, 4, 2, 1, 3, 6, 5, 4, 4, 1, 4, 2, 4, 5, 6, 4, 4, 4, 5, 3, 3, 1, 6, 6, 5, 6, 3, 5, 1, 1, 5, 6, 6, 1, 5, 6, 5, 1, 4, 4, 3, 3, 4, 6, 5, 4, 5, 5, 3, 5, 1, 5, 3, 5, 1, 5] [7, 8, 3, 5, 2, 2, 5, 3, 3, 4, 6, 4, 3, 3, 4, 2, 2, 1, 4, 2, 5, 4, 4, 6, 4, 5, 3, 2, 4, 8, 7, 5, 6, 3, 4, 2, 6, 5, 7, 6, 5, 6, 6, 5, 5, 2, 8, 8, 6, 8, 5, 7, 1, 1, 6, 7, 8, 2, 5, 7, 7, 3, 5, 6, 3, 3, 4, 8, 5, 6, 5, 5, 4, 7, 2, 7, 3, 6, 3, 5]
B_36 118.43 B 76 [1, 1, 4, 3, 6, 6, 2, 1, 6, 3, 5, 4, 1, 3, 6, 4, 6, 1, 2, 3, 6, 4, 4, 2, 3, 6, 6, 4, 2, 3, 4, 6, 3, 4, 4, 5, 1, 5, 3, 2, 1, 4, 4, 2, 4, 4, 1, 5, 6, 4, 3, 1, 6, 3, 4, 5, 4, 2, 6, 2, 3, 1, 3, 5, 4, 6, 5, 3, 4, 4, 2, 5, 2, 2, 6, 3, 2, 5, 2, 5] [2, 2, 6, 3, 7, 6, 2, 3, 8, 4, 6, 6, 1, 5, 8, 4, 7, 2, 3, 3, 6, 5, 5, 3, 5, 8, 8, 4, 4, 3, 4, 7, 4, 6, 5, 5, 3, 5, 3, 4, 2, 5, 4, 3, 5, 6, 1, 7, 6, 6, 4, 2, 7, 5, 5, 5, 6, 3, 6, 3, 3, 3, 3, 6, 5, 8, 5, 5, 4, 6, 2, 5, 3, 2, 6, 3, 2, 7, 2, 5]
B_37 119.43 B 77 [2, 5, 6, 3, 3, 3, 2, 6, 4, 1, 5, 1, 1, 6, 3, 6, 2, 3, 1, 5, 5, 3, 2, 1, 4, 3, 6, 3, 5, 3, 5, 6, 1, 1, 6, 5, 6, 2, 5, 1, 1, 3, 1, 1, 4, 1, 1, 5, 3, 6, 6, 5, 4, 1, 3, 5, 6, 1, 6, 4, 3, 3, 2, 4, 3, 3, 4, 3, 3, 1, 6, 1, 2, 4, 6, 5, 5, 3, 3, 6] [4, 5, 7, 5, 5, 3, 2, 8, 5, 1, 5, 3, 3, 7, 5, 8, 2, 5, 2, 6, 5, 3, 3, 3, 5, 3, 6, 4, 7, 5, 7, 6, 3, 2, 7, 6, 6, 3, 6, 2, 1, 3, 2, 1, 4, 1, 2, 7, 4, 7, 7, 7, 4, 2, 3, 7, 6, 3, 6, 6, 3, 4, 4, 6, 3, 3, 5, 4, 3, 3, 8, 2, 3, 6, 7, 6, 7, 3, 4, 6]
B_38 121.16000000000001 B 78 [4, 5, 6, 6, 1, 5, 5, 6, 3, 2, 6, 5, 1, 1, 5, 1, 5, 2, 3, 5, 3, 2, 2, 3, 2, 1, 5, 3, 2, 6, 1, 3, 1, 4, 1, 5, 1, 3, 4, 1, 5, 5, 2, 3, 1, 5, 5, 5, 4, 1, 2, 5, 2, 5, 6, 1, 3, 2, 5, 5, 5, 6, 6, 6, 3, 6, 1, 6, 5, 3, 3, 6, 4, 5, 5, 1, 2, 3, 5, 5] [6, 5, 8, 7, 3, 5, 6, 6, 4, 3, 7, 5, 1, 1, 6, 3, 6, 3, 5, 6, 4, 4, 3, 4, 2, 1, 5, 5, 4, 6, 3, 5, 1, 5, 3, 5, 3, 3, 5, 3, 6, 6, 2, 3, 2, 7, 6, 5, 4, 1, 3, 6, 3, 6, 6, 3, 4, 4, 5, 6, 6, 8, 6, 7, 5, 8, 2, 6, 6, 5, 5, 6, 4, 5, 7, 3, 2, 4, 5, 7]
B_39 122.66000000000001 B 79 [1, 3, 3, 6, 4, 2, 3, 3, 2, 4, 3, 1, 3, 6, 2, 1, 5, 2, 1, 2, 6, 3, 3, 5, 5, 4, 6, 3, 3, 2, 4, 4, 4, 2, 2, 1, 4, 3, 3, 2, 1, 4, 1, 4, 3, 1, 5, 2, 2, 2, 1, 6, 6, 5, 1, 5, 4, 5, 6, 2, 1, 4, 2, 4, 4, 3, 6, 2, 2, 3, 2, 6, 2, 5, 4, 5, 5, 6, 5, 2] [1, 4, 5, 6, 4, 2, 3, 5, 2, 5, 5, 2, 4, 8, 4, 2, 6, 3, 3, 4, 6, 5, 3, 7, 7, 4, 7, 5, 5, 4, 4, 6, 4, 4, 3, 3, 6, 3, 4, 4, 2, 4, 1, 4, 3, 3, 6, 4, 4, 2, 2, 7, 8, 5, 3, 5, 6, 5, 7, 4, 1, 5, 3, 5, 6, 5, 6, 4, 3, 3, 2, 6, 3, 7, 6, 5, 5, 6, 7, 2]
