A_0 1.05 A 0 [1, 4, 1, 6, 5, 4, 1, 4, 2, 5, 4, 4, 5, 5, 1, 3, 2, 5, 4, 4, 5, 1, 2, 1, 1, 6, 5, 3, 1, 4, 3, 1, 4, 4, 5, 4, 2, 5, 4, 5, 4, 5, 1, 5, 4, 3, 5, 2, 5, 5, 6, 6, 4, 2, 1, 2, 3, 5, 4, 6, 3, 4, 6, 3, 1, 2, 4, 2, 3, 6, 1, 1, 6, 5, 5, 6, 6, 6, 1, 3] [3, 8, 4, 8, 9, 7, 4, 8, 5, 8, 6, 8, 7, 8, 5, 6, 4, 8, 8, 7, 7, 4, 4, 3, 5, 9, 8, 7, 4, 8, 7, 5, 7, 6, 8, 6, 4, 7, 8, 9, 8, 8, 3, 7, 6, 6, 9, 4, 8, 9, 10, 10, 8, 4, 4, 4, 7, 9, 7, 8, 6, 7, 10, 7, 5, 4, 7, 5, 5, 9, 4, 4, 9, 9, 8, 8, 10, 8, 5, 5]
A_1 2.05 A 1 [4, 2, 1, 1, 4, 3, 5, 5, 5, 6, 1, 6, 1, 4, 4, 4, 6, 1, 5, 2, 6, 3, 6, 4, 4, 6, 2, 6, 4, 6, 5, 6, 4, 2, 5, 1, 3, 3, 2, 5, 4, 1, 3, 1, 5, 4, 4, 1, 4, 1, 6, 2, 6, 6, 2, 1, 4, 6, 1, 1, 1, 4, 5, 3, 3, 6, 4, 4, 2, 6, 5, 5, 4, 2, 1, 5, 2, 3, 4, 4] [8, 6, 3, 5, 7, 7, 9, 7, 9, 9, 3, 8, 3, 8, 7, 8, 9, 5, 9, 4, 9, 6, 10, 7, 7, 10, 6, 8, 6, 10, 7, 9, 8, 5, 7, 3, 7, 5, 6, 7, 6, 5, 6, 5, 9, 8, 7, 5, 7, 3, 8, 4, 8, 8, 5, 4, 8, 10, 3, 3, 3, 7, 7, 5, 5, 8, 8, 6, 6, 9, 7, 7, 6, 6, 4, 7, 4, 5, 7, 6]
A_2 11.45 A 2 [1, 1, 3, 3, 2, 5, 1, 6, 3, 4, 2, 1, 1, 4, 4, 4, 6, 3, 6, 3, 6, 1, 6, 5, 1, 1, 2, 6, 6, 6, 2, 2, 3, 3, 2, 5, 6, 5, 1, 3, 6, 3, 1, 3, 2, 1, 6, 5, 6, 1, 6, 1, 3, 4, 6, 4, 1, 6, 3, 2, 4, 1, 3, 3, 5, 3, 2, 6, 5, 4, 6, 6, 3, 2, 2, 6, 5, 2, 1, 6] [4, 3, 6, 6, 5, 9, 3, 9, 7, 7, 6, 4, 4, 6, 6, 8, 8, 7, 9, 6, 10, 4, 8, 7, 3, 4, 5, 9, 8, 8, 5, 6, 7, 7, 6, 9, 9, 8, 3, 7, 10, 5, 5, 7, 6, 5, 9, 7, 10, 4, 10, 5, 6, 6, 8, 8, 5, 9, 5, 6, 7, 4, 7, 6, 9, 6, 4, 8, 9, 8, 9, 10, 6, 4, 5, 10, 7, 4, 4, 8]
A_3 12.62 A 3 [6, 1, 3, 3, 4, 1, 1, 4, 2, 5, 4, 2, 2, 6, 5, 2, 3, 4, 5, 4, 3, 5, 5, 6, 2, 4, 3, 3, 6, 6, 1, 3, 2, 3, 1, 5, 4, 3, 2, 6, 1, 2, 2, 1, 1, 6, 1, 5, 2, 6, 3, 6, 6, 4, 2, 6, 4, 2, 5, 3, 2, 4, 2, 4, 2, 6, 3, 2, 2, 3, 4, 3, 6, 1, 5, 6, 5, 6, 2, 3] [8, 5, 6, 7, 7, 4, 3, 8, 5, 7, 7, 6, 5, 9, 9, 4, 5, 7, 9, 6, 5, 7, 8, 9, 6, 8, 7, 6, 10, 8, 5, 6, 4, 5, 5, 9, 6, 6, 5, 10, 3, 5, 6, 3, 5, 9, 3, 8, 4, 9, 7, 9, 9, 8, 4, 8, 8, 6, 9, 7, 4, 6, 6, 7, 6, 10, 5, 5, 5, 5, 7, 7, 10, 4, 7, 8, 8, 8, 5, 5]
A_4 18.369999999999997 A 4 [5, 4, 2, 4, 2, 2, 2, 4, 1, 4, 5, 6, 4, 3, 5, 4, 6, 4, 5, 4, 3, 6, 4, 1, 2, 6, 6, 5, 6, 2, 3, 2, 5, 5, 1, 6, 3, 3, 6, 3, 2, 1, 1, 4, 3, 4, 1, 5, 3, 6, 2, 1, 2, 1, 3, 5, 6, 3, 6, 6, 4, 6, 4, 2, 2, 1, 6, 2, 5, 5, 4, 1, 2, 6, 5, 5, 3, 3, 1, 5] [9, 7, 5, 7, 5, 6, 6, 6, 5, 6, 8, 9, 7, 7, 7, 6, 8, 8, 8, 6, 5, 9, 8, 4, 5, 10, 9, 9, 10, 6, 5, 4, 9, 8, 4, 8, 6, 7, 10, 5, 4, 4, 4, 6, 5, 8, 5, 9, 7, 8, 4, 4, 5, 4, 6, 9, 10, 7, 9, 8, 6, 9, 6, 4, 5, 3, 8, 5, 8, 9, 6, 5, 4, 9, 8, 9, 5, 5, 4, 9]
A_5 19.609999999999996 A 5 [4, 3, 5, 1, 2, 1, 6, 6, 1, 6, 3, 2, 2, 1, 5, 5, 4, 1, 4, 3, 4, 3, 6, 5, 5, 6, 2, 1, 3, 2, 5, 3, 1, 6, 3, 6, 2, 2, 3, 4, 4, 4, 4, 1, 6, 2, 1, 1, 5, 1, 5, 4, 2, 4, 2, 1, 2, 2, 4, 2, 5, 4, 4, 4, 3, 1, 6, 5, 6, 3, 5, 1, 6, 3, 3, 5, 6, 5, 2, 1] [7, 7, 9, 4, 6, 5, 9, 10, 4, 9, 6, 6, 4, 5, 9, 7, 7, 3, 6, 7, 7, 5, 9, 9, 7, 9, 6, 5, 6, 4, 8, 6, 4, 8, 7, 10, 4, 5, 7, 6, 6, 6, 7, 3, 9, 5, 4, 3, 9, 4, 7, 7, 6, 7, 5, 4, 4, 4, 7, 4, 8, 6, 6, 6, 5, 5, 8, 7, 8, 7, 8, 5, 8, 6, 6, 7, 10, 7, 6, 4]
A_6 24.189999999999998 A 6 [1, 5, 1, 1, 2, 6, 2, 5, 3, 6, 5, 1, 5, 1, 6, 1, 5, 2, 6, 1, 1, 4, 4, 3, 4, 4, 5, 1, 5, 6, 2, 3, 6, 6, 6, 3, 3, 4, 2, 2, 4, 5, 3, 1, 5, 4, 6, 1, 6, 1, 6, 5, 5, 5, 1, 4, 2, 3, 5, 5, 4, 3, 5, 1, 4, 4, 1, 6, 6, 6, 2, 3, 2, 1, 2, 4, 3, 6, 6, 1] [4, 9, 3, 3, 6, 9, 6, 8, 7, 8, 7, 3, 7, 3, 9, 5, 8, 6, 8, 4, 4, 8, 7, 5, 6, 6, 7, 3, 8, 10, 4, 5, 10, 10, 8, 6, 5, 8, 5, 5, 6, 8, 6, 5, 8, 7, 8, 5, 10, 3, 8, 8, 8, 9, 3, 6, 4, 5, 9, 7, 8, 7, 9, 5, 8, 8, 4, 10, 8, 10, 4, 5, 4, 4, 6, 6, 7, 8, 9, 4]
A_7 28.459999999999997 A 7 [4, 5, 6, 4, 4, 6, 5, 6, 1, 4, 4, 6, 1, 5, 1, 4, 4, 4, 5, 1, 5, 3, 3, 3, 4, 6, 1, 2, 5, 6, 4, 5, 6, 5, 6, 5, 2, 4, 2, 6, 3, 4, 4, 2, 1, 4, 4, 1, 3, 4, 5, 1, 4, 2, 3, 1, 3, 1, 4, 2, 5, 5, 5, 6, 6, 2, 5, 2, 1, 6, 4, 4, 1, 2, 5, 4, 4, 4, 4, 1] [8, 7, 9, 8, 6, 10, 8, 8, 4, 7, 8, 10, 3, 9, 3, 6, 7, 6, 7, 4, 8, 6, 5, 5, 7, 9, 4, 4, 7, 9, 8, 7, 10, 8, 8, 7, 6, 6, 5, 9, 7, 6, 8, 6, 3, 7, 8, 4, 7, 8, 9, 3, 8, 4, 5, 5, 6, 3, 8, 5, 7, 7, 8, 10, 10, 6, 8, 4, 5, 8, 8, 7, 3, 5, 7, 6, 7, 8, 7, 4]
A_8 30.889999999999997 A 8 [2, 5, 3, 2, 1, 1, 3, 1, 4, 6, 5, 4, 1, 6, 2, 4, 4, 4, 3, 3, 5, 2, 3, 5, 1, 5, 4, 5, 1, 5, 3, 4, 3, 5, 2, 2, 2, 1, 2, 6, 2, 4, 2, 4, 6, 5, 2, 3, 5, 3, 3, 4, 4, 6, 6, 3, 6, 3, 6, 4, 1, 2, 2, 3, 4, 5, 4, 1, 4, 2, 2, 5, 2, 6, 2, 2, 4, 4, 5, 5] [5, 9, 7, 5, 5, 4, 7, 4, 8, 8, 8, 8, 4, 8, 4, 8, 7, 8, 5, 5, 7, 4, 7, 7, 4, 7, 6, 8, 5, 8, 5, 7, 5, 8, 4, 5, 4, 3, 5, 10, 4, 8, 6, 8, 10, 9, 4, 6, 7, 6, 7, 8, 6, 9, 9, 5, 10, 7, 10, 6, 3, 5, 5, 6, 8, 7, 7, 4, 7, 4, 6, 9, 4, 10, 6, 4, 7, 7, 9, 9]
A_9 32.3 A 9 [5, 6, 4, 5, 4, 6, 6, 4, 6, 4, 4, 3, 4, 5, 1, 5, 4, 6, 3, 1, 5, 5, 5, 5, 6, 3, 3, 3, 3, 5, 6, 6, 4, 6, 1, 4, 2, 6, 4, 3, 4, 5, 5, 4, 5, 3, 6, 5, 6, 5, 1, 4, 4, 6, 1, 3, 1, 2, 1, 5, 1, 1, 6, 3, 6, 3, 4, 3, 2, 2, 3, 3, 1, 5, 2, 5, 5, 4, 2, 4] [8, 9, 7, 7, 6, 9, 8, 7, 8, 6, 8, 5, 8, 9, 3, 7, 8, 9, 7, 4, 7, 8, 7, 9, 10, 5, 6, 6, 7, 7, 9, 8, 8, 9, 3, 8, 4, 9, 8, 5, 8, 8, 7, 7, 7, 7, 10, 7, 9, 8, 3, 7, 8, 9, 4, 5, 3, 5, 5, 7, 3, 4, 8, 6, 8, 5, 6, 5, 6, 4, 5, 7, 4, 7, 5, 8, 9, 6, 4, 6]
A_10 38.41 A 10 [4, 1, 2, 4, 5, 3, 5, 4, 5, 4, 4, 3, 5, 6, 4, 4, 4, 2, 2, 2, 3, 2, 1, 5, 5, 5, 4, 1, 1, 4, 4, 2, 2, 6, 4, 2, 1, 4, 4, 2, 6, 2, 3, 5, 5, 6, 3, 1, 2, 4, 4, 3, 5, 6, 3, 5, 2, 2, 6, 1, 3, 1, 2, 6, 6, 5, 3, 2, 6, 2, 1, 1, 3, 6, 4, 6, 5, 5, 5, 6] [6, 3, 6, 7, 8, 6, 7, 8, 8, 8, 7, 6, 9, 10, 7, 6, 7, 6, 4, 6, 5, 5, 5, 7, 8, 7, 7, 3, 5, 6, 8, 4, 4, 8, 6, 5, 4, 8, 7, 5, 9, 4, 5, 7, 9, 9, 5, 4, 5, 6, 8, 5, 7, 9, 6, 9, 6, 4, 10, 5, 7, 5, 4, 8, 9, 8, 5, 5, 8, 6, 4, 4, 6, 9, 6, 8, 9, 8, 9, 10]
A_11 39.41 A 11 [4, 6, 1, 2, 6, 2, 1, 6, 4, 3, 3, 4, 4, 4, 6, 4, 1, 3, 1, 4, 1, 5, 2, 2, 5, 6, 6, 6, 5, 4, 3, 4, 3, 6, 1, 1, 1, 3, 5, 5, 5, 5, 3, 3, 6, 4, 3, 5, 1, 1, 2, 1, 1, 5, 5, 2, 1, 2, 5, 1, 6, 5, 5, 6, 3, 2, 1, 6, 3, 4, 1, 4, 3, 5, 6, 1, 3, 2, 6, 5] [8, 8, 4, 6, 9, 6, 3, 10, 8, 5, 6, 8, 7, 7, 10, 6, 5, 5, 5, 7, 5, 9, 6, 6, 8, 8, 10, 8, 9, 8, 7, 6, 6, 8, 4, 4, 5, 5, 7, 8, 7, 9, 5, 5, 9, 6, 5, 8, 5, 5, 6, 5, 3, 7, 9, 4, 4, 4, 9, 4, 10, 8, 9, 8, 6, 4, 5, 8, 5, 6, 5, 6, 7, 7, 8, 3, 6, 6, 9, 8]
A_12 44.33 A 12 [5, 1, 1, 2, 4, 2, 5, 1, 1, 4, 5, 4, 1, 3, 2, 5, 1, 4, 4, 4, 2, 1, 4, 2, 3, 3, 3, 1, 1, 1, 2, 4, 6, 2, 6, 2, 6, 1, 3, 5, 4, 5, 6, 2, 1, 4, 1, 6, 6, 5, 1, 6, 2, 5, 6, 6, 3, 6, 2, 1, 3, 2, 2, 1, 6, 1, 6, 4, 4, 2, 2, 4, 3, 4, 2, 5, 3, 6, 2, 2] [7, 3, 4, 5, 7, 4, 7, 3, 4, 8, 9, 7, 3, 7, 4, 9, 5, 8, 7, 6, 5, 4, 6, 4, 5, 7, 7, 5, 5, 4, 6, 6, 8, 5, 9, 4, 9, 5, 6, 8, 8, 8, 10, 5, 5, 7, 4, 10, 10, 8, 3, 9, 4, 7, 8, 9, 5, 9, 5, 3, 6, 6, 5, 5, 8, 3, 10, 8, 7, 6, 4, 6, 5, 8, 4, 8, 5, 8, 5, 6]
A_13 45.33 A 13 [5, 4, 4, 6, 3, 1, 1, 5, 6, 5, 6, 4, 3, 3, 2, 3, 2, 5, 2, 5, 3, 1, 2, 6, 6, 1, 3, 3, 5, 1, 5, 5, 1, 1, 5, 6, 4, 1, 4, 3, 3, 3, 3, 3, 2, 2, 3, 2, 6, 5, 6, 2, 4, 6, 3, 4, 3, 1, 5, 1, 6, 2, 4, 3, 6, 4, 5, 4, 3, 2, 5, 3, 3, 1, 4, 5, 3, 2, 6, 1] [8, 8, 6, 9, 7, 5, 3, 9, 8, 9, 10, 7, 7, 5, 6, 5, 6, 8, 5, 7, 5, 4, 6, 10, 8, 4, 7, 5, 9, 3, 9, 7, 5, 3, 8, 8, 8, 3, 7, 6, 5, 6, 5, 5, 6, 4, 7, 4, 10, 8, 8, 6, 6, 10, 6, 6, 6, 3, 9, 4, 10, 4, 7, 7, 8, 8, 9, 6, 7, 4, 8, 6, 5, 5, 6, 8, 7, 5, 9, 3]
A_14 51.12 A 14 [1, 4, 4, 5, 5, 5, 6, 1, 2, 1, 4, 6, 2, 2, 3, 1, 6, 1, 5, 4, 4, 6, 1, 1, 2, 2, 5, 5, 3, 5, 1, 3, 5, 6, 3, 6, 1, 4, 1, 4, 1, 4, 3, 3, 5, 1, 6, 2, 2, 2, 5, 1, 1, 6, 1, 3, 5, 5, 4, 3, 6, 5, 3, 4, 1, 2, 2, 1, 1, 1, 6, 4, 1, 5, 3, 3, 6, 2, 4, 1] [5, 7, 6, 9, 7, 9, 9, 3, 4, 3, 7, 10, 4, 6, 6, 4, 10, 4, 8, 8, 8, 10, 5, 5, 5, 4, 9, 8, 6, 9, 3, 7, 9, 8, 5, 9, 3, 8, 5, 8, 4, 8, 5, 7, 7, 3, 10, 5, 6, 6, 9, 3, 4, 9, 4, 6, 9, 8, 6, 5, 9, 9, 6, 8, 5, 5, 5, 4, 4, 5, 9, 7, 3, 7, 5, 6, 9, 4, 6, 3]
A_15 53.199999999999996 A 15 [3, 4, 4, 2, 4, 5, 1, 4, 4, 5, 4, 4, 5, 3, 1, 2, 6, 6, 2, 6, 6, 6, 2, 6, 3, 6, 5, 4, 1, 4, 5, 2, 4, 3, 5, 2, 6, 1, 3, 4, 6, 3, 1, 6, 3, 5, 4, 4, 2, 3, 3, 6, 5, 4, 4, 3, 6, 6, 2, 5, 6, 6, 1, 1, 4, 2, 6, 4, 6, 3, 6, 1, 2, 2, 3, 3, 6, 5, 5, 5] [6, 8, 8, 4, 6, 7, 5, 6, 8, 7, 6, 6, 9, 5, 4, 6, 8, 8, 4, 9, 10, 8, 4, 10, 6, 9, 8, 8, 4, 8, 8, 6, 8, 6, 7, 4, 10, 3, 6, 6, 10, 5, 4, 9, 6, 8, 8, 7, 6, 7, 7, 9, 8, 7, 8, 7, 9, 9, 4, 8, 10, 8, 4, 5, 8, 4, 8, 6, 10, 6, 10, 5, 5, 4, 6, 5, 9, 8, 8, 9]
A_16 54.199999999999996 A 16 [2, 6, 6, 3, 6, 4, 5, 4, 4, 4, 4, 1, 1, 2, 6, 6, 4, 4, 5, 5, 3, 6, 5, 1, 4, 5, 3, 3, 6, 5, 1, 6, 4, 3, 2, 5, 5, 5, 3, 5, 5, 3, 4, 2, 3, 4, 3, 1, 5, 6, 5, 3, 3, 5, 3, 3, 5, 5, 3, 3, 4, 4, 4, 2, 3, 6, 1, 3, 1, 4, 4, 5, 6, 2, 4, 6, 5, 4, 6, 6] [4, 9, 8, 5, 8, 7, 8, 7, 7, 8, 7, 5, 5, 6, 10, 8, 8, 6, 8, 9, 7, 9, 7, 5, 6, 8, 6, 5, 10, 7, 4, 8, 6, 6, 5, 7, 9, 9, 6, 7, 9, 7, 7, 5, 6, 8, 6, 5, 7, 8, 8, 6, 7, 7, 5, 6, 9, 7, 5, 5, 7, 6, 6, 5, 6, 8, 5, 7, 5, 8, 6, 7, 8, 4, 6, 8, 9, 7, 9, 8]
A_17 55.199999999999996 A 17 [5, 1, 3, 4, 4, 1, 2, 4, 4, 6, 2, 3, 4, 5, 1, 6, 4, 3, 4, 4, 3, 2, 6, 3, 4, 1, 6, 3, 4, 6, 5, 3, 2, 1, 3, 5, 4, 3, 1, 1, 2, 4, 5, 2, 5, 3, 2, 6, 5, 3, 5, 1, 4, 2, 6, 3, 3, 3, 4, 3, 4, 1, 1, 2, 6, 6, 1, 3, 4, 5, 1, 1, 6, 5, 1, 4, 1, 3, 1, 6] [8, 5, 7, 7, 8, 3, 6, 6, 8, 9, 6, 5, 8, 8, 4, 8, 6, 7, 7, 6, 7, 5, 9, 5, 6, 4, 8, 5, 8, 8, 7, 5, 5, 3, 6, 7, 7, 5, 5, 3, 6, 6, 9, 5, 8, 5, 6, 9, 8, 6, 8, 4, 8, 4, 9, 6, 7, 7, 8, 7, 8, 5, 4, 5, 9, 9, 5, 7, 7, 8, 3, 5, 8, 9, 5, 7, 4, 6, 4, 10]
A_18 57.06999999999999 A 18 [4, 5, 6, 5, 5, 4, 6, 5, 3, 3, 2, 1, 4, 2, 5, 2, 5, 4, 1, 5, 3, 4, 3, 4, 6, 5, 2, 5, 2, 3, 2, 3, 5, 2, 1, 2, 1, 1, 1, 2, 5, 6, 2, 4, 4, 2, 3, 2, 3, 4, 4, 5, 6, 4, 3, 4, 2, 5, 5, 1, 1, 5, 5, 4, 2, 2, 5, 3, 5, 2, 3, 3, 2, 1, 2, 2, 5, 3, 5, 2] [8, 9, 9, 9, 8, 6, 8, 7, 5, 7, 4, 5, 7, 5, 8, 4, 8, 7, 3, 9, 5, 6, 7, 6, 9, 9, 5, 9, 4, 7, 4, 6, 8, 6, 5, 4, 5, 5, 4, 5, 9, 9, 4, 6, 8, 6, 7, 4, 6, 8, 6, 7, 9, 7, 7, 7, 6, 7, 8, 4, 3, 8, 7, 7, 6, 4, 7, 7, 8, 6, 5, 7, 6, 4, 6, 4, 7, 7, 8, 6]
A_19 58.66 A 19 [4, 2, 3, 4, 4, 3, 1, 1, 3, 1, 2, 4, 4, 5, 4, 6, 5, 4, 5, 6, 1, 5, 5, 6, 2, 6, 5, 6, 2, 4, 5, 3, 6, 1, 1, 4, 2, 6, 5, 1, 5, 5, 3, 5, 6, 2, 2, 6, 5, 2, 1, 2, 5, 3, 6, 3, 1, 5, 2, 5, 5, 1, 4, 4, 6, 1, 1, 1, 4, 4, 1, 6, 1, 6, 4, 2, 2, 1, 1, 1] [7, 4, 6, 6, 6, 7, 4, 4, 5, 4, 6, 7, 6, 7, 8, 9, 9, 6, 9, 10, 3, 9, 8, 10, 4, 9, 7, 8, 5, 6, 9, 7, 8, 3, 3, 8, 6, 9, 7, 5, 9, 9, 6, 8, 8, 5, 5, 8, 7, 5, 4, 4, 9, 5, 9, 7, 5, 7, 4, 7, 8, 3, 7, 6, 8, 3, 5, 4, 6, 7, 3, 10, 5, 9, 6, 6, 6, 5, 4, 5]
A_20 59.66 A 20 [5, 6, 6, 3, 3, 4, 1, 5, 5, 5, 3, 1, 2, 3, 4, 6, 3, 3, 3, 1, 3, 4, 5, 1, 1, 1, 6, 1, 2, 5, 1, 2, 1, 6, 5, 1, 4, 6, 5, 5, 2, 5, 5, 5, 3, 4, 6, 3, 2, 2, 6, 4, 4, 2, 4, 5, 6, 5, 3, 4, 2, 1, 2, 4, 3, 5, 5, 6, 3, 1, 4, 6, 6, 3, 3, 5, 1, 2, 1, 3] [7, 9, 10, 5, 5, 7, 4, 8, 7, 7, 5, 5, 5, 5, 8, 10, 7, 7, 5, 3, 6, 8, 8, 4, 5, 4, 10, 3, 5, 7, 5, 6, 4, 8, 7, 4, 8, 8, 8, 7, 6, 7, 8, 9, 7, 6, 10, 6, 4, 5, 9, 6, 7, 4, 6, 9, 10, 8, 7, 6, 5, 4, 6, 8, 7, 9, 8, 9, 6, 5, 6, 10, 10, 7, 6, 8, 5, 5, 5, 6]
A_21 66.53 A 21 [1, 3, 1, 5, 6, 3, 4, 3, 2, 5, 2, 5, 1, 1, 6, 6, 6, 2, 4, 5, 4, 5, 3, 1, 4, 2, 1, 2, 1, 2, 4, 6, 5, 1, 1, 2, 4, 5, 3, 6, 1, 5, 4, 4, 5, 2, 3, 4, 3, 5, 3, 2, 1, 1, 3, 6, 6, 4, 3, 3, 6, 2, 1, 1, 5, 5, 4, 3, 4, 4, 2, 5, 1, 2, 1, 3, 6, 1, 3, 1] [4, 6, 4, 7, 9, 5, 8, 6, 4, 8, 5, 9, 4, 4, 10, 8, 9, 5, 6, 9, 8, 9, 7, 5, 6, 6, 5, 4, 4, 6, 7, 10, 8, 5, 5, 4, 6, 9, 6, 9, 3, 9, 6, 7, 8, 6, 7, 6, 6, 7, 7, 5, 5, 5, 5, 10, 9, 6, 7, 7, 8, 5, 5, 5, 7, 9, 8, 5, 6, 8, 5, 9, 4, 4, 3, 7, 8, 5, 7, 3]
A_22 76.19 A 22 [2, 6, 6, 5, 4, 6, 4, 3, 3, 5, 1, 2, 4, 2, 1, 2, 5, 6, 3, 5, 5, 3, 6, 1, 2, 1, 1, 3, 2, 6, 1, 4, 4, 2, 5, 1, 5, 3, 1, 4, 5, 1, 2, 1, 6, 6, 4, 4, 6, 3, 4, 6, 3, 5, 4, 6, 5, 6, 5, 4, 3, 2, 1, 3, 1, 5, 3, 4, 3, 4, 4, 3, 6, 4, 6, 4, 5, 5, 2, 4] [4, 10, 8, 8, 8, 9, 7, 5, 7, 7, 5, 6, 6, 6, 5, 4, 7, 9, 7, 8, 8, 7, 9, 4, 4, 4, 3, 7, 6, 10, 5, 6, 6, 4, 7, 3, 9, 5, 3, 6, 7, 5, 6, 4, 10, 9, 8, 6, 8, 7, 7, 10, 7, 9, 7, 10, 8, 10, 9, 7, 6, 5, 5, 6, 4, 8, 5, 8, 6, 7, 7, 7, 8, 6, 10, 8, 8, 7, 4, 8]
A_23 78.11 A 23 [1, 4, 5, 6, 1, 5, 3, 3, 5, 5, 5, 2, 2, 6, 1, 6, 1, 3, 4, 6, 1, 1, 1, 4, 4, 5, 3, 4, 3, 3, 4, 4, 6, 2, 6, 2, 2, 6, 4, 3, 3, 4, 5, 4, 5, 2, 4, 2, 1, 5, 3, 4, 2, 6, 1, 4, 3, 6, 6, 1, 3, 3, 5, 4, 6, 6, 6, 5, 4, 5, 4, 4, 1, 3, 2, 5, 6, 5, 1, 4] [3, 7, 7, 9, 4, 9, 5, 5, 7, 9, 7, 6, 4, 10, 5, 10, 5, 5, 6, 10, 4, 5, 4, 6, 6, 8, 7, 6, 7, 7, 8, 6, 8, 6, 9, 4, 4, 10, 7, 5, 6, 6, 8, 6, 8, 6, 7, 4, 3, 8, 5, 7, 5, 10, 3, 7, 6, 8, 9, 4, 7, 6, 8, 6, 9, 10, 8, 9, 6, 9, 6, 8, 3, 6, 6, 7, 8, 7, 4, 7]
A_24 82.27 A 24 [1, 4, 1, 2, 2, 5, 4, 4, 1, 6, 5, 5, 3, 6, 2, 3, 4, 4, 6, 2, 1, 4, 2, 4, 2, 6, 2, 4, 3, 2, 5, 4, 4, 5, 4, 2, 1, 6, 2, 6, 2, 4, 3, 4, 2, 4, 1, 1, 3, 6, 4, 6, 4, 5, 2, 3, 1, 2, 5, 6, 2, 2, 2, 5, 2, 1, 3, 5, 4, 1, 1, 3, 2, 1, 3, 6, 1, 3, 4, 5] [5, 7, 3, 6, 5, 7, 6, 7, 4, 10, 8, 8, 5, 8, 5, 6, 6, 6, 9, 4, 5, 6, 4, 6, 5, 9, 6, 6, 5, 5, 9, 7, 6, 9, 7, 4, 4, 10, 4, 8, 5, 7, 7, 6, 5, 8, 4, 3, 6, 9, 7, 9, 6, 9, 6, 5, 3, 5, 9, 8, 6, 6, 6, 9, 6, 3, 7, 9, 7, 5, 3, 7, 6, 3, 5, 9, 3, 5, 8, 8]
A_25 85.38 A 25 [6, 6, 1, 4, 6, 6, 4, 6, 5, 3, 5, 6, 3, 1, 2, 6, 5, 1, 5, 6, 1, 2, 1, 5, 6, 6, 6, 5, 4, 4, 6, 2, 3, 3, 2, 5, 4, 5, 2, 1, 1, 2, 6, 1, 1, 6, 6, 4, 1, 3, 2, 4, 6, 4, 2, 4, 2, 3, 3, 3, 4, 1, 6, 2, 5, 4, 6, 5, 1, 5, 3, 6, 5, 2, 1, 1, 4, 4, 3, 5] [9, 10, 4, 8, 10, 9, 6, 9, 7, 5, 7, 8, 7, 4, 4, 9, 8, 4, 9, 9, 4, 6, 4, 8, 9, 10, 9, 8, 7, 8, 10, 4, 7, 6, 4, 9, 7, 7, 4, 5, 3, 5, 8, 3, 3, 10, 10, 6, 5, 7, 5, 8, 8, 6, 4, 8, 6, 6, 7, 6, 7, 4, 10, 4, 9, 6, 9, 8, 4, 9, 6, 8, 8, 4, 4, 4, 8, 8, 5, 7]
A_26 86.38 A 26 [5, 2, 2, 3, 6, 2, 5, 1, 4, 3, 4, 6, 3, 3, 5, 5, 3, 6, 2, 5, 6, 1, 1, 3, 2, 6, 2, 5, 1, 5, 5, 4, 5, 4, 5, 4, 1, 2, 3, 4, 2, 5, 1, 2, 2, 3, 2, 1, 2, 6, 2, 1, 5, 4, 6, 4, 3, 5, 3, 4, 4, 4, 2, 2, 1, 1, 4, 6, 4, 5, 3, 1, 2, 1, 2, 2, 1, 1, 5, 3] [8, 6, 5, 7, 9, 6, 7, 4, 6, 6, 7, 10, 7, 7, 9, 8, 6, 8, 5, 7, 10, 5, 3, 7, 6, 9, 5, 9, 4, 7, 9, 6, 7, 8, 9, 6, 4, 4, 7, 6, 5, 7, 3, 4, 4, 5, 5, 5, 5, 8, 4, 5, 9, 7, 10, 6, 5, 8, 5, 7, 7, 6, 5, 4, 3, 4, 7, 8, 6, 8, 7, 3, 5, 4, 6, 5, 5, 4, 8, 6]
A_27 91.03 A 27 [3, 6, 6, 3, 5, 1, 1, 2, 5, 3, 1, 6, 1, 3, 5, 4, 3, 3, 5, 6, 1, 2, 3, 4, 4, 5, 5, 6, 2, 2, 2, 1, 3, 6, 2, 2, 3, 3, 2, 4, 3, 3, 5, 5, 6, 1, 5, 1, 5, 5, 3, 4, 6, 5, 3, 1, 4, 4, 6, 4, 3, 6, 4, 5, 6, 3, 1, 6, 3, 6, 1, 1, 6, 3, 2, 4, 5, 2, 2, 2] [7, 8, 9, 6, 9, 5, 3, 4, 8, 6, 3, 8, 5, 5, 8, 8, 5, 5, 9, 8, 3, 4, 7, 6, 6, 8, 9, 9, 4, 6, 5, 3, 7, 10, 5, 5, 7, 5, 5, 6, 7, 6, 8, 8, 9, 4, 7, 4, 9, 9, 7, 6, 9, 7, 5, 3, 7, 8, 9, 8, 5, 9, 7, 9, 8, 7, 5, 8, 7, 9, 4, 3, 9, 6, 6, 7, 8, 5, 6, 6]
A_28 95.04 A 28 [1, 4, 6, 6, 6, 3, 5, 5, 1, 3, 1, 5, 1, 5, 3, 1, 6, 4, 2, 2, 2, 1, 2, 3, 3, 4, 1, 2, 1, 2, 1, 6, 2, 1, 2, 3, 5, 1, 2, 3, 1, 2, 3, 4, 1, 3, 5, 3, 5, 6, 6, 6, 2, 1, 3, 6, 4, 4, 6, 4, 6, 2, 3, 1, 6, 4, 4, 1, 6, 5, 4, 5, 4, 2, 2, 3, 4, 3, 3, 3] [4, 6, 8, 10, 10, 6, 8, 7, 5, 7, 5, 9, 5, 9, 6, 4, 10, 8, 4, 5, 5, 4, 6, 7, 5, 7, 4, 4, 5, 5, 4, 8, 6, 4, 4, 6, 8, 3, 5, 7, 4, 4, 5, 6, 5, 7, 8, 7, 8, 8, 8, 9, 4, 4, 5, 9, 7, 7, 10, 7, 9, 5, 6, 3, 8, 7, 8, 4, 10, 9, 8, 8, 7, 5, 4, 7, 6, 6, 5, 6]
A_29 96.18 A 29 [4, 6, 6, 6, 2, 2, 6, 6, 5, 5, 4, 4, 1, 1, 5, 4, 5, 6, 3, 4, 5, 2, 6, 3, 2, 4, 5, 2, 2, 4, 6, 4, 1, 6, 4, 5, 2, 5, 3, 3, 6, 1, 2, 3, 3, 1, 3, 1, 6, 2, 1, 3, 4, 1, 5, 1, 6, 4, 6, 1, 4, 2, 2, 4, 1, 4, 1, 4, 2, 1, 4, 6, 5, 6, 6, 6, 6, 1, 3, 5] [8, 10, 8, 8, 6, 4, 10, 9, 8, 7, 6, 8, 4, 3, 9, 8, 7, 8, 7, 6, 7, 6, 10, 7, 5, 8, 7, 6, 5, 7, 8, 7, 4, 10, 6, 9, 5, 8, 7, 6, 10, 4, 6, 6, 6, 3, 7, 5, 10, 6, 3, 7, 7, 4, 7, 5, 8, 6, 9, 3, 7, 4, 6, 6, 4, 7, 4, 7, 6, 4, 8, 8, 9, 9, 8, 10, 9, 4, 6, 8]
A_30 97.93 A 30 [3, 5, 2, 1, 3, 5, 2, 4, 3, 6, 4, 3, 2, 5, 1, 5, 1, 5, 2, 5, 1, 4, 1, 4, 5, 6, 5, 2, 1, 6, 4, 5, 4, 5, 3, 2, 5, 1, 2, 6, 3, 5, 6, 2, 5, 2, 5, 1, 5, 1, 6, 6, 5, 4, 2, 2, 1, 6, 4, 1, 1, 2, 1, 6, 6, 1, 2, 1, 1, 1, 5, 6, 3, 2, 4, 3, 2, 4, 2, 6] [7, 7, 5, 5, 5, 8, 4, 8, 5, 9, 8, 7, 6, 9, 3, 8, 4, 7, 4, 9, 5, 7, 5, 8, 9, 10, 9, 5, 4, 8, 6, 7, 7, 9, 5, 4, 7, 5, 5, 8, 6, 7, 10, 6, 7, 6, 9, 3, 9, 5, 8, 10, 7, 8, 4, 6, 4, 9, 6, 4, 4, 5, 4, 8, 8, 4, 5, 3, 4, 5, 8, 9, 7, 6, 7, 6, 6, 7, 6, 8]
A_31 98.93 A 31 [1, 6, 2, 3, 2, 3, 3, 5, 4, 6, 2, 4, 4, 5, 3, 2, 6, 3, 3, 3, 2, 6, 4, 4, 4, 2, 4, 1, 6, 4, 5, 6, 3, 2, 1, 4, 2, 2, 2, 4, 1, 3, 3, 2, 5, 6, 3, 4, 5, 1, 1, 6, 1, 1, 1, 2, 6, 2, 1, 3, 4, 4, 6, 4, 5, 1, 1, 3, 2, 4, 3, 4, 2, 5, 6, 1, 6, 2, 3, 1] [5, 9, 6, 6, 4, 6, 5, 7, 7, 8, 4, 6, 6, 7, 7, 6, 8, 5, 6, 7, 6, 10, 6, 6, 7, 4, 6, 3, 8, 7, 7, 8, 5, 5, 3, 8, 5, 5, 6, 8, 5, 5, 7, 5, 7, 8, 6, 7, 9, 5, 5, 8, 3, 5, 5, 4, 8, 4, 5, 6, 8, 6, 9, 8, 7, 5, 5, 5, 5, 6, 7, 7, 5, 7, 8, 5, 9, 5, 6, 4]
A_32 100.01 A 32 [4, 4, 3, 2, 5, 1, 6, 6, 3, 4, 2, 3, 6, 1, 5, 4, 4, 2, 5, 6, 1, 5, 4, 6, 4, 3, 5, 3, 2, 1, 4, 3, 1, 2, 2, 1, 5, 5, 6, 4, 5, 1, 3, 3, 6, 4, 4, 4, 6, 6, 3, 4, 5, 5, 4, 4, 2, 3, 4, 6, 2, 4, 2, 5, 6, 4, 4, 4, 1, 1, 1, 2, 1, 5, 1, 4, 3, 2, 2, 5] [7, 8, 7, 4, 9, 4, 10, 10, 5, 8, 4, 6, 8, 5, 9, 8, 6, 5, 8, 8, 4, 8, 6, 8, 6, 7, 7, 7, 6, 4, 7, 5, 4, 4, 4, 3, 8, 8, 10, 7, 7, 3, 7, 5, 9, 6, 6, 6, 9, 8, 5, 6, 8, 8, 8, 6, 4, 5, 6, 8, 6, 6, 6, 8, 9, 7, 6, 7, 5, 5, 3, 6, 5, 7, 5, 6, 5, 6, 4, 8]
A_33 101.01 A 33 [4, 2, 3, 3, 5, 6, 6, 5, 5, 6, 6, 6, 2, 1, 6, 3, 3, 1, 2, 1, 6, 1, 2, 2, 5, 3, 4, 6, 1, 6, 5, 2, 2, 3, 4, 3, 1, 2, 3, 4, 2, 6, 5, 3, 5, 2, 2, 3, 3, 2, 3, 3, 4, 4, 3, 1, 4, 4, 1, 1, 2, 4, 6, 4, 2, 4, 4, 3, 6, 6, 4, 4, 4, 2, 2, 4, 6, 5, 1, 4] [6, 5, 7, 5, 8, 8, 10, 8, 8, 9, 8, 8, 5, 3, 8, 6, 6, 3, 6, 3, 8, 5, 4, 6, 9, 6, 8, 10, 4, 10, 9, 5, 4, 5, 8, 6, 3, 6, 5, 7, 5, 9, 8, 5, 7, 4, 4, 6, 6, 5, 5, 6, 8, 6, 7, 5, 8, 8, 4, 5, 6, 7, 9, 8, 6, 8, 8, 6, 10, 10, 8, 7, 6, 6, 6, 6, 8, 8, 3, 8]
A_34 102.08 A 34 [5, 5, 2, 1, 1, 3, 6, 6, 2, 1, 4, 1, 6, 5, 3, 5, 2, 3, 1, 1, 5, 1, 5, 6, 4, 2, 5, 2, 2, 4, 3, 1, 2, 4, 1, 2, 6, 4, 1, 4, 6, 4, 3, 2, 4, 2, 4, 3, 4, 5, 4, 2, 1, 2, 5, 3, 2, 6, 2, 4, 2, 2, 6, 6, 6, 2, 2, 5, 3, 2, 2, 2, 5, 3, 3, 4, 1, 6, 1, 2] [8, 7, 6, 5, 4, 7, 8, 8, 4, 3, 6, 4, 9, 8, 5, 7, 5, 6, 5, 3, 7, 5, 7, 9, 7, 4, 9, 5, 4, 6, 5, 3, 4, 8, 5, 5, 10, 8, 4, 6, 10, 8, 7, 6, 7, 4, 7, 6, 8, 8, 6, 4, 4, 5, 9, 5, 5, 8, 6, 6, 5, 6, 9, 9, 8, 6, 6, 7, 6, 6, 6, 6, 8, 5, 5, 6, 4, 9, 3, 5]
A_35 103.08 A 35 [4, 1, 5, 5, 6, 6, 3, 5, 2, 4, 2, 1, 2, 6, 6, 2, 5, 5, 2, 4, 1, 2, 1, 2, 2, 5, 4, 2, 3, 5, 2, 4, 1, 3, 2, 4, 6, 5, 1, 1, 1, 3, 3, 6, 1, 5, 4, 4, 5, 4, 2, 3, 3, 1, 1, 6, 2, 5, 3, 1, 3, 3, 1, 5, 4, 6, 3, 4, 6, 3, 6, 2, 4, 4, 5, 2, 6, 2, 4, 3] [6, 3, 9, 9, 8, 10, 6, 7, 5, 8, 5, 4, 4, 8, 9, 4, 7, 7, 4, 8, 4, 4, 3, 4, 4, 9, 6, 5, 6, 9, 4, 8, 3, 6, 5, 8, 9, 8, 5, 5, 3, 6, 6, 9, 3, 7, 6, 7, 9, 7, 5, 6, 5, 3, 4, 10, 5, 7, 7, 4, 7, 5, 5, 7, 8, 9, 7, 8, 9, 7, 9, 5, 8, 6, 7, 4, 8, 6, 8, 6]
A_36 106.51 A 36 [2, 3, 6, 4, 3, 2, 3, 2, 2, 2, 1, 1, 6, 4, 1, 6, 5, 4, 1, 2, 4, 4, 5, 2, 1, 4, 1, 3, 5, 2, 5, 2, 5, 1, 6, 6, 3, 2, 2, 4, 6, 1, 6, 2, 6, 6, 4, 6, 4, 3, 5, 4, 3, 3, 1, 3, 5, 1, 4, 5, 6, 3, 1, 5, 3, 2, 1, 1, 2, 6, 1, 2, 6, 4, 6, 6, 6, 3, 2, 5] [4, 7, 9, 6, 6, 4, 5, 6, 4, 4, 4, 5, 9, 8, 3, 10, 9, 7, 5, 6, 8, 6, 9, 4, 4, 7, 4, 7, 8, 5, 7, 5, 8, 3, 10, 9, 6, 4, 6, 7, 10, 4, 10, 6, 10, 9, 8, 8, 8, 6, 8, 7, 5, 5, 3, 6, 7, 5, 8, 9, 8, 6, 4, 9, 6, 5, 5, 4, 6, 10, 4, 4, 8, 8, 9, 9, 8, 6, 6, 7]
A_37 109.14 A 37 [5, 3, 5, 3, 3, 2, 4, 4, 1, 6, 4, 3, 1, 1, 4, 1, 5, 3, 1, 6, 6, 5, 3, 6, 6, 5, 2, 3, 1, 5, 1, 2, 5, 2, 4, 5, 2, 1, 6, 3, 6, 5, 3, 3, 4, 3, 1, 1, 4, 5, 1, 3, 2, 4, 5, 5, 5, 6, 2, 3, 1, 4, 1, 2, 6, 1, 3, 1, 2, 5, 1, 5, 5, 6, 1, 1, 4, 2, 4, 4] [7, 5, 8, 6, 7, 5, 8, 6, 3, 9, 8, 5, 5, 3, 8, 3, 9, 5, 5, 9, 8, 9, 5, 10, 10, 7, 4, 5, 3, 8, 5, 5, 8, 6, 8, 8, 4, 3, 10, 6, 10, 7, 5, 7, 7, 5, 5, 3, 8, 8, 5, 6, 4, 8, 8, 8, 9, 8, 5, 7, 4, 6, 4, 6, 9, 4, 7, 4, 4, 9, 3, 7, 8, 9, 3, 5, 7, 6, 8, 6]
A_38 110.3 A 38 [4, 2, 1, 2, 6, 3, 2, 2, 2, 4, 4, 5, 3, 4, 1, 3, 3, 1, 1, 5, 5, 3, 1, 4, 2, 2, 3, 2, 2, 3, 2, 2, 6, 3, 1, 1, 2, 6, 3, 1, 1, 2, 4, 4, 4, 1, 2, 1, 4, 5, 4, 5, 2, 6, 1, 1, 6, 6, 2, 4, 2, 3, 4, 6, 3, 2, 3, 2, 3, 5, 3, 6, 5, 4, 3, 1, 3, 4, 3, 5] [8, 6, 3, 5, 10, 7, 5, 5, 5, 8, 7, 7, 6, 7, 5, 6, 6, 5, 4, 7, 8, 6, 3, 7, 4, 4, 7, 5, 5, 7, 5, 6, 10, 5, 4, 5, 6, 10, 5, 4, 5, 4, 7, 8, 8, 4, 4, 5, 6, 7, 6, 9, 6, 8, 5, 5, 10, 8, 5, 8, 6, 5, 8, 9, 7, 6, 7, 5, 5, 8, 6, 9, 8, 8, 7, 4, 5, 7, 5, 7]
A_39 113.36999999999999 A 39 [5, 5, 3, 6, 3, 4, 2, 6, 6, 3, 2, 5, 5, 3, 4, 4, 5, 1, 2, 1, 5, 6, 4, 3, 6, 1, 4, 4, 3, 3, 6, 4, 4, 4, 4, 1, 4, 3, 1, 2, 5, 1, 6, 1, 4, 1, 6, 5, 5, 5, 4, 2, 2, 4, 4, 5, 2, 1, 2, 6, 4, 4, 5, 6, 5, 1, 6, 6, 5, 1, 5, 5, 5, 4, 6, 1, 3, 6, 4, 2] [9, 7, 7, 10, 5, 6, 5, 9, 10, 5, 5, 8, 8, 6, 8, 6, 7, 3, 5, 5, 7, 9, 6, 5, 8, 5, 6, 6, 7, 6, 8, 8, 7, 7, 6, 5, 7, 6, 4, 4, 8, 3, 10, 4, 8, 3, 10, 9, 9, 9, 6, 5, 4, 7, 6, 7, 6, 5, 5, 9, 6, 7, 8, 10, 7, 4, 9, 10, 7, 5, 9, 9, 9, 6, 8, 3, 7, 10, 8, 4]
B_0 1 B 40 [4, 4, 6, 1, 2, 4, 4, 3, 2, 4, 6, 5, 4, 3, 1, 6, 5, 2, 5, 5, 2, 1, 5, 3, 2, 1, 2, 3, 1, 6, 3, 1, 5, 2, 6, 1, 6, 6, 1, 5, 6, 6, 4, 6, 6, 6, 6, 6, 4, 2, 1, 5, 3, 6, 5, 6, 6, 1, 5, 4, 5, 2, 4, 2, 4, 6, 3, 6, 6, 3, 6, 2, 6, 4, 6, 4, 6, 2, 3, 4] [8, 6, 10, 3, 4, 6, 6, 7, 4, 8, 9, 7, 8, 5, 4, 10, 9, 6, 9, 9, 6, 3, 7, 6, 5, 3, 5, 7, 4, 10, 6, 5, 7, 5, 10, 3, 10, 10, 5, 8, 9, 10, 6, 8, 9, 8, 9, 8, 8, 6, 3, 8, 7, 10, 8, 10, 9, 4, 7, 6, 8, 6, 8, 4, 6, 10, 6, 8, 8, 6, 8, 5, 10, 8, 10, 8, 9, 6, 7, 6]
B_1 2.85 B 41 [5, 1, 3, 2, 1, 4, 5, 4, 4, 5, 2, 5, 5, 3, 4, 3, 3, 4, 6, 5, 5, 5, 1, 4, 4, 2, 5, 3, 2, 1, 5, 3, 1, 6, 4, 3, 1, 5, 2, 1, 6, 2, 2, 2, 3, 6, 5, 5, 4, 6, 5, 6, 4, 3, 4, 5, 6, 1, 6, 2, 1, 3, 5, 6, 1, 1, 6, 1, 2, 4, 1, 3, 6, 1, 3, 2, 3, 2, 4, 6] [8, 5, 5, 5, 4, 6, 8, 6, 8, 8, 4, 9, 8, 6, 8, 5, 7, 6, 9, 9, 7, 9, 5, 6, 7, 5, 7, 6, 4, 4, 7, 5, 3, 9, 8, 6, 4, 7, 4, 3, 10, 4, 5, 5, 6, 9, 7, 7, 7, 9, 7, 8, 8, 5, 8, 7, 8, 3, 10, 5, 5, 5, 7, 10, 4, 5, 10, 3, 6, 6, 3, 7, 8, 4, 6, 6, 6, 4, 6, 10]
B_2 4.970000000000001 B 42 [1, 3, 1, 2, 1, 4, 3, 4, 2, 5, 3, 3, 6, 3, 3, 1, 4, 5, 2, 3, 5, 4, 2, 5, 3, 6, 1, 5, 3, 2, 6, 3, 3, 5, 3, 3, 6, 3, 4, 6, 4, 2, 4, 3, 6, 4, 2, 5, 1, 5, 1, 6, 6, 2, 6, 4, 4, 5, 2, 4, 6, 1, 6, 5, 4, 5, 1, 5, 4, 4, 1, 1, 5, 5, 1, 5, 6, 1, 1, 3] [3, 6, 5, 6, 4, 7, 6, 8, 6, 7, 5, 5, 10, 5, 5, 4, 7, 9, 4, 6, 8, 6, 6, 8, 7, 8, 3, 8, 5, 6, 10, 7, 7, 8, 7, 6, 10, 5, 7, 10, 6, 5, 7, 6, 8, 6, 4, 8, 4, 9, 3, 10, 9, 6, 8, 7, 7, 8, 6, 6, 9, 3, 9, 9, 7, 8, 3, 9, 8, 8, 5, 4, 8, 7, 5, 8, 8, 5, 3, 6]
B_3 6.200000000000001 B 43 [5, 1, 3, 1, 4, 1, 1, 2, 4, 4, 5, 3, 2, 3, 3, 6, 2, 2, 4, 5, 5, 4, 1, 4, 4, 1, 2, 5, 4, 3, 2, 2, 3, 3, 2, 6, 2, 3, 4, 1, 6, 2, 3, 3, 4, 5, 3, 4, 4, 1, 5, 2, 5, 6, 1, 1, 5, 1, 1, 3, 3, 6, 5, 2, 5, 5, 2, 1, 4, 4, 2, 4, 6, 4, 6, 4, 3, 6, 5, 3] [7, 5, 7, 3, 6, 3, 5, 6, 8, 7, 7, 5, 5, 5, 7, 9, 5, 5, 6, 8, 9, 7, 4, 6, 6, 3, 4, 8, 6, 6, 6, 5, 5, 5, 6, 9, 6, 7, 8, 4, 8, 5, 6, 6, 8, 8, 5, 6, 8, 3, 8, 5, 8, 9, 4, 5, 7, 5, 3, 6, 7, 10, 9, 4, 8, 7, 4, 3, 8, 8, 5, 7, 8, 8, 9, 6, 6, 10, 8, 6]
B_4 7.200000000000001 B 44 [4, 5, 2, 1, 3, 6, 5, 1, 6, 5, 5, 6, 1, 2, 5, 3, 3, 5, 4, 6, 3, 5, 6, 5, 2, 1, 2, 6, 1, 3, 5, 5, 6, 5, 4, 1, 6, 4, 4, 4, 6, 3, 6, 4, 4, 3, 3, 1, 1, 2, 4, 5, 6, 3, 6, 3, 3, 6, 3, 6, 3, 5, 2, 2, 5, 2, 1, 6, 3, 3, 1, 5, 2, 1, 4, 2, 1, 4, 1, 2] [6, 9, 6, 5, 5, 9, 8, 3, 10, 7, 9, 9, 5, 6, 7, 6, 6, 8, 8, 8, 7, 8, 10, 8, 5, 3, 4, 9, 5, 6, 7, 7, 9, 7, 7, 3, 10, 7, 8, 8, 9, 6, 8, 8, 8, 6, 7, 4, 3, 4, 6, 7, 10, 5, 10, 6, 6, 10, 6, 10, 7, 7, 6, 5, 7, 5, 4, 9, 7, 6, 5, 9, 4, 4, 8, 4, 4, 6, 5, 6]
B_5 8.690000000000001 B 45 [3, 4, 1, 6, 4, 2, 4, 4, 5, 3, 6, 4, 4, 2, 1, 5, 4, 3, 2, 2, 4, 2, 6, 2, 4, 6, 3, 1, 3, 1, 2, 6, 4, 2, 2, 5, 6, 3, 1, 1, 6, 6, 4, 5, 3, 5, 1, 1, 6, 1, 4, 3, 5, 3, 5, 5, 1, 3, 1, 4, 2, 1, 6, 5, 6, 6, 4, 3, 3, 1, 4, 5, 3, 2, 1, 6, 1, 4, 5, 2] [6, 8, 5, 9, 8, 5, 7, 7, 9, 7, 9, 6, 7, 4, 3, 8, 8, 5, 6, 5, 6, 6, 9, 6, 8, 10, 5, 4, 7, 3, 6, 8, 6, 4, 4, 7, 9, 5, 4, 3, 8, 9, 6, 8, 6, 9, 3, 4, 10, 3, 6, 7, 8, 5, 8, 9, 4, 5, 5, 6, 5, 3, 9, 9, 10, 9, 6, 7, 7, 3, 8, 7, 5, 5, 4, 10, 4, 8, 7, 6]
B_6 9.930000000000001 B 46 [5, 4, 6, 1, 1, 1, 6, 4, 2, 6, 3, 3, 1, 3, 6, 4, 3, 2, 3, 2, 6, 3, 4, 4, 1, 6, 2, 5, 5, 3, 5, 3, 4, 2, 4, 4, 4, 1, 2, 6, 6, 5, 2, 3, 3, 1, 1, 5, 1, 1, 4, 5, 3, 6, 5, 4, 2, 6, 2, 5, 5, 3, 5, 2, 1, 1, 3, 3, 3, 6, 4, 2, 3, 4, 3, 4, 1, 3, 3, 5] [9, 7, 9, 3, 5, 4, 8, 8, 4, 10, 5, 5, 4, 7, 10, 8, 6, 6, 7, 5, 10, 7, 8, 7, 4, 10, 5, 7, 8, 7, 9, 6, 6, 4, 7, 6, 8, 5, 4, 10, 9, 7, 4, 5, 7, 3, 5, 9, 5, 4, 7, 8, 6, 9, 8, 7, 6, 10, 4, 7, 8, 7, 8, 5, 5, 5, 6, 6, 6, 8, 7, 6, 6, 6, 5, 8, 5, 6, 6, 9]
B_7 11.610000000000001 B 47 [2, 1, 5, 5, 5, 1, 1, 1, 3, 5, 1, 5, 6, 2, 2, 4, 1, 6, 2, 6, 3, 4, 4, 2, 1, 4, 1, 1, 3, 1, 1, 4, 4, 3, 3, 4, 6, 1, 1, 5, 6, 5, 5, 4, 1, 1, 5, 4, 2, 3, 1, 6, 1, 1, 1, 3, 5, 4, 5, 6, 5, 1, 6, 4, 4, 6, 3, 2, 1, 1, 5, 2, 4, 5, 2, 6, 6, 3, 4, 5] [4, 5, 7, 8, 9, 3, 5, 4, 6, 7, 4, 8, 10, 4, 5, 7, 5, 9, 4, 8, 6, 6, 6, 4, 3, 6, 5, 4, 7, 5, 3, 7, 6, 6, 6, 7, 8, 3, 5, 9, 8, 7, 8, 6, 4, 4, 9, 8, 4, 7, 5, 10, 4, 3, 5, 6, 8, 7, 9, 9, 9, 3, 8, 6, 8, 10, 5, 5, 4, 4, 9, 5, 8, 9, 4, 8, 8, 6, 8, 8]
B_8 13.810000000000002 B 48 [5, 4, 6, 2, 3, 5, 6, 3, 5, 6, 2, 1, 6, 6, 2, 2, 5, 5, 3, 5, 2, 3, 6, 1, 3, 1, 2, 5, 5, 6, 5, 5, 6, 3, 4, 5, 4, 4, 4, 5, 4, 4, 1, 4, 1, 6, 1, 2, 1, 5, 3, 2, 6, 5, 5, 3, 5, 3, 6, 5, 1, 3, 1, 3, 2, 6, 3, 3, 4, 1, 3, 5, 1, 5, 6, 1, 5, 4, 6, 4] [8, 7, 10, 4, 7, 9, 10, 7, 7, 9, 5, 5, 10, 10, 6, 6, 7, 8, 6, 7, 4, 6, 8, 3, 6, 5, 5, 9, 8, 10, 9, 9, 9, 6, 8, 9, 8, 8, 6, 9, 8, 7, 4, 8, 3, 10, 5, 4, 5, 7, 6, 6, 8, 7, 7, 6, 8, 7, 9, 8, 4, 6, 4, 5, 5, 9, 5, 7, 6, 5, 6, 7, 4, 7, 10, 5, 9, 8, 8, 8]
B_9 16.250000000000004 B 49 [5, 1, 1, 6, 6, 1, 1, 4, 3, 5, 4, 1, 5, 5, 2, 3, 6, 3, 4, 2, 2, 5, 3, 5, 6, 3, 6, 5, 6, 2, 1, 1, 6, 2, 5, 4, 3, 5, 5, 5, 2, 6, 5, 1, 2, 1, 1, 3, 5, 3, 2, 4, 5, 6, 1, 5, 3, 5, 5, 5, 3, 1, 3, 4, 1, 2, 6, 6, 1, 3, 6, 3, 2, 3, 6, 3, 4, 4, 3, 2] [9, 3, 4, 9, 8, 4, 3, 8, 6, 8, 6, 5, 8, 8, 6, 7, 8, 6, 8, 5, 5, 7, 7, 8, 9, 7, 8, 9, 8, 6, 5, 5, 8, 5, 8, 7, 6, 8, 7, 9, 6, 9, 9, 3, 4, 3, 4, 7, 7, 7, 6, 6, 7, 8, 3, 9, 5, 9, 7, 8, 6, 5, 6, 6, 3, 6, 10, 10, 4, 7, 9, 5, 6, 7, 9, 7, 7, 7, 6, 6]
B_10 17.890000000000004 B 50 [6, 6, 6, 3, 2, 5, 6, 5, 3, 1, 4, 2, 1, 6, 5, 3, 5, 5, 4, 1, 6, 3, 4, 3, 4, 2, 2, 3, 6, 1, 6, 1, 3, 3, 4, 2, 5, 1, 4, 4, 1, 5, 1, 5, 4, 4, 4, 1, 3, 2, 3, 4, 6, 4, 1, 3, 1, 2, 3, 1, 2, 6, 2, 4, 5, 3, 5, 5, 2, 3, 6, 2, 5, 3, 1, 3, 1, 3, 6, 6] [10, 8, 10, 7, 4, 7, 8, 9, 7, 3, 8, 6, 3, 8, 9, 7, 8, 8, 6, 4, 9, 7, 7, 5, 7, 5, 4, 7, 8, 3, 8, 5, 5, 5, 6, 5, 8, 5, 6, 6, 3, 7, 3, 8, 6, 6, 7, 5, 6, 6, 7, 6, 8, 8, 3, 5, 5, 5, 6, 5, 4, 8, 4, 8, 9, 7, 8, 7, 5, 7, 9, 6, 7, 6, 4, 7, 4, 5, 10, 8]
B_11 22.260000000000005 B 51 [6, 2, 1, 6, 1, 4, 5, 1, 4, 4, 3, 1, 6, 2, 1, 6, 3, 1, 5, 2, 4, 2, 6, 4, 6, 4, 1, 4, 6, 3, 6, 6, 4, 3, 2, 3, 4, 3, 5, 2, 5, 6, 6, 2, 5, 3, 5, 6, 2, 4, 4, 3, 1, 1, 5, 2, 6, 3, 2, 6, 5, 1, 5, 5, 1, 1, 3, 1, 2, 1, 1, 1, 5, 5, 6, 6, 2, 6, 1, 4] [10, 4, 5, 9, 4, 7, 8, 3, 8, 7, 5, 5, 9, 6, 3, 9, 6, 4, 7, 4, 6, 5, 10, 7, 9, 8, 5, 6, 9, 7, 10, 8, 6, 6, 4, 6, 7, 6, 9, 5, 8, 8, 10, 5, 7, 7, 8, 10, 6, 6, 6, 7, 5, 5, 9, 5, 9, 5, 6, 10, 9, 3, 8, 7, 4, 5, 5, 4, 4, 5, 4, 4, 7, 7, 10, 9, 5, 10, 3, 6]
B_12 32.400000000000006 B 52 [4, 6, 3, 6, 2, 2, 5, 4, 4, 4, 5, 1, 2, 4, 1, 5, 3, 4, 6, 5, 4, 1, 3, 2, 4, 6, 5, 6, 2, 4, 5, 1, 5, 4, 1, 3, 3, 2, 2, 2, 3, 4, 6, 5, 6, 5, 3, 1, 6, 5, 6, 1, 6, 6, 6, 5, 6, 3, 6, 3, 2, 5, 1, 1, 2, 1, 1, 3, 5, 4, 2, 2, 5, 2, 4, 5, 5, 1, 5, 1] [8, 8, 6, 9, 5, 6, 8, 8, 6, 8, 7, 3, 4, 6, 4, 8, 7, 8, 9, 9, 7, 5, 7, 5, 6, 8, 9, 9, 4, 7, 7, 3, 8, 8, 4, 5, 5, 4, 6, 4, 7, 8, 9, 8, 10, 8, 6, 4, 8, 7, 8, 5, 9, 10, 9, 7, 8, 6, 9, 7, 5, 7, 4, 4, 4, 5, 4, 5, 8, 6, 6, 4, 9, 4, 8, 7, 7, 3, 8, 4]
B_13 33.400000000000006 B 53 [2, 6, 4, 4, 1, 4, 5, 2, 6, 6, 6, 5, 5, 6, 6, 4, 5, 2, 4, 3, 2, 1, 5, 6, 5, 4, 4, 5, 1, 1, 4, 1, 5, 4, 2, 1, 3, 4, 6, 4, 6, 3, 2, 6, 3, 3, 6, 1, 5, 6, 4, 1, 6, 1, 1, 4, 3, 6, 6, 3, 1, 5, 1, 3, 3, 5, 6, 4, 5, 6, 5, 2, 4, 2, 4, 6, 6, 3, 6, 1] [4, 8, 6, 8, 4, 7, 9, 4, 9, 9, 9, 7, 7, 10, 9, 7, 7, 4, 7, 5, 4, 5, 9, 10, 9, 6, 7, 7, 4, 4, 8, 5, 8, 6, 5, 3, 5, 8, 8, 7, 10, 5, 6, 9, 5, 5, 9, 3, 7, 8, 8, 5, 10, 4, 3, 7, 6, 8, 9, 7, 3, 8, 3, 5, 5, 9, 10, 7, 8, 10, 9, 6, 6, 6, 7, 9, 10, 6, 10, 4]
B_14 36.39000000000001 B 54 [1, 2, 6, 2, 3, 2, 1, 3, 6, 1, 3, 5, 6, 3, 1, 4, 3, 6, 3, 6, 4, 3, 4, 1, 2, 2, 6, 3, 3, 5, 2, 1, 4, 3, 5, 1, 1, 5, 1, 4, 5, 4, 6, 1, 6, 5, 5, 1, 5, 1, 1, 5, 6, 1, 2, 1, 3, 6, 4, 2, 6, 4, 6, 4, 5, 4, 1, 6, 4, 1, 2, 4, 2, 6, 6, 5, 5, 4, 2, 2] [4, 5, 8, 4, 6, 5, 3, 5, 9, 4, 6, 9, 8, 6, 4, 8, 5, 9, 7, 9, 6, 5, 7, 3, 6, 4, 10, 5, 5, 7, 4, 5, 8, 7, 9, 4, 3, 8, 5, 6, 8, 8, 8, 4, 10, 8, 8, 5, 7, 3, 3, 9, 9, 3, 5, 3, 7, 10, 6, 6, 9, 8, 10, 8, 7, 6, 3, 8, 6, 3, 5, 6, 6, 8, 10, 8, 7, 7, 5, 4]
B_15 39.32000000000001 B 55 [2, 1, 4, 6, 5, 1, 4, 1, 3, 3, 5, 2, 6, 4, 3, 3, 3, 3, 4, 3, 5, 6, 6, 4, 3, 4, 4, 1, 6, 1, 2, 2, 4, 1, 3, 6, 3, 5, 1, 5, 6, 5, 4, 1, 3, 5, 4, 3, 3, 5, 3, 2, 5, 4, 1, 1, 1, 5, 2, 4, 2, 1, 5, 3, 6, 1, 6, 2, 1, 5, 6, 1, 5, 3, 5, 6, 6, 3, 4, 5] [4, 4, 8, 8, 9, 4, 6, 5, 5, 5, 9, 4, 9, 6, 6, 7, 6, 6, 7, 7, 9, 10, 10, 7, 5, 8, 6, 3, 9, 5, 6, 4, 6, 5, 5, 10, 6, 8, 5, 7, 10, 7, 7, 5, 6, 9, 7, 6, 6, 9, 5, 5, 7, 7, 3, 4, 3, 8, 6, 8, 6, 4, 7, 6, 8, 3, 10, 6, 5, 8, 10, 3, 9, 6, 7, 9, 10, 7, 7, 8]
B_16 40.790000000000006 B 56 [3, 4, 1, 4, 6, 2, 2, 3, 6, 1, 2, 1, 3, 3, 5, 6, 5, 3, 2, 1, 6, 6, 5, 3, 1, 2, 3, 4, 4, 6, 1, 6, 2, 4, 2, 2, 5, 5, 6, 2, 6, 6, 4, 5, 3, 1, 2, 5, 5, 3, 1, 6, 6, 3, 3, 1, 3, 5, 1, 5, 4, 1, 6, 4, 1, 6, 4, 1, 4, 1, 6, 6, 6, 1, 5, 3, 4, 5, 1, 2] [7, 8, 5, 8, 10, 4, 4, 6, 10, 3, 6, 4, 5, 6, 9, 9, 9, 7, 6, 5, 10, 9, 8, 6, 3, 6, 5, 7, 7, 8, 4, 8, 4, 8, 5, 5, 7, 9, 10, 6, 9, 8, 7, 7, 6, 4, 6, 8, 8, 5, 5, 9, 8, 6, 7, 3, 5, 9, 3, 9, 7, 3, 8, 8, 3, 10, 6, 3, 8, 5, 10, 8, 8, 5, 7, 5, 7, 8, 5, 6]
B_17 41.790000000000006 B 57 [5, 6, 6, 2, 3, 2, 3, 1, 3, 2, 2, 2, 6, 1, 5, 6, 5, 3, 5, 5, 5, 4, 6, 6, 2, 3, 5, 4, 4, 4, 6, 2, 3, 4, 6, 5, 1, 6, 6, 1, 1, 1, 5, 1, 6, 3, 6, 4, 3, 5, 2, 3, 3, 6, 6, 5, 5, 4, 1, 6, 5, 2, 6, 1, 4, 3, 4, 4, 1, 2, 5, 4, 3, 6, 3, 4, 2, 6, 1, 5] [9, 10, 9, 6, 7, 4, 5, 3, 7, 5, 4, 4, 9, 3, 8, 9, 7, 7, 7, 7, 8, 6, 10, 8, 5, 6, 8, 8, 7, 6, 9, 4, 5, 8, 8, 7, 5, 8, 8, 5, 4, 3, 8, 5, 10, 5, 10, 7, 7, 9, 5, 5, 6, 8, 10, 8, 9, 6, 3, 9, 8, 6, 10, 4, 8, 6, 8, 7, 5, 6, 9, 8, 6, 8, 5, 8, 4, 10, 3, 7]
B_18 42.790000000000006 B 58 [4, 1, 3, 5, 6, 4, 5, 4, 6, 1, 6, 5, 2, 5, 4, 2, 3, 4, 5, 2, 3, 3, 5, 6, 5, 3, 3, 6, 6, 6, 4, 1, 4, 1, 2, 3, 4, 2, 2, 2, 5, 6, 2, 1, 3, 1, 2, 5, 6, 5, 3, 2, 6, 6, 4, 2, 1, 1, 1, 2, 6, 5, 3, 6, 3, 4, 6, 1, 1, 4, 5, 4, 2, 4, 1, 2, 5, 5, 5, 2] [7, 3, 5, 9, 9, 7, 9, 8, 10, 5, 10, 9, 5, 9, 6, 4, 5, 8, 8, 4, 7, 7, 9, 9, 9, 7, 5, 9, 10, 9, 6, 5, 6, 4, 6, 7, 8, 5, 5, 5, 7, 10, 6, 3, 6, 5, 4, 9, 9, 7, 6, 6, 9, 9, 6, 6, 3, 3, 5, 4, 10, 9, 5, 8, 5, 8, 8, 4, 5, 6, 7, 8, 6, 6, 3, 5, 9, 8, 9, 6]
B_19 50.42000000000001 B 59 [6, 1, 2, 3, 6, 2, 5, 2, 4, 5, 1, 1, 1, 1, 3, 5, 3, 3, 1, 5, 4, 3, 4, 1, 6, 3, 4, 4, 4, 1, 1, 3, 6, 1, 4, 1, 5, 3, 4, 6, 4, 2, 4, 3, 6, 4, 5, 6, 5, 5, 1, 6, 3, 3, 2, 4, 5, 6, 2, 3, 1, 4, 1, 1, 2, 6, 4, 1, 3, 2, 5, 4, 1, 2, 5, 5, 5, 3, 3, 2] [8, 3, 6, 7, 8, 4, 7, 5, 6, 7, 5, 4, 3, 4, 5, 8, 5, 7, 4, 7, 6, 7, 7, 4, 8, 6, 7, 8, 7, 3, 4, 6, 8, 5, 6, 4, 9, 7, 8, 9, 6, 5, 6, 6, 10, 6, 7, 9, 8, 8, 5, 10, 7, 7, 6, 8, 9, 9, 4, 6, 3, 7, 3, 5, 5, 10, 7, 4, 6, 6, 7, 6, 3, 6, 7, 9, 9, 7, 5, 5]
B_20 53.05000000000001 B 60 [3, 1, 4, 2, 4, 5, 4, 5, 1, 1, 3, 6, 3, 6, 6, 6, 4, 4, 1, 5, 2, 6, 3, 3, 2, 4, 4, 3, 6, 4, 1, 4, 2, 2, 2, 3, 6, 1, 2, 4, 5, 1, 6, 3, 3, 2, 5, 5, 1, 3, 2, 5, 2, 1, 6, 2, 4, 5, 6, 1, 1, 2, 2, 2, 1, 1, 5, 3, 2, 5, 3, 4, 6, 1, 2, 4, 5, 3, 1, 1] [6, 3, 7, 4, 6, 8, 8, 7, 3, 3, 7, 10, 6, 10, 9, 10, 7, 8, 3, 8, 5, 8, 6, 7, 6, 7, 7, 5, 9, 7, 4, 8, 6, 6, 5, 7, 8, 4, 6, 6, 8, 5, 9, 7, 7, 5, 8, 9, 4, 6, 4, 9, 5, 3, 9, 6, 7, 8, 10, 3, 3, 4, 6, 6, 4, 4, 8, 5, 6, 8, 5, 8, 10, 3, 4, 8, 7, 6, 3, 3]
B_21 54.05000000000001 B 61 [4, 4, 1, 4, 6, 4, 3, 5, 2, 1, 1, 5, 2, 2, 5, 6, 4, 1, 5, 1, 1, 2, 2, 3, 2, 1, 4, 6, 2, 2, 2, 4, 4, 4, 2, 3, 3, 4, 3, 4, 2, 3, 1, 6, 5, 1, 3, 1, 3, 1, 6, 1, 5, 5, 4, 1, 1, 2, 5, 4, 2, 1, 5, 5, 2, 2, 1, 4, 5, 4, 4, 5, 3, 3, 4, 5, 4, 2, 6, 1] [7, 7, 4, 6, 9, 6, 7, 7, 5, 4, 5, 8, 6, 4, 9, 8, 6, 5, 8, 3, 4, 5, 5, 6, 6, 4, 6, 9, 5, 4, 5, 6, 6, 7, 6, 5, 6, 6, 5, 7, 6, 5, 3, 10, 7, 3, 7, 3, 6, 5, 8, 3, 7, 8, 8, 4, 3, 6, 9, 7, 4, 3, 8, 9, 4, 6, 5, 7, 9, 7, 8, 8, 5, 5, 7, 7, 7, 4, 8, 3]
B_22 55.070000000000014 B 62 [6, 5, 3, 2, 4, 4, 5, 5, 2, 6, 2, 5, 2, 4, 3, 1, 4, 1, 5, 4, 2, 1, 1, 5, 2, 6, 2, 4, 3, 2, 1, 6, 2, 6, 6, 1, 1, 1, 4, 5, 4, 5, 6, 5, 2, 6, 5, 6, 1, 3, 2, 5, 1, 1, 6, 5, 6, 6, 3, 1, 2, 5, 5, 6, 4, 3, 5, 1, 6, 1, 3, 4, 5, 2, 1, 6, 3, 5, 3, 3] [10, 7, 7, 6, 6, 6, 9, 8, 5, 8, 4, 9, 5, 7, 6, 4, 6, 4, 7, 7, 6, 5, 5, 8, 6, 10, 5, 7, 6, 6, 4, 9, 6, 9, 9, 5, 4, 4, 8, 8, 8, 7, 9, 9, 6, 9, 8, 8, 4, 6, 4, 8, 4, 3, 10, 7, 8, 10, 5, 3, 6, 8, 9, 10, 6, 5, 7, 5, 10, 4, 7, 8, 7, 6, 5, 8, 7, 9, 5, 5]
B_23 56.740000000000016 B 63 [3, 3, 3, 4, 2, 4, 1, 6, 3, 3, 6, 6, 1, 3, 4, 1, 2, 2, 4, 4, 4, 1, 3, 4, 5, 2, 2, 5, 1, 4, 6, 4, 5, 4, 6, 5, 5, 2, 6, 6, 2, 6, 5, 2, 2, 5, 2, 4, 3, 4, 4, 5, 1, 3, 4, 3, 4, 1, 6, 1, 2, 5, 6, 6, 4, 4, 3, 4, 6, 6, 5, 3, 5, 4, 5, 2, 2, 2, 1, 5] [7, 5, 6, 7, 4, 6, 5, 10, 6, 6, 8, 8, 5, 7, 8, 5, 5, 5, 7, 6, 8, 5, 6, 6, 9, 4, 4, 9, 3, 6, 8, 8, 8, 8, 9, 7, 9, 6, 9, 10, 4, 10, 9, 4, 5, 9, 5, 6, 5, 6, 8, 7, 4, 5, 8, 6, 8, 4, 8, 5, 6, 9, 10, 9, 7, 8, 6, 6, 9, 9, 9, 5, 7, 7, 7, 6, 6, 4, 3, 8]
B_24 57.740000000000016 B 64 [1, 3, 5, 2, 2, 3, 4, 6, 4, 6, 6, 3, 6, 6, 1, 4, 3, 6, 2, 6, 3, 5, 1, 6, 2, 5, 1, 6, 6, 1, 6, 5, 6, 2, 6, 4, 3, 6, 3, 5, 4, 1, 4, 5, 5, 6, 1, 4, 2, 1, 5, 1, 2, 3, 5, 6, 1, 4, 3, 2, 1, 2, 4, 4, 6, 4, 2, 4, 1, 1, 3, 4, 5, 6, 5, 4, 6, 2, 6, 6] [5, 5, 9, 6, 5, 5, 8, 10, 8, 8, 9, 6, 8, 8, 5, 8, 6, 9, 6, 8, 7, 7, 4, 9, 6, 9, 3, 8, 8, 4, 8, 7, 9, 6, 8, 8, 6, 9, 7, 7, 6, 4, 7, 8, 7, 10, 5, 8, 5, 3, 9, 4, 4, 5, 7, 8, 3, 8, 5, 5, 4, 4, 6, 7, 10, 8, 6, 7, 4, 5, 5, 7, 9, 8, 7, 6, 10, 4, 9, 8]
B_25 60.79000000000001 B 65 [2, 6, 3, 6, 1, 1, 4, 2, 5, 3, 5, 2, 1, 4, 2, 2, 6, 6, 2, 1, 5, 5, 5, 6, 1, 4, 1, 3, 4, 4, 1, 1, 4, 4, 2, 6, 2, 1, 2, 1, 6, 1, 5, 5, 2, 6, 1, 6, 6, 2, 3, 1, 1, 5, 4, 1, 6, 3, 4, 6, 1, 2, 3, 4, 4, 4, 1, 3, 6, 6, 6, 4, 5, 6, 4, 4, 4, 5, 2, 4] [4, 8, 6, 10, 3, 5, 8, 6, 7, 5, 8, 4, 3, 8, 5, 4, 8, 9, 4, 3, 9, 9, 8, 10, 3, 6, 4, 7, 7, 7, 4, 5, 7, 8, 6, 9, 5, 4, 6, 4, 10, 5, 8, 7, 5, 9, 5, 10, 9, 6, 7, 5, 5, 9, 6, 3, 10, 6, 8, 10, 4, 6, 5, 8, 8, 7, 3, 7, 8, 10, 8, 7, 9, 10, 7, 8, 8, 8, 4, 8]
B_26 61.79000000000001 B 66 [4, 4, 2, 3, 6, 6, 1, 5, 4, 4, 3, 1, 6, 5, 2, 6, 1, 1, 5, 1, 5, 4, 3, 6, 3, 6, 4, 1, 4, 1, 2, 1, 4, 4, 2, 3, 1, 3, 3, 6, 3, 6, 1, 2, 1, 4, 3, 3, 3, 6, 5, 3, 1, 6, 1, 6, 4, 4, 6, 4, 5, 1, 5, 3, 2, 1, 6, 1, 6, 6, 2, 4, 3, 6, 4, 2, 4, 3, 1, 4] [7, 8, 4, 5, 8, 8, 4, 8, 7, 6, 5, 5, 10, 9, 5, 8, 5, 5, 7, 5, 8, 8, 5, 8, 7, 9, 7, 5, 8, 4, 5, 5, 6, 8, 6, 7, 5, 7, 7, 9, 6, 10, 3, 4, 4, 6, 6, 5, 5, 10, 8, 5, 4, 10, 3, 10, 6, 8, 8, 7, 8, 5, 7, 6, 6, 3, 10, 4, 9, 10, 6, 8, 5, 8, 6, 4, 8, 7, 5, 6]
B_27 63.500000000000014 B 67 [2, 4, 6, 2, 2, 5, 6, 2, 1, 3, 2, 6, 4, 4, 1, 4, 3, 3, 3, 1, 6, 3, 4, 5, 5, 5, 6, 6, 1, 4, 1, 3, 4, 3, 5, 4, 1, 1, 2, 6, 6, 1, 5, 1, 6, 3, 3, 2, 3, 6, 5, 1, 3, 4, 6, 2, 1, 4, 1, 1, 3, 4, 1, 4, 4, 3, 1, 1, 4, 1, 2, 2, 3, 1, 1, 6, 3, 3, 4, 1] [5, 6, 8, 5, 5, 7, 10, 4, 4, 5, 5, 8, 8, 6, 4, 6, 7, 7, 7, 4, 9, 5, 8, 9, 9, 8, 8, 8, 4, 7, 3, 5, 7, 6, 7, 8, 4, 4, 5, 10, 8, 3, 9, 3, 9, 7, 6, 5, 7, 10, 7, 4, 5, 7, 8, 6, 3, 7, 4, 4, 5, 7, 5, 6, 7, 7, 4, 5, 7, 5, 6, 6, 5, 3, 5, 10, 5, 5, 7, 5]
B_28 64.50000000000001 B 68 [3, 2, 5, 2, 5, 6, 6, 1, 4, 2, 6, 3, 4, 3, 1, 6, 1, 4, 5, 4, 3, 4, 3, 4, 4, 1, 4, 3, 6, 2, 1, 2, 1, 6, 3, 6, 2, 2, 3, 5, 6, 2, 4, 4, 3, 3, 3, 1, 4, 1, 2, 2, 5, 5, 4, 1, 4, 1, 1, 3, 2, 5, 6, 6, 1, 6, 6, 4, 5, 2, 5, 4, 4, 1, 3, 6, 5, 3, 2, 1] [5, 6, 9, 5, 8, 8, 8, 5, 7, 6, 8, 5, 7, 7, 4, 10, 5, 7, 8, 6, 6, 6, 6, 6, 7, 4, 6, 7, 10, 6, 4, 5, 5, 10, 6, 9, 6, 4, 5, 7, 8, 6, 8, 8, 7, 7, 6, 4, 6, 4, 5, 4, 8, 8, 6, 5, 8, 5, 5, 6, 6, 9, 10, 9, 4, 8, 9, 7, 7, 4, 8, 6, 8, 5, 7, 10, 7, 6, 4, 4]
B_29 65.50000000000001 B 69 [6, 6, 4, 3, 5, 3, 6, 6, 2, 2, 2, 4, 2, 2, 1, 3, 4, 5, 2, 4, 1, 4, 4, 5, 1, 5, 5, 6, 5, 1, 1, 4, 1, 6, 2, 3, 6, 5, 5, 1, 3, 4, 4, 4, 3, 1, 6, 1, 1, 3, 3, 1, 4, 6, 1, 5, 1, 2, 4, 2, 5, 4, 1, 6, 1, 6, 6, 1, 2, 6, 6, 1, 3, 2, 2, 2, 4, 6, 2, 3] [9, 9, 8, 5, 9, 7, 10, 8, 4, 4, 6, 6, 6, 4, 5, 6, 8, 8, 6, 7, 5, 8, 7, 9, 5, 9, 8, 9, 9, 4, 5, 6, 5, 10, 6, 7, 10, 9, 8, 5, 6, 6, 8, 8, 6, 3, 8, 4, 5, 7, 7, 5, 6, 10, 3, 8, 5, 6, 6, 6, 8, 7, 4, 9, 5, 10, 10, 5, 4, 8, 10, 3, 7, 4, 4, 4, 8, 8, 5, 7]
B_30 69.38000000000001 B 70 [1, 5, 6, 4, 4, 5, 2, 4, 2, 3, 1, 1, 2, 5, 6, 6, 4, 1, 3, 1, 4, 2, 4, 4, 1, 3, 3, 1, 4, 4, 5, 3, 1, 4, 2, 6, 1, 1, 3, 5, 6, 1, 1, 2, 1, 4, 4, 5, 3, 6, 6, 1, 2, 5, 2, 6, 6, 5, 5, 5, 3, 4, 3, 5, 3, 6, 2, 2, 5, 6, 5, 4, 3, 1, 3, 5, 1, 5, 1, 5] [4, 7, 9, 7, 6, 8, 4, 8, 6, 5, 4, 5, 4, 8, 9, 10, 6, 3, 5, 3, 6, 5, 7, 6, 3, 6, 7, 4, 8, 8, 8, 7, 3, 8, 6, 9, 4, 3, 6, 9, 8, 3, 5, 5, 5, 8, 7, 9, 6, 9, 9, 4, 6, 9, 5, 10, 10, 9, 7, 7, 5, 8, 7, 9, 5, 8, 6, 6, 8, 10, 9, 7, 6, 4, 7, 9, 5, 9, 5, 8]
B_31 72.58000000000001 B 71 [1, 5, 6, 3, 1, 1, 3, 4, 5, 3, 1, 4, 4, 3, 4, 1, 5, 1, 3, 6, 6, 5, 3, 4, 3, 6, 1, 1, 5, 6, 6, 4, 2, 4, 2, 2, 2, 5, 6, 5, 2, 3, 1, 4, 5, 5, 2, 2, 5, 3, 2, 1, 2, 2, 4, 1, 6, 4, 4, 4, 4, 5, 4, 3, 4, 4, 4, 2, 4, 1, 4, 2, 6, 2, 1, 6, 2, 3, 6, 4] [4, 7, 10, 7, 5, 5, 5, 7, 9, 7, 4, 6, 6, 6, 7, 5, 7, 5, 7, 10, 10, 9, 7, 8, 7, 8, 3, 3, 8, 8, 9, 7, 6, 7, 6, 5, 4, 7, 9, 9, 5, 7, 4, 7, 9, 7, 6, 5, 7, 5, 6, 4, 4, 6, 6, 3, 8, 8, 8, 6, 8, 8, 8, 5, 7, 7, 8, 6, 6, 3, 7, 5, 9, 6, 3, 9, 6, 7, 10, 8]
B_32 73.59000000000002 B 72 [6, 4, 3, 6, 2, 6, 2, 1, 2, 1, 3, 3, 3, 3, 1, 2, 6, 6, 2, 1, 6, 1, 6, 1, 2, 5, 2, 6, 4, 5, 3, 2, 1, 4, 5, 4, 6, 5, 5, 5, 6, 6, 5, 6, 2, 3, 3, 4, 1, 2, 5, 5, 5, 4, 2, 5, 6, 3, 2, 1, 6, 3, 5, 5, 5, 5, 3, 3, 4, 3, 3, 6, 5, 2, 6, 4, 5, 6, 3, 4] [9, 6, 6, 10, 4, 8, 4, 3, 4, 4, 6, 7, 5, 5, 3, 5, 8, 8, 6, 5, 10, 4, 8, 3, 6, 8, 5, 9, 7, 9, 7, 5, 5, 6, 8, 8, 8, 8, 8, 9, 10, 8, 8, 8, 4, 5, 6, 8, 4, 6, 7, 7, 9, 6, 6, 9, 8, 6, 6, 3, 10, 5, 7, 7, 9, 9, 5, 5, 8, 7, 6, 9, 7, 4, 9, 8, 9, 9, 6, 8]
B_33 75.74000000000002 B 73 [5, 2, 2, 1, 6, 3, 1, 2, 6, 5, 6, 5, 4, 1, 5, 2, 2, 5, 1, 6, 3, 2, 4, 3, 1, 2, 1, 3, 2, 6, 2, 5, 5, 2, 3, 4, 4, 6, 4, 4, 4, 1, 5, 4, 1, 2, 4, 5, 5, 3, 3, 5, 2, 2, 6, 3, 1, 6, 4, 2, 1, 3, 2, 4, 6, 6, 6, 1, 1, 2, 1, 2, 2, 4, 1, 6, 2, 5, 2, 1] [9, 6, 4, 4, 9, 6, 4, 5, 10, 7, 9, 7, 8, 5, 7, 4, 4, 9, 4, 9, 7, 4, 6, 6, 3, 4, 4, 6, 5, 9, 6, 7, 7, 6, 5, 6, 8, 9, 8, 6, 8, 4, 7, 8, 4, 5, 6, 9, 7, 7, 6, 7, 4, 6, 8, 6, 5, 8, 6, 6, 3, 5, 6, 7, 8, 10, 8, 3, 5, 4, 4, 6, 4, 7, 4, 10, 6, 8, 6, 4]
B_34 77.16000000000003 B 74 [5, 1, 2, 5, 5, 3, 2, 5, 2, 2, 4, 6, 2, 4, 3, 3, 4, 1, 2, 4, 3, 1, 6, 2, 3, 1, 2, 2, 2, 6, 4, 6, 1, 2, 3, 5, 6, 1, 3, 6, 6, 3, 1, 6, 4, 1, 3, 2, 6, 6, 1, 6, 4, 4, 6, 5, 5, 3, 1, 5, 2, 4, 1, 5, 5, 4, 4, 1, 3, 2, 3, 1, 6, 1, 3, 5, 2, 1, 3, 5] [8, 4, 5, 7, 8, 6, 6, 7, 6, 5, 6, 8, 4, 6, 5, 6, 6, 5, 6, 6, 6, 3, 10, 6, 5, 4, 6, 6, 4, 8, 7, 8, 5, 6, 5, 7, 9, 3, 7, 8, 10, 6, 5, 9, 8, 4, 5, 4, 10, 9, 4, 10, 8, 7, 10, 7, 7, 5, 3, 7, 4, 7, 5, 7, 7, 7, 6, 5, 7, 4, 7, 3, 9, 4, 6, 8, 5, 5, 6, 9]
B_35 79.43000000000002 B 75 [6, 5, 6, 6, 5, 5, 4, 4, 2, 5, 6, 1, 5, 5, 3, 3, 6, 4, 2, 2, 5, 3, 4, 5, 6, 1, 2, 4, 3, 6, 3, 1, 4, 4, 4, 2, 6, 1, 1, 1, 4, 2, 5, 4, 2, 6, 4, 6, 1, 3, 3, 6, 5, 6, 5, 6, 3, 4, 2, 5, 4, 5, 6, 2, 4, 4, 2, 6, 6, 2, 5, 6, 4, 6, 5, 4, 6, 2, 1, 5] [8, 7, 10, 8, 9, 7, 6, 6, 4, 8, 8, 3, 8, 8, 6, 5, 8, 7, 4, 6, 8, 7, 8, 7, 9, 4, 5, 7, 7, 10, 6, 5, 6, 6, 6, 4, 9, 5, 4, 3, 8, 6, 8, 6, 4, 10, 8, 8, 5, 7, 7, 9, 7, 9, 8, 9, 5, 8, 5, 9, 8, 7, 8, 6, 6, 8, 4, 10, 10, 4, 9, 9, 8, 10, 8, 8, 9, 5, 5, 7]
B_36 82.17000000000002 B 76 [6, 2, 5, 5, 3, 6, 3, 4, 4, 5, 5, 3, 3, 3, 6, 6, 5, 1, 5, 2, 1, 6, 5, 6, 1, 4, 1, 5, 4, 6, 2, 6, 3, 6, 1, 6, 6, 4, 3, 3, 6, 3, 6, 3, 1, 1, 1, 6, 5, 4, 1, 2, 5, 6, 5, 6, 4, 2, 5, 5, 5, 4, 3, 2, 6, 4, 4, 3, 5, 4, 1, 2, 5, 2, 2, 6, 3, 5, 3, 6] [10, 4, 7, 8, 5, 10, 7, 7, 7, 9, 9, 6, 5, 7, 9, 9, 9, 4, 7, 6, 5, 8, 8, 8, 3, 8, 5, 8, 6, 9, 6, 9, 5, 8, 4, 8, 8, 7, 5, 7, 9, 6, 8, 6, 4, 4, 5, 8, 9, 7, 4, 5, 7, 10, 7, 10, 7, 4, 9, 9, 7, 7, 7, 6, 10, 8, 8, 5, 7, 8, 5, 6, 9, 6, 5, 9, 7, 7, 5, 10]
B_37 83.17000000000002 B 77 [6, 3, 2, 6, 3, 5, 6, 4, 4, 4, 5, 2, 6, 2, 2, 5, 4, 3, 3, 1, 2, 1, 5, 5, 3, 4, 1, 2, 3, 1, 4, 2, 2, 5, 6, 2, 3, 2, 4, 6, 2, 2, 1, 6, 4, 4, 3, 3, 4, 4, 3, 6, 1, 3, 4, 3, 5, 6, 5, 3, 3, 2, 5, 2, 2, 5, 3, 3, 3, 6, 5, 3, 6, 5, 1, 2, 5, 1, 5, 2] [8, 5, 4, 8, 5, 7, 8, 8, 7, 6, 8, 6, 8, 5, 4, 8, 7, 6, 7, 5, 5, 5, 7, 7, 5, 8, 4, 5, 6, 4, 7, 5, 6, 8, 9, 6, 6, 6, 7, 10, 6, 4, 5, 10, 6, 8, 6, 6, 8, 7, 5, 10, 3, 6, 7, 7, 8, 10, 8, 7, 6, 4, 9, 4, 4, 8, 7, 5, 6, 8, 9, 7, 9, 8, 5, 5, 7, 3, 7, 4]
B_38 84.17000000000002 B 78 [1, 4, 1, 2, 1, 2, 6, 4, 5, 2, 5, 6, 2, 6, 4, 5, 6, 1, 5, 1, 1, 3, 2, 1, 4, 3, 5, 2, 3, 3, 2, 3, 2, 1, 1, 4, 2, 4, 3, 4, 3, 4, 1, 5, 1, 5, 3, 4, 6, 3, 6, 1, 5, 6, 2, 4, 1, 1, 5, 3, 1, 6, 3, 1, 6, 2, 1, 4, 2, 2, 1, 6, 3, 2, 3, 1, 3, 5, 5, 3] [5, 7, 4, 5, 4, 6, 9, 7, 9, 4, 9, 9, 5, 9, 6, 8, 9, 4, 8, 4, 5, 7, 4, 4, 8, 5, 8, 6, 5, 6, 6, 6, 4, 3, 3, 8, 6, 8, 5, 8, 7, 6, 3, 8, 5, 7, 6, 8, 8, 6, 10, 3, 8, 10, 5, 7, 5, 3, 9, 5, 3, 8, 5, 3, 9, 4, 5, 7, 4, 5, 5, 10, 6, 6, 6, 5, 5, 7, 8, 5]
B_39 85.68000000000002 B 79 [3, 4, 6, 3, 5, 1, 1, 1, 5, 4, 6, 5, 2, 1, 1, 5, 6, 6, 2, 1, 3, 1, 4, 4, 5, 5, 3, 2, 3, 5, 6, 1, 5, 4, 2, 3, 5, 4, 5, 2, 4, 6, 3, 3, 2, 2, 5, 5, 4, 2, 6, 4, 1, 1, 2, 5, 2, 5, 2, 2, 1, 1, 3, 5, 6, 4, 4, 1, 1, 3, 5, 4, 4, 1, 5, 5, 6, 2, 3, 5] [5, 6, 8, 5, 9, 4, 4, 4, 9, 6, 10, 8, 6, 3, 3, 9, 8, 10, 6, 5, 6, 3, 8, 7, 8, 7, 6, 6, 6, 8, 8, 4, 8, 8, 5, 6, 7, 6, 7, 4, 6, 10, 6, 6, 6, 6, 9, 8, 8, 6, 8, 6, 4, 4, 4, 8, 6, 7, 6, 5, 3, 3, 5, 8, 8, 8, 6, 5, 4, 7, 8, 8, 8, 4, 9, 7, 10, 4, 5, 8]
