A_0 2.71 A 0 [1, 3, 6, 1, 5, 6, 1, 5, 3, 2, 5, 5, 3, 2, 4, 1, 6, 2, 2, 4, 1, 4, 5, 6, 4, 2, 1, 1, 5, 5, 2, 6, 6, 4, 4, 3, 3, 3, 1, 1, 3, 3, 5, 6, 4, 3, 6, 4, 5, 5, 4, 4, 2, 5, 3, 3, 3, 2, 1, 3, 2, 3, 5, 1, 2, 6, 2, 4, 2, 2, 1, 4, 5, 2, 6, 1, 3, 2, 6, 6] [1, 5, 6, 3, 7, 6, 3, 7, 5, 3, 7, 6, 5, 3, 6, 3, 7, 4, 3, 6, 1, 4, 7, 8, 6, 4, 3, 3, 6, 6, 2, 6, 8, 5, 6, 3, 3, 3, 3, 1, 4, 3, 5, 7, 6, 4, 6, 6, 6, 6, 6, 6, 4, 7, 3, 5, 5, 3, 3, 4, 2, 4, 6, 1, 3, 7, 2, 6, 2, 3, 1, 6, 7, 4, 8, 2, 4, 4, 8, 7]
A_1 4.73 A 1 [3, 2, 2, 4, 4, 4, 1, 1, 2, 5, 4, 5, 4, 5, 3, 5, 3, 5, 4, 2, 5, 1, 4, 4, 1, 4, 6, 5, 6, 4, 4, 2, 4, 5, 4, 3, 3, 2, 2, 2, 5, 4, 2, 6, 4, 2, 1, 4, 2, 1, 4, 6, 6, 2, 1, 6, 5, 1, 4, 2, 4, 3, 4, 5, 2, 3, 2, 1, 1, 3, 5, 5, 3, 5, 5, 3, 1, 1, 6, 4] [5, 4, 2, 6, 5, 5, 2, 3, 2, 6, 5, 5, 4, 6, 3, 7, 4, 5, 6, 3, 7, 2, 6, 5, 1, 6, 8, 7, 8, 5, 4, 4, 5, 7, 4, 4, 5, 3, 3, 3, 5, 4, 3, 8, 6, 3, 3, 5, 2, 3, 6, 6, 8, 2, 1, 8, 5, 2, 6, 2, 5, 5, 6, 5, 3, 5, 2, 2, 2, 3, 6, 7, 4, 5, 6, 3, 3, 3, 7, 6]
A_2 5.73 A 2 [6, 2, 4, 4, 3, 5, 4, 1, 3, 1, 1, 4, 3, 4, 6, 2, 1, 3, 6, 4, 6, 2, 4, 2, 5, 6, 4, 4, 5, 2, 3, 3, 1, 2, 2, 6, 4, 2, 4, 4, 2, 4, 1, 6, 2, 5, 3, 6, 5, 6, 1, 2, 6, 5, 6, 5, 6, 1, 4, 1, 3, 2, 1, 5, 2, 6, 2, 3, 5, 1, 1, 6, 1, 5, 6, 1, 2, 1, 1, 3] [6, 2, 6, 6, 5, 5, 6, 2, 3, 3, 3, 5, 3, 5, 7, 4, 3, 3, 6, 6, 6, 3, 5, 2, 5, 8, 5, 6, 5, 3, 4, 5, 1, 4, 3, 6, 5, 3, 4, 6, 3, 5, 1, 7, 4, 5, 4, 6, 5, 6, 3, 2, 7, 5, 6, 5, 7, 1, 5, 1, 4, 3, 3, 5, 3, 7, 2, 3, 5, 1, 3, 7, 2, 7, 6, 2, 3, 2, 3, 3]
A_3 10.760000000000002 A 3 [1, 4, 4, 6, 1, 4, 1, 6, 4, 5, 2, 1, 4, 3, 3, 4, 1, 5, 5, 3, 1, 4, 2, 3, 4, 4, 4, 2, 4, 6, 1, 1, 6, 4, 6, 2, 2, 2, 1, 1, 4, 5, 5, 2, 1, 6, 3, 5, 3, 5, 6, 2, 6, 2, 5, 5, 2, 2, 2, 6, 3, 1, 5, 1, 1, 2, 4, 2, 6, 1, 5, 6, 2, 6, 3, 5, 4, 6, 5, 3] [3, 6, 6, 8, 1, 5, 1, 6, 4, 6, 4, 3, 6, 5, 5, 4, 2, 7, 6, 5, 1, 5, 2, 3, 5, 6, 5, 4, 5, 8, 2, 3, 7, 6, 7, 2, 4, 2, 2, 3, 4, 6, 7, 2, 3, 7, 3, 6, 3, 6, 6, 4, 6, 2, 5, 7, 2, 3, 2, 7, 5, 1, 6, 3, 3, 3, 5, 3, 7, 1, 5, 7, 3, 7, 3, 7, 4, 7, 7, 4]
A_4 13.600000000000001 A 4 [5, 4, 3, 1, 3, 1, 6, 5, 4, 3, 2, 5, 1, 4, 1, 2, 4, 3, 1, 2, 6, 1, 4, 2, 2, 2, 4, 1, 2, 2, 4, 5, 5, 3, 1, 3, 1, 6, 6, 5, 3, 3, 2, 6, 2, 6, 1, 6, 1, 2, 1, 6, 3, 3, 2, 3, 2, 2, 2, 5, 3, 5, 6, 2, 3, 1, 3, 2, 4, 2, 6, 2, 6, 1, 5, 2, 2, 1, 4, 6] [7, 5, 5, 1, 3, 3, 7, 5, 6, 4, 4, 6, 3, 6, 3, 3, 4, 5, 2, 4, 7, 2, 5, 2, 2, 2, 6, 3, 2, 2, 4, 5, 6, 4, 2, 3, 1, 7, 6, 5, 4, 3, 2, 8, 3, 7, 2, 6, 2, 2, 1, 6, 5, 5, 3, 5, 4, 4, 3, 6, 3, 5, 7, 4, 3, 2, 4, 2, 5, 3, 6, 3, 8, 3, 5, 3, 4, 3, 4, 6]
A_5 14.790000000000001 A 5 [6, 4, 5, 4, 1, 2, 3, 4, 2, 4, 3, 6, 3, 4, 6, 1, 1, 6, 3, 5, 4, 1, 3, 1, 4, 6, 3, 6, 5, 2, 1, 6, 2, 5, 6, 6, 5, 2, 2, 3, 5, 2, 6, 4, 6, 5, 3, 2, 1, 4, 5, 1, 6, 6, 3, 6, 4, 2, 2, 2, 3, 5, 3, 6, 3, 3, 1, 1, 3, 1, 2, 6, 2, 6, 3, 5, 1, 3, 4, 6] [6, 5, 5, 5, 3, 4, 3, 5, 4, 6, 3, 6, 4, 4, 6, 2, 1, 7, 3, 7, 4, 2, 3, 1, 4, 6, 5, 8, 7, 2, 1, 7, 2, 5, 6, 7, 6, 2, 2, 4, 6, 2, 6, 5, 8, 5, 3, 4, 2, 6, 7, 3, 6, 8, 3, 7, 6, 4, 4, 4, 5, 5, 4, 8, 5, 4, 1, 3, 3, 3, 4, 6, 2, 8, 4, 7, 3, 3, 4, 8]
A_6 15.790000000000001 A 6 [1, 1, 4, 1, 6, 3, 6, 4, 2, 1, 1, 2, 3, 1, 5, 2, 3, 5, 5, 4, 4, 4, 4, 4, 2, 3, 3, 3, 6, 1, 1, 3, 2, 4, 3, 3, 2, 3, 6, 3, 6, 3, 2, 2, 2, 6, 5, 5, 3, 4, 2, 2, 5, 5, 6, 6, 5, 2, 4, 6, 6, 3, 1, 4, 6, 1, 3, 4, 4, 3, 6, 5, 2, 2, 2, 1, 3, 4, 6, 6] [3, 2, 6, 1, 7, 3, 7, 4, 4, 2, 1, 3, 5, 3, 6, 3, 3, 7, 7, 6, 6, 5, 5, 6, 2, 3, 3, 5, 6, 3, 1, 4, 3, 5, 4, 3, 3, 3, 8, 3, 6, 3, 2, 2, 2, 7, 6, 7, 4, 5, 3, 4, 5, 5, 7, 6, 7, 4, 6, 8, 7, 4, 2, 4, 6, 2, 3, 4, 5, 5, 8, 7, 2, 4, 3, 1, 5, 6, 8, 7]
A_7 16.79 A 7 [5, 1, 1, 6, 5, 4, 4, 4, 5, 5, 1, 3, 4, 3, 6, 1, 2, 6, 3, 4, 5, 2, 5, 5, 2, 1, 4, 1, 1, 5, 1, 6, 3, 3, 3, 1, 3, 5, 6, 6, 2, 2, 5, 4, 4, 1, 4, 3, 2, 5, 1, 3, 1, 3, 5, 6, 1, 5, 1, 5, 1, 3, 4, 3, 6, 1, 6, 5, 1, 1, 6, 4, 5, 3, 5, 4, 4, 3, 1, 6] [7, 3, 2, 6, 5, 5, 4, 4, 6, 6, 2, 3, 6, 3, 6, 3, 4, 8, 3, 4, 7, 2, 7, 6, 2, 3, 5, 3, 3, 7, 3, 6, 5, 3, 3, 2, 3, 6, 7, 6, 2, 2, 5, 5, 6, 2, 5, 3, 2, 7, 3, 3, 3, 5, 5, 7, 2, 5, 2, 5, 2, 5, 6, 5, 6, 1, 8, 6, 2, 2, 6, 5, 5, 4, 5, 6, 4, 4, 1, 7]
A_8 19.27 A 8 [3, 2, 3, 4, 4, 2, 2, 5, 5, 2, 6, 1, 5, 4, 2, 1, 5, 2, 3, 2, 3, 4, 5, 5, 5, 5, 6, 1, 4, 3, 1, 4, 1, 2, 4, 5, 2, 6, 2, 2, 5, 6, 4, 2, 5, 5, 5, 2, 2, 3, 3, 1, 3, 1, 5, 4, 3, 4, 6, 5, 6, 3, 1, 4, 1, 2, 3, 4, 5, 2, 2, 6, 5, 3, 2, 2, 3, 3, 2, 2] [5, 2, 3, 4, 6, 4, 4, 6, 6, 4, 6, 1, 7, 5, 3, 1, 5, 2, 3, 4, 5, 6, 5, 6, 7, 7, 7, 1, 6, 3, 2, 5, 3, 4, 6, 5, 4, 6, 2, 2, 5, 6, 4, 3, 5, 6, 7, 3, 3, 4, 4, 1, 4, 1, 5, 6, 5, 5, 7, 5, 6, 4, 3, 4, 1, 2, 5, 6, 7, 4, 2, 7, 6, 3, 3, 4, 3, 5, 3, 2]
A_9 29.759999999999998 A 9 [2, 5, 1, 5, 3, 4, 1, 5, 2, 5, 1, 5, 5, 2, 2, 2, 3, 4, 5, 3, 6, 1, 2, 4, 3, 3, 5, 4, 5, 4, 4, 4, 6, 4, 4, 6, 4, 2, 4, 6, 1, 1, 5, 5, 6, 6, 2, 2, 1, 2, 2, 4, 3, 5, 5, 5, 3, 3, 2, 4, 6, 2, 3, 1, 3, 4, 6, 6, 6, 4, 2, 3, 6, 5, 4, 5, 4, 2, 5, 4] [3, 6, 3, 6, 4, 6, 2, 6, 4, 5, 1, 7, 5, 4, 3, 3, 4, 5, 5, 4, 6, 3, 4, 6, 4, 5, 7, 4, 6, 4, 5, 5, 8, 4, 4, 7, 5, 3, 6, 7, 2, 2, 5, 7, 7, 8, 2, 2, 2, 2, 2, 5, 3, 5, 6, 6, 5, 3, 4, 4, 8, 2, 3, 2, 5, 4, 6, 6, 8, 4, 3, 5, 8, 6, 5, 5, 6, 2, 5, 6]
A_10 30.799999999999997 A 10 [5, 4, 1, 2, 2, 3, 1, 1, 6, 1, 4, 6, 5, 2, 3, 6, 3, 4, 1, 5, 4, 3, 4, 5, 6, 6, 6, 4, 5, 5, 5, 4, 4, 5, 6, 5, 5, 4, 3, 2, 6, 2, 3, 6, 3, 2, 6, 4, 1, 4, 5, 1, 3, 6, 3, 2, 4, 5, 5, 3, 3, 5, 4, 6, 4, 6, 6, 1, 3, 5, 4, 3, 4, 4, 2, 2, 1, 4, 4, 5] [7, 5, 3, 4, 4, 3, 1, 2, 6, 1, 4, 8, 5, 3, 3, 8, 3, 4, 3, 5, 6, 5, 4, 7, 6, 7, 8, 6, 5, 6, 6, 6, 4, 6, 6, 7, 5, 6, 4, 4, 8, 2, 3, 6, 3, 2, 8, 4, 2, 6, 7, 2, 5, 8, 4, 2, 6, 7, 6, 4, 3, 5, 5, 7, 4, 7, 6, 3, 3, 5, 4, 3, 4, 6, 4, 3, 3, 6, 6, 6]
A_11 31.929999999999996 A 11 [5, 5, 4, 1, 5, 6, 2, 3, 1, 5, 6, 5, 5, 3, 1, 1, 2, 5, 6, 5, 2, 5, 2, 5, 3, 5, 4, 1, 6, 6, 2, 6, 5, 5, 2, 2, 3, 4, 6, 6, 2, 1, 2, 3, 6, 4, 6, 5, 6, 5, 2, 4, 3, 4, 3, 1, 3, 1, 1, 3, 2, 1, 3, 4, 5, 1, 2, 1, 4, 1, 1, 4, 4, 5, 1, 1, 6, 6, 3, 2] [6, 5, 5, 3, 6, 6, 3, 3, 1, 7, 8, 7, 5, 4, 2, 1, 3, 7, 7, 5, 2, 6, 2, 5, 5, 6, 5, 1, 7, 7, 3, 8, 6, 7, 4, 3, 5, 6, 8, 6, 2, 2, 3, 4, 7, 4, 8, 5, 7, 5, 4, 4, 3, 5, 5, 2, 3, 1, 1, 4, 2, 2, 4, 5, 7, 3, 3, 3, 5, 3, 3, 6, 5, 7, 1, 1, 7, 6, 5, 2]
A_12 32.92999999999999 A 12 [3, 4, 3, 4, 1, 3, 3, 4, 5, 5, 5, 5, 1, 5, 4, 5, 2, 5, 2, 5, 4, 5, 6, 4, 3, 5, 3, 2, 3, 5, 1, 4, 3, 2, 3, 2, 1, 3, 1, 3, 5, 5, 2, 2, 4, 5, 2, 1, 1, 4, 2, 3, 1, 4, 4, 1, 4, 1, 5, 5, 5, 6, 6, 6, 1, 4, 1, 5, 4, 3, 6, 6, 2, 4, 4, 1, 1, 3, 1, 2] [5, 4, 3, 6, 3, 4, 5, 6, 7, 5, 5, 5, 2, 7, 5, 6, 3, 7, 2, 5, 5, 6, 6, 4, 4, 6, 3, 3, 4, 7, 3, 4, 3, 4, 3, 3, 3, 4, 1, 4, 6, 7, 4, 3, 5, 6, 3, 1, 2, 6, 4, 3, 2, 5, 6, 2, 6, 1, 5, 7, 6, 6, 6, 6, 1, 5, 1, 7, 5, 3, 7, 6, 2, 4, 4, 2, 1, 4, 1, 2]
A_13 36.15999999999999 A 13 [2, 5, 4, 3, 4, 4, 1, 3, 4, 2, 2, 3, 5, 6, 3, 3, 2, 4, 2, 6, 4, 3, 1, 4, 5, 4, 2, 2, 2, 5, 3, 6, 4, 4, 2, 4, 5, 5, 4, 1, 4, 5, 3, 4, 4, 4, 5, 5, 1, 2, 6, 4, 4, 6, 1, 4, 5, 1, 6, 2, 2, 4, 6, 5, 3, 1, 5, 3, 2, 1, 1, 2, 3, 4, 3, 2, 2, 1, 2, 6] [3, 6, 5, 5, 6, 4, 3, 3, 5, 4, 3, 4, 7, 8, 4, 3, 3, 4, 2, 7, 4, 4, 2, 5, 5, 5, 4, 2, 3, 5, 5, 8, 6, 5, 3, 5, 6, 7, 6, 1, 6, 6, 4, 5, 6, 4, 7, 5, 2, 3, 8, 5, 4, 8, 1, 5, 6, 2, 7, 2, 3, 6, 7, 5, 3, 3, 5, 5, 4, 1, 1, 4, 4, 6, 4, 4, 2, 3, 2, 6]
A_14 38.499999999999986 A 14 [4, 3, 6, 3, 1, 6, 5, 6, 2, 2, 3, 1, 4, 3, 5, 2, 6, 6, 2, 3, 3, 6, 4, 3, 4, 4, 1, 4, 5, 5, 1, 2, 5, 3, 2, 6, 3, 2, 5, 6, 1, 2, 1, 5, 6, 6, 4, 1, 6, 5, 1, 5, 3, 5, 4, 1, 5, 3, 1, 4, 2, 4, 2, 3, 2, 2, 2, 2, 2, 1, 4, 2, 3, 4, 4, 4, 6, 2, 5, 5] [6, 3, 7, 5, 3, 6, 6, 6, 3, 3, 3, 2, 5, 4, 7, 4, 7, 8, 2, 5, 5, 8, 4, 4, 4, 6, 1, 5, 7, 5, 2, 2, 7, 5, 3, 8, 4, 4, 5, 7, 1, 3, 2, 6, 7, 6, 5, 1, 6, 6, 1, 6, 4, 7, 4, 3, 6, 3, 1, 4, 3, 4, 3, 4, 4, 2, 2, 3, 2, 3, 4, 4, 5, 6, 6, 4, 8, 3, 6, 7]
A_15 41.069999999999986 A 15 [1, 5, 2, 4, 2, 1, 2, 1, 1, 2, 6, 1, 5, 3, 2, 1, 3, 2, 1, 5, 5, 5, 3, 2, 4, 2, 6, 5, 5, 5, 1, 1, 1, 1, 1, 2, 2, 3, 4, 4, 3, 5, 3, 1, 6, 3, 3, 1, 6, 6, 3, 1, 4, 1, 5, 4, 2, 6, 3, 6, 3, 2, 5, 4, 4, 3, 3, 2, 2, 5, 3, 6, 4, 6, 6, 2, 5, 5, 6, 4] [3, 7, 4, 4, 3, 2, 3, 3, 1, 3, 8, 1, 6, 3, 4, 1, 5, 2, 2, 5, 5, 7, 5, 4, 4, 4, 6, 6, 7, 5, 1, 2, 3, 3, 2, 4, 4, 5, 5, 6, 5, 6, 5, 3, 7, 3, 3, 1, 6, 7, 4, 2, 6, 1, 7, 5, 4, 6, 5, 6, 5, 4, 5, 5, 4, 5, 5, 4, 4, 5, 3, 6, 5, 7, 8, 4, 6, 7, 8, 6]
A_16 42.069999999999986 A 16 [6, 3, 1, 1, 4, 1, 3, 2, 5, 3, 3, 2, 2, 2, 6, 3, 4, 6, 6, 5, 6, 6, 3, 3, 6, 5, 6, 5, 2, 1, 2, 5, 2, 3, 1, 3, 5, 3, 6, 1, 6, 3, 2, 5, 4, 3, 2, 3, 3, 1, 3, 1, 2, 2, 2, 5, 6, 4, 1, 4, 2, 3, 3, 3, 4, 1, 2, 3, 6, 2, 6, 3, 5, 2, 5, 6, 1, 2, 6, 6] [7, 4, 3, 2, 4, 1, 3, 4, 5, 4, 3, 3, 3, 3, 7, 5, 6, 8, 7, 7, 7, 8, 4, 5, 6, 7, 8, 6, 4, 1, 4, 6, 4, 4, 2, 3, 7, 5, 6, 1, 7, 3, 4, 7, 5, 4, 3, 3, 4, 1, 5, 3, 2, 2, 3, 6, 6, 5, 2, 6, 3, 4, 4, 5, 6, 2, 4, 5, 8, 4, 7, 4, 6, 2, 6, 6, 3, 3, 7, 6]
A_17 43.329999999999984 A 17 [2, 5, 3, 5, 3, 6, 5, 6, 2, 4, 4, 5, 5, 4, 6, 2, 6, 5, 1, 2, 5, 5, 2, 4, 5, 4, 4, 5, 2, 4, 5, 3, 6, 4, 6, 4, 2, 6, 1, 2, 3, 6, 5, 1, 4, 6, 3, 6, 3, 3, 2, 6, 5, 6, 2, 5, 6, 1, 2, 2, 4, 3, 4, 1, 1, 1, 1, 4, 6, 2, 2, 6, 6, 6, 6, 1, 6, 2, 4, 5] [4, 5, 3, 7, 5, 7, 7, 8, 2, 5, 4, 7, 7, 4, 8, 2, 8, 7, 1, 2, 5, 5, 2, 5, 7, 5, 6, 5, 3, 4, 5, 4, 8, 6, 8, 4, 4, 7, 3, 3, 5, 7, 5, 1, 4, 7, 4, 6, 3, 3, 4, 6, 5, 7, 3, 6, 7, 2, 3, 2, 4, 3, 5, 3, 2, 1, 1, 5, 7, 3, 2, 6, 6, 7, 8, 3, 7, 2, 4, 7]
A_18 44.539999999999985 A 18 [2, 4, 6, 5, 1, 3, 5, 3, 3, 5, 1, 6, 2, 2, 2, 1, 6, 1, 2, 4, 6, 6, 2, 4, 5, 6, 4, 5, 3, 4, 1, 3, 5, 4, 2, 5, 4, 1, 5, 5, 4, 3, 4, 6, 2, 4, 1, 4, 6, 5, 2, 2, 1, 5, 1, 4, 1, 2, 5, 5, 6, 3, 5, 2, 3, 6, 1, 3, 2, 1, 1, 5, 6, 4, 1, 6, 6, 2, 1, 5] [3, 6, 6, 6, 2, 3, 7, 3, 3, 5, 3, 7, 2, 2, 2, 2, 7, 1, 4, 6, 6, 7, 3, 4, 6, 6, 6, 7, 5, 4, 1, 4, 6, 5, 2, 5, 6, 2, 5, 5, 6, 3, 5, 6, 2, 5, 1, 6, 8, 7, 4, 2, 2, 5, 3, 5, 1, 2, 6, 5, 7, 5, 6, 3, 3, 8, 1, 4, 2, 1, 3, 5, 6, 4, 2, 7, 6, 3, 3, 5]
A_19 49.27999999999999 A 19 [4, 2, 4, 3, 2, 5, 4, 4, 2, 3, 5, 5, 5, 6, 3, 5, 5, 2, 4, 4, 3, 2, 3, 4, 5, 3, 5, 1, 1, 3, 3, 2, 1, 5, 3, 2, 6, 2, 6, 5, 6, 4, 5, 4, 5, 1, 6, 3, 3, 5, 5, 5, 2, 1, 2, 6, 4, 5, 3, 1, 3, 5, 3, 6, 5, 1, 6, 1, 5, 6, 1, 4, 4, 1, 2, 5, 3, 3, 5, 4] [6, 3, 6, 5, 4, 7, 6, 4, 4, 4, 5, 5, 5, 7, 5, 5, 7, 2, 6, 5, 4, 3, 3, 5, 7, 4, 6, 3, 2, 3, 4, 3, 2, 5, 5, 3, 7, 4, 7, 5, 6, 4, 7, 4, 5, 2, 7, 5, 4, 5, 7, 5, 3, 1, 2, 7, 6, 6, 3, 3, 4, 6, 4, 6, 5, 3, 7, 2, 7, 6, 2, 5, 5, 3, 3, 5, 5, 5, 7, 4]
A_20 53.43999999999998 A 20 [1, 5, 6, 1, 6, 4, 4, 5, 3, 6, 4, 2, 4, 4, 3, 5, 6, 5, 6, 3, 2, 3, 2, 6, 6, 4, 6, 3, 4, 1, 3, 4, 3, 4, 6, 1, 1, 4, 5, 2, 3, 1, 5, 5, 5, 5, 4, 6, 1, 2, 4, 4, 1, 4, 1, 3, 6, 2, 3, 2, 3, 3, 3, 5, 2, 4, 2, 3, 2, 5, 4, 5, 1, 1, 1, 2, 1, 6, 3, 6] [1, 7, 6, 1, 7, 4, 6, 7, 5, 6, 6, 2, 5, 4, 5, 5, 7, 5, 6, 4, 3, 3, 3, 7, 8, 4, 6, 3, 6, 2, 5, 6, 5, 5, 8, 3, 1, 6, 6, 2, 3, 2, 6, 7, 6, 5, 6, 8, 1, 2, 4, 4, 1, 5, 2, 4, 6, 3, 3, 4, 4, 5, 3, 7, 4, 5, 2, 4, 3, 6, 5, 5, 2, 1, 3, 2, 2, 8, 5, 8]
A_21 56.859999999999985 A 21 [4, 1, 2, 4, 1, 1, 4, 2, 4, 1, 3, 5, 5, 3, 6, 5, 6, 5, 6, 2, 3, 4, 4, 5, 3, 3, 2, 2, 2, 4, 6, 3, 3, 6, 1, 2, 4, 1, 3, 4, 6, 6, 2, 2, 3, 5, 4, 2, 2, 4, 4, 4, 5, 1, 2, 3, 4, 2, 1, 4, 3, 4, 3, 1, 3, 3, 1, 4, 1, 5, 5, 3, 3, 2, 3, 1, 4, 2, 1, 4] [4, 2, 3, 5, 2, 2, 5, 2, 6, 3, 5, 6, 6, 4, 8, 7, 8, 5, 7, 3, 3, 5, 4, 7, 5, 4, 2, 2, 2, 4, 7, 3, 5, 7, 2, 4, 5, 3, 5, 6, 7, 7, 3, 4, 4, 5, 4, 2, 4, 4, 4, 6, 7, 3, 4, 5, 4, 3, 3, 4, 4, 4, 3, 2, 3, 5, 2, 4, 1, 5, 6, 5, 4, 4, 5, 2, 5, 4, 2, 5]
A_22 59.889999999999986 A 22 [5, 4, 4, 2, 4, 3, 4, 5, 5, 2, 4, 2, 6, 1, 4, 3, 3, 2, 2, 3, 2, 4, 6, 4, 4, 5, 3, 5, 2, 5, 2, 6, 3, 1, 1, 5, 3, 1, 3, 2, 4, 1, 2, 1, 3, 3, 3, 2, 1, 3, 4, 2, 6, 6, 2, 5, 1, 6, 5, 1, 6, 5, 4, 2, 6, 5, 4, 1, 2, 2, 5, 1, 4, 4, 3, 6, 4, 1, 4, 4] [7, 6, 5, 2, 5, 3, 5, 7, 5, 4, 4, 2, 6, 2, 4, 5, 4, 2, 3, 3, 3, 4, 6, 6, 4, 7, 3, 6, 2, 7, 3, 7, 3, 3, 3, 5, 4, 3, 5, 4, 6, 2, 4, 1, 4, 4, 5, 4, 2, 3, 6, 3, 7, 8, 2, 6, 1, 7, 5, 2, 8, 5, 4, 4, 8, 7, 5, 3, 4, 3, 6, 1, 5, 6, 3, 7, 4, 1, 5, 4]
A_23 60.889999999999986 A 23 [6, 4, 2, 3, 2, 1, 4, 5, 5, 4, 5, 5, 4, 4, 3, 2, 3, 4, 4, 4, 6, 5, 4, 3, 3, 1, 2, 5, 6, 6, 5, 3, 6, 1, 3, 5, 2, 4, 1, 5, 5, 3, 2, 4, 5, 4, 3, 3, 5, 2, 4, 6, 4, 4, 6, 2, 5, 2, 5, 2, 4, 3, 1, 1, 3, 6, 4, 1, 2, 4, 2, 2, 3, 4, 1, 5, 6, 5, 6, 6] [8, 5, 2, 3, 2, 1, 6, 6, 6, 6, 7, 5, 4, 5, 4, 4, 5, 5, 4, 5, 7, 7, 6, 3, 4, 2, 2, 7, 6, 7, 6, 5, 6, 2, 5, 5, 4, 5, 1, 6, 5, 4, 2, 4, 5, 4, 5, 5, 7, 4, 6, 7, 5, 4, 8, 4, 6, 4, 5, 2, 5, 4, 2, 3, 4, 6, 4, 2, 3, 4, 4, 3, 3, 4, 2, 6, 7, 7, 7, 7]
A_24 67.48999999999998 A 24 [4, 1, 5, 4, 2, 4, 2, 2, 5, 3, 6, 3, 3, 5, 4, 4, 6, 5, 5, 5, 6, 3, 4, 3, 4, 3, 6, 4, 1, 5, 4, 5, 4, 3, 2, 5, 2, 5, 4, 6, 1, 3, 2, 3, 1, 2, 3, 1, 3, 1, 4, 5, 4, 1, 1, 2, 5, 2, 1, 1, 1, 5, 3, 5, 5, 4, 3, 4, 1, 3, 6, 4, 2, 2, 1, 1, 4, 2, 6, 4] [6, 1, 5, 5, 2, 4, 2, 2, 7, 4, 6, 5, 4, 5, 4, 4, 6, 7, 6, 7, 8, 5, 4, 4, 4, 4, 8, 5, 2, 5, 6, 6, 6, 4, 2, 5, 2, 5, 6, 8, 1, 5, 4, 3, 3, 3, 3, 3, 3, 1, 5, 5, 4, 2, 3, 2, 5, 2, 3, 1, 1, 6, 4, 5, 5, 6, 5, 4, 2, 3, 6, 4, 4, 3, 2, 2, 6, 3, 8, 4]
A_25 68.48999999999998 A 25 [2, 4, 6, 4, 2, 6, 3, 1, 5, 3, 6, 5, 5, 4, 4, 2, 5, 4, 6, 3, 4, 3, 5, 1, 3, 5, 4, 2, 5, 6, 3, 5, 5, 3, 6, 3, 6, 6, 5, 2, 6, 4, 2, 1, 2, 5, 2, 2, 5, 3, 2, 1, 5, 4, 3, 4, 3, 2, 4, 3, 1, 3, 1, 3, 3, 1, 3, 3, 2, 4, 4, 4, 6, 1, 6, 3, 1, 5, 1, 2] [4, 6, 8, 6, 2, 6, 3, 3, 7, 5, 7, 6, 6, 5, 6, 4, 7, 5, 6, 4, 4, 4, 7, 2, 4, 5, 4, 4, 7, 7, 5, 7, 5, 3, 7, 4, 6, 7, 5, 3, 8, 4, 3, 2, 4, 7, 3, 4, 6, 3, 2, 1, 6, 6, 5, 5, 3, 2, 6, 3, 3, 3, 2, 5, 4, 3, 5, 4, 2, 4, 4, 5, 8, 3, 7, 3, 3, 7, 1, 2]
A_26 73.03999999999998 A 26 [1, 6, 4, 4, 4, 3, 3, 4, 6, 5, 6, 4, 3, 2, 1, 6, 6, 4, 4, 5, 6, 2, 3, 2, 6, 4, 3, 2, 3, 1, 6, 5, 4, 1, 2, 5, 6, 1, 5, 4, 5, 2, 3, 6, 6, 1, 3, 4, 4, 1, 3, 3, 4, 2, 4, 1, 4, 4, 4, 2, 5, 3, 6, 1, 3, 2, 3, 4, 4, 4, 1, 6, 6, 1, 1, 4, 6, 4, 5, 1] [3, 8, 5, 5, 6, 5, 3, 5, 7, 7, 8, 5, 3, 4, 1, 6, 8, 6, 6, 6, 6, 2, 3, 2, 8, 4, 4, 2, 3, 2, 6, 7, 6, 3, 3, 6, 7, 1, 5, 4, 7, 2, 5, 7, 7, 3, 4, 6, 5, 3, 4, 5, 4, 4, 6, 3, 5, 5, 6, 2, 5, 4, 7, 1, 3, 2, 4, 6, 5, 5, 1, 6, 6, 2, 1, 6, 6, 6, 6, 1]
A_27 74.30999999999997 A 27 [1, 5, 4, 2, 1, 6, 3, 1, 1, 4, 4, 1, 2, 2, 4, 5, 5, 5, 5, 1, 3, 2, 5, 5, 4, 2, 2, 1, 4, 5, 6, 1, 2, 1, 4, 6, 5, 1, 3, 6, 1, 6, 3, 4, 2, 6, 3, 6, 1, 6, 2, 3, 1, 1, 6, 4, 4, 1, 2, 2, 3, 5, 4, 6, 3, 1, 4, 1, 5, 4, 4, 4, 6, 2, 4, 5, 6, 1, 5, 3] [3, 7, 6, 4, 3, 8, 5, 3, 1, 4, 6, 1, 3, 2, 5, 6, 6, 5, 7, 3, 3, 2, 6, 7, 5, 4, 2, 2, 6, 7, 7, 3, 3, 3, 5, 8, 5, 1, 4, 8, 2, 7, 4, 5, 3, 6, 3, 6, 3, 7, 2, 4, 3, 3, 6, 5, 4, 2, 2, 2, 4, 7, 6, 7, 4, 2, 6, 1, 7, 4, 5, 4, 8, 4, 5, 6, 8, 3, 6, 4]
A_28 76.86999999999998 A 28 [5, 6, 5, 4, 2, 5, 6, 1, 4, 5, 5, 6, 3, 2, 5, 5, 2, 2, 3, 1, 4, 2, 2, 6, 1, 5, 3, 4, 5, 3, 1, 3, 2, 2, 4, 6, 5, 6, 4, 1, 6, 1, 4, 4, 1, 2, 1, 4, 2, 1, 4, 5, 6, 3, 4, 4, 5, 4, 5, 2, 2, 1, 4, 1, 1, 5, 6, 5, 5, 4, 2, 4, 1, 3, 4, 3, 1, 4, 4, 4] [6, 8, 5, 5, 2, 7, 6, 3, 6, 6, 5, 7, 4, 3, 7, 7, 4, 3, 5, 2, 6, 2, 2, 6, 2, 7, 3, 6, 6, 3, 1, 4, 3, 4, 4, 8, 7, 6, 6, 1, 6, 3, 6, 5, 2, 4, 1, 5, 3, 2, 6, 7, 8, 5, 6, 4, 5, 5, 7, 2, 3, 2, 6, 3, 3, 5, 6, 6, 7, 6, 3, 4, 3, 5, 6, 3, 1, 5, 6, 5]
A_29 78.69999999999997 A 29 [5, 4, 2, 6, 2, 2, 1, 5, 3, 4, 5, 6, 5, 5, 5, 5, 1, 4, 4, 3, 1, 4, 5, 6, 5, 6, 1, 5, 3, 3, 5, 2, 4, 3, 2, 3, 3, 6, 5, 3, 2, 4, 6, 6, 3, 2, 1, 1, 6, 2, 2, 4, 5, 2, 6, 5, 2, 5, 5, 1, 6, 3, 2, 1, 4, 5, 3, 1, 6, 3, 3, 5, 1, 2, 1, 2, 2, 2, 2, 6] [6, 5, 3, 8, 2, 2, 3, 7, 3, 4, 6, 7, 7, 5, 5, 5, 1, 4, 4, 3, 2, 4, 7, 7, 5, 7, 2, 7, 3, 3, 6, 2, 5, 3, 3, 5, 5, 6, 5, 3, 4, 4, 8, 8, 4, 4, 1, 1, 8, 3, 2, 5, 7, 2, 7, 7, 3, 6, 7, 3, 7, 5, 2, 3, 5, 7, 3, 2, 8, 5, 5, 5, 3, 4, 1, 3, 3, 3, 2, 6]
A_30 88.97999999999998 A 30 [2, 4, 3, 1, 4, 1, 1, 1, 1, 4, 5, 2, 1, 3, 1, 1, 2, 5, 1, 3, 3, 6, 2, 5, 4, 3, 6, 6, 1, 5, 6, 1, 4, 2, 5, 2, 4, 5, 4, 6, 5, 2, 6, 2, 2, 2, 5, 4, 4, 6, 2, 1, 4, 2, 4, 3, 5, 1, 3, 3, 6, 3, 1, 2, 5, 3, 1, 1, 3, 1, 3, 4, 3, 6, 4, 4, 1, 5, 2, 3] [2, 4, 4, 2, 4, 1, 1, 3, 2, 5, 6, 3, 3, 5, 2, 1, 4, 5, 1, 4, 5, 7, 3, 6, 6, 5, 6, 7, 1, 6, 8, 3, 5, 4, 7, 4, 4, 6, 5, 8, 5, 4, 8, 3, 2, 2, 7, 4, 5, 6, 4, 1, 4, 3, 4, 5, 5, 3, 5, 4, 8, 5, 3, 3, 6, 4, 1, 1, 3, 2, 4, 5, 4, 7, 5, 4, 2, 7, 4, 5]
A_31 89.97999999999998 A 31 [6, 2, 3, 1, 5, 6, 3, 6, 4, 4, 4, 6, 4, 6, 2, 1, 5, 3, 3, 2, 4, 3, 6, 3, 5, 5, 5, 1, 3, 2, 1, 1, 2, 3, 6, 3, 4, 2, 2, 2, 6, 4, 3, 6, 4, 5, 1, 4, 1, 3, 3, 3, 5, 2, 1, 3, 2, 3, 4, 4, 2, 1, 6, 6, 2, 3, 3, 2, 6, 1, 4, 3, 3, 5, 4, 3, 3, 6, 2, 6] [6, 4, 5, 3, 5, 7, 4, 6, 5, 5, 6, 8, 4, 8, 2, 2, 6, 4, 4, 3, 6, 3, 7, 5, 6, 7, 7, 3, 4, 2, 3, 3, 2, 3, 6, 3, 6, 4, 4, 3, 8, 5, 5, 8, 4, 5, 2, 5, 1, 3, 4, 3, 5, 2, 2, 3, 4, 5, 4, 4, 3, 2, 7, 8, 2, 4, 4, 4, 6, 3, 5, 5, 3, 7, 5, 4, 5, 7, 2, 6]
A_32 94.20999999999998 A 32 [6, 4, 1, 6, 5, 2, 2, 3, 1, 6, 4, 5, 3, 4, 5, 1, 2, 6, 5, 1, 3, 3, 3, 6, 4, 5, 4, 2, 2, 4, 4, 2, 2, 4, 1, 3, 6, 5, 1, 5, 5, 6, 1, 6, 6, 5, 5, 2, 3, 6, 2, 5, 3, 4, 5, 2, 1, 1, 6, 6, 1, 2, 4, 1, 3, 2, 1, 3, 2, 5, 5, 4, 6, 3, 6, 4, 4, 4, 3, 6] [8, 5, 1, 7, 6, 2, 3, 5, 3, 8, 4, 6, 3, 6, 7, 3, 4, 8, 6, 2, 5, 5, 3, 6, 6, 5, 6, 3, 3, 5, 5, 2, 3, 5, 3, 4, 6, 5, 3, 6, 6, 7, 2, 7, 8, 5, 6, 4, 3, 6, 3, 6, 4, 6, 5, 3, 3, 1, 7, 7, 1, 4, 6, 1, 3, 2, 2, 4, 4, 6, 6, 6, 6, 3, 8, 5, 5, 4, 5, 7]
A_33 98.00999999999998 A 33 [4, 5, 2, 4, 3, 5, 4, 3, 2, 4, 5, 5, 2, 4, 3, 1, 3, 4, 4, 5, 4, 6, 1, 1, 3, 3, 1, 1, 2, 3, 2, 3, 4, 3, 2, 4, 4, 1, 6, 4, 2, 3, 6, 5, 6, 1, 3, 2, 3, 5, 2, 6, 2, 4, 6, 5, 1, 6, 1, 1, 1, 2, 6, 4, 3, 4, 1, 6, 6, 6, 5, 5, 2, 5, 5, 1, 6, 2, 1, 2] [5, 7, 4, 6, 4, 5, 5, 3, 4, 4, 6, 7, 4, 5, 5, 3, 4, 6, 5, 5, 5, 7, 3, 2, 4, 3, 3, 3, 4, 3, 4, 3, 5, 4, 3, 5, 6, 3, 7, 5, 4, 4, 8, 7, 7, 3, 3, 2, 5, 6, 2, 8, 2, 4, 7, 5, 2, 6, 3, 3, 1, 3, 6, 5, 5, 4, 3, 8, 7, 7, 7, 6, 3, 6, 7, 1, 7, 4, 2, 3]
A_34 100.17999999999998 A 34 [4, 4, 2, 6, 1, 6, 3, 3, 4, 4, 6, 2, 3, 2, 2, 1, 1, 6, 2, 3, 6, 1, 1, 3, 2, 6, 2, 4, 4, 2, 5, 6, 1, 2, 4, 4, 4, 5, 3, 5, 3, 5, 1, 5, 5, 1, 1, 5, 2, 4, 6, 1, 6, 5, 3, 4, 1, 2, 5, 6, 6, 2, 5, 6, 3, 6, 2, 3, 4, 6, 4, 4, 2, 4, 6, 1, 1, 6, 5, 1] [6, 4, 3, 7, 2, 6, 4, 3, 6, 4, 6, 4, 3, 3, 3, 2, 2, 8, 2, 5, 8, 2, 3, 5, 2, 7, 3, 5, 4, 3, 7, 6, 3, 3, 6, 5, 4, 6, 5, 6, 4, 5, 2, 7, 7, 2, 2, 5, 3, 5, 6, 1, 8, 6, 3, 6, 2, 4, 6, 6, 7, 4, 5, 6, 4, 7, 2, 4, 4, 6, 5, 4, 3, 6, 7, 1, 1, 7, 7, 2]
A_35 108.40999999999998 A 35 [3, 3, 6, 2, 3, 6, 3, 1, 5, 6, 5, 2, 2, 4, 6, 2, 3, 4, 5, 2, 1, 2, 5, 5, 5, 3, 5, 6, 6, 3, 2, 3, 3, 4, 4, 4, 6, 1, 2, 4, 2, 2, 1, 4, 4, 1, 1, 1, 3, 2, 6, 5, 2, 6, 6, 6, 5, 3, 2, 1, 6, 1, 3, 5, 3, 3, 6, 5, 3, 5, 5, 3, 3, 6, 3, 3, 2, 3, 1, 3] [3, 4, 6, 2, 3, 7, 3, 2, 5, 7, 7, 3, 3, 5, 8, 4, 3, 4, 5, 3, 3, 4, 5, 5, 5, 4, 6, 8, 8, 5, 4, 3, 4, 5, 5, 5, 6, 2, 3, 6, 4, 4, 3, 5, 4, 2, 3, 3, 4, 2, 7, 6, 4, 8, 7, 8, 6, 3, 2, 2, 7, 3, 4, 6, 5, 5, 6, 6, 4, 6, 5, 4, 3, 6, 4, 5, 3, 5, 2, 4]
A_36 110.22999999999998 A 36 [3, 3, 4, 2, 1, 5, 2, 3, 2, 4, 5, 3, 1, 5, 3, 2, 5, 2, 4, 6, 1, 4, 3, 2, 2, 6, 6, 5, 5, 3, 4, 4, 6, 4, 4, 6, 1, 4, 4, 4, 6, 5, 4, 1, 5, 1, 5, 6, 5, 4, 1, 2, 3, 2, 1, 1, 2, 6, 4, 1, 1, 6, 2, 5, 5, 2, 2, 3, 2, 1, 3, 6, 3, 4, 2, 3, 1, 6, 6, 2] [3, 5, 5, 4, 1, 6, 3, 3, 4, 5, 5, 5, 3, 6, 4, 4, 7, 4, 6, 7, 1, 5, 4, 4, 2, 6, 7, 5, 7, 5, 4, 6, 6, 6, 4, 6, 3, 6, 5, 5, 7, 7, 4, 3, 7, 3, 5, 7, 6, 4, 1, 2, 5, 2, 2, 2, 3, 6, 4, 2, 2, 6, 4, 5, 5, 2, 3, 4, 4, 3, 5, 7, 5, 4, 2, 3, 2, 6, 7, 4]
A_37 111.22999999999998 A 37 [3, 2, 2, 2, 6, 2, 3, 5, 6, 2, 4, 4, 3, 5, 2, 3, 3, 6, 1, 2, 4, 1, 1, 4, 5, 6, 1, 1, 6, 6, 5, 2, 5, 1, 5, 1, 4, 2, 5, 3, 3, 3, 5, 4, 6, 2, 4, 4, 6, 5, 2, 4, 4, 3, 2, 6, 3, 3, 1, 4, 3, 1, 6, 3, 6, 6, 5, 3, 4, 5, 6, 1, 5, 3, 1, 5, 1, 2, 4, 5] [3, 3, 3, 2, 7, 2, 3, 6, 6, 3, 6, 6, 4, 7, 4, 5, 5, 7, 2, 4, 6, 3, 3, 5, 5, 7, 1, 1, 6, 6, 6, 4, 5, 3, 6, 2, 6, 4, 7, 4, 3, 3, 6, 5, 6, 4, 5, 5, 6, 7, 2, 5, 4, 3, 4, 7, 5, 5, 2, 4, 4, 1, 6, 4, 7, 7, 6, 4, 6, 6, 7, 2, 6, 5, 3, 5, 3, 4, 6, 5]
A_38 112.22999999999998 A 38 [1, 2, 4, 1, 6, 2, 6, 6, 2, 4, 3, 6, 1, 4, 5, 4, 6, 1, 5, 6, 5, 3, 3, 1, 4, 5, 5, 3, 4, 5, 4, 2, 1, 6, 3, 2, 4, 5, 6, 5, 5, 2, 1, 3, 2, 4, 2, 3, 5, 5, 3, 5, 6, 6, 5, 1, 4, 6, 2, 1, 4, 3, 1, 3, 6, 3, 1, 2, 6, 5, 2, 1, 2, 1, 1, 1, 3, 4, 1, 5] [3, 3, 4, 2, 6, 2, 8, 7, 2, 6, 4, 8, 1, 6, 5, 5, 6, 3, 5, 7, 6, 5, 5, 1, 6, 5, 5, 4, 6, 5, 5, 4, 3, 7, 5, 3, 5, 7, 8, 6, 7, 2, 1, 3, 4, 4, 2, 4, 6, 6, 5, 6, 8, 8, 6, 1, 5, 7, 4, 2, 5, 5, 2, 4, 6, 4, 1, 2, 8, 5, 2, 2, 2, 1, 3, 1, 3, 5, 3, 6]
A_39 115.36999999999998 A 39 [1, 2, 4, 1, 5, 3, 3, 6, 2, 6, 2, 6, 3, 1, 6, 4, 1, 2, 5, 5, 2, 4, 2, 5, 6, 2, 4, 6, 1, 3, 6, 2, 5, 4, 5, 4, 4, 3, 5, 6, 3, 5, 6, 2, 1, 2, 5, 3, 6, 5, 5, 3, 1, 3, 2, 2, 3, 2, 1, 6, 2, 1, 5, 6, 1, 4, 4, 1, 6, 2, 4, 2, 6, 5, 3, 1, 4, 1, 2, 5] [1, 3, 6, 3, 5, 4, 3, 6, 2, 7, 4, 6, 4, 1, 7, 6, 1, 3, 5, 5, 2, 6, 4, 6, 8, 3, 4, 8, 1, 3, 8, 3, 6, 5, 6, 6, 5, 4, 6, 7, 4, 7, 8, 4, 2, 2, 7, 5, 8, 7, 5, 5, 2, 3, 2, 3, 4, 2, 3, 6, 2, 2, 6, 8, 3, 6, 6, 1, 7, 4, 6, 2, 6, 5, 3, 1, 6, 1, 2, 5]
B_0 3.94 B 40 [3, 5, 2, 4, 3, 5, 6, 2, 5, 1, 6, 2, 5, 4, 1, 3, 6, 3, 4, 6, 3, 6, 4, 5, 1, 6, 5, 1, 6, 2, 5, 6, 5, 2, 3, 2, 6, 3, 5, 3, 6, 1, 3, 3, 6, 1, 2, 6, 1, 3, 4, 5, 2, 2, 1, 2, 4, 3, 3, 1, 5, 4, 2, 5, 6, 2, 4, 4, 1, 5, 5, 6, 1, 1, 5, 1, 5, 4, 4, 1] [4, 5, 3, 4, 4, 6, 6, 2, 5, 2, 8, 2, 6, 6, 1, 5, 7, 5, 6, 6, 3, 7, 6, 5, 1, 8, 7, 2, 6, 4, 5, 8, 6, 4, 4, 4, 7, 3, 7, 4, 7, 3, 4, 4, 8, 3, 4, 8, 1, 3, 4, 6, 2, 4, 1, 2, 4, 5, 3, 2, 5, 6, 2, 6, 7, 2, 6, 5, 2, 7, 7, 8, 3, 1, 6, 1, 5, 5, 6, 1]
B_1 4.9399999999999995 B 41 [3, 4, 4, 5, 3, 2, 3, 2, 6, 1, 2, 1, 5, 5, 2, 5, 3, 6, 3, 4, 1, 6, 1, 3, 3, 4, 2, 6, 1, 4, 2, 4, 6, 3, 5, 2, 5, 3, 2, 5, 1, 6, 6, 4, 5, 1, 5, 2, 5, 2, 1, 1, 6, 1, 5, 4, 5, 1, 3, 2, 2, 6, 6, 3, 1, 5, 4, 4, 4, 5, 5, 4, 5, 2, 2, 4, 3, 5, 2, 1] [3, 4, 5, 6, 3, 2, 3, 2, 6, 2, 2, 2, 7, 6, 3, 6, 3, 7, 3, 4, 2, 7, 2, 4, 5, 4, 2, 7, 3, 4, 4, 5, 7, 4, 5, 4, 7, 3, 2, 7, 3, 7, 6, 4, 7, 1, 7, 3, 6, 3, 2, 3, 6, 2, 6, 5, 7, 3, 5, 2, 4, 7, 8, 4, 2, 5, 5, 6, 6, 7, 6, 5, 6, 3, 3, 6, 3, 7, 2, 3]
B_2 10.09 B 42 [5, 2, 1, 5, 2, 6, 2, 5, 4, 5, 3, 2, 2, 3, 1, 3, 2, 5, 4, 5, 5, 2, 2, 2, 2, 2, 3, 3, 4, 6, 6, 3, 1, 6, 1, 1, 4, 5, 1, 6, 3, 6, 5, 6, 1, 5, 4, 1, 3, 3, 1, 4, 4, 6, 6, 3, 1, 3, 1, 1, 6, 3, 2, 5, 5, 2, 2, 6, 1, 5, 2, 4, 5, 1, 3, 2, 3, 4, 4, 5] [5, 3, 1, 7, 2, 6, 2, 5, 4, 5, 3, 3, 4, 4, 2, 5, 4, 5, 5, 7, 6, 3, 4, 2, 4, 3, 5, 4, 6, 8, 8, 5, 2, 8, 2, 3, 4, 6, 1, 8, 4, 6, 7, 6, 2, 7, 5, 3, 5, 5, 1, 4, 5, 8, 7, 3, 1, 4, 2, 3, 8, 4, 2, 7, 7, 2, 2, 8, 3, 6, 2, 4, 6, 1, 5, 4, 3, 4, 4, 6]
B_3 12.0 B 43 [6, 6, 6, 2, 6, 4, 2, 4, 2, 5, 6, 3, 2, 4, 5, 1, 5, 1, 6, 4, 5, 2, 1, 4, 3, 1, 6, 4, 4, 6, 2, 6, 6, 5, 5, 4, 1, 4, 3, 2, 3, 4, 6, 5, 2, 6, 6, 1, 2, 5, 5, 4, 1, 5, 5, 3, 1, 5, 6, 3, 6, 2, 4, 5, 1, 5, 2, 1, 5, 2, 2, 1, 5, 1, 6, 4, 4, 2, 4, 1] [7, 8, 7, 2, 8, 5, 2, 5, 3, 7, 6, 4, 3, 5, 6, 3, 7, 1, 6, 4, 7, 4, 1, 4, 3, 2, 7, 5, 5, 8, 3, 8, 7, 7, 7, 5, 3, 5, 3, 4, 4, 4, 6, 6, 3, 6, 7, 1, 3, 5, 5, 4, 1, 5, 6, 3, 2, 5, 6, 4, 7, 3, 5, 5, 1, 5, 4, 1, 7, 4, 4, 3, 6, 1, 6, 6, 5, 2, 5, 2]
B_4 21.79 B 44 [4, 4, 2, 1, 2, 6, 2, 4, 5, 6, 3, 6, 4, 4, 6, 6, 4, 4, 2, 5, 5, 3, 3, 5, 1, 2, 6, 2, 1, 3, 2, 4, 6, 6, 5, 4, 5, 6, 2, 1, 6, 5, 1, 2, 1, 5, 1, 2, 2, 1, 3, 5, 1, 2, 6, 3, 1, 4, 5, 6, 6, 4, 1, 4, 5, 4, 3, 6, 4, 6, 3, 4, 5, 3, 2, 5, 1, 4, 5, 6] [6, 6, 4, 3, 3, 8, 2, 6, 5, 7, 3, 7, 5, 6, 7, 7, 5, 4, 2, 5, 6, 4, 4, 5, 3, 4, 7, 3, 2, 4, 2, 4, 8, 7, 7, 4, 7, 6, 4, 2, 8, 7, 2, 3, 3, 7, 3, 3, 3, 3, 4, 5, 2, 3, 6, 3, 3, 5, 6, 7, 6, 4, 3, 5, 6, 6, 4, 6, 6, 6, 3, 6, 5, 3, 4, 6, 1, 6, 5, 6]
B_5 22.79 B 45 [3, 2, 5, 6, 6, 5, 6, 1, 5, 6, 2, 4, 5, 4, 6, 3, 3, 6, 4, 1, 5, 5, 3, 4, 2, 5, 1, 6, 2, 2, 2, 5, 5, 1, 1, 1, 1, 2, 4, 2, 1, 1, 5, 6, 5, 6, 6, 5, 6, 6, 6, 1, 2, 5, 4, 1, 4, 2, 5, 4, 1, 5, 4, 5, 4, 4, 3, 1, 3, 3, 4, 3, 2, 2, 3, 3, 5, 6, 1, 2] [4, 3, 5, 7, 7, 5, 7, 2, 6, 8, 2, 4, 6, 4, 6, 3, 4, 7, 5, 2, 5, 5, 4, 4, 3, 7, 3, 6, 4, 4, 2, 5, 5, 3, 2, 2, 3, 4, 4, 2, 3, 1, 7, 6, 7, 8, 8, 6, 7, 7, 7, 1, 4, 5, 4, 1, 6, 3, 5, 5, 1, 7, 5, 6, 6, 6, 5, 3, 4, 4, 4, 5, 4, 4, 3, 5, 5, 8, 1, 2]
B_6 27.79 B 46 [6, 1, 3, 3, 1, 3, 5, 4, 5, 2, 6, 6, 2, 5, 4, 3, 2, 3, 1, 6, 4, 4, 3, 3, 3, 2, 3, 3, 1, 1, 5, 1, 5, 3, 1, 1, 5, 4, 2, 5, 2, 5, 4, 6, 1, 6, 3, 2, 6, 1, 3, 6, 5, 3, 2, 6, 4, 4, 1, 5, 2, 5, 3, 3, 3, 3, 5, 1, 6, 3, 4, 1, 6, 4, 1, 5, 6, 1, 4, 6] [6, 3, 4, 3, 2, 3, 6, 5, 7, 2, 8, 8, 3, 7, 5, 3, 3, 4, 1, 7, 6, 4, 5, 5, 3, 3, 4, 3, 1, 1, 7, 2, 6, 3, 2, 3, 5, 5, 2, 7, 4, 7, 5, 7, 3, 8, 4, 4, 7, 1, 3, 8, 6, 5, 3, 6, 6, 4, 2, 6, 2, 7, 4, 5, 3, 3, 5, 3, 7, 5, 4, 2, 7, 4, 1, 6, 8, 3, 4, 6]
B_7 28.79 B 47 [4, 4, 6, 5, 6, 2, 5, 3, 2, 2, 4, 5, 1, 5, 1, 1, 3, 6, 4, 3, 6, 2, 2, 3, 1, 2, 4, 6, 4, 1, 4, 4, 2, 2, 5, 1, 6, 4, 3, 3, 6, 2, 1, 1, 2, 5, 2, 4, 4, 6, 2, 3, 4, 6, 1, 2, 3, 5, 2, 4, 4, 3, 5, 4, 2, 4, 6, 6, 6, 3, 6, 3, 3, 2, 5, 2, 6, 5, 1, 3] [6, 5, 6, 6, 6, 4, 7, 3, 3, 2, 4, 5, 1, 5, 1, 1, 3, 6, 6, 5, 8, 2, 4, 5, 3, 4, 6, 6, 5, 1, 4, 5, 4, 2, 5, 3, 7, 5, 4, 5, 8, 3, 3, 1, 3, 6, 4, 5, 4, 8, 4, 3, 6, 7, 1, 2, 4, 6, 4, 5, 4, 3, 7, 6, 3, 4, 6, 6, 8, 5, 7, 3, 3, 3, 7, 2, 6, 6, 3, 3]
B_8 29.79 B 48 [5, 2, 5, 3, 1, 1, 3, 2, 2, 1, 1, 6, 1, 1, 6, 6, 3, 3, 6, 3, 1, 2, 1, 5, 3, 5, 4, 1, 2, 6, 4, 1, 3, 3, 2, 3, 5, 6, 5, 6, 1, 5, 3, 2, 2, 6, 6, 4, 6, 2, 6, 6, 3, 1, 5, 3, 6, 1, 4, 1, 5, 6, 2, 2, 5, 4, 5, 3, 2, 4, 4, 1, 1, 3, 4, 3, 5, 6, 2, 5] [6, 2, 5, 3, 2, 2, 4, 2, 3, 2, 2, 7, 2, 2, 6, 6, 4, 3, 8, 4, 1, 4, 2, 7, 3, 6, 5, 3, 3, 8, 5, 1, 3, 5, 3, 4, 6, 6, 6, 8, 1, 6, 5, 3, 3, 7, 7, 4, 6, 2, 8, 8, 4, 2, 7, 5, 7, 2, 4, 1, 6, 7, 2, 4, 7, 4, 6, 4, 3, 6, 4, 1, 1, 3, 4, 4, 7, 6, 2, 6]
B_9 30.79 B 49 [5, 1, 6, 5, 2, 4, 4, 5, 3, 2, 4, 5, 4, 2, 5, 6, 1, 3, 5, 5, 2, 4, 3, 2, 1, 3, 1, 6, 1, 2, 6, 3, 6, 5, 4, 2, 4, 5, 5, 5, 3, 2, 3, 5, 1, 6, 1, 6, 2, 6, 2, 2, 1, 6, 4, 3, 2, 1, 2, 3, 4, 6, 5, 4, 4, 4, 6, 3, 2, 5, 6, 2, 1, 3, 1, 1, 3, 1, 6, 2] [6, 3, 6, 6, 2, 6, 5, 7, 4, 2, 6, 5, 6, 3, 6, 7, 1, 3, 7, 5, 2, 4, 3, 4, 1, 3, 3, 7, 2, 3, 6, 3, 6, 6, 5, 2, 4, 7, 6, 7, 3, 3, 5, 5, 3, 7, 1, 8, 2, 7, 2, 2, 1, 8, 5, 4, 2, 1, 4, 3, 5, 6, 6, 4, 4, 5, 8, 5, 2, 7, 6, 2, 2, 5, 3, 3, 3, 1, 8, 3]
B_10 33.66 B 50 [4, 4, 1, 6, 1, 5, 2, 1, 3, 2, 5, 2, 2, 6, 1, 3, 3, 2, 2, 5, 4, 4, 4, 4, 4, 2, 3, 2, 4, 2, 2, 3, 2, 2, 6, 6, 1, 2, 3, 5, 4, 1, 1, 5, 3, 6, 3, 2, 6, 2, 1, 5, 3, 2, 3, 4, 6, 6, 6, 5, 4, 5, 5, 2, 2, 2, 1, 2, 5, 5, 5, 6, 1, 1, 2, 4, 1, 6, 6, 1] [6, 6, 3, 6, 1, 7, 3, 3, 4, 2, 7, 4, 4, 8, 1, 4, 5, 4, 4, 7, 4, 4, 6, 6, 5, 2, 4, 2, 6, 2, 4, 4, 3, 2, 6, 7, 1, 2, 5, 5, 4, 2, 1, 5, 4, 7, 3, 4, 8, 2, 2, 5, 3, 3, 5, 4, 6, 7, 6, 7, 4, 7, 5, 4, 3, 4, 1, 4, 6, 7, 5, 8, 2, 1, 2, 6, 2, 7, 7, 2]
B_11 41.629999999999995 B 51 [4, 6, 2, 2, 6, 1, 2, 3, 1, 4, 1, 4, 3, 4, 5, 1, 1, 6, 2, 5, 4, 4, 2, 6, 5, 1, 3, 3, 5, 4, 1, 3, 5, 6, 1, 5, 2, 4, 5, 3, 5, 1, 4, 4, 5, 1, 6, 3, 6, 2, 5, 1, 3, 6, 2, 3, 1, 2, 6, 2, 6, 6, 1, 4, 6, 3, 4, 5, 3, 3, 1, 5, 4, 2, 1, 3, 6, 4, 6, 6] [6, 6, 2, 4, 6, 3, 4, 3, 1, 5, 2, 4, 3, 5, 6, 2, 3, 6, 2, 5, 4, 6, 3, 7, 5, 1, 5, 4, 7, 5, 1, 3, 6, 8, 1, 6, 2, 5, 6, 5, 6, 3, 4, 4, 5, 1, 8, 3, 8, 2, 5, 3, 5, 6, 4, 5, 1, 3, 6, 2, 6, 8, 3, 6, 7, 3, 6, 6, 5, 4, 2, 7, 5, 3, 1, 3, 7, 6, 6, 6]
B_12 42.629999999999995 B 52 [2, 6, 6, 6, 3, 6, 5, 1, 3, 3, 3, 3, 1, 4, 3, 4, 2, 5, 1, 2, 1, 5, 6, 4, 4, 5, 4, 1, 6, 5, 4, 5, 3, 2, 6, 2, 3, 4, 6, 1, 2, 6, 4, 1, 1, 2, 5, 4, 3, 1, 3, 3, 2, 1, 5, 6, 3, 1, 6, 1, 5, 1, 5, 3, 1, 1, 4, 5, 6, 1, 5, 1, 1, 1, 5, 6, 5, 6, 6, 4] [4, 8, 7, 6, 5, 6, 5, 3, 4, 3, 5, 3, 2, 4, 4, 6, 2, 5, 2, 3, 1, 7, 7, 5, 4, 6, 4, 3, 8, 7, 4, 5, 4, 2, 8, 4, 5, 4, 8, 2, 2, 6, 5, 1, 2, 4, 6, 6, 4, 1, 3, 5, 3, 3, 5, 7, 5, 2, 8, 2, 5, 2, 7, 3, 3, 1, 5, 7, 6, 3, 7, 2, 2, 2, 5, 6, 6, 7, 7, 5]
B_13 43.629999999999995 B 53 [5, 2, 5, 2, 3, 6, 5, 3, 1, 5, 6, 4, 4, 6, 5, 1, 2, 6, 5, 1, 4, 1, 6, 4, 1, 4, 2, 1, 3, 2, 2, 2, 4, 4, 5, 6, 2, 3, 6, 3, 2, 1, 6, 5, 2, 5, 3, 6, 1, 6, 2, 6, 1, 5, 3, 3, 5, 3, 5, 5, 5, 3, 1, 3, 5, 3, 6, 2, 4, 4, 5, 4, 2, 2, 2, 4, 2, 5, 6, 2] [7, 2, 5, 2, 5, 8, 5, 5, 1, 5, 8, 5, 5, 8, 7, 1, 2, 7, 5, 1, 5, 3, 8, 4, 2, 6, 4, 3, 5, 2, 3, 2, 6, 4, 6, 8, 2, 3, 8, 3, 4, 2, 8, 5, 3, 5, 5, 7, 2, 8, 3, 6, 3, 5, 3, 4, 6, 3, 5, 7, 7, 3, 3, 5, 7, 5, 7, 3, 4, 4, 7, 6, 3, 3, 4, 4, 4, 5, 7, 4]
B_14 44.629999999999995 B 54 [3, 1, 6, 5, 2, 3, 6, 5, 5, 5, 3, 3, 4, 1, 4, 5, 2, 2, 1, 2, 1, 2, 2, 6, 1, 3, 4, 6, 4, 6, 4, 1, 5, 6, 3, 6, 1, 2, 5, 2, 1, 5, 6, 5, 6, 4, 2, 1, 5, 4, 3, 2, 5, 3, 3, 1, 3, 5, 3, 4, 4, 4, 3, 3, 5, 3, 6, 5, 5, 3, 3, 6, 1, 2, 4, 6, 4, 5, 6, 1] [3, 1, 6, 5, 3, 3, 7, 5, 5, 6, 4, 5, 6, 1, 4, 7, 3, 3, 3, 2, 2, 4, 2, 8, 3, 5, 6, 6, 6, 7, 4, 2, 5, 7, 3, 7, 2, 4, 6, 2, 1, 6, 7, 6, 6, 4, 3, 1, 7, 5, 5, 4, 5, 3, 4, 1, 5, 5, 4, 6, 6, 5, 3, 4, 6, 4, 6, 6, 6, 5, 3, 6, 1, 2, 5, 7, 5, 5, 7, 2]
B_15 50.11 B 55 [3, 6, 5, 5, 3, 6, 6, 6, 4, 5, 2, 1, 1, 4, 1, 4, 5, 5, 4, 6, 3, 3, 5, 2, 2, 4, 1, 4, 4, 5, 3, 3, 2, 5, 4, 6, 1, 6, 1, 2, 2, 4, 3, 3, 3, 1, 6, 2, 3, 3, 4, 3, 6, 3, 1, 6, 5, 6, 5, 2, 4, 2, 3, 2, 1, 1, 4, 3, 4, 6, 6, 5, 6, 6, 5, 3, 2, 1, 5, 5] [5, 8, 5, 7, 5, 7, 6, 7, 6, 6, 2, 2, 2, 5, 3, 5, 6, 6, 5, 7, 4, 5, 6, 4, 2, 5, 3, 5, 4, 7, 5, 3, 3, 5, 6, 8, 2, 7, 1, 3, 2, 5, 3, 3, 3, 1, 6, 2, 5, 4, 4, 5, 7, 4, 1, 8, 6, 6, 7, 4, 6, 4, 4, 4, 3, 3, 4, 4, 6, 8, 6, 7, 7, 6, 7, 5, 3, 3, 6, 7]
B_16 51.12 B 56 [3, 5, 6, 2, 2, 4, 5, 1, 3, 3, 4, 3, 4, 5, 5, 2, 6, 6, 1, 4, 6, 4, 1, 5, 5, 3, 4, 4, 5, 2, 5, 2, 1, 1, 1, 5, 2, 3, 4, 3, 4, 5, 1, 1, 1, 4, 4, 3, 6, 2, 6, 1, 3, 5, 3, 5, 6, 5, 4, 4, 2, 3, 1, 4, 5, 4, 4, 6, 6, 5, 6, 4, 3, 4, 5, 3, 6, 1, 1, 5] [5, 5, 7, 2, 4, 6, 7, 2, 5, 5, 6, 3, 6, 6, 6, 4, 6, 7, 1, 6, 6, 4, 1, 6, 5, 3, 5, 4, 5, 3, 5, 4, 3, 2, 2, 6, 3, 5, 5, 4, 4, 7, 1, 2, 3, 6, 6, 4, 7, 2, 6, 1, 5, 6, 5, 6, 6, 7, 4, 4, 4, 4, 2, 5, 7, 4, 4, 6, 6, 6, 7, 6, 4, 4, 7, 5, 8, 1, 1, 6]
B_17 52.12 B 57 [2, 1, 1, 2, 2, 2, 2, 5, 4, 3, 5, 1, 1, 1, 3, 6, 4, 1, 2, 5, 2, 2, 6, 2, 2, 2, 4, 1, 4, 5, 1, 3, 1, 6, 2, 3, 6, 3, 6, 2, 3, 1, 3, 5, 4, 2, 4, 5, 1, 1, 6, 2, 1, 3, 5, 6, 5, 6, 6, 5, 2, 5, 5, 3, 2, 2, 4, 2, 6, 1, 3, 1, 3, 4, 6, 4, 2, 2, 2, 2] [3, 2, 1, 3, 4, 4, 4, 5, 5, 3, 7, 1, 1, 2, 3, 6, 5, 2, 2, 6, 3, 3, 7, 4, 2, 2, 5, 2, 5, 6, 3, 5, 1, 6, 4, 3, 6, 5, 7, 2, 5, 3, 4, 5, 5, 3, 4, 6, 2, 1, 7, 3, 2, 3, 5, 6, 7, 8, 7, 7, 3, 6, 7, 5, 2, 2, 4, 2, 6, 1, 5, 1, 3, 6, 7, 5, 2, 4, 4, 4]
B_18 53.12 B 58 [1, 4, 4, 2, 2, 2, 4, 1, 6, 2, 5, 1, 5, 6, 1, 3, 1, 2, 5, 3, 3, 1, 5, 5, 1, 4, 4, 2, 5, 5, 3, 4, 6, 1, 5, 2, 4, 1, 2, 1, 3, 3, 1, 6, 5, 5, 1, 2, 4, 2, 6, 6, 6, 5, 3, 5, 4, 6, 1, 5, 5, 4, 5, 6, 2, 1, 2, 3, 3, 6, 1, 1, 2, 3, 4, 6, 1, 5, 4, 1] [3, 6, 5, 2, 3, 4, 6, 2, 7, 4, 6, 1, 5, 7, 1, 5, 2, 3, 6, 3, 3, 3, 5, 5, 3, 6, 6, 2, 7, 7, 5, 4, 7, 3, 6, 2, 4, 2, 4, 3, 3, 5, 2, 6, 6, 5, 2, 4, 4, 4, 6, 6, 8, 5, 4, 7, 4, 7, 1, 7, 6, 4, 6, 8, 4, 3, 2, 4, 4, 6, 2, 2, 3, 5, 6, 8, 3, 7, 5, 2]
B_19 54.12 B 59 [3, 2, 1, 6, 5, 2, 6, 5, 5, 4, 3, 3, 5, 2, 4, 6, 4, 2, 5, 1, 2, 4, 1, 2, 1, 3, 2, 2, 2, 1, 3, 4, 6, 1, 6, 1, 1, 4, 1, 6, 1, 2, 1, 3, 6, 4, 5, 4, 1, 3, 5, 2, 1, 5, 4, 2, 4, 5, 5, 3, 6, 3, 3, 1, 1, 4, 3, 6, 5, 6, 2, 5, 5, 3, 6, 5, 3, 6, 1, 5] [4, 2, 1, 7, 6, 4, 8, 5, 5, 4, 4, 4, 7, 2, 4, 6, 6, 2, 5, 3, 4, 4, 2, 2, 1, 3, 2, 2, 2, 3, 4, 4, 7, 3, 6, 2, 2, 4, 2, 6, 2, 2, 3, 4, 7, 5, 6, 5, 1, 3, 7, 2, 2, 7, 6, 4, 4, 7, 7, 3, 8, 3, 3, 2, 1, 4, 4, 7, 6, 7, 4, 5, 7, 3, 6, 6, 5, 6, 1, 6]
B_20 55.12 B 60 [2, 4, 3, 3, 3, 3, 6, 1, 6, 6, 3, 2, 5, 2, 2, 3, 2, 4, 6, 3, 3, 3, 6, 4, 1, 1, 5, 3, 2, 6, 6, 2, 1, 1, 6, 6, 1, 3, 4, 2, 5, 2, 6, 6, 6, 1, 2, 4, 5, 4, 4, 6, 5, 5, 4, 4, 2, 2, 5, 6, 1, 3, 6, 6, 5, 4, 2, 3, 4, 2, 2, 6, 2, 2, 6, 4, 6, 2, 5, 1] [2, 5, 4, 5, 3, 5, 7, 2, 6, 8, 3, 2, 6, 3, 3, 5, 3, 4, 7, 4, 4, 4, 8, 5, 1, 3, 5, 4, 3, 7, 8, 3, 1, 1, 7, 7, 2, 4, 5, 2, 5, 4, 8, 7, 6, 1, 2, 4, 6, 5, 4, 6, 5, 7, 6, 6, 4, 3, 6, 8, 3, 4, 8, 7, 6, 4, 2, 3, 4, 3, 4, 7, 2, 2, 7, 6, 6, 2, 6, 3]
B_21 61.169999999999995 B 61 [3, 3, 2, 1, 5, 5, 3, 3, 3, 2, 5, 1, 6, 4, 4, 2, 3, 3, 3, 5, 3, 4, 5, 3, 5, 3, 3, 5, 1, 3, 3, 1, 2, 2, 2, 1, 6, 1, 3, 1, 4, 6, 3, 2, 4, 5, 5, 3, 6, 6, 5, 6, 1, 3, 4, 2, 3, 5, 4, 3, 3, 2, 3, 3, 1, 4, 2, 3, 1, 1, 3, 5, 5, 1, 5, 5, 3, 1, 1, 5] [4, 5, 3, 1, 5, 5, 4, 5, 4, 2, 5, 2, 6, 6, 4, 4, 4, 3, 5, 6, 5, 4, 5, 4, 6, 3, 4, 7, 2, 5, 5, 2, 4, 3, 4, 3, 6, 1, 5, 2, 6, 7, 4, 3, 4, 7, 7, 3, 7, 6, 7, 8, 2, 3, 5, 4, 4, 6, 4, 3, 4, 2, 4, 5, 2, 6, 2, 5, 3, 3, 4, 5, 5, 3, 7, 5, 4, 3, 2, 7]
B_22 62.919999999999995 B 62 [5, 4, 1, 5, 6, 3, 1, 4, 1, 3, 4, 3, 6, 6, 2, 5, 3, 4, 5, 3, 3, 3, 4, 1, 3, 1, 6, 4, 4, 2, 1, 6, 4, 6, 5, 3, 2, 6, 1, 5, 2, 6, 2, 4, 1, 4, 3, 5, 2, 5, 5, 1, 5, 1, 3, 3, 1, 5, 5, 3, 6, 3, 5, 5, 6, 6, 1, 6, 2, 2, 4, 6, 3, 4, 6, 4, 3, 6, 3, 2] [6, 6, 3, 6, 7, 4, 2, 6, 3, 3, 5, 4, 6, 7, 3, 5, 4, 5, 6, 4, 3, 3, 4, 2, 4, 2, 7, 6, 6, 2, 3, 7, 6, 6, 5, 4, 4, 6, 2, 6, 2, 8, 2, 5, 3, 5, 4, 7, 2, 6, 5, 3, 7, 3, 3, 4, 2, 7, 6, 3, 8, 4, 7, 7, 8, 8, 1, 8, 2, 2, 4, 6, 5, 6, 7, 4, 3, 6, 4, 3]
B_23 66.35 B 63 [1, 5, 5, 1, 2, 6, 4, 3, 4, 1, 6, 4, 6, 5, 3, 4, 3, 1, 2, 6, 5, 1, 2, 1, 5, 3, 1, 6, 1, 1, 2, 6, 1, 4, 6, 5, 5, 3, 3, 6, 5, 3, 5, 5, 4, 5, 3, 4, 2, 4, 2, 4, 3, 3, 3, 2, 4, 3, 6, 1, 6, 3, 5, 1, 2, 1, 5, 1, 2, 6, 6, 4, 5, 5, 3, 1, 3, 4, 2, 6] [1, 5, 5, 3, 4, 8, 4, 5, 4, 2, 7, 5, 6, 5, 4, 5, 5, 3, 3, 6, 7, 2, 4, 3, 5, 5, 1, 7, 3, 3, 3, 8, 1, 5, 6, 6, 5, 4, 4, 8, 6, 4, 7, 5, 5, 6, 5, 6, 4, 4, 4, 6, 3, 5, 4, 4, 5, 5, 8, 2, 7, 5, 7, 1, 4, 3, 7, 1, 2, 7, 7, 6, 6, 6, 3, 2, 5, 5, 4, 8]
B_24 67.35 B 64 [2, 2, 2, 1, 3, 3, 6, 6, 1, 3, 4, 5, 1, 3, 2, 4, 4, 1, 3, 5, 2, 3, 6, 3, 5, 3, 3, 3, 1, 4, 5, 2, 3, 3, 3, 3, 5, 6, 6, 1, 6, 1, 5, 1, 5, 4, 3, 2, 5, 4, 2, 6, 1, 5, 5, 1, 5, 2, 2, 1, 5, 1, 6, 2, 6, 3, 1, 2, 5, 2, 4, 4, 6, 2, 2, 2, 1, 6, 6, 2] [3, 3, 3, 3, 3, 5, 6, 6, 1, 5, 4, 7, 1, 3, 4, 4, 6, 2, 3, 5, 4, 3, 8, 4, 5, 4, 3, 4, 3, 5, 6, 2, 3, 5, 4, 5, 5, 7, 6, 3, 7, 2, 7, 1, 6, 6, 3, 3, 7, 4, 3, 7, 3, 7, 6, 3, 7, 2, 4, 1, 6, 2, 8, 4, 7, 3, 1, 2, 7, 4, 5, 4, 8, 2, 2, 4, 3, 6, 6, 4]
B_25 73.21 B 65 [6, 3, 6, 2, 1, 3, 1, 1, 2, 4, 6, 1, 4, 1, 2, 3, 1, 1, 6, 1, 4, 3, 5, 6, 4, 1, 2, 1, 5, 5, 3, 3, 2, 4, 6, 3, 2, 6, 3, 4, 2, 5, 2, 5, 4, 4, 3, 4, 4, 4, 2, 3, 1, 3, 3, 1, 4, 2, 1, 4, 4, 4, 6, 1, 3, 3, 5, 6, 4, 6, 6, 5, 1, 2, 4, 5, 1, 6, 4, 6] [7, 5, 7, 3, 2, 4, 2, 1, 2, 4, 7, 3, 5, 3, 2, 5, 2, 1, 8, 3, 5, 5, 7, 6, 6, 3, 2, 2, 5, 7, 4, 4, 2, 4, 7, 5, 2, 7, 4, 6, 2, 5, 2, 5, 6, 6, 3, 4, 4, 5, 4, 3, 1, 5, 4, 3, 4, 2, 3, 4, 4, 6, 8, 3, 3, 5, 5, 6, 6, 8, 8, 6, 2, 2, 5, 6, 1, 6, 6, 7]
B_26 74.71 B 66 [2, 2, 2, 4, 3, 1, 3, 6, 3, 6, 6, 2, 1, 5, 2, 3, 2, 1, 1, 6, 2, 1, 4, 4, 3, 3, 3, 4, 6, 3, 1, 3, 1, 1, 2, 6, 2, 5, 1, 4, 4, 4, 2, 2, 3, 3, 5, 6, 5, 6, 1, 4, 4, 6, 6, 4, 4, 4, 2, 3, 2, 2, 1, 5, 1, 5, 5, 4, 4, 2, 4, 4, 1, 3, 6, 1, 6, 2, 1, 1] [2, 2, 2, 5, 4, 1, 3, 8, 5, 6, 6, 3, 1, 5, 2, 5, 4, 1, 1, 7, 2, 2, 5, 4, 5, 5, 4, 6, 6, 3, 1, 4, 2, 3, 2, 6, 3, 6, 1, 6, 6, 5, 2, 4, 4, 5, 5, 6, 6, 8, 1, 6, 5, 7, 6, 4, 4, 4, 2, 4, 2, 2, 1, 7, 1, 5, 5, 4, 4, 2, 4, 4, 1, 4, 8, 2, 6, 2, 3, 3]
B_27 76.8 B 67 [4, 1, 3, 2, 2, 1, 4, 5, 4, 6, 1, 1, 5, 3, 2, 2, 3, 4, 3, 1, 3, 4, 1, 1, 4, 3, 4, 1, 5, 1, 1, 2, 3, 6, 3, 5, 3, 3, 2, 1, 4, 4, 6, 1, 6, 1, 1, 6, 3, 3, 2, 5, 5, 2, 5, 3, 6, 2, 3, 6, 3, 3, 6, 1, 2, 6, 4, 1, 4, 5, 1, 5, 3, 3, 2, 4, 1, 4, 5, 1] [6, 2, 3, 3, 2, 3, 4, 6, 6, 6, 3, 3, 7, 5, 3, 4, 5, 5, 4, 2, 4, 4, 3, 2, 4, 4, 6, 1, 6, 2, 1, 4, 4, 8, 4, 6, 4, 4, 2, 1, 5, 6, 8, 1, 6, 3, 3, 6, 4, 5, 4, 6, 7, 3, 6, 4, 6, 2, 4, 7, 3, 5, 8, 1, 2, 6, 4, 3, 6, 5, 2, 5, 4, 3, 3, 5, 2, 5, 5, 1]
B_28 78.72 B 68 [2, 1, 5, 6, 4, 3, 4, 1, 5, 6, 3, 4, 4, 2, 2, 2, 6, 6, 2, 5, 2, 1, 2, 2, 1, 2, 4, 5, 5, 6, 3, 6, 2, 6, 4, 3, 2, 4, 6, 6, 1, 4, 1, 5, 4, 3, 6, 6, 2, 2, 5, 3, 6, 4, 5, 4, 6, 6, 3, 5, 4, 1, 2, 2, 5, 4, 4, 4, 1, 1, 1, 4, 6, 6, 1, 3, 2, 4, 5, 2] [2, 2, 5, 7, 5, 3, 5, 2, 7, 8, 3, 5, 5, 4, 2, 4, 8, 7, 2, 7, 3, 1, 4, 3, 2, 2, 5, 7, 7, 8, 3, 6, 4, 7, 4, 4, 4, 6, 8, 7, 2, 6, 3, 7, 6, 4, 7, 8, 3, 2, 6, 5, 6, 4, 6, 6, 6, 6, 4, 6, 4, 3, 2, 2, 7, 6, 4, 6, 3, 3, 2, 6, 6, 6, 2, 5, 2, 6, 6, 4]
B_29 80.26 B 69 [2, 3, 1, 1, 2, 1, 3, 1, 2, 4, 5, 1, 3, 1, 1, 5, 2, 2, 1, 6, 5, 5, 2, 4, 3, 4, 4, 4, 4, 3, 1, 1, 5, 6, 6, 5, 1, 5, 5, 2, 5, 5, 5, 2, 6, 3, 3, 3, 4, 5, 5, 3, 1, 4, 3, 6, 5, 1, 6, 6, 2, 1, 2, 6, 2, 6, 2, 5, 1, 3, 2, 2, 1, 5, 2, 5, 3, 4, 1, 6] [3, 3, 1, 1, 3, 3, 5, 2, 4, 4, 5, 3, 3, 1, 3, 5, 4, 3, 1, 6, 6, 5, 3, 4, 3, 4, 5, 4, 6, 5, 2, 3, 6, 7, 6, 6, 3, 6, 5, 4, 7, 7, 6, 4, 6, 4, 5, 5, 6, 7, 7, 4, 3, 4, 5, 8, 6, 1, 6, 7, 3, 3, 2, 7, 4, 8, 2, 5, 3, 5, 2, 3, 2, 6, 4, 7, 5, 5, 1, 8]
B_30 83.39 B 70 [1, 5, 1, 5, 6, 2, 6, 6, 2, 2, 4, 1, 6, 1, 4, 3, 6, 2, 1, 1, 4, 5, 5, 2, 6, 4, 1, 4, 2, 3, 3, 4, 5, 5, 4, 5, 3, 6, 2, 4, 5, 5, 2, 2, 3, 4, 4, 6, 4, 6, 5, 1, 5, 5, 3, 6, 6, 3, 1, 2, 2, 3, 4, 6, 4, 6, 4, 1, 1, 2, 2, 1, 1, 2, 2, 2, 1, 5, 3, 4] [1, 6, 3, 5, 6, 4, 8, 6, 2, 3, 4, 3, 7, 1, 4, 3, 7, 2, 3, 2, 5, 6, 6, 4, 6, 4, 1, 5, 3, 5, 4, 5, 6, 7, 5, 5, 5, 7, 2, 6, 7, 6, 2, 4, 3, 4, 4, 7, 4, 6, 5, 2, 7, 7, 3, 6, 7, 5, 2, 4, 4, 4, 4, 7, 5, 8, 4, 2, 2, 2, 4, 1, 1, 3, 2, 2, 1, 7, 4, 6]
B_31 95.06 B 71 [4, 5, 6, 6, 2, 6, 5, 4, 6, 3, 3, 4, 6, 2, 2, 6, 3, 6, 5, 4, 5, 3, 1, 2, 4, 4, 6, 4, 4, 5, 4, 3, 4, 5, 4, 3, 6, 1, 1, 2, 6, 4, 4, 1, 4, 3, 1, 3, 1, 2, 6, 5, 1, 4, 6, 5, 4, 1, 1, 5, 6, 5, 6, 4, 4, 5, 4, 5, 4, 2, 1, 2, 6, 3, 4, 1, 1, 4, 3, 4] [6, 7, 7, 7, 3, 6, 7, 5, 7, 5, 3, 6, 6, 4, 4, 6, 4, 6, 5, 5, 5, 5, 1, 3, 4, 5, 6, 4, 4, 5, 5, 5, 6, 6, 4, 4, 7, 2, 2, 2, 8, 5, 4, 3, 6, 5, 2, 3, 1, 2, 8, 7, 2, 6, 6, 7, 6, 1, 2, 5, 7, 5, 6, 6, 4, 6, 4, 5, 6, 3, 1, 4, 7, 3, 6, 3, 1, 6, 3, 5]
B_32 98.05 B 72 [5, 3, 1, 2, 6, 2, 2, 5, 5, 6, 4, 4, 2, 3, 3, 4, 5, 6, 6, 4, 1, 3, 4, 3, 2, 6, 6, 6, 1, 1, 3, 3, 6, 2, 2, 3, 3, 5, 2, 6, 1, 5, 5, 5, 5, 2, 6, 3, 1, 1, 1, 4, 1, 2, 1, 6, 3, 3, 2, 5, 2, 5, 3, 5, 6, 1, 1, 3, 6, 1, 1, 6, 6, 1, 3, 3, 2, 2, 4, 1] [7, 4, 2, 3, 8, 2, 2, 5, 6, 8, 4, 5, 2, 4, 5, 5, 6, 6, 6, 5, 2, 4, 5, 3, 4, 8, 6, 8, 3, 3, 4, 3, 6, 3, 3, 3, 5, 6, 2, 6, 3, 6, 6, 6, 5, 4, 7, 3, 1, 2, 2, 5, 2, 3, 1, 7, 4, 3, 3, 7, 2, 5, 5, 6, 8, 2, 1, 4, 6, 2, 1, 7, 7, 1, 5, 4, 3, 4, 5, 1]
B_33 104.36 B 73 [2, 5, 5, 6, 1, 6, 2, 3, 3, 5, 4, 5, 4, 4, 4, 6, 2, 6, 4, 1, 1, 2, 4, 4, 2, 1, 1, 2, 3, 2, 6, 5, 3, 5, 4, 6, 4, 3, 1, 5, 1, 2, 1, 1, 3, 2, 4, 2, 3, 3, 1, 2, 1, 2, 2, 6, 4, 4, 3, 3, 2, 1, 4, 5, 2, 2, 3, 3, 6, 5, 2, 3, 1, 2, 2, 3, 2, 1, 6, 3] [4, 5, 7, 7, 3, 8, 4, 4, 3, 6, 6, 7, 4, 6, 6, 7, 2, 7, 4, 3, 1, 4, 6, 4, 3, 3, 2, 4, 5, 4, 7, 7, 3, 6, 6, 6, 4, 5, 1, 5, 1, 3, 1, 1, 3, 4, 4, 3, 3, 5, 1, 3, 2, 3, 2, 6, 4, 6, 5, 3, 2, 3, 6, 6, 2, 2, 4, 3, 6, 6, 3, 3, 1, 3, 2, 5, 4, 3, 6, 3]
B_34 105.49 B 74 [6, 5, 6, 3, 5, 3, 2, 5, 2, 4, 2, 1, 4, 3, 4, 6, 5, 6, 1, 2, 1, 3, 3, 1, 1, 6, 1, 4, 4, 1, 4, 4, 6, 5, 6, 3, 2, 1, 1, 3, 5, 2, 3, 6, 2, 3, 1, 5, 4, 1, 2, 1, 5, 2, 4, 5, 5, 6, 4, 6, 6, 5, 6, 3, 2, 4, 6, 2, 1, 2, 2, 4, 3, 2, 3, 2, 3, 5, 5, 4] [8, 6, 6, 3, 5, 4, 3, 5, 3, 5, 4, 1, 4, 4, 6, 8, 6, 8, 2, 3, 3, 5, 3, 2, 2, 7, 1, 5, 6, 1, 5, 5, 8, 7, 7, 4, 2, 3, 3, 3, 6, 3, 5, 6, 4, 3, 1, 7, 4, 3, 2, 1, 5, 4, 5, 7, 7, 7, 6, 6, 7, 7, 7, 3, 2, 5, 8, 3, 2, 4, 2, 6, 5, 2, 3, 2, 5, 6, 6, 6]
B_35 108.96 B 75 [1, 3, 1, 5, 2, 5, 1, 4, 2, 5, 2, 1, 1, 2, 4, 2, 6, 1, 6, 5, 2, 1, 6, 5, 1, 3, 4, 5, 3, 2, 4, 3, 4, 1, 1, 3, 3, 5, 1, 1, 1, 4, 2, 4, 5, 3, 5, 2, 3, 1, 4, 3, 6, 4, 6, 3, 3, 4, 6, 5, 4, 5, 4, 1, 2, 5, 1, 4, 3, 5, 2, 1, 3, 3, 2, 6, 5, 3, 3, 2] [2, 3, 2, 7, 3, 7, 1, 6, 4, 5, 3, 1, 2, 4, 4, 4, 6, 3, 7, 5, 2, 2, 7, 6, 2, 3, 6, 6, 3, 3, 4, 4, 5, 1, 1, 5, 3, 5, 1, 1, 1, 6, 4, 6, 6, 5, 6, 2, 4, 3, 6, 3, 6, 4, 7, 5, 5, 5, 8, 6, 6, 5, 4, 2, 4, 6, 2, 5, 5, 7, 2, 3, 4, 5, 2, 7, 6, 5, 4, 2]
B_36 111.66999999999999 B 76 [3, 1, 2, 4, 2, 1, 3, 4, 3, 4, 1, 6, 1, 2, 6, 5, 1, 6, 6, 3, 1, 4, 4, 6, 4, 1, 6, 6, 1, 2, 1, 3, 4, 6, 1, 2, 1, 1, 3, 4, 5, 3, 3, 4, 1, 5, 6, 6, 5, 3, 1, 6, 5, 2, 4, 2, 6, 2, 1, 3, 6, 3, 3, 3, 1, 1, 6, 1, 2, 3, 1, 1, 2, 2, 3, 5, 2, 4, 3, 4] [4, 3, 3, 4, 4, 3, 5, 4, 3, 6, 3, 7, 1, 2, 8, 6, 3, 7, 6, 5, 2, 5, 4, 7, 6, 3, 6, 8, 1, 3, 2, 5, 5, 7, 1, 3, 2, 3, 3, 6, 5, 3, 3, 5, 1, 5, 8, 6, 7, 3, 2, 7, 6, 4, 5, 3, 8, 2, 3, 5, 6, 4, 3, 5, 3, 1, 6, 2, 2, 5, 1, 1, 3, 4, 5, 6, 2, 5, 5, 6]
B_37 112.66999999999999 B 77 [2, 1, 1, 6, 1, 3, 4, 3, 3, 2, 4, 6, 3, 1, 2, 5, 2, 2, 2, 3, 6, 2, 1, 5, 2, 5, 4, 1, 4, 2, 5, 6, 4, 2, 6, 3, 6, 2, 4, 1, 4, 5, 4, 2, 4, 6, 1, 5, 6, 1, 6, 4, 6, 5, 5, 1, 1, 2, 5, 6, 2, 1, 6, 4, 6, 6, 2, 4, 4, 4, 5, 4, 2, 1, 5, 3, 4, 5, 1, 5] [4, 3, 2, 7, 3, 3, 6, 4, 5, 2, 6, 6, 4, 3, 3, 7, 3, 2, 3, 5, 8, 4, 1, 7, 3, 7, 6, 3, 5, 3, 7, 7, 4, 4, 7, 5, 6, 4, 5, 1, 5, 7, 4, 2, 6, 8, 3, 6, 6, 1, 7, 6, 7, 5, 5, 3, 1, 4, 7, 6, 2, 3, 6, 5, 6, 6, 2, 5, 6, 5, 7, 6, 4, 3, 6, 5, 5, 6, 2, 7]
B_38 113.66999999999999 B 78 [6, 6, 1, 5, 4, 4, 6, 1, 2, 5, 4, 3, 1, 2, 5, 6, 6, 4, 1, 5, 3, 1, 4, 6, 6, 1, 5, 5, 4, 2, 2, 2, 3, 1, 5, 1, 6, 4, 1, 2, 4, 2, 4, 4, 5, 1, 4, 1, 2, 6, 6, 6, 6, 6, 6, 5, 1, 2, 4, 1, 5, 1, 3, 2, 6, 4, 1, 5, 5, 1, 3, 3, 4, 6, 5, 3, 3, 1, 3, 5] [8, 7, 3, 7, 4, 4, 8, 1, 3, 5, 6, 5, 1, 2, 6, 8, 7, 4, 3, 7, 5, 2, 5, 7, 8, 1, 6, 6, 6, 2, 4, 2, 5, 2, 7, 2, 7, 6, 3, 2, 6, 2, 4, 5, 5, 1, 4, 3, 2, 8, 7, 6, 7, 7, 7, 6, 1, 4, 5, 1, 6, 2, 4, 4, 6, 6, 3, 5, 6, 1, 4, 3, 5, 6, 6, 4, 5, 2, 5, 6]
B_39 114.66999999999999 B 79 [6, 4, 3, 3, 6, 6, 6, 6, 2, 4, 5, 2, 2, 6, 5, 4, 6, 5, 5, 4, 6, 4, 4, 6, 4, 2, 1, 3, 4, 6, 3, 6, 6, 2, 1, 3, 2, 5, 5, 5, 1, 1, 5, 1, 6, 2, 6, 3, 5, 2, 1, 6, 4, 2, 1, 5, 5, 2, 1, 5, 1, 5, 2, 6, 2, 6, 1, 1, 2, 6, 4, 4, 1, 3, 4, 2, 4, 5, 5, 1] [7, 6, 3, 4, 6, 8, 7, 7, 2, 6, 6, 2, 2, 6, 7, 6, 6, 7, 5, 4, 8, 5, 4, 7, 4, 2, 1, 4, 5, 6, 5, 6, 7, 3, 2, 4, 4, 5, 6, 5, 1, 3, 6, 2, 6, 2, 6, 3, 6, 3, 2, 6, 5, 4, 2, 7, 6, 4, 2, 6, 3, 7, 3, 8, 4, 7, 3, 1, 4, 8, 6, 5, 1, 3, 6, 2, 6, 7, 6, 1]
