A_0 1.55 A 0 [1, 4, 4, 4, 2, 1, 3, 4, 2, 4, 1, 1, 1, 1, 2, 4, 2, 4, 4, 1, 3, 3, 4, 3, 4, 2, 2, 2, 3, 3, 3, 4, 2, 1, 3, 2, 3, 3, 4, 3, 4, 2, 2, 1, 4, 2, 3, 3, 1, 4, 3, 4, 4, 4, 1, 4, 3, 2, 3, 1, 4, 3, 3, 2, 2, 1, 2, 1, 1, 4, 3, 1, 4, 2, 2, 1, 3, 3, 1, 4] [5, 8, 8, 6, 5, 3, 6, 8, 5, 6, 4, 3, 4, 4, 6, 7, 6, 6, 7, 5, 5, 7, 8, 7, 7, 6, 5, 5, 7, 5, 6, 7, 4, 3, 6, 5, 7, 6, 7, 5, 6, 4, 6, 3, 7, 6, 6, 5, 5, 7, 6, 8, 6, 6, 5, 7, 6, 5, 5, 5, 8, 5, 6, 5, 4, 3, 5, 5, 5, 7, 5, 5, 8, 4, 4, 5, 6, 6, 3, 7]
A_1 2.64 A 1 [4, 2, 2, 3, 2, 1, 3, 2, 2, 3, 2, 3, 4, 4, 1, 4, 2, 4, 4, 2, 1, 4, 3, 1, 1, 3, 3, 4, 3, 2, 2, 1, 4, 4, 3, 1, 1, 1, 2, 1, 4, 3, 4, 2, 2, 4, 3, 2, 3, 1, 3, 3, 2, 1, 1, 2, 2, 1, 1, 4, 1, 4, 3, 4, 4, 3, 2, 4, 3, 4, 1, 4, 1, 4, 4, 1, 1, 2, 4, 4] [8, 6, 5, 5, 6, 4, 5, 4, 5, 5, 5, 6, 7, 7, 4, 8, 6, 8, 7, 6, 5, 6, 5, 5, 4, 7, 5, 7, 5, 4, 6, 5, 7, 7, 6, 3, 4, 3, 5, 3, 7, 5, 6, 5, 5, 6, 5, 5, 7, 3, 6, 7, 6, 5, 5, 6, 5, 4, 3, 7, 5, 8, 6, 6, 8, 7, 4, 8, 7, 7, 4, 8, 4, 7, 7, 4, 4, 5, 7, 8]
A_2 3.84 A 2 [4, 2, 4, 4, 1, 4, 4, 4, 1, 1, 1, 3, 2, 1, 3, 4, 1, 4, 2, 4, 2, 2, 4, 2, 2, 2, 2, 3, 1, 4, 4, 4, 2, 1, 4, 2, 1, 3, 1, 3, 3, 4, 1, 4, 2, 4, 2, 2, 4, 3, 4, 2, 3, 4, 2, 4, 4, 1, 3, 4, 4, 1, 2, 2, 2, 4, 4, 3, 2, 3, 2, 4, 4, 2, 3, 4, 1, 3, 1, 4] [8, 5, 8, 7, 3, 8, 7, 6, 3, 3, 4, 5, 6, 4, 6, 8, 4, 6, 4, 7, 4, 5, 6, 5, 6, 5, 6, 6, 3, 7, 7, 7, 4, 3, 6, 6, 3, 5, 4, 7, 7, 7, 3, 8, 5, 8, 5, 5, 6, 5, 8, 6, 6, 8, 5, 7, 8, 5, 7, 6, 8, 5, 4, 5, 6, 8, 8, 5, 6, 6, 4, 6, 7, 6, 6, 8, 4, 7, 3, 8]
A_3 7.859999999999999 A 3 [4, 3, 4, 4, 2, 3, 4, 1, 3, 4, 3, 1, 2, 3, 4, 2, 1, 3, 2, 3, 2, 3, 1, 2, 4, 1, 1, 4, 1, 4, 1, 3, 4, 3, 4, 2, 1, 2, 3, 3, 1, 2, 1, 2, 2, 2, 2, 1, 4, 3, 2, 4, 2, 1, 3, 2, 2, 2, 4, 1, 2, 2, 2, 2, 1, 1, 3, 2, 2, 1, 1, 3, 2, 1, 1, 1, 3, 4, 2, 4] [6, 5, 7, 7, 5, 5, 8, 4, 7, 8, 7, 4, 4, 5, 7, 5, 5, 5, 4, 5, 4, 7, 3, 5, 8, 4, 5, 7, 5, 6, 3, 5, 8, 5, 8, 6, 5, 5, 7, 5, 5, 6, 5, 5, 4, 4, 5, 4, 7, 6, 5, 6, 4, 3, 7, 5, 4, 6, 8, 3, 5, 6, 4, 6, 3, 5, 6, 6, 6, 3, 5, 7, 4, 5, 5, 5, 5, 6, 5, 8]
A_4 8.86 A 4 [2, 2, 1, 2, 2, 1, 1, 4, 3, 2, 4, 4, 1, 2, 3, 3, 3, 2, 4, 1, 1, 2, 2, 3, 3, 1, 2, 3, 2, 1, 2, 1, 4, 1, 4, 4, 1, 1, 4, 1, 2, 3, 4, 3, 2, 3, 2, 3, 2, 3, 3, 4, 4, 1, 2, 3, 1, 1, 1, 2, 3, 3, 4, 4, 2, 4, 1, 4, 1, 1, 3, 1, 3, 1, 4, 2, 1, 1, 4, 1] [5, 6, 3, 5, 5, 5, 4, 7, 5, 4, 8, 6, 3, 5, 6, 6, 6, 5, 7, 4, 5, 5, 4, 5, 5, 5, 5, 7, 4, 3, 4, 3, 7, 5, 6, 6, 4, 5, 7, 3, 5, 5, 7, 6, 6, 6, 6, 6, 5, 7, 5, 6, 6, 3, 5, 6, 3, 5, 3, 4, 7, 5, 7, 7, 6, 8, 3, 7, 3, 5, 7, 5, 7, 4, 7, 5, 3, 3, 7, 3]
A_5 12.739999999999998 A 5 [1, 1, 4, 3, 1, 1, 3, 1, 2, 4, 4, 4, 1, 2, 4, 4, 2, 2, 4, 3, 4, 3, 2, 4, 2, 4, 3, 2, 3, 4, 3, 3, 4, 1, 2, 4, 2, 4, 3, 1, 2, 3, 4, 4, 2, 3, 3, 3, 1, 4, 2, 1, 4, 2, 2, 2, 4, 2, 2, 3, 1, 4, 2, 4, 1, 4, 4, 3, 3, 2, 4, 3, 3, 4, 3, 3, 1, 3, 4, 3] [3, 4, 8, 5, 5, 3, 6, 5, 4, 7, 7, 6, 3, 6, 7, 8, 5, 5, 8, 6, 8, 7, 5, 7, 5, 7, 6, 4, 6, 8, 7, 5, 6, 3, 6, 6, 6, 6, 7, 3, 4, 7, 8, 7, 4, 6, 6, 7, 3, 7, 4, 5, 6, 5, 5, 5, 6, 4, 4, 6, 4, 6, 5, 6, 5, 7, 7, 6, 7, 6, 8, 7, 6, 7, 6, 7, 4, 5, 6, 7]
A_6 14.779999999999998 A 6 [3, 3, 4, 4, 1, 3, 3, 2, 2, 1, 4, 3, 3, 4, 1, 4, 1, 2, 4, 1, 4, 4, 4, 4, 2, 1, 2, 2, 1, 1, 4, 4, 4, 2, 3, 4, 1, 2, 3, 3, 4, 1, 3, 3, 1, 1, 4, 4, 1, 1, 2, 1, 3, 1, 2, 2, 3, 1, 2, 4, 1, 2, 3, 2, 4, 2, 1, 2, 2, 2, 3, 4, 3, 1, 1, 4, 4, 1, 3, 2] [6, 5, 7, 8, 4, 6, 7, 5, 5, 5, 7, 6, 6, 7, 4, 7, 5, 6, 6, 5, 6, 8, 8, 7, 5, 4, 4, 5, 4, 4, 8, 6, 7, 6, 5, 8, 4, 5, 5, 5, 7, 5, 7, 5, 5, 3, 7, 7, 4, 4, 5, 3, 7, 3, 6, 4, 5, 5, 6, 7, 3, 4, 5, 6, 7, 4, 3, 6, 4, 5, 6, 8, 5, 5, 4, 7, 7, 5, 5, 6]
A_7 23.18 A 7 [4, 2, 4, 1, 4, 1, 2, 3, 1, 1, 3, 2, 3, 4, 2, 1, 4, 1, 2, 2, 2, 1, 4, 4, 1, 4, 2, 3, 4, 3, 1, 4, 2, 4, 3, 3, 4, 4, 1, 3, 1, 2, 3, 4, 1, 2, 1, 3, 4, 2, 2, 2, 3, 1, 2, 3, 2, 1, 2, 3, 2, 2, 1, 3, 3, 2, 2, 1, 1, 2, 3, 1, 4, 1, 2, 2, 3, 3, 2, 4] [8, 4, 6, 4, 7, 5, 5, 7, 5, 4, 6, 5, 5, 7, 4, 4, 8, 3, 4, 6, 6, 4, 7, 6, 4, 8, 4, 5, 8, 6, 4, 6, 5, 8, 7, 5, 6, 8, 5, 6, 5, 5, 5, 8, 4, 5, 3, 6, 7, 4, 6, 4, 6, 4, 6, 5, 6, 5, 5, 6, 4, 4, 5, 7, 7, 4, 6, 5, 4, 5, 7, 5, 7, 3, 4, 6, 7, 6, 5, 7]
A_8 24.18 A 8 [2, 2, 1, 3, 3, 2, 2, 1, 4, 2, 4, 1, 4, 3, 4, 2, 4, 3, 1, 3, 1, 4, 2, 4, 4, 4, 4, 1, 1, 1, 4, 4, 4, 2, 3, 4, 4, 1, 2, 2, 1, 3, 2, 2, 4, 2, 1, 4, 2, 2, 2, 1, 3, 1, 2, 1, 4, 2, 3, 4, 3, 1, 2, 3, 2, 1, 3, 2, 3, 2, 1, 2, 2, 4, 4, 3, 2, 1, 3, 4] [5, 5, 3, 7, 5, 4, 5, 5, 7, 6, 7, 5, 8, 5, 7, 6, 7, 5, 4, 7, 5, 8, 5, 7, 6, 6, 6, 3, 3, 3, 8, 6, 6, 6, 7, 8, 7, 4, 6, 5, 5, 6, 4, 6, 8, 6, 4, 7, 6, 5, 4, 4, 6, 5, 5, 4, 8, 4, 6, 6, 7, 5, 5, 7, 4, 5, 7, 6, 7, 4, 5, 4, 6, 6, 6, 6, 6, 5, 5, 8]
A_9 28.95 A 9 [4, 3, 1, 4, 2, 4, 1, 1, 2, 2, 1, 4, 2, 4, 2, 3, 4, 2, 1, 1, 1, 4, 4, 2, 2, 4, 1, 3, 4, 4, 2, 3, 2, 3, 4, 4, 1, 4, 2, 3, 4, 2, 2, 3, 2, 2, 1, 4, 1, 2, 4, 3, 1, 3, 1, 1, 2, 2, 1, 2, 1, 4, 4, 3, 2, 1, 4, 4, 2, 4, 3, 1, 4, 2, 3, 2, 3, 4, 4, 3] [6, 5, 3, 8, 4, 7, 5, 4, 6, 4, 4, 7, 6, 7, 5, 7, 6, 4, 5, 4, 4, 8, 8, 5, 5, 6, 3, 6, 7, 6, 6, 6, 5, 5, 6, 6, 5, 8, 6, 7, 6, 5, 5, 7, 5, 4, 4, 8, 3, 5, 6, 7, 3, 6, 4, 5, 4, 5, 3, 4, 4, 8, 7, 7, 5, 3, 8, 8, 5, 6, 7, 3, 7, 5, 7, 4, 6, 7, 6, 6]
A_10 35.37 A 10 [1, 2, 1, 3, 4, 4, 4, 3, 4, 1, 3, 2, 3, 1, 4, 3, 4, 3, 1, 2, 2, 2, 4, 2, 3, 1, 3, 3, 2, 4, 2, 2, 2, 1, 3, 4, 3, 4, 4, 1, 1, 1, 2, 4, 3, 1, 1, 4, 2, 2, 4, 3, 3, 2, 1, 2, 1, 2, 3, 4, 4, 3, 3, 3, 2, 3, 1, 3, 2, 4, 2, 2, 4, 3, 4, 2, 3, 4, 3, 1] [4, 5, 4, 7, 8, 7, 7, 6, 7, 4, 6, 6, 6, 4, 8, 6, 7, 7, 3, 4, 5, 4, 7, 4, 7, 5, 5, 5, 4, 6, 4, 5, 6, 5, 6, 6, 5, 6, 6, 4, 3, 3, 6, 7, 7, 3, 3, 8, 5, 5, 8, 6, 7, 6, 3, 5, 4, 4, 6, 8, 6, 6, 5, 7, 4, 5, 5, 5, 6, 6, 4, 6, 8, 7, 6, 6, 6, 8, 7, 4]
A_11 36.48 A 11 [1, 3, 3, 1, 4, 4, 3, 2, 1, 4, 2, 1, 2, 3, 2, 3, 3, 2, 1, 1, 1, 3, 2, 1, 1, 4, 1, 1, 1, 2, 1, 2, 2, 1, 1, 2, 4, 1, 2, 3, 1, 1, 4, 2, 3, 4, 2, 3, 3, 3, 3, 4, 2, 3, 2, 4, 1, 3, 1, 2, 4, 2, 1, 3, 3, 3, 1, 2, 4, 2, 3, 1, 3, 1, 2, 1, 3, 4, 3, 2] [3, 6, 5, 4, 6, 6, 6, 5, 5, 7, 6, 3, 4, 6, 5, 5, 7, 5, 4, 5, 3, 5, 4, 5, 3, 6, 4, 3, 5, 6, 4, 4, 6, 4, 3, 5, 8, 4, 4, 6, 4, 4, 7, 6, 6, 7, 6, 6, 7, 5, 5, 7, 5, 5, 5, 6, 5, 7, 3, 4, 6, 5, 5, 7, 7, 5, 3, 5, 6, 6, 7, 4, 5, 3, 5, 5, 7, 7, 5, 6]
A_12 42.209999999999994 A 12 [1, 4, 2, 2, 1, 1, 3, 3, 4, 2, 3, 2, 2, 1, 2, 2, 1, 3, 1, 4, 3, 1, 1, 2, 2, 4, 1, 3, 1, 1, 2, 4, 4, 1, 2, 4, 3, 3, 1, 1, 1, 4, 1, 1, 2, 4, 2, 1, 2, 3, 1, 2, 4, 3, 2, 4, 2, 2, 3, 2, 4, 2, 2, 1, 4, 3, 1, 2, 2, 4, 1, 2, 3, 1, 2, 3, 2, 4, 4, 2] [4, 7, 6, 4, 3, 3, 6, 5, 8, 6, 6, 4, 4, 3, 4, 6, 5, 6, 5, 8, 7, 4, 4, 5, 4, 6, 5, 6, 5, 4, 6, 7, 8, 3, 5, 7, 6, 6, 5, 4, 4, 7, 4, 5, 6, 7, 4, 3, 6, 7, 4, 4, 8, 7, 4, 7, 5, 6, 7, 6, 8, 6, 6, 4, 8, 5, 5, 5, 5, 6, 4, 6, 5, 5, 4, 6, 4, 8, 8, 4]
A_13 43.209999999999994 A 13 [1, 4, 1, 3, 2, 2, 4, 4, 3, 4, 1, 3, 1, 2, 2, 4, 1, 1, 1, 1, 3, 1, 3, 2, 1, 2, 4, 3, 2, 3, 3, 2, 1, 4, 2, 3, 3, 1, 4, 3, 3, 4, 2, 1, 4, 1, 4, 4, 1, 1, 1, 1, 1, 1, 4, 4, 4, 4, 1, 2, 1, 1, 3, 3, 4, 4, 3, 3, 4, 1, 1, 2, 1, 4, 3, 3, 2, 3, 1, 1] [4, 7, 4, 5, 5, 6, 7, 7, 5, 7, 4, 6, 3, 6, 6, 8, 4, 4, 3, 3, 7, 5, 7, 5, 5, 5, 6, 5, 5, 6, 7, 4, 5, 7, 4, 7, 5, 5, 7, 5, 5, 6, 6, 3, 8, 5, 7, 7, 4, 4, 4, 3, 5, 4, 6, 6, 8, 7, 5, 6, 3, 3, 6, 6, 6, 6, 6, 6, 8, 4, 3, 4, 4, 6, 6, 6, 6, 6, 4, 5]
A_14 44.48 A 14 [2, 1, 3, 4, 3, 4, 1, 2, 4, 2, 4, 2, 2, 2, 4, 1, 3, 3, 2, 2, 2, 4, 2, 3, 4, 2, 4, 4, 1, 3, 2, 4, 3, 1, 1, 4, 2, 4, 4, 1, 3, 3, 1, 3, 3, 3, 2, 3, 1, 2, 1, 2, 1, 4, 1, 4, 4, 4, 4, 1, 2, 3, 2, 1, 3, 4, 1, 2, 4, 2, 1, 2, 3, 2, 2, 3, 2, 1, 3, 1] [6, 4, 6, 7, 6, 7, 4, 4, 7, 5, 8, 5, 4, 6, 7, 5, 5, 7, 6, 5, 6, 7, 5, 5, 6, 4, 6, 7, 3, 7, 5, 7, 5, 3, 4, 8, 5, 6, 8, 5, 5, 5, 3, 5, 6, 7, 6, 6, 3, 5, 3, 5, 3, 8, 5, 7, 8, 6, 7, 3, 4, 5, 4, 3, 5, 7, 5, 5, 8, 5, 3, 4, 6, 5, 4, 6, 4, 5, 6, 5]
A_15 45.48 A 15 [4, 4, 4, 2, 3, 4, 4, 1, 2, 3, 3, 3, 2, 4, 1, 3, 3, 4, 3, 4, 2, 2, 1, 2, 4, 1, 3, 3, 4, 3, 4, 1, 2, 1, 2, 2, 4, 4, 4, 1, 4, 1, 3, 2, 4, 2, 4, 4, 3, 1, 4, 1, 4, 1, 3, 2, 4, 2, 2, 4, 1, 1, 1, 1, 2, 3, 4, 3, 2, 3, 4, 1, 3, 1, 1, 1, 1, 4, 4, 1] [7, 8, 8, 5, 6, 8, 7, 4, 6, 7, 6, 5, 6, 8, 5, 5, 7, 6, 6, 7, 6, 5, 4, 6, 8, 5, 7, 7, 8, 6, 6, 4, 5, 4, 4, 6, 6, 8, 6, 3, 6, 3, 6, 4, 8, 6, 8, 6, 7, 5, 6, 4, 6, 4, 6, 6, 6, 4, 5, 8, 3, 4, 5, 3, 5, 5, 6, 6, 6, 6, 7, 3, 6, 3, 3, 4, 5, 7, 8, 5]
A_16 46.48 A 16 [2, 2, 1, 1, 3, 2, 1, 4, 4, 4, 4, 3, 1, 1, 3, 3, 4, 4, 4, 3, 3, 1, 3, 3, 2, 1, 3, 1, 3, 3, 4, 1, 4, 3, 3, 2, 4, 3, 4, 3, 4, 3, 4, 4, 4, 3, 3, 2, 3, 1, 2, 3, 1, 4, 1, 1, 3, 1, 4, 1, 2, 3, 3, 3, 3, 2, 2, 3, 4, 1, 2, 1, 2, 3, 2, 2, 3, 4, 4, 4] [6, 6, 4, 5, 6, 5, 5, 8, 7, 6, 7, 7, 5, 4, 5, 7, 8, 7, 6, 6, 7, 4, 6, 5, 5, 3, 7, 5, 5, 5, 6, 3, 6, 5, 7, 4, 8, 7, 6, 5, 7, 5, 8, 6, 6, 7, 5, 4, 5, 4, 4, 5, 5, 6, 4, 4, 7, 3, 7, 5, 6, 5, 7, 7, 7, 6, 6, 7, 8, 5, 5, 5, 4, 7, 6, 6, 5, 7, 7, 8]
A_17 47.48 A 17 [4, 4, 4, 3, 2, 2, 2, 1, 3, 2, 3, 2, 3, 1, 3, 4, 4, 3, 1, 4, 4, 1, 4, 4, 1, 2, 3, 2, 2, 2, 3, 4, 4, 1, 1, 3, 4, 1, 4, 1, 4, 2, 3, 1, 4, 2, 1, 1, 2, 1, 4, 3, 3, 4, 3, 4, 1, 4, 4, 1, 4, 1, 2, 1, 2, 3, 4, 3, 4, 3, 4, 1, 2, 1, 3, 4, 1, 4, 1, 1] [6, 8, 6, 5, 5, 5, 6, 3, 5, 4, 7, 5, 6, 4, 7, 6, 7, 7, 5, 6, 7, 5, 6, 6, 4, 4, 5, 4, 6, 6, 6, 7, 6, 3, 4, 6, 7, 4, 8, 4, 8, 5, 6, 4, 7, 6, 4, 4, 5, 3, 8, 6, 5, 8, 7, 7, 5, 7, 7, 5, 7, 3, 4, 5, 4, 7, 6, 6, 7, 6, 6, 4, 4, 4, 6, 7, 3, 7, 4, 4]
A_18 48.48 A 18 [4, 4, 2, 2, 4, 4, 4, 2, 1, 1, 1, 1, 1, 1, 2, 3, 4, 1, 3, 2, 1, 2, 4, 1, 1, 1, 3, 3, 2, 1, 4, 3, 2, 1, 1, 2, 4, 1, 4, 1, 4, 2, 2, 1, 3, 4, 4, 2, 3, 3, 4, 1, 2, 3, 3, 4, 2, 1, 3, 2, 4, 1, 1, 1, 1, 1, 4, 1, 1, 2, 2, 2, 4, 4, 3, 1, 4, 3, 4, 2] [7, 7, 4, 4, 7, 8, 6, 4, 4, 5, 3, 4, 5, 3, 6, 6, 6, 5, 7, 6, 5, 6, 8, 3, 4, 5, 5, 6, 5, 5, 8, 5, 6, 4, 4, 4, 8, 5, 8, 5, 7, 6, 6, 3, 5, 8, 6, 4, 7, 6, 7, 3, 5, 6, 6, 6, 5, 5, 7, 4, 6, 4, 3, 5, 4, 4, 7, 5, 3, 5, 6, 4, 6, 6, 6, 4, 7, 5, 6, 6]
A_19 49.48 A 19 [1, 2, 4, 3, 1, 3, 1, 2, 3, 1, 2, 1, 4, 1, 2, 4, 3, 4, 2, 4, 2, 3, 4, 3, 4, 3, 4, 3, 2, 2, 2, 2, 1, 3, 2, 4, 3, 4, 4, 4, 3, 4, 1, 2, 1, 2, 1, 1, 3, 3, 1, 2, 3, 1, 4, 1, 1, 1, 2, 1, 2, 1, 4, 4, 4, 2, 4, 4, 2, 1, 4, 2, 4, 1, 4, 3, 2, 3, 1, 2] [5, 6, 7, 5, 4, 6, 5, 6, 7, 4, 4, 5, 8, 3, 5, 7, 6, 6, 6, 7, 6, 7, 6, 5, 8, 7, 7, 5, 6, 4, 5, 6, 4, 6, 5, 7, 6, 7, 6, 8, 7, 8, 4, 4, 4, 5, 3, 3, 5, 5, 3, 6, 6, 4, 8, 3, 4, 3, 6, 5, 6, 3, 8, 8, 8, 6, 7, 6, 6, 3, 8, 4, 7, 3, 6, 6, 4, 5, 5, 6]
A_20 51.419999999999995 A 20 [3, 1, 2, 2, 1, 4, 4, 2, 1, 1, 2, 1, 3, 3, 2, 2, 3, 4, 1, 2, 1, 3, 1, 3, 4, 2, 2, 4, 2, 2, 4, 2, 3, 1, 4, 1, 1, 4, 3, 4, 4, 1, 3, 3, 3, 4, 3, 1, 4, 4, 4, 3, 4, 3, 4, 2, 3, 1, 1, 1, 3, 2, 4, 4, 1, 4, 1, 3, 2, 2, 1, 3, 1, 2, 4, 1, 1, 4, 2, 3] [5, 5, 4, 4, 5, 8, 6, 6, 5, 4, 5, 3, 7, 7, 6, 6, 7, 7, 5, 6, 3, 6, 5, 5, 7, 5, 4, 8, 4, 4, 7, 5, 6, 5, 7, 4, 4, 8, 5, 7, 7, 3, 6, 5, 5, 6, 7, 4, 7, 6, 7, 6, 8, 7, 8, 6, 7, 4, 3, 5, 6, 4, 6, 7, 4, 6, 5, 6, 4, 6, 4, 5, 4, 6, 7, 5, 5, 8, 4, 5]
A_21 52.99999999999999 A 21 [3, 4, 2, 3, 2, 3, 4, 1, 4, 4, 2, 3, 1, 1, 4, 2, 1, 1, 2, 3, 3, 4, 4, 1, 2, 3, 4, 3, 1, 2, 4, 2, 1, 2, 2, 1, 4, 3, 1, 1, 4, 4, 2, 3, 2, 3, 3, 4, 3, 3, 2, 3, 1, 3, 4, 3, 1, 4, 2, 3, 4, 2, 4, 3, 2, 1, 2, 4, 3, 4, 3, 1, 3, 3, 1, 4, 3, 1, 4, 2] [7, 6, 5, 7, 5, 7, 8, 4, 8, 8, 4, 5, 4, 5, 7, 5, 4, 5, 6, 7, 6, 7, 6, 5, 5, 5, 7, 7, 4, 5, 6, 4, 5, 6, 4, 4, 7, 7, 5, 3, 6, 7, 4, 6, 6, 6, 6, 8, 5, 6, 5, 7, 5, 6, 6, 7, 5, 6, 4, 7, 7, 4, 6, 7, 5, 3, 4, 7, 6, 7, 7, 5, 6, 6, 4, 6, 6, 5, 6, 6]
A_22 62.809999999999995 A 22 [4, 3, 4, 1, 2, 2, 4, 4, 2, 4, 4, 2, 1, 3, 2, 1, 3, 4, 4, 4, 1, 4, 1, 2, 2, 1, 2, 3, 3, 4, 1, 1, 1, 1, 1, 4, 3, 1, 1, 2, 2, 1, 2, 4, 3, 1, 4, 2, 3, 1, 2, 3, 1, 4, 1, 3, 2, 3, 3, 3, 4, 1, 2, 1, 4, 2, 3, 4, 3, 2, 1, 2, 3, 1, 4, 3, 3, 4, 4, 1] [8, 5, 6, 3, 4, 5, 8, 7, 5, 8, 7, 4, 4, 7, 5, 4, 6, 6, 8, 6, 5, 6, 4, 5, 4, 3, 5, 6, 6, 8, 3, 5, 5, 4, 4, 6, 6, 5, 3, 5, 6, 3, 5, 6, 6, 3, 6, 4, 7, 4, 5, 6, 5, 8, 3, 5, 4, 7, 6, 5, 6, 3, 4, 5, 8, 5, 5, 6, 7, 6, 5, 6, 5, 5, 8, 5, 6, 7, 6, 4]
A_23 63.809999999999995 A 23 [3, 1, 2, 2, 3, 4, 4, 4, 4, 2, 2, 1, 2, 2, 3, 2, 3, 4, 1, 3, 3, 1, 2, 4, 1, 1, 1, 2, 2, 2, 4, 4, 4, 2, 4, 1, 2, 4, 1, 3, 3, 2, 2, 3, 2, 4, 2, 3, 4, 4, 3, 3, 1, 1, 2, 2, 1, 3, 2, 3, 3, 2, 1, 4, 1, 1, 1, 2, 1, 4, 4, 1, 4, 2, 2, 1, 2, 4, 4, 2] [7, 5, 5, 5, 5, 7, 7, 6, 7, 5, 4, 5, 5, 5, 5, 6, 5, 6, 3, 5, 5, 5, 5, 7, 3, 4, 4, 6, 4, 5, 7, 8, 6, 6, 7, 4, 4, 8, 3, 6, 5, 4, 5, 6, 4, 8, 5, 7, 7, 6, 6, 5, 3, 4, 4, 6, 4, 7, 6, 6, 7, 5, 5, 6, 4, 5, 4, 5, 5, 7, 8, 5, 8, 6, 6, 4, 6, 7, 8, 5]
A_24 67.53999999999999 A 24 [4, 1, 2, 4, 3, 2, 2, 1, 4, 2, 3, 1, 2, 1, 4, 4, 2, 1, 1, 4, 4, 2, 2, 1, 3, 1, 2, 3, 4, 3, 2, 2, 3, 2, 2, 4, 2, 3, 2, 4, 2, 4, 2, 4, 4, 1, 2, 4, 3, 2, 4, 3, 3, 3, 4, 3, 4, 1, 4, 3, 3, 1, 2, 3, 1, 3, 3, 4, 4, 4, 2, 4, 1, 4, 3, 3, 1, 3, 4, 1] [7, 4, 6, 8, 5, 5, 5, 4, 6, 5, 7, 3, 4, 5, 6, 8, 5, 4, 4, 8, 7, 5, 4, 3, 5, 3, 6, 5, 8, 5, 5, 5, 7, 6, 5, 6, 4, 5, 4, 7, 5, 6, 6, 6, 7, 3, 4, 8, 6, 6, 8, 6, 7, 5, 7, 6, 7, 4, 7, 7, 7, 3, 4, 6, 4, 6, 6, 7, 6, 7, 5, 6, 3, 7, 6, 7, 3, 6, 6, 5]
A_25 70.27999999999999 A 25 [2, 3, 2, 1, 1, 4, 1, 4, 4, 4, 1, 4, 4, 2, 2, 1, 1, 2, 1, 3, 2, 3, 1, 1, 1, 2, 3, 2, 3, 1, 1, 2, 1, 2, 3, 1, 4, 4, 3, 4, 2, 1, 2, 1, 4, 2, 2, 2, 4, 2, 1, 2, 4, 4, 1, 3, 2, 4, 1, 3, 2, 2, 1, 1, 3, 2, 2, 3, 3, 1, 1, 2, 1, 2, 3, 3, 2, 1, 2, 3] [6, 7, 5, 4, 5, 7, 4, 8, 6, 6, 5, 6, 6, 5, 4, 5, 3, 4, 5, 7, 5, 5, 3, 4, 3, 6, 5, 5, 7, 3, 5, 6, 5, 5, 6, 4, 6, 7, 6, 8, 4, 5, 4, 4, 6, 6, 6, 5, 6, 4, 4, 5, 8, 7, 5, 6, 4, 8, 5, 5, 5, 4, 3, 4, 6, 5, 5, 5, 6, 5, 5, 5, 5, 4, 5, 7, 6, 4, 4, 7]
A_26 71.96999999999998 A 26 [2, 3, 2, 1, 2, 3, 2, 2, 4, 1, 3, 1, 1, 4, 4, 3, 3, 3, 3, 4, 2, 4, 2, 1, 2, 3, 1, 1, 4, 3, 3, 1, 2, 3, 4, 1, 4, 2, 1, 3, 3, 3, 1, 2, 4, 2, 3, 4, 4, 2, 4, 3, 2, 2, 2, 2, 2, 1, 3, 2, 1, 3, 1, 2, 2, 2, 1, 1, 2, 4, 2, 2, 1, 3, 2, 3, 4, 1, 2, 3] [5, 5, 6, 5, 5, 6, 4, 4, 6, 3, 5, 4, 5, 6, 6, 7, 7, 5, 5, 7, 4, 7, 5, 4, 6, 5, 4, 4, 7, 7, 5, 5, 6, 7, 6, 4, 6, 5, 5, 7, 6, 6, 4, 4, 6, 4, 5, 7, 7, 5, 6, 7, 5, 6, 6, 6, 6, 4, 7, 6, 5, 5, 5, 6, 6, 4, 3, 5, 6, 8, 5, 4, 4, 6, 5, 7, 8, 3, 4, 6]
A_27 72.96999999999998 A 27 [2, 4, 3, 4, 3, 2, 2, 3, 1, 3, 3, 1, 3, 3, 4, 3, 1, 2, 3, 3, 4, 3, 3, 2, 3, 2, 1, 4, 3, 4, 4, 4, 3, 4, 4, 4, 1, 2, 4, 1, 2, 3, 4, 2, 3, 3, 1, 1, 1, 4, 2, 1, 2, 4, 1, 2, 3, 3, 4, 2, 2, 1, 3, 1, 4, 1, 3, 1, 1, 1, 1, 1, 3, 4, 1, 2, 4, 3, 3, 2] [5, 7, 6, 7, 7, 4, 5, 5, 3, 6, 5, 3, 6, 5, 7, 7, 5, 4, 6, 5, 8, 7, 6, 6, 5, 5, 4, 8, 7, 7, 6, 6, 6, 7, 6, 8, 3, 6, 8, 3, 6, 6, 6, 4, 7, 7, 3, 4, 3, 7, 5, 5, 5, 8, 4, 5, 5, 5, 6, 6, 4, 4, 7, 5, 6, 3, 7, 5, 4, 4, 3, 5, 5, 6, 5, 4, 8, 7, 6, 5]
A_28 74.30999999999999 A 28 [3, 3, 1, 1, 2, 3, 1, 4, 1, 4, 2, 1, 1, 2, 1, 4, 3, 2, 2, 2, 2, 1, 3, 2, 4, 3, 4, 3, 2, 4, 1, 3, 4, 4, 3, 3, 1, 3, 4, 2, 4, 1, 4, 3, 2, 4, 1, 4, 2, 2, 2, 2, 1, 2, 3, 4, 4, 4, 4, 4, 1, 4, 1, 4, 4, 3, 1, 3, 4, 4, 3, 3, 2, 4, 3, 3, 4, 2, 4, 3] [7, 5, 3, 5, 4, 6, 4, 8, 3, 7, 4, 5, 5, 5, 3, 8, 5, 6, 5, 6, 4, 4, 6, 4, 8, 7, 7, 7, 5, 8, 4, 5, 7, 7, 6, 7, 4, 6, 6, 6, 6, 5, 8, 5, 5, 6, 3, 8, 5, 4, 6, 5, 5, 6, 7, 8, 7, 8, 6, 6, 4, 6, 5, 7, 8, 7, 5, 5, 7, 8, 6, 7, 5, 8, 5, 7, 6, 5, 7, 6]
A_29 82.79999999999998 A 29 [3, 2, 4, 4, 1, 4, 1, 3, 1, 4, 4, 2, 1, 3, 3, 3, 3, 2, 1, 2, 2, 2, 4, 2, 3, 1, 3, 4, 4, 4, 4, 1, 1, 1, 2, 4, 3, 4, 3, 3, 2, 1, 2, 1, 4, 4, 3, 1, 3, 4, 4, 3, 3, 3, 2, 3, 2, 4, 4, 4, 2, 1, 1, 4, 4, 4, 4, 2, 1, 4, 1, 3, 1, 1, 1, 1, 4, 4, 1, 3] [5, 4, 7, 6, 3, 8, 4, 6, 3, 6, 6, 6, 4, 6, 7, 6, 5, 6, 5, 4, 4, 5, 8, 5, 5, 3, 7, 7, 8, 7, 7, 3, 4, 5, 5, 7, 7, 8, 6, 5, 5, 4, 6, 4, 8, 6, 7, 5, 5, 8, 6, 7, 5, 7, 6, 5, 4, 8, 6, 6, 4, 4, 4, 7, 6, 6, 8, 5, 5, 7, 4, 7, 3, 5, 3, 4, 8, 7, 5, 5]
A_30 89.17999999999998 A 30 [3, 2, 4, 1, 2, 3, 4, 1, 4, 2, 2, 1, 2, 3, 2, 4, 4, 3, 4, 2, 4, 4, 1, 4, 2, 1, 3, 4, 1, 4, 2, 3, 3, 4, 4, 1, 3, 2, 4, 2, 2, 1, 4, 2, 4, 2, 4, 3, 1, 3, 3, 2, 2, 3, 3, 4, 4, 2, 4, 2, 2, 1, 1, 3, 2, 2, 1, 2, 2, 1, 3, 2, 1, 2, 3, 1, 3, 2, 4, 2] [6, 6, 7, 3, 4, 7, 8, 4, 8, 6, 4, 4, 6, 7, 5, 6, 6, 6, 8, 5, 7, 6, 3, 7, 5, 5, 5, 6, 4, 7, 6, 7, 7, 6, 6, 4, 6, 6, 6, 6, 6, 5, 7, 4, 6, 4, 8, 6, 5, 6, 6, 5, 5, 7, 5, 8, 7, 5, 8, 5, 6, 3, 3, 6, 6, 4, 4, 4, 5, 3, 5, 5, 3, 4, 7, 5, 7, 6, 6, 6]
A_31 90.17999999999998 A 31 [4, 1, 4, 3, 1, 3, 4, 4, 4, 3, 2, 2, 4, 2, 4, 1, 1, 4, 3, 2, 2, 2, 1, 4, 2, 2, 1, 4, 3, 1, 3, 3, 3, 3, 1, 2, 2, 2, 4, 1, 3, 1, 3, 1, 4, 4, 1, 3, 1, 3, 1, 2, 3, 2, 1, 3, 1, 3, 3, 1, 3, 3, 2, 2, 2, 4, 3, 4, 4, 4, 1, 3, 1, 2, 4, 2, 4, 2, 4, 1] [7, 5, 7, 5, 3, 5, 6, 6, 6, 6, 5, 4, 7, 4, 7, 4, 3, 7, 5, 6, 5, 4, 5, 8, 5, 6, 5, 6, 5, 3, 7, 6, 5, 5, 5, 6, 5, 4, 8, 3, 6, 4, 5, 4, 6, 7, 4, 6, 4, 6, 4, 5, 5, 5, 4, 7, 5, 6, 5, 5, 5, 7, 5, 4, 4, 6, 5, 6, 8, 7, 3, 7, 4, 4, 8, 6, 8, 6, 7, 3]
A_32 91.17999999999998 A 32 [2, 4, 2, 4, 4, 4, 4, 2, 4, 2, 2, 2, 4, 1, 3, 2, 4, 4, 2, 1, 3, 1, 1, 4, 3, 1, 2, 3, 4, 1, 3, 3, 4, 3, 2, 4, 3, 4, 1, 3, 4, 4, 4, 4, 3, 2, 1, 3, 3, 4, 4, 3, 1, 3, 4, 2, 3, 2, 2, 4, 2, 3, 1, 1, 3, 3, 1, 4, 4, 2, 3, 4, 4, 2, 4, 1, 1, 1, 3, 3] [4, 7, 4, 8, 7, 6, 7, 5, 6, 5, 6, 6, 8, 5, 5, 5, 6, 6, 6, 4, 6, 5, 5, 6, 7, 5, 6, 6, 7, 4, 7, 5, 6, 6, 6, 6, 6, 6, 5, 6, 8, 7, 6, 6, 7, 4, 4, 7, 5, 6, 8, 7, 5, 6, 6, 6, 5, 6, 5, 8, 5, 5, 3, 3, 7, 5, 3, 6, 8, 5, 7, 8, 8, 5, 7, 5, 4, 5, 7, 7]
A_33 93.46999999999998 A 33 [1, 4, 1, 3, 1, 1, 2, 4, 2, 3, 1, 1, 1, 4, 1, 1, 3, 1, 1, 3, 1, 2, 1, 2, 2, 2, 3, 4, 4, 1, 4, 3, 3, 4, 2, 3, 2, 4, 2, 4, 3, 2, 2, 2, 2, 3, 3, 2, 2, 1, 2, 2, 2, 1, 1, 1, 2, 1, 2, 3, 2, 3, 4, 1, 2, 4, 1, 2, 2, 2, 4, 4, 1, 3, 1, 1, 1, 4, 3, 1] [3, 7, 3, 5, 5, 3, 6, 8, 6, 5, 5, 4, 3, 7, 3, 4, 5, 3, 4, 6, 5, 6, 4, 6, 6, 5, 7, 7, 7, 5, 6, 5, 6, 6, 4, 6, 6, 8, 4, 8, 5, 6, 6, 6, 6, 7, 6, 5, 5, 5, 6, 6, 6, 5, 5, 3, 5, 5, 6, 6, 4, 7, 8, 5, 4, 8, 3, 6, 6, 6, 8, 6, 3, 7, 4, 5, 3, 8, 7, 3]
A_34 104.23999999999998 A 34 [3, 3, 4, 4, 4, 2, 3, 3, 3, 4, 3, 1, 2, 2, 1, 2, 3, 1, 1, 2, 4, 2, 1, 4, 2, 3, 4, 4, 3, 2, 4, 1, 2, 2, 2, 1, 1, 2, 1, 3, 2, 3, 4, 4, 4, 4, 2, 1, 2, 1, 3, 3, 2, 3, 1, 1, 3, 2, 3, 2, 1, 2, 4, 1, 4, 1, 2, 3, 3, 3, 4, 3, 3, 1, 2, 4, 4, 3, 1, 4] [6, 6, 6, 8, 6, 6, 5, 7, 7, 6, 6, 3, 5, 4, 4, 4, 7, 4, 4, 5, 7, 4, 4, 7, 5, 6, 6, 6, 6, 5, 6, 5, 6, 4, 6, 4, 5, 6, 3, 7, 4, 7, 8, 8, 7, 6, 6, 3, 5, 4, 6, 6, 5, 6, 4, 3, 7, 5, 5, 4, 4, 5, 7, 4, 7, 3, 4, 7, 7, 6, 7, 6, 7, 5, 5, 7, 6, 6, 3, 8]
A_35 109.89999999999998 A 35 [2, 1, 2, 2, 4, 4, 4, 3, 4, 4, 4, 2, 4, 3, 4, 2, 2, 3, 2, 4, 1, 1, 4, 1, 4, 1, 1, 4, 3, 4, 1, 2, 4, 3, 1, 4, 4, 4, 3, 2, 1, 1, 2, 2, 4, 3, 4, 4, 1, 4, 4, 1, 3, 4, 4, 2, 2, 2, 2, 1, 2, 4, 2, 1, 1, 4, 1, 4, 1, 4, 1, 2, 4, 1, 2, 3, 4, 2, 2, 2] [5, 3, 6, 6, 6, 6, 8, 5, 8, 6, 6, 5, 7, 7, 8, 6, 4, 6, 4, 7, 4, 4, 6, 4, 6, 4, 4, 8, 7, 7, 4, 6, 6, 6, 4, 8, 6, 6, 6, 4, 4, 5, 4, 6, 7, 6, 6, 6, 5, 6, 7, 3, 7, 8, 8, 6, 4, 6, 4, 3, 6, 7, 6, 4, 3, 7, 5, 7, 3, 7, 5, 6, 8, 4, 4, 7, 7, 5, 4, 6]
A_36 112.32999999999998 A 36 [3, 1, 1, 1, 1, 2, 1, 4, 4, 1, 3, 4, 3, 3, 2, 4, 4, 4, 4, 3, 1, 4, 3, 2, 2, 4, 4, 1, 1, 3, 3, 2, 3, 2, 1, 4, 4, 3, 1, 2, 2, 3, 4, 4, 3, 4, 3, 3, 1, 3, 3, 4, 1, 1, 1, 1, 3, 4, 2, 1, 2, 2, 1, 2, 2, 1, 2, 3, 4, 2, 1, 3, 2, 2, 1, 4, 2, 1, 3, 2] [7, 4, 3, 5, 4, 6, 4, 6, 7, 5, 5, 8, 6, 5, 5, 6, 8, 7, 8, 6, 4, 7, 6, 4, 4, 6, 6, 3, 4, 7, 6, 5, 6, 6, 5, 6, 8, 6, 3, 6, 4, 7, 6, 8, 6, 7, 5, 7, 5, 7, 5, 6, 5, 3, 3, 3, 5, 7, 4, 4, 4, 5, 5, 6, 6, 4, 5, 7, 6, 4, 5, 6, 5, 5, 5, 6, 4, 3, 5, 4]
A_37 116.36999999999999 A 37 [3, 1, 3, 2, 1, 4, 2, 4, 1, 4, 4, 1, 3, 1, 4, 4, 3, 1, 1, 4, 4, 3, 1, 4, 3, 4, 2, 2, 3, 4, 2, 2, 4, 4, 2, 4, 3, 3, 2, 1, 1, 1, 1, 2, 3, 3, 4, 4, 4, 1, 3, 1, 1, 1, 2, 3, 4, 3, 3, 2, 1, 2, 3, 4, 2, 1, 3, 4, 1, 1, 3, 3, 1, 3, 2, 3, 4, 1, 3, 3] [6, 3, 5, 5, 5, 6, 5, 8, 4, 8, 6, 4, 6, 5, 6, 8, 7, 4, 5, 7, 8, 7, 5, 8, 5, 7, 5, 6, 6, 8, 6, 4, 6, 8, 6, 6, 6, 7, 6, 3, 4, 4, 4, 4, 6, 5, 8, 7, 6, 5, 5, 4, 3, 4, 6, 5, 7, 5, 5, 4, 3, 4, 6, 8, 6, 5, 5, 6, 4, 5, 6, 6, 4, 5, 4, 6, 6, 4, 6, 5]
A_38 121.69 A 38 [4, 2, 1, 3, 4, 3, 3, 1, 2, 2, 4, 2, 1, 4, 4, 4, 4, 4, 4, 4, 3, 1, 1, 1, 2, 3, 1, 4, 4, 3, 4, 4, 1, 2, 1, 3, 1, 2, 4, 2, 1, 3, 2, 1, 3, 1, 4, 1, 3, 1, 3, 1, 1, 2, 3, 4, 4, 4, 1, 1, 2, 4, 4, 3, 3, 3, 2, 2, 2, 3, 4, 3, 1, 2, 1, 2, 2, 1, 2, 4] [7, 5, 4, 7, 7, 7, 5, 5, 6, 6, 6, 4, 5, 7, 8, 6, 6, 8, 8, 6, 5, 5, 3, 3, 4, 6, 5, 8, 6, 6, 6, 8, 5, 4, 3, 6, 3, 6, 6, 5, 5, 7, 4, 5, 6, 5, 6, 3, 5, 4, 5, 5, 4, 5, 6, 7, 8, 7, 3, 4, 5, 7, 7, 5, 5, 6, 6, 6, 5, 6, 8, 5, 5, 6, 5, 5, 6, 5, 5, 6]
A_39 126.12 A 39 [3, 1, 3, 3, 1, 1, 3, 3, 2, 3, 1, 3, 1, 3, 1, 1, 3, 1, 1, 4, 4, 1, 2, 3, 4, 4, 3, 1, 2, 3, 2, 1, 3, 4, 3, 2, 2, 1, 2, 1, 4, 3, 1, 3, 4, 1, 4, 1, 3, 4, 4, 4, 1, 4, 2, 2, 2, 2, 3, 2, 3, 4, 3, 1, 2, 1, 3, 4, 1, 2, 3, 3, 3, 1, 1, 2, 1, 2, 1, 2] [5, 3, 7, 5, 3, 3, 5, 6, 5, 7, 4, 6, 4, 5, 5, 3, 5, 4, 5, 8, 7, 3, 5, 6, 7, 8, 7, 3, 6, 5, 6, 3, 6, 8, 7, 4, 6, 3, 5, 3, 6, 5, 3, 5, 7, 5, 6, 5, 7, 6, 6, 7, 3, 6, 4, 6, 5, 4, 6, 5, 7, 7, 7, 5, 5, 5, 6, 6, 5, 4, 6, 7, 7, 4, 3, 5, 3, 5, 5, 4]
B_0 1 B 40 [4, 4, 3, 1, 2, 2, 4, 1, 1, 4, 1, 1, 1, 3, 3, 4, 4, 4, 4, 3, 4, 4, 2, 3, 2, 2, 3, 2, 4, 2, 2, 3, 4, 3, 2, 1, 2, 1, 1, 4, 2, 4, 1, 4, 1, 1, 2, 4, 4, 1, 2, 1, 3, 4, 4, 2, 3, 2, 1, 1, 3, 1, 2, 4, 3, 2, 3, 2, 1, 1, 2, 4, 3, 2, 2, 3, 2, 4, 1, 2] [6, 7, 7, 5, 5, 4, 7, 5, 5, 6, 3, 4, 4, 5, 5, 6, 7, 8, 7, 7, 7, 6, 6, 5, 5, 4, 6, 6, 6, 5, 6, 6, 8, 5, 4, 4, 4, 4, 5, 6, 4, 7, 3, 6, 3, 5, 6, 8, 7, 4, 4, 5, 7, 7, 7, 6, 6, 4, 3, 3, 5, 5, 6, 6, 7, 5, 6, 5, 4, 3, 5, 7, 5, 4, 5, 7, 5, 8, 5, 4]
B_1 2 B 41 [2, 3, 4, 2, 3, 3, 1, 2, 3, 2, 1, 1, 4, 4, 3, 1, 3, 2, 2, 4, 1, 4, 1, 2, 4, 1, 3, 3, 1, 1, 1, 1, 4, 2, 3, 1, 3, 1, 3, 3, 4, 3, 1, 1, 1, 3, 1, 4, 1, 4, 1, 2, 1, 1, 4, 1, 4, 4, 4, 4, 1, 1, 2, 4, 1, 1, 1, 3, 3, 1, 3, 4, 1, 3, 4, 3, 3, 4, 2, 3] [4, 5, 7, 6, 5, 7, 5, 5, 6, 5, 3, 4, 7, 6, 5, 3, 5, 5, 6, 8, 3, 7, 3, 4, 6, 5, 6, 6, 5, 4, 5, 4, 7, 6, 7, 5, 7, 4, 7, 5, 7, 5, 4, 5, 3, 5, 5, 7, 3, 6, 3, 6, 3, 3, 8, 4, 7, 6, 6, 7, 3, 5, 5, 8, 3, 4, 3, 6, 6, 4, 6, 6, 3, 5, 6, 5, 5, 6, 6, 6]
B_2 7.74 B 42 [2, 4, 1, 1, 4, 4, 3, 3, 2, 2, 2, 4, 1, 2, 1, 3, 4, 3, 2, 1, 3, 2, 2, 2, 2, 2, 1, 4, 4, 2, 4, 3, 4, 2, 4, 2, 4, 1, 2, 1, 1, 1, 4, 2, 3, 3, 4, 1, 2, 1, 4, 4, 3, 4, 1, 3, 1, 4, 2, 1, 2, 2, 3, 1, 4, 3, 1, 3, 1, 4, 2, 3, 2, 1, 2, 2, 3, 1, 4, 1] [6, 6, 3, 5, 7, 8, 7, 5, 4, 5, 6, 7, 4, 6, 3, 6, 8, 6, 6, 4, 6, 4, 5, 5, 6, 4, 4, 6, 8, 6, 7, 5, 6, 6, 8, 4, 6, 4, 4, 3, 3, 4, 6, 6, 7, 6, 8, 5, 4, 5, 7, 7, 6, 7, 3, 7, 5, 7, 6, 3, 4, 5, 7, 3, 8, 6, 5, 5, 5, 6, 4, 7, 4, 4, 4, 6, 6, 5, 8, 5]
B_3 10.120000000000001 B 43 [1, 2, 4, 2, 3, 4, 3, 4, 2, 3, 4, 2, 1, 1, 3, 2, 4, 1, 1, 2, 3, 3, 4, 3, 4, 1, 2, 2, 3, 1, 2, 1, 4, 2, 4, 2, 4, 2, 1, 3, 4, 1, 2, 1, 4, 2, 1, 3, 4, 2, 4, 4, 1, 2, 2, 4, 2, 1, 2, 2, 2, 3, 3, 1, 4, 2, 4, 4, 3, 4, 3, 2, 4, 1, 2, 1, 3, 1, 1, 4] [3, 5, 8, 5, 6, 7, 5, 8, 6, 7, 7, 6, 5, 3, 5, 4, 6, 4, 3, 4, 5, 6, 6, 6, 6, 4, 4, 4, 5, 4, 4, 4, 6, 6, 8, 6, 8, 4, 5, 5, 6, 5, 6, 5, 8, 6, 4, 6, 8, 6, 8, 6, 5, 5, 5, 8, 4, 4, 4, 5, 5, 6, 7, 3, 7, 4, 6, 7, 7, 7, 6, 4, 6, 4, 4, 5, 5, 4, 3, 6]
B_4 11.200000000000001 B 44 [4, 2, 2, 2, 2, 2, 1, 1, 4, 2, 3, 3, 2, 4, 3, 4, 4, 4, 3, 1, 3, 2, 3, 2, 4, 4, 4, 3, 2, 4, 4, 4, 3, 2, 4, 4, 3, 3, 3, 4, 1, 1, 3, 4, 3, 2, 2, 1, 3, 2, 2, 1, 3, 2, 3, 4, 2, 4, 1, 3, 3, 4, 3, 3, 1, 2, 4, 4, 1, 4, 4, 2, 1, 1, 4, 3, 3, 3, 3, 4] [7, 5, 5, 4, 6, 4, 5, 4, 8, 5, 7, 6, 6, 8, 6, 8, 6, 7, 5, 4, 5, 6, 6, 4, 7, 6, 6, 7, 5, 8, 6, 6, 7, 6, 7, 7, 6, 6, 6, 7, 3, 3, 7, 8, 6, 5, 6, 4, 5, 4, 4, 5, 5, 4, 6, 7, 5, 6, 5, 5, 7, 7, 5, 6, 5, 5, 7, 7, 4, 8, 6, 6, 4, 3, 7, 7, 6, 5, 7, 8]
B_5 19.0 B 45 [2, 4, 4, 2, 3, 3, 1, 2, 2, 2, 1, 4, 4, 1, 3, 2, 3, 2, 4, 2, 4, 3, 1, 4, 1, 2, 2, 3, 4, 4, 2, 4, 2, 3, 4, 3, 4, 3, 1, 1, 1, 3, 3, 2, 2, 1, 2, 1, 2, 2, 1, 3, 2, 2, 1, 1, 4, 2, 1, 3, 3, 1, 3, 4, 3, 3, 2, 1, 3, 2, 2, 3, 2, 4, 3, 2, 3, 4, 1, 3] [6, 6, 8, 4, 6, 6, 3, 5, 6, 4, 3, 7, 7, 5, 7, 6, 7, 6, 8, 5, 6, 6, 3, 8, 3, 6, 4, 7, 6, 6, 4, 7, 4, 7, 6, 6, 7, 5, 5, 5, 5, 5, 6, 6, 5, 5, 5, 3, 4, 6, 4, 7, 6, 4, 4, 5, 6, 6, 3, 5, 5, 4, 7, 7, 7, 6, 5, 3, 6, 6, 4, 7, 5, 7, 6, 4, 6, 8, 5, 7]
B_6 20.0 B 46 [3, 3, 2, 2, 2, 3, 4, 1, 1, 1, 1, 2, 2, 4, 2, 4, 3, 1, 4, 1, 3, 3, 4, 2, 2, 2, 3, 1, 1, 3, 4, 1, 1, 3, 2, 4, 3, 4, 4, 4, 2, 1, 4, 1, 2, 2, 4, 2, 3, 1, 4, 3, 2, 4, 4, 1, 4, 1, 3, 2, 4, 4, 1, 4, 4, 3, 1, 3, 4, 2, 4, 4, 4, 1, 4, 4, 2, 1, 2, 1] [6, 5, 5, 5, 6, 6, 7, 3, 4, 4, 3, 6, 4, 7, 6, 8, 5, 4, 6, 3, 7, 6, 6, 5, 4, 6, 5, 3, 3, 7, 8, 4, 4, 6, 6, 6, 5, 8, 6, 6, 6, 5, 8, 4, 6, 5, 6, 6, 5, 4, 6, 6, 5, 6, 6, 3, 6, 3, 7, 6, 7, 6, 5, 8, 6, 5, 5, 6, 6, 4, 7, 8, 8, 3, 8, 8, 5, 4, 6, 3]
B_7 22.75 B 47 [3, 2, 2, 1, 3, 3, 4, 3, 4, 4, 4, 3, 1, 4, 3, 4, 2, 1, 2, 1, 1, 4, 2, 3, 4, 2, 4, 1, 4, 1, 3, 3, 3, 2, 1, 4, 3, 4, 1, 1, 4, 4, 1, 3, 1, 1, 2, 1, 2, 4, 1, 4, 3, 3, 3, 2, 2, 1, 4, 3, 4, 1, 4, 2, 4, 3, 3, 3, 1, 2, 4, 1, 2, 3, 3, 4, 1, 4, 2, 3] [5, 5, 5, 4, 6, 7, 7, 6, 7, 8, 8, 6, 3, 7, 6, 6, 4, 4, 4, 3, 4, 8, 4, 7, 8, 5, 7, 4, 8, 5, 6, 6, 7, 5, 3, 6, 7, 7, 3, 5, 8, 7, 5, 6, 4, 3, 6, 4, 5, 8, 4, 8, 5, 6, 6, 5, 5, 5, 6, 7, 7, 4, 7, 6, 6, 7, 5, 7, 4, 6, 6, 4, 6, 7, 7, 7, 5, 8, 4, 7]
B_8 26.1 B 48 [1, 3, 4, 4, 2, 1, 1, 4, 2, 1, 2, 3, 2, 1, 1, 3, 3, 2, 3, 3, 4, 3, 3, 4, 3, 4, 4, 1, 2, 3, 1, 1, 3, 2, 2, 1, 1, 4, 3, 3, 4, 1, 2, 4, 3, 2, 3, 2, 3, 1, 3, 3, 4, 1, 1, 2, 4, 3, 4, 3, 3, 1, 4, 2, 1, 4, 1, 2, 3, 3, 3, 3, 4, 2, 1, 1, 1, 1, 4, 3] [5, 7, 6, 7, 5, 3, 4, 7, 6, 3, 5, 7, 6, 4, 3, 7, 5, 5, 7, 5, 7, 5, 7, 7, 6, 6, 7, 3, 5, 5, 5, 4, 5, 5, 5, 5, 5, 6, 5, 7, 7, 3, 4, 8, 5, 4, 5, 5, 7, 4, 5, 6, 6, 3, 5, 5, 6, 6, 7, 5, 7, 4, 6, 5, 5, 6, 3, 5, 6, 7, 5, 6, 6, 6, 4, 4, 5, 5, 8, 7]
B_9 27.84 B 49 [4, 1, 3, 3, 3, 4, 1, 2, 2, 2, 2, 3, 3, 1, 2, 1, 1, 1, 3, 3, 4, 3, 1, 4, 2, 2, 2, 4, 2, 4, 3, 3, 4, 1, 1, 4, 3, 1, 1, 4, 1, 4, 1, 2, 2, 2, 1, 4, 1, 4, 3, 4, 4, 1, 2, 4, 1, 1, 4, 2, 3, 4, 2, 4, 4, 3, 1, 4, 3, 2, 2, 2, 3, 3, 1, 1, 1, 2, 2, 1] [7, 3, 5, 6, 7, 7, 4, 4, 5, 5, 5, 5, 7, 4, 5, 5, 4, 3, 6, 5, 6, 6, 4, 6, 6, 4, 5, 7, 4, 8, 6, 6, 6, 5, 4, 6, 7, 5, 4, 6, 4, 6, 5, 6, 4, 6, 4, 8, 4, 7, 6, 8, 6, 4, 5, 8, 4, 3, 8, 5, 5, 6, 4, 6, 8, 5, 5, 6, 7, 6, 6, 5, 6, 6, 5, 4, 4, 6, 6, 4]
B_10 32.01 B 50 [3, 3, 4, 2, 3, 2, 2, 2, 2, 4, 4, 3, 1, 1, 1, 4, 2, 4, 4, 1, 4, 2, 2, 3, 4, 1, 4, 2, 2, 4, 3, 1, 4, 2, 3, 4, 3, 3, 3, 4, 2, 1, 4, 4, 2, 1, 4, 1, 3, 3, 3, 2, 1, 1, 2, 2, 4, 1, 1, 3, 4, 2, 4, 2, 3, 3, 4, 2, 3, 3, 3, 4, 3, 1, 1, 1, 3, 3, 2, 4] [6, 6, 8, 5, 5, 4, 5, 6, 4, 6, 8, 5, 4, 4, 3, 6, 4, 8, 7, 3, 7, 5, 5, 6, 8, 4, 6, 5, 6, 6, 6, 4, 8, 6, 6, 7, 5, 5, 5, 6, 4, 3, 7, 8, 4, 4, 6, 4, 5, 6, 5, 4, 5, 5, 5, 6, 7, 5, 4, 6, 7, 4, 6, 6, 5, 5, 8, 4, 7, 5, 5, 7, 7, 3, 5, 4, 6, 5, 4, 7]
B_11 33.01 B 51 [4, 3, 2, 4, 4, 1, 1, 2, 1, 3, 3, 4, 2, 1, 2, 1, 3, 3, 1, 2, 3, 3, 3, 3, 3, 2, 3, 1, 2, 3, 2, 2, 3, 2, 3, 1, 4, 1, 1, 4, 1, 2, 4, 4, 1, 3, 3, 4, 3, 4, 2, 4, 3, 4, 2, 4, 3, 3, 1, 1, 4, 4, 3, 3, 2, 2, 3, 1, 2, 1, 2, 4, 4, 4, 3, 2, 3, 4, 2, 3] [8, 7, 6, 6, 6, 5, 3, 4, 4, 7, 6, 7, 4, 3, 5, 4, 5, 6, 3, 6, 6, 7, 6, 5, 6, 5, 7, 5, 5, 7, 5, 5, 7, 6, 6, 3, 6, 4, 5, 7, 5, 6, 7, 6, 5, 7, 6, 8, 6, 8, 4, 8, 7, 8, 4, 8, 6, 5, 4, 3, 8, 8, 5, 7, 4, 5, 7, 5, 5, 3, 4, 7, 7, 7, 5, 4, 6, 6, 5, 5]
B_12 34.629999999999995 B 52 [4, 2, 3, 2, 4, 4, 3, 3, 3, 1, 3, 2, 4, 1, 1, 4, 1, 3, 2, 3, 4, 1, 1, 1, 3, 4, 2, 2, 1, 3, 2, 3, 1, 2, 2, 3, 1, 1, 1, 1, 3, 1, 3, 1, 3, 2, 2, 3, 4, 4, 1, 3, 1, 2, 1, 4, 3, 2, 4, 1, 4, 3, 3, 2, 2, 3, 4, 4, 1, 1, 1, 2, 3, 4, 1, 1, 3, 1, 1, 4] [6, 6, 6, 4, 6, 6, 7, 6, 6, 3, 7, 5, 8, 5, 3, 6, 5, 5, 5, 6, 8, 5, 5, 3, 7, 8, 5, 5, 5, 5, 5, 5, 5, 6, 5, 7, 5, 3, 4, 3, 7, 3, 6, 5, 5, 6, 5, 5, 6, 6, 5, 7, 3, 4, 4, 8, 5, 5, 6, 3, 8, 7, 6, 6, 4, 7, 7, 7, 3, 5, 5, 4, 7, 8, 3, 5, 5, 5, 4, 8]
B_13 40.67999999999999 B 53 [4, 1, 4, 1, 1, 2, 1, 1, 1, 3, 2, 3, 3, 1, 4, 1, 4, 4, 3, 1, 3, 3, 4, 1, 3, 4, 2, 4, 2, 3, 3, 2, 3, 1, 3, 4, 1, 1, 2, 4, 4, 1, 4, 2, 2, 2, 4, 3, 1, 1, 1, 4, 2, 2, 4, 2, 1, 3, 1, 1, 4, 1, 1, 3, 4, 1, 2, 1, 2, 4, 3, 2, 1, 4, 2, 2, 3, 4, 1, 3] [6, 5, 8, 3, 3, 5, 3, 4, 5, 6, 6, 5, 7, 4, 8, 4, 6, 8, 6, 4, 7, 6, 8, 4, 5, 7, 6, 8, 6, 7, 7, 5, 6, 5, 6, 8, 3, 4, 5, 6, 7, 3, 7, 5, 4, 4, 6, 6, 3, 4, 5, 8, 4, 6, 8, 6, 3, 5, 4, 4, 7, 4, 4, 5, 6, 5, 6, 3, 5, 6, 7, 5, 3, 6, 6, 6, 6, 7, 5, 5]
B_14 41.67999999999999 B 54 [1, 1, 2, 3, 2, 2, 2, 2, 2, 1, 1, 2, 2, 4, 1, 3, 1, 3, 3, 4, 4, 4, 1, 2, 4, 1, 2, 1, 3, 2, 3, 1, 4, 1, 1, 4, 1, 2, 3, 2, 4, 4, 1, 2, 3, 1, 4, 3, 1, 2, 2, 2, 1, 4, 1, 2, 3, 1, 4, 4, 3, 4, 1, 1, 1, 4, 3, 2, 3, 2, 1, 3, 4, 3, 2, 2, 1, 3, 1, 3] [5, 5, 5, 7, 5, 5, 6, 6, 5, 4, 3, 5, 4, 6, 5, 6, 4, 7, 6, 8, 8, 6, 3, 4, 7, 5, 6, 4, 7, 6, 5, 4, 6, 5, 4, 8, 3, 6, 6, 4, 7, 8, 3, 5, 6, 4, 6, 6, 5, 5, 5, 4, 4, 8, 3, 4, 5, 4, 8, 6, 5, 7, 5, 4, 5, 8, 6, 6, 7, 6, 5, 6, 6, 7, 6, 4, 3, 7, 3, 6]
B_15 45.25999999999999 B 55 [4, 2, 4, 2, 3, 2, 2, 3, 1, 1, 2, 4, 4, 4, 4, 2, 1, 4, 4, 1, 2, 3, 3, 2, 3, 3, 2, 2, 4, 3, 4, 3, 2, 1, 1, 2, 1, 3, 4, 2, 2, 1, 3, 4, 4, 1, 1, 2, 2, 4, 2, 4, 4, 2, 2, 4, 4, 1, 1, 2, 2, 4, 1, 1, 2, 4, 2, 4, 2, 3, 2, 1, 4, 2, 3, 2, 3, 1, 2, 2] [7, 6, 7, 5, 6, 5, 4, 5, 4, 5, 5, 6, 7, 6, 7, 6, 4, 7, 6, 3, 6, 7, 5, 6, 6, 6, 6, 5, 8, 5, 8, 7, 6, 3, 3, 6, 3, 5, 7, 6, 6, 4, 7, 8, 7, 5, 3, 5, 5, 8, 6, 8, 8, 6, 4, 8, 8, 4, 3, 6, 6, 7, 5, 4, 5, 8, 5, 7, 5, 5, 5, 3, 7, 4, 7, 5, 7, 5, 4, 5]
B_16 46.25999999999999 B 56 [3, 2, 4, 2, 1, 4, 3, 2, 4, 2, 1, 1, 2, 4, 4, 4, 3, 1, 2, 1, 3, 1, 2, 1, 4, 2, 2, 3, 4, 2, 4, 1, 3, 2, 3, 2, 3, 4, 4, 2, 3, 4, 1, 2, 2, 4, 4, 2, 4, 1, 4, 3, 3, 1, 3, 4, 3, 4, 3, 4, 2, 2, 2, 4, 4, 3, 3, 3, 1, 4, 3, 2, 4, 1, 2, 3, 3, 4, 2, 2] [6, 5, 8, 4, 3, 6, 5, 6, 8, 4, 4, 5, 5, 8, 8, 6, 7, 5, 5, 4, 7, 5, 4, 4, 7, 4, 6, 5, 7, 4, 7, 5, 5, 5, 7, 4, 5, 7, 8, 5, 6, 7, 5, 4, 5, 6, 6, 5, 6, 4, 7, 6, 5, 3, 5, 8, 7, 7, 6, 6, 5, 4, 4, 6, 7, 5, 6, 5, 4, 8, 6, 6, 6, 3, 6, 5, 6, 6, 4, 5]
B_17 48.47999999999999 B 57 [2, 1, 1, 2, 1, 2, 1, 1, 2, 2, 2, 3, 2, 4, 4, 2, 1, 4, 1, 1, 1, 4, 3, 3, 1, 4, 1, 3, 4, 4, 2, 3, 2, 1, 2, 2, 4, 3, 4, 2, 2, 4, 4, 1, 4, 2, 1, 1, 3, 1, 1, 3, 2, 3, 1, 1, 4, 3, 2, 3, 4, 3, 4, 3, 3, 2, 4, 1, 1, 4, 3, 4, 3, 4, 3, 4, 2, 2, 1, 4] [5, 4, 5, 6, 5, 4, 5, 5, 4, 5, 4, 7, 6, 7, 6, 4, 3, 7, 5, 3, 4, 6, 7, 7, 4, 8, 4, 5, 8, 8, 5, 6, 6, 5, 5, 6, 7, 5, 7, 4, 4, 6, 7, 4, 6, 6, 3, 5, 6, 3, 5, 5, 5, 5, 4, 4, 7, 5, 5, 6, 8, 6, 8, 7, 7, 5, 6, 3, 4, 6, 5, 7, 5, 6, 5, 7, 6, 5, 5, 7]
B_18 49.47999999999999 B 58 [3, 1, 3, 4, 1, 2, 2, 2, 3, 1, 3, 1, 3, 1, 4, 2, 4, 4, 3, 2, 1, 2, 3, 2, 4, 1, 3, 4, 4, 4, 4, 3, 2, 2, 3, 2, 2, 3, 1, 3, 1, 4, 2, 2, 1, 1, 3, 4, 4, 4, 1, 1, 4, 1, 4, 1, 3, 2, 4, 4, 4, 1, 2, 4, 4, 4, 1, 4, 1, 3, 2, 3, 1, 2, 4, 1, 2, 2, 2, 2] [5, 3, 7, 8, 3, 4, 6, 5, 6, 3, 6, 3, 7, 5, 7, 5, 7, 7, 7, 6, 3, 4, 6, 6, 7, 5, 7, 6, 6, 6, 8, 5, 5, 6, 5, 4, 4, 5, 3, 6, 3, 6, 6, 4, 5, 3, 7, 6, 7, 8, 4, 4, 6, 4, 8, 3, 6, 5, 6, 8, 6, 5, 4, 8, 6, 8, 4, 6, 5, 7, 5, 6, 5, 6, 8, 3, 6, 5, 6, 6]
B_19 50.99999999999999 B 59 [1, 4, 4, 1, 2, 3, 4, 3, 4, 2, 4, 2, 2, 2, 1, 4, 1, 1, 2, 1, 1, 3, 3, 3, 3, 3, 2, 2, 4, 4, 2, 1, 4, 3, 2, 1, 1, 2, 1, 2, 1, 4, 1, 2, 3, 3, 2, 3, 3, 2, 3, 1, 1, 1, 4, 2, 4, 3, 4, 1, 2, 2, 3, 4, 1, 4, 3, 4, 2, 1, 2, 3, 4, 1, 2, 3, 3, 1, 1, 3] [5, 7, 6, 3, 4, 6, 7, 6, 6, 4, 8, 4, 6, 6, 3, 8, 5, 5, 4, 5, 5, 7, 5, 6, 7, 5, 6, 6, 6, 6, 5, 5, 8, 6, 4, 3, 4, 4, 4, 5, 3, 7, 3, 5, 5, 5, 6, 7, 5, 5, 6, 3, 3, 4, 6, 6, 6, 6, 8, 3, 5, 5, 7, 7, 4, 7, 5, 8, 6, 4, 5, 6, 7, 3, 6, 6, 7, 5, 5, 5]
B_20 52.78999999999999 B 60 [4, 1, 4, 2, 3, 1, 1, 2, 3, 1, 4, 4, 4, 1, 2, 1, 2, 4, 4, 2, 3, 4, 4, 3, 3, 2, 1, 2, 1, 2, 2, 3, 2, 2, 1, 2, 2, 1, 2, 3, 3, 1, 2, 2, 3, 3, 4, 4, 3, 3, 4, 4, 4, 4, 3, 2, 2, 4, 4, 2, 3, 3, 2, 3, 4, 3, 4, 2, 4, 1, 3, 4, 3, 3, 4, 1, 2, 4, 2, 3] [8, 5, 8, 5, 7, 4, 3, 4, 7, 4, 6, 6, 8, 3, 4, 3, 6, 7, 6, 6, 6, 7, 6, 7, 7, 5, 5, 4, 4, 4, 6, 5, 5, 4, 4, 6, 4, 3, 5, 7, 5, 3, 4, 5, 7, 5, 7, 7, 7, 5, 7, 8, 8, 7, 5, 6, 5, 8, 6, 5, 7, 5, 6, 7, 7, 6, 6, 6, 6, 3, 7, 7, 6, 7, 8, 4, 4, 8, 4, 7]
B_21 54.83999999999999 B 61 [3, 4, 1, 2, 3, 4, 2, 2, 1, 4, 3, 2, 2, 1, 3, 1, 3, 1, 1, 1, 2, 2, 1, 2, 1, 2, 3, 1, 4, 1, 1, 3, 3, 3, 2, 4, 2, 2, 4, 4, 1, 1, 2, 3, 4, 1, 4, 1, 1, 4, 2, 4, 3, 1, 4, 4, 2, 3, 1, 2, 3, 2, 3, 1, 3, 2, 2, 4, 1, 2, 2, 4, 2, 1, 2, 4, 2, 4, 4, 4] [5, 8, 5, 6, 5, 6, 4, 4, 5, 8, 6, 5, 6, 3, 5, 4, 5, 3, 4, 3, 4, 4, 3, 5, 3, 4, 5, 4, 6, 4, 3, 7, 5, 7, 5, 7, 5, 4, 7, 7, 5, 5, 5, 6, 7, 4, 6, 4, 4, 6, 4, 8, 7, 4, 7, 7, 4, 6, 5, 5, 5, 5, 7, 4, 7, 4, 6, 8, 5, 5, 5, 8, 4, 4, 6, 7, 5, 8, 6, 8]
B_22 56.75999999999999 B 62 [3, 3, 2, 2, 4, 2, 3, 1, 2, 4, 3, 1, 2, 3, 2, 1, 3, 2, 1, 4, 4, 4, 2, 1, 2, 1, 1, 3, 1, 1, 1, 2, 1, 4, 4, 2, 1, 3, 4, 3, 2, 2, 3, 3, 3, 3, 1, 4, 4, 2, 4, 3, 3, 1, 1, 1, 2, 4, 2, 3, 2, 3, 4, 4, 3, 1, 2, 4, 4, 3, 1, 1, 1, 1, 4, 2, 3, 4, 2, 2] [6, 6, 4, 4, 7, 5, 5, 5, 5, 7, 5, 5, 6, 6, 4, 5, 7, 4, 3, 8, 6, 6, 4, 5, 4, 3, 5, 7, 5, 4, 3, 5, 3, 8, 7, 6, 5, 6, 7, 7, 6, 5, 7, 7, 5, 7, 5, 7, 6, 4, 6, 5, 6, 4, 5, 5, 4, 8, 4, 7, 6, 7, 8, 7, 6, 3, 6, 6, 8, 5, 3, 3, 4, 4, 6, 4, 7, 6, 6, 5]
B_23 57.75999999999999 B 63 [2, 4, 2, 2, 4, 4, 2, 3, 3, 3, 3, 3, 1, 3, 1, 1, 3, 1, 1, 4, 4, 3, 1, 4, 3, 1, 2, 1, 4, 4, 3, 2, 1, 1, 1, 1, 2, 4, 3, 1, 4, 4, 1, 1, 3, 4, 4, 2, 2, 4, 2, 3, 2, 3, 1, 1, 4, 3, 4, 4, 3, 1, 4, 1, 1, 1, 2, 2, 4, 4, 1, 3, 4, 4, 1, 4, 3, 1, 2, 2] [5, 6, 5, 6, 7, 6, 6, 7, 7, 7, 7, 7, 4, 6, 3, 3, 7, 5, 5, 8, 7, 7, 5, 6, 6, 4, 6, 5, 7, 7, 6, 4, 3, 5, 4, 4, 6, 8, 5, 5, 6, 8, 3, 3, 6, 7, 8, 6, 5, 6, 6, 7, 6, 5, 4, 4, 6, 7, 8, 7, 7, 4, 7, 4, 3, 4, 5, 6, 6, 6, 3, 5, 8, 8, 3, 6, 5, 3, 4, 5]
B_24 58.75999999999999 B 64 [2, 4, 2, 1, 2, 1, 4, 3, 2, 2, 2, 3, 4, 4, 3, 2, 3, 2, 1, 4, 1, 2, 4, 1, 1, 3, 2, 4, 4, 4, 2, 2, 3, 2, 4, 1, 2, 2, 3, 2, 3, 1, 4, 4, 1, 3, 4, 4, 1, 4, 3, 2, 2, 4, 1, 2, 4, 3, 4, 1, 4, 3, 3, 1, 1, 3, 4, 1, 4, 4, 3, 2, 3, 1, 2, 1, 3, 1, 3, 3] [4, 8, 6, 3, 6, 5, 7, 7, 4, 5, 4, 7, 8, 6, 5, 5, 7, 4, 4, 8, 4, 5, 8, 4, 4, 6, 6, 6, 8, 6, 6, 4, 7, 4, 7, 3, 6, 6, 5, 5, 7, 3, 8, 7, 5, 7, 6, 6, 5, 8, 5, 4, 4, 6, 5, 5, 7, 7, 6, 4, 7, 7, 6, 3, 3, 7, 7, 4, 6, 6, 7, 5, 7, 3, 4, 3, 5, 3, 6, 6]
B_25 62.36999999999999 B 65 [1, 3, 4, 1, 4, 4, 2, 2, 1, 1, 3, 3, 3, 4, 4, 3, 2, 3, 1, 2, 4, 1, 2, 1, 3, 2, 2, 1, 3, 4, 2, 4, 3, 4, 1, 4, 1, 1, 3, 1, 2, 1, 3, 2, 2, 3, 3, 3, 4, 3, 3, 2, 3, 1, 4, 4, 3, 2, 4, 4, 3, 2, 1, 1, 3, 3, 4, 3, 4, 3, 4, 2, 2, 1, 2, 2, 4, 4, 3, 1] [3, 7, 8, 5, 8, 7, 4, 4, 5, 3, 5, 5, 5, 6, 7, 5, 6, 7, 4, 6, 6, 3, 5, 5, 6, 5, 4, 3, 7, 6, 4, 6, 5, 8, 3, 7, 4, 5, 6, 5, 5, 4, 6, 4, 5, 6, 5, 7, 6, 5, 5, 5, 7, 5, 8, 8, 5, 5, 8, 7, 6, 4, 3, 4, 7, 7, 6, 5, 7, 6, 8, 4, 6, 5, 4, 5, 8, 7, 5, 4]
B_26 67.60999999999999 B 66 [2, 2, 4, 3, 1, 4, 1, 2, 3, 4, 1, 1, 1, 3, 1, 4, 2, 4, 4, 4, 1, 2, 3, 1, 3, 2, 1, 3, 1, 4, 1, 3, 1, 1, 2, 1, 2, 3, 2, 3, 3, 1, 1, 4, 4, 2, 1, 3, 1, 1, 4, 3, 4, 2, 3, 2, 3, 4, 1, 3, 4, 2, 2, 2, 4, 4, 3, 1, 1, 1, 2, 3, 2, 3, 1, 2, 3, 2, 4, 2] [5, 4, 8, 6, 3, 7, 3, 6, 7, 8, 5, 3, 5, 6, 5, 6, 6, 6, 7, 7, 5, 4, 5, 4, 6, 5, 3, 7, 5, 8, 4, 5, 3, 3, 4, 5, 5, 5, 6, 6, 6, 3, 5, 6, 7, 5, 5, 5, 3, 5, 8, 7, 7, 6, 6, 5, 6, 6, 4, 5, 6, 6, 6, 5, 7, 6, 6, 5, 4, 5, 5, 6, 6, 5, 4, 5, 5, 4, 7, 5]
B_27 69.17999999999998 B 67 [1, 4, 3, 2, 4, 3, 2, 1, 2, 4, 3, 2, 2, 3, 2, 3, 3, 3, 1, 4, 3, 4, 4, 2, 4, 3, 1, 1, 3, 2, 2, 4, 4, 2, 3, 4, 3, 4, 2, 4, 2, 3, 3, 4, 4, 1, 3, 3, 2, 4, 2, 1, 4, 1, 2, 4, 3, 1, 4, 4, 2, 4, 4, 2, 1, 3, 1, 4, 2, 4, 1, 3, 4, 2, 1, 1, 4, 3, 1, 3] [5, 8, 5, 6, 7, 6, 6, 5, 6, 8, 5, 5, 5, 6, 5, 6, 7, 6, 5, 6, 6, 7, 6, 5, 7, 5, 5, 5, 5, 5, 4, 6, 6, 6, 7, 7, 7, 6, 6, 6, 5, 6, 5, 7, 7, 3, 6, 7, 5, 6, 4, 5, 7, 3, 6, 7, 5, 3, 6, 8, 6, 8, 6, 6, 4, 5, 5, 8, 6, 7, 3, 6, 8, 6, 3, 5, 7, 6, 3, 5]
B_28 85.40999999999998 B 68 [1, 3, 2, 2, 1, 3, 2, 1, 3, 2, 2, 4, 2, 4, 4, 2, 4, 4, 1, 2, 2, 3, 3, 1, 4, 3, 2, 1, 4, 1, 2, 4, 4, 2, 3, 1, 4, 1, 2, 1, 1, 3, 1, 3, 1, 3, 4, 1, 3, 3, 3, 2, 1, 2, 3, 2, 1, 1, 1, 2, 4, 1, 4, 4, 4, 4, 1, 2, 3, 2, 3, 3, 3, 3, 2, 3, 2, 4, 2, 1] [5, 7, 6, 6, 3, 7, 4, 4, 7, 5, 6, 6, 5, 8, 8, 6, 8, 7, 3, 6, 4, 6, 7, 5, 6, 6, 6, 4, 7, 5, 5, 8, 8, 6, 7, 3, 6, 4, 5, 5, 4, 6, 5, 7, 4, 6, 6, 4, 6, 7, 7, 5, 3, 5, 7, 5, 4, 4, 5, 6, 6, 5, 8, 6, 6, 7, 4, 6, 5, 6, 6, 6, 5, 6, 5, 6, 4, 6, 4, 4]
B_29 88.90999999999998 B 69 [4, 4, 3, 1, 1, 2, 2, 2, 2, 4, 4, 2, 4, 1, 2, 3, 1, 3, 2, 1, 2, 4, 2, 4, 4, 1, 4, 1, 4, 4, 1, 4, 2, 2, 3, 4, 2, 1, 3, 2, 1, 1, 4, 4, 4, 2, 2, 2, 3, 2, 3, 1, 1, 4, 2, 3, 4, 4, 3, 1, 1, 2, 3, 4, 4, 3, 1, 4, 2, 2, 1, 3, 1, 4, 4, 4, 1, 3, 1, 1] [7, 7, 6, 3, 5, 6, 5, 5, 4, 6, 6, 6, 6, 4, 5, 6, 5, 6, 5, 3, 6, 7, 6, 7, 7, 5, 8, 4, 8, 7, 3, 7, 5, 6, 6, 7, 4, 5, 6, 4, 3, 4, 6, 7, 8, 6, 4, 6, 7, 6, 5, 3, 5, 6, 6, 5, 8, 6, 7, 4, 3, 5, 5, 6, 6, 6, 5, 7, 6, 5, 4, 7, 3, 7, 7, 6, 4, 5, 4, 4]
B_30 90.45999999999998 B 70 [3, 1, 2, 1, 3, 4, 3, 3, 1, 3, 2, 3, 1, 1, 1, 4, 2, 4, 2, 4, 1, 3, 1, 4, 2, 1, 2, 1, 3, 1, 3, 1, 3, 4, 4, 1, 1, 3, 4, 3, 2, 3, 2, 3, 4, 2, 4, 4, 3, 2, 3, 2, 1, 3, 1, 2, 3, 3, 2, 2, 3, 2, 1, 1, 3, 4, 2, 1, 3, 1, 2, 4, 1, 1, 2, 4, 2, 2, 3, 3] [5, 4, 4, 5, 7, 8, 6, 7, 5, 7, 4, 7, 4, 3, 3, 7, 5, 6, 6, 8, 4, 7, 5, 8, 5, 5, 5, 3, 6, 4, 5, 3, 7, 8, 7, 5, 5, 6, 8, 6, 5, 6, 4, 6, 6, 4, 7, 6, 5, 6, 5, 4, 5, 7, 5, 5, 6, 5, 5, 5, 7, 5, 3, 3, 7, 8, 5, 3, 6, 4, 6, 7, 5, 4, 6, 6, 4, 5, 6, 7]
B_31 92.91999999999997 B 71 [1, 4, 4, 3, 1, 3, 4, 1, 2, 1, 2, 1, 2, 2, 2, 1, 1, 1, 2, 2, 3, 1, 2, 1, 4, 2, 2, 1, 3, 3, 2, 3, 4, 4, 3, 2, 3, 3, 3, 3, 4, 4, 3, 2, 2, 3, 4, 1, 3, 2, 4, 4, 2, 2, 3, 1, 2, 4, 3, 3, 4, 4, 1, 3, 2, 2, 3, 3, 3, 3, 4, 2, 2, 3, 4, 4, 4, 1, 3, 4] [5, 8, 6, 7, 5, 7, 8, 5, 4, 3, 6, 4, 6, 4, 4, 3, 5, 4, 4, 4, 5, 5, 6, 5, 6, 5, 4, 5, 7, 7, 5, 7, 8, 6, 6, 6, 6, 6, 5, 7, 7, 6, 7, 4, 6, 7, 8, 4, 6, 5, 7, 7, 4, 5, 6, 3, 6, 7, 6, 6, 7, 8, 3, 5, 5, 4, 6, 6, 6, 7, 7, 5, 5, 6, 6, 8, 6, 3, 7, 8]
B_32 97.60999999999997 B 72 [4, 1, 4, 2, 3, 3, 3, 4, 2, 4, 4, 3, 3, 1, 3, 3, 2, 2, 4, 4, 1, 3, 3, 4, 1, 1, 1, 3, 2, 1, 1, 1, 4, 1, 3, 4, 2, 1, 1, 3, 3, 1, 2, 4, 1, 2, 4, 2, 4, 3, 3, 4, 3, 1, 4, 4, 4, 3, 1, 4, 3, 2, 1, 4, 3, 2, 2, 4, 3, 1, 1, 2, 3, 4, 2, 2, 4, 4, 4, 2] [8, 4, 7, 4, 7, 6, 5, 7, 6, 7, 8, 5, 5, 4, 6, 6, 4, 4, 6, 7, 4, 6, 5, 8, 3, 5, 4, 5, 5, 3, 3, 4, 8, 3, 7, 8, 5, 4, 5, 7, 5, 3, 4, 6, 4, 5, 8, 6, 6, 6, 7, 7, 7, 3, 6, 7, 6, 5, 5, 7, 6, 4, 4, 8, 7, 6, 6, 8, 5, 3, 5, 5, 7, 6, 6, 6, 7, 7, 6, 6]
B_33 98.61999999999998 B 73 [2, 4, 2, 1, 1, 4, 1, 1, 4, 2, 3, 1, 1, 4, 2, 1, 3, 1, 4, 1, 2, 3, 1, 2, 4, 2, 3, 4, 4, 1, 2, 2, 2, 3, 1, 1, 2, 3, 2, 1, 2, 3, 1, 1, 1, 4, 1, 3, 2, 3, 1, 4, 4, 4, 3, 2, 1, 4, 2, 1, 3, 1, 1, 4, 1, 1, 3, 2, 3, 4, 1, 3, 4, 3, 1, 1, 2, 4, 2, 2] [4, 7, 6, 5, 4, 7, 5, 3, 6, 5, 7, 3, 5, 6, 5, 3, 7, 4, 6, 3, 6, 6, 5, 6, 7, 4, 6, 6, 8, 5, 4, 4, 5, 7, 5, 4, 5, 5, 6, 4, 4, 5, 4, 4, 3, 7, 3, 7, 6, 6, 3, 7, 8, 6, 7, 4, 3, 6, 6, 3, 7, 4, 4, 8, 3, 5, 5, 6, 6, 7, 4, 6, 6, 6, 3, 3, 6, 8, 4, 5]
B_34 99.74999999999997 B 74 [2, 4, 3, 1, 4, 3, 1, 2, 4, 3, 4, 2, 2, 3, 2, 1, 2, 3, 3, 4, 4, 1, 4, 2, 3, 3, 2, 1, 3, 1, 3, 4, 4, 1, 2, 2, 1, 2, 1, 1, 2, 4, 2, 2, 4, 3, 4, 3, 1, 1, 1, 3, 1, 2, 2, 3, 2, 3, 4, 2, 4, 2, 4, 1, 2, 2, 1, 1, 2, 4, 2, 4, 2, 1, 1, 3, 3, 4, 1, 4] [4, 7, 6, 5, 7, 6, 4, 4, 6, 7, 6, 5, 4, 6, 4, 3, 6, 6, 6, 6, 7, 4, 8, 6, 6, 5, 5, 5, 5, 3, 7, 8, 7, 4, 5, 4, 5, 4, 5, 3, 5, 6, 4, 4, 7, 6, 8, 7, 4, 5, 5, 5, 3, 6, 6, 7, 6, 5, 8, 6, 8, 6, 6, 3, 4, 4, 4, 3, 5, 7, 6, 6, 6, 3, 5, 6, 7, 6, 4, 8]
B_35 105.24999999999997 B 75 [1, 1, 4, 1, 2, 3, 4, 2, 3, 2, 2, 1, 3, 3, 3, 1, 2, 4, 1, 3, 1, 4, 3, 1, 3, 3, 3, 2, 3, 1, 1, 2, 1, 1, 4, 3, 4, 3, 2, 2, 3, 3, 2, 1, 3, 2, 4, 4, 1, 1, 1, 2, 1, 2, 2, 2, 3, 4, 1, 3, 1, 4, 2, 4, 1, 2, 2, 1, 3, 4, 4, 4, 2, 1, 3, 4, 1, 2, 1, 4] [5, 4, 8, 5, 5, 7, 7, 6, 6, 4, 6, 5, 6, 6, 6, 4, 6, 7, 4, 6, 5, 6, 5, 4, 7, 7, 7, 4, 7, 4, 5, 6, 5, 5, 7, 7, 6, 6, 5, 5, 7, 5, 6, 5, 7, 4, 8, 7, 4, 4, 4, 4, 5, 6, 4, 5, 5, 7, 3, 6, 4, 7, 4, 6, 3, 5, 5, 5, 6, 6, 6, 8, 6, 3, 6, 7, 5, 6, 4, 8]
B_36 106.50999999999998 B 76 [3, 1, 1, 3, 1, 1, 4, 3, 2, 3, 3, 3, 2, 2, 2, 1, 3, 1, 4, 2, 1, 3, 3, 2, 1, 2, 4, 4, 4, 4, 3, 4, 1, 1, 4, 4, 2, 4, 2, 1, 2, 3, 3, 3, 3, 3, 2, 1, 1, 1, 3, 3, 3, 3, 1, 3, 3, 2, 2, 3, 2, 2, 3, 3, 3, 4, 3, 4, 2, 1, 2, 4, 4, 2, 3, 1, 1, 3, 2, 3] [6, 4, 4, 5, 3, 4, 7, 7, 6, 6, 6, 7, 4, 6, 4, 5, 5, 3, 7, 4, 5, 6, 6, 6, 3, 6, 8, 8, 6, 8, 7, 8, 4, 3, 6, 7, 4, 6, 6, 3, 5, 5, 6, 5, 6, 6, 5, 5, 5, 4, 6, 6, 5, 6, 3, 7, 6, 6, 6, 7, 4, 5, 7, 5, 5, 8, 5, 7, 4, 4, 4, 6, 7, 6, 7, 5, 3, 5, 4, 6]
B_37 108.27999999999997 B 77 [3, 2, 3, 4, 1, 3, 1, 3, 1, 4, 4, 4, 4, 3, 1, 4, 4, 4, 3, 3, 4, 1, 4, 4, 3, 1, 1, 3, 2, 4, 2, 2, 1, 4, 3, 2, 1, 1, 1, 2, 4, 4, 1, 1, 3, 4, 1, 4, 1, 2, 3, 4, 1, 4, 3, 1, 4, 2, 2, 1, 4, 4, 4, 1, 1, 4, 2, 3, 4, 3, 2, 1, 4, 4, 4, 2, 3, 4, 1, 2] [6, 5, 7, 6, 3, 5, 5, 6, 5, 7, 8, 7, 8, 6, 5, 7, 7, 7, 5, 5, 8, 5, 7, 7, 6, 4, 3, 7, 5, 7, 6, 6, 5, 8, 6, 5, 3, 4, 5, 5, 8, 6, 5, 4, 5, 8, 4, 8, 5, 6, 5, 6, 5, 7, 7, 5, 6, 5, 5, 5, 8, 8, 6, 3, 3, 7, 4, 6, 6, 5, 5, 3, 7, 8, 6, 6, 5, 7, 5, 4]
B_38 109.33999999999997 B 78 [1, 4, 1, 2, 4, 4, 3, 2, 3, 4, 3, 3, 4, 1, 3, 4, 4, 1, 4, 1, 2, 4, 4, 4, 4, 2, 2, 3, 4, 1, 4, 4, 3, 3, 1, 2, 3, 3, 2, 1, 1, 2, 4, 1, 3, 1, 2, 2, 4, 2, 2, 2, 1, 1, 1, 2, 2, 1, 2, 1, 2, 4, 2, 2, 3, 3, 4, 1, 2, 1, 3, 3, 4, 2, 1, 1, 2, 1, 2, 2] [3, 7, 3, 5, 7, 6, 5, 5, 5, 6, 7, 5, 8, 4, 6, 8, 7, 4, 6, 5, 4, 6, 6, 8, 6, 4, 4, 6, 7, 5, 6, 7, 7, 7, 3, 4, 5, 6, 5, 5, 5, 6, 8, 3, 7, 5, 6, 4, 8, 6, 4, 5, 4, 5, 3, 4, 4, 5, 6, 5, 4, 6, 6, 4, 6, 5, 7, 3, 4, 4, 6, 7, 6, 4, 4, 4, 4, 5, 4, 5]
B_39 110.33999999999997 B 79 [4, 4, 4, 4, 1, 3, 2, 4, 4, 3, 1, 2, 2, 1, 1, 1, 4, 1, 2, 2, 3, 2, 1, 2, 1, 3, 3, 2, 3, 3, 2, 1, 3, 1, 4, 2, 2, 3, 4, 2, 2, 3, 1, 4, 4, 3, 1, 3, 3, 1, 4, 3, 4, 3, 3, 2, 2, 4, 2, 3, 3, 4, 2, 2, 3, 1, 2, 3, 1, 1, 3, 4, 2, 2, 4, 4, 3, 2, 2, 1] [7, 8, 8, 8, 3, 7, 6, 7, 8, 6, 4, 6, 4, 5, 5, 5, 8, 4, 6, 6, 5, 6, 4, 5, 5, 7, 6, 5, 6, 5, 6, 3, 7, 3, 8, 6, 4, 5, 6, 4, 4, 6, 5, 6, 8, 7, 3, 7, 7, 4, 7, 5, 8, 5, 6, 5, 5, 7, 6, 5, 7, 8, 5, 5, 6, 4, 5, 5, 4, 4, 7, 8, 6, 5, 8, 8, 6, 4, 5, 5]
