A_0 3.5 A 0 [1, 3, 3, 4, 1, 4, 4, 3, 3, 3, 1, 3, 3, 2, 3, 1, 2, 3, 3, 4, 3, 1, 3, 3, 4, 2, 4, 3, 1, 3, 4, 1, 2, 1, 3, 2, 3, 1, 2, 3, 2, 2, 4, 3, 2, 4, 4, 1, 4, 2, 3, 3, 1, 4, 2, 3, 3, 3, 3, 4, 1, 4, 2, 4, 4, 2, 2, 2, 4, 1, 1, 2, 1, 4, 1, 1, 4, 4, 1, 1] [4, 7, 5, 8, 3, 8, 6, 6, 7, 5, 5, 6, 7, 4, 6, 5, 5, 5, 7, 7, 7, 4, 5, 6, 7, 5, 8, 6, 4, 7, 8, 3, 4, 4, 7, 6, 5, 3, 5, 6, 4, 5, 7, 5, 5, 6, 6, 4, 6, 5, 7, 5, 4, 6, 4, 5, 7, 7, 5, 6, 5, 8, 5, 6, 6, 4, 4, 6, 7, 4, 4, 6, 3, 7, 5, 5, 6, 8, 3, 5]
A_1 4.5 A 1 [3, 1, 4, 4, 4, 3, 3, 3, 2, 3, 3, 2, 2, 4, 2, 2, 2, 4, 4, 2, 4, 3, 3, 1, 2, 1, 2, 3, 3, 2, 1, 4, 2, 2, 3, 3, 4, 1, 1, 1, 1, 1, 4, 4, 4, 3, 1, 3, 4, 1, 2, 4, 2, 1, 3, 1, 3, 1, 4, 3, 4, 4, 3, 4, 3, 4, 2, 2, 1, 2, 3, 4, 1, 2, 1, 1, 1, 3, 1, 3] [7, 5, 6, 8, 8, 5, 6, 5, 4, 7, 7, 5, 6, 6, 4, 5, 5, 7, 6, 4, 6, 7, 6, 3, 5, 3, 6, 5, 5, 4, 4, 6, 6, 4, 6, 6, 6, 3, 5, 5, 4, 5, 7, 7, 6, 7, 4, 6, 7, 5, 5, 8, 4, 5, 6, 3, 6, 4, 8, 7, 7, 6, 5, 8, 5, 6, 6, 4, 3, 6, 7, 7, 4, 6, 3, 5, 5, 5, 3, 6]
A_2 5.5 A 2 [3, 4, 1, 4, 4, 4, 2, 4, 3, 1, 2, 4, 1, 4, 2, 3, 3, 3, 1, 3, 1, 1, 1, 3, 1, 4, 3, 2, 3, 2, 2, 1, 2, 1, 4, 1, 3, 3, 4, 4, 4, 1, 3, 1, 3, 1, 2, 2, 2, 3, 1, 2, 3, 3, 4, 2, 2, 3, 2, 3, 4, 4, 2, 3, 3, 4, 2, 2, 1, 1, 4, 3, 4, 1, 2, 3, 2, 4, 1, 1] [5, 6, 3, 8, 6, 6, 4, 6, 5, 3, 4, 6, 5, 7, 5, 5, 6, 6, 3, 5, 3, 5, 3, 5, 5, 7, 5, 6, 5, 4, 6, 5, 5, 3, 6, 5, 7, 5, 7, 8, 7, 4, 7, 3, 6, 4, 4, 5, 4, 5, 4, 5, 5, 7, 6, 5, 4, 5, 6, 5, 8, 6, 5, 5, 6, 8, 6, 4, 3, 3, 7, 5, 8, 3, 4, 5, 6, 6, 5, 5]
A_3 7.91 A 3 [4, 4, 4, 3, 3, 2, 2, 1, 4, 3, 3, 1, 1, 3, 1, 2, 2, 4, 1, 2, 2, 3, 1, 2, 3, 3, 4, 4, 3, 4, 2, 4, 1, 4, 3, 2, 4, 2, 1, 3, 3, 1, 2, 2, 4, 4, 4, 3, 3, 2, 3, 4, 1, 2, 3, 4, 4, 3, 2, 2, 1, 2, 4, 2, 1, 4, 4, 3, 4, 4, 3, 2, 1, 3, 1, 3, 2, 3, 1, 2] [8, 8, 8, 7, 5, 5, 4, 3, 7, 7, 6, 3, 3, 7, 5, 5, 5, 8, 3, 4, 4, 6, 5, 6, 7, 5, 6, 8, 7, 7, 5, 8, 5, 7, 5, 5, 6, 6, 5, 7, 6, 4, 6, 4, 8, 8, 8, 5, 5, 4, 6, 6, 4, 6, 7, 6, 7, 7, 5, 5, 3, 6, 6, 5, 4, 7, 7, 5, 8, 6, 6, 4, 5, 6, 5, 5, 5, 6, 3, 6]
A_4 9.49 A 4 [1, 4, 4, 3, 2, 2, 4, 4, 4, 4, 1, 2, 3, 3, 3, 1, 2, 3, 2, 4, 3, 1, 2, 1, 4, 1, 2, 1, 3, 4, 3, 1, 1, 2, 4, 2, 2, 1, 2, 3, 3, 4, 3, 1, 3, 1, 4, 3, 1, 2, 2, 3, 1, 3, 3, 3, 1, 4, 3, 3, 1, 2, 3, 2, 1, 2, 4, 2, 2, 1, 3, 4, 1, 4, 4, 2, 1, 4, 3, 1] [3, 8, 6, 5, 4, 4, 6, 6, 8, 7, 5, 4, 7, 6, 7, 4, 5, 7, 4, 8, 6, 5, 5, 5, 7, 4, 4, 5, 7, 7, 7, 4, 4, 6, 6, 5, 4, 5, 4, 6, 5, 7, 5, 3, 6, 4, 8, 5, 5, 4, 6, 6, 4, 6, 5, 6, 4, 8, 5, 7, 5, 6, 7, 6, 5, 6, 7, 6, 4, 3, 7, 7, 5, 8, 8, 4, 4, 6, 7, 4]
A_5 13.120000000000001 A 5 [4, 3, 4, 2, 2, 2, 3, 2, 2, 4, 3, 3, 2, 3, 2, 3, 1, 3, 3, 1, 3, 3, 2, 2, 3, 2, 3, 2, 1, 2, 2, 1, 2, 4, 4, 3, 2, 4, 2, 1, 1, 4, 4, 4, 2, 1, 2, 1, 3, 4, 3, 1, 1, 2, 3, 4, 2, 2, 1, 1, 4, 4, 2, 1, 4, 1, 3, 4, 2, 4, 4, 4, 4, 1, 4, 1, 3, 4, 3, 4] [8, 5, 6, 5, 4, 4, 7, 6, 5, 7, 7, 5, 6, 5, 5, 7, 3, 5, 7, 3, 7, 6, 5, 4, 5, 4, 5, 4, 5, 4, 6, 3, 5, 7, 8, 6, 5, 6, 6, 5, 5, 8, 6, 8, 6, 5, 4, 4, 7, 8, 7, 3, 3, 4, 6, 6, 4, 5, 3, 5, 7, 6, 4, 4, 6, 3, 7, 6, 6, 6, 8, 7, 7, 5, 7, 5, 6, 8, 5, 6]
A_6 18.270000000000003 A 6 [4, 3, 2, 2, 4, 3, 4, 3, 3, 1, 4, 3, 3, 3, 3, 2, 2, 2, 1, 1, 1, 1, 3, 4, 2, 1, 3, 3, 3, 1, 4, 1, 4, 4, 2, 4, 3, 4, 3, 3, 2, 1, 1, 3, 3, 1, 2, 3, 1, 1, 4, 4, 2, 3, 4, 4, 4, 2, 2, 1, 2, 2, 4, 3, 2, 2, 3, 2, 4, 1, 2, 4, 1, 4, 4, 3, 3, 3, 3, 4] [6, 6, 4, 4, 6, 7, 8, 7, 7, 3, 6, 6, 5, 7, 7, 6, 4, 5, 3, 5, 5, 4, 5, 7, 6, 3, 7, 7, 5, 3, 8, 3, 7, 7, 4, 7, 7, 8, 6, 5, 4, 5, 5, 6, 5, 3, 6, 7, 5, 3, 6, 8, 4, 6, 7, 8, 6, 4, 6, 5, 5, 5, 7, 7, 4, 5, 6, 4, 6, 4, 4, 8, 5, 7, 6, 6, 6, 6, 6, 7]
A_7 19.270000000000003 A 7 [3, 3, 4, 1, 4, 2, 3, 1, 3, 1, 2, 3, 2, 1, 1, 1, 2, 2, 4, 2, 4, 3, 1, 2, 1, 2, 3, 4, 1, 4, 1, 3, 2, 4, 4, 2, 4, 3, 4, 1, 1, 3, 3, 1, 4, 4, 1, 1, 2, 2, 3, 4, 4, 1, 2, 3, 3, 1, 2, 2, 3, 3, 1, 2, 3, 1, 1, 2, 4, 1, 1, 3, 1, 1, 2, 3, 2, 1, 1, 2] [6, 5, 6, 3, 6, 6, 7, 3, 6, 3, 4, 7, 4, 5, 3, 5, 6, 4, 8, 4, 8, 6, 5, 5, 4, 5, 5, 6, 4, 8, 5, 7, 6, 6, 8, 4, 8, 6, 7, 4, 4, 6, 6, 5, 6, 7, 4, 5, 5, 5, 7, 8, 7, 4, 4, 7, 5, 4, 5, 6, 7, 7, 3, 5, 7, 3, 4, 4, 7, 3, 4, 7, 4, 3, 5, 7, 4, 4, 3, 4]
A_8 20.490000000000002 A 8 [3, 2, 3, 4, 4, 2, 3, 3, 2, 4, 3, 1, 1, 1, 2, 4, 3, 3, 3, 4, 3, 2, 1, 3, 3, 2, 1, 1, 3, 1, 4, 2, 3, 3, 2, 2, 1, 1, 2, 4, 3, 2, 1, 1, 2, 3, 2, 1, 3, 2, 1, 3, 1, 2, 3, 4, 1, 3, 4, 3, 2, 1, 4, 4, 4, 1, 1, 2, 1, 4, 3, 1, 1, 1, 3, 3, 1, 2, 2, 4] [7, 4, 5, 7, 8, 5, 7, 6, 5, 6, 5, 3, 3, 5, 5, 7, 6, 6, 7, 6, 7, 4, 5, 5, 6, 5, 4, 4, 6, 5, 6, 4, 7, 6, 6, 6, 5, 3, 5, 7, 7, 5, 3, 3, 4, 6, 4, 4, 7, 5, 4, 6, 5, 6, 6, 7, 3, 7, 6, 7, 4, 3, 8, 6, 6, 3, 4, 5, 5, 6, 7, 5, 3, 4, 5, 7, 5, 5, 5, 6]
A_9 22.520000000000003 A 9 [3, 3, 1, 3, 4, 4, 1, 1, 4, 4, 4, 1, 3, 1, 3, 3, 2, 1, 1, 1, 3, 4, 2, 2, 2, 1, 1, 2, 2, 1, 2, 3, 1, 1, 1, 4, 2, 3, 4, 2, 2, 3, 3, 1, 4, 3, 2, 4, 3, 2, 3, 1, 3, 2, 4, 2, 2, 1, 3, 3, 3, 1, 2, 4, 3, 2, 1, 3, 4, 1, 2, 2, 4, 1, 3, 2, 4, 1, 3, 1] [5, 7, 3, 7, 7, 7, 3, 3, 6, 7, 8, 3, 7, 5, 6, 6, 6, 3, 4, 3, 5, 6, 5, 5, 5, 5, 3, 6, 6, 3, 5, 6, 4, 5, 3, 7, 5, 5, 8, 4, 4, 6, 5, 5, 6, 5, 6, 6, 7, 5, 6, 5, 5, 4, 8, 6, 5, 4, 5, 6, 6, 5, 6, 7, 5, 4, 3, 6, 6, 3, 4, 5, 6, 4, 5, 5, 7, 3, 5, 4]
A_10 23.970000000000002 A 10 [1, 3, 2, 3, 1, 3, 4, 2, 3, 4, 4, 4, 2, 3, 3, 1, 1, 2, 2, 3, 3, 1, 4, 1, 2, 3, 1, 2, 2, 4, 3, 2, 2, 1, 1, 3, 3, 1, 1, 3, 3, 2, 2, 3, 1, 2, 1, 1, 2, 3, 1, 3, 3, 1, 3, 3, 1, 2, 4, 1, 4, 3, 2, 2, 1, 3, 1, 3, 4, 1, 1, 2, 4, 3, 1, 2, 1, 1, 1, 4] [5, 7, 4, 6, 5, 7, 6, 4, 5, 8, 8, 6, 4, 5, 5, 3, 3, 6, 6, 6, 6, 3, 8, 5, 6, 6, 3, 4, 6, 8, 6, 4, 4, 4, 3, 5, 5, 3, 3, 6, 5, 5, 5, 6, 3, 6, 5, 3, 5, 5, 4, 6, 6, 3, 5, 7, 5, 5, 8, 3, 6, 7, 5, 5, 3, 5, 3, 5, 7, 4, 4, 4, 7, 7, 5, 6, 5, 3, 5, 7]
A_11 24.970000000000002 A 11 [3, 2, 4, 1, 2, 3, 3, 3, 1, 1, 4, 1, 2, 3, 2, 3, 1, 3, 2, 4, 3, 3, 4, 3, 4, 2, 4, 4, 1, 4, 3, 4, 4, 4, 3, 3, 4, 2, 1, 1, 3, 1, 1, 4, 4, 1, 1, 4, 1, 3, 4, 4, 4, 3, 1, 1, 3, 2, 3, 3, 1, 2, 2, 3, 4, 1, 2, 1, 3, 4, 1, 1, 1, 1, 4, 1, 3, 3, 3, 3] [6, 5, 6, 3, 4, 5, 6, 7, 3, 3, 6, 4, 6, 7, 6, 6, 3, 6, 4, 7, 6, 5, 8, 5, 7, 4, 8, 6, 4, 6, 6, 6, 8, 6, 5, 6, 6, 6, 3, 5, 7, 5, 5, 7, 7, 3, 4, 6, 3, 6, 7, 6, 6, 7, 3, 5, 5, 6, 6, 7, 3, 6, 4, 6, 6, 4, 6, 3, 7, 6, 3, 3, 4, 4, 8, 4, 5, 5, 7, 5]
A_12 25.970000000000002 A 12 [3, 2, 1, 1, 3, 2, 3, 2, 1, 3, 2, 2, 2, 4, 1, 3, 4, 2, 4, 3, 1, 3, 3, 2, 2, 1, 2, 1, 3, 4, 1, 2, 2, 1, 2, 4, 4, 2, 1, 2, 3, 2, 4, 1, 4, 3, 2, 4, 3, 3, 1, 2, 1, 2, 3, 3, 4, 2, 2, 2, 4, 1, 2, 3, 1, 4, 4, 3, 1, 3, 2, 4, 1, 4, 4, 3, 4, 2, 1, 3] [7, 6, 5, 3, 7, 6, 5, 4, 3, 7, 4, 6, 6, 8, 3, 7, 8, 4, 8, 5, 5, 5, 7, 4, 4, 4, 6, 4, 5, 8, 4, 4, 4, 5, 4, 6, 6, 5, 5, 5, 5, 6, 7, 3, 7, 7, 6, 8, 7, 6, 3, 6, 4, 4, 6, 5, 8, 4, 5, 6, 7, 5, 5, 5, 5, 6, 8, 7, 3, 7, 4, 6, 5, 6, 8, 5, 6, 4, 3, 7]
A_13 33.040000000000006 A 13 [2, 4, 4, 3, 3, 3, 3, 1, 1, 1, 3, 3, 4, 4, 2, 2, 2, 1, 2, 1, 3, 4, 1, 4, 3, 4, 2, 4, 4, 4, 1, 4, 2, 4, 1, 3, 4, 4, 4, 3, 4, 2, 3, 3, 1, 2, 1, 2, 1, 3, 2, 1, 4, 2, 3, 1, 2, 2, 4, 2, 1, 2, 1, 3, 2, 1, 2, 1, 3, 2, 2, 2, 3, 3, 3, 1, 3, 3, 1, 4] [4, 6, 7, 7, 6, 5, 7, 5, 5, 5, 5, 7, 8, 7, 5, 4, 5, 3, 6, 3, 5, 8, 5, 6, 5, 7, 6, 8, 6, 6, 5, 6, 6, 7, 4, 6, 8, 7, 6, 5, 6, 6, 7, 6, 3, 4, 4, 6, 3, 7, 5, 5, 6, 4, 5, 3, 4, 6, 8, 4, 4, 6, 4, 7, 5, 4, 6, 4, 6, 6, 5, 5, 6, 5, 7, 4, 6, 7, 4, 7]
A_14 38.63000000000001 A 14 [3, 2, 2, 1, 3, 2, 3, 1, 2, 3, 3, 2, 1, 2, 4, 2, 3, 4, 3, 2, 1, 3, 1, 3, 1, 3, 2, 3, 4, 2, 4, 2, 1, 2, 3, 1, 1, 2, 4, 2, 1, 2, 1, 2, 3, 1, 3, 3, 1, 4, 2, 3, 3, 2, 1, 4, 1, 3, 4, 2, 3, 1, 1, 4, 3, 2, 2, 3, 1, 3, 4, 4, 1, 2, 1, 2, 4, 3, 1, 1] [6, 4, 5, 5, 7, 5, 7, 3, 5, 6, 5, 6, 3, 5, 7, 6, 7, 7, 5, 6, 3, 7, 4, 5, 3, 7, 5, 7, 8, 4, 6, 5, 4, 4, 7, 4, 5, 5, 7, 6, 5, 6, 3, 6, 7, 4, 6, 6, 3, 6, 4, 5, 5, 4, 3, 8, 4, 5, 6, 4, 5, 4, 4, 7, 7, 5, 4, 7, 3, 7, 6, 7, 5, 4, 4, 4, 7, 5, 5, 3]
A_15 41.78000000000001 A 15 [1, 2, 3, 2, 1, 3, 2, 1, 4, 3, 1, 3, 3, 2, 2, 3, 3, 1, 1, 3, 4, 4, 3, 1, 4, 3, 3, 1, 2, 2, 2, 1, 4, 2, 1, 1, 1, 4, 2, 1, 3, 4, 3, 3, 4, 1, 2, 3, 4, 3, 3, 3, 1, 1, 1, 1, 1, 1, 1, 1, 1, 4, 1, 1, 4, 1, 1, 2, 3, 1, 3, 3, 2, 2, 2, 4, 2, 1, 1, 2] [5, 5, 5, 5, 4, 7, 6, 5, 7, 6, 3, 6, 7, 4, 6, 5, 7, 4, 3, 5, 7, 6, 6, 5, 8, 5, 5, 3, 5, 4, 6, 5, 7, 6, 5, 4, 4, 6, 5, 4, 6, 7, 5, 5, 6, 3, 6, 7, 8, 7, 7, 6, 4, 3, 4, 3, 5, 5, 5, 3, 4, 6, 5, 3, 8, 4, 3, 4, 6, 5, 6, 5, 4, 6, 4, 6, 5, 5, 5, 4]
A_16 43.86000000000001 A 16 [2, 2, 3, 2, 2, 1, 2, 2, 3, 2, 1, 1, 4, 2, 3, 3, 2, 3, 3, 2, 4, 3, 1, 3, 2, 4, 4, 1, 1, 3, 4, 3, 3, 1, 4, 4, 3, 1, 4, 2, 2, 3, 1, 1, 1, 1, 4, 3, 4, 4, 2, 2, 2, 4, 4, 4, 4, 3, 3, 3, 4, 3, 3, 2, 3, 1, 1, 2, 2, 3, 4, 4, 2, 3, 4, 4, 3, 3, 4, 3] [5, 5, 6, 5, 5, 3, 4, 6, 6, 6, 3, 3, 8, 5, 7, 7, 6, 5, 7, 4, 8, 7, 5, 5, 5, 6, 6, 3, 3, 6, 7, 5, 5, 4, 6, 6, 5, 4, 8, 4, 6, 7, 5, 4, 3, 4, 7, 5, 8, 6, 5, 4, 4, 6, 8, 6, 6, 5, 5, 7, 7, 6, 5, 4, 6, 5, 4, 5, 6, 5, 8, 7, 5, 7, 8, 8, 6, 5, 8, 5]
A_17 46.980000000000004 A 17 [3, 4, 3, 4, 3, 3, 2, 2, 3, 1, 2, 3, 2, 1, 4, 1, 3, 4, 2, 3, 2, 3, 4, 2, 4, 3, 1, 2, 2, 3, 1, 3, 3, 1, 4, 1, 1, 2, 4, 2, 2, 4, 1, 3, 4, 4, 4, 3, 2, 3, 2, 2, 1, 2, 4, 1, 4, 3, 3, 2, 1, 2, 2, 1, 3, 2, 3, 3, 3, 3, 1, 4, 1, 1, 3, 3, 3, 2, 2, 1] [5, 7, 6, 8, 7, 5, 5, 4, 6, 3, 6, 6, 4, 3, 7, 4, 5, 7, 5, 6, 4, 5, 8, 6, 7, 6, 4, 4, 6, 7, 5, 5, 6, 5, 8, 4, 3, 6, 6, 5, 5, 7, 3, 5, 8, 8, 7, 7, 4, 6, 6, 4, 5, 6, 7, 5, 7, 6, 5, 4, 3, 6, 5, 4, 5, 6, 5, 6, 5, 6, 5, 8, 5, 3, 6, 6, 7, 6, 5, 5]
A_18 51.050000000000004 A 18 [3, 4, 1, 1, 2, 3, 1, 4, 3, 1, 2, 2, 4, 2, 3, 1, 3, 2, 3, 4, 1, 2, 2, 4, 4, 4, 2, 4, 3, 1, 1, 1, 2, 2, 3, 2, 2, 1, 4, 3, 2, 3, 4, 4, 1, 4, 1, 2, 1, 4, 2, 2, 1, 4, 4, 1, 1, 2, 4, 1, 1, 1, 3, 4, 4, 2, 4, 2, 4, 1, 3, 3, 1, 2, 3, 4, 4, 3, 2, 2] [7, 6, 3, 3, 4, 7, 3, 8, 7, 4, 6, 4, 8, 6, 5, 3, 7, 5, 5, 8, 3, 5, 6, 8, 6, 7, 5, 8, 7, 3, 3, 4, 4, 4, 6, 6, 6, 3, 8, 6, 4, 7, 6, 8, 3, 6, 4, 4, 5, 7, 5, 4, 3, 7, 7, 4, 5, 6, 6, 4, 4, 5, 5, 6, 8, 4, 8, 6, 8, 5, 5, 7, 5, 4, 5, 8, 7, 7, 5, 6]
A_19 54.03 A 19 [4, 2, 3, 2, 4, 1, 1, 2, 4, 1, 3, 4, 3, 1, 2, 3, 2, 3, 4, 1, 4, 4, 4, 2, 4, 3, 3, 2, 4, 1, 2, 3, 4, 1, 2, 3, 4, 2, 3, 1, 3, 3, 2, 3, 4, 2, 2, 4, 4, 3, 3, 2, 4, 3, 4, 1, 1, 1, 4, 2, 4, 3, 3, 1, 2, 2, 4, 1, 1, 3, 4, 1, 4, 2, 1, 3, 3, 3, 4, 2] [7, 4, 5, 4, 8, 3, 5, 4, 6, 3, 6, 7, 5, 3, 6, 5, 4, 6, 8, 3, 6, 6, 7, 6, 6, 6, 7, 4, 8, 5, 4, 5, 6, 5, 5, 6, 7, 4, 5, 3, 6, 6, 6, 5, 6, 6, 6, 8, 6, 6, 7, 4, 6, 6, 8, 5, 4, 3, 7, 5, 6, 6, 6, 4, 6, 4, 8, 4, 5, 6, 8, 4, 7, 5, 3, 6, 7, 5, 8, 6]
A_20 60.93 A 20 [3, 4, 1, 2, 3, 3, 1, 4, 3, 3, 3, 3, 1, 3, 1, 4, 4, 2, 1, 4, 1, 3, 2, 2, 1, 1, 3, 4, 2, 4, 2, 3, 2, 2, 1, 2, 4, 3, 3, 2, 4, 3, 4, 2, 1, 3, 2, 4, 2, 3, 4, 3, 1, 4, 1, 2, 1, 1, 3, 4, 2, 4, 3, 3, 1, 2, 4, 1, 2, 2, 2, 2, 1, 1, 2, 2, 2, 1, 1, 4] [7, 6, 3, 4, 6, 7, 5, 8, 7, 5, 6, 6, 5, 5, 3, 7, 8, 4, 3, 6, 5, 6, 5, 6, 5, 4, 6, 6, 4, 7, 5, 6, 5, 5, 5, 6, 7, 6, 6, 5, 8, 5, 8, 5, 5, 6, 6, 6, 5, 7, 8, 7, 5, 7, 3, 4, 3, 5, 5, 8, 5, 6, 5, 5, 3, 5, 8, 4, 5, 6, 5, 5, 3, 5, 6, 6, 4, 3, 5, 7]
A_21 61.93 A 21 [1, 3, 1, 3, 1, 3, 1, 3, 2, 4, 1, 3, 3, 4, 3, 4, 3, 3, 2, 4, 3, 1, 4, 2, 3, 2, 1, 2, 2, 2, 1, 4, 2, 3, 4, 3, 3, 3, 1, 4, 2, 2, 3, 2, 1, 3, 1, 2, 2, 4, 2, 4, 2, 3, 3, 2, 1, 4, 2, 2, 3, 3, 4, 1, 4, 2, 4, 3, 2, 3, 4, 2, 2, 2, 4, 1, 4, 4, 1, 1] [4, 7, 5, 6, 5, 6, 4, 6, 4, 6, 3, 5, 5, 8, 7, 6, 7, 5, 5, 6, 6, 5, 7, 6, 5, 6, 4, 6, 5, 5, 4, 8, 5, 7, 7, 6, 5, 7, 3, 6, 6, 4, 5, 5, 4, 5, 4, 4, 4, 7, 4, 8, 5, 6, 5, 4, 5, 6, 6, 6, 7, 7, 8, 4, 7, 6, 8, 5, 4, 5, 7, 4, 4, 4, 7, 4, 6, 7, 3, 5]
A_22 62.93 A 22 [3, 3, 1, 1, 2, 2, 3, 1, 1, 2, 4, 4, 3, 1, 1, 3, 1, 4, 2, 4, 2, 4, 4, 3, 1, 2, 4, 4, 4, 2, 2, 4, 2, 2, 1, 1, 3, 1, 1, 4, 1, 3, 4, 4, 4, 1, 3, 1, 2, 2, 1, 2, 4, 4, 2, 2, 3, 3, 2, 3, 2, 3, 3, 4, 3, 3, 1, 4, 3, 2, 2, 2, 2, 2, 1, 2, 2, 4, 3, 2] [5, 6, 3, 5, 5, 5, 5, 5, 5, 5, 8, 8, 7, 5, 4, 6, 5, 8, 6, 7, 5, 7, 7, 5, 5, 5, 8, 8, 7, 6, 5, 8, 4, 4, 5, 5, 5, 4, 4, 6, 5, 6, 7, 8, 8, 4, 7, 4, 6, 5, 5, 4, 6, 8, 6, 6, 6, 6, 4, 7, 6, 7, 5, 8, 5, 5, 4, 7, 7, 5, 4, 5, 6, 4, 5, 4, 6, 8, 5, 4]
A_23 64.36 A 23 [3, 1, 3, 2, 1, 2, 4, 2, 3, 2, 1, 3, 2, 4, 3, 1, 3, 2, 4, 2, 2, 2, 3, 1, 4, 2, 3, 1, 3, 1, 2, 1, 4, 3, 4, 2, 3, 1, 3, 4, 2, 1, 4, 4, 3, 1, 4, 3, 2, 4, 4, 4, 2, 4, 1, 4, 2, 4, 2, 4, 1, 2, 1, 2, 1, 1, 2, 3, 1, 1, 1, 4, 1, 2, 4, 1, 2, 3, 3, 3] [6, 3, 5, 6, 5, 4, 7, 5, 5, 5, 5, 5, 4, 6, 5, 5, 5, 6, 8, 6, 6, 6, 5, 4, 7, 5, 5, 4, 7, 5, 5, 4, 6, 5, 8, 4, 5, 4, 6, 7, 5, 4, 8, 7, 7, 3, 7, 7, 5, 8, 8, 6, 6, 6, 3, 8, 5, 8, 5, 6, 5, 6, 4, 6, 4, 3, 6, 7, 3, 4, 4, 6, 5, 6, 8, 4, 5, 5, 5, 7]
A_24 65.36 A 24 [4, 2, 1, 3, 4, 3, 2, 1, 3, 2, 2, 4, 2, 3, 1, 4, 2, 4, 4, 4, 1, 3, 1, 4, 3, 1, 4, 2, 1, 3, 2, 4, 4, 1, 3, 4, 2, 4, 2, 1, 4, 1, 1, 4, 4, 4, 4, 2, 2, 2, 2, 2, 2, 1, 3, 3, 2, 3, 3, 2, 3, 2, 4, 1, 3, 3, 1, 1, 2, 2, 4, 2, 1, 1, 4, 3, 1, 3, 3, 1] [7, 5, 5, 7, 7, 5, 6, 4, 6, 5, 6, 7, 4, 5, 3, 8, 5, 7, 6, 6, 5, 5, 5, 7, 5, 5, 6, 5, 5, 6, 6, 7, 8, 3, 7, 6, 4, 7, 5, 4, 7, 3, 3, 8, 6, 8, 8, 4, 5, 4, 6, 4, 5, 5, 7, 6, 4, 6, 7, 4, 5, 4, 8, 3, 6, 7, 4, 3, 5, 4, 6, 5, 5, 5, 7, 7, 3, 5, 7, 4]
A_25 67.58 A 25 [2, 1, 4, 3, 1, 2, 1, 2, 2, 1, 3, 2, 1, 4, 3, 3, 4, 3, 4, 3, 1, 2, 2, 2, 1, 2, 1, 3, 1, 3, 1, 4, 3, 4, 2, 3, 4, 3, 2, 3, 3, 3, 2, 1, 3, 4, 4, 2, 2, 1, 4, 4, 3, 3, 3, 1, 1, 3, 3, 3, 1, 2, 1, 3, 3, 1, 1, 1, 4, 4, 2, 4, 4, 4, 4, 2, 1, 1, 1, 4] [5, 3, 7, 5, 4, 4, 3, 5, 5, 5, 6, 4, 4, 7, 7, 5, 6, 6, 7, 6, 4, 6, 5, 5, 5, 5, 5, 6, 5, 6, 4, 8, 5, 7, 4, 6, 8, 5, 5, 7, 5, 5, 5, 5, 7, 7, 6, 6, 4, 3, 6, 8, 7, 5, 6, 4, 3, 7, 7, 6, 3, 4, 5, 5, 7, 5, 3, 3, 7, 6, 4, 6, 6, 6, 6, 4, 4, 5, 4, 6]
A_26 68.58 A 26 [4, 2, 3, 4, 2, 3, 3, 3, 1, 1, 1, 4, 2, 2, 2, 3, 4, 1, 2, 3, 3, 1, 4, 3, 4, 1, 1, 4, 4, 4, 2, 2, 3, 1, 1, 2, 1, 1, 4, 4, 4, 3, 2, 1, 1, 2, 4, 3, 2, 2, 1, 2, 4, 3, 3, 4, 1, 2, 2, 2, 3, 4, 3, 4, 1, 1, 2, 3, 2, 2, 3, 3, 4, 2, 1, 4, 1, 4, 4, 1] [8, 6, 5, 6, 4, 5, 7, 5, 4, 3, 3, 8, 6, 6, 5, 5, 6, 4, 5, 7, 6, 4, 8, 5, 6, 5, 5, 6, 7, 8, 4, 6, 7, 4, 4, 6, 3, 5, 7, 7, 8, 6, 5, 3, 3, 6, 6, 7, 4, 6, 3, 6, 6, 6, 6, 8, 4, 4, 5, 5, 7, 6, 5, 7, 5, 3, 4, 6, 5, 6, 5, 5, 6, 6, 5, 8, 3, 6, 6, 5]
A_27 75.85 A 27 [3, 3, 2, 4, 1, 2, 3, 4, 1, 2, 2, 4, 1, 4, 3, 1, 1, 2, 4, 2, 4, 2, 4, 1, 2, 3, 4, 1, 1, 1, 1, 4, 2, 4, 4, 2, 1, 1, 1, 4, 4, 4, 2, 3, 2, 3, 3, 4, 4, 1, 2, 1, 1, 3, 3, 3, 1, 2, 4, 1, 3, 4, 1, 1, 1, 3, 4, 3, 2, 1, 1, 3, 4, 3, 1, 4, 3, 3, 4, 1] [6, 5, 6, 8, 5, 4, 7, 6, 4, 6, 4, 6, 4, 8, 7, 3, 3, 4, 8, 4, 6, 6, 8, 4, 5, 6, 6, 3, 3, 4, 5, 6, 5, 6, 8, 6, 5, 3, 5, 7, 6, 7, 5, 6, 6, 6, 5, 7, 6, 4, 6, 5, 3, 7, 5, 7, 4, 6, 8, 3, 7, 8, 4, 5, 3, 6, 8, 5, 6, 3, 3, 6, 7, 6, 4, 7, 7, 5, 6, 4]
A_28 80.32 A 28 [1, 3, 3, 3, 3, 1, 3, 1, 3, 2, 2, 1, 3, 4, 4, 2, 1, 2, 3, 4, 2, 2, 4, 3, 1, 1, 4, 1, 1, 2, 2, 3, 4, 4, 4, 4, 1, 4, 1, 1, 2, 3, 4, 2, 2, 2, 3, 2, 2, 2, 3, 2, 1, 4, 3, 2, 3, 1, 4, 4, 1, 4, 1, 2, 4, 4, 3, 2, 1, 4, 1, 3, 4, 3, 3, 1, 1, 4, 4, 2] [4, 5, 5, 7, 7, 5, 5, 4, 6, 6, 6, 4, 5, 6, 8, 5, 3, 6, 7, 8, 4, 5, 7, 7, 5, 5, 7, 3, 5, 5, 5, 5, 6, 8, 8, 6, 3, 6, 5, 5, 4, 7, 6, 5, 6, 4, 6, 4, 4, 4, 5, 5, 3, 7, 6, 6, 5, 5, 6, 7, 4, 8, 3, 4, 8, 8, 7, 5, 3, 6, 5, 7, 6, 7, 5, 4, 4, 6, 8, 4]
A_29 85.99 A 29 [3, 2, 2, 4, 4, 2, 1, 4, 1, 1, 4, 4, 4, 4, 2, 2, 3, 3, 1, 1, 4, 2, 2, 1, 3, 3, 4, 1, 2, 2, 4, 1, 3, 2, 3, 2, 1, 2, 4, 2, 2, 2, 4, 1, 4, 1, 2, 1, 4, 4, 1, 2, 1, 4, 4, 1, 2, 4, 3, 2, 4, 1, 1, 2, 2, 3, 3, 1, 4, 3, 3, 2, 2, 3, 3, 4, 1, 1, 1, 4] [7, 4, 4, 7, 7, 4, 3, 8, 5, 3, 8, 6, 8, 6, 4, 4, 6, 7, 3, 5, 7, 5, 6, 5, 6, 6, 8, 4, 5, 4, 8, 4, 7, 6, 6, 5, 5, 5, 8, 5, 6, 5, 7, 3, 7, 4, 4, 3, 6, 6, 3, 4, 3, 8, 8, 3, 4, 8, 6, 5, 6, 3, 5, 4, 6, 5, 6, 3, 6, 7, 7, 5, 6, 6, 6, 6, 4, 4, 3, 8]
A_30 86.99 A 30 [4, 1, 2, 2, 3, 2, 4, 1, 4, 2, 3, 3, 1, 1, 4, 2, 4, 1, 1, 2, 2, 1, 2, 2, 2, 1, 2, 1, 2, 4, 1, 2, 1, 1, 4, 2, 1, 3, 2, 4, 1, 4, 3, 3, 3, 1, 3, 1, 1, 4, 2, 1, 3, 1, 3, 4, 3, 2, 2, 3, 3, 2, 4, 4, 2, 2, 1, 4, 3, 2, 2, 4, 1, 1, 2, 4, 3, 4, 4, 2] [8, 4, 6, 5, 7, 6, 8, 5, 6, 5, 6, 6, 4, 5, 6, 6, 7, 5, 3, 4, 5, 4, 5, 5, 6, 4, 4, 5, 5, 8, 5, 6, 5, 3, 7, 5, 3, 5, 6, 6, 3, 7, 7, 6, 5, 3, 7, 4, 4, 6, 5, 4, 7, 4, 5, 8, 5, 6, 5, 7, 7, 6, 6, 6, 6, 6, 4, 6, 6, 4, 4, 8, 3, 3, 5, 7, 7, 6, 7, 6]
A_31 89.55 A 31 [1, 4, 1, 4, 1, 1, 1, 3, 2, 3, 2, 4, 2, 4, 2, 1, 3, 3, 1, 3, 3, 4, 4, 1, 4, 4, 2, 4, 3, 1, 2, 4, 3, 3, 1, 3, 3, 4, 1, 3, 3, 1, 4, 3, 1, 2, 2, 4, 2, 4, 2, 3, 1, 4, 2, 3, 3, 1, 3, 3, 3, 1, 3, 3, 3, 1, 1, 4, 4, 4, 2, 4, 3, 1, 3, 3, 3, 1, 4, 2] [3, 6, 5, 8, 4, 3, 3, 7, 4, 6, 4, 6, 4, 6, 5, 5, 5, 5, 4, 5, 6, 8, 8, 4, 7, 8, 6, 6, 5, 4, 6, 6, 5, 6, 5, 6, 7, 6, 5, 7, 7, 5, 7, 6, 5, 6, 4, 7, 6, 7, 5, 7, 3, 6, 6, 6, 7, 3, 6, 5, 5, 4, 7, 7, 7, 3, 5, 7, 8, 7, 4, 8, 6, 4, 5, 6, 6, 3, 6, 4]
A_32 92.11999999999999 A 32 [2, 2, 2, 1, 1, 2, 4, 2, 3, 1, 2, 4, 2, 2, 1, 4, 3, 3, 2, 4, 2, 2, 2, 4, 4, 3, 3, 2, 4, 3, 1, 3, 1, 4, 3, 4, 1, 1, 4, 2, 3, 2, 4, 3, 4, 1, 4, 1, 1, 2, 2, 3, 4, 3, 1, 3, 4, 3, 1, 3, 3, 1, 4, 3, 4, 1, 2, 4, 2, 3, 3, 2, 4, 2, 2, 4, 4, 1, 3, 2] [4, 6, 5, 5, 4, 5, 7, 6, 7, 4, 4, 8, 4, 6, 4, 7, 5, 6, 4, 6, 5, 5, 4, 6, 8, 5, 7, 5, 6, 7, 5, 5, 4, 8, 6, 7, 4, 4, 8, 5, 6, 4, 6, 5, 6, 4, 7, 5, 5, 5, 4, 5, 8, 7, 3, 6, 7, 6, 3, 5, 6, 3, 6, 6, 7, 4, 5, 8, 6, 7, 7, 4, 8, 4, 5, 8, 7, 3, 7, 6]
A_33 94.61999999999999 A 33 [1, 2, 1, 4, 2, 4, 4, 4, 3, 1, 1, 4, 1, 4, 2, 2, 1, 1, 2, 1, 2, 3, 2, 3, 1, 4, 1, 4, 4, 2, 1, 3, 4, 3, 2, 3, 4, 4, 4, 2, 1, 4, 1, 1, 1, 4, 4, 3, 4, 4, 1, 3, 2, 3, 4, 4, 1, 4, 4, 3, 4, 2, 2, 2, 3, 3, 1, 1, 2, 1, 1, 2, 2, 1, 3, 2, 2, 1, 1, 1] [4, 4, 3, 7, 6, 7, 7, 6, 6, 5, 4, 6, 5, 7, 4, 6, 4, 5, 4, 5, 5, 7, 4, 5, 3, 7, 4, 6, 8, 6, 3, 6, 8, 5, 4, 6, 8, 8, 7, 4, 3, 7, 5, 5, 3, 7, 8, 5, 6, 6, 5, 6, 5, 5, 7, 7, 4, 8, 6, 7, 7, 5, 4, 6, 6, 5, 5, 3, 4, 5, 3, 4, 6, 3, 5, 4, 6, 5, 4, 4]
A_34 99.67999999999999 A 34 [3, 3, 4, 3, 4, 4, 2, 4, 2, 1, 1, 3, 2, 1, 3, 1, 4, 4, 3, 2, 1, 4, 1, 4, 3, 2, 1, 4, 4, 3, 4, 1, 3, 2, 4, 3, 2, 2, 1, 1, 4, 2, 1, 3, 4, 4, 3, 3, 1, 4, 2, 2, 3, 2, 4, 2, 2, 3, 1, 4, 4, 4, 2, 3, 3, 3, 3, 4, 1, 1, 2, 3, 4, 4, 4, 2, 3, 4, 2, 2] [7, 6, 6, 5, 6, 8, 4, 8, 6, 3, 3, 5, 4, 4, 7, 5, 6, 8, 6, 5, 5, 7, 5, 8, 7, 4, 4, 8, 8, 6, 7, 5, 6, 4, 7, 7, 5, 6, 5, 3, 8, 4, 3, 6, 7, 6, 7, 7, 4, 7, 4, 4, 7, 4, 6, 4, 5, 6, 5, 7, 6, 7, 5, 5, 5, 7, 5, 6, 3, 5, 4, 7, 7, 7, 6, 4, 7, 6, 4, 6]
A_35 100.67999999999999 A 35 [2, 3, 1, 2, 2, 3, 4, 2, 2, 4, 3, 3, 4, 3, 1, 1, 4, 1, 2, 3, 2, 3, 1, 2, 4, 3, 2, 2, 4, 2, 2, 3, 4, 3, 3, 4, 2, 3, 4, 4, 4, 2, 3, 2, 3, 1, 3, 2, 4, 2, 1, 2, 1, 2, 3, 3, 3, 3, 4, 3, 4, 2, 3, 3, 1, 1, 2, 1, 3, 3, 2, 2, 1, 4, 4, 4, 1, 1, 1, 3] [6, 6, 5, 5, 5, 6, 7, 4, 6, 7, 5, 6, 6, 6, 4, 4, 6, 4, 6, 6, 6, 6, 5, 4, 6, 6, 6, 6, 6, 5, 5, 6, 7, 6, 7, 7, 4, 5, 6, 6, 7, 6, 6, 5, 5, 3, 5, 4, 6, 5, 4, 6, 3, 5, 6, 7, 6, 6, 7, 7, 6, 4, 6, 5, 5, 5, 4, 3, 7, 6, 5, 4, 4, 6, 8, 7, 3, 5, 4, 6]
A_36 106.85 A 36 [3, 4, 3, 4, 2, 2, 3, 4, 1, 2, 3, 4, 4, 4, 1, 1, 3, 1, 2, 4, 4, 3, 3, 3, 2, 4, 1, 1, 1, 1, 1, 3, 1, 4, 2, 2, 1, 3, 1, 4, 1, 3, 2, 2, 1, 2, 4, 4, 2, 2, 2, 1, 3, 3, 4, 1, 3, 1, 1, 2, 1, 2, 1, 3, 3, 4, 1, 4, 2, 4, 1, 4, 4, 4, 4, 2, 4, 4, 4, 1] [5, 6, 7, 6, 4, 5, 7, 8, 5, 5, 5, 6, 6, 8, 5, 4, 5, 3, 6, 7, 7, 5, 5, 5, 4, 8, 3, 5, 3, 5, 3, 7, 4, 8, 5, 4, 4, 6, 3, 6, 4, 5, 6, 4, 4, 5, 8, 7, 6, 5, 5, 4, 5, 6, 8, 4, 5, 4, 4, 6, 4, 5, 4, 7, 7, 6, 4, 6, 4, 6, 4, 8, 8, 7, 7, 4, 7, 7, 6, 5]
A_37 107.85 A 37 [1, 1, 3, 2, 1, 4, 4, 3, 1, 3, 1, 2, 2, 4, 2, 4, 1, 2, 1, 2, 3, 3, 1, 1, 4, 3, 1, 1, 4, 2, 3, 4, 1, 4, 2, 3, 3, 2, 4, 4, 4, 1, 4, 1, 3, 3, 2, 4, 3, 1, 2, 3, 1, 3, 1, 3, 2, 3, 3, 2, 4, 1, 2, 3, 3, 2, 1, 1, 1, 1, 3, 1, 1, 3, 3, 2, 3, 4, 1, 3] [3, 3, 5, 6, 5, 6, 8, 6, 3, 5, 3, 6, 5, 7, 5, 6, 4, 6, 3, 4, 6, 7, 4, 4, 7, 5, 5, 3, 6, 5, 5, 6, 4, 8, 6, 5, 6, 5, 6, 8, 7, 3, 7, 4, 6, 7, 6, 7, 6, 5, 4, 7, 5, 5, 3, 5, 6, 5, 6, 5, 7, 4, 6, 5, 7, 6, 4, 3, 5, 5, 6, 5, 4, 6, 6, 5, 7, 7, 5, 7]
A_38 109.11 A 38 [2, 1, 4, 1, 2, 2, 3, 4, 2, 4, 1, 1, 1, 4, 4, 2, 4, 4, 4, 3, 3, 1, 1, 3, 2, 2, 4, 1, 1, 4, 2, 1, 4, 4, 1, 4, 1, 4, 4, 3, 3, 2, 4, 3, 3, 2, 3, 2, 2, 4, 4, 1, 1, 3, 1, 3, 4, 2, 1, 3, 2, 3, 2, 3, 4, 1, 2, 2, 4, 4, 1, 1, 2, 4, 1, 4, 3, 1, 2, 2] [5, 5, 7, 5, 4, 6, 6, 7, 5, 8, 3, 3, 5, 6, 7, 5, 8, 6, 8, 5, 6, 3, 4, 6, 5, 5, 7, 5, 5, 8, 6, 5, 8, 7, 5, 6, 3, 6, 6, 6, 6, 4, 7, 5, 6, 5, 6, 6, 5, 6, 8, 3, 5, 7, 4, 7, 8, 4, 3, 7, 6, 5, 4, 6, 8, 5, 4, 5, 8, 7, 5, 3, 5, 8, 3, 6, 7, 5, 5, 6]
A_39 110.11 A 39 [3, 1, 4, 3, 3, 1, 3, 1, 4, 2, 3, 1, 2, 3, 2, 1, 2, 2, 3, 1, 2, 4, 4, 4, 1, 3, 4, 4, 1, 2, 4, 3, 2, 2, 1, 4, 4, 4, 3, 1, 4, 4, 3, 2, 2, 2, 4, 1, 4, 4, 2, 4, 2, 3, 2, 1, 3, 1, 4, 1, 3, 2, 4, 4, 4, 4, 2, 2, 1, 3, 1, 1, 2, 3, 2, 3, 2, 1, 2, 1] [6, 5, 8, 7, 6, 5, 5, 4, 7, 4, 6, 5, 5, 5, 6, 4, 4, 5, 6, 3, 5, 6, 6, 7, 4, 7, 7, 7, 5, 5, 6, 7, 5, 4, 3, 6, 6, 8, 6, 5, 7, 8, 7, 6, 4, 5, 8, 3, 7, 6, 4, 8, 4, 5, 6, 4, 5, 4, 7, 4, 6, 4, 6, 6, 6, 8, 6, 6, 5, 5, 4, 5, 6, 6, 4, 7, 6, 3, 4, 3]
B_0 1.25 B 40 [2, 1, 4, 3, 3, 1, 2, 1, 3, 2, 3, 3, 3, 4, 1, 3, 2, 2, 2, 3, 4, 2, 1, 2, 4, 3, 4, 4, 2, 2, 1, 3, 3, 1, 4, 4, 1, 4, 3, 4, 4, 3, 1, 4, 2, 1, 3, 3, 1, 3, 1, 3, 4, 4, 1, 1, 1, 1, 1, 2, 2, 3, 1, 2, 3, 1, 1, 1, 2, 4, 2, 2, 4, 2, 2, 4, 3, 1, 2, 2] [4, 4, 7, 6, 5, 5, 4, 4, 7, 4, 5, 7, 5, 6, 5, 6, 6, 5, 4, 6, 8, 6, 5, 5, 7, 5, 8, 6, 4, 6, 3, 7, 6, 3, 8, 7, 4, 7, 6, 7, 8, 5, 4, 7, 6, 4, 5, 6, 4, 5, 3, 7, 7, 6, 3, 4, 4, 5, 5, 4, 4, 7, 5, 4, 7, 4, 5, 5, 4, 7, 4, 4, 7, 6, 5, 7, 5, 3, 6, 6]
B_1 2.25 B 41 [2, 1, 1, 1, 4, 4, 1, 3, 2, 3, 2, 1, 2, 2, 2, 4, 3, 4, 3, 3, 3, 2, 3, 1, 1, 3, 3, 4, 3, 2, 4, 1, 2, 4, 2, 2, 3, 1, 2, 4, 3, 4, 2, 2, 2, 2, 2, 2, 2, 4, 1, 3, 1, 1, 4, 4, 1, 4, 3, 3, 4, 4, 1, 3, 1, 3, 2, 4, 4, 2, 1, 2, 4, 2, 1, 4, 1, 3, 3, 4] [5, 5, 4, 4, 7, 8, 5, 6, 5, 6, 5, 5, 6, 6, 6, 7, 7, 7, 7, 6, 5, 4, 6, 4, 3, 5, 6, 7, 7, 5, 7, 5, 4, 7, 4, 6, 5, 3, 4, 8, 5, 6, 5, 5, 6, 6, 5, 5, 4, 7, 3, 7, 5, 3, 7, 6, 5, 6, 5, 7, 7, 8, 3, 7, 3, 5, 5, 8, 6, 5, 4, 5, 6, 6, 5, 7, 3, 7, 5, 7]
B_2 3.9699999999999998 B 42 [4, 4, 3, 2, 3, 4, 1, 3, 1, 3, 2, 1, 4, 3, 1, 3, 1, 1, 4, 2, 4, 3, 4, 4, 1, 2, 2, 2, 4, 4, 3, 4, 4, 1, 1, 3, 2, 4, 4, 3, 1, 2, 3, 2, 1, 2, 2, 2, 2, 1, 1, 4, 2, 1, 2, 1, 1, 2, 1, 3, 2, 1, 3, 3, 3, 4, 4, 2, 1, 1, 1, 3, 2, 3, 1, 4, 1, 4, 1, 2] [7, 7, 7, 6, 5, 6, 5, 6, 3, 5, 5, 5, 7, 7, 3, 5, 5, 3, 6, 6, 8, 5, 7, 8, 3, 5, 5, 5, 6, 7, 7, 7, 6, 5, 3, 6, 6, 7, 7, 7, 4, 5, 6, 4, 4, 6, 4, 5, 6, 3, 4, 8, 6, 3, 4, 5, 3, 5, 4, 5, 5, 3, 5, 7, 5, 7, 8, 5, 4, 5, 5, 6, 6, 7, 5, 7, 5, 6, 4, 6]
B_3 5.25 B 43 [3, 4, 1, 2, 1, 4, 3, 1, 1, 1, 3, 4, 1, 3, 2, 3, 1, 3, 4, 3, 2, 2, 4, 4, 4, 1, 1, 3, 2, 1, 3, 3, 3, 1, 3, 2, 2, 1, 3, 2, 4, 2, 2, 1, 4, 3, 1, 2, 3, 1, 3, 3, 4, 4, 4, 1, 1, 2, 4, 3, 1, 3, 1, 1, 2, 1, 2, 4, 4, 1, 2, 1, 2, 1, 3, 2, 2, 3, 4, 4] [5, 7, 3, 4, 3, 8, 6, 5, 3, 5, 6, 7, 3, 6, 6, 5, 4, 5, 8, 5, 5, 5, 8, 7, 8, 5, 3, 6, 5, 3, 6, 6, 5, 5, 6, 5, 4, 4, 5, 6, 7, 5, 4, 3, 7, 6, 5, 5, 5, 5, 6, 5, 8, 8, 7, 5, 4, 4, 7, 6, 5, 5, 4, 4, 4, 4, 6, 8, 6, 5, 4, 5, 5, 4, 5, 5, 5, 5, 7, 8]
B_4 6.25 B 44 [2, 4, 3, 4, 3, 2, 3, 4, 2, 4, 1, 4, 4, 1, 3, 4, 1, 4, 1, 4, 1, 1, 4, 3, 4, 3, 1, 2, 2, 4, 3, 1, 4, 1, 4, 3, 1, 3, 3, 2, 2, 2, 1, 4, 1, 4, 4, 3, 1, 4, 1, 2, 4, 2, 1, 4, 3, 2, 3, 4, 2, 4, 1, 3, 2, 2, 3, 4, 3, 3, 2, 2, 4, 1, 4, 4, 1, 3, 4, 4] [5, 6, 6, 8, 6, 6, 5, 6, 4, 6, 3, 7, 7, 3, 7, 6, 3, 8, 3, 6, 5, 4, 8, 7, 6, 7, 3, 6, 6, 7, 5, 5, 6, 3, 7, 5, 4, 6, 6, 4, 6, 6, 4, 7, 5, 6, 8, 5, 4, 7, 4, 6, 7, 6, 4, 7, 7, 6, 7, 8, 4, 7, 4, 5, 5, 5, 6, 6, 6, 7, 4, 4, 8, 4, 8, 6, 5, 6, 8, 8]
B_5 7.66 B 45 [4, 3, 1, 4, 1, 1, 1, 4, 3, 3, 2, 1, 3, 2, 1, 1, 1, 4, 4, 2, 3, 3, 1, 1, 4, 4, 2, 3, 2, 1, 1, 2, 1, 4, 4, 1, 2, 3, 2, 2, 1, 2, 2, 3, 4, 3, 3, 2, 2, 3, 1, 1, 3, 1, 2, 4, 3, 2, 1, 2, 2, 1, 1, 2, 2, 1, 3, 4, 1, 1, 2, 1, 4, 1, 3, 4, 3, 3, 3, 4] [6, 7, 4, 8, 4, 5, 3, 7, 6, 5, 6, 3, 7, 4, 4, 3, 4, 8, 6, 6, 6, 5, 4, 3, 8, 7, 6, 6, 4, 4, 3, 6, 4, 7, 6, 3, 5, 7, 5, 5, 4, 6, 6, 6, 6, 7, 7, 5, 5, 5, 3, 4, 5, 5, 5, 6, 7, 6, 5, 5, 4, 3, 3, 4, 4, 3, 7, 7, 5, 3, 5, 3, 8, 3, 5, 6, 7, 6, 6, 7]
B_6 10.09 B 46 [4, 1, 2, 4, 4, 2, 2, 1, 2, 2, 1, 1, 2, 1, 3, 2, 4, 4, 1, 2, 2, 1, 3, 4, 4, 4, 4, 3, 3, 2, 3, 2, 4, 4, 3, 3, 4, 2, 3, 4, 3, 2, 2, 1, 4, 3, 1, 1, 2, 3, 1, 1, 3, 4, 2, 4, 1, 4, 4, 1, 4, 1, 4, 4, 2, 3, 2, 4, 2, 2, 4, 4, 4, 4, 3, 3, 4, 3, 4, 1] [6, 4, 4, 8, 8, 4, 6, 4, 4, 6, 5, 4, 6, 4, 6, 6, 7, 7, 4, 6, 6, 4, 7, 7, 8, 6, 6, 5, 6, 4, 7, 4, 7, 8, 7, 5, 8, 6, 6, 8, 5, 5, 4, 5, 8, 7, 4, 3, 6, 7, 3, 4, 7, 7, 5, 8, 3, 7, 8, 5, 7, 3, 7, 8, 5, 5, 6, 7, 6, 4, 6, 7, 6, 6, 6, 6, 7, 5, 8, 5]
B_7 15.42 B 47 [1, 3, 2, 3, 3, 1, 3, 1, 1, 4, 1, 4, 4, 2, 3, 3, 3, 3, 2, 4, 4, 2, 1, 3, 2, 2, 3, 4, 2, 1, 1, 4, 1, 3, 3, 2, 4, 4, 2, 1, 3, 2, 2, 2, 3, 2, 1, 4, 4, 2, 2, 1, 4, 3, 4, 4, 4, 1, 4, 3, 1, 4, 2, 4, 1, 2, 2, 3, 4, 1, 1, 4, 2, 2, 4, 1, 2, 3, 2, 1] [4, 6, 5, 5, 5, 4, 7, 5, 4, 6, 3, 6, 8, 6, 6, 7, 5, 7, 4, 8, 6, 4, 4, 7, 4, 6, 7, 7, 4, 3, 4, 7, 5, 5, 7, 4, 7, 7, 6, 3, 6, 5, 5, 5, 5, 5, 3, 8, 7, 4, 4, 5, 8, 5, 8, 6, 6, 3, 7, 7, 5, 7, 5, 7, 5, 5, 6, 6, 6, 4, 4, 6, 5, 4, 6, 3, 5, 6, 4, 4]
B_8 21.12 B 48 [4, 4, 2, 3, 1, 3, 1, 2, 3, 3, 2, 1, 3, 1, 1, 4, 4, 2, 1, 4, 2, 2, 2, 2, 2, 2, 2, 4, 2, 4, 1, 2, 1, 4, 1, 4, 2, 3, 2, 4, 1, 2, 2, 3, 1, 2, 2, 4, 1, 1, 1, 3, 3, 1, 3, 1, 4, 4, 2, 4, 3, 2, 1, 4, 3, 1, 4, 2, 2, 1, 2, 1, 1, 4, 2, 1, 3, 2, 1, 3] [6, 7, 4, 5, 5, 7, 5, 5, 7, 7, 5, 3, 7, 3, 3, 8, 8, 4, 5, 6, 5, 4, 6, 5, 5, 4, 4, 6, 4, 6, 4, 6, 5, 6, 4, 6, 6, 6, 5, 7, 4, 4, 6, 5, 4, 5, 6, 7, 4, 5, 5, 7, 7, 3, 5, 4, 7, 7, 4, 8, 6, 5, 5, 6, 7, 4, 7, 5, 4, 3, 6, 5, 4, 7, 5, 3, 6, 6, 4, 7]
B_9 24.54 B 49 [2, 1, 3, 2, 2, 4, 1, 2, 2, 2, 3, 3, 3, 3, 4, 3, 4, 3, 4, 3, 3, 4, 2, 4, 2, 1, 2, 1, 2, 4, 4, 4, 2, 4, 4, 2, 2, 1, 4, 4, 3, 4, 1, 1, 4, 3, 3, 2, 1, 2, 4, 1, 1, 2, 2, 4, 4, 2, 4, 3, 2, 4, 3, 4, 4, 2, 4, 2, 3, 4, 3, 3, 3, 4, 1, 1, 3, 4, 1, 3] [5, 5, 5, 4, 4, 8, 3, 5, 5, 5, 5, 6, 6, 7, 6, 7, 6, 6, 7, 6, 7, 7, 5, 8, 4, 3, 6, 4, 4, 6, 6, 7, 5, 6, 7, 5, 5, 5, 6, 6, 5, 7, 3, 5, 7, 5, 7, 4, 5, 5, 8, 5, 5, 5, 6, 6, 6, 5, 6, 5, 4, 6, 5, 8, 8, 4, 7, 4, 6, 6, 6, 5, 7, 8, 3, 5, 5, 7, 4, 7]
B_10 26.009999999999998 B 50 [3, 2, 1, 3, 2, 3, 4, 3, 1, 3, 1, 4, 1, 2, 2, 3, 2, 2, 2, 3, 4, 2, 1, 4, 2, 4, 1, 2, 3, 1, 2, 2, 2, 1, 2, 1, 2, 2, 4, 2, 1, 1, 1, 3, 1, 1, 1, 2, 1, 4, 3, 2, 4, 4, 1, 1, 3, 4, 4, 3, 3, 4, 1, 3, 4, 4, 4, 3, 4, 2, 4, 3, 3, 1, 4, 4, 4, 4, 4, 1] [7, 5, 4, 6, 6, 7, 6, 7, 4, 6, 4, 7, 3, 5, 4, 7, 5, 6, 5, 7, 8, 4, 5, 8, 6, 6, 3, 6, 5, 3, 5, 5, 4, 5, 4, 4, 5, 4, 8, 4, 3, 3, 4, 6, 4, 3, 3, 4, 5, 8, 7, 4, 8, 8, 4, 5, 7, 8, 8, 7, 5, 8, 3, 5, 6, 8, 8, 6, 7, 6, 7, 6, 6, 4, 8, 8, 8, 8, 6, 4]
B_11 27.009999999999998 B 51 [3, 4, 2, 4, 3, 1, 4, 4, 3, 1, 3, 4, 2, 1, 3, 3, 2, 2, 2, 2, 3, 4, 2, 4, 2, 4, 2, 1, 2, 2, 1, 3, 3, 3, 2, 2, 1, 3, 1, 4, 3, 3, 4, 3, 2, 1, 1, 1, 3, 1, 2, 2, 1, 2, 4, 3, 4, 4, 2, 3, 2, 1, 4, 1, 4, 4, 4, 3, 2, 2, 1, 2, 1, 1, 1, 3, 3, 4, 1, 1] [5, 8, 5, 6, 6, 3, 8, 8, 6, 5, 6, 6, 6, 5, 5, 6, 4, 4, 4, 4, 7, 8, 4, 6, 4, 8, 6, 5, 5, 4, 4, 7, 5, 6, 4, 6, 4, 7, 3, 8, 7, 7, 8, 5, 6, 4, 4, 5, 7, 5, 4, 4, 5, 5, 7, 7, 7, 7, 6, 7, 6, 4, 6, 4, 6, 6, 8, 7, 4, 5, 4, 4, 3, 5, 5, 7, 6, 8, 5, 5]
B_12 32.099999999999994 B 52 [1, 2, 3, 1, 1, 1, 2, 4, 1, 3, 3, 4, 1, 4, 3, 1, 2, 1, 1, 4, 1, 2, 4, 2, 2, 3, 4, 1, 1, 1, 3, 1, 4, 2, 3, 1, 3, 1, 1, 2, 4, 1, 2, 4, 4, 3, 3, 4, 3, 1, 4, 1, 3, 1, 4, 1, 1, 4, 4, 4, 2, 2, 4, 2, 4, 3, 1, 4, 3, 4, 1, 4, 1, 4, 4, 1, 2, 1, 4, 1] [4, 4, 5, 4, 4, 3, 4, 7, 5, 5, 6, 6, 4, 6, 5, 4, 4, 5, 3, 6, 5, 5, 6, 6, 5, 7, 6, 3, 3, 3, 7, 3, 8, 5, 7, 3, 5, 5, 5, 4, 7, 5, 6, 8, 7, 5, 7, 8, 7, 5, 8, 5, 5, 4, 6, 3, 5, 6, 8, 6, 4, 4, 8, 5, 6, 6, 5, 8, 7, 8, 4, 8, 4, 8, 7, 5, 4, 5, 6, 3]
B_13 33.099999999999994 B 53 [4, 1, 3, 2, 3, 2, 3, 1, 2, 2, 1, 3, 2, 2, 2, 1, 4, 2, 4, 3, 4, 3, 4, 4, 1, 3, 3, 3, 4, 4, 1, 4, 3, 3, 2, 2, 3, 3, 3, 3, 4, 1, 1, 4, 2, 1, 4, 3, 1, 2, 4, 2, 1, 1, 2, 2, 1, 4, 4, 2, 2, 3, 1, 4, 2, 2, 2, 2, 3, 4, 4, 1, 2, 1, 3, 1, 3, 4, 1, 1] [6, 5, 7, 6, 6, 4, 6, 4, 6, 4, 3, 7, 4, 4, 4, 3, 6, 6, 7, 6, 7, 6, 8, 6, 5, 5, 6, 7, 7, 8, 4, 6, 7, 5, 4, 5, 6, 5, 7, 5, 6, 3, 3, 8, 6, 5, 7, 5, 3, 5, 8, 5, 4, 3, 5, 6, 3, 6, 7, 5, 4, 5, 5, 6, 6, 6, 5, 6, 7, 7, 6, 3, 4, 4, 5, 5, 7, 6, 4, 3]
B_14 37.36999999999999 B 54 [2, 3, 4, 3, 3, 3, 4, 2, 3, 4, 3, 1, 3, 3, 1, 1, 4, 4, 4, 4, 1, 3, 2, 1, 3, 3, 3, 3, 3, 4, 3, 2, 1, 4, 4, 3, 4, 1, 1, 2, 1, 4, 2, 4, 1, 2, 2, 4, 3, 2, 1, 4, 4, 2, 2, 1, 3, 2, 2, 1, 3, 4, 1, 2, 2, 1, 4, 3, 1, 2, 2, 3, 1, 1, 3, 2, 1, 4, 2, 2] [4, 6, 6, 7, 5, 6, 7, 4, 6, 8, 5, 3, 6, 5, 3, 4, 8, 7, 7, 8, 3, 5, 6, 3, 7, 6, 6, 5, 6, 8, 5, 6, 3, 7, 6, 6, 8, 3, 4, 6, 3, 7, 4, 7, 4, 5, 5, 8, 5, 6, 4, 7, 6, 5, 4, 4, 6, 4, 5, 5, 5, 7, 4, 5, 5, 4, 6, 5, 3, 4, 6, 5, 4, 4, 7, 6, 3, 8, 6, 5]
B_15 40.59999999999999 B 55 [3, 1, 2, 4, 3, 4, 4, 3, 4, 2, 3, 1, 3, 1, 4, 1, 4, 1, 1, 1, 2, 2, 2, 4, 3, 1, 4, 3, 2, 1, 4, 3, 3, 4, 2, 3, 1, 3, 3, 1, 1, 4, 1, 1, 4, 4, 4, 4, 1, 4, 1, 3, 1, 2, 1, 4, 3, 4, 4, 2, 2, 3, 1, 4, 4, 3, 1, 1, 2, 1, 2, 4, 2, 3, 1, 2, 1, 1, 3, 4] [5, 3, 5, 6, 6, 6, 8, 7, 7, 6, 7, 5, 5, 3, 8, 3, 6, 5, 4, 5, 4, 4, 6, 8, 6, 4, 8, 7, 6, 3, 8, 6, 6, 7, 4, 7, 4, 5, 7, 4, 4, 6, 5, 5, 7, 6, 8, 6, 4, 6, 5, 7, 3, 6, 4, 6, 5, 8, 7, 6, 6, 5, 3, 8, 7, 5, 5, 4, 5, 5, 6, 6, 4, 5, 4, 5, 5, 5, 6, 6]
B_16 49.969999999999985 B 56 [3, 3, 2, 4, 1, 2, 4, 3, 1, 2, 1, 3, 4, 2, 1, 1, 4, 4, 1, 1, 1, 1, 3, 2, 2, 1, 1, 1, 3, 2, 3, 3, 4, 1, 2, 3, 3, 2, 4, 3, 1, 1, 1, 1, 3, 3, 1, 4, 4, 4, 3, 4, 1, 1, 3, 3, 3, 2, 2, 1, 4, 4, 1, 1, 3, 1, 4, 1, 3, 1, 4, 4, 2, 2, 4, 1, 2, 2, 2, 1] [7, 6, 4, 7, 4, 4, 6, 5, 3, 5, 5, 5, 8, 4, 4, 5, 6, 7, 5, 4, 3, 5, 6, 5, 4, 3, 4, 4, 5, 4, 5, 7, 7, 4, 5, 6, 5, 6, 8, 5, 4, 5, 3, 4, 7, 7, 3, 6, 7, 6, 7, 7, 5, 3, 6, 5, 5, 5, 5, 3, 8, 7, 5, 3, 6, 5, 8, 5, 5, 5, 7, 6, 4, 5, 8, 5, 4, 5, 5, 3]
B_17 50.969999999999985 B 57 [3, 1, 3, 3, 4, 2, 2, 1, 3, 1, 2, 2, 2, 2, 3, 1, 3, 3, 2, 1, 1, 4, 3, 4, 3, 3, 2, 2, 1, 4, 2, 1, 3, 4, 3, 3, 1, 3, 2, 1, 1, 4, 2, 2, 2, 2, 4, 1, 4, 2, 4, 4, 4, 4, 2, 4, 2, 3, 2, 3, 4, 2, 3, 1, 3, 4, 2, 1, 3, 1, 2, 1, 3, 2, 3, 2, 4, 4, 3, 2] [7, 4, 5, 7, 8, 5, 4, 4, 7, 4, 5, 6, 4, 6, 5, 5, 5, 6, 6, 3, 5, 6, 6, 8, 6, 7, 4, 6, 5, 8, 6, 3, 6, 8, 6, 6, 4, 5, 4, 4, 5, 6, 5, 4, 6, 6, 7, 3, 7, 5, 8, 7, 6, 6, 4, 8, 5, 6, 4, 6, 8, 4, 7, 4, 6, 7, 6, 3, 5, 5, 6, 3, 6, 5, 6, 4, 6, 7, 6, 5]
B_18 52.80999999999999 B 58 [3, 4, 2, 2, 3, 1, 2, 2, 4, 3, 4, 3, 2, 4, 4, 1, 3, 3, 4, 4, 3, 2, 2, 2, 3, 3, 2, 4, 4, 3, 2, 3, 1, 4, 1, 4, 1, 3, 1, 4, 1, 3, 1, 4, 3, 1, 4, 4, 2, 4, 4, 2, 4, 4, 2, 4, 2, 2, 4, 4, 3, 1, 3, 4, 4, 3, 1, 2, 2, 3, 2, 4, 1, 2, 4, 3, 3, 2, 4, 3] [5, 8, 6, 5, 5, 3, 6, 5, 6, 5, 8, 6, 5, 8, 6, 5, 5, 5, 6, 7, 5, 6, 4, 5, 7, 7, 5, 8, 6, 6, 5, 6, 3, 6, 5, 7, 4, 6, 3, 7, 5, 5, 4, 7, 7, 5, 8, 7, 4, 6, 8, 6, 8, 7, 5, 7, 5, 4, 6, 6, 7, 4, 5, 7, 7, 5, 3, 4, 4, 7, 6, 8, 5, 4, 7, 6, 6, 4, 6, 7]
B_19 70.85 B 59 [4, 3, 3, 2, 3, 1, 1, 2, 3, 3, 1, 3, 2, 2, 2, 1, 3, 2, 1, 2, 4, 2, 3, 4, 2, 3, 2, 1, 4, 2, 3, 3, 3, 3, 4, 3, 2, 2, 3, 1, 2, 3, 3, 3, 4, 2, 1, 3, 4, 3, 3, 3, 4, 2, 1, 2, 1, 3, 4, 2, 1, 3, 2, 3, 1, 1, 4, 4, 4, 4, 4, 2, 1, 2, 2, 1, 1, 1, 1, 4] [6, 7, 5, 5, 7, 5, 5, 6, 7, 6, 3, 7, 6, 4, 4, 3, 7, 4, 4, 5, 8, 6, 7, 6, 4, 6, 5, 3, 7, 5, 7, 5, 5, 7, 7, 7, 6, 5, 7, 4, 4, 7, 5, 6, 8, 5, 5, 7, 8, 5, 7, 7, 6, 5, 5, 6, 3, 6, 6, 6, 5, 6, 5, 5, 4, 4, 7, 7, 6, 6, 6, 5, 4, 5, 5, 3, 4, 5, 4, 7]
B_20 72.94999999999999 B 60 [1, 4, 4, 1, 1, 4, 2, 3, 2, 3, 4, 1, 4, 1, 3, 1, 4, 1, 1, 4, 2, 3, 2, 1, 3, 1, 3, 3, 1, 4, 3, 3, 3, 4, 4, 4, 1, 4, 2, 3, 2, 4, 2, 1, 2, 2, 4, 1, 3, 2, 3, 2, 2, 2, 3, 2, 4, 4, 3, 1, 4, 1, 3, 4, 3, 2, 2, 1, 1, 2, 1, 2, 4, 1, 1, 3, 3, 2, 4, 4] [5, 7, 8, 3, 5, 7, 5, 7, 4, 6, 6, 3, 7, 4, 5, 4, 7, 3, 4, 6, 5, 7, 6, 5, 5, 3, 7, 7, 4, 6, 7, 5, 6, 7, 6, 6, 4, 7, 6, 6, 4, 7, 5, 5, 4, 4, 7, 5, 6, 4, 5, 6, 4, 4, 5, 6, 8, 8, 7, 5, 7, 5, 6, 6, 7, 4, 5, 4, 5, 4, 3, 6, 7, 4, 4, 6, 6, 4, 7, 6]
B_21 74.57999999999998 B 61 [4, 4, 4, 2, 2, 4, 2, 3, 1, 1, 3, 2, 1, 2, 1, 4, 3, 2, 1, 3, 4, 3, 3, 2, 2, 2, 4, 4, 4, 1, 2, 1, 1, 2, 4, 2, 2, 1, 3, 2, 3, 4, 1, 3, 4, 1, 1, 4, 2, 4, 4, 1, 2, 3, 4, 3, 4, 2, 1, 3, 1, 1, 1, 2, 1, 2, 1, 1, 2, 3, 4, 2, 1, 2, 3, 3, 3, 1, 3, 1] [8, 6, 6, 6, 6, 6, 5, 7, 3, 5, 7, 6, 5, 6, 4, 6, 6, 6, 5, 6, 6, 7, 7, 6, 4, 4, 6, 8, 8, 3, 6, 4, 3, 5, 7, 4, 5, 4, 5, 4, 7, 8, 3, 5, 7, 3, 3, 7, 5, 6, 8, 4, 4, 5, 7, 5, 7, 4, 4, 6, 5, 4, 5, 5, 3, 5, 3, 4, 5, 7, 7, 4, 5, 5, 7, 7, 6, 5, 7, 3]
B_22 75.57999999999998 B 62 [2, 3, 2, 4, 3, 2, 4, 1, 4, 2, 2, 2, 2, 1, 1, 1, 3, 2, 3, 3, 3, 4, 3, 1, 4, 1, 3, 1, 1, 1, 4, 3, 4, 2, 2, 3, 1, 2, 2, 4, 1, 1, 3, 1, 1, 1, 4, 2, 1, 3, 1, 4, 4, 1, 1, 1, 1, 3, 3, 2, 3, 1, 1, 1, 2, 3, 2, 3, 3, 4, 4, 3, 3, 3, 3, 1, 2, 2, 2, 1] [5, 5, 5, 6, 7, 4, 7, 3, 8, 6, 5, 4, 5, 4, 4, 5, 5, 5, 5, 6, 5, 8, 5, 4, 8, 5, 5, 4, 3, 5, 6, 7, 6, 4, 5, 6, 4, 6, 4, 6, 5, 3, 5, 4, 4, 3, 7, 5, 5, 5, 3, 6, 8, 5, 4, 3, 5, 7, 5, 5, 6, 5, 3, 5, 4, 7, 5, 5, 5, 8, 7, 7, 5, 5, 6, 3, 5, 4, 5, 3]
B_23 76.57999999999998 B 63 [4, 4, 3, 2, 2, 1, 3, 2, 4, 4, 2, 3, 3, 3, 4, 1, 2, 1, 4, 1, 3, 1, 4, 2, 1, 3, 4, 1, 2, 2, 4, 3, 3, 2, 3, 3, 3, 3, 3, 4, 2, 3, 3, 1, 3, 2, 4, 4, 4, 4, 3, 1, 2, 4, 2, 4, 1, 1, 4, 3, 4, 2, 1, 4, 1, 1, 1, 3, 2, 1, 2, 1, 2, 1, 3, 3, 3, 3, 2, 4] [6, 8, 5, 5, 6, 4, 7, 5, 6, 7, 5, 6, 5, 7, 7, 3, 4, 4, 6, 4, 5, 4, 8, 6, 3, 5, 7, 5, 4, 4, 6, 7, 6, 6, 5, 5, 7, 5, 6, 6, 4, 7, 7, 4, 5, 4, 8, 7, 6, 8, 5, 4, 5, 6, 5, 8, 3, 4, 7, 5, 6, 5, 5, 8, 3, 4, 5, 7, 6, 4, 6, 4, 5, 4, 5, 7, 6, 5, 4, 8]
B_24 79.13999999999999 B 64 [4, 3, 3, 1, 1, 4, 2, 3, 4, 3, 1, 4, 1, 2, 3, 4, 3, 3, 4, 2, 1, 4, 3, 1, 3, 3, 1, 1, 4, 2, 2, 3, 4, 3, 3, 1, 3, 3, 4, 4, 3, 1, 3, 2, 2, 2, 2, 1, 3, 4, 4, 4, 4, 2, 2, 4, 3, 3, 4, 1, 3, 1, 2, 1, 3, 3, 3, 3, 4, 2, 4, 3, 2, 3, 4, 3, 3, 3, 2, 3] [6, 5, 6, 4, 5, 6, 4, 7, 6, 5, 3, 6, 5, 5, 7, 8, 6, 5, 8, 6, 3, 7, 5, 4, 6, 7, 5, 3, 8, 6, 6, 7, 7, 6, 5, 5, 7, 7, 8, 6, 7, 3, 5, 4, 5, 4, 5, 5, 7, 8, 6, 6, 6, 6, 5, 7, 6, 6, 7, 4, 7, 3, 4, 3, 5, 5, 6, 6, 7, 6, 6, 5, 6, 5, 8, 6, 6, 7, 5, 5]
B_25 80.13999999999999 B 65 [2, 4, 4, 4, 2, 1, 2, 1, 1, 2, 3, 1, 4, 1, 2, 1, 1, 2, 2, 2, 2, 2, 3, 1, 3, 1, 1, 3, 4, 3, 2, 1, 1, 3, 3, 1, 4, 2, 1, 4, 1, 3, 4, 1, 2, 1, 3, 2, 1, 2, 4, 4, 3, 2, 1, 3, 1, 4, 3, 1, 2, 2, 3, 1, 3, 2, 3, 4, 3, 3, 3, 1, 2, 1, 2, 4, 4, 1, 2, 2] [4, 6, 8, 7, 6, 3, 5, 3, 3, 4, 5, 4, 6, 4, 5, 4, 5, 6, 4, 4, 5, 6, 5, 3, 7, 5, 3, 6, 8, 5, 6, 3, 4, 5, 7, 5, 6, 6, 5, 8, 4, 5, 7, 4, 5, 3, 5, 5, 4, 4, 8, 6, 6, 6, 4, 5, 5, 7, 5, 4, 4, 5, 7, 4, 5, 4, 7, 6, 5, 7, 6, 3, 4, 3, 4, 7, 7, 4, 4, 4]
B_26 81.41999999999999 B 66 [2, 2, 2, 4, 4, 3, 3, 1, 1, 1, 1, 2, 4, 2, 2, 1, 1, 3, 4, 4, 4, 4, 1, 2, 1, 1, 2, 4, 3, 3, 1, 1, 2, 1, 3, 2, 1, 1, 2, 2, 1, 2, 4, 2, 3, 3, 2, 2, 4, 4, 4, 4, 1, 2, 4, 1, 4, 2, 1, 4, 2, 1, 2, 1, 3, 3, 3, 4, 3, 1, 2, 2, 4, 2, 3, 1, 1, 3, 4, 1] [4, 6, 6, 7, 7, 7, 6, 4, 4, 3, 3, 6, 8, 6, 4, 3, 4, 5, 8, 8, 8, 8, 4, 6, 4, 3, 4, 8, 7, 6, 4, 5, 5, 5, 5, 4, 4, 4, 4, 6, 5, 5, 8, 6, 6, 7, 6, 6, 7, 7, 8, 8, 5, 5, 6, 5, 8, 6, 3, 7, 5, 3, 5, 5, 6, 7, 7, 7, 7, 3, 5, 5, 7, 5, 6, 3, 4, 6, 8, 3]
B_27 82.41999999999999 B 67 [2, 2, 2, 3, 2, 4, 2, 2, 2, 3, 3, 1, 3, 1, 3, 2, 2, 3, 2, 1, 1, 3, 4, 3, 1, 1, 3, 3, 2, 1, 4, 4, 4, 1, 4, 1, 4, 1, 2, 2, 1, 4, 2, 4, 4, 4, 4, 3, 2, 2, 3, 3, 4, 2, 3, 1, 1, 1, 2, 4, 1, 1, 3, 3, 3, 4, 4, 3, 2, 3, 4, 3, 2, 1, 2, 1, 1, 3, 4, 3] [6, 4, 4, 5, 6, 6, 4, 4, 5, 6, 5, 3, 7, 4, 7, 4, 5, 6, 6, 4, 4, 5, 7, 7, 3, 3, 6, 5, 5, 3, 6, 7, 8, 3, 6, 3, 6, 3, 5, 6, 5, 8, 5, 8, 6, 7, 7, 6, 5, 4, 6, 7, 8, 6, 5, 4, 5, 3, 4, 7, 4, 4, 5, 7, 6, 6, 7, 7, 5, 7, 6, 7, 4, 4, 4, 3, 3, 5, 8, 6]
B_28 83.41999999999999 B 68 [4, 1, 1, 4, 2, 2, 4, 4, 1, 4, 4, 3, 1, 3, 1, 3, 2, 3, 4, 1, 2, 2, 3, 1, 2, 4, 2, 2, 1, 4, 3, 4, 2, 2, 1, 3, 2, 1, 4, 1, 2, 4, 1, 4, 3, 1, 2, 4, 2, 3, 4, 2, 3, 3, 1, 2, 3, 3, 2, 4, 1, 2, 3, 2, 4, 3, 3, 2, 3, 2, 4, 3, 4, 2, 1, 4, 1, 4, 4, 2] [7, 3, 3, 8, 4, 6, 6, 7, 5, 6, 7, 7, 3, 6, 3, 6, 6, 5, 8, 5, 5, 4, 7, 3, 5, 7, 5, 6, 3, 6, 6, 8, 6, 4, 3, 7, 4, 5, 8, 5, 4, 6, 4, 6, 6, 5, 6, 6, 4, 6, 7, 4, 7, 7, 3, 5, 5, 5, 4, 6, 5, 5, 5, 6, 7, 5, 7, 5, 5, 4, 8, 7, 6, 5, 5, 8, 5, 7, 6, 5]
B_29 84.68999999999998 B 69 [1, 2, 1, 4, 1, 4, 1, 1, 4, 1, 1, 4, 3, 2, 3, 1, 3, 3, 1, 3, 2, 3, 2, 1, 2, 4, 2, 1, 4, 3, 2, 4, 3, 1, 1, 3, 4, 1, 4, 3, 4, 2, 1, 1, 3, 1, 2, 1, 1, 4, 2, 2, 4, 4, 2, 1, 1, 1, 3, 4, 2, 3, 4, 1, 2, 3, 1, 3, 2, 1, 2, 2, 4, 1, 1, 2, 4, 4, 4, 4] [4, 6, 3, 6, 3, 6, 4, 3, 6, 3, 4, 6, 7, 6, 7, 5, 5, 6, 5, 6, 6, 5, 5, 4, 4, 6, 6, 3, 6, 7, 4, 7, 7, 5, 5, 6, 6, 5, 7, 5, 7, 5, 5, 5, 7, 3, 4, 4, 3, 6, 6, 5, 8, 7, 4, 5, 5, 5, 7, 6, 4, 7, 8, 4, 6, 7, 3, 7, 4, 5, 6, 5, 8, 3, 4, 5, 7, 8, 8, 7]
B_30 85.68999999999998 B 70 [1, 3, 4, 3, 3, 4, 2, 1, 3, 2, 1, 1, 2, 2, 4, 3, 4, 1, 3, 4, 2, 4, 2, 1, 4, 2, 3, 1, 1, 3, 2, 2, 3, 1, 2, 2, 1, 3, 1, 1, 2, 1, 1, 2, 2, 2, 4, 1, 2, 3, 4, 1, 1, 4, 2, 2, 4, 2, 2, 4, 1, 4, 4, 2, 4, 3, 2, 4, 4, 2, 4, 1, 3, 2, 1, 1, 1, 3, 4, 2] [4, 7, 7, 6, 7, 8, 4, 4, 7, 4, 4, 3, 4, 5, 6, 6, 8, 5, 5, 8, 5, 7, 4, 4, 6, 4, 5, 3, 5, 7, 4, 4, 7, 3, 4, 5, 4, 6, 5, 4, 4, 4, 5, 4, 4, 5, 6, 4, 6, 6, 7, 4, 4, 6, 6, 6, 7, 6, 6, 6, 3, 7, 7, 6, 6, 6, 5, 6, 8, 6, 7, 5, 6, 5, 4, 3, 4, 7, 8, 6]
B_31 86.68999999999998 B 71 [2, 4, 3, 2, 4, 4, 4, 3, 1, 2, 2, 1, 4, 2, 4, 3, 4, 4, 3, 1, 2, 2, 2, 4, 2, 4, 3, 3, 3, 2, 4, 4, 2, 2, 3, 2, 4, 1, 1, 1, 2, 2, 3, 1, 2, 1, 4, 4, 1, 3, 3, 2, 4, 1, 3, 4, 4, 1, 4, 2, 2, 2, 3, 1, 3, 1, 2, 3, 3, 2, 1, 4, 4, 2, 1, 2, 3, 1, 1, 3] [6, 7, 5, 4, 7, 7, 8, 7, 5, 5, 4, 3, 6, 5, 7, 5, 7, 8, 7, 4, 5, 4, 5, 6, 5, 6, 5, 6, 7, 5, 8, 8, 4, 4, 7, 4, 8, 5, 3, 5, 4, 5, 6, 5, 4, 3, 7, 6, 5, 5, 6, 4, 8, 3, 5, 6, 6, 3, 8, 5, 6, 4, 7, 4, 5, 3, 5, 7, 7, 5, 5, 7, 7, 6, 5, 5, 6, 5, 5, 5]
B_32 89.26999999999998 B 72 [1, 1, 4, 1, 1, 4, 1, 1, 1, 4, 4, 1, 1, 3, 1, 2, 2, 1, 1, 4, 1, 2, 2, 1, 1, 4, 4, 4, 4, 2, 1, 3, 4, 2, 4, 1, 4, 1, 2, 2, 4, 4, 2, 2, 4, 4, 4, 2, 1, 3, 3, 1, 1, 2, 1, 2, 2, 3, 1, 1, 4, 1, 3, 2, 2, 2, 4, 2, 4, 4, 3, 4, 3, 1, 1, 3, 1, 3, 1, 2] [3, 4, 8, 5, 5, 7, 5, 4, 3, 6, 7, 4, 5, 6, 5, 4, 5, 5, 5, 7, 3, 4, 6, 5, 5, 6, 6, 7, 6, 6, 3, 6, 8, 6, 7, 4, 8, 4, 5, 6, 7, 6, 6, 5, 8, 8, 6, 5, 4, 7, 6, 3, 4, 4, 4, 4, 4, 6, 5, 4, 7, 5, 5, 5, 6, 4, 7, 4, 6, 8, 6, 7, 5, 4, 3, 5, 3, 7, 3, 5]
B_33 90.26999999999998 B 73 [4, 2, 1, 3, 4, 1, 4, 1, 1, 1, 3, 1, 4, 3, 2, 2, 3, 1, 2, 2, 1, 2, 2, 2, 1, 4, 2, 3, 3, 3, 1, 1, 2, 1, 4, 4, 4, 3, 4, 3, 2, 2, 3, 1, 1, 1, 4, 2, 4, 4, 1, 1, 4, 1, 1, 3, 2, 2, 2, 2, 1, 2, 3, 1, 3, 1, 2, 1, 2, 1, 2, 2, 1, 4, 4, 4, 4, 3, 4, 1] [7, 6, 3, 6, 8, 5, 7, 3, 4, 4, 7, 4, 6, 5, 4, 6, 7, 3, 4, 5, 5, 4, 4, 6, 5, 6, 6, 6, 7, 6, 3, 4, 4, 3, 7, 6, 7, 6, 8, 6, 6, 6, 7, 4, 4, 3, 6, 4, 7, 8, 4, 5, 8, 4, 4, 5, 5, 5, 4, 5, 4, 5, 5, 4, 5, 3, 5, 4, 5, 3, 5, 6, 4, 8, 6, 7, 6, 5, 7, 4]
B_34 91.26999999999998 B 74 [1, 1, 2, 1, 4, 4, 4, 2, 3, 3, 1, 4, 4, 3, 1, 2, 4, 3, 3, 1, 2, 4, 1, 4, 4, 4, 1, 1, 3, 3, 2, 3, 2, 3, 4, 4, 4, 3, 1, 2, 2, 1, 1, 3, 4, 3, 3, 4, 2, 1, 4, 1, 4, 3, 3, 1, 4, 3, 4, 2, 1, 3, 3, 3, 4, 2, 3, 2, 1, 1, 1, 1, 1, 4, 1, 4, 2, 1, 1, 1] [5, 3, 4, 5, 8, 7, 6, 5, 5, 5, 5, 8, 8, 7, 4, 4, 8, 6, 5, 3, 6, 7, 5, 8, 7, 6, 5, 4, 5, 6, 5, 5, 5, 5, 6, 8, 7, 6, 3, 4, 5, 5, 5, 5, 8, 5, 6, 6, 5, 3, 8, 5, 7, 5, 7, 4, 8, 6, 7, 5, 4, 7, 6, 5, 8, 4, 6, 4, 5, 4, 4, 5, 3, 6, 3, 7, 5, 4, 4, 3]
B_35 93.90999999999998 B 75 [1, 1, 3, 3, 2, 1, 3, 3, 3, 2, 2, 1, 3, 1, 2, 4, 4, 3, 4, 3, 2, 1, 2, 1, 3, 2, 4, 4, 1, 4, 4, 3, 4, 2, 2, 4, 2, 2, 4, 3, 4, 4, 4, 2, 4, 4, 3, 1, 1, 1, 4, 3, 1, 1, 2, 2, 1, 2, 3, 1, 3, 3, 1, 3, 3, 4, 1, 1, 4, 2, 1, 2, 3, 4, 4, 4, 3, 3, 1, 1] [5, 5, 5, 5, 4, 5, 6, 7, 7, 5, 6, 4, 5, 4, 4, 6, 8, 6, 8, 6, 6, 4, 4, 4, 7, 4, 8, 7, 4, 6, 7, 6, 8, 4, 4, 7, 4, 5, 6, 7, 7, 7, 7, 5, 6, 6, 6, 3, 3, 5, 8, 7, 5, 5, 6, 5, 5, 4, 6, 3, 6, 7, 3, 7, 6, 7, 3, 3, 8, 5, 3, 5, 5, 7, 7, 8, 5, 6, 5, 4]
B_36 94.90999999999998 B 76 [4, 1, 2, 2, 1, 3, 3, 2, 1, 4, 1, 3, 4, 3, 4, 2, 3, 3, 4, 3, 2, 4, 2, 2, 1, 1, 1, 3, 1, 1, 3, 3, 4, 2, 3, 1, 4, 3, 3, 2, 3, 1, 1, 2, 1, 3, 4, 2, 3, 3, 4, 3, 2, 3, 1, 1, 2, 4, 3, 1, 3, 3, 2, 3, 3, 4, 1, 1, 1, 4, 1, 3, 1, 4, 2, 3, 2, 1, 4, 3] [6, 5, 6, 5, 4, 6, 6, 4, 5, 7, 5, 5, 6, 6, 7, 5, 6, 7, 7, 7, 4, 6, 6, 5, 3, 4, 3, 7, 4, 4, 7, 6, 7, 6, 7, 3, 7, 7, 7, 6, 5, 3, 5, 5, 5, 7, 7, 5, 6, 5, 8, 6, 4, 7, 3, 5, 4, 6, 6, 4, 6, 6, 5, 6, 6, 7, 4, 3, 5, 7, 4, 6, 3, 6, 5, 5, 5, 5, 7, 5]
B_37 96.05999999999999 B 77 [4, 3, 4, 3, 4, 4, 3, 1, 2, 1, 1, 3, 2, 3, 3, 1, 3, 2, 3, 3, 1, 4, 4, 3, 3, 1, 4, 3, 4, 1, 4, 1, 1, 1, 4, 1, 4, 4, 1, 1, 1, 3, 4, 3, 3, 3, 3, 3, 2, 4, 4, 4, 1, 4, 4, 1, 2, 4, 2, 1, 2, 1, 2, 3, 3, 1, 3, 3, 4, 4, 3, 1, 3, 3, 1, 3, 1, 2, 2, 1] [8, 5, 6, 6, 6, 8, 6, 4, 5, 3, 3, 5, 4, 7, 5, 5, 5, 6, 7, 5, 3, 7, 8, 5, 5, 5, 6, 5, 6, 4, 6, 3, 3, 5, 6, 5, 7, 7, 5, 3, 3, 7, 6, 5, 6, 6, 5, 6, 6, 7, 8, 8, 5, 6, 8, 5, 5, 7, 4, 5, 4, 5, 4, 5, 7, 4, 6, 5, 7, 8, 7, 5, 7, 5, 4, 6, 5, 5, 6, 4]
B_38 97.05999999999999 B 78 [1, 1, 1, 1, 3, 3, 3, 1, 2, 3, 1, 3, 1, 1, 1, 1, 4, 2, 2, 4, 1, 1, 3, 3, 3, 1, 4, 4, 4, 1, 4, 4, 3, 1, 2, 1, 4, 1, 2, 2, 2, 3, 1, 4, 4, 3, 4, 2, 1, 1, 4, 1, 4, 1, 2, 3, 2, 3, 4, 1, 4, 3, 2, 2, 2, 2, 4, 4, 4, 4, 4, 1, 1, 4, 1, 1, 4, 2, 2, 2] [3, 3, 5, 3, 7, 5, 6, 3, 5, 5, 5, 7, 3, 4, 5, 5, 8, 5, 5, 8, 5, 3, 5, 5, 7, 4, 6, 6, 8, 3, 7, 6, 7, 4, 4, 4, 6, 5, 5, 4, 6, 5, 4, 7, 8, 6, 8, 4, 4, 4, 6, 5, 6, 4, 6, 6, 5, 6, 6, 4, 7, 7, 5, 4, 5, 4, 8, 8, 6, 8, 8, 5, 3, 7, 4, 5, 7, 6, 6, 6]
B_39 98.05999999999999 B 79 [1, 3, 1, 2, 1, 4, 4, 2, 4, 1, 4, 3, 3, 4, 1, 2, 3, 1, 2, 2, 4, 1, 2, 3, 1, 4, 1, 1, 2, 4, 2, 2, 2, 1, 2, 3, 1, 3, 2, 1, 2, 4, 2, 4, 4, 4, 1, 1, 3, 3, 1, 1, 1, 1, 2, 4, 1, 2, 3, 4, 4, 1, 1, 4, 3, 2, 1, 3, 2, 4, 2, 3, 2, 1, 1, 1, 3, 1, 2, 3] [5, 6, 5, 6, 4, 6, 7, 4, 6, 4, 7, 5, 7, 7, 3, 4, 5, 5, 6, 6, 7, 5, 4, 7, 4, 6, 5, 4, 4, 8, 6, 4, 6, 4, 6, 6, 5, 7, 6, 3, 6, 7, 6, 8, 8, 7, 5, 4, 7, 7, 4, 5, 3, 3, 5, 6, 3, 5, 7, 7, 6, 3, 3, 8, 5, 4, 3, 6, 5, 7, 6, 5, 5, 4, 3, 4, 5, 4, 6, 5]
