A_0 1 A 0 [4, 3, 4, 2, 4, 2, 4, 3, 5, 2, 5, 4, 5, 5, 5, 5, 6, 1, 3, 2, 6, 2, 1, 6, 3, 6, 5, 5, 2, 1, 6, 5, 2, 1, 1, 4, 2, 3, 1, 5, 2, 5, 3, 3, 2, 1, 2, 4, 1, 2, 4, 4, 6, 6, 2, 5, 2, 2, 5, 2, 3, 4, 5, 6, 4, 5, 2, 2, 1, 3, 5, 5, 3, 6, 3, 1, 6, 6, 5, 1] [8, 5, 8, 4, 8, 5, 6, 6, 7, 6, 7, 8, 8, 9, 8, 7, 8, 4, 7, 5, 9, 4, 4, 10, 7, 8, 7, 9, 6, 3, 10, 8, 5, 4, 3, 7, 4, 7, 5, 8, 4, 7, 5, 7, 4, 4, 5, 6, 5, 6, 6, 7, 8, 8, 5, 7, 6, 5, 8, 6, 6, 7, 7, 8, 8, 7, 6, 6, 4, 5, 8, 8, 5, 8, 5, 5, 9, 8, 7, 3]
A_1 3.55 A 1 [3, 2, 4, 1, 1, 1, 4, 1, 5, 3, 1, 5, 2, 4, 2, 4, 4, 1, 2, 5, 3, 4, 4, 2, 4, 3, 6, 5, 6, 3, 3, 5, 4, 3, 4, 2, 6, 5, 2, 4, 4, 3, 5, 3, 5, 3, 2, 5, 2, 1, 6, 4, 6, 1, 6, 2, 3, 3, 3, 4, 1, 6, 5, 5, 5, 4, 4, 1, 2, 3, 3, 5, 6, 4, 2, 2, 1, 6, 3, 5] [5, 6, 7, 5, 3, 4, 8, 4, 8, 6, 5, 9, 5, 6, 5, 8, 8, 4, 4, 7, 7, 7, 8, 4, 7, 7, 10, 8, 10, 7, 7, 7, 7, 6, 6, 5, 10, 8, 4, 7, 6, 6, 9, 6, 9, 7, 5, 8, 4, 5, 10, 8, 10, 3, 10, 6, 7, 5, 7, 7, 5, 10, 7, 8, 8, 6, 7, 3, 6, 6, 5, 7, 9, 6, 5, 6, 4, 10, 6, 8]
A_2 5.15 A 2 [4, 4, 1, 2, 4, 1, 6, 1, 5, 3, 1, 4, 2, 1, 6, 1, 6, 3, 3, 4, 4, 2, 5, 4, 1, 2, 3, 4, 6, 4, 5, 2, 4, 4, 5, 5, 2, 2, 5, 1, 3, 6, 3, 6, 3, 3, 1, 3, 4, 2, 1, 3, 4, 4, 1, 1, 3, 4, 3, 2, 1, 1, 4, 1, 1, 4, 2, 3, 2, 3, 4, 3, 4, 3, 3, 5, 4, 3, 1, 5] [8, 7, 5, 6, 6, 4, 9, 5, 8, 6, 3, 6, 4, 4, 10, 4, 9, 7, 6, 6, 6, 5, 9, 8, 4, 5, 6, 7, 9, 6, 8, 5, 7, 8, 7, 8, 6, 5, 8, 3, 6, 9, 6, 9, 5, 5, 3, 6, 8, 5, 3, 5, 7, 6, 5, 5, 5, 6, 6, 4, 3, 5, 7, 5, 5, 7, 5, 7, 6, 7, 8, 5, 6, 6, 6, 8, 8, 5, 3, 9]
A_3 6.7 A 3 [2, 1, 2, 2, 5, 2, 2, 5, 6, 5, 4, 3, 2, 1, 1, 5, 5, 4, 5, 6, 4, 4, 6, 2, 1, 1, 1, 4, 6, 5, 3, 2, 6, 3, 2, 2, 5, 6, 6, 2, 2, 2, 6, 1, 1, 2, 2, 5, 1, 5, 1, 2, 6, 1, 2, 2, 4, 3, 2, 2, 1, 6, 6, 1, 4, 4, 4, 5, 5, 5, 5, 4, 5, 1, 3, 5, 1, 1, 2, 1] [4, 5, 6, 5, 9, 6, 4, 8, 9, 9, 6, 7, 4, 5, 4, 7, 7, 7, 9, 9, 7, 6, 9, 6, 4, 5, 5, 6, 10, 9, 6, 6, 8, 6, 4, 4, 7, 8, 10, 6, 5, 4, 8, 3, 4, 5, 4, 8, 4, 8, 4, 4, 9, 5, 6, 5, 8, 7, 6, 5, 5, 10, 10, 4, 6, 8, 8, 9, 9, 8, 7, 8, 7, 3, 7, 7, 3, 3, 4, 5]
A_4 10.31 A 4 [4, 1, 4, 5, 6, 6, 2, 5, 6, 4, 4, 2, 1, 1, 3, 4, 1, 5, 2, 4, 6, 6, 1, 1, 6, 5, 1, 3, 4, 4, 1, 3, 3, 4, 5, 3, 2, 4, 4, 5, 6, 4, 2, 3, 3, 3, 1, 6, 4, 2, 1, 6, 1, 6, 1, 5, 4, 2, 3, 5, 4, 5, 4, 6, 6, 2, 1, 6, 2, 6, 5, 2, 4, 1, 4, 6, 3, 1, 4, 6] [8, 3, 6, 9, 8, 8, 5, 8, 9, 8, 6, 4, 3, 5, 7, 6, 3, 8, 6, 6, 8, 8, 3, 5, 9, 8, 5, 7, 6, 7, 3, 6, 5, 8, 8, 7, 4, 8, 8, 7, 10, 8, 5, 6, 6, 6, 3, 9, 7, 4, 4, 10, 4, 8, 5, 7, 6, 5, 6, 9, 7, 9, 6, 8, 10, 4, 4, 9, 4, 10, 7, 4, 6, 3, 8, 9, 6, 5, 8, 8]
A_5 11.31 A 5 [2, 1, 1, 2, 6, 3, 2, 1, 6, 5, 2, 4, 5, 4, 6, 5, 2, 3, 2, 6, 3, 6, 2, 6, 1, 1, 6, 6, 6, 4, 4, 2, 4, 6, 3, 1, 1, 3, 1, 1, 4, 3, 6, 5, 4, 4, 3, 1, 3, 5, 2, 2, 5, 6, 4, 2, 4, 4, 4, 3, 5, 2, 3, 2, 5, 1, 5, 1, 6, 5, 1, 5, 4, 5, 6, 1, 2, 5, 1, 3] [5, 4, 4, 6, 8, 5, 6, 3, 8, 8, 4, 6, 9, 7, 8, 8, 5, 5, 4, 9, 6, 10, 5, 10, 5, 3, 9, 9, 10, 8, 8, 6, 8, 9, 7, 3, 4, 7, 3, 5, 7, 7, 8, 9, 7, 6, 6, 4, 5, 9, 5, 5, 9, 8, 7, 5, 6, 8, 7, 7, 8, 5, 5, 4, 9, 4, 9, 3, 10, 9, 4, 9, 7, 8, 9, 3, 5, 9, 5, 5]
A_6 12.31 A 6 [4, 4, 6, 2, 2, 2, 6, 4, 2, 2, 6, 3, 6, 1, 6, 2, 6, 2, 3, 6, 4, 5, 6, 6, 1, 6, 1, 2, 4, 6, 3, 6, 2, 3, 5, 2, 5, 1, 4, 2, 2, 2, 4, 5, 4, 3, 3, 4, 3, 6, 2, 1, 4, 4, 6, 6, 5, 3, 1, 6, 3, 5, 3, 1, 1, 4, 1, 3, 5, 1, 2, 2, 3, 6, 4, 4, 2, 3, 5, 5] [6, 8, 9, 4, 5, 6, 10, 6, 6, 5, 10, 6, 10, 3, 8, 4, 10, 4, 7, 8, 8, 8, 9, 9, 4, 10, 5, 4, 8, 9, 7, 10, 5, 7, 9, 5, 7, 4, 8, 4, 5, 6, 6, 8, 6, 7, 5, 8, 5, 10, 5, 4, 8, 6, 10, 8, 8, 6, 3, 9, 5, 8, 6, 4, 3, 8, 3, 6, 9, 5, 5, 5, 6, 9, 7, 7, 5, 7, 7, 7]
A_7 14.5 A 7 [3, 1, 1, 5, 5, 1, 4, 6, 5, 1, 4, 6, 3, 4, 1, 4, 5, 1, 2, 1, 3, 3, 6, 4, 6, 1, 2, 6, 4, 1, 1, 1, 6, 2, 2, 1, 3, 6, 6, 6, 1, 5, 1, 5, 5, 1, 5, 6, 6, 2, 6, 6, 6, 1, 4, 6, 4, 6, 2, 5, 6, 3, 3, 2, 2, 2, 6, 4, 6, 2, 4, 5, 1, 5, 6, 4, 6, 3, 5, 4] [6, 4, 5, 8, 8, 3, 6, 9, 9, 5, 8, 10, 5, 6, 4, 7, 7, 4, 5, 3, 6, 6, 9, 7, 10, 3, 6, 10, 7, 5, 4, 4, 8, 6, 4, 3, 5, 9, 9, 9, 5, 9, 5, 7, 8, 3, 7, 9, 8, 6, 8, 10, 8, 5, 8, 10, 8, 9, 6, 9, 9, 5, 5, 4, 6, 5, 8, 6, 8, 5, 6, 9, 3, 8, 10, 6, 8, 7, 9, 8]
A_8 15.5 A 8 [5, 5, 5, 6, 6, 6, 2, 5, 5, 5, 2, 5, 2, 1, 1, 2, 3, 6, 3, 4, 4, 3, 1, 1, 6, 1, 3, 2, 1, 1, 4, 3, 6, 1, 5, 5, 4, 2, 1, 4, 2, 3, 2, 1, 3, 1, 2, 2, 6, 1, 6, 1, 6, 5, 5, 1, 3, 5, 2, 4, 5, 3, 6, 1, 2, 3, 2, 1, 4, 6, 4, 2, 1, 3, 2, 3, 4, 5, 2, 3] [7, 8, 8, 9, 9, 8, 6, 9, 8, 9, 4, 8, 5, 5, 5, 6, 5, 10, 7, 7, 8, 7, 5, 4, 9, 3, 6, 5, 4, 3, 7, 6, 9, 4, 7, 7, 8, 6, 3, 7, 4, 7, 5, 5, 5, 3, 5, 5, 10, 3, 10, 4, 9, 8, 7, 5, 6, 9, 6, 8, 7, 6, 9, 5, 4, 7, 5, 5, 7, 8, 6, 4, 5, 5, 4, 6, 8, 8, 5, 5]
A_9 16.5 A 9 [2, 3, 3, 5, 4, 5, 2, 1, 5, 1, 1, 1, 3, 4, 4, 4, 3, 3, 1, 2, 5, 3, 5, 1, 5, 5, 6, 2, 5, 4, 3, 5, 2, 1, 3, 6, 5, 1, 1, 6, 5, 5, 6, 2, 3, 3, 6, 2, 2, 1, 6, 6, 2, 2, 1, 6, 4, 6, 3, 5, 4, 6, 1, 4, 1, 3, 1, 4, 2, 1, 5, 3, 1, 2, 3, 5, 2, 3, 6, 4] [6, 6, 6, 9, 8, 8, 5, 5, 9, 3, 3, 3, 7, 6, 7, 7, 7, 7, 4, 4, 8, 6, 9, 5, 7, 7, 10, 6, 8, 8, 5, 9, 5, 4, 5, 10, 7, 3, 4, 9, 9, 7, 10, 5, 7, 7, 8, 6, 4, 4, 8, 10, 6, 6, 4, 10, 8, 8, 6, 8, 6, 9, 4, 6, 3, 6, 4, 6, 4, 3, 9, 6, 4, 4, 6, 7, 4, 6, 8, 6]
A_10 18.55 A 10 [5, 1, 1, 4, 4, 2, 6, 4, 2, 1, 1, 5, 2, 5, 2, 2, 2, 5, 1, 5, 4, 1, 2, 1, 6, 2, 3, 4, 4, 5, 5, 1, 4, 6, 3, 6, 1, 3, 4, 4, 2, 1, 5, 1, 4, 1, 1, 4, 6, 4, 2, 6, 5, 6, 4, 4, 5, 6, 3, 2, 3, 3, 1, 4, 2, 6, 6, 4, 6, 2, 1, 4, 3, 4, 2, 5, 4, 4, 1, 5] [7, 5, 3, 6, 6, 4, 10, 8, 4, 3, 5, 7, 4, 9, 6, 4, 5, 7, 3, 8, 8, 5, 5, 3, 9, 4, 6, 6, 7, 9, 7, 4, 6, 8, 5, 9, 5, 6, 6, 8, 6, 3, 7, 4, 8, 3, 4, 7, 10, 6, 5, 8, 9, 9, 8, 6, 7, 8, 6, 6, 7, 5, 3, 6, 5, 9, 10, 7, 9, 4, 4, 8, 7, 6, 5, 7, 7, 8, 5, 7]
A_11 19.55 A 11 [4, 5, 4, 3, 2, 4, 3, 6, 5, 1, 5, 6, 5, 5, 1, 6, 6, 2, 1, 3, 4, 6, 3, 1, 5, 1, 6, 6, 6, 3, 4, 2, 1, 4, 1, 6, 4, 6, 2, 5, 6, 6, 2, 6, 3, 3, 3, 4, 1, 2, 4, 4, 4, 5, 2, 5, 6, 6, 1, 3, 4, 5, 3, 1, 3, 1, 2, 5, 3, 5, 3, 3, 2, 4, 4, 2, 6, 3, 4, 5] [8, 9, 6, 7, 4, 6, 6, 10, 8, 3, 7, 9, 9, 9, 3, 9, 8, 6, 5, 7, 7, 10, 7, 3, 8, 4, 8, 8, 9, 5, 8, 4, 3, 8, 5, 10, 7, 8, 6, 9, 10, 10, 4, 10, 6, 5, 7, 7, 4, 5, 7, 7, 7, 8, 6, 8, 9, 10, 3, 6, 6, 9, 6, 5, 6, 5, 4, 9, 5, 8, 5, 6, 5, 7, 8, 5, 8, 7, 7, 9]
A_12 20.55 A 12 [5, 2, 2, 2, 1, 5, 6, 3, 2, 3, 2, 5, 6, 6, 1, 6, 1, 3, 2, 6, 1, 2, 1, 5, 6, 1, 3, 5, 5, 2, 1, 1, 4, 4, 2, 1, 3, 4, 4, 3, 5, 4, 5, 4, 3, 5, 3, 3, 6, 4, 4, 3, 5, 3, 1, 5, 5, 3, 4, 1, 2, 1, 5, 5, 4, 5, 4, 3, 2, 2, 3, 1, 1, 5, 4, 6, 3, 6, 2, 5] [8, 5, 4, 4, 3, 9, 10, 5, 5, 7, 4, 9, 9, 10, 3, 8, 3, 5, 6, 8, 4, 4, 3, 8, 8, 3, 6, 8, 9, 6, 5, 4, 7, 7, 4, 4, 7, 8, 6, 5, 8, 7, 7, 8, 5, 7, 5, 6, 8, 7, 7, 7, 9, 7, 4, 8, 8, 6, 6, 5, 5, 5, 9, 7, 7, 8, 8, 6, 5, 5, 6, 4, 5, 9, 6, 10, 5, 8, 5, 9]
A_13 21.7 A 13 [5, 4, 1, 1, 1, 4, 1, 4, 1, 4, 5, 5, 6, 4, 2, 4, 2, 4, 5, 1, 5, 6, 2, 3, 4, 4, 5, 3, 1, 2, 2, 5, 2, 4, 6, 2, 4, 1, 6, 5, 3, 4, 5, 1, 6, 3, 1, 6, 1, 2, 4, 6, 2, 2, 3, 2, 4, 6, 2, 4, 1, 6, 6, 3, 3, 3, 6, 1, 4, 2, 1, 6, 2, 3, 6, 5, 3, 1, 3, 5] [9, 6, 4, 5, 5, 7, 3, 6, 5, 6, 9, 9, 10, 6, 4, 7, 4, 7, 7, 4, 8, 8, 6, 5, 8, 6, 7, 5, 4, 4, 6, 8, 6, 6, 8, 6, 7, 5, 8, 8, 7, 8, 9, 3, 8, 6, 3, 9, 4, 4, 6, 8, 4, 5, 5, 6, 7, 9, 4, 6, 3, 8, 10, 5, 5, 5, 8, 3, 6, 5, 3, 8, 5, 7, 9, 7, 6, 3, 7, 8]
A_14 23.58 A 14 [5, 2, 6, 1, 3, 6, 6, 1, 1, 4, 2, 1, 1, 2, 4, 5, 4, 3, 4, 4, 5, 4, 6, 6, 2, 6, 5, 2, 3, 3, 5, 5, 6, 5, 6, 6, 6, 5, 4, 5, 1, 5, 1, 2, 6, 4, 6, 3, 1, 2, 4, 6, 3, 1, 4, 4, 4, 5, 5, 1, 6, 6, 5, 6, 3, 1, 4, 4, 2, 3, 4, 5, 1, 2, 3, 4, 1, 2, 6, 4] [8, 5, 10, 4, 7, 8, 8, 4, 5, 7, 6, 3, 3, 4, 7, 9, 7, 6, 6, 6, 8, 8, 10, 8, 5, 8, 8, 4, 5, 5, 9, 9, 8, 7, 8, 10, 10, 8, 6, 8, 4, 7, 5, 4, 8, 6, 10, 7, 3, 5, 7, 10, 5, 3, 8, 6, 6, 8, 9, 4, 10, 9, 8, 8, 5, 3, 7, 6, 4, 7, 6, 8, 4, 5, 5, 6, 5, 5, 8, 8]
A_15 26.97 A 15 [5, 4, 1, 5, 4, 5, 2, 4, 2, 4, 2, 6, 6, 4, 5, 5, 6, 4, 2, 2, 1, 4, 3, 1, 5, 2, 5, 5, 3, 6, 6, 4, 5, 3, 1, 2, 2, 6, 2, 5, 4, 2, 5, 2, 1, 4, 4, 6, 6, 3, 5, 1, 5, 6, 5, 3, 2, 5, 2, 5, 6, 5, 5, 5, 3, 6, 3, 3, 4, 4, 3, 1, 1, 5, 2, 1, 3, 2, 2, 2] [7, 8, 4, 7, 6, 8, 4, 7, 6, 7, 4, 9, 8, 7, 9, 9, 8, 7, 6, 5, 4, 7, 6, 3, 9, 4, 9, 9, 7, 9, 9, 6, 7, 5, 4, 5, 6, 10, 6, 8, 6, 5, 7, 4, 4, 6, 7, 8, 8, 5, 7, 4, 8, 8, 9, 6, 4, 9, 5, 8, 10, 9, 9, 9, 6, 10, 6, 7, 7, 8, 6, 3, 3, 9, 6, 3, 6, 5, 5, 4]
A_16 27.97 A 16 [6, 4, 6, 5, 1, 2, 6, 5, 3, 3, 2, 6, 1, 2, 4, 6, 2, 1, 5, 2, 5, 4, 6, 1, 4, 4, 5, 4, 3, 2, 2, 6, 1, 3, 2, 4, 2, 3, 3, 3, 1, 2, 1, 4, 3, 2, 1, 6, 4, 6, 1, 6, 2, 5, 5, 2, 5, 5, 3, 4, 3, 1, 6, 2, 3, 4, 4, 6, 3, 5, 5, 4, 5, 2, 1, 6, 1, 2, 6, 3] [8, 8, 9, 7, 3, 5, 10, 7, 5, 7, 5, 8, 3, 4, 7, 8, 5, 4, 7, 6, 7, 8, 9, 5, 8, 7, 9, 8, 6, 4, 6, 10, 4, 6, 6, 8, 5, 6, 5, 5, 4, 6, 5, 6, 7, 5, 4, 9, 6, 8, 4, 9, 5, 7, 8, 6, 9, 8, 5, 8, 5, 3, 9, 4, 7, 7, 8, 8, 7, 7, 8, 6, 9, 6, 5, 10, 5, 4, 9, 7]
A_17 28.97 A 17 [1, 1, 3, 4, 5, 3, 2, 1, 6, 3, 5, 2, 3, 4, 3, 4, 1, 2, 5, 6, 3, 3, 5, 2, 6, 3, 5, 5, 4, 5, 6, 5, 4, 6, 6, 4, 6, 4, 4, 3, 1, 6, 5, 1, 1, 3, 4, 6, 1, 4, 6, 6, 6, 2, 2, 1, 2, 1, 3, 6, 4, 6, 2, 4, 6, 4, 4, 2, 2, 5, 6, 4, 5, 4, 6, 6, 3, 4, 3, 6] [4, 4, 7, 7, 8, 5, 4, 4, 10, 7, 7, 6, 5, 7, 6, 7, 4, 5, 7, 8, 6, 7, 8, 4, 9, 6, 9, 8, 7, 7, 10, 7, 7, 10, 9, 7, 9, 8, 8, 7, 5, 10, 7, 5, 5, 6, 6, 8, 3, 7, 8, 8, 9, 5, 4, 3, 4, 5, 5, 8, 8, 10, 6, 7, 10, 7, 6, 4, 6, 8, 9, 8, 9, 8, 9, 8, 6, 7, 6, 10]
A_18 33.129999999999995 A 18 [3, 2, 3, 5, 2, 2, 3, 2, 3, 1, 1, 1, 2, 5, 4, 2, 5, 5, 1, 4, 3, 6, 3, 3, 6, 4, 2, 5, 4, 2, 1, 2, 5, 1, 4, 6, 6, 3, 5, 4, 6, 3, 4, 1, 1, 1, 5, 4, 4, 4, 6, 3, 6, 6, 2, 3, 6, 3, 6, 5, 3, 5, 5, 2, 2, 3, 1, 2, 2, 5, 6, 6, 6, 3, 1, 2, 3, 2, 2, 2] [7, 4, 6, 9, 6, 4, 7, 5, 7, 4, 3, 5, 6, 7, 6, 6, 7, 7, 3, 8, 5, 9, 5, 7, 8, 6, 4, 9, 7, 5, 3, 5, 9, 3, 8, 10, 9, 5, 7, 8, 9, 5, 8, 5, 5, 4, 7, 6, 6, 6, 8, 5, 9, 8, 6, 5, 8, 5, 10, 9, 6, 8, 9, 6, 5, 5, 5, 6, 5, 9, 8, 9, 8, 7, 5, 5, 6, 5, 5, 6]
A_19 36.209999999999994 A 19 [2, 5, 4, 6, 4, 6, 6, 1, 4, 2, 5, 3, 6, 1, 4, 2, 2, 6, 4, 1, 1, 4, 3, 3, 2, 1, 2, 5, 5, 2, 6, 2, 5, 3, 3, 5, 1, 6, 3, 4, 6, 1, 3, 6, 5, 3, 4, 4, 6, 5, 6, 4, 4, 1, 3, 5, 6, 5, 4, 2, 4, 5, 1, 2, 1, 1, 1, 5, 2, 1, 4, 6, 5, 5, 3, 3, 6, 4, 2, 6] [5, 7, 6, 9, 6, 9, 8, 3, 7, 4, 8, 7, 8, 4, 6, 5, 6, 8, 8, 4, 3, 8, 5, 7, 6, 3, 4, 7, 7, 4, 8, 6, 9, 7, 6, 7, 3, 10, 7, 6, 10, 3, 7, 8, 9, 6, 8, 8, 10, 7, 10, 7, 8, 3, 6, 8, 9, 9, 6, 6, 8, 9, 4, 4, 4, 4, 3, 7, 5, 4, 8, 9, 7, 7, 7, 7, 10, 8, 4, 9]
A_20 37.209999999999994 A 20 [6, 3, 4, 4, 6, 3, 4, 3, 4, 5, 4, 4, 1, 5, 5, 1, 5, 3, 3, 1, 1, 5, 1, 2, 6, 3, 5, 3, 4, 6, 6, 1, 1, 5, 5, 6, 3, 3, 2, 3, 2, 1, 2, 4, 3, 6, 6, 6, 6, 3, 4, 1, 6, 4, 2, 3, 2, 6, 5, 3, 1, 2, 2, 4, 1, 5, 4, 6, 3, 3, 3, 2, 1, 4, 3, 5, 3, 3, 1, 4] [9, 7, 6, 7, 8, 6, 8, 6, 8, 8, 8, 7, 4, 8, 8, 4, 7, 6, 5, 3, 4, 8, 3, 5, 9, 6, 8, 7, 8, 10, 8, 5, 5, 7, 9, 10, 6, 7, 6, 7, 6, 4, 5, 8, 6, 9, 8, 10, 8, 6, 8, 5, 10, 7, 6, 6, 4, 8, 8, 5, 4, 5, 5, 7, 5, 9, 8, 9, 6, 6, 5, 6, 5, 7, 7, 8, 6, 5, 3, 6]
A_21 38.3 A 21 [2, 4, 2, 4, 6, 6, 5, 3, 3, 3, 1, 6, 2, 6, 4, 4, 4, 3, 6, 4, 5, 5, 6, 6, 3, 1, 1, 4, 4, 6, 1, 4, 5, 4, 4, 3, 3, 2, 4, 6, 5, 6, 5, 5, 5, 4, 4, 3, 2, 5, 2, 6, 2, 4, 6, 4, 5, 4, 6, 6, 5, 5, 2, 6, 3, 6, 4, 6, 6, 4, 4, 5, 4, 2, 5, 1, 4, 5, 6, 4] [4, 7, 5, 6, 8, 10, 8, 6, 7, 6, 5, 10, 4, 8, 8, 7, 8, 7, 9, 8, 8, 9, 8, 9, 7, 5, 4, 8, 8, 10, 5, 6, 8, 6, 8, 5, 7, 6, 6, 8, 7, 8, 8, 8, 8, 7, 7, 5, 5, 7, 6, 10, 5, 7, 9, 6, 8, 6, 8, 8, 8, 9, 4, 10, 7, 10, 6, 9, 8, 7, 6, 8, 7, 5, 7, 3, 6, 7, 9, 8]
A_22 49.22 A 22 [1, 4, 5, 6, 1, 2, 6, 6, 1, 5, 2, 3, 1, 2, 6, 3, 6, 5, 3, 3, 1, 6, 2, 5, 2, 5, 1, 1, 3, 6, 6, 2, 5, 4, 5, 3, 4, 2, 2, 3, 3, 2, 5, 2, 4, 5, 6, 5, 6, 3, 3, 6, 3, 3, 1, 4, 4, 3, 1, 3, 1, 4, 1, 4, 2, 3, 5, 2, 6, 5, 3, 2, 5, 6, 4, 2, 6, 4, 5, 6] [4, 8, 9, 9, 3, 5, 9, 9, 5, 9, 5, 7, 3, 6, 10, 6, 9, 8, 5, 5, 3, 8, 6, 9, 6, 8, 4, 4, 5, 10, 8, 4, 7, 7, 7, 5, 7, 6, 5, 6, 6, 5, 9, 4, 8, 7, 9, 8, 9, 7, 6, 9, 5, 6, 5, 6, 6, 6, 3, 6, 3, 6, 3, 7, 4, 5, 8, 6, 10, 7, 6, 4, 7, 10, 7, 5, 10, 7, 9, 8]
A_23 50.22 A 23 [6, 2, 4, 2, 1, 6, 6, 4, 1, 1, 1, 1, 5, 3, 6, 1, 1, 2, 3, 3, 2, 6, 5, 6, 3, 4, 2, 5, 1, 4, 3, 6, 2, 6, 6, 4, 5, 3, 1, 4, 5, 6, 6, 5, 6, 6, 4, 6, 6, 3, 3, 1, 6, 6, 6, 6, 2, 2, 6, 6, 4, 4, 6, 3, 1, 6, 1, 3, 5, 2, 3, 6, 3, 2, 3, 2, 2, 3, 2, 1] [10, 4, 8, 6, 5, 10, 9, 7, 4, 5, 3, 3, 8, 5, 8, 3, 5, 4, 7, 7, 5, 9, 9, 10, 7, 6, 5, 9, 4, 8, 7, 9, 5, 9, 10, 8, 7, 5, 5, 7, 9, 8, 10, 8, 10, 8, 7, 10, 9, 7, 7, 3, 8, 8, 8, 9, 5, 4, 8, 10, 8, 7, 10, 7, 4, 10, 3, 6, 7, 4, 6, 8, 5, 4, 7, 6, 6, 5, 5, 4]
A_24 58.379999999999995 A 24 [3, 4, 1, 1, 6, 1, 1, 6, 6, 5, 6, 5, 6, 4, 2, 5, 4, 6, 6, 2, 6, 3, 2, 3, 3, 3, 3, 2, 2, 6, 5, 4, 2, 6, 3, 4, 1, 2, 6, 2, 2, 5, 1, 6, 1, 3, 3, 5, 4, 3, 3, 4, 1, 1, 3, 6, 1, 5, 2, 5, 4, 2, 4, 2, 5, 6, 2, 3, 5, 3, 3, 5, 4, 4, 3, 4, 1, 3, 5, 5] [7, 7, 4, 4, 9, 5, 4, 10, 9, 7, 9, 8, 8, 8, 5, 9, 8, 9, 8, 6, 9, 7, 6, 7, 6, 5, 5, 4, 4, 9, 9, 7, 6, 9, 7, 6, 4, 6, 9, 5, 6, 9, 5, 10, 4, 7, 7, 7, 8, 6, 6, 6, 4, 5, 7, 8, 3, 9, 4, 7, 7, 4, 6, 5, 8, 9, 6, 7, 7, 7, 5, 7, 6, 8, 6, 8, 4, 7, 9, 9]
A_25 59.379999999999995 A 25 [6, 3, 2, 1, 5, 1, 6, 1, 1, 5, 2, 1, 1, 4, 6, 2, 4, 3, 4, 1, 3, 1, 5, 4, 3, 2, 3, 2, 1, 2, 4, 1, 5, 5, 1, 2, 5, 5, 3, 4, 5, 4, 6, 4, 6, 6, 1, 4, 6, 6, 1, 2, 5, 4, 1, 5, 6, 5, 1, 3, 4, 3, 6, 1, 4, 1, 4, 6, 3, 1, 5, 6, 3, 4, 4, 2, 6, 6, 3, 6] [8, 7, 5, 5, 8, 3, 10, 3, 3, 7, 4, 4, 3, 6, 8, 4, 7, 6, 6, 3, 6, 5, 8, 6, 5, 5, 5, 4, 5, 5, 6, 4, 8, 8, 5, 6, 7, 8, 5, 6, 7, 6, 8, 8, 8, 8, 4, 6, 9, 8, 4, 6, 8, 7, 4, 9, 9, 7, 4, 6, 6, 6, 10, 4, 7, 5, 7, 8, 7, 5, 8, 8, 5, 8, 7, 6, 8, 9, 7, 9]
A_26 66.8 A 26 [5, 6, 3, 1, 1, 6, 1, 2, 3, 6, 3, 6, 3, 5, 5, 5, 5, 5, 2, 2, 5, 1, 1, 2, 3, 3, 4, 2, 5, 2, 5, 4, 1, 3, 5, 2, 2, 4, 1, 3, 5, 2, 1, 4, 2, 4, 1, 2, 2, 3, 5, 1, 2, 3, 3, 6, 5, 5, 3, 6, 1, 6, 5, 3, 3, 2, 1, 1, 5, 5, 3, 5, 1, 2, 4, 6, 6, 1, 1, 2] [7, 10, 6, 5, 5, 9, 5, 6, 6, 10, 6, 8, 6, 7, 8, 9, 9, 9, 4, 4, 8, 4, 4, 5, 5, 5, 8, 6, 8, 4, 8, 8, 3, 6, 9, 4, 4, 8, 3, 7, 9, 5, 5, 7, 4, 8, 4, 4, 6, 5, 8, 5, 6, 7, 5, 8, 7, 7, 6, 9, 5, 10, 8, 5, 7, 6, 5, 3, 9, 7, 7, 7, 3, 5, 7, 10, 8, 5, 4, 5]
A_27 70.39999999999999 A 27 [5, 5, 4, 4, 3, 6, 2, 6, 2, 2, 4, 6, 5, 3, 2, 5, 4, 5, 5, 5, 3, 4, 1, 5, 2, 2, 2, 4, 5, 3, 5, 4, 5, 6, 6, 6, 5, 2, 2, 6, 6, 1, 6, 5, 6, 4, 4, 3, 5, 4, 5, 2, 5, 3, 5, 1, 3, 1, 1, 1, 2, 1, 3, 5, 1, 6, 5, 4, 6, 3, 6, 2, 5, 3, 6, 3, 5, 5, 3, 1] [9, 8, 7, 6, 7, 9, 4, 10, 5, 6, 6, 8, 8, 5, 4, 9, 8, 8, 9, 7, 7, 8, 4, 9, 4, 4, 6, 7, 9, 6, 8, 7, 7, 10, 9, 10, 9, 5, 5, 10, 8, 4, 9, 7, 9, 7, 8, 5, 8, 8, 8, 4, 8, 6, 7, 3, 6, 3, 3, 3, 6, 4, 5, 8, 5, 8, 8, 6, 10, 5, 9, 4, 9, 7, 8, 7, 8, 8, 6, 5]
A_28 71.99 A 28 [2, 6, 6, 6, 4, 6, 4, 4, 1, 5, 4, 6, 5, 1, 3, 3, 3, 4, 4, 5, 4, 4, 3, 1, 2, 1, 5, 5, 5, 5, 1, 2, 1, 2, 4, 2, 3, 5, 2, 1, 1, 6, 6, 2, 4, 6, 1, 3, 4, 5, 2, 2, 4, 4, 1, 3, 2, 5, 2, 4, 2, 1, 1, 4, 1, 3, 1, 6, 6, 2, 4, 3, 2, 3, 3, 2, 3, 5, 3, 2] [6, 10, 9, 10, 6, 10, 8, 7, 4, 8, 7, 9, 9, 4, 5, 7, 6, 7, 7, 7, 8, 8, 5, 4, 4, 5, 8, 9, 9, 7, 4, 5, 5, 6, 7, 6, 7, 9, 6, 3, 4, 8, 10, 6, 6, 8, 4, 7, 8, 7, 6, 6, 6, 6, 3, 7, 5, 7, 4, 7, 6, 4, 5, 6, 5, 7, 3, 9, 10, 5, 7, 6, 5, 7, 7, 4, 7, 8, 7, 6]
A_29 72.99 A 29 [1, 3, 4, 5, 4, 4, 6, 1, 1, 4, 5, 3, 2, 2, 3, 6, 2, 5, 2, 2, 6, 6, 6, 4, 6, 2, 2, 3, 5, 6, 3, 4, 3, 6, 6, 4, 2, 5, 1, 6, 4, 3, 3, 5, 4, 3, 6, 2, 3, 5, 3, 5, 1, 3, 1, 4, 1, 2, 3, 2, 4, 4, 4, 1, 2, 1, 2, 2, 6, 4, 1, 4, 2, 4, 4, 1, 2, 5, 3, 2] [3, 7, 6, 9, 7, 8, 9, 5, 3, 8, 9, 5, 6, 4, 5, 9, 4, 7, 5, 4, 10, 10, 10, 8, 9, 5, 4, 6, 7, 9, 7, 8, 5, 9, 9, 8, 6, 7, 3, 9, 6, 5, 6, 9, 6, 7, 8, 4, 7, 9, 7, 8, 4, 5, 4, 8, 4, 5, 5, 5, 8, 8, 8, 5, 4, 3, 5, 6, 9, 6, 5, 6, 5, 7, 7, 4, 6, 9, 7, 4]
A_30 83.82 A 30 [6, 3, 5, 3, 1, 4, 3, 1, 4, 3, 5, 4, 1, 2, 5, 6, 2, 6, 1, 6, 6, 1, 6, 3, 5, 4, 5, 5, 1, 3, 3, 6, 3, 3, 3, 2, 3, 6, 4, 5, 3, 2, 1, 6, 6, 6, 1, 6, 5, 1, 6, 1, 1, 5, 5, 5, 2, 2, 3, 3, 4, 5, 2, 2, 6, 5, 6, 6, 4, 4, 2, 2, 6, 5, 3, 2, 6, 6, 1, 3] [10, 7, 8, 6, 3, 8, 7, 4, 7, 5, 7, 8, 5, 6, 9, 9, 6, 10, 3, 8, 8, 5, 8, 7, 9, 6, 8, 8, 4, 7, 6, 10, 7, 7, 6, 6, 6, 9, 8, 7, 6, 6, 5, 10, 10, 10, 5, 10, 7, 3, 10, 3, 3, 7, 9, 8, 4, 6, 7, 6, 8, 8, 5, 6, 8, 8, 10, 9, 7, 7, 5, 4, 9, 8, 5, 6, 9, 9, 5, 7]
A_31 87.38999999999999 A 31 [5, 5, 2, 2, 3, 2, 6, 1, 3, 5, 1, 2, 1, 5, 5, 4, 6, 5, 2, 2, 1, 4, 2, 6, 4, 1, 4, 4, 2, 4, 6, 2, 2, 4, 2, 1, 2, 1, 4, 6, 1, 5, 5, 6, 3, 1, 2, 6, 1, 2, 2, 5, 6, 2, 5, 5, 4, 3, 5, 5, 4, 2, 3, 6, 4, 3, 3, 5, 6, 4, 6, 6, 3, 3, 6, 4, 1, 6, 5, 1] [8, 7, 5, 6, 6, 6, 10, 4, 6, 9, 4, 4, 4, 8, 9, 6, 10, 7, 5, 6, 5, 6, 4, 9, 7, 4, 8, 7, 5, 8, 10, 6, 5, 6, 6, 5, 6, 4, 7, 9, 3, 7, 9, 9, 6, 4, 5, 9, 3, 5, 6, 8, 8, 6, 7, 9, 7, 6, 9, 9, 6, 5, 7, 9, 8, 7, 6, 8, 10, 8, 9, 9, 6, 7, 9, 7, 4, 10, 9, 5]
A_32 88.38999999999999 A 32 [2, 4, 4, 6, 3, 4, 2, 6, 6, 2, 4, 1, 4, 2, 6, 5, 1, 4, 5, 5, 1, 5, 5, 2, 2, 5, 1, 5, 1, 3, 3, 2, 5, 5, 2, 4, 4, 5, 4, 3, 4, 2, 4, 5, 1, 5, 6, 5, 6, 2, 5, 2, 6, 6, 4, 3, 6, 2, 3, 2, 3, 6, 1, 3, 1, 2, 3, 5, 4, 2, 4, 3, 1, 3, 2, 1, 6, 1, 4, 6] [5, 7, 7, 8, 5, 8, 5, 8, 9, 5, 6, 3, 7, 6, 8, 7, 4, 7, 9, 9, 5, 8, 7, 5, 6, 8, 3, 7, 5, 5, 7, 5, 7, 7, 6, 6, 8, 7, 6, 7, 8, 5, 7, 9, 5, 9, 9, 8, 9, 6, 9, 5, 9, 8, 7, 6, 10, 5, 6, 4, 7, 9, 5, 6, 5, 5, 7, 9, 7, 6, 8, 5, 5, 6, 4, 5, 10, 3, 6, 10]
A_33 89.54999999999998 A 33 [1, 3, 4, 3, 4, 6, 3, 2, 1, 1, 6, 4, 4, 4, 5, 3, 3, 6, 1, 3, 5, 4, 4, 6, 6, 5, 3, 6, 2, 6, 3, 4, 5, 4, 4, 5, 4, 3, 3, 5, 4, 6, 6, 6, 4, 6, 1, 4, 1, 2, 6, 3, 2, 6, 2, 6, 6, 4, 3, 5, 4, 6, 1, 2, 4, 3, 3, 1, 4, 4, 1, 5, 4, 3, 4, 5, 4, 1, 6, 6] [4, 6, 8, 6, 8, 9, 7, 6, 4, 4, 8, 8, 7, 6, 7, 5, 6, 10, 3, 7, 7, 6, 7, 9, 9, 8, 6, 10, 6, 9, 7, 6, 7, 8, 6, 8, 8, 5, 5, 9, 7, 8, 9, 9, 6, 9, 4, 8, 4, 4, 9, 7, 4, 10, 6, 10, 8, 7, 7, 8, 7, 9, 5, 6, 8, 7, 6, 3, 8, 8, 4, 7, 7, 5, 8, 8, 6, 3, 9, 8]
A_34 91.73999999999998 A 34 [1, 4, 5, 2, 5, 3, 5, 2, 5, 3, 3, 1, 2, 6, 6, 1, 2, 6, 4, 3, 5, 4, 5, 6, 3, 1, 5, 6, 4, 6, 3, 2, 2, 4, 3, 2, 2, 4, 4, 6, 2, 5, 3, 4, 5, 5, 3, 5, 3, 3, 4, 5, 4, 3, 6, 6, 6, 3, 3, 5, 5, 3, 2, 4, 5, 2, 5, 2, 4, 3, 6, 2, 2, 1, 5, 2, 1, 5, 2, 6] [3, 6, 7, 4, 8, 7, 9, 4, 7, 5, 5, 5, 4, 8, 8, 4, 6, 9, 8, 6, 9, 8, 7, 10, 7, 5, 9, 9, 7, 9, 6, 6, 6, 6, 7, 5, 6, 8, 8, 8, 6, 8, 5, 6, 8, 8, 6, 9, 5, 6, 7, 8, 6, 5, 8, 8, 9, 6, 6, 7, 9, 6, 5, 6, 8, 6, 8, 6, 8, 7, 9, 5, 6, 3, 9, 5, 3, 8, 5, 9]
A_35 96.50999999999998 A 35 [4, 2, 5, 2, 3, 1, 2, 1, 5, 6, 6, 6, 1, 2, 6, 2, 4, 4, 6, 5, 6, 3, 3, 4, 4, 2, 2, 6, 2, 4, 2, 1, 4, 5, 2, 5, 3, 6, 4, 4, 2, 3, 5, 5, 2, 1, 5, 5, 2, 2, 2, 3, 4, 6, 2, 2, 4, 6, 1, 5, 4, 1, 1, 3, 2, 3, 3, 3, 2, 1, 6, 1, 4, 4, 1, 5, 5, 4, 6, 6] [7, 5, 8, 4, 7, 3, 5, 3, 7, 10, 9, 10, 4, 6, 10, 5, 8, 7, 10, 7, 10, 5, 5, 8, 6, 6, 4, 10, 6, 8, 6, 5, 6, 8, 5, 9, 5, 8, 7, 8, 4, 6, 8, 8, 4, 3, 7, 8, 5, 5, 6, 7, 8, 8, 4, 6, 7, 9, 4, 7, 6, 5, 3, 5, 6, 7, 7, 6, 4, 3, 9, 4, 7, 7, 3, 9, 7, 6, 9, 9]
A_36 97.51999999999998 A 36 [2, 6, 2, 5, 2, 1, 5, 3, 4, 5, 1, 4, 3, 4, 6, 2, 2, 6, 6, 1, 3, 3, 4, 5, 1, 5, 2, 5, 3, 2, 3, 2, 4, 4, 2, 3, 3, 6, 3, 1, 4, 5, 6, 1, 3, 4, 1, 3, 3, 3, 4, 4, 3, 5, 4, 5, 2, 2, 6, 6, 2, 2, 4, 6, 5, 5, 5, 4, 4, 5, 3, 5, 4, 6, 2, 5, 3, 4, 5, 3] [4, 10, 6, 7, 4, 4, 7, 5, 8, 7, 5, 7, 7, 7, 10, 6, 5, 9, 9, 3, 6, 7, 7, 7, 4, 7, 4, 9, 7, 6, 6, 6, 8, 8, 6, 5, 7, 9, 7, 4, 8, 8, 8, 3, 7, 7, 3, 6, 7, 5, 7, 7, 5, 9, 8, 8, 6, 5, 9, 9, 6, 6, 8, 8, 9, 8, 8, 7, 8, 7, 6, 7, 8, 8, 5, 9, 7, 6, 9, 6]
A_37 100.19999999999999 A 37 [3, 5, 2, 6, 4, 3, 1, 6, 2, 1, 3, 6, 4, 1, 5, 6, 3, 4, 3, 6, 3, 2, 2, 3, 2, 5, 4, 2, 5, 5, 6, 1, 5, 3, 4, 6, 6, 5, 2, 1, 4, 2, 3, 6, 5, 2, 6, 3, 4, 4, 4, 1, 3, 1, 2, 2, 5, 6, 4, 1, 3, 3, 5, 2, 2, 1, 2, 5, 5, 2, 4, 2, 2, 5, 5, 2, 2, 2, 5, 4] [7, 8, 5, 8, 8, 7, 4, 9, 6, 3, 6, 8, 8, 5, 8, 10, 6, 8, 5, 10, 7, 6, 6, 5, 6, 8, 8, 5, 9, 7, 9, 4, 7, 5, 8, 8, 9, 8, 4, 5, 6, 4, 7, 9, 9, 5, 9, 6, 7, 8, 7, 4, 7, 4, 4, 4, 7, 10, 8, 4, 5, 7, 8, 5, 4, 3, 4, 9, 8, 6, 6, 4, 4, 7, 7, 6, 5, 5, 7, 8]
A_38 101.19999999999999 A 38 [1, 2, 5, 6, 4, 1, 4, 6, 1, 1, 4, 2, 4, 6, 4, 2, 3, 4, 5, 3, 2, 4, 2, 1, 6, 3, 1, 2, 2, 1, 4, 4, 4, 3, 4, 4, 3, 2, 2, 2, 5, 3, 4, 1, 5, 4, 4, 5, 5, 4, 1, 6, 6, 4, 6, 2, 2, 1, 5, 5, 2, 5, 6, 6, 4, 1, 5, 3, 5, 2, 1, 4, 6, 5, 3, 1, 6, 4, 1, 3] [5, 4, 8, 10, 8, 3, 8, 9, 3, 4, 6, 6, 6, 8, 6, 6, 5, 8, 7, 7, 6, 6, 5, 5, 9, 5, 3, 5, 6, 3, 8, 7, 6, 5, 8, 7, 7, 4, 6, 5, 8, 5, 6, 4, 9, 6, 6, 8, 7, 6, 3, 10, 10, 8, 10, 5, 4, 5, 8, 8, 5, 8, 10, 9, 6, 4, 8, 6, 9, 5, 5, 8, 9, 7, 7, 3, 8, 8, 5, 6]
A_39 104.52999999999999 A 39 [5, 4, 1, 2, 5, 1, 2, 6, 4, 6, 4, 5, 3, 5, 5, 5, 3, 3, 4, 4, 3, 6, 3, 4, 2, 4, 3, 6, 1, 6, 5, 6, 3, 5, 6, 4, 1, 1, 2, 5, 2, 5, 6, 5, 1, 1, 6, 4, 4, 1, 4, 3, 1, 1, 4, 3, 1, 3, 6, 2, 6, 6, 3, 4, 4, 2, 1, 3, 4, 3, 1, 4, 3, 4, 5, 3, 1, 4, 1, 2] [8, 7, 3, 6, 7, 5, 4, 9, 7, 9, 8, 9, 5, 8, 8, 8, 5, 7, 8, 6, 7, 8, 6, 7, 5, 6, 7, 10, 3, 9, 7, 9, 7, 9, 8, 8, 4, 5, 5, 9, 5, 7, 8, 7, 5, 5, 8, 8, 6, 5, 8, 6, 3, 4, 6, 7, 3, 7, 9, 5, 8, 9, 6, 7, 6, 4, 3, 5, 6, 6, 4, 6, 7, 7, 8, 7, 4, 6, 5, 5]
B_0 6.9 B 40 [2, 4, 3, 2, 6, 4, 2, 1, 2, 5, 2, 6, 5, 3, 1, 4, 1, 1, 6, 6, 2, 5, 3, 5, 2, 5, 5, 6, 1, 4, 3, 1, 4, 4, 2, 2, 4, 4, 5, 2, 5, 4, 4, 6, 3, 4, 6, 1, 5, 3, 6, 4, 4, 1, 2, 6, 3, 6, 5, 2, 2, 4, 3, 1, 3, 1, 2, 6, 1, 5, 2, 1, 2, 1, 4, 5, 6, 5, 1, 1] [4, 6, 6, 5, 10, 7, 5, 5, 4, 9, 6, 10, 8, 7, 4, 6, 4, 5, 9, 10, 6, 7, 6, 9, 6, 7, 9, 8, 4, 6, 6, 3, 8, 7, 6, 4, 8, 6, 8, 5, 7, 6, 8, 9, 7, 6, 9, 5, 9, 7, 9, 8, 6, 3, 6, 8, 5, 8, 8, 6, 4, 6, 7, 4, 6, 3, 4, 9, 5, 7, 5, 4, 6, 4, 6, 9, 8, 8, 3, 3]
B_1 7.9 B 41 [5, 3, 6, 2, 4, 3, 2, 5, 3, 5, 1, 6, 4, 4, 5, 2, 2, 6, 3, 1, 1, 6, 2, 6, 5, 4, 2, 1, 6, 3, 2, 5, 2, 6, 5, 3, 5, 2, 3, 5, 4, 6, 1, 6, 5, 1, 5, 6, 2, 3, 6, 6, 1, 1, 5, 4, 3, 4, 1, 3, 5, 5, 4, 2, 4, 5, 5, 3, 2, 3, 3, 1, 3, 4, 5, 5, 6, 1, 1, 5] [7, 6, 9, 4, 8, 7, 6, 9, 7, 7, 3, 10, 7, 8, 7, 5, 6, 10, 5, 3, 4, 8, 5, 8, 9, 6, 5, 4, 8, 5, 6, 7, 5, 8, 8, 6, 8, 4, 5, 7, 6, 10, 5, 8, 9, 5, 9, 10, 4, 7, 10, 9, 5, 3, 9, 8, 5, 7, 4, 5, 7, 8, 6, 5, 8, 7, 9, 7, 4, 5, 6, 5, 6, 8, 8, 7, 10, 5, 4, 9]
B_2 8.940000000000001 B 42 [3, 5, 3, 6, 2, 6, 4, 1, 2, 6, 5, 2, 5, 5, 1, 5, 1, 5, 4, 3, 2, 5, 5, 6, 1, 6, 1, 6, 6, 3, 1, 5, 4, 6, 3, 5, 6, 3, 4, 6, 4, 1, 5, 2, 5, 6, 5, 4, 6, 5, 1, 5, 5, 1, 6, 3, 6, 3, 5, 4, 3, 5, 2, 2, 3, 1, 6, 1, 3, 2, 2, 2, 1, 1, 6, 1, 4, 1, 1, 6] [5, 9, 6, 8, 5, 8, 6, 5, 5, 10, 7, 4, 7, 9, 5, 7, 5, 7, 8, 7, 5, 8, 9, 10, 5, 8, 5, 9, 10, 6, 5, 9, 7, 9, 5, 8, 8, 7, 6, 8, 8, 5, 7, 4, 9, 9, 7, 7, 8, 7, 3, 7, 8, 5, 9, 6, 10, 7, 9, 6, 5, 8, 6, 5, 5, 5, 10, 3, 6, 4, 6, 6, 4, 4, 10, 4, 7, 4, 5, 10]
B_3 11.540000000000001 B 43 [3, 3, 6, 1, 3, 5, 5, 5, 1, 2, 1, 6, 4, 1, 2, 2, 4, 1, 1, 6, 4, 5, 2, 5, 6, 4, 4, 5, 2, 5, 6, 6, 5, 6, 4, 5, 1, 6, 1, 5, 6, 6, 2, 2, 5, 4, 5, 6, 2, 1, 5, 3, 6, 6, 3, 3, 3, 4, 1, 1, 6, 6, 2, 1, 5, 2, 3, 1, 3, 1, 3, 3, 6, 2, 6, 3, 3, 4, 3, 1] [7, 6, 9, 3, 6, 9, 8, 7, 5, 5, 4, 10, 8, 3, 4, 4, 6, 5, 5, 8, 8, 8, 4, 8, 10, 8, 7, 7, 6, 9, 10, 9, 9, 9, 6, 8, 3, 9, 4, 7, 9, 8, 4, 4, 8, 8, 9, 10, 4, 3, 7, 5, 9, 9, 6, 5, 7, 8, 3, 3, 9, 10, 4, 3, 9, 4, 5, 4, 7, 4, 7, 5, 9, 5, 8, 7, 7, 6, 6, 4]
B_4 13.350000000000001 B 44 [2, 5, 3, 1, 3, 4, 4, 5, 3, 3, 4, 3, 3, 6, 6, 1, 3, 1, 1, 5, 3, 5, 4, 6, 1, 6, 2, 6, 4, 4, 6, 3, 1, 4, 5, 2, 3, 5, 5, 1, 3, 5, 5, 5, 2, 1, 5, 2, 6, 2, 1, 1, 5, 5, 5, 2, 2, 3, 1, 2, 3, 4, 6, 1, 2, 3, 5, 5, 3, 2, 2, 5, 3, 2, 4, 6, 4, 3, 3, 2] [4, 9, 5, 4, 6, 7, 6, 8, 5, 7, 8, 6, 5, 8, 8, 4, 7, 5, 5, 9, 6, 8, 8, 10, 4, 8, 4, 9, 6, 6, 10, 6, 5, 6, 8, 4, 7, 9, 9, 5, 7, 9, 9, 8, 5, 4, 8, 6, 9, 6, 3, 4, 7, 9, 7, 6, 6, 7, 5, 6, 6, 6, 10, 3, 4, 7, 8, 8, 6, 4, 5, 9, 6, 6, 7, 9, 6, 5, 6, 5]
B_5 15.000000000000002 B 45 [1, 3, 3, 2, 3, 4, 3, 1, 1, 3, 1, 3, 5, 3, 4, 4, 2, 3, 1, 3, 6, 4, 5, 6, 3, 6, 4, 4, 6, 3, 6, 1, 5, 6, 5, 1, 4, 2, 4, 1, 4, 1, 6, 4, 1, 2, 1, 6, 4, 4, 3, 6, 4, 5, 1, 6, 3, 5, 6, 1, 4, 6, 4, 6, 3, 5, 1, 3, 2, 2, 4, 6, 6, 5, 1, 2, 1, 1, 6, 2] [4, 7, 5, 5, 6, 6, 7, 3, 3, 7, 3, 5, 7, 6, 6, 6, 5, 6, 4, 6, 9, 7, 7, 8, 7, 8, 8, 7, 8, 7, 10, 4, 9, 9, 8, 3, 7, 5, 6, 5, 6, 5, 9, 8, 4, 5, 5, 10, 6, 8, 5, 10, 6, 7, 5, 9, 5, 7, 8, 3, 6, 8, 6, 8, 7, 8, 3, 7, 5, 6, 8, 9, 8, 7, 5, 6, 5, 4, 9, 5]
B_6 16.0 B 46 [2, 2, 1, 2, 1, 3, 3, 5, 2, 6, 1, 3, 3, 1, 6, 4, 1, 4, 5, 4, 6, 4, 6, 4, 3, 1, 1, 4, 1, 6, 1, 2, 6, 1, 3, 5, 1, 6, 4, 6, 6, 5, 5, 5, 5, 1, 1, 4, 1, 2, 6, 1, 6, 2, 1, 6, 4, 1, 5, 5, 6, 1, 3, 5, 3, 6, 3, 2, 4, 4, 3, 1, 2, 1, 2, 5, 5, 1, 5, 6] [5, 5, 3, 4, 3, 6, 5, 7, 5, 8, 4, 7, 5, 3, 10, 7, 4, 6, 7, 8, 8, 7, 9, 7, 7, 4, 4, 8, 4, 8, 5, 5, 9, 4, 6, 7, 3, 9, 6, 8, 9, 9, 7, 9, 8, 5, 4, 6, 5, 6, 10, 4, 10, 6, 4, 10, 7, 3, 7, 8, 10, 5, 5, 8, 7, 10, 7, 6, 6, 6, 5, 4, 5, 3, 5, 9, 7, 3, 7, 10]
B_7 17.0 B 47 [4, 5, 3, 5, 6, 1, 4, 6, 2, 2, 4, 4, 3, 6, 3, 6, 6, 6, 4, 4, 6, 3, 5, 6, 5, 4, 2, 3, 3, 2, 6, 6, 5, 4, 5, 5, 3, 3, 5, 4, 1, 6, 4, 6, 2, 6, 4, 5, 1, 2, 1, 4, 3, 3, 4, 2, 5, 3, 4, 3, 4, 5, 3, 6, 5, 6, 3, 4, 6, 4, 4, 6, 4, 5, 1, 5, 5, 4, 4, 1] [6, 8, 6, 8, 9, 4, 8, 9, 5, 6, 7, 7, 6, 9, 7, 8, 9, 8, 6, 8, 10, 5, 8, 10, 7, 6, 4, 5, 7, 4, 10, 9, 8, 8, 9, 8, 6, 6, 8, 8, 5, 10, 7, 10, 6, 10, 6, 8, 5, 4, 5, 8, 6, 6, 7, 6, 9, 5, 8, 7, 8, 9, 7, 10, 9, 10, 5, 6, 10, 7, 8, 9, 8, 9, 4, 9, 9, 6, 8, 3]
B_8 19.490000000000002 B 48 [1, 2, 4, 1, 4, 3, 3, 6, 6, 2, 6, 1, 6, 1, 1, 6, 4, 1, 4, 6, 6, 2, 6, 6, 4, 6, 2, 5, 4, 3, 5, 1, 6, 1, 3, 2, 3, 4, 5, 4, 5, 2, 6, 2, 6, 4, 1, 1, 4, 3, 4, 6, 1, 6, 4, 6, 1, 6, 3, 1, 2, 1, 2, 3, 4, 2, 5, 2, 5, 3, 2, 6, 1, 3, 2, 1, 5, 3, 3, 6] [5, 4, 8, 4, 7, 5, 5, 8, 10, 4, 10, 4, 8, 4, 3, 8, 6, 3, 6, 10, 8, 5, 9, 9, 8, 9, 6, 8, 8, 7, 7, 3, 9, 4, 5, 5, 7, 7, 7, 6, 9, 4, 8, 4, 9, 6, 5, 5, 7, 5, 8, 10, 5, 8, 7, 9, 5, 10, 5, 4, 6, 4, 4, 6, 8, 6, 8, 4, 7, 7, 6, 9, 4, 5, 4, 5, 9, 7, 5, 9]
B_9 21.310000000000002 B 49 [2, 1, 2, 5, 2, 5, 6, 2, 1, 1, 4, 2, 4, 2, 2, 3, 6, 4, 4, 5, 3, 5, 3, 3, 3, 6, 3, 4, 5, 5, 1, 2, 2, 2, 3, 2, 3, 4, 4, 1, 3, 3, 5, 1, 2, 4, 2, 2, 3, 6, 3, 2, 5, 1, 5, 6, 5, 1, 2, 6, 3, 2, 4, 6, 4, 6, 3, 1, 4, 2, 4, 1, 1, 6, 1, 2, 6, 5, 3, 6] [6, 5, 5, 8, 4, 9, 10, 6, 3, 4, 6, 5, 7, 4, 5, 5, 8, 7, 6, 7, 6, 7, 7, 7, 6, 8, 5, 8, 7, 9, 3, 5, 6, 4, 6, 5, 5, 8, 6, 5, 7, 7, 7, 3, 6, 8, 6, 4, 5, 10, 5, 5, 8, 5, 9, 9, 8, 4, 4, 10, 5, 4, 6, 9, 8, 10, 6, 3, 8, 4, 6, 4, 3, 9, 4, 6, 8, 8, 5, 10]
B_10 22.310000000000002 B 50 [4, 6, 1, 1, 1, 2, 2, 6, 6, 6, 2, 4, 4, 4, 4, 5, 1, 6, 6, 6, 4, 2, 3, 3, 3, 1, 5, 5, 2, 3, 6, 2, 5, 6, 4, 2, 4, 4, 1, 4, 6, 6, 1, 5, 1, 3, 6, 1, 4, 3, 5, 4, 6, 2, 4, 4, 2, 3, 3, 1, 4, 1, 1, 2, 5, 4, 4, 1, 4, 4, 2, 5, 4, 4, 6, 1, 4, 5, 6, 2] [6, 10, 3, 4, 4, 5, 5, 8, 10, 8, 5, 7, 7, 6, 7, 7, 4, 8, 8, 10, 8, 6, 6, 7, 6, 4, 8, 8, 6, 7, 10, 6, 9, 9, 7, 6, 7, 7, 3, 8, 9, 10, 3, 7, 3, 5, 10, 5, 8, 5, 7, 6, 10, 5, 7, 6, 4, 5, 7, 3, 7, 5, 5, 6, 9, 7, 8, 5, 6, 7, 6, 9, 8, 8, 10, 4, 8, 9, 8, 4]
B_11 23.37 B 51 [4, 4, 3, 2, 6, 2, 1, 6, 1, 6, 6, 4, 3, 6, 6, 1, 6, 6, 3, 4, 1, 6, 6, 1, 4, 2, 1, 2, 2, 5, 1, 5, 2, 3, 5, 3, 4, 1, 6, 3, 4, 6, 5, 3, 1, 6, 1, 4, 6, 2, 4, 2, 3, 4, 3, 6, 4, 6, 4, 2, 5, 1, 6, 6, 6, 2, 1, 2, 2, 5, 2, 1, 2, 5, 5, 5, 6, 2, 4, 2] [7, 8, 5, 4, 10, 5, 4, 10, 4, 10, 8, 7, 7, 8, 10, 4, 9, 8, 5, 7, 5, 10, 9, 3, 6, 6, 5, 4, 6, 8, 3, 8, 5, 7, 8, 7, 7, 4, 10, 6, 8, 9, 7, 5, 4, 10, 4, 8, 10, 5, 6, 5, 7, 7, 5, 9, 6, 10, 8, 4, 9, 5, 8, 9, 8, 4, 5, 6, 4, 9, 6, 4, 6, 9, 9, 9, 8, 5, 8, 5]
B_12 25.26 B 52 [6, 6, 4, 6, 1, 5, 4, 6, 6, 2, 5, 4, 5, 2, 3, 5, 2, 6, 6, 4, 6, 2, 3, 6, 1, 5, 2, 5, 4, 1, 1, 6, 6, 2, 4, 4, 3, 3, 6, 1, 4, 1, 5, 6, 5, 4, 6, 3, 1, 5, 6, 3, 5, 6, 6, 6, 5, 1, 4, 5, 4, 6, 1, 4, 4, 3, 2, 6, 1, 2, 1, 6, 5, 5, 1, 1, 4, 4, 5, 5] [8, 10, 7, 9, 4, 9, 8, 8, 9, 6, 9, 7, 9, 4, 5, 8, 5, 9, 9, 8, 10, 5, 5, 8, 4, 8, 6, 8, 6, 4, 3, 8, 9, 4, 6, 8, 5, 7, 10, 3, 6, 5, 8, 9, 7, 6, 10, 6, 5, 8, 10, 7, 8, 10, 8, 8, 9, 4, 8, 8, 7, 10, 3, 7, 8, 5, 6, 10, 4, 6, 3, 9, 7, 8, 4, 5, 6, 6, 7, 8]
B_13 26.26 B 53 [6, 1, 4, 1, 6, 6, 4, 1, 5, 2, 6, 5, 3, 2, 1, 6, 5, 2, 6, 1, 4, 4, 3, 6, 1, 4, 3, 3, 4, 3, 5, 2, 6, 6, 3, 6, 5, 1, 4, 1, 1, 1, 1, 6, 5, 5, 2, 3, 6, 1, 2, 4, 6, 6, 2, 1, 2, 4, 2, 3, 2, 2, 2, 1, 6, 6, 2, 1, 1, 3, 4, 1, 2, 3, 6, 3, 1, 4, 6, 3] [8, 3, 6, 5, 8, 8, 6, 5, 8, 6, 9, 8, 7, 5, 3, 8, 7, 5, 8, 3, 7, 7, 6, 8, 5, 7, 7, 6, 6, 5, 7, 6, 8, 10, 5, 8, 9, 4, 8, 4, 3, 3, 5, 9, 9, 7, 6, 6, 8, 5, 5, 7, 10, 10, 5, 4, 4, 6, 6, 6, 5, 4, 6, 4, 10, 10, 5, 3, 5, 5, 6, 4, 6, 7, 9, 5, 5, 6, 10, 7]
B_14 27.790000000000003 B 54 [2, 6, 1, 2, 1, 4, 6, 4, 5, 1, 4, 2, 1, 3, 4, 5, 5, 2, 2, 3, 2, 6, 1, 6, 3, 1, 3, 5, 1, 1, 5, 5, 4, 2, 6, 2, 4, 2, 6, 4, 2, 5, 6, 3, 5, 1, 1, 4, 4, 5, 4, 3, 6, 2, 6, 2, 2, 1, 6, 2, 3, 6, 2, 3, 6, 5, 1, 1, 3, 4, 2, 3, 1, 3, 6, 6, 2, 2, 6, 2] [5, 10, 5, 6, 5, 7, 10, 8, 7, 4, 8, 6, 4, 5, 8, 9, 8, 4, 6, 6, 6, 9, 5, 8, 7, 4, 5, 7, 3, 4, 9, 7, 7, 6, 8, 4, 8, 4, 10, 6, 6, 9, 9, 6, 7, 5, 4, 7, 7, 9, 7, 5, 8, 5, 10, 6, 6, 3, 9, 4, 6, 10, 6, 6, 9, 7, 5, 3, 6, 6, 6, 7, 3, 6, 8, 8, 5, 5, 8, 6]
B_15 29.660000000000004 B 55 [5, 2, 1, 2, 5, 2, 6, 6, 1, 6, 4, 5, 5, 2, 4, 3, 2, 1, 3, 5, 3, 4, 4, 6, 6, 5, 6, 1, 3, 4, 5, 5, 3, 6, 6, 2, 5, 2, 2, 3, 6, 4, 3, 3, 2, 6, 6, 2, 6, 6, 4, 6, 6, 1, 2, 6, 1, 5, 5, 5, 5, 6, 6, 1, 4, 3, 3, 2, 2, 2, 1, 1, 4, 4, 2, 5, 2, 6, 6, 6] [7, 6, 5, 5, 7, 5, 8, 10, 5, 10, 6, 8, 8, 6, 6, 6, 6, 3, 5, 8, 6, 6, 6, 9, 8, 9, 8, 3, 7, 8, 8, 9, 6, 10, 8, 6, 8, 4, 5, 7, 8, 8, 6, 5, 6, 9, 10, 6, 9, 9, 6, 9, 8, 4, 6, 9, 3, 9, 8, 9, 9, 10, 10, 3, 8, 7, 5, 5, 5, 4, 3, 5, 8, 7, 4, 9, 4, 10, 10, 9]
B_16 32.95 B 56 [2, 3, 3, 4, 4, 4, 5, 4, 3, 4, 5, 6, 5, 4, 4, 2, 5, 2, 6, 6, 2, 5, 4, 2, 1, 6, 5, 3, 2, 1, 2, 4, 6, 6, 6, 4, 2, 5, 2, 1, 3, 3, 6, 3, 2, 3, 4, 5, 1, 5, 2, 4, 5, 2, 2, 1, 6, 1, 4, 6, 4, 4, 3, 1, 5, 6, 4, 3, 6, 2, 2, 2, 2, 6, 5, 1, 3, 2, 5, 1] [6, 7, 5, 8, 6, 6, 8, 8, 6, 8, 7, 9, 8, 7, 6, 4, 9, 4, 8, 9, 4, 8, 6, 5, 3, 9, 7, 6, 5, 4, 4, 7, 10, 8, 9, 7, 6, 7, 4, 3, 5, 5, 10, 7, 6, 5, 7, 9, 5, 8, 4, 6, 9, 4, 6, 3, 10, 5, 7, 8, 6, 8, 5, 3, 8, 10, 6, 7, 9, 4, 6, 6, 6, 9, 9, 4, 7, 6, 7, 3]
B_17 33.95 B 57 [2, 3, 4, 3, 2, 4, 3, 6, 5, 6, 6, 6, 3, 6, 5, 5, 5, 1, 3, 5, 6, 4, 3, 2, 5, 5, 5, 1, 5, 2, 2, 3, 2, 4, 3, 6, 2, 6, 1, 3, 6, 4, 3, 4, 3, 5, 1, 3, 6, 1, 3, 6, 1, 4, 1, 5, 1, 6, 1, 4, 2, 5, 3, 1, 5, 6, 2, 2, 3, 1, 2, 6, 5, 6, 5, 2, 3, 3, 6, 1] [5, 5, 6, 7, 5, 8, 6, 9, 9, 8, 8, 10, 6, 9, 8, 9, 8, 5, 5, 9, 8, 6, 6, 4, 9, 7, 7, 3, 7, 5, 6, 6, 5, 7, 6, 9, 5, 10, 5, 7, 8, 7, 7, 8, 7, 7, 3, 5, 10, 4, 5, 10, 4, 6, 3, 9, 5, 9, 5, 6, 6, 9, 7, 4, 7, 9, 6, 4, 7, 4, 6, 8, 9, 9, 7, 5, 5, 6, 9, 5]
B_18 34.95 B 58 [5, 3, 3, 2, 3, 4, 1, 2, 2, 3, 3, 1, 4, 2, 5, 2, 3, 3, 6, 4, 5, 6, 1, 6, 2, 1, 3, 1, 2, 3, 3, 5, 3, 3, 3, 1, 6, 4, 5, 6, 5, 1, 5, 1, 1, 6, 5, 4, 3, 2, 3, 4, 4, 2, 6, 5, 4, 1, 1, 5, 5, 3, 6, 4, 5, 3, 5, 6, 1, 6, 1, 2, 1, 2, 5, 5, 4, 3, 4, 2] [8, 7, 6, 6, 6, 7, 3, 6, 6, 6, 6, 3, 6, 4, 9, 5, 5, 5, 10, 6, 8, 8, 3, 8, 4, 4, 6, 3, 4, 5, 7, 9, 6, 7, 6, 4, 9, 8, 8, 9, 8, 4, 9, 3, 5, 8, 7, 8, 5, 4, 7, 8, 8, 6, 9, 8, 7, 5, 5, 8, 8, 6, 10, 8, 8, 5, 7, 10, 5, 10, 3, 4, 3, 6, 9, 7, 8, 6, 8, 6]
B_19 42.84 B 59 [2, 4, 2, 2, 5, 3, 6, 5, 4, 5, 2, 3, 1, 4, 1, 5, 4, 6, 5, 2, 3, 6, 3, 6, 5, 3, 6, 1, 4, 2, 3, 5, 2, 5, 5, 5, 6, 1, 5, 2, 2, 3, 4, 1, 2, 1, 5, 3, 1, 6, 1, 2, 5, 3, 2, 5, 6, 4, 5, 6, 1, 4, 1, 1, 1, 3, 5, 3, 2, 1, 2, 2, 2, 1, 3, 3, 1, 2, 3, 3] [6, 7, 4, 5, 9, 7, 9, 9, 8, 8, 6, 6, 5, 6, 4, 8, 8, 8, 9, 6, 5, 8, 6, 10, 7, 6, 9, 3, 7, 5, 6, 9, 4, 8, 7, 7, 9, 4, 8, 5, 6, 5, 6, 3, 6, 3, 8, 7, 4, 10, 3, 4, 8, 6, 4, 9, 8, 6, 8, 10, 5, 7, 4, 5, 3, 5, 9, 6, 5, 4, 6, 4, 6, 5, 7, 6, 4, 5, 5, 6]
B_20 43.84 B 60 [3, 1, 1, 1, 4, 5, 3, 6, 5, 4, 3, 4, 2, 1, 6, 6, 3, 4, 3, 4, 1, 5, 1, 4, 4, 4, 1, 2, 2, 4, 4, 4, 3, 4, 5, 4, 2, 3, 2, 6, 2, 5, 3, 6, 3, 4, 6, 4, 2, 3, 4, 5, 4, 2, 3, 5, 4, 2, 5, 1, 4, 1, 4, 2, 6, 1, 1, 2, 2, 5, 5, 4, 2, 5, 5, 3, 2, 3, 4, 5] [6, 5, 3, 5, 7, 8, 5, 9, 7, 6, 7, 6, 5, 3, 10, 10, 5, 8, 6, 8, 4, 8, 3, 8, 7, 6, 5, 6, 6, 8, 8, 6, 7, 7, 9, 6, 6, 5, 5, 8, 4, 7, 5, 9, 6, 6, 10, 8, 6, 5, 7, 9, 7, 5, 6, 9, 6, 6, 8, 5, 7, 5, 6, 5, 9, 3, 5, 5, 4, 9, 7, 6, 5, 7, 9, 6, 4, 5, 7, 7]
B_21 46.410000000000004 B 61 [4, 6, 1, 6, 5, 2, 5, 3, 3, 6, 3, 5, 1, 6, 6, 5, 1, 6, 5, 5, 2, 5, 4, 4, 2, 3, 6, 1, 1, 4, 5, 2, 6, 6, 3, 1, 2, 3, 5, 6, 4, 5, 5, 6, 4, 6, 1, 5, 1, 2, 1, 1, 6, 2, 6, 6, 4, 5, 3, 4, 1, 6, 1, 4, 2, 2, 2, 4, 5, 3, 2, 3, 1, 4, 2, 3, 2, 4, 6, 5] [7, 10, 5, 10, 9, 5, 8, 5, 6, 9, 5, 9, 5, 8, 9, 9, 3, 10, 8, 9, 5, 9, 6, 7, 4, 6, 10, 4, 4, 8, 8, 5, 9, 9, 6, 5, 6, 7, 8, 9, 6, 8, 8, 10, 6, 8, 5, 9, 4, 4, 5, 5, 10, 4, 10, 10, 8, 9, 6, 7, 5, 9, 3, 7, 4, 6, 4, 6, 7, 5, 4, 5, 5, 6, 4, 5, 6, 6, 8, 9]
B_22 50.09 B 62 [5, 5, 4, 6, 4, 3, 3, 3, 6, 1, 1, 3, 5, 6, 5, 5, 6, 2, 5, 1, 2, 2, 1, 6, 4, 6, 5, 3, 1, 4, 2, 3, 1, 1, 2, 1, 4, 5, 6, 3, 3, 4, 2, 2, 6, 4, 3, 3, 2, 4, 1, 6, 1, 2, 2, 6, 3, 3, 6, 1, 4, 1, 4, 2, 6, 1, 4, 5, 4, 4, 6, 5, 4, 2, 6, 6, 6, 6, 4, 6] [7, 7, 7, 10, 6, 5, 6, 5, 9, 4, 3, 6, 9, 10, 8, 9, 9, 6, 9, 4, 5, 4, 3, 10, 6, 10, 8, 5, 5, 8, 5, 7, 5, 5, 5, 3, 8, 8, 10, 6, 7, 6, 6, 4, 10, 6, 5, 7, 4, 6, 5, 8, 3, 6, 6, 10, 5, 7, 10, 4, 6, 3, 6, 6, 9, 4, 8, 9, 8, 7, 8, 7, 6, 6, 9, 10, 10, 9, 6, 9]
B_23 52.050000000000004 B 63 [6, 5, 1, 1, 6, 2, 1, 2, 1, 4, 4, 1, 5, 3, 6, 5, 2, 4, 2, 2, 4, 6, 4, 3, 2, 1, 3, 5, 4, 1, 2, 6, 3, 2, 4, 3, 6, 2, 6, 4, 1, 2, 2, 1, 1, 6, 5, 6, 3, 6, 2, 6, 4, 1, 3, 1, 1, 1, 4, 1, 2, 4, 2, 1, 2, 6, 4, 2, 4, 3, 1, 1, 6, 6, 2, 3, 4, 1, 1, 4] [8, 8, 5, 4, 8, 4, 4, 4, 5, 6, 6, 5, 7, 5, 8, 9, 4, 7, 6, 4, 7, 10, 7, 7, 5, 4, 5, 8, 6, 5, 6, 9, 6, 6, 6, 5, 8, 5, 9, 7, 4, 5, 5, 3, 3, 8, 8, 10, 6, 9, 6, 9, 7, 4, 6, 3, 3, 4, 8, 5, 5, 7, 6, 5, 5, 9, 6, 5, 8, 7, 4, 4, 8, 8, 6, 6, 8, 3, 5, 6]
B_24 53.050000000000004 B 64 [4, 5, 1, 4, 6, 5, 1, 2, 2, 1, 2, 3, 4, 3, 3, 3, 3, 6, 2, 1, 1, 3, 2, 1, 5, 4, 3, 1, 1, 2, 6, 4, 1, 4, 5, 2, 5, 2, 4, 4, 3, 4, 3, 5, 2, 3, 3, 5, 4, 4, 5, 6, 4, 6, 6, 4, 5, 5, 5, 1, 6, 2, 6, 2, 1, 1, 5, 5, 6, 4, 4, 1, 5, 3, 5, 3, 1, 1, 5, 6] [8, 8, 5, 6, 10, 9, 3, 6, 4, 3, 5, 6, 7, 5, 5, 6, 7, 10, 5, 4, 5, 7, 4, 4, 8, 7, 7, 5, 5, 4, 8, 8, 5, 8, 8, 6, 9, 4, 6, 6, 6, 8, 5, 9, 4, 7, 7, 9, 8, 8, 9, 8, 8, 10, 9, 8, 8, 7, 8, 3, 9, 4, 9, 5, 5, 4, 7, 7, 10, 6, 7, 5, 8, 6, 8, 5, 5, 4, 7, 8]
B_25 55.470000000000006 B 65 [5, 4, 4, 4, 2, 1, 4, 2, 3, 3, 6, 1, 5, 3, 1, 6, 4, 4, 3, 1, 5, 6, 3, 6, 6, 1, 2, 6, 3, 1, 5, 3, 2, 3, 2, 3, 5, 1, 1, 2, 1, 5, 1, 2, 3, 5, 6, 6, 2, 6, 4, 2, 3, 6, 5, 3, 6, 6, 3, 3, 1, 2, 1, 6, 1, 6, 3, 2, 6, 3, 5, 3, 5, 6, 4, 4, 2, 6, 5, 5] [7, 6, 7, 8, 4, 4, 8, 5, 7, 6, 9, 5, 8, 5, 3, 10, 7, 7, 5, 4, 9, 10, 5, 10, 9, 5, 6, 8, 7, 3, 8, 7, 5, 7, 6, 7, 8, 3, 4, 4, 3, 7, 5, 4, 7, 8, 10, 10, 6, 10, 7, 4, 5, 10, 7, 7, 10, 9, 5, 5, 3, 6, 4, 9, 4, 8, 6, 4, 8, 7, 7, 7, 7, 10, 6, 8, 6, 8, 9, 9]
B_26 56.470000000000006 B 66 [2, 4, 2, 4, 1, 5, 1, 6, 2, 1, 6, 2, 4, 6, 4, 3, 4, 4, 1, 1, 4, 4, 5, 1, 2, 4, 1, 5, 1, 2, 6, 3, 3, 3, 5, 3, 5, 2, 5, 1, 2, 5, 6, 3, 5, 1, 3, 3, 5, 3, 4, 1, 2, 2, 1, 3, 4, 2, 5, 5, 1, 2, 4, 4, 5, 3, 2, 3, 2, 6, 4, 1, 6, 5, 6, 2, 2, 5, 3, 5] [6, 7, 5, 8, 4, 9, 3, 8, 5, 4, 10, 4, 8, 8, 7, 6, 8, 6, 5, 3, 8, 6, 8, 3, 6, 7, 5, 8, 3, 5, 10, 6, 7, 6, 8, 7, 8, 4, 8, 3, 4, 9, 10, 5, 8, 3, 7, 5, 8, 6, 8, 5, 6, 5, 5, 5, 6, 6, 7, 9, 5, 4, 8, 6, 7, 6, 6, 7, 5, 9, 7, 5, 10, 9, 9, 4, 5, 8, 7, 7]
B_27 57.470000000000006 B 67 [2, 1, 3, 5, 6, 1, 3, 4, 1, 4, 4, 5, 3, 1, 4, 3, 6, 2, 2, 5, 6, 6, 2, 3, 3, 6, 1, 4, 6, 2, 6, 5, 5, 1, 2, 3, 4, 5, 3, 3, 6, 3, 1, 1, 5, 3, 2, 4, 2, 1, 1, 2, 6, 1, 1, 2, 3, 2, 6, 3, 2, 4, 5, 2, 5, 2, 3, 2, 1, 6, 4, 2, 2, 1, 6, 1, 5, 2, 3, 2] [6, 3, 7, 9, 9, 3, 6, 6, 5, 6, 7, 9, 6, 3, 6, 7, 8, 4, 6, 7, 9, 9, 6, 6, 7, 8, 3, 6, 9, 6, 9, 8, 9, 3, 6, 6, 7, 9, 6, 5, 9, 7, 3, 4, 8, 7, 6, 6, 4, 3, 5, 6, 10, 3, 3, 5, 7, 4, 10, 6, 5, 6, 9, 5, 7, 4, 7, 5, 5, 10, 8, 5, 6, 3, 8, 5, 8, 6, 5, 6]
B_28 60.86000000000001 B 68 [1, 2, 2, 5, 2, 6, 5, 6, 4, 2, 6, 3, 2, 4, 2, 4, 3, 2, 2, 2, 3, 6, 6, 5, 5, 3, 5, 6, 6, 6, 4, 6, 4, 4, 4, 2, 4, 5, 5, 4, 1, 2, 3, 3, 3, 2, 4, 6, 5, 4, 4, 2, 1, 1, 3, 2, 6, 3, 1, 2, 2, 5, 4, 4, 6, 6, 2, 1, 2, 1, 3, 5, 1, 3, 3, 1, 1, 2, 4, 5] [4, 6, 6, 9, 4, 10, 9, 8, 7, 4, 9, 5, 5, 6, 4, 7, 7, 6, 5, 5, 6, 8, 10, 7, 7, 7, 9, 10, 10, 9, 7, 10, 7, 8, 8, 4, 8, 8, 9, 6, 5, 4, 6, 7, 6, 5, 6, 10, 7, 8, 6, 4, 4, 5, 6, 5, 9, 7, 5, 5, 4, 7, 8, 8, 10, 8, 5, 5, 4, 5, 7, 7, 3, 7, 5, 3, 5, 5, 7, 7]
B_29 61.86000000000001 B 69 [3, 3, 3, 5, 6, 5, 1, 2, 6, 1, 2, 5, 2, 2, 3, 4, 5, 5, 5, 1, 3, 4, 5, 2, 3, 1, 5, 3, 2, 4, 4, 4, 2, 4, 3, 1, 5, 2, 2, 3, 5, 3, 2, 1, 2, 2, 4, 4, 3, 2, 4, 5, 2, 3, 4, 2, 2, 1, 6, 1, 5, 3, 4, 3, 4, 3, 6, 6, 1, 5, 3, 5, 5, 3, 6, 6, 5, 6, 3, 1] [5, 6, 7, 8, 10, 9, 5, 5, 8, 3, 4, 8, 5, 5, 7, 8, 7, 8, 9, 4, 6, 7, 7, 4, 7, 5, 7, 5, 5, 6, 7, 8, 6, 8, 7, 3, 7, 6, 5, 6, 7, 5, 4, 4, 4, 6, 6, 7, 7, 4, 7, 9, 6, 5, 6, 4, 4, 4, 10, 4, 9, 5, 7, 7, 6, 7, 9, 10, 5, 8, 6, 9, 8, 7, 10, 8, 7, 8, 6, 5]
B_30 63.190000000000005 B 70 [5, 3, 4, 5, 5, 1, 2, 4, 4, 5, 1, 3, 3, 1, 4, 3, 5, 6, 6, 4, 3, 4, 3, 3, 3, 5, 3, 6, 4, 1, 2, 6, 4, 1, 6, 6, 3, 4, 1, 1, 2, 3, 2, 3, 2, 4, 3, 4, 2, 4, 2, 2, 1, 4, 2, 1, 2, 2, 1, 2, 5, 2, 6, 1, 4, 5, 4, 4, 3, 3, 2, 3, 6, 6, 1, 4, 1, 1, 1, 3] [8, 5, 8, 7, 7, 4, 5, 6, 6, 9, 4, 5, 6, 3, 6, 6, 8, 9, 8, 8, 5, 6, 6, 6, 5, 8, 7, 9, 7, 5, 5, 9, 8, 4, 9, 9, 6, 6, 5, 4, 5, 6, 6, 7, 5, 8, 5, 8, 6, 6, 6, 6, 3, 6, 6, 3, 6, 6, 3, 6, 7, 4, 8, 4, 7, 7, 7, 8, 7, 6, 5, 6, 8, 10, 4, 8, 4, 3, 4, 5]
B_31 70.55000000000001 B 71 [5, 5, 3, 4, 2, 5, 2, 5, 2, 3, 4, 3, 1, 6, 5, 1, 4, 4, 6, 6, 2, 5, 2, 6, 5, 6, 5, 2, 3, 4, 2, 6, 3, 5, 2, 1, 5, 2, 4, 4, 1, 1, 2, 3, 5, 6, 1, 6, 6, 1, 5, 1, 6, 1, 3, 1, 2, 6, 2, 2, 4, 3, 5, 1, 1, 3, 1, 2, 5, 5, 3, 1, 6, 5, 5, 4, 1, 4, 6, 2] [8, 7, 5, 8, 4, 9, 5, 9, 4, 6, 8, 6, 4, 8, 8, 3, 6, 8, 9, 9, 6, 8, 4, 8, 7, 8, 7, 4, 6, 6, 4, 9, 5, 7, 5, 4, 7, 4, 8, 6, 4, 5, 6, 5, 9, 9, 4, 9, 9, 4, 9, 4, 9, 4, 7, 5, 6, 8, 4, 4, 6, 5, 7, 4, 5, 7, 5, 5, 7, 9, 6, 5, 10, 7, 9, 8, 4, 7, 9, 5]
B_32 71.84000000000002 B 72 [3, 6, 4, 5, 4, 4, 3, 1, 1, 1, 3, 2, 1, 2, 1, 1, 5, 5, 6, 5, 1, 4, 5, 3, 4, 3, 1, 5, 2, 2, 6, 3, 1, 4, 2, 4, 4, 2, 6, 3, 2, 3, 1, 6, 3, 6, 2, 4, 1, 1, 4, 2, 5, 2, 1, 4, 2, 5, 1, 2, 2, 1, 4, 6, 5, 5, 6, 2, 1, 5, 6, 6, 3, 3, 1, 1, 3, 1, 1, 1] [5, 9, 6, 7, 6, 7, 6, 3, 5, 4, 7, 5, 5, 5, 4, 3, 9, 9, 8, 7, 5, 7, 7, 5, 6, 5, 3, 9, 5, 5, 9, 6, 5, 7, 6, 7, 8, 4, 9, 7, 6, 6, 4, 9, 6, 8, 5, 8, 4, 3, 8, 6, 7, 6, 3, 8, 6, 9, 3, 6, 5, 5, 6, 8, 8, 7, 10, 6, 3, 8, 8, 10, 6, 5, 5, 4, 5, 4, 5, 3]
B_33 74.61000000000001 B 73 [6, 4, 3, 1, 1, 5, 6, 5, 3, 2, 4, 4, 5, 3, 2, 5, 2, 4, 3, 5, 4, 2, 6, 2, 4, 4, 2, 3, 3, 4, 5, 3, 3, 3, 1, 4, 6, 5, 5, 4, 1, 4, 1, 2, 2, 5, 1, 5, 3, 6, 4, 5, 5, 3, 3, 4, 6, 6, 2, 1, 5, 4, 2, 6, 3, 6, 5, 1, 3, 3, 6, 5, 3, 1, 6, 2, 4, 4, 1, 1] [8, 6, 6, 3, 3, 8, 9, 8, 5, 4, 6, 7, 9, 7, 5, 9, 6, 8, 7, 7, 7, 5, 10, 4, 8, 8, 5, 7, 7, 7, 8, 7, 6, 5, 3, 7, 8, 7, 7, 7, 4, 8, 4, 5, 6, 7, 3, 9, 5, 9, 8, 9, 8, 7, 6, 7, 9, 9, 6, 5, 7, 6, 6, 8, 6, 10, 9, 3, 7, 7, 10, 7, 5, 5, 8, 4, 6, 8, 3, 4]
B_34 77.93 B 74 [3, 2, 3, 3, 4, 6, 4, 6, 2, 3, 2, 4, 4, 6, 3, 2, 1, 6, 1, 3, 3, 5, 4, 3, 3, 4, 4, 6, 3, 4, 3, 6, 2, 4, 5, 1, 2, 5, 3, 5, 4, 5, 6, 6, 4, 1, 2, 1, 2, 1, 6, 5, 1, 6, 6, 2, 5, 5, 5, 3, 5, 2, 6, 2, 5, 4, 6, 6, 3, 6, 1, 5, 1, 6, 5, 6, 4, 2, 2, 2] [5, 5, 6, 7, 8, 9, 7, 10, 4, 6, 5, 8, 6, 9, 5, 6, 5, 9, 5, 7, 7, 7, 7, 7, 6, 7, 7, 8, 7, 7, 5, 9, 4, 8, 9, 3, 5, 7, 7, 8, 6, 8, 10, 8, 7, 5, 5, 4, 4, 4, 10, 9, 4, 9, 8, 4, 9, 7, 9, 7, 9, 4, 9, 6, 8, 6, 9, 8, 5, 10, 4, 9, 5, 8, 8, 8, 8, 6, 5, 4]
B_35 83.93 B 75 [1, 2, 5, 5, 6, 1, 4, 4, 3, 5, 5, 2, 6, 5, 4, 1, 6, 6, 2, 3, 5, 1, 2, 2, 4, 2, 6, 3, 2, 1, 2, 4, 1, 5, 2, 5, 5, 2, 1, 3, 5, 5, 1, 3, 6, 2, 5, 5, 1, 2, 1, 5, 1, 3, 6, 5, 1, 2, 5, 3, 3, 3, 6, 3, 3, 4, 2, 1, 1, 6, 4, 4, 1, 2, 6, 5, 5, 3, 4, 1] [5, 6, 8, 7, 9, 3, 7, 6, 6, 7, 7, 5, 10, 7, 6, 3, 10, 8, 5, 7, 8, 3, 5, 6, 8, 6, 10, 7, 4, 4, 6, 7, 5, 8, 5, 9, 9, 6, 3, 7, 9, 7, 4, 7, 9, 6, 9, 9, 5, 6, 4, 9, 5, 5, 8, 9, 4, 5, 7, 6, 6, 5, 10, 6, 5, 8, 4, 5, 3, 8, 8, 8, 4, 4, 8, 7, 9, 6, 7, 4]
B_36 90.35000000000001 B 76 [6, 1, 4, 1, 3, 2, 2, 6, 4, 2, 4, 6, 3, 3, 1, 3, 1, 3, 3, 6, 3, 4, 6, 2, 1, 6, 6, 5, 3, 2, 6, 1, 6, 4, 1, 5, 3, 2, 6, 1, 6, 6, 4, 3, 4, 1, 5, 5, 5, 6, 4, 6, 4, 1, 2, 2, 3, 3, 4, 1, 2, 2, 6, 4, 1, 2, 2, 5, 1, 5, 1, 1, 3, 4, 4, 5, 1, 4, 4, 1] [9, 4, 8, 3, 6, 5, 5, 8, 8, 4, 7, 8, 5, 6, 5, 6, 5, 6, 6, 10, 6, 6, 10, 6, 4, 8, 8, 8, 7, 6, 9, 4, 10, 6, 3, 7, 7, 5, 8, 4, 8, 10, 7, 7, 6, 5, 7, 9, 9, 8, 8, 8, 6, 5, 5, 4, 7, 5, 8, 4, 4, 6, 10, 8, 5, 6, 5, 8, 5, 7, 4, 4, 5, 6, 8, 9, 5, 7, 7, 5]
B_37 96.03 B 77 [6, 6, 3, 1, 1, 5, 3, 3, 5, 3, 4, 3, 6, 1, 2, 2, 2, 4, 2, 4, 3, 5, 4, 3, 3, 6, 1, 5, 5, 5, 6, 6, 1, 1, 5, 4, 4, 2, 4, 4, 5, 1, 1, 4, 3, 1, 1, 4, 3, 5, 5, 2, 4, 4, 2, 6, 2, 3, 3, 2, 3, 4, 6, 1, 1, 6, 5, 2, 2, 6, 1, 4, 1, 4, 2, 3, 4, 4, 2, 4] [8, 10, 5, 3, 5, 9, 7, 7, 8, 6, 8, 7, 8, 3, 5, 5, 4, 7, 5, 8, 5, 7, 7, 5, 7, 9, 5, 8, 8, 9, 9, 10, 3, 3, 8, 6, 6, 5, 8, 6, 8, 5, 4, 6, 5, 4, 3, 6, 7, 8, 9, 5, 6, 6, 5, 10, 6, 6, 6, 5, 5, 6, 9, 3, 4, 8, 8, 6, 5, 8, 3, 7, 4, 8, 6, 6, 7, 6, 4, 6]
B_38 99.96000000000001 B 78 [5, 3, 1, 2, 4, 1, 5, 5, 2, 6, 1, 4, 2, 3, 6, 2, 6, 3, 2, 2, 1, 6, 5, 2, 5, 3, 1, 3, 3, 3, 1, 5, 4, 6, 2, 6, 5, 5, 1, 1, 1, 1, 1, 3, 3, 6, 5, 4, 3, 3, 6, 4, 5, 6, 6, 6, 5, 6, 4, 3, 4, 6, 4, 1, 5, 5, 3, 3, 4, 3, 1, 6, 1, 1, 2, 4, 4, 2, 5, 4] [7, 6, 3, 4, 8, 5, 7, 9, 5, 8, 5, 7, 5, 7, 8, 5, 9, 6, 5, 4, 3, 9, 9, 5, 9, 7, 4, 6, 7, 7, 5, 9, 6, 9, 5, 9, 9, 7, 5, 5, 3, 4, 5, 6, 6, 9, 7, 8, 5, 5, 8, 8, 7, 10, 8, 10, 7, 9, 8, 5, 7, 8, 6, 5, 7, 9, 7, 5, 7, 6, 4, 9, 5, 3, 5, 7, 7, 4, 7, 8]
B_39 101.25000000000001 B 79 [1, 5, 5, 1, 6, 3, 5, 4, 3, 4, 5, 5, 5, 5, 4, 2, 3, 6, 2, 6, 4, 4, 6, 1, 5, 6, 2, 1, 2, 2, 3, 1, 6, 6, 6, 6, 3, 4, 3, 2, 1, 5, 6, 1, 2, 2, 6, 1, 6, 6, 2, 2, 5, 3, 2, 6, 1, 1, 2, 3, 5, 5, 6, 4, 6, 5, 5, 2, 5, 1, 3, 2, 1, 1, 2, 1, 1, 4, 4, 5] [3, 8, 9, 5, 8, 5, 7, 8, 5, 6, 7, 9, 9, 8, 8, 4, 7, 10, 6, 9, 6, 8, 8, 4, 9, 9, 5, 5, 6, 4, 7, 5, 10, 8, 9, 9, 6, 8, 6, 5, 3, 9, 10, 4, 5, 5, 10, 3, 9, 10, 4, 5, 8, 7, 6, 9, 3, 5, 6, 6, 7, 9, 9, 6, 8, 9, 7, 6, 7, 5, 5, 5, 3, 4, 4, 4, 5, 6, 8, 7]
