A_0 1 A 0 [4, 5, 2, 2, 5, 2, 5, 1, 6, 5, 3, 6, 6, 4, 5, 6, 6, 2, 6, 3, 2, 3, 5, 6, 5, 4, 6, 4, 3, 1, 5, 6, 2, 2, 4, 2, 1, 5, 2, 1, 6, 5, 6, 2, 3, 2, 4, 6, 4, 4, 1, 3, 1, 6, 6, 6, 1, 5, 4, 3, 3, 1, 6, 1, 2, 3, 3, 3, 2, 6, 2, 5, 3, 1, 5, 2, 3, 4, 3, 3] [4, 7, 3, 3, 6, 2, 7, 2, 6, 5, 4, 7, 8, 5, 7, 7, 6, 4, 8, 3, 4, 4, 7, 7, 6, 6, 7, 6, 4, 3, 5, 8, 3, 4, 5, 3, 1, 5, 2, 2, 7, 7, 8, 4, 3, 4, 5, 8, 6, 4, 2, 3, 3, 7, 6, 7, 3, 5, 4, 3, 5, 2, 8, 3, 4, 5, 5, 4, 4, 8, 2, 5, 3, 3, 7, 4, 5, 6, 4, 4]
A_1 2 A 1 [5, 3, 4, 2, 2, 5, 6, 2, 6, 3, 2, 6, 2, 3, 6, 1, 6, 4, 6, 1, 2, 4, 2, 6, 3, 6, 4, 3, 2, 6, 5, 6, 3, 3, 6, 2, 5, 4, 2, 3, 1, 6, 3, 4, 1, 3, 5, 5, 5, 5, 6, 4, 4, 2, 6, 3, 6, 6, 5, 4, 2, 2, 4, 1, 4, 4, 6, 4, 5, 2, 4, 6, 5, 4, 1, 4, 5, 2, 2, 1] [7, 3, 4, 3, 4, 5, 6, 4, 8, 5, 2, 6, 2, 4, 6, 1, 6, 6, 7, 2, 4, 4, 2, 6, 4, 8, 5, 5, 4, 6, 7, 7, 5, 5, 7, 4, 5, 4, 3, 4, 3, 6, 4, 6, 1, 4, 7, 6, 5, 6, 7, 6, 4, 2, 6, 5, 7, 7, 5, 4, 2, 3, 5, 2, 6, 4, 7, 6, 7, 2, 6, 6, 5, 5, 2, 4, 7, 2, 4, 1]
A_2 7.69 A 2 [2, 4, 2, 4, 1, 6, 4, 2, 1, 5, 2, 6, 3, 1, 6, 6, 3, 5, 6, 2, 4, 2, 5, 1, 5, 4, 5, 5, 6, 2, 4, 5, 2, 2, 6, 1, 4, 6, 4, 4, 5, 1, 1, 1, 4, 6, 6, 1, 5, 4, 6, 4, 6, 5, 1, 4, 3, 1, 6, 3, 2, 1, 3, 5, 6, 5, 5, 3, 6, 3, 3, 5, 3, 4, 4, 2, 6, 1, 4, 3] [3, 4, 2, 4, 1, 6, 5, 3, 1, 7, 3, 6, 4, 2, 8, 8, 5, 6, 7, 3, 5, 2, 5, 2, 5, 5, 6, 6, 6, 4, 4, 7, 4, 2, 7, 1, 6, 8, 4, 6, 5, 2, 2, 2, 5, 6, 6, 3, 5, 5, 8, 6, 8, 6, 3, 6, 5, 1, 7, 4, 2, 2, 4, 5, 8, 7, 5, 4, 7, 3, 3, 7, 3, 5, 6, 4, 8, 3, 6, 3]
A_3 10.38 A 3 [2, 2, 4, 4, 2, 3, 3, 5, 6, 5, 6, 1, 4, 2, 6, 2, 6, 6, 4, 1, 3, 2, 1, 3, 1, 2, 4, 5, 5, 2, 1, 5, 2, 2, 5, 3, 6, 4, 2, 2, 2, 6, 4, 5, 6, 3, 4, 5, 1, 3, 3, 5, 3, 1, 1, 1, 1, 6, 5, 1, 3, 2, 2, 3, 5, 6, 1, 3, 3, 5, 1, 2, 1, 4, 4, 4, 1, 2, 5, 3] [3, 3, 4, 6, 3, 5, 5, 5, 7, 6, 7, 2, 4, 2, 6, 4, 7, 7, 4, 2, 4, 3, 2, 5, 3, 4, 6, 7, 5, 3, 2, 6, 4, 3, 7, 3, 7, 4, 2, 4, 4, 7, 6, 6, 7, 3, 6, 5, 3, 3, 3, 5, 3, 3, 1, 3, 1, 7, 7, 3, 5, 3, 4, 5, 5, 7, 3, 5, 5, 6, 1, 3, 3, 5, 6, 5, 3, 2, 6, 3]
A_4 11.38 A 4 [5, 2, 1, 2, 6, 3, 3, 2, 1, 5, 6, 1, 2, 4, 3, 6, 5, 1, 3, 1, 1, 5, 3, 5, 5, 1, 5, 1, 4, 1, 5, 3, 2, 3, 6, 1, 1, 4, 3, 2, 3, 5, 2, 3, 5, 1, 2, 1, 1, 4, 3, 5, 6, 5, 1, 5, 4, 6, 6, 5, 3, 1, 2, 1, 2, 6, 6, 1, 1, 1, 4, 2, 3, 6, 3, 3, 2, 3, 1, 3] [6, 4, 1, 3, 7, 3, 5, 2, 2, 6, 7, 3, 2, 6, 5, 8, 7, 3, 4, 3, 3, 5, 4, 5, 7, 2, 5, 1, 4, 3, 6, 4, 4, 3, 8, 1, 3, 4, 4, 2, 3, 6, 3, 5, 5, 3, 4, 1, 2, 5, 5, 5, 6, 5, 2, 5, 6, 6, 7, 7, 3, 3, 2, 1, 3, 8, 6, 2, 2, 2, 5, 4, 4, 7, 3, 5, 2, 4, 2, 3]
A_5 12.770000000000001 A 5 [2, 5, 6, 3, 3, 4, 1, 4, 5, 5, 4, 3, 3, 6, 6, 2, 2, 5, 4, 4, 2, 3, 3, 6, 6, 6, 6, 3, 6, 3, 3, 3, 4, 3, 6, 2, 5, 4, 6, 3, 3, 1, 6, 1, 6, 3, 4, 2, 5, 1, 3, 2, 6, 1, 4, 4, 1, 2, 3, 5, 6, 5, 4, 4, 4, 3, 5, 6, 3, 2, 4, 1, 3, 6, 3, 2, 6, 4, 5, 3] [2, 5, 6, 5, 3, 4, 2, 6, 6, 5, 4, 5, 5, 7, 7, 2, 3, 7, 4, 4, 4, 5, 4, 8, 7, 8, 6, 4, 7, 5, 3, 4, 5, 4, 8, 3, 5, 6, 7, 4, 4, 3, 8, 3, 8, 5, 4, 4, 5, 3, 3, 3, 6, 1, 6, 4, 1, 4, 4, 6, 7, 7, 4, 5, 4, 5, 7, 7, 4, 2, 5, 2, 4, 7, 3, 3, 7, 5, 6, 5]
A_6 14.21 A 6 [5, 6, 4, 3, 3, 1, 1, 3, 2, 3, 1, 6, 6, 4, 5, 5, 1, 3, 5, 6, 5, 4, 3, 3, 2, 1, 4, 5, 2, 2, 3, 1, 6, 6, 3, 3, 1, 3, 2, 6, 6, 5, 3, 2, 1, 4, 3, 5, 1, 4, 2, 4, 1, 6, 2, 6, 6, 5, 4, 2, 2, 6, 2, 4, 2, 3, 1, 6, 1, 2, 2, 1, 1, 1, 6, 6, 6, 6, 1, 2] [7, 6, 5, 5, 5, 2, 3, 4, 2, 4, 2, 7, 8, 6, 6, 6, 2, 4, 6, 8, 7, 6, 3, 3, 4, 3, 6, 5, 2, 2, 5, 2, 7, 7, 5, 3, 1, 5, 3, 6, 6, 6, 4, 2, 3, 5, 5, 7, 1, 6, 4, 5, 2, 8, 2, 7, 8, 7, 4, 3, 3, 7, 2, 5, 2, 5, 1, 7, 3, 3, 3, 1, 2, 2, 6, 6, 8, 7, 2, 2]
A_7 18.29 A 7 [1, 2, 2, 5, 2, 4, 3, 4, 1, 5, 2, 3, 2, 3, 5, 4, 5, 5, 3, 2, 3, 2, 3, 1, 6, 5, 4, 1, 3, 4, 5, 1, 6, 4, 3, 5, 5, 1, 6, 4, 1, 5, 4, 2, 6, 5, 5, 5, 6, 3, 6, 1, 4, 6, 1, 3, 3, 4, 2, 3, 4, 4, 5, 2, 5, 2, 2, 3, 4, 3, 3, 4, 4, 3, 2, 3, 2, 1, 4, 6] [2, 4, 3, 5, 2, 6, 4, 4, 2, 6, 2, 4, 4, 3, 7, 5, 7, 6, 5, 4, 3, 4, 3, 2, 8, 5, 5, 2, 3, 5, 7, 1, 7, 6, 3, 6, 7, 1, 8, 5, 3, 6, 4, 4, 7, 6, 5, 7, 7, 3, 6, 1, 6, 7, 3, 4, 3, 5, 4, 5, 6, 4, 5, 2, 5, 2, 2, 3, 4, 3, 3, 4, 6, 3, 4, 4, 2, 3, 5, 6]
A_8 21.46 A 8 [6, 6, 1, 6, 1, 5, 2, 1, 5, 2, 2, 1, 4, 1, 5, 3, 5, 4, 2, 3, 3, 1, 4, 1, 2, 2, 6, 4, 4, 5, 6, 1, 3, 4, 6, 5, 3, 3, 6, 1, 2, 4, 2, 6, 3, 4, 5, 3, 3, 4, 2, 3, 1, 6, 1, 3, 5, 3, 4, 5, 5, 4, 3, 5, 5, 6, 4, 1, 6, 1, 5, 5, 2, 1, 6, 4, 2, 4, 6, 2] [6, 8, 1, 7, 2, 6, 2, 2, 7, 2, 4, 3, 6, 3, 5, 4, 7, 6, 2, 4, 4, 3, 6, 2, 4, 2, 6, 6, 5, 6, 7, 2, 4, 4, 8, 7, 5, 5, 8, 3, 4, 5, 4, 6, 3, 5, 7, 3, 5, 4, 3, 5, 2, 7, 1, 4, 7, 4, 4, 6, 5, 6, 5, 5, 6, 7, 4, 3, 7, 3, 5, 6, 3, 3, 6, 6, 2, 4, 7, 3]
A_9 22.46 A 9 [5, 3, 5, 5, 5, 5, 3, 5, 2, 2, 1, 3, 6, 4, 4, 3, 2, 1, 4, 5, 1, 4, 5, 3, 5, 1, 4, 1, 4, 1, 3, 6, 3, 6, 6, 5, 6, 2, 4, 5, 5, 2, 2, 1, 1, 4, 4, 5, 4, 6, 3, 6, 2, 5, 5, 3, 4, 2, 6, 2, 6, 1, 5, 5, 6, 3, 1, 6, 5, 2, 1, 3, 4, 5, 4, 2, 5, 4, 6, 2] [5, 5, 7, 6, 6, 5, 4, 6, 2, 4, 1, 5, 6, 4, 5, 3, 2, 3, 5, 5, 3, 4, 6, 5, 7, 2, 4, 1, 5, 2, 3, 8, 5, 8, 8, 5, 7, 4, 5, 7, 5, 4, 4, 2, 1, 6, 5, 7, 4, 8, 4, 8, 4, 5, 5, 4, 6, 2, 7, 4, 8, 1, 7, 6, 7, 5, 1, 7, 7, 4, 1, 4, 4, 6, 4, 3, 5, 4, 8, 4]
A_10 24.46 A 10 [3, 2, 2, 6, 6, 4, 1, 2, 2, 1, 1, 4, 5, 1, 5, 2, 3, 6, 5, 6, 1, 4, 2, 5, 3, 2, 3, 4, 5, 6, 2, 3, 1, 2, 4, 5, 5, 4, 1, 5, 1, 5, 2, 4, 1, 1, 2, 2, 6, 5, 1, 4, 6, 6, 5, 1, 4, 3, 6, 1, 6, 2, 5, 1, 4, 1, 5, 6, 6, 2, 4, 6, 3, 5, 4, 5, 3, 2, 4, 1] [4, 2, 3, 7, 7, 4, 2, 2, 4, 1, 3, 5, 5, 1, 7, 4, 3, 7, 6, 7, 3, 6, 4, 7, 3, 2, 5, 4, 5, 6, 4, 4, 2, 3, 5, 5, 6, 5, 1, 7, 3, 5, 3, 4, 2, 1, 2, 3, 6, 7, 3, 6, 8, 7, 5, 2, 5, 5, 7, 2, 7, 2, 7, 1, 6, 1, 6, 6, 8, 3, 5, 6, 3, 5, 5, 5, 4, 4, 4, 2]
A_11 26.43 A 11 [6, 6, 6, 1, 1, 3, 6, 3, 1, 3, 4, 2, 1, 5, 3, 4, 3, 3, 2, 6, 2, 1, 5, 2, 2, 1, 1, 6, 4, 6, 2, 4, 2, 6, 6, 4, 3, 2, 4, 1, 5, 5, 1, 4, 2, 6, 1, 2, 1, 5, 5, 4, 4, 2, 3, 4, 5, 6, 3, 1, 6, 1, 2, 6, 3, 3, 6, 6, 2, 1, 5, 3, 5, 1, 4, 5, 5, 4, 3, 3] [7, 6, 6, 2, 3, 5, 7, 4, 3, 5, 5, 4, 1, 6, 3, 5, 4, 4, 4, 6, 4, 1, 7, 4, 2, 2, 2, 7, 5, 7, 2, 5, 3, 8, 8, 5, 4, 2, 6, 1, 7, 7, 2, 5, 4, 8, 1, 3, 1, 5, 5, 6, 6, 2, 5, 5, 6, 8, 5, 3, 8, 2, 3, 7, 5, 5, 8, 7, 4, 3, 5, 4, 5, 2, 5, 5, 5, 4, 3, 3]
A_12 28.68 A 12 [6, 2, 3, 4, 2, 3, 6, 2, 4, 6, 5, 1, 1, 1, 3, 5, 2, 6, 6, 3, 4, 5, 2, 2, 4, 3, 6, 4, 6, 6, 6, 3, 3, 2, 5, 5, 2, 2, 4, 5, 5, 4, 6, 4, 5, 5, 1, 2, 4, 2, 4, 2, 4, 6, 1, 1, 4, 5, 3, 4, 3, 3, 4, 3, 5, 6, 2, 2, 3, 3, 4, 4, 1, 4, 4, 4, 6, 1, 4, 2] [8, 2, 4, 4, 2, 5, 8, 4, 6, 6, 5, 1, 2, 1, 5, 5, 3, 8, 8, 5, 4, 5, 3, 3, 5, 3, 7, 5, 8, 8, 6, 3, 5, 4, 5, 6, 2, 2, 6, 5, 6, 5, 8, 5, 6, 7, 3, 2, 6, 4, 6, 4, 4, 6, 3, 1, 6, 6, 4, 4, 5, 5, 5, 3, 7, 6, 3, 2, 4, 5, 6, 4, 1, 5, 5, 5, 7, 1, 4, 2]
A_13 29.68 A 13 [4, 3, 1, 2, 4, 6, 4, 3, 1, 4, 1, 5, 1, 4, 1, 4, 4, 6, 2, 1, 1, 5, 2, 3, 3, 3, 5, 4, 5, 1, 2, 3, 1, 4, 3, 1, 4, 4, 6, 3, 1, 1, 5, 2, 6, 1, 2, 4, 2, 1, 5, 2, 3, 2, 3, 6, 1, 5, 3, 4, 3, 3, 5, 2, 1, 3, 6, 4, 1, 2, 5, 2, 5, 3, 2, 2, 3, 4, 3, 4] [5, 4, 2, 2, 6, 7, 6, 3, 3, 4, 1, 6, 1, 6, 1, 6, 6, 7, 4, 2, 2, 7, 2, 4, 5, 4, 6, 5, 7, 1, 2, 5, 2, 4, 5, 1, 4, 4, 8, 5, 2, 2, 6, 2, 8, 3, 2, 4, 2, 2, 6, 3, 3, 4, 4, 6, 3, 7, 3, 5, 3, 4, 7, 3, 3, 5, 7, 6, 1, 2, 6, 3, 6, 3, 2, 4, 3, 4, 3, 6]
A_14 32.59 A 14 [5, 6, 6, 6, 3, 6, 5, 5, 5, 4, 5, 3, 3, 1, 3, 1, 3, 4, 2, 6, 1, 2, 3, 4, 6, 6, 5, 5, 2, 6, 4, 1, 3, 2, 1, 5, 5, 5, 6, 4, 3, 6, 1, 6, 3, 3, 3, 4, 5, 2, 2, 4, 4, 5, 6, 5, 3, 2, 2, 1, 5, 3, 3, 4, 1, 1, 5, 2, 2, 3, 5, 2, 4, 2, 3, 2, 2, 6, 6, 3] [7, 6, 8, 6, 5, 7, 6, 7, 5, 5, 7, 3, 5, 1, 5, 2, 5, 5, 3, 7, 1, 3, 4, 6, 6, 6, 5, 7, 3, 7, 4, 3, 5, 4, 1, 6, 6, 5, 8, 4, 5, 6, 3, 7, 4, 3, 5, 4, 7, 3, 2, 4, 4, 5, 8, 5, 5, 4, 3, 2, 7, 5, 5, 4, 3, 3, 6, 4, 3, 5, 6, 3, 4, 2, 4, 2, 2, 7, 6, 4]
A_15 37.800000000000004 A 15 [6, 1, 6, 2, 6, 2, 5, 4, 3, 3, 2, 4, 5, 4, 1, 6, 2, 5, 2, 3, 6, 6, 3, 5, 3, 6, 4, 1, 1, 2, 3, 5, 3, 2, 3, 4, 6, 1, 2, 1, 1, 1, 1, 3, 5, 1, 6, 3, 1, 2, 5, 5, 1, 5, 4, 5, 5, 2, 4, 1, 5, 2, 3, 6, 6, 6, 1, 5, 5, 4, 2, 5, 4, 4, 2, 5, 6, 3, 6, 4] [7, 1, 8, 4, 8, 2, 6, 5, 4, 3, 4, 5, 5, 6, 2, 8, 2, 5, 2, 4, 7, 6, 5, 7, 4, 7, 5, 2, 3, 4, 4, 6, 5, 4, 5, 4, 8, 2, 3, 3, 3, 3, 1, 5, 5, 1, 7, 4, 2, 4, 5, 5, 2, 6, 5, 7, 7, 2, 6, 3, 7, 2, 4, 6, 7, 8, 2, 7, 5, 4, 4, 5, 4, 6, 4, 7, 6, 3, 6, 4]
A_16 45.00000000000001 A 16 [6, 6, 3, 6, 5, 2, 1, 5, 5, 2, 3, 3, 2, 4, 3, 2, 3, 2, 5, 5, 1, 4, 4, 6, 2, 2, 4, 2, 3, 6, 5, 6, 3, 6, 1, 1, 3, 1, 2, 2, 6, 6, 2, 6, 2, 3, 6, 4, 1, 5, 2, 5, 5, 2, 4, 6, 1, 1, 1, 1, 3, 5, 4, 2, 3, 1, 6, 4, 6, 6, 5, 1, 2, 3, 5, 5, 4, 1, 6, 3] [6, 6, 5, 7, 7, 3, 2, 7, 7, 2, 3, 4, 3, 6, 5, 2, 5, 4, 7, 7, 1, 5, 5, 6, 3, 3, 4, 3, 5, 6, 5, 8, 4, 8, 2, 3, 4, 2, 3, 3, 7, 8, 4, 8, 4, 4, 7, 4, 2, 7, 4, 6, 6, 4, 6, 6, 2, 3, 2, 2, 4, 6, 6, 3, 4, 2, 7, 4, 8, 8, 6, 2, 3, 3, 7, 7, 5, 3, 6, 4]
A_17 50.81000000000001 A 17 [2, 4, 5, 6, 1, 5, 3, 5, 4, 1, 6, 3, 6, 6, 4, 5, 2, 5, 2, 5, 2, 6, 2, 4, 2, 4, 3, 1, 2, 4, 2, 5, 6, 4, 1, 4, 5, 3, 1, 5, 5, 5, 3, 5, 5, 4, 5, 5, 1, 6, 3, 2, 4, 2, 1, 3, 6, 1, 2, 5, 4, 1, 1, 1, 2, 2, 4, 3, 6, 1, 1, 5, 5, 3, 2, 6, 5, 1, 5, 1] [4, 6, 6, 7, 3, 7, 4, 6, 6, 3, 7, 4, 8, 7, 5, 5, 4, 5, 4, 6, 4, 6, 2, 6, 2, 6, 4, 1, 2, 4, 4, 7, 7, 6, 2, 4, 5, 3, 3, 6, 5, 5, 4, 5, 7, 6, 7, 5, 1, 7, 3, 4, 5, 4, 1, 4, 8, 3, 3, 5, 4, 1, 1, 3, 4, 3, 5, 4, 7, 1, 2, 5, 6, 3, 2, 7, 5, 2, 6, 1]
A_18 51.81000000000001 A 18 [6, 6, 6, 4, 3, 4, 5, 3, 2, 4, 5, 2, 6, 2, 2, 2, 5, 2, 2, 4, 1, 2, 6, 5, 1, 6, 5, 5, 6, 1, 2, 2, 6, 2, 5, 6, 2, 5, 2, 4, 5, 5, 5, 5, 4, 6, 1, 4, 3, 4, 1, 6, 4, 5, 1, 3, 4, 6, 6, 1, 2, 4, 6, 2, 5, 1, 5, 4, 5, 4, 4, 6, 6, 5, 2, 6, 2, 1, 1, 4] [8, 7, 7, 4, 4, 4, 6, 5, 2, 5, 6, 4, 8, 4, 3, 2, 7, 4, 3, 6, 3, 2, 6, 5, 1, 6, 5, 7, 6, 3, 4, 2, 6, 3, 5, 8, 2, 5, 4, 6, 5, 5, 7, 7, 4, 6, 3, 6, 3, 6, 1, 7, 4, 7, 2, 5, 4, 8, 8, 2, 3, 5, 6, 4, 7, 1, 6, 5, 5, 5, 4, 7, 6, 7, 4, 8, 4, 2, 2, 5]
A_19 59.64000000000001 A 19 [3, 1, 2, 1, 1, 4, 6, 2, 3, 5, 6, 6, 3, 1, 6, 3, 5, 5, 4, 5, 2, 4, 6, 5, 5, 6, 1, 5, 6, 6, 5, 4, 4, 6, 6, 2, 1, 1, 1, 1, 2, 2, 1, 6, 1, 5, 1, 2, 2, 4, 2, 3, 4, 3, 1, 1, 6, 3, 3, 3, 6, 1, 4, 3, 3, 2, 3, 5, 1, 3, 4, 6, 5, 5, 1, 4, 4, 6, 6, 4] [3, 2, 3, 2, 3, 4, 8, 4, 4, 5, 7, 6, 5, 2, 7, 4, 7, 6, 6, 6, 3, 6, 8, 7, 7, 6, 3, 7, 7, 8, 5, 6, 4, 6, 8, 2, 3, 1, 2, 1, 4, 3, 1, 6, 2, 5, 1, 2, 2, 6, 3, 3, 4, 5, 1, 3, 6, 4, 5, 4, 8, 2, 4, 4, 5, 4, 5, 5, 3, 3, 4, 8, 5, 7, 1, 5, 6, 8, 6, 5]
A_20 60.64000000000001 A 20 [2, 2, 4, 3, 1, 2, 5, 3, 3, 1, 1, 2, 4, 1, 1, 6, 1, 2, 1, 2, 4, 2, 3, 6, 1, 2, 5, 5, 3, 4, 1, 6, 3, 3, 5, 2, 6, 1, 4, 4, 1, 2, 5, 4, 3, 6, 1, 3, 2, 6, 6, 2, 4, 4, 4, 1, 2, 2, 4, 2, 2, 5, 1, 1, 1, 3, 2, 2, 4, 6, 5, 4, 4, 2, 2, 5, 1, 4, 1, 3] [4, 4, 5, 4, 3, 4, 7, 3, 4, 3, 3, 4, 4, 2, 1, 7, 1, 4, 3, 3, 4, 3, 5, 7, 1, 2, 6, 6, 5, 6, 3, 6, 3, 5, 5, 3, 7, 1, 4, 5, 1, 2, 7, 4, 5, 8, 2, 4, 4, 6, 7, 3, 6, 6, 6, 3, 2, 2, 5, 4, 2, 7, 3, 3, 2, 4, 2, 2, 6, 8, 5, 6, 4, 3, 3, 6, 3, 5, 3, 5]
A_21 64.35000000000001 A 21 [3, 4, 2, 2, 5, 3, 4, 2, 1, 4, 4, 1, 5, 5, 2, 6, 4, 6, 2, 4, 2, 5, 3, 3, 3, 1, 1, 5, 4, 2, 2, 6, 2, 3, 4, 3, 1, 4, 3, 4, 1, 2, 2, 4, 3, 4, 2, 4, 5, 3, 2, 1, 3, 3, 4, 5, 4, 5, 3, 2, 3, 5, 2, 2, 3, 3, 5, 4, 5, 3, 5, 1, 3, 1, 6, 3, 1, 1, 1, 1] [4, 4, 2, 3, 5, 5, 6, 4, 3, 4, 6, 1, 5, 7, 3, 6, 5, 6, 2, 6, 3, 7, 4, 3, 5, 2, 3, 5, 5, 4, 4, 8, 3, 5, 6, 4, 2, 4, 3, 5, 1, 2, 3, 4, 4, 6, 4, 4, 5, 4, 3, 3, 4, 3, 6, 6, 6, 5, 5, 2, 4, 7, 3, 2, 4, 3, 5, 6, 7, 5, 6, 3, 5, 2, 6, 3, 3, 3, 1, 1]
A_22 68.58000000000001 A 22 [5, 2, 5, 1, 3, 3, 3, 3, 4, 5, 2, 5, 2, 2, 3, 3, 4, 2, 6, 6, 3, 3, 2, 1, 2, 5, 3, 6, 2, 4, 1, 4, 3, 1, 6, 1, 2, 1, 6, 6, 3, 6, 1, 5, 6, 5, 5, 3, 1, 3, 4, 3, 4, 4, 3, 2, 2, 1, 2, 2, 4, 2, 4, 3, 4, 5, 2, 6, 1, 3, 4, 2, 2, 6, 4, 2, 3, 6, 2, 5] [7, 2, 5, 2, 4, 4, 3, 3, 6, 6, 4, 7, 3, 2, 4, 5, 5, 2, 6, 8, 5, 4, 3, 1, 2, 7, 4, 7, 4, 6, 1, 6, 5, 2, 8, 3, 4, 1, 7, 6, 5, 8, 3, 6, 6, 5, 6, 5, 2, 3, 5, 3, 4, 5, 4, 4, 3, 1, 2, 2, 6, 4, 5, 3, 6, 7, 4, 6, 2, 4, 4, 3, 3, 7, 5, 4, 4, 7, 4, 7]
A_23 71.01000000000002 A 23 [6, 6, 1, 3, 5, 6, 3, 1, 1, 3, 5, 2, 2, 3, 4, 5, 6, 4, 5, 5, 6, 3, 1, 6, 2, 3, 1, 1, 2, 4, 3, 5, 3, 5, 5, 4, 1, 4, 5, 5, 2, 5, 2, 6, 6, 2, 6, 1, 6, 6, 1, 1, 2, 3, 3, 1, 4, 6, 5, 5, 6, 4, 5, 5, 2, 1, 6, 6, 3, 5, 4, 3, 1, 6, 3, 5, 6, 4, 2, 1] [7, 6, 2, 5, 5, 8, 3, 2, 2, 5, 7, 4, 3, 4, 6, 7, 6, 6, 5, 7, 7, 3, 1, 7, 2, 3, 3, 2, 4, 4, 4, 6, 5, 6, 5, 6, 2, 5, 7, 5, 4, 6, 4, 7, 7, 2, 6, 3, 7, 6, 1, 3, 2, 4, 3, 1, 6, 6, 7, 7, 6, 5, 7, 5, 4, 3, 7, 8, 4, 6, 6, 5, 3, 8, 4, 5, 8, 5, 3, 1]
A_24 72.01000000000002 A 24 [5, 3, 5, 1, 5, 6, 2, 6, 2, 5, 3, 2, 4, 3, 6, 3, 2, 2, 1, 5, 1, 3, 2, 2, 2, 2, 2, 5, 4, 4, 4, 4, 6, 2, 2, 4, 2, 4, 5, 4, 4, 1, 4, 2, 4, 6, 3, 1, 6, 6, 6, 4, 4, 1, 1, 3, 1, 3, 1, 4, 6, 2, 1, 5, 4, 2, 3, 5, 5, 1, 5, 6, 3, 2, 3, 1, 5, 4, 6, 6] [6, 4, 5, 3, 7, 7, 4, 8, 4, 7, 3, 2, 5, 5, 6, 4, 3, 2, 1, 7, 1, 5, 2, 2, 4, 3, 2, 5, 6, 6, 4, 6, 7, 4, 3, 6, 4, 4, 5, 4, 5, 2, 4, 3, 5, 7, 4, 3, 8, 7, 6, 4, 5, 3, 2, 5, 2, 4, 3, 5, 7, 3, 1, 5, 5, 3, 3, 7, 7, 2, 5, 6, 3, 3, 3, 3, 5, 4, 7, 6]
A_25 73.01000000000002 A 25 [4, 6, 4, 2, 1, 6, 1, 5, 2, 1, 2, 1, 3, 3, 6, 6, 2, 4, 6, 6, 2, 1, 5, 3, 2, 4, 2, 2, 5, 5, 2, 4, 6, 1, 4, 5, 2, 1, 2, 6, 1, 5, 2, 6, 4, 3, 6, 2, 5, 1, 5, 1, 3, 3, 5, 6, 2, 1, 5, 5, 4, 3, 5, 1, 5, 6, 3, 6, 4, 5, 3, 5, 1, 2, 5, 3, 5, 5, 1, 6] [6, 8, 5, 4, 2, 8, 3, 5, 2, 2, 2, 2, 3, 4, 6, 7, 3, 6, 6, 6, 2, 2, 7, 3, 3, 4, 4, 4, 7, 6, 2, 5, 7, 2, 5, 6, 2, 3, 4, 7, 2, 7, 3, 8, 5, 4, 8, 3, 5, 2, 7, 2, 4, 3, 5, 8, 3, 1, 7, 5, 5, 5, 6, 3, 5, 7, 3, 7, 6, 6, 4, 6, 2, 2, 6, 5, 6, 7, 3, 7]
A_26 80.09000000000002 A 26 [6, 4, 5, 4, 5, 6, 4, 4, 6, 4, 3, 1, 6, 5, 5, 4, 4, 3, 5, 1, 5, 1, 3, 1, 2, 2, 2, 6, 1, 3, 2, 6, 2, 6, 4, 4, 6, 3, 5, 2, 5, 3, 6, 4, 4, 4, 4, 1, 3, 3, 3, 1, 4, 6, 1, 1, 4, 3, 4, 6, 6, 3, 2, 5, 2, 6, 3, 4, 4, 2, 3, 6, 4, 3, 5, 2, 3, 2, 2, 3] [7, 5, 6, 6, 5, 6, 6, 5, 6, 4, 5, 2, 7, 6, 5, 5, 4, 4, 5, 3, 6, 3, 4, 3, 2, 4, 3, 6, 1, 3, 4, 6, 4, 7, 4, 5, 7, 4, 7, 2, 7, 4, 7, 4, 5, 5, 4, 2, 4, 3, 5, 3, 5, 6, 1, 3, 4, 5, 4, 6, 6, 3, 4, 5, 2, 8, 5, 6, 6, 2, 4, 8, 4, 5, 5, 2, 4, 4, 2, 5]
A_27 83.10000000000002 A 27 [4, 3, 5, 5, 1, 3, 5, 1, 4, 1, 4, 6, 4, 4, 5, 1, 2, 1, 5, 5, 5, 5, 6, 1, 5, 2, 6, 1, 5, 3, 6, 5, 2, 2, 6, 1, 3, 5, 1, 3, 3, 2, 6, 4, 4, 1, 6, 6, 6, 5, 2, 1, 5, 4, 4, 3, 1, 5, 6, 6, 6, 5, 3, 3, 1, 1, 5, 6, 2, 3, 4, 4, 2, 2, 2, 3, 5, 1, 6, 6] [6, 5, 6, 7, 1, 4, 5, 2, 6, 1, 4, 7, 5, 5, 7, 2, 3, 1, 7, 7, 6, 5, 7, 2, 5, 4, 6, 3, 7, 3, 8, 7, 2, 2, 7, 1, 3, 7, 1, 4, 5, 3, 7, 4, 6, 2, 7, 8, 7, 6, 3, 3, 7, 5, 4, 3, 2, 7, 8, 8, 6, 5, 4, 3, 1, 1, 6, 8, 2, 5, 5, 6, 2, 4, 4, 3, 6, 2, 7, 6]
A_28 85.46000000000002 A 28 [3, 2, 6, 5, 4, 6, 2, 3, 4, 4, 5, 4, 6, 5, 2, 1, 3, 2, 6, 6, 3, 4, 2, 2, 4, 5, 1, 5, 1, 6, 5, 6, 4, 4, 6, 2, 3, 5, 6, 3, 3, 6, 1, 5, 3, 5, 6, 2, 4, 5, 2, 5, 6, 5, 1, 5, 5, 6, 3, 4, 4, 6, 4, 3, 3, 4, 2, 6, 3, 6, 6, 1, 5, 6, 1, 4, 3, 3, 5, 5] [4, 4, 6, 5, 4, 7, 2, 3, 5, 5, 5, 5, 8, 7, 3, 3, 5, 2, 6, 7, 5, 5, 4, 4, 6, 7, 1, 7, 2, 8, 6, 8, 4, 6, 7, 4, 5, 7, 6, 4, 5, 8, 3, 7, 4, 6, 8, 4, 6, 5, 3, 7, 7, 6, 2, 7, 5, 7, 5, 4, 5, 6, 4, 4, 5, 4, 4, 7, 5, 8, 6, 3, 7, 6, 2, 4, 4, 4, 5, 7]
A_29 90.71000000000002 A 29 [1, 6, 2, 2, 1, 3, 2, 4, 5, 1, 6, 6, 6, 1, 6, 2, 6, 4, 1, 6, 4, 2, 4, 4, 4, 5, 3, 3, 6, 1, 1, 2, 3, 2, 1, 2, 4, 1, 5, 4, 5, 1, 2, 4, 3, 6, 3, 5, 2, 1, 2, 6, 6, 6, 3, 3, 2, 5, 5, 5, 2, 6, 5, 1, 5, 6, 6, 2, 2, 4, 6, 3, 2, 5, 2, 1, 5, 2, 5, 6] [3, 6, 4, 3, 3, 5, 2, 5, 6, 2, 6, 7, 8, 1, 7, 4, 6, 4, 3, 8, 6, 4, 6, 4, 6, 6, 3, 3, 8, 1, 2, 3, 4, 2, 1, 4, 4, 3, 7, 4, 6, 2, 2, 6, 5, 6, 3, 7, 3, 2, 4, 7, 7, 6, 5, 3, 2, 5, 6, 5, 2, 8, 7, 3, 7, 7, 6, 2, 2, 6, 7, 4, 4, 7, 4, 3, 6, 2, 6, 7]
A_30 92.46000000000002 A 30 [5, 5, 4, 1, 5, 3, 3, 5, 6, 3, 2, 2, 6, 2, 4, 3, 5, 2, 2, 5, 1, 2, 1, 3, 4, 2, 2, 6, 5, 1, 4, 6, 4, 1, 6, 4, 4, 4, 4, 2, 5, 3, 2, 5, 2, 3, 5, 4, 3, 6, 2, 3, 1, 2, 1, 5, 2, 2, 4, 2, 2, 4, 2, 4, 2, 4, 4, 2, 2, 3, 2, 6, 6, 2, 4, 1, 3, 4, 4, 4] [5, 7, 4, 2, 6, 3, 5, 7, 7, 3, 4, 2, 6, 2, 4, 4, 5, 4, 4, 5, 3, 4, 1, 4, 4, 2, 4, 8, 6, 2, 4, 8, 4, 1, 6, 5, 5, 4, 6, 4, 7, 4, 2, 6, 3, 4, 5, 6, 3, 8, 4, 3, 2, 3, 2, 6, 4, 3, 5, 3, 3, 4, 2, 5, 2, 5, 4, 4, 4, 3, 3, 8, 8, 3, 6, 3, 4, 5, 6, 6]
A_31 94.58000000000003 A 31 [6, 6, 5, 5, 3, 3, 1, 1, 1, 6, 3, 4, 3, 3, 1, 5, 6, 5, 2, 4, 6, 6, 4, 5, 4, 4, 6, 5, 6, 2, 6, 3, 2, 6, 1, 6, 2, 5, 5, 6, 6, 1, 3, 1, 6, 1, 4, 1, 2, 5, 2, 2, 4, 5, 6, 6, 4, 3, 3, 3, 4, 4, 5, 5, 4, 5, 3, 5, 2, 2, 4, 6, 1, 4, 1, 2, 3, 4, 1, 1] [8, 7, 7, 6, 4, 4, 2, 1, 2, 8, 4, 5, 3, 5, 3, 6, 8, 7, 2, 6, 6, 8, 6, 6, 6, 5, 6, 7, 8, 3, 8, 4, 2, 8, 3, 7, 2, 7, 7, 6, 8, 1, 3, 1, 6, 2, 5, 2, 3, 5, 2, 3, 5, 5, 7, 7, 4, 4, 5, 5, 6, 6, 5, 7, 6, 5, 5, 5, 3, 2, 6, 8, 3, 4, 3, 2, 5, 5, 2, 1]
A_32 97.75000000000003 A 32 [2, 3, 2, 2, 2, 4, 6, 6, 3, 3, 1, 2, 3, 1, 3, 3, 3, 6, 6, 4, 3, 2, 3, 3, 6, 6, 2, 2, 4, 3, 4, 2, 5, 4, 1, 6, 6, 6, 4, 2, 4, 6, 3, 5, 3, 3, 2, 4, 6, 3, 5, 5, 2, 6, 5, 3, 4, 6, 1, 5, 6, 3, 4, 4, 3, 2, 6, 5, 6, 2, 1, 3, 2, 1, 1, 1, 3, 2, 1, 4] [3, 5, 4, 4, 4, 5, 7, 7, 4, 5, 2, 3, 5, 2, 5, 5, 4, 7, 6, 4, 3, 3, 5, 5, 7, 7, 4, 2, 4, 4, 4, 2, 6, 6, 1, 8, 8, 6, 6, 3, 4, 6, 3, 6, 5, 3, 2, 4, 8, 3, 6, 7, 3, 7, 5, 3, 5, 7, 3, 7, 6, 3, 5, 4, 3, 3, 6, 7, 7, 4, 3, 5, 4, 3, 1, 3, 5, 4, 3, 6]
A_33 99.40000000000003 A 33 [2, 3, 2, 2, 3, 3, 6, 4, 4, 6, 2, 6, 2, 4, 2, 2, 6, 4, 2, 6, 3, 3, 1, 5, 2, 1, 6, 2, 4, 2, 1, 6, 4, 4, 1, 2, 1, 3, 3, 3, 6, 2, 6, 3, 2, 5, 5, 3, 3, 6, 1, 1, 2, 5, 5, 4, 4, 2, 1, 5, 6, 2, 2, 5, 1, 3, 4, 6, 1, 6, 3, 4, 2, 3, 4, 6, 1, 3, 2, 2] [4, 5, 2, 3, 3, 4, 7, 6, 4, 8, 3, 8, 4, 4, 4, 4, 8, 6, 3, 6, 5, 5, 2, 6, 4, 2, 7, 2, 6, 2, 1, 8, 6, 6, 2, 4, 1, 3, 3, 4, 6, 3, 6, 3, 3, 6, 7, 3, 5, 7, 1, 3, 3, 7, 6, 5, 6, 3, 2, 7, 7, 4, 4, 6, 2, 3, 4, 6, 3, 7, 3, 6, 3, 4, 4, 6, 1, 3, 4, 4]
A_34 107.57000000000004 A 34 [4, 6, 6, 5, 6, 6, 3, 3, 6, 6, 4, 6, 5, 3, 1, 3, 1, 1, 5, 6, 5, 4, 6, 5, 2, 4, 4, 6, 6, 1, 6, 1, 1, 1, 4, 3, 6, 4, 5, 4, 5, 3, 4, 5, 2, 2, 2, 1, 3, 4, 5, 4, 3, 4, 4, 5, 5, 2, 6, 4, 1, 5, 4, 5, 4, 2, 2, 1, 5, 4, 4, 4, 2, 5, 5, 6, 6, 5, 3, 3] [5, 7, 7, 7, 8, 8, 5, 3, 8, 8, 5, 8, 5, 5, 1, 5, 2, 2, 5, 8, 5, 6, 8, 5, 3, 5, 4, 7, 7, 1, 6, 3, 1, 2, 5, 3, 8, 4, 6, 6, 6, 4, 5, 5, 4, 3, 2, 1, 4, 4, 5, 6, 4, 4, 5, 7, 6, 3, 6, 4, 1, 6, 6, 5, 5, 2, 3, 2, 7, 5, 4, 4, 4, 5, 7, 8, 8, 6, 4, 5]
A_35 108.71000000000004 A 35 [2, 2, 1, 3, 1, 2, 3, 5, 5, 5, 5, 4, 5, 1, 5, 4, 1, 4, 6, 2, 2, 3, 1, 4, 4, 5, 4, 1, 2, 2, 4, 6, 6, 2, 3, 2, 5, 6, 3, 2, 2, 6, 3, 6, 1, 2, 4, 1, 1, 6, 2, 4, 3, 5, 4, 1, 2, 5, 1, 2, 6, 2, 1, 4, 4, 4, 3, 4, 4, 5, 5, 2, 2, 1, 2, 5, 5, 1, 2, 3] [3, 4, 1, 3, 1, 3, 3, 6, 7, 5, 5, 5, 6, 1, 6, 4, 3, 4, 8, 2, 3, 4, 3, 6, 6, 6, 5, 1, 4, 4, 5, 7, 8, 4, 3, 2, 6, 7, 3, 4, 2, 8, 5, 8, 3, 3, 4, 1, 3, 8, 3, 4, 5, 6, 6, 3, 3, 5, 2, 4, 6, 3, 3, 6, 4, 6, 4, 6, 6, 6, 6, 4, 4, 2, 4, 5, 7, 1, 4, 5]
A_36 113.02000000000004 A 36 [1, 5, 4, 6, 1, 5, 1, 5, 3, 6, 5, 3, 2, 4, 5, 6, 3, 5, 2, 1, 6, 1, 2, 1, 2, 2, 6, 3, 3, 4, 4, 2, 6, 1, 6, 5, 3, 3, 6, 1, 6, 4, 5, 4, 4, 6, 1, 3, 1, 3, 5, 6, 4, 1, 2, 4, 1, 2, 3, 4, 5, 5, 1, 6, 3, 6, 5, 6, 2, 4, 3, 4, 6, 2, 4, 5, 1, 4, 3, 5] [1, 5, 6, 7, 3, 5, 1, 7, 5, 7, 6, 4, 2, 4, 6, 8, 4, 5, 2, 3, 7, 2, 4, 2, 4, 2, 7, 3, 5, 4, 5, 2, 8, 1, 8, 6, 4, 4, 6, 1, 6, 5, 5, 6, 5, 6, 2, 5, 3, 5, 5, 7, 5, 3, 4, 4, 1, 4, 5, 4, 7, 7, 3, 7, 5, 6, 6, 8, 3, 6, 5, 4, 7, 4, 5, 6, 1, 6, 4, 7]
A_37 114.02000000000004 A 37 [5, 4, 6, 4, 4, 4, 3, 1, 3, 2, 4, 2, 2, 4, 5, 1, 1, 3, 5, 1, 1, 4, 1, 4, 4, 1, 3, 5, 5, 1, 4, 5, 6, 3, 4, 6, 3, 4, 5, 3, 4, 6, 2, 4, 5, 4, 5, 5, 6, 6, 1, 4, 4, 2, 4, 1, 4, 6, 1, 1, 3, 6, 6, 3, 4, 1, 5, 4, 4, 3, 6, 2, 3, 4, 6, 6, 2, 3, 3, 2] [5, 4, 8, 4, 4, 6, 5, 1, 5, 4, 5, 2, 2, 4, 5, 2, 2, 3, 5, 1, 1, 4, 1, 5, 4, 3, 4, 7, 7, 3, 4, 7, 6, 3, 4, 7, 4, 5, 6, 3, 5, 8, 4, 4, 6, 6, 5, 7, 7, 8, 2, 6, 5, 3, 6, 1, 4, 8, 3, 3, 3, 6, 8, 3, 4, 3, 6, 6, 4, 5, 8, 2, 3, 5, 6, 7, 4, 5, 3, 3]
A_38 115.63000000000004 A 38 [2, 2, 4, 2, 3, 6, 2, 6, 6, 4, 1, 4, 4, 6, 6, 2, 2, 1, 2, 1, 4, 3, 6, 5, 5, 2, 5, 1, 6, 5, 4, 5, 4, 3, 5, 3, 6, 5, 2, 4, 5, 5, 1, 1, 6, 6, 3, 4, 6, 5, 2, 5, 4, 6, 6, 5, 1, 6, 1, 2, 3, 1, 6, 1, 4, 3, 1, 5, 3, 2, 2, 4, 2, 3, 6, 1, 5, 4, 5, 2] [2, 3, 4, 2, 4, 7, 3, 8, 8, 5, 1, 6, 6, 8, 8, 3, 3, 3, 4, 2, 4, 3, 7, 7, 5, 4, 7, 1, 6, 7, 6, 7, 6, 3, 6, 3, 6, 6, 4, 4, 7, 5, 1, 2, 6, 8, 5, 4, 7, 7, 4, 5, 6, 8, 6, 6, 2, 8, 1, 4, 3, 3, 6, 3, 6, 3, 3, 7, 3, 3, 3, 5, 4, 4, 6, 3, 7, 4, 7, 2]
A_39 117.79000000000003 A 39 [1, 3, 4, 2, 2, 3, 6, 4, 1, 5, 5, 1, 5, 3, 4, 1, 2, 5, 4, 1, 4, 4, 6, 5, 4, 6, 2, 3, 3, 4, 2, 6, 2, 3, 4, 2, 1, 3, 4, 5, 3, 1, 3, 4, 4, 6, 6, 5, 2, 5, 4, 2, 2, 5, 5, 5, 5, 3, 1, 2, 4, 4, 3, 4, 1, 3, 2, 4, 4, 4, 1, 4, 6, 2, 2, 4, 4, 1, 2, 4] [2, 4, 6, 4, 2, 4, 6, 5, 3, 7, 7, 1, 5, 5, 4, 3, 3, 6, 6, 1, 5, 5, 6, 5, 4, 7, 2, 4, 4, 4, 4, 6, 3, 4, 6, 4, 1, 3, 4, 6, 3, 3, 3, 4, 5, 8, 7, 7, 2, 7, 5, 4, 4, 6, 7, 5, 7, 5, 2, 4, 4, 5, 5, 6, 1, 5, 4, 4, 6, 4, 2, 6, 6, 4, 3, 6, 6, 1, 4, 5]
B_0 7.31 B 40 [6, 1, 5, 2, 3, 3, 6, 1, 2, 5, 1, 5, 5, 1, 3, 1, 6, 5, 5, 2, 1, 1, 3, 2, 4, 1, 5, 3, 3, 5, 5, 6, 4, 6, 5, 2, 6, 4, 5, 3, 3, 5, 5, 5, 3, 3, 1, 5, 5, 5, 4, 5, 2, 1, 1, 4, 3, 2, 6, 1, 5, 2, 2, 6, 1, 4, 5, 2, 6, 5, 2, 5, 3, 4, 3, 5, 5, 6, 2, 3] [7, 3, 5, 4, 3, 4, 6, 3, 4, 5, 3, 7, 6, 2, 5, 3, 7, 5, 5, 4, 1, 1, 5, 4, 5, 2, 7, 5, 5, 6, 7, 8, 4, 6, 6, 2, 6, 5, 7, 3, 3, 7, 5, 7, 3, 5, 2, 7, 7, 6, 4, 6, 3, 2, 3, 5, 3, 3, 7, 3, 6, 2, 2, 8, 3, 5, 5, 2, 8, 7, 3, 6, 3, 4, 4, 6, 5, 6, 2, 3]
B_1 8.459999999999999 B 41 [5, 6, 1, 6, 5, 1, 5, 5, 4, 2, 5, 5, 4, 1, 6, 1, 6, 5, 5, 2, 2, 2, 6, 5, 1, 5, 3, 2, 6, 1, 3, 1, 6, 2, 3, 6, 4, 6, 5, 1, 5, 6, 6, 5, 6, 6, 5, 3, 6, 2, 3, 5, 6, 4, 4, 3, 2, 1, 3, 2, 2, 6, 2, 6, 5, 4, 3, 3, 5, 4, 4, 2, 4, 5, 4, 6, 3, 4, 6, 1] [7, 6, 2, 7, 6, 3, 6, 6, 5, 4, 5, 7, 5, 2, 6, 3, 8, 5, 5, 3, 2, 2, 8, 6, 2, 7, 4, 3, 8, 2, 4, 1, 6, 3, 4, 8, 5, 8, 5, 3, 7, 6, 8, 6, 8, 6, 6, 5, 7, 4, 4, 7, 6, 5, 5, 3, 4, 2, 4, 2, 4, 7, 3, 7, 5, 5, 5, 3, 6, 4, 5, 2, 5, 7, 5, 8, 5, 4, 7, 2]
B_2 10.53 B 42 [6, 3, 1, 4, 2, 6, 3, 4, 2, 2, 2, 1, 6, 5, 1, 1, 2, 3, 5, 1, 5, 2, 1, 2, 4, 2, 6, 6, 1, 2, 2, 3, 3, 6, 4, 3, 5, 2, 1, 3, 5, 6, 1, 2, 2, 6, 5, 1, 2, 5, 2, 6, 1, 6, 4, 5, 6, 6, 5, 1, 3, 4, 1, 1, 2, 5, 6, 4, 4, 1, 3, 5, 2, 1, 6, 2, 1, 4, 6, 3] [8, 4, 2, 6, 3, 8, 4, 4, 4, 4, 3, 2, 8, 6, 3, 1, 4, 4, 7, 1, 7, 3, 3, 4, 4, 3, 7, 7, 3, 2, 2, 3, 3, 6, 5, 5, 5, 4, 1, 3, 5, 8, 1, 2, 2, 7, 7, 2, 3, 5, 2, 7, 2, 7, 5, 7, 6, 8, 5, 3, 5, 4, 2, 3, 4, 6, 8, 4, 4, 2, 4, 7, 4, 3, 6, 2, 1, 4, 8, 3]
B_3 13.02 B 43 [2, 4, 1, 5, 3, 1, 2, 2, 6, 1, 4, 4, 4, 2, 6, 3, 6, 5, 5, 6, 4, 4, 5, 6, 2, 6, 4, 4, 5, 4, 5, 1, 5, 3, 5, 6, 4, 4, 1, 4, 5, 5, 2, 2, 5, 3, 5, 4, 1, 3, 5, 4, 4, 1, 6, 6, 6, 4, 1, 3, 4, 6, 5, 2, 1, 1, 4, 1, 3, 6, 5, 3, 2, 3, 2, 1, 5, 3, 6, 5] [4, 6, 2, 6, 5, 3, 2, 4, 6, 2, 4, 5, 5, 2, 7, 5, 8, 5, 7, 6, 4, 4, 6, 7, 3, 8, 4, 4, 7, 6, 6, 1, 6, 3, 5, 8, 6, 4, 2, 4, 7, 6, 2, 3, 7, 4, 7, 5, 2, 5, 5, 5, 6, 1, 8, 7, 8, 4, 2, 4, 5, 7, 7, 4, 1, 1, 6, 1, 5, 6, 6, 3, 2, 4, 2, 2, 5, 4, 7, 7]
B_4 14.02 B 44 [3, 1, 4, 6, 5, 6, 1, 6, 3, 1, 1, 2, 5, 6, 3, 5, 2, 5, 4, 1, 3, 3, 6, 6, 4, 4, 4, 4, 3, 3, 2, 6, 3, 2, 2, 1, 4, 5, 6, 4, 3, 6, 2, 5, 4, 4, 3, 2, 2, 6, 4, 1, 4, 5, 4, 1, 4, 3, 5, 1, 5, 2, 4, 3, 5, 3, 1, 1, 1, 3, 5, 4, 6, 1, 1, 4, 1, 5, 4, 6] [3, 1, 5, 7, 5, 8, 3, 7, 3, 1, 2, 4, 6, 8, 4, 5, 4, 7, 4, 2, 5, 4, 6, 7, 5, 5, 5, 6, 4, 5, 3, 6, 5, 3, 4, 3, 5, 6, 6, 5, 3, 8, 2, 7, 4, 6, 3, 4, 4, 7, 4, 3, 5, 5, 6, 1, 4, 3, 7, 3, 5, 4, 6, 5, 5, 4, 3, 2, 1, 4, 7, 4, 7, 1, 3, 5, 2, 5, 4, 8]
B_5 15.02 B 45 [2, 3, 6, 3, 1, 3, 4, 5, 4, 4, 1, 6, 5, 1, 3, 1, 3, 4, 6, 5, 6, 4, 5, 2, 6, 3, 4, 1, 5, 6, 3, 1, 3, 5, 2, 2, 6, 4, 6, 6, 3, 6, 6, 3, 4, 2, 1, 2, 4, 1, 2, 3, 1, 3, 4, 1, 3, 3, 1, 1, 2, 1, 1, 6, 3, 2, 5, 2, 3, 4, 4, 1, 6, 2, 5, 1, 1, 5, 3, 5] [4, 4, 6, 3, 3, 5, 5, 6, 5, 6, 1, 8, 7, 3, 3, 1, 4, 6, 6, 5, 8, 6, 5, 2, 7, 4, 5, 2, 6, 6, 4, 2, 3, 6, 3, 3, 6, 6, 8, 8, 5, 6, 7, 4, 6, 2, 1, 4, 6, 2, 4, 3, 1, 5, 5, 2, 5, 5, 2, 2, 2, 1, 3, 6, 3, 2, 7, 4, 4, 5, 6, 1, 6, 2, 5, 1, 2, 5, 4, 7]
B_6 16.689999999999998 B 46 [4, 5, 6, 4, 2, 4, 3, 5, 5, 4, 2, 1, 1, 2, 3, 6, 6, 5, 1, 1, 1, 2, 5, 6, 3, 6, 4, 6, 6, 3, 5, 4, 2, 5, 2, 4, 1, 5, 3, 6, 1, 5, 5, 5, 3, 1, 5, 1, 2, 6, 6, 4, 4, 1, 4, 3, 3, 4, 2, 6, 3, 4, 4, 1, 6, 6, 4, 2, 2, 3, 3, 4, 4, 5, 3, 6, 6, 1, 2, 5] [5, 7, 6, 6, 4, 4, 5, 5, 7, 5, 2, 1, 3, 2, 5, 7, 7, 7, 3, 1, 2, 4, 6, 6, 4, 8, 4, 7, 8, 3, 5, 5, 2, 7, 2, 4, 2, 5, 5, 7, 2, 6, 7, 7, 3, 1, 6, 1, 4, 6, 6, 6, 4, 1, 5, 3, 4, 6, 2, 7, 3, 5, 5, 2, 6, 7, 4, 2, 4, 3, 3, 5, 5, 7, 4, 8, 7, 1, 3, 6]
B_7 20.79 B 47 [6, 5, 1, 5, 1, 2, 5, 5, 3, 5, 2, 2, 2, 4, 4, 3, 4, 5, 4, 2, 3, 4, 3, 1, 1, 2, 1, 6, 2, 5, 4, 1, 4, 3, 1, 1, 3, 5, 4, 5, 5, 3, 1, 4, 2, 2, 1, 4, 6, 1, 4, 6, 2, 2, 2, 6, 4, 2, 1, 1, 1, 1, 5, 3, 3, 6, 4, 2, 6, 4, 1, 1, 5, 2, 5, 3, 2, 1, 1, 3] [8, 6, 3, 5, 1, 4, 7, 7, 3, 7, 3, 3, 2, 4, 4, 4, 4, 5, 6, 2, 4, 4, 5, 3, 3, 3, 2, 8, 4, 7, 6, 2, 4, 3, 1, 1, 5, 7, 4, 7, 7, 5, 2, 5, 4, 4, 1, 4, 8, 3, 5, 7, 2, 3, 3, 6, 4, 3, 1, 2, 1, 3, 6, 5, 4, 6, 4, 3, 8, 5, 3, 3, 6, 3, 6, 3, 2, 1, 1, 5]
B_8 21.79 B 48 [4, 5, 5, 1, 1, 5, 1, 6, 3, 4, 6, 1, 4, 2, 5, 1, 1, 1, 3, 2, 2, 5, 1, 6, 6, 5, 3, 6, 4, 2, 3, 2, 6, 3, 3, 1, 1, 6, 6, 2, 5, 6, 2, 1, 2, 4, 2, 6, 5, 4, 3, 4, 4, 6, 1, 6, 2, 6, 1, 6, 1, 6, 4, 5, 6, 6, 2, 5, 2, 1, 2, 2, 6, 2, 6, 5, 5, 1, 2, 2] [6, 5, 5, 3, 2, 5, 1, 7, 5, 4, 6, 1, 6, 2, 7, 2, 2, 1, 3, 2, 4, 5, 2, 7, 8, 5, 4, 7, 6, 3, 3, 3, 8, 5, 4, 3, 3, 7, 7, 2, 7, 7, 3, 2, 4, 6, 4, 8, 5, 4, 5, 6, 4, 8, 3, 8, 3, 8, 2, 7, 3, 8, 6, 6, 8, 7, 3, 6, 3, 1, 4, 4, 7, 3, 7, 7, 6, 1, 4, 3]
B_9 24.33 B 49 [4, 5, 4, 3, 4, 1, 4, 3, 4, 6, 5, 5, 2, 1, 2, 2, 5, 6, 4, 4, 6, 3, 3, 6, 6, 1, 3, 5, 5, 1, 6, 5, 3, 6, 4, 6, 3, 6, 5, 5, 5, 2, 5, 3, 6, 1, 6, 1, 4, 4, 3, 4, 5, 4, 3, 3, 6, 5, 6, 2, 6, 1, 2, 2, 4, 1, 3, 4, 6, 6, 4, 2, 1, 3, 6, 3, 3, 3, 4, 1] [4, 6, 5, 3, 5, 3, 6, 3, 4, 8, 7, 5, 4, 2, 3, 4, 7, 7, 6, 6, 6, 4, 3, 6, 7, 2, 3, 6, 5, 2, 8, 5, 3, 7, 4, 8, 5, 8, 7, 7, 6, 4, 5, 5, 7, 2, 6, 3, 4, 6, 4, 6, 5, 4, 5, 5, 6, 7, 8, 4, 8, 1, 4, 2, 6, 1, 3, 6, 8, 7, 6, 4, 2, 5, 6, 3, 5, 3, 4, 1]
B_10 26.669999999999998 B 50 [1, 6, 6, 3, 3, 3, 2, 6, 2, 3, 1, 5, 4, 5, 2, 5, 2, 3, 1, 2, 6, 2, 4, 1, 6, 5, 3, 2, 2, 2, 2, 2, 5, 1, 5, 2, 5, 1, 2, 4, 4, 3, 2, 5, 4, 2, 6, 4, 3, 3, 6, 6, 6, 1, 1, 4, 3, 3, 5, 3, 2, 5, 6, 6, 2, 2, 3, 6, 3, 4, 2, 3, 4, 5, 3, 2, 3, 2, 6, 3] [2, 7, 8, 3, 5, 3, 4, 6, 3, 4, 3, 5, 6, 6, 2, 5, 4, 3, 1, 3, 7, 3, 5, 1, 6, 7, 5, 3, 3, 4, 4, 2, 6, 1, 5, 3, 5, 2, 4, 5, 4, 4, 2, 5, 4, 4, 6, 5, 5, 4, 8, 7, 8, 3, 1, 6, 4, 5, 5, 3, 2, 6, 8, 8, 3, 4, 3, 7, 4, 4, 2, 4, 4, 7, 4, 3, 5, 4, 7, 3]
B_11 29.509999999999998 B 51 [3, 4, 4, 5, 5, 2, 4, 1, 3, 6, 4, 4, 2, 2, 4, 5, 5, 2, 6, 3, 2, 1, 3, 1, 4, 1, 1, 1, 5, 6, 3, 2, 5, 1, 4, 4, 6, 4, 5, 2, 5, 5, 6, 4, 1, 3, 4, 6, 4, 4, 6, 1, 2, 3, 5, 3, 1, 5, 6, 6, 2, 1, 1, 2, 6, 2, 1, 5, 6, 5, 4, 3, 1, 5, 2, 3, 3, 2, 1, 1] [3, 6, 6, 5, 5, 3, 5, 1, 5, 8, 6, 6, 4, 3, 4, 5, 6, 4, 7, 3, 3, 3, 3, 3, 4, 2, 3, 3, 7, 7, 3, 3, 7, 3, 6, 4, 7, 6, 5, 4, 6, 7, 7, 5, 3, 3, 6, 7, 6, 6, 7, 3, 2, 3, 6, 4, 3, 5, 6, 8, 3, 3, 1, 4, 6, 3, 1, 7, 6, 7, 6, 4, 2, 5, 4, 4, 4, 4, 3, 1]
B_12 31.909999999999997 B 52 [1, 4, 6, 3, 6, 6, 1, 4, 1, 2, 6, 4, 4, 3, 4, 1, 5, 4, 4, 4, 4, 3, 4, 2, 4, 3, 4, 5, 6, 6, 1, 4, 2, 2, 3, 3, 4, 4, 4, 2, 2, 6, 1, 4, 4, 1, 4, 2, 4, 5, 6, 2, 6, 2, 5, 6, 3, 4, 5, 5, 6, 6, 1, 6, 5, 6, 4, 2, 5, 3, 4, 2, 3, 4, 4, 1, 3, 5, 4, 5] [3, 4, 8, 3, 6, 6, 2, 6, 2, 4, 8, 6, 4, 3, 4, 2, 6, 5, 4, 4, 6, 4, 4, 2, 5, 4, 5, 7, 7, 7, 2, 5, 3, 3, 4, 5, 5, 5, 6, 4, 3, 6, 2, 6, 5, 1, 4, 2, 4, 5, 8, 2, 6, 2, 7, 7, 5, 4, 5, 6, 7, 8, 1, 8, 5, 8, 6, 2, 5, 4, 4, 3, 5, 4, 4, 1, 3, 5, 5, 5]
B_13 32.91 B 53 [6, 2, 5, 1, 5, 1, 6, 6, 6, 5, 6, 2, 6, 2, 5, 5, 2, 2, 5, 3, 4, 3, 4, 3, 1, 3, 6, 4, 5, 6, 2, 5, 6, 5, 4, 5, 1, 2, 6, 5, 1, 4, 6, 1, 5, 3, 1, 2, 6, 4, 1, 3, 2, 5, 1, 5, 1, 2, 5, 6, 6, 3, 5, 5, 3, 5, 6, 1, 3, 2, 4, 5, 6, 5, 3, 1, 3, 4, 2, 4] [7, 2, 6, 3, 5, 1, 8, 7, 7, 5, 7, 2, 6, 4, 5, 6, 4, 4, 7, 5, 6, 3, 5, 4, 3, 3, 6, 5, 6, 6, 3, 5, 7, 7, 4, 6, 3, 3, 8, 6, 2, 5, 7, 1, 5, 5, 1, 3, 8, 4, 3, 3, 2, 7, 2, 5, 3, 3, 6, 7, 8, 5, 5, 5, 4, 5, 7, 3, 4, 2, 6, 7, 7, 5, 5, 3, 5, 6, 3, 4]
B_14 34.879999999999995 B 54 [6, 6, 1, 1, 1, 4, 2, 1, 1, 5, 5, 3, 1, 3, 6, 4, 4, 1, 1, 1, 4, 4, 3, 3, 1, 5, 1, 4, 1, 3, 1, 6, 5, 5, 4, 4, 2, 4, 6, 5, 1, 4, 4, 6, 4, 4, 4, 2, 1, 3, 1, 5, 5, 1, 6, 4, 3, 2, 4, 4, 5, 2, 1, 3, 1, 1, 3, 6, 5, 1, 3, 3, 4, 6, 3, 3, 2, 3, 1, 4] [6, 6, 3, 1, 2, 6, 2, 3, 1, 5, 5, 5, 3, 4, 8, 5, 6, 1, 2, 1, 6, 6, 4, 3, 2, 5, 1, 4, 2, 5, 2, 7, 5, 6, 5, 6, 4, 6, 6, 7, 3, 5, 5, 8, 6, 5, 5, 3, 3, 5, 1, 6, 7, 2, 8, 4, 5, 2, 4, 4, 6, 4, 2, 3, 3, 3, 3, 7, 6, 2, 5, 4, 4, 7, 5, 4, 2, 5, 2, 5]
B_15 37.769999999999996 B 55 [6, 3, 4, 1, 5, 4, 6, 3, 3, 3, 1, 4, 1, 6, 5, 5, 6, 3, 3, 1, 1, 5, 2, 1, 3, 6, 1, 3, 5, 3, 5, 6, 3, 4, 5, 1, 4, 1, 5, 5, 4, 3, 5, 6, 1, 1, 3, 6, 6, 3, 4, 3, 6, 5, 4, 2, 1, 4, 1, 2, 5, 2, 5, 5, 1, 4, 4, 6, 1, 4, 2, 2, 2, 1, 4, 4, 4, 1, 5, 1] [7, 5, 6, 3, 5, 4, 7, 4, 4, 4, 2, 5, 1, 6, 5, 7, 6, 4, 5, 3, 3, 6, 4, 1, 5, 8, 3, 3, 7, 3, 6, 7, 3, 5, 7, 3, 4, 1, 6, 5, 5, 3, 7, 7, 1, 2, 3, 6, 8, 5, 6, 4, 7, 5, 4, 4, 2, 6, 1, 3, 7, 2, 5, 6, 3, 4, 5, 7, 1, 4, 4, 2, 3, 2, 4, 5, 6, 1, 5, 3]
B_16 49.37 B 56 [1, 6, 3, 1, 4, 1, 6, 3, 5, 4, 4, 5, 4, 1, 3, 5, 1, 6, 4, 6, 2, 4, 2, 4, 1, 2, 4, 1, 5, 2, 2, 4, 4, 4, 5, 2, 1, 4, 1, 5, 3, 2, 6, 6, 4, 3, 3, 4, 2, 6, 3, 1, 3, 1, 3, 1, 3, 3, 2, 1, 1, 5, 1, 4, 4, 4, 1, 1, 5, 6, 6, 1, 1, 1, 6, 4, 3, 1, 4, 2] [3, 7, 5, 1, 6, 1, 8, 3, 7, 6, 5, 6, 6, 3, 5, 7, 2, 8, 4, 6, 2, 6, 3, 6, 2, 3, 4, 2, 5, 2, 4, 4, 5, 6, 6, 3, 1, 4, 2, 7, 3, 4, 6, 8, 4, 5, 4, 4, 3, 6, 4, 3, 5, 3, 5, 2, 3, 3, 4, 3, 1, 5, 2, 6, 4, 6, 2, 3, 7, 6, 7, 1, 2, 1, 8, 4, 3, 1, 6, 4]
B_17 50.37 B 57 [5, 6, 1, 6, 6, 2, 5, 4, 3, 2, 3, 6, 5, 5, 2, 2, 1, 1, 6, 3, 2, 5, 1, 6, 3, 1, 3, 5, 6, 5, 2, 3, 6, 2, 2, 5, 2, 6, 6, 3, 2, 1, 6, 4, 3, 3, 4, 2, 6, 5, 3, 5, 4, 2, 2, 4, 3, 4, 1, 1, 3, 5, 4, 2, 2, 6, 2, 2, 5, 1, 3, 4, 6, 2, 5, 3, 3, 1, 1, 6] [5, 7, 1, 7, 6, 4, 7, 5, 4, 2, 5, 8, 6, 7, 4, 2, 3, 3, 8, 4, 2, 5, 1, 6, 4, 1, 5, 7, 7, 5, 3, 4, 7, 3, 3, 5, 4, 8, 8, 5, 3, 2, 8, 4, 3, 5, 6, 3, 8, 7, 5, 5, 4, 3, 2, 6, 3, 4, 1, 1, 5, 6, 6, 2, 3, 7, 4, 2, 5, 1, 5, 6, 8, 3, 5, 4, 5, 1, 2, 6]
B_18 51.37 B 58 [4, 5, 6, 5, 6, 3, 4, 2, 4, 6, 6, 3, 3, 3, 2, 4, 1, 2, 6, 3, 4, 3, 2, 5, 1, 5, 4, 6, 3, 5, 4, 3, 1, 1, 6, 1, 3, 1, 1, 1, 6, 3, 5, 1, 5, 1, 2, 1, 1, 6, 5, 6, 5, 5, 4, 1, 2, 1, 6, 6, 3, 3, 4, 2, 4, 3, 1, 2, 3, 4, 5, 3, 1, 6, 1, 3, 6, 4, 1, 3] [4, 5, 7, 7, 7, 4, 4, 4, 4, 7, 7, 5, 4, 3, 3, 6, 2, 3, 8, 5, 5, 5, 2, 7, 3, 7, 4, 8, 5, 6, 5, 5, 3, 2, 6, 2, 5, 3, 1, 2, 7, 4, 5, 2, 7, 2, 2, 1, 2, 8, 5, 6, 5, 6, 4, 1, 4, 1, 7, 7, 3, 3, 5, 2, 5, 3, 2, 3, 4, 4, 7, 5, 1, 8, 3, 5, 8, 6, 2, 3]
B_19 52.37 B 59 [3, 4, 3, 1, 5, 5, 2, 3, 5, 2, 1, 1, 4, 4, 1, 1, 1, 5, 1, 3, 2, 2, 2, 5, 4, 5, 6, 6, 4, 5, 2, 3, 5, 5, 4, 2, 4, 1, 2, 2, 1, 2, 1, 3, 1, 1, 6, 1, 6, 2, 3, 6, 5, 6, 4, 2, 1, 1, 6, 1, 2, 3, 5, 6, 1, 3, 5, 2, 6, 2, 2, 6, 4, 2, 5, 2, 5, 5, 4, 1] [3, 4, 4, 3, 7, 6, 3, 5, 6, 4, 2, 3, 4, 5, 2, 3, 2, 5, 2, 4, 4, 2, 2, 7, 5, 5, 6, 8, 4, 5, 3, 5, 7, 7, 4, 4, 4, 3, 4, 4, 3, 2, 3, 4, 3, 2, 7, 2, 7, 4, 3, 8, 6, 7, 4, 3, 3, 1, 7, 1, 3, 3, 7, 6, 1, 3, 5, 4, 7, 4, 4, 8, 4, 2, 5, 3, 5, 7, 4, 2]
B_20 54.809999999999995 B 60 [3, 2, 2, 3, 3, 6, 2, 4, 5, 6, 6, 6, 3, 3, 5, 5, 3, 4, 2, 6, 2, 3, 4, 6, 6, 4, 6, 6, 4, 2, 2, 4, 6, 6, 1, 6, 5, 3, 3, 4, 5, 2, 3, 4, 5, 2, 3, 1, 1, 6, 2, 2, 6, 6, 5, 5, 1, 3, 3, 2, 4, 6, 6, 3, 5, 4, 6, 6, 3, 1, 1, 2, 1, 4, 4, 4, 5, 2, 6, 2] [5, 2, 2, 5, 3, 7, 3, 6, 5, 8, 7, 8, 5, 3, 7, 7, 4, 4, 3, 8, 2, 4, 6, 6, 7, 5, 6, 6, 5, 2, 3, 6, 6, 7, 1, 6, 7, 3, 3, 4, 6, 4, 5, 5, 5, 2, 3, 1, 3, 8, 2, 3, 7, 8, 6, 7, 1, 5, 3, 3, 4, 7, 6, 4, 5, 5, 7, 8, 5, 2, 2, 4, 3, 6, 4, 6, 6, 4, 7, 3]
B_21 65.78 B 61 [1, 2, 1, 2, 1, 5, 6, 4, 4, 1, 2, 1, 3, 3, 3, 2, 5, 1, 4, 1, 5, 5, 2, 4, 2, 3, 3, 5, 6, 6, 4, 4, 3, 2, 5, 2, 5, 6, 1, 4, 2, 6, 4, 6, 2, 1, 4, 1, 6, 1, 5, 1, 6, 3, 2, 2, 5, 5, 3, 3, 6, 2, 4, 6, 3, 3, 4, 3, 5, 1, 1, 6, 1, 6, 2, 2, 1, 2, 6, 3] [2, 3, 2, 3, 3, 7, 7, 4, 6, 1, 2, 2, 5, 4, 5, 2, 6, 1, 5, 2, 7, 7, 4, 5, 3, 5, 3, 5, 6, 8, 4, 6, 3, 4, 6, 3, 7, 6, 3, 5, 2, 7, 4, 7, 4, 1, 5, 3, 8, 1, 6, 3, 8, 5, 4, 2, 5, 6, 3, 3, 7, 2, 6, 7, 3, 3, 5, 3, 5, 2, 2, 8, 1, 6, 4, 4, 1, 2, 7, 3]
B_22 68.3 B 62 [6, 4, 3, 2, 2, 4, 2, 5, 3, 5, 5, 2, 4, 5, 3, 3, 4, 1, 6, 4, 1, 2, 4, 5, 1, 5, 2, 3, 4, 5, 2, 5, 4, 2, 4, 1, 1, 6, 6, 3, 2, 2, 1, 5, 4, 1, 4, 5, 4, 2, 6, 1, 1, 5, 1, 5, 1, 4, 4, 5, 6, 4, 2, 4, 6, 6, 1, 1, 1, 2, 3, 2, 3, 1, 1, 4, 4, 3, 5, 4] [8, 5, 4, 4, 2, 4, 2, 5, 5, 7, 7, 3, 5, 7, 5, 4, 6, 1, 6, 4, 3, 3, 5, 7, 1, 6, 4, 4, 4, 7, 2, 5, 5, 4, 6, 3, 3, 8, 6, 5, 2, 3, 2, 7, 6, 3, 5, 6, 6, 4, 8, 1, 1, 5, 2, 5, 2, 6, 5, 7, 6, 6, 3, 4, 6, 7, 2, 3, 1, 3, 3, 3, 5, 3, 2, 5, 6, 4, 6, 5]
B_23 74.14999999999999 B 63 [1, 1, 5, 3, 1, 4, 4, 2, 5, 5, 1, 6, 3, 2, 4, 6, 2, 1, 2, 3, 1, 2, 3, 5, 5, 1, 5, 3, 3, 1, 4, 5, 4, 5, 5, 4, 6, 3, 1, 4, 6, 6, 1, 2, 3, 6, 1, 3, 5, 2, 6, 2, 6, 5, 3, 5, 4, 2, 2, 6, 3, 6, 4, 2, 4, 6, 6, 2, 2, 3, 6, 6, 2, 5, 1, 3, 2, 4, 3, 5] [3, 2, 5, 5, 1, 5, 5, 2, 5, 6, 1, 7, 3, 3, 4, 6, 3, 3, 4, 4, 3, 2, 3, 5, 5, 3, 5, 3, 4, 3, 5, 7, 4, 6, 5, 6, 7, 3, 3, 6, 8, 7, 3, 4, 5, 6, 2, 5, 6, 2, 8, 4, 8, 5, 3, 6, 6, 2, 2, 6, 4, 7, 4, 3, 6, 8, 6, 4, 4, 3, 6, 6, 3, 5, 3, 4, 2, 5, 3, 6]
B_24 75.14999999999999 B 64 [2, 4, 6, 5, 2, 4, 2, 5, 5, 6, 4, 3, 5, 1, 1, 6, 3, 2, 5, 3, 1, 3, 4, 2, 4, 5, 2, 1, 3, 5, 2, 4, 3, 1, 4, 4, 3, 4, 4, 1, 1, 5, 2, 1, 5, 3, 6, 3, 6, 4, 2, 6, 5, 3, 1, 1, 4, 2, 4, 1, 5, 3, 6, 4, 3, 1, 6, 6, 4, 2, 3, 2, 6, 2, 3, 2, 6, 3, 4, 4] [4, 6, 8, 5, 3, 4, 2, 5, 6, 7, 6, 5, 7, 3, 3, 7, 4, 4, 7, 5, 2, 4, 6, 4, 5, 5, 2, 1, 5, 7, 2, 6, 3, 2, 5, 4, 5, 4, 6, 1, 3, 5, 4, 1, 5, 3, 6, 4, 8, 6, 3, 6, 5, 4, 3, 3, 4, 3, 5, 1, 5, 3, 6, 6, 3, 1, 8, 8, 4, 3, 5, 2, 6, 3, 5, 3, 7, 5, 6, 5]
B_25 79.82999999999998 B 65 [3, 4, 5, 6, 6, 3, 3, 2, 6, 3, 1, 3, 6, 3, 1, 6, 1, 2, 1, 2, 3, 3, 5, 1, 2, 6, 6, 1, 4, 6, 4, 5, 2, 3, 2, 4, 6, 1, 3, 3, 4, 4, 5, 1, 3, 2, 6, 6, 6, 1, 2, 2, 6, 5, 1, 4, 4, 6, 3, 3, 4, 3, 6, 6, 1, 5, 4, 3, 4, 2, 2, 3, 1, 4, 1, 2, 6, 5, 2, 5] [5, 4, 7, 7, 8, 5, 5, 2, 7, 5, 1, 5, 6, 5, 3, 8, 2, 3, 1, 4, 4, 3, 7, 3, 3, 7, 8, 1, 4, 7, 5, 5, 3, 3, 2, 6, 6, 3, 3, 5, 5, 5, 6, 1, 4, 2, 7, 6, 7, 1, 4, 3, 8, 5, 3, 4, 6, 7, 3, 3, 5, 3, 7, 8, 1, 5, 5, 5, 6, 3, 3, 5, 2, 5, 3, 4, 7, 5, 3, 6]
B_26 81.11999999999999 B 66 [3, 6, 5, 1, 6, 5, 1, 2, 4, 1, 5, 6, 2, 6, 5, 1, 6, 4, 5, 3, 2, 5, 2, 6, 3, 3, 3, 5, 2, 6, 4, 3, 6, 4, 2, 3, 5, 5, 1, 2, 5, 3, 6, 4, 1, 5, 4, 4, 2, 3, 3, 1, 4, 6, 3, 4, 1, 2, 1, 5, 6, 4, 1, 6, 6, 4, 3, 1, 4, 3, 1, 6, 5, 4, 3, 4, 4, 6, 1, 2] [5, 7, 5, 3, 6, 7, 1, 2, 4, 1, 6, 8, 3, 7, 6, 2, 7, 5, 6, 5, 2, 5, 4, 7, 3, 3, 5, 6, 4, 6, 4, 5, 6, 4, 3, 4, 6, 6, 3, 4, 5, 5, 8, 6, 3, 7, 4, 4, 3, 3, 3, 1, 6, 7, 3, 5, 2, 4, 2, 5, 7, 5, 2, 6, 8, 5, 4, 3, 5, 4, 1, 8, 6, 6, 5, 6, 6, 8, 3, 3]
B_27 88.82 B 67 [3, 4, 3, 3, 1, 6, 6, 3, 1, 6, 6, 6, 2, 4, 2, 5, 4, 3, 4, 5, 2, 4, 6, 6, 5, 6, 4, 6, 6, 2, 2, 5, 5, 6, 1, 4, 6, 4, 5, 4, 2, 3, 4, 1, 1, 2, 2, 2, 5, 4, 6, 5, 2, 1, 6, 6, 1, 2, 2, 2, 6, 3, 1, 2, 6, 3, 1, 1, 5, 3, 3, 6, 2, 3, 6, 2, 2, 1, 1, 1] [4, 6, 4, 5, 2, 7, 7, 3, 3, 7, 6, 7, 2, 6, 4, 7, 4, 4, 5, 5, 2, 6, 6, 8, 7, 7, 6, 8, 7, 2, 4, 5, 7, 6, 2, 6, 8, 6, 7, 4, 2, 3, 4, 1, 2, 4, 2, 3, 6, 6, 7, 7, 2, 3, 7, 7, 3, 2, 3, 4, 8, 3, 3, 4, 8, 5, 3, 3, 5, 5, 3, 8, 4, 4, 8, 4, 2, 2, 1, 2]
B_28 90.94999999999999 B 68 [2, 5, 6, 3, 1, 3, 1, 4, 6, 5, 6, 2, 3, 1, 2, 5, 6, 6, 5, 1, 4, 5, 1, 3, 5, 4, 4, 2, 3, 2, 2, 2, 6, 1, 5, 4, 2, 4, 3, 4, 6, 5, 4, 3, 1, 3, 2, 6, 2, 6, 3, 6, 5, 3, 5, 1, 5, 5, 3, 6, 3, 5, 1, 2, 4, 4, 4, 5, 4, 4, 3, 4, 6, 6, 2, 3, 2, 4, 6, 2] [4, 7, 7, 5, 2, 4, 3, 4, 7, 7, 8, 4, 4, 1, 3, 5, 8, 7, 5, 3, 6, 7, 2, 4, 7, 6, 6, 2, 5, 2, 4, 3, 7, 3, 7, 6, 3, 4, 3, 6, 8, 6, 4, 5, 1, 4, 4, 8, 3, 8, 4, 6, 5, 4, 6, 1, 7, 5, 4, 7, 5, 5, 1, 4, 4, 6, 5, 5, 6, 5, 3, 4, 7, 7, 2, 5, 3, 4, 8, 3]
B_29 94.21999999999998 B 69 [6, 2, 3, 5, 1, 2, 2, 3, 1, 2, 2, 1, 3, 2, 3, 4, 6, 1, 4, 3, 6, 3, 3, 5, 1, 5, 2, 3, 6, 4, 3, 2, 2, 6, 4, 5, 4, 3, 2, 4, 5, 4, 1, 6, 3, 4, 3, 4, 1, 6, 4, 5, 3, 2, 1, 4, 6, 1, 4, 2, 1, 1, 2, 3, 2, 2, 3, 3, 4, 3, 3, 5, 1, 5, 2, 3, 1, 4, 5, 1] [8, 2, 3, 6, 2, 2, 3, 3, 3, 4, 3, 3, 5, 2, 5, 4, 8, 1, 5, 3, 8, 5, 4, 6, 2, 6, 2, 5, 8, 6, 3, 2, 4, 7, 5, 6, 6, 5, 3, 4, 7, 4, 2, 6, 4, 5, 3, 5, 1, 7, 4, 7, 4, 2, 2, 4, 6, 1, 4, 4, 2, 2, 3, 3, 3, 3, 4, 5, 5, 5, 5, 5, 3, 6, 3, 5, 1, 5, 7, 1]
B_30 95.21999999999998 B 70 [2, 4, 3, 1, 4, 4, 2, 3, 5, 1, 4, 5, 4, 5, 5, 2, 5, 1, 4, 4, 5, 5, 4, 4, 5, 3, 3, 4, 6, 6, 2, 4, 1, 3, 4, 5, 3, 6, 2, 1, 2, 4, 3, 5, 5, 4, 3, 1, 2, 4, 2, 4, 4, 4, 3, 2, 6, 3, 5, 2, 1, 1, 3, 6, 3, 2, 1, 3, 3, 3, 3, 1, 4, 4, 3, 6, 2, 4, 1, 1] [2, 6, 3, 1, 5, 5, 3, 3, 5, 1, 5, 5, 6, 6, 6, 4, 6, 2, 4, 4, 5, 6, 4, 6, 5, 4, 4, 5, 6, 7, 3, 6, 3, 3, 4, 6, 5, 8, 3, 2, 3, 5, 4, 6, 7, 6, 3, 3, 4, 6, 2, 6, 4, 6, 5, 4, 7, 5, 7, 4, 2, 2, 3, 6, 5, 3, 1, 3, 3, 5, 3, 2, 4, 5, 3, 6, 4, 4, 1, 3]
B_31 102.31999999999998 B 71 [5, 6, 5, 2, 2, 1, 1, 4, 5, 3, 6, 3, 4, 2, 2, 5, 1, 5, 6, 6, 4, 1, 2, 3, 6, 5, 6, 4, 1, 3, 6, 6, 3, 4, 4, 2, 4, 2, 4, 4, 5, 2, 5, 3, 4, 1, 4, 1, 2, 2, 3, 3, 2, 5, 3, 2, 1, 4, 3, 6, 2, 6, 2, 6, 2, 3, 6, 6, 4, 5, 1, 3, 5, 1, 1, 1, 1, 4, 5, 1] [5, 6, 7, 3, 4, 2, 1, 4, 6, 4, 6, 4, 4, 3, 3, 5, 2, 5, 7, 8, 6, 3, 3, 5, 6, 6, 8, 6, 3, 4, 8, 8, 5, 6, 4, 4, 4, 2, 5, 6, 6, 2, 7, 3, 4, 1, 5, 3, 4, 4, 4, 4, 3, 7, 4, 2, 1, 6, 5, 8, 4, 8, 3, 6, 2, 5, 8, 8, 4, 5, 2, 3, 5, 1, 1, 3, 1, 4, 6, 3]
B_32 105.14999999999998 B 72 [3, 5, 3, 1, 3, 3, 1, 4, 2, 4, 3, 5, 1, 5, 4, 4, 2, 5, 6, 5, 4, 3, 2, 1, 3, 1, 4, 2, 5, 2, 6, 1, 2, 2, 2, 2, 6, 3, 2, 6, 3, 4, 2, 2, 6, 6, 4, 5, 6, 1, 4, 1, 3, 6, 4, 2, 1, 6, 1, 4, 1, 1, 3, 2, 6, 1, 5, 2, 6, 1, 4, 5, 5, 6, 2, 6, 4, 6, 2, 1] [3, 5, 3, 3, 4, 4, 2, 6, 3, 4, 3, 5, 1, 6, 4, 4, 3, 6, 6, 5, 4, 5, 3, 3, 3, 2, 4, 2, 7, 4, 8, 3, 4, 3, 4, 4, 7, 3, 4, 6, 3, 5, 4, 2, 7, 6, 5, 6, 7, 2, 4, 2, 5, 7, 4, 3, 2, 8, 1, 4, 3, 1, 5, 3, 6, 2, 6, 4, 7, 3, 4, 5, 6, 8, 3, 8, 6, 8, 4, 3]
B_33 110.37999999999998 B 73 [1, 4, 4, 4, 6, 6, 1, 3, 1, 5, 5, 1, 4, 3, 2, 4, 3, 3, 5, 5, 2, 1, 6, 6, 2, 2, 3, 2, 6, 5, 2, 4, 1, 3, 5, 1, 2, 4, 3, 2, 4, 5, 1, 3, 1, 2, 5, 2, 2, 3, 5, 5, 4, 5, 6, 1, 1, 2, 6, 2, 4, 6, 1, 5, 2, 4, 4, 3, 6, 5, 4, 1, 6, 1, 6, 4, 4, 1, 3, 2] [3, 5, 5, 5, 7, 7, 2, 3, 3, 6, 5, 2, 5, 3, 2, 6, 3, 3, 7, 7, 3, 2, 7, 8, 3, 2, 5, 4, 6, 7, 3, 4, 3, 4, 5, 2, 4, 5, 4, 4, 4, 7, 3, 4, 1, 2, 7, 3, 3, 5, 7, 5, 4, 5, 7, 2, 1, 3, 8, 2, 6, 6, 3, 5, 3, 5, 6, 4, 7, 6, 5, 1, 8, 1, 6, 6, 6, 2, 4, 3]
B_34 111.37999999999998 B 74 [5, 1, 4, 4, 3, 3, 6, 2, 6, 4, 4, 4, 4, 2, 3, 2, 5, 2, 2, 1, 2, 6, 4, 3, 3, 5, 5, 2, 1, 2, 4, 1, 1, 4, 5, 2, 4, 6, 6, 2, 3, 4, 6, 2, 1, 5, 3, 5, 6, 6, 3, 2, 4, 3, 3, 4, 6, 5, 1, 5, 4, 2, 1, 1, 3, 1, 3, 6, 2, 2, 3, 1, 2, 6, 6, 6, 2, 3, 3, 6] [7, 2, 6, 6, 3, 3, 6, 4, 6, 4, 5, 5, 5, 2, 4, 4, 7, 2, 4, 1, 3, 6, 5, 4, 3, 6, 5, 4, 2, 4, 6, 3, 1, 4, 7, 4, 5, 6, 6, 3, 4, 5, 6, 2, 3, 5, 4, 6, 7, 6, 4, 4, 4, 5, 5, 4, 8, 5, 3, 5, 4, 4, 2, 3, 5, 3, 5, 8, 2, 3, 3, 1, 3, 6, 7, 7, 4, 3, 4, 6]
B_35 116.80999999999997 B 75 [2, 4, 2, 4, 3, 2, 6, 3, 4, 2, 5, 5, 4, 2, 2, 5, 5, 6, 6, 4, 5, 3, 2, 5, 1, 3, 2, 3, 4, 1, 1, 2, 1, 6, 6, 5, 5, 6, 1, 4, 5, 6, 2, 1, 4, 1, 6, 3, 5, 3, 2, 3, 1, 1, 3, 4, 4, 3, 3, 2, 4, 2, 4, 3, 2, 2, 4, 2, 3, 3, 6, 1, 6, 4, 6, 1, 6, 5, 4, 6] [4, 4, 4, 5, 5, 3, 6, 4, 6, 3, 5, 5, 5, 4, 2, 7, 7, 7, 8, 5, 6, 3, 4, 5, 3, 5, 2, 3, 4, 3, 3, 2, 3, 6, 8, 5, 6, 7, 3, 6, 6, 8, 2, 2, 5, 1, 8, 3, 7, 3, 3, 4, 1, 3, 4, 5, 4, 4, 5, 3, 6, 4, 5, 4, 3, 4, 6, 4, 5, 5, 6, 3, 8, 6, 7, 1, 8, 7, 5, 6]
B_36 121.71999999999997 B 76 [3, 5, 6, 1, 2, 6, 6, 2, 2, 5, 3, 5, 6, 3, 2, 6, 4, 5, 2, 4, 1, 1, 3, 6, 5, 5, 3, 5, 3, 5, 3, 3, 3, 1, 6, 5, 1, 2, 5, 4, 5, 3, 1, 5, 1, 1, 6, 2, 5, 3, 3, 3, 3, 3, 2, 4, 3, 3, 6, 5, 5, 1, 4, 2, 6, 6, 4, 2, 2, 1, 2, 1, 4, 4, 2, 6, 2, 4, 6, 5] [5, 7, 8, 3, 2, 7, 8, 2, 2, 5, 4, 5, 7, 3, 2, 6, 5, 5, 4, 6, 3, 3, 4, 8, 5, 6, 4, 6, 4, 6, 4, 5, 5, 1, 8, 7, 1, 4, 7, 6, 5, 5, 1, 5, 2, 2, 7, 2, 6, 5, 5, 4, 3, 5, 2, 6, 3, 5, 8, 5, 6, 1, 6, 2, 7, 7, 6, 2, 3, 1, 4, 1, 6, 6, 4, 8, 2, 6, 7, 5]
B_37 126.01999999999997 B 77 [4, 2, 1, 2, 3, 4, 6, 1, 4, 4, 2, 4, 1, 4, 6, 3, 1, 1, 1, 6, 4, 1, 6, 4, 4, 5, 2, 1, 3, 2, 4, 4, 2, 3, 5, 1, 4, 3, 4, 1, 6, 4, 4, 3, 5, 5, 1, 1, 1, 3, 2, 2, 5, 4, 3, 1, 1, 1, 4, 5, 2, 2, 3, 4, 3, 5, 6, 1, 4, 4, 4, 4, 6, 1, 3, 5, 4, 6, 2, 4] [6, 2, 3, 2, 4, 5, 7, 3, 4, 4, 4, 4, 1, 4, 7, 3, 3, 2, 2, 8, 5, 3, 7, 5, 4, 7, 4, 2, 4, 2, 5, 5, 4, 3, 6, 1, 6, 5, 4, 1, 6, 4, 4, 4, 5, 5, 1, 1, 1, 3, 4, 4, 5, 6, 5, 1, 1, 1, 6, 7, 4, 2, 4, 5, 5, 5, 8, 2, 4, 5, 4, 4, 8, 2, 3, 7, 6, 7, 4, 5]
B_38 127.79999999999997 B 78 [3, 2, 4, 5, 1, 5, 1, 4, 6, 6, 4, 3, 4, 3, 6, 6, 6, 5, 1, 6, 1, 1, 2, 2, 6, 1, 2, 6, 5, 5, 4, 1, 1, 2, 3, 2, 3, 3, 5, 2, 2, 6, 6, 6, 4, 3, 2, 1, 2, 4, 6, 1, 4, 2, 1, 5, 4, 1, 1, 4, 6, 6, 5, 3, 4, 2, 1, 1, 6, 5, 1, 5, 2, 3, 3, 4, 6, 2, 3, 3] [4, 4, 6, 6, 2, 6, 2, 5, 7, 8, 4, 3, 4, 3, 6, 6, 6, 6, 2, 6, 3, 1, 4, 3, 7, 3, 2, 7, 5, 6, 6, 2, 3, 4, 4, 4, 4, 3, 7, 4, 2, 7, 8, 7, 4, 4, 3, 1, 4, 4, 7, 3, 5, 3, 2, 5, 6, 2, 2, 4, 7, 7, 6, 3, 6, 3, 3, 1, 8, 7, 1, 6, 4, 4, 4, 5, 7, 4, 3, 3]
B_39 128.79999999999995 B 79 [3, 1, 3, 3, 3, 3, 2, 6, 2, 2, 1, 3, 2, 4, 3, 4, 3, 1, 4, 4, 3, 1, 5, 1, 6, 6, 3, 6, 5, 6, 4, 1, 4, 2, 3, 3, 5, 2, 2, 4, 3, 1, 3, 5, 6, 5, 5, 3, 2, 1, 3, 1, 5, 4, 4, 1, 2, 6, 3, 1, 2, 3, 4, 5, 4, 5, 2, 1, 2, 1, 1, 1, 1, 2, 6, 6, 5, 4, 3, 6] [4, 1, 3, 3, 3, 5, 2, 6, 3, 4, 2, 3, 2, 6, 4, 4, 4, 1, 5, 5, 5, 1, 7, 1, 6, 7, 5, 6, 7, 7, 6, 1, 6, 4, 5, 5, 7, 3, 2, 5, 3, 2, 3, 7, 8, 7, 6, 5, 3, 1, 3, 1, 5, 4, 5, 3, 4, 6, 3, 2, 3, 3, 5, 6, 5, 6, 3, 2, 3, 1, 3, 3, 3, 3, 6, 6, 5, 5, 3, 7]
