0
0 A_0 81 0 0
5 B_0 86 0 1
3 B_1 89 0 2
6 A_1 95 0 3
2 A_2 97 0 4
5 B_2 102 0 5
7 A_3 109 0 6
4 A_4 113 0 7
2 A_5 115 0 8
5 B_3 120 0 9
6 A_6 126 0 10
4 B_4 130 0 11
4 B_5 134 0 12
3 B_6 137 0 13
7 A_7 144 0 14
3 A_8 147 0 15
3 A_9 150 0 16
3 A_10 153 0 17
4 B_7 157 0 18
5 A_11 162 0 19
3 A_12 165 0 20
1 A_13 166 0 21
1 A_14 167 0 22
3 A_15 170 0 23
4 B_8 174 0 24
6 A_16 180 0 25
4 A_17 184 0 26
6 B_9 190 0 27
4 B_10 194 0 28
5 A_18 199 0 29
5 B_11 204 0 30
1 B_12 205 0 31
6 A_19 211 0 32
4 B_13 215 0 33
3 B_14 218 0 34
3 B_15 221 0 35
3 B_16 224 0 36
2 B_17 226 0 37
1 B_18 227 0 38
1 B_19 228 0 39
No lane change: 228 135.56975000000003 7.295608520507812e-05
---------------------
in formation_2
pass
---------------------
in formation_3
pass
---------------------
in formation_4
pass
---------------------
in formation_5
pass
---------------------
in formation_6
pass
---------------------
in formation_7
pass
error in formulation  []
