1
0 A_0 81 0 0
2 B_0 83 1 1
3 B_1 86 1 2
4 A_1 90 0 3
2 A_2 92 0 4
2 B_2 94 1 5
4 A_3 98 0 6
4 A_4 102 0 7
2 A_5 104 0 8
3 B_3 107 1 9
4 A_6 111 0 10
2 B_4 113 1 11
4 B_5 117 1 12
3 B_6 120 1 13
4 A_7 124 0 14
3 A_8 127 0 15
3 A_9 130 0 16
3 A_10 133 0 17
2 B_7 135 1 18
2 A_11 137 0 19
3 A_12 140 0 20
1 A_13 141 0 21
1 A_14 142 0 22
3 A_15 145 0 23
1 B_8 146 1 24
3 A_16 149 0 25
4 A_17 153 0 26
4 B_9 157 1 27
4 B_10 161 1 28
3 A_18 164 0 29
2 B_11 166 1 30
1 B_12 167 1 31
4 A_19 171 0 32
2 B_13 173 1 33
3 B_14 176 1 34
3 B_15 179 1 35
3 B_16 182 1 36
2 B_17 184 1 37
1 B_18 185 1 38
1 B_19 186 1 39
greedy: 186 111.46975 0.00024008750915527344
---------------------
in formation_2
pass
---------------------
in formation_3
pass
---------------------
in formation_4
pass
---------------------
in formation_5
pass
---------------------
in formation_6
pass
---------------------
in formation_7
pass
error in formulation  []
