2
[2, 2, 2, 1, 2, 1, 2, 2, 2, 2, 2, 2, 2, 0, 0, 0, 3, 1, 2, 2, 2, 2, 1, 3, 0, 0, 0, 2, 1, 2, 2, 0, 0, 0, 0, 0, 0, 0, 0, 0]
0 B_0 81 0 0
1 B_1 82 0 1
3 B_2 85 0 2
4 A_0 89 1 3
4 B_3 93 0 4
2 A_1 95 1 5
4 B_4 99 0 6
2 B_5 101 0 7
1 B_6 102 0 8
2 B_7 104 0 9
2 B_8 106 0 10
1 B_9 107 0 11
3 B_10 110 0 12
3 A_2 113 0 13
1 A_3 114 0 14
4 A_4 118 0 15
2 B_11 120 1 16
4 A_5 124 1 17
4 B_12 128 0 18
3 B_13 131 0 19
3 B_14 134 0 20
4 B_15 138 0 21
1 A_6 139 1 22
4 B_16 143 1 23
5 A_7 148 0 24
3 A_8 151 0 25
4 A_9 155 0 26
6 B_17 161 0 27
3 A_10 164 1 28
5 B_18 169 0 29
1 B_19 170 0 30
3 A_11 173 0 31
2 A_12 175 0 32
1 A_13 176 0 33
2 A_14 178 0 34
4 A_15 182 0 35
4 A_16 186 0 36
1 A_17 187 0 37
3 A_18 190 0 38
3 A_19 193 0 39
dp: 193
---------------------
in formation_2
pass
---------------------
in formation_3
pass
---------------------
in formation_4
pass
---------------------
in formation_5
pass
---------------------
in formation_6
pass
---------------------
in formation_7
pass
error in formulation  []
