3
0 A_0 81 0 0
4 B_0 85 0 1
1 B_1 86 0 2
3 B_2 89 0 3
5 B_3 94 0 4
4 A_1 98 0 5
6 B_4 104 0 6
2 B_5 106 0 7
1 B_6 107 0 8
2 B_7 109 0 9
2 B_8 111 0 10
1 B_9 112 0 11
3 B_10 115 0 12
3 A_2 118 0 13
1 A_3 119 0 14
4 A_4 123 0 15
5 A_5 128 0 16
4 B_11 132 0 17
6 B_12 138 0 18
3 B_13 141 0 19
3 B_14 144 0 20
4 B_15 148 0 21
3 A_6 151 0 22
5 A_7 156 0 23
3 A_8 159 0 24
4 A_9 163 0 25
5 A_10 168 0 26
4 B_16 172 0 27
4 B_17 176 0 28
5 B_18 181 0 29
1 B_19 182 0 30
3 A_11 185 0 31
2 A_12 187 0 32
1 A_13 188 0 33
2 A_14 190 0 34
4 A_15 194 0 35
4 A_16 198 0 36
1 A_17 199 0 37
3 A_18 202 0 38
3 A_19 205 0 39
nldp: 205
---------------------
in formation_2
pass
---------------------
in formation_3
pass
---------------------
in formation_4
pass
---------------------
in formation_5
pass
---------------------
in formation_6
pass
---------------------
in formation_7
pass
error in formulation  []
