0
0 B_0 81 0 0
1 B_1 82 0 1
2 B_2 84 0 2
4 A_0 88 0 3
7 B_3 95 0 4
4 A_1 99 0 5
2 A_2 101 0 6
2 A_3 103 0 7
5 B_4 108 0 8
3 B_5 111 0 9
3 A_4 114 0 10
6 B_6 120 0 11
6 A_5 126 0 12
6 B_7 132 0 13
6 A_6 138 0 14
5 B_8 143 0 15
2 B_9 145 0 16
5 A_7 150 0 17
7 B_10 157 0 18
7 A_8 164 0 19
1 A_9 165 0 20
3 B_11 168 0 21
2 B_12 170 0 22
6 A_10 176 0 23
3 B_13 179 0 24
7 A_11 186 0 25
6 B_14 192 0 26
7 A_12 199 0 27
3 B_15 202 0 28
7 A_13 209 0 29
6 B_16 215 0 30
5 A_14 220 0 31
1 A_15 221 0 32
4 B_17 225 0 33
6 A_16 231 0 34
3 B_18 234 0 35
4 A_17 238 0 36
6 B_19 244 0 37
4 B_20 248 0 38
6 A_18 254 0 39
4 B_21 258 0 40
3 A_19 261 0 41
6 B_22 267 0 42
4 A_20 271 0 43
4 B_23 275 0 44
5 A_21 280 0 45
6 B_24 286 0 46
5 A_22 291 0 47
5 B_25 296 0 48
3 B_26 299 0 49
1 B_27 300 0 50
3 B_28 303 0 51
6 A_23 309 0 52
1 A_24 310 0 53
3 B_29 313 0 54
3 A_25 316 0 55
4 B_30 320 0 56
2 B_31 322 0 57
3 B_32 325 0 58
7 A_26 332 0 59
6 B_33 338 0 60
7 A_27 345 0 61
5 B_34 350 0 62
6 A_28 356 0 63
3 B_35 359 0 64
4 B_36 363 0 65
5 A_29 368 0 66
5 B_37 373 0 67
5 A_30 378 0 68
7 B_38 385 0 69
3 B_39 388 0 70
7 A_31 395 0 71
2 A_32 397 0 72
3 A_33 400 0 73
4 A_34 404 0 74
3 A_35 407 0 75
1 A_36 408 0 76
2 A_37 410 0 77
3 A_38 413 0 78
1 A_39 414 0 79
No lane change: 414 220.74949999999995 0.00010895729064941406
---------------------
in formation_2
pass
---------------------
in formation_3
pass
---------------------
in formation_4
pass
---------------------
in formation_5
pass
---------------------
in formation_6
pass
---------------------
in formation_7
pass
error in formulation  []
