1
0 B_0 83 0 0
6 A_0 89 0 1
5 A_1 94 0 2
5 A_2 99 0 3
3 A_3 102 0 4
4 B_1 106 1 5
1 A_4 107 0 6
3 B_2 110 1 7
3 A_5 113 0 8
6 B_3 119 1 9
4 B_4 123 1 10
1 A_6 124 0 11
4 B_5 128 1 12
4 A_7 132 0 13
6 B_6 138 1 14
3 A_8 141 1 15
2 B_7 143 0 16
6 A_9 149 1 17
5 B_8 154 0 18
1 A_10 155 1 19
2 A_11 157 1 20
3 B_9 160 1 21
2 A_12 162 0 22
1 B_10 164 1 23
5 A_13 169 0 24
4 A_14 173 0 25
5 B_11 178 1 26
1 B_12 179 1 27
1 B_13 181 1 28
5 A_15 186 0 29
4 B_14 190 1 30
6 A_16 196 0 31
4 B_15 200 1 32
5 A_17 205 0 33
5 B_16 210 1 34
5 B_17 215 1 35
4 B_18 219 1 36
4 B_19 223 1 37
6 A_18 229 0 38
3 A_19 232 0 39
1 B_20 233 1 40
2 B_21 235 1 41
1 A_20 236 0 42
4 B_22 240 1 43
2 A_21 242 0 44
4 B_23 246 1 45
3 A_22 250 0 46
6 B_24 256 1 47
5 B_25 261 1 48
3 A_23 264 0 49
3 B_26 267 0 50
2 A_24 269 1 51
4 A_25 273 1 52
3 B_27 276 1 53
5 A_26 281 0 54
1 B_28 283 1 55
3 A_27 287 0 56
3 B_29 290 0 57
6 A_28 296 1 58
5 B_30 301 0 59
1 A_29 302 1 60
3 B_31 305 0 61
1 B_32 306 0 62
2 B_33 308 0 63
1 A_30 310 1 64
5 B_34 315 0 65
4 A_31 319 1 66
3 B_35 322 1 67
5 A_32 327 0 68
1 B_36 330 1 69
1 A_33 334 0 70
5 A_34 339 0 71
2 B_37 341 1 72
4 A_35 345 0 73
3 B_38 348 1 74
4 A_36 352 0 75
6 B_39 358 1 76
6 A_37 364 0 77
4 A_38 368 0 78
3 A_39 371 0 79
greedy: 371
---------------------
in formation_2
pass
---------------------
in formation_3
pass
---------------------
in formation_4
pass
---------------------
in formation_5
pass
---------------------
in formation_6
pass
---------------------
in formation_7
pass
error in formulation  []
