2
[2, 2, 2, 2, 2, 2, 2, 2, 2, 2, 2, 0, 2, 2, 2, 2, 2, 2, 2, 2, 2, 2, 2, 2, 2, 2, 2, 2, 2, 2, 2, 2, 2, 2, 2, 2, 2, 2, 2, 2, 2, 0, 0, 0, 0, 0, 0, 0, 0, 0, 0, 0, 0, 0, 0, 0, 0, 0, 0, 0, 0, 0, 0, 0, 0, 0, 0, 0, 0, 0, 0, 0, 0, 0, 0, 0, 0, 0, 0, 0]
0 B_0 81 0 0
1 B_1 82 0 1
2 B_2 84 0 2
3 B_3 87 0 3
3 B_4 90 0 4
3 B_5 93 0 5
4 B_6 97 0 6
1 B_7 98 0 7
2 B_8 100 0 8
2 B_9 102 0 9
4 B_10 106 0 10
4 A_0 110 0 11
4 B_11 114 0 12
2 B_12 116 0 13
1 B_13 117 0 14
1 B_14 118 0 15
2 B_15 120 0 16
4 B_16 124 0 17
2 B_17 126 0 18
4 B_18 130 0 19
1 B_19 131 0 20
4 B_20 135 0 21
3 B_21 138 0 22
1 B_22 139 0 23
4 B_23 143 0 24
4 B_24 147 0 25
1 B_25 148 0 26
3 B_26 151 0 27
1 B_27 152 0 28
3 B_28 155 0 29
1 B_29 156 0 30
1 B_30 157 0 31
2 B_31 159 0 32
3 B_32 162 0 33
3 B_33 165 0 34
1 B_34 166 0 35
1 B_35 167 0 36
4 B_36 171 0 37
4 B_37 175 0 38
2 B_38 177 0 39
3 B_39 180 0 40
3 A_1 183 0 41
2 A_2 185 0 42
2 A_3 187 0 43
1 A_4 188 0 44
3 A_5 191 0 45
1 A_6 192 0 46
4 A_7 196 0 47
4 A_8 200 0 48
1 A_9 201 0 49
3 A_10 204 0 50
2 A_11 206 0 51
3 A_12 209 0 52
2 A_13 211 0 53
3 A_14 214 0 54
1 A_15 215 0 55
3 A_16 218 0 56
4 A_17 222 0 57
2 A_18 224 0 58
4 A_19 228 0 59
2 A_20 230 0 60
4 A_21 234 0 61
3 A_22 237 0 62
4 A_23 241 0 63
1 A_24 242 0 64
2 A_25 244 0 65
3 A_26 247 0 66
3 A_27 250 0 67
4 A_28 254 0 68
2 A_29 256 0 69
4 A_30 260 0 70
3 A_31 263 0 71
2 A_32 265 0 72
3 A_33 268 0 73
4 A_34 272 0 74
3 A_35 275 0 75
1 A_36 276 0 76
2 A_37 278 0 77
3 A_38 281 0 78
1 A_39 282 0 79
dp: 282 149.44949999999997 0.04139590263366699
---------------------
in formation_2
pass
---------------------
in formation_3
pass
---------------------
in formation_4
pass
---------------------
in formation_5
pass
---------------------
in formation_6
pass
---------------------
in formation_7
pass
error in formulation  []
