3
0 A_0 84 0 0
4 B_0 88 0 1
1 B_1 89 0 2
2 B_2 91 0 3
3 B_3 94 0 4
3 B_4 97 0 5
4 A_1 101 0 6
2 A_2 103 0 7
2 A_3 105 0 8
1 A_4 106 0 9
3 B_5 109 0 10
4 B_6 113 0 11
1 B_7 114 0 12
2 B_8 116 0 13
2 B_9 118 0 14
4 B_10 122 0 15
3 A_5 125 0 16
1 A_6 126 0 17
4 A_7 130 0 18
4 A_8 134 0 19
1 A_9 135 0 20
3 A_10 138 0 21
2 A_11 140 0 22
3 B_11 143 0 23
2 B_12 145 0 24
1 B_13 146 0 25
1 B_14 147 0 26
2 B_15 149 0 27
3 A_12 152 0 28
2 A_13 154 0 29
3 A_14 157 0 30
1 A_15 158 0 31
3 A_16 161 0 32
4 A_17 165 0 33
2 A_18 167 0 34
3 B_16 170 0 35
2 B_17 172 0 36
4 B_18 176 0 37
1 B_19 177 0 38
4 B_20 181 0 39
3 A_19 184 0 40
2 A_20 186 0 41
4 A_21 190 0 42
3 A_22 193 0 43
4 A_23 197 0 44
1 A_24 198 0 45
2 A_25 200 0 46
3 A_26 203 0 47
3 A_27 206 0 48
3 B_21 209 0 49
1 B_22 210 0 50
4 B_23 214 0 51
4 B_24 218 0 52
1 B_25 219 0 53
3 B_26 222 0 54
1 B_27 223 0 55
3 B_28 226 0 56
1 B_29 227 0 57
1 B_30 228 0 58
2 B_31 230 0 59
3 B_32 233 0 60
3 B_33 236 0 61
1 B_34 237 0 62
1 B_35 238 0 63
3 A_28 241 0 64
2 A_29 243 0 65
4 A_30 247 0 66
3 A_31 250 0 67
2 A_32 252 0 68
3 A_33 255 0 69
4 B_36 259 0 70
3 A_34 262 0 71
3 B_37 265 0 72
2 B_38 267 0 73
3 A_35 270 0 74
1 A_36 271 0 75
2 A_37 273 0 76
3 A_38 276 0 77
1 A_39 277 0 78
4 B_39 281 0 79
nldp: 281 152.1495 0.011237859725952148
---------------------
in formation_2
pass
---------------------
in formation_3
pass
---------------------
in formation_4
pass
---------------------
in formation_5
pass
---------------------
in formation_6
pass
---------------------
in formation_7
pass
error in formulation  []
