0
0 B_0 82 0 0
5 A_0 87 0 1
5 B_1 92 0 2
1 B_2 93 0 3
5 A_1 98 0 4
4 A_2 102 0 5
4 A_3 106 0 6
4 B_3 110 0 7
4 A_4 114 0 8
4 B_4 118 0 9
3 A_5 121 0 10
5 B_5 126 0 11
3 A_6 129 0 12
3 B_6 132 0 13
5 A_7 137 0 14
4 B_7 141 0 15
3 A_8 144 0 16
3 A_9 147 0 17
7 B_8 154 0 18
4 A_10 158 0 19
3 A_11 161 0 20
4 A_12 165 0 21
4 B_9 169 0 22
3 B_10 172 0 23
6 A_13 178 0 24
3 A_14 181 0 25
2 A_15 183 0 26
4 B_11 187 0 27
1 B_12 188 0 28
3 B_13 191 0 29
1 B_14 192 0 30
6 A_16 198 0 31
6 B_15 204 0 32
7 A_17 211 0 33
6 B_16 217 0 34
6 A_18 223 0 35
4 B_17 227 0 36
7 A_19 234 0 37
4 B_18 238 0 38
3 B_19 241 0 39
4 A_20 245 0 40
4 B_20 249 0 41
6 A_21 255 0 42
6 B_21 261 0 43
5 A_22 266 0 44
6 B_22 272 0 45
4 A_23 276 0 46
3 A_24 279 0 47
3 B_23 282 0 48
3 B_24 285 0 49
3 B_25 288 0 50
3 A_25 291 0 51
3 A_26 294 0 52
7 B_26 301 0 53
5 A_27 306 0 54
1 A_28 307 0 55
7 B_27 314 0 56
4 A_29 318 0 57
6 B_28 324 0 58
2 B_29 326 0 59
2 B_30 328 0 60
3 A_30 331 0 61
2 A_31 333 0 62
6 B_31 339 0 63
3 B_32 342 0 64
6 A_32 348 0 65
4 B_33 352 0 66
6 A_33 358 0 67
5 B_34 363 0 68
7 A_34 370 0 69
4 B_35 374 0 70
5 A_35 379 0 71
3 A_36 382 0 72
1 A_37 383 0 73
3 A_38 386 0 74
3 A_39 389 0 75
4 B_36 393 0 76
6 A_40 399 0 77
5 B_37 404 0 78
4 A_41 408 0 79
4 B_38 412 0 80
3 A_42 415 0 81
4 A_43 419 0 82
6 B_39 425 0 83
3 B_40 428 0 84
5 A_44 433 0 85
4 A_45 437 0 86
2 A_46 439 0 87
4 A_47 443 0 88
4 B_41 447 0 89
3 B_42 450 0 90
4 B_43 454 0 91
1 B_44 455 0 92
4 B_45 459 0 93
2 B_46 461 0 94
7 A_48 468 0 95
4 B_47 472 0 96
4 A_49 476 0 97
6 B_48 482 0 98
2 B_49 484 0 99
6 A_50 490 0 100
4 A_51 494 0 101
2 A_52 496 0 102
6 B_50 502 0 103
3 A_53 505 0 104
4 B_51 509 0 105
1 B_52 510 0 106
4 A_54 514 0 107
2 A_55 516 0 108
2 A_56 518 0 109
1 A_57 519 0 110
1 A_58 520 0 111
5 B_53 525 0 112
3 A_59 528 0 113
4 B_54 532 0 114
4 B_55 536 0 115
1 B_56 537 0 116
1 B_57 538 0 117
3 B_58 541 0 118
2 B_59 543 0 119
No lane change: 543 265.4270000000001 0.0004169940948486328
---------------------
in formation_2
pass
---------------------
in formation_3
pass
---------------------
in formation_4
pass
---------------------
in formation_5
pass
---------------------
in formation_6
pass
---------------------
in formation_7
pass
error in formulation  []
