1
0 B_0 82 0 0
2 A_0 84 1 1
3 B_1 87 0 2
1 B_2 88 0 3
2 A_1 90 1 4
4 A_2 94 1 5
4 A_3 98 1 6
2 B_3 100 0 7
1 A_4 101 1 8
2 B_4 103 0 9
3 A_5 106 0 10
3 B_5 109 1 11
3 A_6 112 1 12
3 B_6 115 1 13
2 A_7 117 0 14
2 B_7 119 1 15
3 A_8 122 1 16
3 A_9 125 1 17
4 B_8 129 0 18
1 A_10 130 1 19
3 A_11 133 1 20
4 A_12 137 1 21
2 B_9 139 0 22
3 B_10 142 0 23
3 A_13 145 1 24
3 A_14 148 1 25
2 A_15 150 1 26
1 B_11 151 0 27
1 B_12 152 0 28
3 B_13 155 0 29
1 B_14 156 0 30
4 A_16 160 1 31
4 B_15 164 0 32
4 A_17 168 1 33
4 B_16 172 0 34
3 A_18 175 1 35
1 B_17 176 0 36
4 A_19 180 1 37
1 B_18 181 0 38
3 B_19 184 0 39
2 A_20 186 1 40
2 B_20 188 0 41
3 A_21 191 1 42
4 B_21 195 0 43
2 A_22 197 1 44
4 B_22 201 0 45
2 A_23 203 1 46
3 A_24 206 1 47
3 B_23 209 1 48
3 B_24 212 1 49
3 B_25 215 1 50
3 A_25 218 1 51
3 A_26 221 1 52
4 B_26 225 0 53
3 A_27 228 1 54
1 A_28 229 1 55
4 B_27 233 0 56
1 A_29 234 1 57
3 B_28 237 0 58
2 B_29 239 0 59
2 B_30 241 0 60
3 A_30 244 0 61
2 A_31 246 0 62
3 B_31 249 1 63
3 B_32 252 1 64
4 A_32 256 0 65
2 B_33 258 1 66
4 A_33 262 0 67
3 B_34 265 1 68
4 A_34 269 0 69
1 B_35 270 1 70
3 A_35 273 0 71
3 A_36 276 0 72
1 A_37 277 0 73
3 A_38 280 0 74
3 A_39 283 0 75
2 B_36 285 1 76
4 A_40 289 0 77
2 B_37 291 1 78
2 A_41 293 0 79
1 B_38 294 1 80
3 A_42 297 1 81
4 A_43 301 1 82
4 B_39 305 0 83
3 B_40 308 0 84
2 A_44 310 1 85
4 A_45 314 1 86
2 A_46 316 1 87
4 A_47 320 1 88
2 B_41 322 0 89
3 B_42 325 0 90
4 B_43 329 0 91
1 B_44 330 0 92
4 B_45 334 0 93
2 B_46 336 0 94
4 A_48 340 1 95
1 B_47 341 0 96
1 A_49 342 1 97
3 B_48 345 0 98
2 B_49 347 0 99
4 A_50 351 1 100
4 A_51 355 1 101
2 A_52 357 1 102
4 B_50 361 0 103
3 A_53 364 0 104
2 B_51 366 1 105
1 B_52 367 1 106
1 A_54 368 0 107
2 A_55 370 0 108
2 A_56 372 0 109
1 A_57 373 0 110
1 A_58 374 0 111
3 B_53 377 1 112
3 A_59 380 1 113
1 B_54 381 0 114
4 B_55 385 0 115
1 B_56 386 0 116
1 B_57 387 0 117
3 B_58 390 0 118
2 B_59 392 0 119
greedy: 392 182.377 0.0006201267242431641
---------------------
in formation_2
pass
---------------------
in formation_3
pass
---------------------
in formation_4
pass
---------------------
in formation_5
pass
---------------------
in formation_6
pass
---------------------
in formation_7
pass
error in formulation  []
