2
[1, 1, 1, 1, 1, 1, 2, 2, 2, 2, 2, 2, 0, 0, 0, 0, 0, 0, 0, 0, 0, 0, 2, 2, 2, 2, 0, 0, 0, 0, 0, 0, 0, 0, 0, 2, 2, 2, 0, 0, 0, 0, 2, 2, 2, 2, 2, 2, 2, 2, 2, 2, 2, 2, 2, 2, 2, 2, 2, 2, 2, 2, 2, 2, 2, 2, 0, 0, 0, 0, 0, 2, 2, 2, 2, 2, 2, 0, 0, 0, 0, 0, 2, 2, 0, 2, 2, 2, 0, 0, 0, 2, 2, 2, 2, 2, 2, 2, 0, 0, 0, 0, 0, 0, 2, 2, 2, 2, 2, 0, 0, 0, 0, 0, 0, 0, 0, 0, 0, 0]
0 A_0 82 1 0
4 A_1 86 1 1
4 A_2 90 1 2
4 A_3 94 1 3
4 A_4 98 1 4
4 A_5 102 1 5
2 B_0 104 0 6
1 B_1 105 0 7
1 B_2 106 0 8
1 B_3 107 0 9
2 B_4 109 0 10
1 B_5 110 0 11
3 A_6 113 0 12
2 A_7 115 0 13
3 A_8 118 0 14
3 A_9 121 0 15
1 A_10 122 0 16
3 A_11 125 0 17
4 A_12 129 0 18
1 A_13 130 0 19
3 A_14 133 0 20
2 A_15 135 0 21
6 B_6 141 0 22
1 B_7 142 0 23
1 B_8 143 0 24
4 B_9 147 0 25
3 A_16 150 0 26
3 A_17 153 0 27
2 A_18 155 0 28
3 A_19 158 0 29
2 A_20 160 0 30
2 A_21 162 0 31
1 A_22 163 0 32
1 A_23 164 0 33
3 A_24 167 0 34
4 B_10 171 0 35
3 B_11 174 0 36
1 B_12 175 0 37
3 A_25 178 0 38
3 A_26 181 0 39
2 A_27 183 0 40
1 A_28 184 0 41
5 B_13 189 0 42
1 B_14 190 0 43
3 B_15 193 0 44
1 B_16 194 0 45
3 B_17 197 0 46
2 B_18 199 0 47
3 B_19 202 0 48
3 B_20 205 0 49
3 B_21 208 0 50
4 B_22 212 0 51
1 B_23 213 0 52
3 B_24 216 0 53
3 B_25 219 0 54
1 B_26 220 0 55
2 B_27 222 0 56
2 B_28 224 0 57
2 B_29 226 0 58
2 B_30 228 0 59
4 B_31 232 0 60
3 B_32 235 0 61
4 B_33 239 0 62
1 B_34 240 0 63
2 B_35 242 0 64
3 B_36 245 0 65
3 A_29 248 0 66
1 A_30 249 0 67
2 A_31 251 0 68
2 A_32 253 0 69
1 A_33 254 0 70
4 B_37 258 0 71
2 B_38 260 0 72
2 B_39 262 0 73
3 B_40 265 0 74
2 B_41 267 0 75
3 B_42 270 0 76
3 A_34 273 0 77
2 A_35 275 0 78
3 A_36 278 0 79
1 A_37 279 0 80
3 A_38 282 0 81
5 B_43 287 0 82
1 B_44 288 0 83
3 A_39 291 0 84
6 B_45 297 0 85
2 B_46 299 0 86
2 B_47 301 0 87
3 A_40 304 0 88
2 A_41 306 0 89
3 A_42 309 0 90
5 B_48 314 0 91
2 B_49 316 0 92
4 B_50 320 0 93
3 B_51 323 0 94
1 B_52 324 0 95
3 B_53 327 0 96
3 B_54 330 0 97
3 A_43 333 0 98
3 A_44 336 0 99
4 A_45 340 0 100
2 A_46 342 0 101
4 A_47 346 0 102
4 A_48 350 0 103
5 B_55 355 0 104
1 B_56 356 0 105
1 B_57 357 0 106
3 B_58 360 0 107
2 B_59 362 0 108
4 A_49 366 0 109
2 A_50 368 0 110
4 A_51 372 0 111
2 A_52 374 0 112
4 A_53 378 0 113
2 A_54 380 0 114
2 A_55 382 0 115
2 A_56 384 0 116
1 A_57 385 0 117
1 A_58 386 0 118
3 A_59 389 0 119
dp: 389 175.8686666666667 0.1737651824951172
---------------------
in formation_2
pass
---------------------
in formation_3
pass
---------------------
in formation_4
pass
---------------------
in formation_5
pass
---------------------
in formation_6
pass
---------------------
in formation_7
pass
error in formulation  []
