3
0 A_0 82 0 0
4 A_1 86 0 1
4 A_2 90 0 2
4 B_0 94 0 3
1 B_1 95 0 4
1 B_2 96 0 5
1 B_3 97 0 6
2 B_4 99 0 7
1 B_5 100 0 8
3 B_6 103 0 9
1 B_7 104 0 10
1 B_8 105 0 11
4 B_9 109 0 12
3 B_10 112 0 13
3 B_11 115 0 14
1 B_12 116 0 15
3 B_13 119 0 16
1 B_14 120 0 17
3 B_15 123 0 18
1 B_16 124 0 19
3 B_17 127 0 20
2 B_18 129 0 21
3 B_19 132 0 22
3 B_20 135 0 23
3 B_21 138 0 24
4 B_22 142 0 25
1 B_23 143 0 26
3 A_3 146 0 27
4 A_4 150 0 28
4 A_5 154 0 29
4 B_24 158 0 30
3 A_6 161 0 31
2 A_7 163 0 32
3 A_8 166 0 33
3 A_9 169 0 34
1 A_10 170 0 35
3 A_11 173 0 36
3 B_25 176 0 37
1 B_26 177 0 38
2 B_27 179 0 39
2 B_28 181 0 40
2 B_29 183 0 41
2 B_30 185 0 42
3 A_12 188 0 43
1 A_13 189 0 44
3 A_14 192 0 45
2 A_15 194 0 46
4 A_16 198 0 47
3 A_17 201 0 48
2 A_18 203 0 49
3 A_19 206 0 50
2 A_20 208 0 51
2 A_21 210 0 52
1 A_22 211 0 53
1 A_23 212 0 54
3 A_24 215 0 55
4 A_25 219 0 56
3 A_26 222 0 57
2 A_27 224 0 58
1 A_28 225 0 59
3 B_31 228 0 60
3 B_32 231 0 61
4 B_33 235 0 62
1 B_34 236 0 63
2 B_35 238 0 64
3 A_29 241 0 65
1 A_30 242 0 66
2 A_31 244 0 67
2 A_32 246 0 68
1 A_33 247 0 69
3 B_36 250 0 70
3 B_37 253 0 71
2 B_38 255 0 72
2 B_39 257 0 73
3 B_40 260 0 74
2 B_41 262 0 75
3 B_42 265 0 76
3 A_34 268 0 77
2 A_35 270 0 78
3 A_36 273 0 79
1 A_37 274 0 80
3 A_38 277 0 81
3 A_39 280 0 82
4 A_40 284 0 83
3 B_43 287 0 84
1 B_44 288 0 85
3 A_41 291 0 86
3 A_42 294 0 87
4 A_43 298 0 88
3 A_44 301 0 89
4 B_45 305 0 90
2 B_46 307 0 91
2 B_47 309 0 92
3 A_45 312 0 93
2 A_46 314 0 94
4 A_47 318 0 95
4 A_48 322 0 96
3 B_48 325 0 97
2 B_49 327 0 98
3 A_49 330 0 99
2 A_50 332 0 100
4 A_51 336 0 101
2 A_52 338 0 102
4 A_53 342 0 103
3 B_50 345 0 104
3 B_51 348 0 105
1 B_52 349 0 106
3 B_53 352 0 107
3 B_54 355 0 108
4 B_55 359 0 109
1 B_56 360 0 110
1 B_57 361 0 111
3 B_58 364 0 112
2 B_59 366 0 113
3 A_54 369 0 114
2 A_55 371 0 115
2 A_56 373 0 116
1 A_57 374 0 117
1 A_58 375 0 118
3 A_59 378 0 119
nldp: 378 170.852 0.024843931198120117
---------------------
in formation_2
pass
---------------------
in formation_3
pass
---------------------
in formation_4
pass
---------------------
in formation_5
pass
---------------------
in formation_6
pass
---------------------
in formation_7
pass
error in formulation  []
