0
0 B_0 81 0 0
3 A_0 84 0 1
2 A_1 86 0 2
7 B_1 93 0 3
4 A_2 97 0 4
6 B_2 103 0 5
5 A_3 108 0 6
1 A_4 109 0 7
1 A_5 110 0 8
7 B_3 117 0 9
5 A_6 122 0 10
5 B_4 127 0 11
1 B_5 128 0 12
4 A_7 132 0 13
4 B_6 136 0 14
6 A_8 142 0 15
4 B_7 146 0 16
5 A_9 151 0 17
4 B_8 155 0 18
2 B_9 157 0 19
3 B_10 160 0 20
3 A_10 163 0 21
3 B_11 166 0 22
6 A_11 172 0 23
4 B_12 176 0 24
4 A_12 180 0 25
4 B_13 184 0 26
4 B_14 188 0 27
4 A_13 192 0 28
5 B_15 197 0 29
1 B_16 198 0 30
3 A_14 201 0 31
6 B_17 207 0 32
5 A_15 212 0 33
4 A_16 216 0 34
3 A_17 219 0 35
5 B_18 224 0 36
6 A_18 230 0 37
5 B_19 235 0 38
6 A_19 241 0 39
2 A_20 243 0 40
7 B_20 250 0 41
7 A_21 257 0 42
5 B_21 262 0 43
4 A_22 266 0 44
1 A_23 267 0 45
4 B_22 271 0 46
4 A_24 275 0 47
1 A_25 276 0 48
1 A_26 277 0 49
6 B_23 283 0 50
4 A_27 287 0 51
3 B_24 290 0 52
6 A_28 296 0 53
6 B_25 302 0 54
1 B_26 303 0 55
4 B_27 307 0 56
2 B_28 309 0 57
6 A_29 315 0 58
4 B_29 319 0 59
6 A_30 325 0 60
7 B_30 332 0 61
5 A_31 337 0 62
7 B_31 344 0 63
5 A_32 349 0 64
4 B_32 353 0 65
2 B_33 355 0 66
5 A_33 360 0 67
4 A_34 364 0 68
1 A_35 365 0 69
4 A_36 369 0 70
4 B_34 373 0 71
4 A_37 377 0 72
5 B_35 382 0 73
5 A_38 387 0 74
6 B_36 393 0 75
5 A_39 398 0 76
4 B_37 402 0 77
4 A_40 406 0 78
5 B_38 411 0 79
7 A_41 418 0 80
4 A_42 422 0 81
6 B_39 428 0 82
5 A_43 433 0 83
5 B_40 438 0 84
6 A_44 444 0 85
3 B_41 447 0 86
4 A_45 451 0 87
7 B_42 458 0 88
5 A_46 463 0 89
4 B_43 467 0 90
5 A_47 472 0 91
5 B_44 477 0 92
2 B_45 479 0 93
4 A_48 483 0 94
2 A_49 485 0 95
5 B_46 490 0 96
1 B_47 491 0 97
2 B_48 493 0 98
4 A_50 497 0 99
6 B_49 503 0 100
1 B_50 504 0 101
1 B_51 505 0 102
4 A_51 509 0 103
5 B_52 514 0 104
4 B_53 518 0 105
3 B_54 521 0 106
4 A_52 525 0 107
4 B_55 529 0 108
2 B_56 531 0 109
7 A_53 538 0 110
2 A_54 540 0 111
5 B_57 545 0 112
2 B_58 547 0 113
4 B_59 551 0 114
6 A_55 557 0 115
2 A_56 559 0 116
4 A_57 563 0 117
3 A_58 566 0 118
2 A_59 568 0 119
No lane change: 568 279.3419999999999 0.00021505355834960938
---------------------
in formation_2
pass
---------------------
in formation_3
pass
---------------------
in formation_4
pass
---------------------
in formation_5
pass
---------------------
in formation_6
pass
---------------------
in formation_7
pass
error in formulation  []
