1
0 B_0 81 0 0
4 A_0 85 1 1
2 B_1 89 0 2
4 A_1 93 1 3
6 B_2 99 0 4
2 A_2 101 1 5
5 A_3 106 1 6
2 B_3 109 0 7
2 A_4 113 1 8
6 B_4 119 0 9
5 B_5 124 0 10
2 A_5 126 1 11
6 A_6 132 1 12
4 A_7 136 1 13
2 B_6 138 0 14
4 A_8 142 1 15
4 B_7 146 0 16
5 A_9 151 1 17
6 B_8 157 0 18
4 A_10 161 1 19
6 B_9 167 0 20
6 A_11 173 1 21
6 B_10 179 0 22
2 A_12 181 1 23
1 B_11 182 0 24
1 A_13 183 1 25
2 A_14 185 1 26
6 A_15 191 1 27
4 A_16 195 1 28
6 B_12 201 0 29
3 B_13 204 0 30
1 A_17 205 1 31
2 B_14 207 0 32
4 A_18 211 1 33
4 B_15 215 0 34
4 A_19 219 1 35
6 B_16 225 0 36
3 A_20 228 0 37
3 B_17 231 0 38
1 A_21 232 1 39
3 A_22 235 1 40
5 A_23 240 1 41
6 A_24 246 1 42
6 B_18 252 0 43
6 A_25 258 1 44
4 B_19 262 0 45
1 A_26 263 1 46
5 B_20 268 0 47
2 A_27 270 1 48
2 B_21 272 0 49
1 A_28 273 1 50
5 B_22 278 0 51
4 A_29 282 1 52
3 B_23 285 0 53
3 A_30 288 1 54
4 A_31 292 1 55
3 B_24 295 0 56
5 B_25 300 0 57
3 B_26 303 0 58
2 A_32 305 1 59
3 B_27 308 0 60
3 A_33 311 0 61
4 A_34 315 0 62
6 A_35 321 0 63
1 A_36 322 0 64
2 B_28 324 1 65
3 A_37 327 0 66
3 B_29 330 1 67
2 A_38 332 0 68
4 B_30 336 1 69
4 A_39 340 0 70
2 A_40 342 0 71
3 B_31 345 0 72
2 B_32 347 0 73
6 A_41 353 1 74
6 B_33 359 0 75
1 A_42 360 1 76
1 A_43 361 1 77
4 B_34 365 0 78
2 A_44 367 1 79
4 A_45 371 1 80
4 A_46 375 1 81
3 B_35 378 0 82
3 A_47 381 0 83
1 B_36 382 1 84
3 B_37 385 1 85
1 A_48 386 0 86
6 B_38 392 1 87
2 A_49 394 0 88
2 A_50 396 0 89
3 B_39 399 1 90
1 A_51 400 0 91
2 A_52 402 0 92
4 B_40 406 1 93
2 A_53 408 0 94
6 A_54 414 0 95
6 A_55 420 0 96
1 B_41 421 1 97
3 A_56 424 0 98
1 A_57 425 0 99
6 B_42 431 1 100
2 A_58 433 0 101
2 B_43 435 1 102
1 B_44 436 1 103
6 B_45 442 1 104
3 A_59 445 0 105
2 B_46 447 1 106
5 B_47 452 1 107
4 B_48 456 1 108
5 B_49 461 1 109
1 B_50 462 1 110
3 B_51 466 1 111
1 B_52 470 1 112
4 B_53 474 1 113
3 B_54 478 1 114
5 B_55 483 1 115
2 B_56 486 1 116
4 B_57 490 1 117
1 B_58 494 1 118
4 B_59 498 1 119
greedy: 498
---------------------
in formation_2
pass
---------------------
in formation_3
pass
---------------------
in formation_4
pass
---------------------
in formation_5
pass
---------------------
in formation_6
pass
---------------------
in formation_7
pass
error in formulation  []
