2
[0, 0, 0, 0, 0, 0, 0, 0, 0, 0, 0, 2, 2, 2, 2, 0, 2, 2, 2, 2, 2, 0, 0, 0, 0, 0, 0, 0, 0, 0, 0, 0, 0, 0, 0, 0, 0, 0, 0, 0, 0, 0, 2, 0, 2, 2, 2, 2, 2, 2, 2, 0, 0, 2, 2, 2, 2, 2, 2, 2, 2, 2, 2, 0, 0, 0, 2, 2, 0, 0, 0, 2, 2, 2, 2, 2, 2, 2, 2, 2, 2, 2, 2, 2, 2, 2, 0, 0, 0, 2, 2, 2, 2, 2, 2, 2, 2, 2, 1, 2, 0, 0, 0, 0, 2, 0, 0, 0, 0, 0, 0, 0, 2, 2, 2, 2, 0, 0, 0, 3]
0 A_0 82 0 0
2 A_1 84 0 1
2 A_2 86 0 2
2 A_3 88 0 3
1 A_4 89 0 4
1 A_5 90 0 5
2 A_6 92 0 6
3 A_7 95 0 7
3 A_8 98 0 8
4 A_9 102 0 9
3 A_10 105 0 10
4 B_0 109 0 11
4 B_1 113 0 12
1 B_2 114 0 13
4 B_3 118 0 14
3 A_11 121 0 15
7 B_4 128 0 16
1 B_5 129 0 17
1 B_6 130 0 18
4 B_7 134 0 19
4 B_8 138 0 20
3 A_12 141 0 21
4 A_13 145 0 22
4 A_14 149 0 23
1 A_15 150 0 24
4 A_16 154 0 25
3 A_17 157 0 26
3 A_18 160 0 27
4 A_19 164 0 28
2 A_20 166 0 29
4 A_21 170 0 30
4 A_22 174 0 31
1 A_23 175 0 32
1 A_24 176 0 33
1 A_25 177 0 34
1 A_26 178 0 35
2 A_27 180 0 36
3 A_28 183 0 37
1 A_29 184 0 38
2 A_30 186 0 39
2 A_31 188 0 40
1 A_32 189 0 41
4 B_9 193 0 42
3 A_33 196 0 43
5 B_10 201 0 44
3 B_11 204 0 45
3 B_12 207 0 46
4 B_13 211 0 47
4 B_14 215 0 48
3 B_15 218 0 49
1 B_16 219 0 50
3 A_34 222 0 51
1 A_35 223 0 52
6 B_17 229 0 53
2 B_18 231 0 54
3 B_19 234 0 55
3 B_20 237 0 56
1 B_21 238 0 57
1 B_22 239 0 58
2 B_23 241 0 59
2 B_24 243 0 60
4 B_25 247 0 61
1 B_26 248 0 62
4 A_36 252 0 63
2 A_37 254 0 64
3 A_38 257 0 65
5 B_27 262 0 66
2 B_28 264 0 67
3 A_39 267 0 68
3 A_40 270 0 69
1 A_41 271 0 70
4 B_29 275 0 71
2 B_30 277 0 72
3 B_31 280 0 73
2 B_32 282 0 74
2 B_33 284 0 75
3 B_34 287 0 76
3 B_35 290 0 77
1 B_36 291 0 78
2 B_37 293 0 79
1 B_38 294 0 80
3 B_39 297 0 81
3 B_40 300 0 82
3 B_41 303 0 83
3 B_42 306 0 84
4 B_43 310 0 85
3 A_42 313 0 86
1 A_43 314 0 87
2 A_44 316 0 88
4 B_44 320 0 89
2 B_45 322 0 90
1 B_46 323 0 91
1 B_47 324 0 92
2 B_48 326 0 93
2 B_49 328 0 94
1 B_50 329 0 95
1 B_51 330 0 96
4 B_52 334 0 97
2 A_45 336 1 98
2 B_53 338 0 99
3 A_46 341 0 100
2 A_47 343 0 101
1 A_48 344 0 102
2 A_49 346 0 103
5 B_54 351 0 104
4 A_50 355 0 105
3 A_51 358 0 106
1 A_52 359 0 107
3 A_53 362 0 108
2 A_54 364 0 109
1 A_55 365 0 110
2 A_56 367 0 111
5 B_55 372 0 112
2 B_56 374 0 113
1 B_57 375 0 114
2 B_58 377 0 115
3 A_57 380 0 116
3 A_58 383 0 117
2 A_59 385 0 118
3 B_59 388 1 119
dp: 388 191.70866666666657 0.12552285194396973
---------------------
in formation_2
pass
---------------------
in formation_3
pass
---------------------
in formation_4
pass
---------------------
in formation_5
pass
---------------------
in formation_6
pass
---------------------
in formation_7
pass
error in formulation  []
