3
0 A_0 82 0 0
3 A_1 85 0 1
6 A_2 91 0 2
5 A_3 96 0 3
5 A_4 101 0 4
5 B_0 106 0 5
6 B_1 112 0 6
6 B_2 118 0 7
1 B_3 119 0 8
5 B_4 124 0 9
4 A_5 128 0 10
4 B_5 132 0 11
3 B_6 135 0 12
3 B_7 138 0 13
2 B_8 140 0 14
4 A_6 144 0 15
4 A_7 148 0 16
2 A_8 150 0 17
1 A_9 151 0 18
5 A_10 156 0 19
6 A_11 162 0 20
6 A_12 168 0 21
3 A_13 171 0 22
2 A_14 173 0 23
6 A_15 179 0 24
4 B_9 183 0 25
3 B_10 186 0 26
3 A_16 189 0 27
1 A_17 190 0 28
6 A_18 196 0 29
2 A_19 198 0 30
4 B_11 202 0 31
4 B_12 206 0 32
3 B_13 209 0 33
3 A_20 212 0 34
1 A_21 213 0 35
3 A_22 216 0 36
5 A_23 221 0 37
4 B_14 225 0 38
4 B_15 229 0 39
3 B_16 232 0 40
1 B_17 233 0 41
4 B_18 237 0 42
2 B_19 239 0 43
4 A_24 243 0 44
4 B_20 247 0 45
4 B_21 251 0 46
2 B_22 253 0 47
2 B_23 255 0 48
3 B_24 258 0 49
5 B_25 263 0 50
3 B_26 266 0 51
2 B_27 268 0 52
1 B_28 269 0 53
4 A_25 273 0 54
2 A_26 275 0 55
4 B_29 279 0 56
6 B_30 285 0 57
5 B_31 290 0 58
2 B_32 292 0 59
1 B_33 293 0 60
4 A_27 297 0 61
6 A_28 303 0 62
3 A_29 306 0 63
2 A_30 308 0 64
4 A_31 312 0 65
1 A_32 313 0 66
4 A_33 317 0 67
4 A_34 321 0 68
4 B_34 325 0 69
4 B_35 329 0 70
5 B_36 334 0 71
3 B_37 337 0 72
4 A_35 341 0 73
1 A_36 342 0 74
2 A_37 344 0 75
2 A_38 346 0 76
3 A_39 349 0 77
2 A_40 351 0 78
4 A_41 355 0 79
1 A_42 356 0 80
1 A_43 357 0 81
3 A_44 360 0 82
5 B_38 365 0 83
2 B_39 367 0 84
3 B_40 370 0 85
1 B_41 371 0 86
5 B_42 376 0 87
5 A_45 381 0 88
4 A_46 385 0 89
3 A_47 388 0 90
6 B_43 394 0 91
1 B_44 395 0 92
3 A_48 398 0 93
2 A_49 400 0 94
2 A_50 402 0 95
3 A_51 405 0 96
2 A_52 407 0 97
3 A_53 410 0 98
6 A_54 416 0 99
3 B_45 419 0 100
1 B_46 420 0 101
5 B_47 425 0 102
4 B_48 429 0 103
5 B_49 434 0 104
1 B_50 435 0 105
3 B_51 438 0 106
1 B_52 439 0 107
3 A_55 442 0 108
5 A_56 447 0 109
1 A_57 448 0 110
1 A_58 449 0 111
5 B_53 454 0 112
3 B_54 457 0 113
5 A_59 462 0 114
3 B_55 465 0 115
2 B_56 467 0 116
4 B_57 471 0 117
1 B_58 472 0 118
4 B_59 476 0 119
nldp: 476
---------------------
in formation_2
pass
---------------------
in formation_3
pass
---------------------
in formation_4
pass
---------------------
in formation_5
pass
---------------------
in formation_6
pass
---------------------
in formation_7
pass
error in formulation  []
