0
0 A_0 82 0 0
5 B_0 87 0 1
6 A_1 93 0 2
6 B_1 99 0 3
1 B_2 100 0 4
4 B_3 104 0 5
6 A_2 110 0 6
5 B_4 115 0 7
1 B_5 116 0 8
6 A_3 122 0 9
1 A_4 123 0 10
5 B_6 128 0 11
6 A_5 134 0 12
5 B_7 139 0 13
3 B_8 142 0 14
5 A_6 147 0 15
2 A_7 149 0 16
3 B_9 152 0 17
5 A_8 157 0 18
1 A_9 158 0 19
5 B_10 163 0 20
6 A_10 169 0 21
5 B_11 174 0 22
3 B_12 177 0 23
3 A_11 180 0 24
6 B_13 186 0 25
5 A_12 191 0 26
1 A_13 192 0 27
3 B_14 195 0 28
3 B_15 198 0 29
1 B_16 199 0 30
6 A_14 205 0 31
1 A_15 206 0 32
6 B_17 212 0 33
4 B_18 216 0 34
4 A_16 220 0 35
5 B_19 225 0 36
6 A_17 231 0 37
4 A_18 235 0 38
3 B_20 238 0 39
1 B_21 239 0 40
7 A_19 246 0 41
6 B_22 252 0 42
4 A_20 256 0 43
3 A_21 259 0 44
6 B_23 265 0 45
3 A_22 268 0 46
3 A_23 271 0 47
2 A_24 273 0 48
2 A_25 275 0 49
4 A_26 279 0 50
6 B_24 285 0 51
4 A_27 289 0 52
5 B_25 294 0 53
5 A_28 299 0 54
3 B_26 302 0 55
2 B_27 304 0 56
6 A_29 310 0 57
1 A_30 311 0 58
4 B_28 315 0 59
3 A_31 318 0 60
4 B_29 322 0 61
7 A_32 329 0 62
7 B_30 336 0 63
2 B_31 338 0 64
4 A_33 342 0 65
4 A_34 346 0 66
2 A_35 348 0 67
6 B_32 354 0 68
1 B_33 355 0 69
1 B_34 356 0 70
7 A_36 363 0 71
4 B_35 367 0 72
6 A_37 373 0 73
3 B_36 376 0 74
7 A_38 383 0 75
7 B_37 390 0 76
5 A_39 395 0 77
6 B_38 401 0 78
4 A_40 405 0 79
1 A_41 406 0 80
4 A_42 410 0 81
3 A_43 413 0 82
6 B_39 419 0 83
5 A_44 424 0 84
6 B_40 430 0 85
5 A_45 435 0 86
6 B_41 441 0 87
4 A_46 445 0 88
5 B_42 450 0 89
2 B_43 452 0 90
4 A_47 456 0 91
6 B_44 462 0 92
6 A_48 468 0 93
1 A_49 469 0 94
6 B_45 475 0 95
3 A_50 478 0 96
4 B_46 482 0 97
2 B_47 484 0 98
3 A_51 487 0 99
7 B_48 494 0 100
1 B_49 495 0 101
4 A_52 499 0 102
4 B_50 503 0 103
6 A_53 509 0 104
1 A_54 510 0 105
5 B_51 515 0 106
5 A_55 520 0 107
5 B_52 525 0 108
4 A_56 529 0 109
6 B_53 535 0 110
4 A_57 539 0 111
6 B_54 545 0 112
3 A_58 548 0 113
7 B_55 555 0 114
6 A_59 561 0 115
6 B_56 567 0 116
4 B_57 571 0 117
2 B_58 573 0 118
3 B_59 576 0 119
No lane change: 576 253.8868333333334 0.0004191398620605469
---------------------
in formation_2
pass
---------------------
in formation_3
pass
---------------------
in formation_4
pass
---------------------
in formation_5
pass
---------------------
in formation_6
pass
---------------------
in formation_7
pass
error in formulation  []
