1
0 A_0 82 0 0
3 B_0 85 1 1
3 A_1 88 0 2
4 B_1 92 1 3
1 B_2 93 1 4
4 B_3 97 1 5
3 A_2 100 0 6
2 B_4 102 1 7
1 B_5 103 1 8
3 A_3 106 0 9
1 A_4 107 0 10
2 B_6 109 1 11
3 A_5 112 0 12
2 B_7 114 1 13
3 B_8 117 1 14
3 A_6 120 0 15
2 A_7 122 0 16
3 B_9 125 0 17
2 A_8 127 1 18
1 A_9 128 1 19
2 B_10 130 0 20
4 A_10 134 1 21
2 B_11 136 0 22
3 B_12 139 0 23
3 A_11 142 0 24
4 B_13 146 1 25
2 A_12 148 0 26
1 A_13 149 0 27
3 B_14 152 0 28
3 B_15 155 0 29
1 B_16 156 0 30
4 A_14 160 1 31
1 A_15 161 1 32
3 B_17 164 0 33
4 B_18 168 0 34
2 A_16 170 1 35
2 B_19 172 0 36
3 A_17 175 1 37
4 A_18 179 1 38
3 B_20 182 1 39
1 B_21 183 1 40
4 A_19 187 0 41
3 B_22 190 1 42
2 A_20 192 0 43
3 A_21 195 0 44
3 B_23 198 1 45
3 A_22 201 1 46
3 A_23 204 1 47
2 A_24 206 1 48
2 A_25 208 1 49
4 A_26 212 1 50
4 B_24 216 0 51
2 A_27 218 1 52
3 B_25 221 0 53
3 A_28 224 1 54
3 B_26 227 1 55
2 B_27 229 1 56
4 A_29 233 0 57
1 A_30 234 0 58
1 B_28 235 1 59
3 A_31 238 1 60
1 B_29 239 0 61
4 A_32 243 1 62
4 B_30 247 0 63
2 B_31 249 0 64
2 A_33 251 1 65
4 A_34 255 1 66
2 A_35 257 1 67
3 B_32 260 0 68
1 B_33 261 0 69
1 B_34 262 0 70
4 A_36 266 1 71
1 B_35 267 0 72
3 A_37 270 1 73
3 B_36 273 1 74
4 A_38 277 0 75
4 B_37 281 1 76
3 A_39 284 0 77
3 B_38 287 1 78
1 A_40 288 0 79
1 A_41 289 0 80
4 A_42 293 0 81
3 A_43 296 0 82
3 B_39 299 1 83
2 A_44 301 0 84
3 B_40 304 1 85
2 A_45 306 0 86
3 B_41 309 1 87
1 A_46 310 0 88
2 B_42 312 1 89
2 B_43 314 1 90
1 A_47 315 0 91
3 B_44 318 1 92
3 A_48 321 0 93
1 A_49 322 0 94
3 B_45 325 1 95
3 A_50 328 1 96
1 B_46 329 0 97
2 B_47 331 0 98
3 A_51 334 0 99
4 B_48 338 1 100
1 B_49 339 1 101
2 A_52 341 0 102
1 B_50 342 1 103
3 A_53 345 0 104
1 A_54 346 0 105
2 B_51 348 1 106
2 A_55 350 0 107
2 B_52 352 1 108
2 A_56 354 0 109
4 B_53 358 1 110
2 A_57 360 0 111
4 B_54 364 1 112
3 A_58 367 1 113
4 B_55 371 0 114
4 A_59 375 1 115
4 B_56 379 0 116
4 B_57 383 0 117
2 B_58 385 0 118
3 B_59 388 0 119
greedy: 388 164.24516666666665 0.0006220340728759766
---------------------
in formation_2
pass
---------------------
in formation_3
pass
---------------------
in formation_4
pass
---------------------
in formation_5
pass
---------------------
in formation_6
pass
---------------------
in formation_7
pass
error in formulation  []
