2
[1, 2, 2, 2, 2, 0, 0, 0, 2, 0, 0, 0, 0, 0, 0, 3, 0, 0, 2, 2, 2, 2, 2, 2, 2, 1, 2, 1, 2, 1, 2, 1, 2, 2, 2, 1, 2, 2, 2, 2, 2, 2, 2, 2, 2, 2, 1, 1, 2, 2, 2, 1, 1, 1, 2, 2, 1, 2, 1, 2, 3, 0, 0, 0, 0, 3, 1, 2, 2, 2, 2, 2, 2, 2, 2, 1, 1, 2, 2, 0, 0, 2, 2, 2, 2, 0, 0, 0, 0, 0, 0, 0, 3, 0, 0, 2, 2, 0, 0, 0, 3, 3, 0, 2, 2, 0, 0, 0, 0, 0, 0, 0, 0, 0, 0, 0, 0, 0, 3, 0]
0 A_0 81 1 0
2 B_0 85 0 1
1 B_1 86 0 2
2 B_2 88 0 3
2 B_3 90 0 4
5 A_1 95 0 5
5 A_2 100 0 6
6 A_3 106 0 7
9 B_4 115 0 8
4 A_4 119 0 9
1 A_5 120 0 10
1 A_6 121 0 11
4 A_7 125 0 12
2 A_8 127 0 13
2 A_9 129 0 14
2 B_5 131 1 15
4 A_10 135 0 16
1 A_11 136 0 17
6 B_6 142 0 18
3 B_7 145 0 19
4 B_8 149 0 20
3 B_9 152 0 21
1 B_10 153 0 22
1 B_11 154 0 23
1 B_12 155 0 24
2 A_12 157 1 25
4 B_13 161 0 26
3 A_13 164 1 27
1 B_14 165 0 28
1 A_14 166 1 29
4 B_15 170 0 30
1 A_15 171 1 31
2 B_16 173 0 32
5 B_17 178 0 33
1 B_18 179 0 34
2 A_16 181 1 35
3 B_19 184 0 36
4 B_20 188 0 37
2 B_21 190 0 38
2 B_22 192 0 39
4 B_23 196 0 40
4 B_24 200 0 41
3 B_25 203 0 42
4 B_26 207 0 43
1 B_27 208 0 44
5 B_28 213 0 45
3 A_17 216 1 46
4 A_18 220 1 47
2 B_29 222 0 48
1 B_30 223 0 49
3 B_31 226 0 50
2 A_19 228 1 51
4 A_20 232 1 52
2 A_21 234 1 53
1 B_32 235 0 54
2 B_33 237 0 55
3 A_22 240 1 56
4 B_34 244 0 57
3 A_23 247 1 58
3 B_35 250 0 59
3 B_36 253 1 60
1 A_24 254 0 61
1 A_25 255 0 62
2 A_26 257 0 63
2 A_27 259 0 64
3 B_37 262 1 65
4 A_28 266 1 66
4 B_38 270 0 67
1 B_39 271 0 68
3 B_40 274 0 69
4 B_41 278 0 70
2 B_42 280 0 71
4 B_43 284 0 72
1 B_44 285 0 73
3 B_45 288 0 74
4 A_29 292 1 75
5 A_30 297 1 76
3 B_46 300 0 77
3 B_47 303 0 78
4 A_31 307 0 79
2 A_32 309 0 80
9 B_48 318 0 81
1 B_49 319 0 82
4 B_50 323 0 83
2 B_51 325 0 84
4 A_33 329 0 85
1 A_34 330 0 86
2 A_35 332 0 87
4 A_36 336 0 88
1 A_37 337 0 89
2 A_38 339 0 90
3 A_39 342 0 91
3 B_52 345 1 92
2 A_40 347 0 93
1 A_41 348 0 94
8 B_53 356 0 95
2 B_54 358 0 96
3 A_42 361 0 97
3 A_43 364 0 98
1 A_44 365 0 99
4 B_55 369 1 100
3 B_56 372 1 101
3 A_45 375 0 102
7 B_57 382 0 103
2 B_58 384 0 104
3 A_46 387 0 105
2 A_47 389 0 106
4 A_48 393 0 107
4 A_49 397 0 108
1 A_50 398 0 109
6 A_51 404 0 110
5 A_52 409 0 111
5 A_53 414 0 112
3 A_54 417 0 113
5 A_55 422 0 114
3 A_56 425 0 115
3 A_57 428 0 116
1 A_58 429 0 117
2 B_59 431 1 118
3 A_59 434 0 119
dp: 434
---------------------
in formation_2
pass
---------------------
in formation_3
pass
---------------------
in formation_4
pass
---------------------
in formation_5
pass
---------------------
in formation_6
pass
---------------------
in formation_7
pass
error in formulation  []
