3
0 A_0 81 0 0
6 B_0 87 0 1
1 B_1 88 0 2
2 B_2 90 0 3
2 B_3 92 0 4
5 A_1 97 0 5
5 A_2 102 0 6
6 A_3 108 0 7
6 A_4 114 0 8
1 A_5 115 0 9
1 A_6 116 0 10
4 A_7 120 0 11
2 A_8 122 0 12
2 A_9 124 0 13
5 B_4 129 0 14
6 B_5 135 0 15
5 B_6 140 0 16
3 B_7 143 0 17
4 B_8 147 0 18
3 B_9 150 0 19
1 B_10 151 0 20
1 B_11 152 0 21
1 B_12 153 0 22
6 B_13 159 0 23
5 B_14 164 0 24
4 A_10 168 0 25
1 A_11 169 0 26
4 B_15 173 0 27
3 A_12 176 0 28
5 A_13 181 0 29
5 A_14 186 0 30
4 B_16 190 0 31
5 A_15 195 0 32
3 A_16 198 0 33
3 B_17 201 0 34
1 B_18 202 0 35
6 B_19 208 0 36
4 B_20 212 0 37
2 B_21 214 0 38
2 B_22 216 0 39
4 B_23 220 0 40
4 B_24 224 0 41
3 B_25 227 0 42
4 B_26 231 0 43
1 B_27 232 0 44
5 B_28 237 0 45
5 A_17 242 0 46
4 A_18 246 0 47
5 A_19 251 0 48
4 A_20 255 0 49
2 A_21 257 0 50
5 A_22 262 0 51
4 B_29 266 0 52
1 B_30 267 0 53
3 B_31 270 0 54
5 A_23 275 0 55
6 B_32 281 0 56
2 B_33 283 0 57
4 B_34 287 0 58
5 B_35 292 0 59
1 B_36 293 0 60
3 A_24 296 0 61
1 A_25 297 0 62
2 A_26 299 0 63
2 A_27 301 0 64
4 A_28 305 0 65
4 B_37 309 0 66
2 B_38 311 0 67
1 B_39 312 0 68
3 B_40 315 0 69
4 B_41 319 0 70
2 B_42 321 0 71
3 A_29 324 0 72
5 A_30 329 0 73
5 B_43 334 0 74
1 B_44 335 0 75
3 B_45 338 0 76
6 B_46 344 0 77
3 B_47 347 0 78
4 A_31 351 0 79
2 A_32 353 0 80
6 A_33 359 0 81
1 A_34 360 0 82
2 A_35 362 0 83
4 A_36 366 0 84
1 A_37 367 0 85
2 A_38 369 0 86
3 A_39 372 0 87
3 B_48 375 0 88
1 B_49 376 0 89
4 B_50 380 0 90
2 B_51 382 0 91
4 B_52 386 0 92
4 A_40 390 0 93
1 A_41 391 0 94
5 A_42 396 0 95
3 A_43 399 0 96
1 A_44 400 0 97
3 B_53 403 0 98
2 B_54 405 0 99
6 B_55 411 0 100
3 B_56 414 0 101
5 B_57 419 0 102
2 B_58 421 0 103
4 A_45 425 0 104
4 A_46 429 0 105
2 A_47 431 0 106
4 A_48 435 0 107
4 A_49 439 0 108
1 A_50 440 0 109
6 A_51 446 0 110
5 A_52 451 0 111
5 A_53 456 0 112
3 A_54 459 0 113
5 A_55 464 0 114
3 A_56 467 0 115
3 A_57 470 0 116
1 A_58 471 0 117
4 B_59 475 0 118
6 A_59 481 0 119
nldp: 481
---------------------
in formation_2
pass
---------------------
in formation_3
pass
---------------------
in formation_4
pass
---------------------
in formation_5
pass
---------------------
in formation_6
pass
---------------------
in formation_7
pass
error in formulation  []
