0
0 B_0 81 0 0
3 A_0 84 0 1
1 A_1 87 0 2
4 B_1 91 0 3
3 A_2 94 0 4
6 B_2 100 0 5
4 B_3 104 0 6
4 A_3 108 0 7
2 A_4 110 0 8
6 B_4 116 0 9
7 A_5 123 0 10
4 A_6 127 0 11
4 B_5 131 0 12
3 B_6 134 0 13
6 A_7 140 0 14
4 B_7 144 0 15
7 A_8 151 0 16
2 A_9 153 0 17
1 A_10 154 0 18
3 A_11 157 0 19
7 B_8 164 0 20
5 A_12 169 0 21
4 A_13 173 0 22
7 B_9 180 0 23
4 B_10 184 0 24
7 A_14 191 0 25
5 B_11 196 0 26
6 A_15 202 0 27
3 B_12 205 0 28
6 A_16 211 0 29
5 B_13 216 0 30
2 B_14 218 0 31
6 A_17 224 0 32
6 B_15 230 0 33
3 B_16 233 0 34
3 A_18 236 0 35
5 B_17 241 0 36
4 B_18 245 0 37
5 A_19 250 0 38
6 B_19 256 0 39
No lane change: 256 138.34875000000005 7.486343383789062e-05
---------------------
in formation_2
pass
---------------------
in formation_3
pass
---------------------
in formation_4
pass
---------------------
in formation_5
pass
---------------------
in formation_6
pass
---------------------
in formation_7
pass
error in formulation  []
