1
0 A_0 81 0 0
2 B_0 85 1 1
5 B_1 90 1 2
5 B_2 95 1 3
4 A_1 99 0 4
1 A_2 100 0 5
6 B_3 106 1 6
2 A_3 108 0 7
4 B_4 112 1 8
3 A_4 115 0 9
6 A_5 121 0 10
1 A_6 122 0 11
3 B_5 125 0 12
6 A_7 131 1 13
3 B_6 134 0 14
1 A_8 135 1 15
3 B_7 138 1 16
2 B_8 140 1 17
4 B_9 144 1 18
6 A_9 150 0 19
4 B_10 154 1 20
3 B_11 157 1 21
1 B_12 158 1 22
1 B_13 160 1 23
5 B_14 165 1 24
2 B_15 168 1 25
6 B_16 174 1 26
3 B_17 177 1 27
6 A_10 183 0 28
1 A_11 184 0 29
5 B_18 189 1 30
2 B_19 191 1 31
2 A_12 193 0 32
1 A_13 194 0 33
1 A_14 195 0 34
6 A_15 201 0 35
2 A_16 203 0 36
1 A_17 204 0 37
4 A_18 208 0 38
6 A_19 214 0 39
greedy: 214
---------------------
in formation_2
pass
---------------------
in formation_3
pass
---------------------
in formation_4
pass
---------------------
in formation_5
pass
---------------------
in formation_6
pass
---------------------
in formation_7
pass
error in formulation  []
