2
[3, 0, 0, 0, 3, 3, 0, 0, 3, 0, 0, 3, 0, 0, 3, 0, 0, 0, 0, 0, 0, 2, 2, 2, 2, 0, 0, 0, 3, 1, 2, 2, 2, 2, 2, 2, 2, 2, 2, 1]
0 B_0 82 1 0
2 A_0 86 0 1
2 A_1 88 0 2
1 A_2 89 0 3
2 B_1 92 1 4
5 B_2 97 1 5
3 A_3 100 0 6
1 A_4 101 0 7
3 B_3 105 1 8
1 A_5 109 0 9
1 A_6 110 0 10
3 B_4 114 1 11
1 A_7 118 0 12
6 A_8 124 0 13
2 B_5 126 1 14
2 A_9 128 0 15
3 A_10 131 0 16
1 A_11 132 0 17
1 A_12 133 0 18
1 A_13 134 0 19
1 A_14 135 0 20
7 B_6 142 0 21
2 B_7 144 0 22
2 B_8 146 0 23
4 B_9 150 0 24
3 A_15 153 0 25
2 A_16 155 0 26
1 A_17 156 0 27
4 B_10 160 1 28
3 A_18 163 1 29
3 B_11 166 0 30
1 B_12 167 0 31
1 B_13 168 0 32
5 B_14 173 0 33
2 B_15 175 0 34
6 B_16 181 0 35
3 B_17 184 0 36
2 B_18 186 0 37
2 B_19 188 0 38
2 A_19 190 1 39
dp: 190
---------------------
in formation_2
pass
---------------------
in formation_3
pass
---------------------
in formation_4
pass
---------------------
in formation_5
pass
---------------------
in formation_6
pass
---------------------
in formation_7
pass
error in formulation  []
