3
0 B_0 81 0 0
1 B_1 87 0 1
3 B_2 90 0 2
4 B_3 94 0 3
2 B_4 96 0 4
2 B_5 98 0 5
3 B_6 101 0 6
2 B_7 103 0 7
3 A_0 106 0 8
1 A_1 107 0 9
2 A_2 109 0 10
3 B_8 112 0 11
3 B_9 115 0 12
4 A_3 119 0 13
2 A_4 121 0 14
1 A_5 122 0 15
4 B_10 126 0 16
1 B_11 127 0 17
2 B_12 129 0 18
1 B_13 130 0 19
2 B_14 132 0 20
4 B_15 136 0 21
3 B_16 139 0 22
1 B_17 140 0 23
4 B_18 144 0 24
1 B_19 145 0 25
4 A_6 149 0 26
2 A_7 151 0 27
4 A_8 155 0 28
2 A_9 157 0 29
1 A_10 158 0 30
3 A_11 161 0 31
2 A_12 163 0 32
4 A_13 167 0 33
2 A_14 169 0 34
2 A_15 171 0 35
2 A_16 173 0 36
3 A_17 176 0 37
3 A_18 179 0 38
2 A_19 181 0 39
nldp: 181 105.99875 0.003789186477661133
---------------------
in formation_2
pass
---------------------
in formation_3
pass
---------------------
in formation_4
pass
---------------------
in formation_5
pass
---------------------
in formation_6
pass
---------------------
in formation_7
pass
error in formulation  []
