0
0 A_0 82 0 0
10 B_0 92 0 1
7 A_1 99 0 2
3 A_2 102 0 3
8 B_1 110 0 4
1 B_2 111 0 5
5 B_3 116 0 6
6 B_4 122 0 7
9 A_3 131 0 8
8 B_5 139 0 9
5 A_4 144 0 10
9 B_6 153 0 11
5 A_5 158 0 12
9 B_7 167 0 13
4 A_6 171 0 14
10 B_8 181 0 15
10 A_7 191 0 16
5 A_8 196 0 17
4 B_9 200 0 18
5 B_10 205 0 19
6 B_11 211 0 20
8 A_9 219 0 21
10 B_12 229 0 22
4 A_10 233 0 23
9 B_13 242 0 24
10 A_11 252 0 25
3 A_12 255 0 26
8 B_14 263 0 27
4 A_13 267 0 28
3 B_15 270 0 29
7 A_14 277 0 30
4 B_16 281 0 31
6 B_17 287 0 32
7 A_15 294 0 33
6 A_16 300 0 34
6 B_18 306 0 35
10 A_17 316 0 36
10 B_19 326 0 37
7 A_18 333 0 38
7 B_20 340 0 39
4 A_19 344 0 40
5 B_21 349 0 41
6 A_20 355 0 42
6 B_22 361 0 43
4 A_21 365 0 44
9 B_23 374 0 45
3 B_24 377 0 46
7 A_22 384 0 47
5 A_23 389 0 48
3 A_24 392 0 49
6 B_25 398 0 50
4 A_25 402 0 51
9 B_26 411 0 52
4 A_26 415 0 53
5 B_27 420 0 54
1 B_28 421 0 55
4 A_27 425 0 56
8 B_29 433 0 57
5 A_28 438 0 58
8 B_30 446 0 59
5 A_29 451 0 60
7 B_31 458 0 61
4 A_30 462 0 62
5 B_32 467 0 63
6 A_31 473 0 64
7 B_33 480 0 65
3 B_34 483 0 66
3 B_35 486 0 67
5 B_36 491 0 68
5 B_37 496 0 69
7 A_32 503 0 70
5 A_33 508 0 71
7 B_38 515 0 72
5 A_34 520 0 73
5 B_39 525 0 74
4 A_35 529 0 75
4 A_36 533 0 76
5 A_37 538 0 77
5 A_38 543 0 78
3 A_39 546 0 79
No lane change: 546
---------------------
in formation_2
pass
---------------------
in formation_3
pass
---------------------
in formation_4
pass
---------------------
in formation_5
pass
---------------------
in formation_6
pass
---------------------
in formation_7
pass
error in formulation  []
