1
0 B_0 82 0 0
2 B_1 84 0 1
3 B_2 87 0 2
1 A_0 88 1 3
4 B_3 92 0 4
3 A_1 95 1 5
3 A_2 98 1 6
3 B_4 101 0 7
4 B_5 105 0 8
2 A_3 107 1 9
2 B_6 109 0 10
2 A_4 111 1 11
1 B_7 112 0 12
1 A_5 113 1 13
4 A_6 117 1 14
2 B_8 119 0 15
3 A_7 122 0 16
2 B_9 124 1 17
4 A_8 128 0 18
2 B_10 130 1 19
3 A_9 133 0 20
2 B_11 135 1 21
4 B_12 139 1 22
4 A_10 143 0 23
4 B_13 147 1 24
3 B_14 150 1 25
4 A_11 154 0 26
1 B_15 155 1 27
4 A_12 159 0 28
3 B_16 162 1 29
1 A_13 163 0 30
4 B_17 167 1 31
3 A_14 170 0 32
3 A_15 173 0 33
4 B_18 177 1 34
2 A_16 179 0 35
3 A_17 182 0 36
2 A_18 184 0 37
2 B_19 186 1 38
4 A_19 190 0 39
4 B_20 194 1 40
3 A_20 197 1 41
3 B_21 200 1 42
1 A_21 201 0 43
2 B_22 203 1 44
4 B_23 207 1 45
4 B_24 211 1 46
2 A_22 213 0 47
2 B_25 215 1 48
2 A_23 217 0 49
3 B_26 220 0 50
3 A_24 223 1 51
2 B_27 225 0 52
3 A_25 228 1 53
3 B_28 231 0 54
4 A_26 235 1 55
3 B_29 238 0 56
4 B_30 242 0 57
3 A_27 245 0 58
1 A_28 246 0 59
4 B_31 250 1 60
3 A_29 253 0 61
3 A_30 256 0 62
1 B_32 257 1 63
2 A_31 259 0 64
3 B_33 262 0 65
2 B_34 264 0 66
1 A_32 265 1 67
3 B_35 268 0 68
1 A_33 269 1 69
2 B_36 271 0 70
2 A_34 273 1 71
4 B_37 277 0 72
4 A_35 281 1 73
4 B_38 285 0 74
3 A_36 288 0 75
4 B_39 292 1 76
2 A_37 294 0 77
2 A_38 296 0 78
2 A_39 298 0 79
greedy: 298 158.25087499999995 0.0006341934204101562
---------------------
in formation_2
pass
---------------------
in formation_3
pass
---------------------
in formation_4
pass
---------------------
in formation_5
pass
---------------------
in formation_6
pass
---------------------
in formation_7
pass
error in formulation  []
