2
[2, 2, 2, 2, 2, 0, 0, 0, 0, 0, 0, 0, 0, 2, 2, 2, 0, 0, 0, 0, 0, 2, 2, 2, 2, 2, 2, 2, 2, 2, 2, 2, 2, 2, 2, 2, 2, 0, 0, 0, 0, 0, 0, 2, 2, 2, 2, 2, 0, 0, 0, 0, 0, 0, 0, 0, 3, 0, 0, 0, 0, 0, 0, 2, 2, 2, 2, 2, 2, 2, 2, 2, 2, 0, 0, 0, 0, 0, 0, 0]
0 B_0 82 0 0
2 B_1 84 0 1
3 B_2 87 0 2
1 B_3 88 0 3
3 B_4 91 0 4
4 A_0 95 0 5
1 A_1 96 0 6
3 A_2 99 0 7
3 A_3 102 0 8
1 A_4 103 0 9
3 A_5 106 0 10
4 A_6 110 0 11
3 A_7 113 0 12
4 B_5 117 0 13
2 B_6 119 0 14
1 B_7 120 0 15
3 A_8 123 0 16
3 A_9 126 0 17
3 A_10 129 0 18
2 A_11 131 0 19
1 A_12 132 0 20
3 B_8 135 0 21
4 B_9 139 0 22
4 B_10 143 0 23
1 B_11 144 0 24
4 B_12 148 0 25
1 B_13 149 0 26
3 B_14 152 0 27
1 B_15 153 0 28
3 B_16 156 0 29
4 B_17 160 0 30
2 B_18 162 0 31
2 B_19 164 0 32
2 B_20 166 0 33
1 B_21 167 0 34
2 B_22 169 0 35
4 B_23 173 0 36
3 A_13 176 0 37
1 A_14 177 0 38
3 A_15 180 0 39
2 A_16 182 0 40
3 A_17 185 0 41
2 A_18 187 0 42
6 B_24 193 0 43
1 B_25 194 0 44
1 B_26 195 0 45
2 B_27 197 0 46
1 B_28 198 0 47
3 A_19 201 0 48
3 A_20 204 0 49
1 A_21 205 0 50
3 A_22 208 0 51
1 A_23 209 0 52
3 A_24 212 0 53
2 A_25 214 0 54
2 A_26 216 0 55
3 B_29 219 1 56
3 A_27 222 0 57
1 A_28 223 0 58
2 A_29 225 0 59
3 A_30 228 0 60
1 A_31 229 0 61
1 A_32 230 0 62
7 B_30 237 0 63
4 B_31 241 0 64
3 B_32 244 0 65
4 B_33 248 0 66
2 B_34 250 0 67
2 B_35 252 0 68
1 B_36 253 0 69
2 B_37 255 0 70
1 B_38 256 0 71
3 B_39 259 0 72
4 A_33 263 0 73
1 A_34 264 0 74
1 A_35 265 0 75
3 A_36 268 0 76
4 A_37 272 0 77
2 A_38 274 0 78
2 A_39 276 0 79
dp: 276 148.22587499999997 0.04557204246520996
---------------------
in formation_2
pass
---------------------
in formation_3
pass
---------------------
in formation_4
pass
---------------------
in formation_5
pass
---------------------
in formation_6
pass
---------------------
in formation_7
pass
error in formulation  []
