3
0 A_0 84 0 0
1 A_1 85 0 1
3 A_2 88 0 2
3 A_3 91 0 3
1 A_4 92 0 4
3 A_5 95 0 5
4 B_0 99 0 6
2 B_1 101 0 7
3 B_2 104 0 8
1 B_3 105 0 9
3 B_4 108 0 10
4 A_6 112 0 11
3 A_7 115 0 12
4 B_5 119 0 13
2 B_6 121 0 14
1 B_7 122 0 15
3 A_8 125 0 16
3 A_9 128 0 17
3 A_10 131 0 18
2 A_11 133 0 19
1 A_12 134 0 20
3 B_8 137 0 21
4 B_9 141 0 22
4 B_10 145 0 23
1 B_11 146 0 24
4 B_12 150 0 25
1 B_13 151 0 26
3 B_14 154 0 27
1 B_15 155 0 28
3 B_16 158 0 29
4 B_17 162 0 30
2 B_18 164 0 31
2 B_19 166 0 32
2 B_20 168 0 33
1 B_21 169 0 34
2 B_22 171 0 35
4 B_23 175 0 36
3 A_13 178 0 37
1 A_14 179 0 38
3 B_24 182 0 39
1 B_25 183 0 40
1 B_26 184 0 41
2 B_27 186 0 42
1 B_28 187 0 43
4 B_29 191 0 44
4 B_30 195 0 45
3 A_15 198 0 46
2 A_16 200 0 47
3 B_31 203 0 48
3 B_32 206 0 49
4 B_33 210 0 50
2 B_34 212 0 51
2 B_35 214 0 52
1 B_36 215 0 53
2 B_37 217 0 54
1 B_38 218 0 55
3 B_39 221 0 56
3 A_17 224 0 57
2 A_18 226 0 58
4 A_19 230 0 59
3 A_20 233 0 60
1 A_21 234 0 61
3 A_22 237 0 62
1 A_23 238 0 63
3 A_24 241 0 64
2 A_25 243 0 65
2 A_26 245 0 66
4 A_27 249 0 67
1 A_28 250 0 68
2 A_29 252 0 69
3 A_30 255 0 70
1 A_31 256 0 71
1 A_32 257 0 72
4 A_33 261 0 73
1 A_34 262 0 74
1 A_35 263 0 75
3 A_36 266 0 76
4 A_37 270 0 77
2 A_38 272 0 78
2 A_39 274 0 79
nldp: 274 149.50087499999992 0.010825872421264648
---------------------
in formation_2
pass
---------------------
in formation_3
pass
---------------------
in formation_4
pass
---------------------
in formation_5
pass
---------------------
in formation_6
pass
---------------------
in formation_7
pass
error in formulation  []
