0
0 A_0 83 0 0
3 A_1 86 0 1
3 B_0 89 0 2
5 A_2 94 0 3
3 A_3 97 0 4
3 A_4 100 0 5
7 B_1 107 0 6
4 B_2 111 0 7
3 B_3 114 0 8
4 B_4 118 0 9
4 A_5 122 0 10
7 B_5 129 0 11
3 A_6 132 0 12
5 B_6 137 0 13
4 A_7 141 0 14
6 B_7 147 0 15
4 A_8 151 0 16
3 A_9 154 0 17
2 A_10 156 0 18
6 B_8 162 0 19
2 B_9 164 0 20
1 B_10 165 0 21
4 B_11 169 0 22
3 B_12 172 0 23
4 B_13 176 0 24
5 A_11 181 0 25
5 B_14 186 0 26
2 B_15 188 0 27
4 A_12 192 0 28
1 A_13 193 0 29
4 B_16 197 0 30
5 A_14 202 0 31
4 B_17 206 0 32
4 A_15 210 0 33
2 A_16 212 0 34
4 B_18 216 0 35
6 A_17 222 0 36
3 A_18 225 0 37
6 B_19 231 0 38
4 A_19 235 0 39
No lane change: 235 139.76975 5.984306335449219e-05
---------------------
in formation_2
pass
---------------------
in formation_3
pass
---------------------
in formation_4
pass
---------------------
in formation_5
pass
---------------------
in formation_6
pass
---------------------
in formation_7
pass
error in formulation  []
