1
0 A_0 83 0 0
3 A_1 86 0 1
3 B_0 89 0 2
3 A_2 92 1 3
3 A_3 95 1 4
3 A_4 98 1 5
4 B_1 102 0 6
4 B_2 106 0 7
3 B_3 109 0 8
4 B_4 113 0 9
2 A_5 115 1 10
4 B_5 119 0 11
3 A_6 122 0 12
3 B_6 125 1 13
1 A_7 126 0 14
4 B_7 130 1 15
1 A_8 131 0 16
3 A_9 134 0 17
2 A_10 136 0 18
3 B_8 139 1 19
2 B_9 141 1 20
1 B_10 142 1 21
4 B_11 146 1 22
3 B_12 149 1 23
4 B_13 153 1 24
2 A_11 155 0 25
2 B_14 157 1 26
2 B_15 159 1 27
2 A_12 161 0 28
1 A_13 162 0 29
2 B_16 164 1 30
3 A_14 167 0 31
2 B_17 169 1 32
1 A_15 170 0 33
2 A_16 172 0 34
1 B_18 173 1 35
4 A_17 177 0 36
3 A_18 180 0 37
4 B_19 184 1 38
1 A_19 185 0 39
greedy: 185 118.36974999999998 0.00023674964904785156
---------------------
in formation_2
pass
---------------------
in formation_3
pass
---------------------
in formation_4
pass
---------------------
in formation_5
pass
---------------------
in formation_6
pass
---------------------
in formation_7
pass
error in formulation  []
