2
[0, 0, 2, 2, 2, 2, 2, 2, 2, 2, 2, 2, 2, 2, 2, 2, 2, 2, 2, 2, 0, 0, 0, 0, 2, 2, 0, 0, 0, 0, 0, 0, 0, 0, 0, 0, 0, 0, 0, 0]
0 A_0 83 0 0
3 A_1 86 0 1
3 B_0 89 0 2
3 B_1 92 0 3
4 B_2 96 0 4
3 B_3 99 0 5
4 B_4 103 0 6
4 B_5 107 0 7
2 B_6 109 0 8
2 B_7 111 0 9
2 B_8 113 0 10
2 B_9 115 0 11
1 B_10 116 0 12
4 B_11 120 0 13
3 B_12 123 0 14
4 B_13 127 0 15
4 B_14 131 0 16
2 B_15 133 0 17
3 B_16 136 0 18
1 B_17 137 0 19
3 A_2 140 0 20
3 A_3 143 0 21
3 A_4 146 0 22
2 A_5 148 0 23
5 B_18 153 0 24
1 B_19 154 0 25
3 A_6 157 0 26
2 A_7 159 0 27
2 A_8 161 0 28
3 A_9 164 0 29
2 A_10 166 0 30
2 A_11 168 0 31
1 A_12 169 0 32
1 A_13 170 0 33
2 A_14 172 0 34
3 A_15 175 0 35
2 A_16 177 0 36
3 A_17 180 0 37
3 A_18 183 0 38
2 A_19 185 0 39
dp: 185 117.86974999999998 0.019673824310302734
---------------------
in formation_2
pass
---------------------
in formation_3
pass
---------------------
in formation_4
pass
---------------------
in formation_5
pass
---------------------
in formation_6
pass
---------------------
in formation_7
pass
error in formulation  []
