3
0 A_0 83 0 0
4 B_0 87 0 1
6 B_1 93 0 2
2 B_2 95 0 3
1 B_3 96 0 4
3 A_1 99 0 5
3 A_2 102 0 6
3 A_3 105 0 7
6 B_4 111 0 8
1 B_5 112 0 9
6 B_6 118 0 10
5 A_4 123 0 11
2 A_5 125 0 12
2 A_6 127 0 13
3 B_7 130 0 14
5 B_8 135 0 15
2 B_9 137 0 16
2 B_10 139 0 17
4 A_7 143 0 18
3 B_11 146 0 19
1 B_12 147 0 20
1 B_13 148 0 21
4 B_14 152 0 22
3 B_15 155 0 23
5 B_16 160 0 24
6 B_17 166 0 25
4 A_8 170 0 26
2 A_9 172 0 27
3 B_18 175 0 28
1 B_19 176 0 29
4 A_10 180 0 30
3 A_11 183 0 31
6 A_12 189 0 32
3 A_13 192 0 33
4 A_14 196 0 34
2 A_15 198 0 35
1 A_16 199 0 36
4 A_17 203 0 37
3 A_18 206 0 38
4 A_19 210 0 39
nldp: 210
---------------------
in formation_2
pass
---------------------
in formation_3
pass
---------------------
in formation_4
pass
---------------------
in formation_5
pass
---------------------
in formation_6
pass
---------------------
in formation_7
pass
error in formulation  []
