0
0 A_0 81 0 0
6 B_0 87 0 1
3 A_1 90 0 2
5 B_1 95 0 3
4 A_2 99 0 4
4 A_3 103 0 5
6 B_2 109 0 6
1 B_3 110 0 7
4 A_4 114 0 8
5 B_4 119 0 9
2 B_5 121 0 10
4 A_5 125 0 11
5 B_6 130 0 12
7 A_6 137 0 13
3 B_7 140 0 14
4 A_7 144 0 15
5 B_8 149 0 16
4 B_9 153 0 17
2 B_10 155 0 18
4 A_8 159 0 19
1 A_9 160 0 20
4 A_10 164 0 21
5 B_11 169 0 22
1 B_12 170 0 23
3 A_11 173 0 24
4 B_13 177 0 25
4 B_14 181 0 26
3 A_12 184 0 27
3 B_15 187 0 28
6 A_13 193 0 29
5 B_16 198 0 30
2 B_17 200 0 31
3 A_14 203 0 32
6 B_18 209 0 33
3 B_19 212 0 34
4 A_15 216 0 35
4 B_20 220 0 36
3 A_16 223 0 37
4 B_21 227 0 38
1 B_22 228 0 39
5 A_17 233 0 40
5 B_23 238 0 41
6 A_18 244 0 42
2 A_19 246 0 43
6 B_24 252 0 44
3 A_20 255 0 45
5 B_25 260 0 46
4 A_21 264 0 47
5 B_26 269 0 48
7 A_22 276 0 49
3 B_27 279 0 50
7 A_23 286 0 51
2 A_24 288 0 52
1 A_25 289 0 53
5 B_28 294 0 54
4 A_26 298 0 55
3 B_29 301 0 56
3 A_27 304 0 57
5 B_30 309 0 58
6 A_28 315 0 59
4 A_29 319 0 60
1 A_30 320 0 61
4 B_31 324 0 62
5 A_31 329 0 63
3 A_32 332 0 64
6 B_32 338 0 65
3 A_33 341 0 66
3 B_33 344 0 67
5 A_34 349 0 68
4 B_34 353 0 69
3 B_35 356 0 70
1 B_36 357 0 71
7 A_35 364 0 72
6 B_37 370 0 73
4 A_36 374 0 74
6 B_38 380 0 75
4 A_37 384 0 76
6 B_39 390 0 77
5 A_38 395 0 78
5 B_40 400 0 79
4 A_39 404 0 80
1 A_40 405 0 81
7 B_41 412 0 82
3 A_41 415 0 83
3 B_42 418 0 84
2 B_43 420 0 85
4 B_44 424 0 86
2 B_45 426 0 87
3 A_42 429 0 88
5 B_46 434 0 89
4 B_47 438 0 90
5 A_43 443 0 91
5 B_48 448 0 92
6 A_44 454 0 93
5 B_49 459 0 94
7 A_45 466 0 95
7 B_50 473 0 96
4 A_46 477 0 97
6 B_51 483 0 98
6 A_47 489 0 99
2 A_48 491 0 100
7 B_52 498 0 101
5 A_49 503 0 102
5 B_53 508 0 103
1 B_54 509 0 104
7 A_50 516 0 105
6 B_55 522 0 106
3 A_51 525 0 107
4 B_56 529 0 108
6 A_52 535 0 109
4 B_57 539 0 110
3 A_53 542 0 111
4 A_54 546 0 112
5 B_58 551 0 113
6 A_55 557 0 114
3 B_59 560 0 115
5 A_56 565 0 116
2 A_57 567 0 117
1 A_58 568 0 118
4 A_59 572 0 119
No lane change: 572 277.23625 0.00042510032653808594
---------------------
in formation_2
pass
---------------------
in formation_3
pass
---------------------
in formation_4
pass
---------------------
in formation_5
pass
---------------------
in formation_6
pass
---------------------
in formation_7
pass
error in formulation  []
