1
0 A_0 81 0 0
4 B_0 85 1 1
3 A_1 88 1 2
3 B_1 91 0 3
2 A_2 93 1 4
4 A_3 97 1 5
4 B_2 101 0 6
1 B_3 102 0 7
1 A_4 103 1 8
2 B_4 105 0 9
2 B_5 107 0 10
2 A_5 109 1 11
3 B_6 112 0 12
4 A_6 116 1 13
3 B_7 119 1 14
2 A_7 121 0 15
2 B_8 123 1 16
4 B_9 127 1 17
2 B_10 129 1 18
1 A_8 130 0 19
1 A_9 131 0 20
4 A_10 135 0 21
3 B_11 138 1 22
1 B_12 139 1 23
3 A_11 142 1 24
1 B_13 143 0 25
4 B_14 147 0 26
3 A_12 150 0 27
3 B_15 153 0 28
3 A_13 156 1 29
3 B_16 159 0 30
2 B_17 161 0 31
3 A_14 164 0 32
3 B_18 167 1 33
3 B_19 170 1 34
1 A_15 171 0 35
1 B_20 172 1 36
3 A_16 175 1 37
1 B_21 176 0 38
1 B_22 177 0 39
2 A_17 179 1 40
3 B_23 182 0 41
4 A_18 186 1 42
2 A_19 188 1 43
3 B_24 191 0 44
3 A_20 194 0 45
2 B_25 196 1 46
1 A_21 197 0 47
3 B_26 200 1 48
4 A_22 204 0 49
3 B_27 207 0 50
4 A_23 211 1 51
2 A_24 213 1 52
1 A_25 214 1 53
3 B_28 217 0 54
1 A_26 218 1 55
3 B_29 221 1 56
3 A_27 224 1 57
3 B_30 227 0 58
4 A_28 231 1 59
4 A_29 235 1 60
1 A_30 236 1 61
2 B_31 238 0 62
2 A_31 240 1 63
3 A_32 243 1 64
4 B_32 247 0 65
3 A_33 250 0 66
3 B_33 253 0 67
3 A_34 256 1 68
1 B_34 257 0 69
3 B_35 260 0 70
1 B_36 261 0 71
4 A_35 265 1 72
4 B_37 269 0 73
2 A_36 271 1 74
4 B_38 275 0 75
1 A_37 276 1 76
4 B_39 280 0 77
3 A_38 283 1 78
3 B_40 286 0 79
2 A_39 288 1 80
1 A_40 289 1 81
4 B_41 293 0 82
3 A_41 296 0 83
3 B_42 299 0 84
2 B_43 301 0 85
4 B_44 305 0 86
2 B_45 307 0 87
3 A_42 310 0 88
3 B_46 313 1 89
4 B_47 317 1 90
3 A_43 320 0 91
3 B_48 323 1 92
4 A_44 327 0 93
3 B_49 330 1 94
4 A_45 334 0 95
4 B_50 338 1 96
2 A_46 340 0 97
3 B_51 343 1 98
4 A_47 347 0 99
2 A_48 349 0 100
4 B_52 353 1 101
2 A_49 355 0 102
2 B_53 357 1 103
1 B_54 358 1 104
4 A_50 362 0 105
3 B_55 365 1 106
3 A_51 368 1 107
1 B_56 369 0 108
4 A_52 373 1 109
2 B_57 375 0 110
3 A_53 378 0 111
4 A_54 382 0 112
2 B_58 384 1 113
3 A_55 387 0 114
3 B_59 390 0 115
3 A_56 393 1 116
2 A_57 395 1 117
1 A_58 396 1 118
4 A_59 400 1 119
greedy: 400 193.08625000000004 0.0010960102081298828
---------------------
in formation_2
pass
---------------------
in formation_3
pass
---------------------
in formation_4
pass
---------------------
in formation_5
pass
---------------------
in formation_6
pass
---------------------
in formation_7
pass
error in formulation  []
