2
[2, 2, 2, 2, 2, 2, 2, 2, 2, 2, 2, 2, 2, 2, 0, 0, 2, 2, 2, 2, 2, 2, 2, 2, 2, 2, 2, 2, 2, 2, 2, 2, 2, 2, 2, 2, 0, 2, 2, 2, 2, 1, 2, 2, 2, 0, 0, 0, 0, 0, 0, 0, 0, 0, 0, 0, 0, 0, 0, 0, 0, 0, 0, 2, 2, 2, 2, 2, 2, 2, 2, 0, 0, 0, 0, 0, 0, 0, 2, 2, 2, 2, 2, 2, 2, 2, 2, 2, 2, 0, 0, 0, 0, 0, 0, 0, 0, 0, 0, 0, 0, 0, 0, 0, 0, 0, 0, 0, 0, 0, 0, 0, 0, 0, 0, 0, 0, 0, 0, 0]
0 B_0 81 0 0
1 B_1 82 0 1
3 B_2 85 0 2
1 B_3 86 0 3
2 B_4 88 0 4
2 B_5 90 0 5
4 B_6 94 0 6
3 B_7 97 0 7
3 B_8 100 0 8
4 B_9 104 0 9
2 B_10 106 0 10
4 B_11 110 0 11
1 B_12 111 0 12
1 B_13 112 0 13
4 A_0 116 0 14
1 A_1 117 0 15
5 B_14 122 0 16
1 B_15 123 0 17
1 B_16 124 0 18
2 B_17 126 0 19
3 B_18 129 0 20
3 B_19 132 0 21
4 B_20 136 0 22
2 B_21 138 0 23
1 B_22 139 0 24
1 B_23 140 0 25
3 B_24 143 0 26
1 B_25 144 0 27
4 B_26 148 0 28
4 B_27 152 0 29
3 B_28 155 0 30
2 B_29 157 0 31
3 B_30 160 0 32
1 B_31 161 0 33
1 B_32 162 0 34
2 B_33 164 0 35
3 A_2 167 0 36
5 B_34 172 0 37
3 B_35 175 0 38
1 B_36 176 0 39
3 B_37 179 0 40
2 A_3 181 1 41
4 B_38 185 0 42
1 B_39 186 0 43
1 B_40 187 0 44
3 A_4 190 0 45
4 A_5 194 0 46
1 A_6 195 0 47
3 A_7 198 0 48
1 A_8 199 0 49
1 A_9 200 0 50
4 A_10 204 0 51
2 A_11 206 0 52
1 A_12 207 0 53
4 A_13 211 0 54
2 A_14 213 0 55
4 A_15 217 0 56
1 A_16 218 0 57
1 A_17 219 0 58
1 A_18 220 0 59
2 A_19 222 0 60
3 A_20 225 0 61
3 A_21 228 0 62
6 B_41 234 0 63
2 B_42 236 0 64
2 B_43 238 0 65
4 B_44 242 0 66
2 B_45 244 0 67
1 B_46 245 0 68
4 B_47 249 0 69
4 B_48 253 0 70
3 A_22 256 0 71
2 A_23 258 0 72
2 A_24 260 0 73
1 A_25 261 0 74
3 A_26 264 0 75
2 A_27 266 0 76
2 A_28 268 0 77
5 B_49 273 0 78
1 B_50 274 0 79
2 B_51 276 0 80
3 B_52 279 0 81
1 B_53 280 0 82
1 B_54 281 0 83
1 B_55 282 0 84
1 B_56 283 0 85
2 B_57 285 0 86
3 B_58 288 0 87
2 B_59 290 0 88
3 A_29 293 0 89
1 A_30 294 0 90
2 A_31 296 0 91
3 A_32 299 0 92
2 A_33 301 0 93
2 A_34 303 0 94
1 A_35 304 0 95
3 A_36 307 0 96
3 A_37 310 0 97
1 A_38 311 0 98
2 A_39 313 0 99
1 A_40 314 0 100
1 A_41 315 0 101
3 A_42 318 0 102
2 A_43 320 0 103
1 A_44 321 0 104
1 A_45 322 0 105
1 A_46 323 0 106
1 A_47 324 0 107
2 A_48 326 0 108
1 A_49 327 0 109
2 A_50 329 0 110
1 A_51 330 0 111
1 A_52 331 0 112
2 A_53 333 0 113
4 A_54 337 0 114
2 A_55 339 0 115
4 A_56 343 0 116
2 A_57 345 0 117
1 A_58 346 0 118
4 A_59 350 0 119
dp: 350 178.43624999999994 0.10497403144836426
---------------------
in formation_2
pass
---------------------
in formation_3
pass
---------------------
in formation_4
pass
---------------------
in formation_5
pass
---------------------
in formation_6
pass
---------------------
in formation_7
pass
error in formulation  []
