3
0 A_0 81 0 0
3 A_1 84 0 1
1 A_2 85 0 2
6 A_3 91 0 3
3 A_4 94 0 4
5 A_5 99 0 5
5 A_6 104 0 6
6 B_0 110 0 7
4 B_1 114 0 8
4 A_7 118 0 9
5 A_8 123 0 10
1 A_9 124 0 11
3 A_10 127 0 12
6 A_11 133 0 13
2 A_12 135 0 14
5 A_13 140 0 15
4 A_14 144 0 16
3 A_15 147 0 17
3 A_16 150 0 18
3 B_2 153 0 19
3 A_17 156 0 20
5 A_18 161 0 21
5 A_19 166 0 22
6 A_20 172 0 23
3 A_21 175 0 24
2 A_22 177 0 25
6 A_23 183 0 26
4 A_24 187 0 27
4 A_25 191 0 28
5 A_26 196 0 29
4 A_27 200 0 30
3 B_3 203 0 31
1 B_4 204 0 32
1 B_5 205 0 33
6 B_6 211 0 34
2 B_7 213 0 35
6 B_8 219 0 36
1 B_9 220 0 37
1 B_10 221 0 38
1 B_11 222 0 39
3 A_28 225 0 40
4 B_12 229 0 41
5 B_13 234 0 42
3 B_14 237 0 43
4 B_15 241 0 44
5 A_29 246 0 45
3 B_16 249 0 46
6 B_17 255 0 47
4 A_30 259 0 48
3 A_31 262 0 49
2 A_32 264 0 50
2 A_33 266 0 51
3 B_18 269 0 52
4 A_34 273 0 53
1 A_35 274 0 54
5 A_36 279 0 55
3 A_37 282 0 56
1 A_38 283 0 57
2 A_39 285 0 58
4 B_19 289 0 59
4 B_20 293 0 60
6 B_21 299 0 61
3 A_40 302 0 62
2 A_41 304 0 63
3 A_42 307 0 64
6 A_43 313 0 65
5 A_44 318 0 66
5 B_22 323 0 67
3 B_23 326 0 68
3 A_45 329 0 69
5 A_46 334 0 70
1 A_47 335 0 71
4 B_24 339 0 72
3 A_48 342 0 73
3 A_49 345 0 74
2 A_50 347 0 75
4 B_25 351 0 76
1 B_26 352 0 77
3 B_27 355 0 78
3 B_28 358 0 79
4 B_29 362 0 80
2 B_30 364 0 81
3 B_31 367 0 82
4 B_32 371 0 83
6 B_33 377 0 84
6 B_34 383 0 85
2 B_35 385 0 86
1 B_36 386 0 87
5 B_37 391 0 88
5 B_38 396 0 89
1 B_39 397 0 90
1 B_40 398 0 91
4 A_51 402 0 92
4 B_41 406 0 93
2 B_42 408 0 94
4 B_43 412 0 95
2 B_44 414 0 96
3 B_45 417 0 97
4 A_52 421 0 98
6 A_53 427 0 99
2 A_54 429 0 100
3 A_55 432 0 101
2 A_56 434 0 102
1 A_57 435 0 103
1 A_58 436 0 104
3 B_46 439 0 105
3 B_47 442 0 106
2 B_48 444 0 107
5 B_49 449 0 108
4 B_50 453 0 109
5 A_59 458 0 110
5 B_51 463 0 111
6 B_52 469 0 112
2 B_53 471 0 113
1 B_54 472 0 114
2 B_55 474 0 115
4 B_56 478 0 116
3 B_57 481 0 117
2 B_58 483 0 118
1 B_59 484 0 119
nldp: 484
---------------------
in formation_2
pass
---------------------
in formation_3
pass
---------------------
in formation_4
pass
---------------------
in formation_5
pass
---------------------
in formation_6
pass
---------------------
in formation_7
pass
error in formulation  []
