0
0 A_0 84 0 0
1 A_1 85 0 1
4 A_2 89 0 2
8 B_0 97 0 3
3 B_1 100 0 4
6 A_3 106 0 5
9 B_2 115 0 6
9 A_4 124 0 7
4 B_3 128 0 8
4 A_5 132 0 9
7 B_4 139 0 10
9 A_6 148 0 11
4 B_5 152 0 12
4 A_7 156 0 13
6 B_6 162 0 14
5 A_8 167 0 15
1 A_9 168 0 16
4 A_10 172 0 17
9 B_7 181 0 18
3 B_8 184 0 19
6 A_11 190 0 20
9 B_9 199 0 21
1 B_10 200 0 22
6 B_11 206 0 23
2 B_12 208 0 24
8 A_12 216 0 25
6 A_13 222 0 26
9 B_13 231 0 27
3 B_14 234 0 28
4 B_15 238 0 29
4 A_14 242 0 30
5 A_15 247 0 31
8 B_16 255 0 32
7 A_16 262 0 33
3 A_17 265 0 34
5 A_18 270 0 35
4 B_17 274 0 36
4 B_18 278 0 37
10 A_19 288 0 38
8 B_19 296 0 39
6 B_20 302 0 40
4 A_20 306 0 41
6 B_21 312 0 42
3 B_22 315 0 43
4 B_23 319 0 44
6 B_24 325 0 45
3 A_21 328 0 46
5 B_25 333 0 47
4 B_26 337 0 48
5 B_27 342 0 49
5 A_22 347 0 50
1 A_23 348 0 51
7 B_28 355 0 52
3 B_29 358 0 53
6 B_30 364 0 54
7 A_24 371 0 55
3 A_25 374 0 56
3 A_26 377 0 57
4 A_27 381 0 58
3 A_28 384 0 59
9 B_31 393 0 60
5 B_32 398 0 61
8 A_29 406 0 62
8 B_33 414 0 63
1 B_34 415 0 64
3 B_35 418 0 65
4 B_36 422 0 66
3 B_37 425 0 67
3 A_30 428 0 68
4 A_31 432 0 69
8 B_38 440 0 70
9 A_32 449 0 71
1 A_33 450 0 72
6 A_34 456 0 73
8 B_39 464 0 74
4 A_35 468 0 75
3 A_36 471 0 76
3 B_40 474 0 77
7 A_37 481 0 78
7 B_41 488 0 79
8 A_38 496 0 80
5 A_39 501 0 81
1 A_40 502 0 82
6 A_41 508 0 83
3 A_42 511 0 84
2 A_43 513 0 85
9 B_42 522 0 86
9 A_44 531 0 87
4 B_43 535 0 88
4 B_44 539 0 89
4 B_45 543 0 90
9 A_45 552 0 91
7 B_46 559 0 92
8 A_46 567 0 93
7 B_47 574 0 94
6 A_47 580 0 95
3 A_48 583 0 96
6 A_49 589 0 97
2 A_50 591 0 98
3 A_51 594 0 99
6 B_48 600 0 100
6 B_49 606 0 101
4 B_50 610 0 102
5 A_52 615 0 103
8 B_51 623 0 104
10 A_53 633 0 105
3 A_54 636 0 106
1 A_55 637 0 107
8 B_52 645 0 108
5 A_56 650 0 109
3 A_57 653 0 110
6 B_53 659 0 111
8 A_58 667 0 112
1 A_59 668 0 113
5 B_54 673 0 114
2 B_55 675 0 115
5 B_56 680 0 116
3 B_57 683 0 117
3 B_58 686 0 118
2 B_59 688 0 119
No lane change: 688
---------------------
in formation_2
pass
---------------------
in formation_3
pass
---------------------
in formation_4
pass
---------------------
in formation_5
pass
---------------------
in formation_6
pass
---------------------
in formation_7
pass
error in formulation  []
