1
0 B_0 81 0 0
4 B_1 85 0 1
2 A_0 87 1 2
3 A_1 92 0 3
4 B_2 96 1 4
2 A_2 98 0 5
3 A_3 101 0 6
4 B_3 105 1 7
2 A_4 107 0 8
1 A_5 108 0 9
3 B_4 111 1 10
2 A_6 113 0 11
1 A_7 114 0 12
3 B_5 117 0 13
2 A_8 119 1 14
4 B_6 123 0 15
1 B_7 124 0 16
3 A_9 127 0 17
2 A_10 129 0 18
4 B_8 133 1 19
2 A_11 135 0 20
1 B_9 136 1 21
2 A_12 138 0 22
3 B_10 141 1 23
4 B_11 145 1 24
2 A_13 147 0 25
3 A_14 150 0 26
4 A_15 154 0 27
3 A_16 157 0 28
4 A_17 161 0 29
3 B_12 164 1 30
3 A_18 167 0 31
2 B_13 169 1 32
3 B_14 172 1 33
1 A_19 173 0 34
1 B_15 174 1 35
3 A_20 177 0 36
3 B_16 180 0 37
2 A_21 182 1 38
4 B_17 186 0 39
2 A_22 188 1 40
2 B_18 190 0 41
3 B_19 193 0 42
2 A_23 195 1 43
4 B_20 199 0 44
3 B_21 202 0 45
3 A_24 205 1 46
2 B_22 207 0 47
3 A_25 210 1 48
1 B_23 211 0 49
3 B_24 214 0 50
3 A_26 217 0 51
4 B_25 221 1 52
2 B_26 223 1 53
3 B_27 226 1 54
2 B_28 228 1 55
3 B_29 231 1 56
2 A_27 233 0 57
2 B_30 235 1 58
4 A_28 239 0 59
3 B_31 242 1 60
3 A_29 245 0 61
4 B_32 249 1 62
1 A_30 250 0 63
2 A_31 252 0 64
2 A_32 254 0 65
3 A_33 257 0 66
1 A_34 258 0 67
1 A_35 259 0 68
1 B_33 260 1 69
4 B_34 264 1 70
4 A_36 268 0 71
3 B_35 271 0 72
2 B_36 273 0 73
3 B_37 276 0 74
1 B_38 277 0 75
2 B_39 279 0 76
2 B_40 281 0 77
1 B_41 282 0 78
2 B_42 284 0 79
1 B_43 285 0 80
3 A_37 288 1 81
3 B_44 291 0 82
3 A_38 294 1 83
3 A_39 297 1 84
2 B_45 299 0 85
4 A_40 303 1 86
1 A_41 304 1 87
3 B_46 307 0 88
4 B_47 311 0 89
3 A_42 314 1 90
2 B_48 316 0 91
3 B_49 319 0 92
3 A_43 322 1 93
3 B_50 325 0 94
4 A_44 329 1 95
3 B_51 332 0 96
3 B_52 335 0 97
3 A_45 338 1 98
1 A_46 339 1 99
1 A_47 340 1 100
3 B_53 343 0 101
4 A_48 347 1 102
2 A_49 349 1 103
3 A_50 352 1 104
4 B_54 356 0 105
1 A_51 357 1 106
1 B_55 358 0 107
1 A_52 359 1 108
3 A_53 362 1 109
2 B_56 364 0 110
2 A_54 366 1 111
3 A_55 369 1 112
3 B_57 372 1 113
4 A_56 376 0 114
1 A_57 377 0 115
3 B_58 380 1 116
3 A_58 383 0 117
4 A_59 387 0 118
3 B_59 390 0 119
greedy: 390 141.18775000000002 0.0011661052703857422
---------------------
in formation_2
pass
---------------------
in formation_3
pass
---------------------
in formation_4
pass
---------------------
in formation_5
pass
---------------------
in formation_6
pass
---------------------
in formation_7
pass
error in formulation  []
