2
[2, 2, 0, 0, 0, 0, 0, 0, 2, 2, 2, 2, 2, 2, 2, 2, 0, 0, 0, 0, 0, 0, 0, 0, 0, 0, 0, 2, 0, 0, 0, 0, 2, 2, 2, 2, 2, 2, 2, 2, 2, 0, 2, 0, 0, 2, 2, 2, 0, 0, 0, 0, 0, 0, 0, 0, 0, 0, 0, 0, 0, 0, 2, 2, 2, 0, 0, 0, 0, 2, 2, 2, 2, 2, 2, 2, 2, 2, 2, 2, 2, 2, 2, 2, 2, 2, 2, 2, 0, 2, 2, 2, 2, 2, 2, 2, 2, 2, 2, 2, 2, 2, 0, 0, 0, 0, 0, 0, 0, 0, 0, 0, 0, 0, 0, 0, 0, 0, 2, 0]
0 B_0 81 0 0
4 B_1 85 0 1
4 A_0 89 0 2
1 A_1 92 0 3
4 A_2 96 0 4
3 A_3 99 0 5
3 A_4 103 0 6
1 A_5 104 0 7
4 B_2 108 0 8
1 B_3 109 0 9
1 B_4 110 0 10
2 B_5 112 0 11
4 B_6 116 0 12
1 B_7 117 0 13
2 B_8 119 0 14
3 B_9 122 0 15
3 A_6 125 0 16
1 A_7 126 0 17
3 A_8 129 0 18
2 A_9 131 0 19
2 A_10 133 0 20
3 A_11 136 0 21
4 A_12 140 0 22
1 A_13 141 0 23
3 A_14 144 0 24
4 A_15 148 0 25
3 A_16 151 0 26
7 B_10 158 0 27
3 A_17 161 0 28
1 A_18 162 0 29
3 A_19 165 0 30
1 A_20 166 0 31
7 B_11 173 0 32
1 B_12 174 0 33
1 B_13 175 0 34
3 B_14 178 0 35
4 B_15 182 0 36
3 B_16 185 0 37
2 B_17 187 0 38
1 B_18 188 0 39
3 B_19 191 0 40
4 A_21 195 0 41
6 B_20 201 0 42
4 A_22 205 0 43
2 A_23 207 0 44
7 B_21 214 0 45
1 B_22 215 0 46
3 B_23 218 0 47
3 A_24 221 0 48
4 A_25 225 0 49
3 A_26 228 0 50
1 A_27 229 0 51
3 A_28 232 0 52
2 A_29 234 0 53
3 A_30 237 0 54
2 A_31 239 0 55
2 A_32 241 0 56
3 A_33 244 0 57
1 A_34 245 0 58
1 A_35 246 0 59
1 A_36 247 0 60
1 A_37 248 0 61
7 B_24 255 0 62
1 B_25 256 0 63
2 B_26 258 0 64
3 A_38 261 0 65
3 A_39 264 0 66
2 A_40 266 0 67
1 A_41 267 0 68
5 B_27 272 0 69
2 B_28 274 0 70
3 B_29 277 0 71
3 B_30 280 0 72
3 B_31 283 0 73
3 B_32 286 0 74
2 B_33 288 0 75
4 B_34 292 0 76
4 B_35 296 0 77
2 B_36 298 0 78
3 B_37 301 0 79
1 B_38 302 0 80
2 B_39 304 0 81
2 B_40 306 0 82
1 B_41 307 0 83
2 B_42 309 0 84
1 B_43 310 0 85
2 B_44 312 0 86
1 B_45 313 0 87
3 A_42 316 0 88
5 B_46 321 0 89
4 B_47 325 0 90
1 B_48 326 0 91
3 B_49 329 0 92
2 B_50 331 0 93
4 B_51 335 0 94
3 B_52 338 0 95
2 B_53 340 0 96
2 B_54 342 0 97
4 B_55 346 0 98
3 B_56 349 0 99
4 B_57 353 0 100
4 B_58 357 0 101
3 A_43 360 0 102
2 A_44 362 0 103
4 A_45 366 0 104
1 A_46 367 0 105
1 A_47 368 0 106
4 A_48 372 0 107
2 A_49 374 0 108
3 A_50 377 0 109
1 A_51 378 0 110
3 A_52 381 0 111
3 A_53 384 0 112
4 A_54 388 0 113
3 A_55 391 0 114
3 A_56 394 0 115
1 A_57 395 0 116
4 A_58 399 0 117
7 B_59 406 0 118
3 A_59 409 0 119
dp: 409 148.9960833333334 0.09788179397583008
---------------------
in formation_2
pass
---------------------
in formation_3
pass
---------------------
in formation_4
pass
---------------------
in formation_5
pass
---------------------
in formation_6
pass
---------------------
in formation_7
pass
error in formulation  []
