3
0 A_0 84 0 0
1 A_1 85 0 1
7 B_0 92 0 2
3 B_1 95 0 3
4 B_2 99 0 4
6 B_3 105 0 5
2 B_4 107 0 6
5 B_5 112 0 7
5 B_6 117 0 8
3 A_2 120 0 9
1 A_3 121 0 10
3 B_7 124 0 11
3 B_8 127 0 12
4 B_9 131 0 13
1 B_10 132 0 14
6 B_11 138 0 15
2 B_12 140 0 16
4 A_4 144 0 17
8 B_13 152 0 18
3 B_14 155 0 19
4 B_15 159 0 20
1 B_16 160 0 21
4 B_17 164 0 22
4 B_18 168 0 23
5 B_19 173 0 24
5 A_5 178 0 25
3 B_20 181 0 26
5 B_21 186 0 27
3 B_22 189 0 28
4 B_23 193 0 29
5 A_6 198 0 30
5 A_7 203 0 31
3 B_24 206 0 32
1 B_25 207 0 33
4 B_26 211 0 34
5 B_27 216 0 35
5 A_8 221 0 36
1 A_9 222 0 37
4 A_10 226 0 38
2 A_11 228 0 39
4 A_12 232 0 40
3 B_28 235 0 41
3 B_29 238 0 42
6 B_30 244 0 43
3 A_13 247 0 44
1 A_14 248 0 45
5 A_15 253 0 46
3 B_31 256 0 47
5 B_32 261 0 48
5 A_16 266 0 49
3 A_17 269 0 50
5 A_18 274 0 51
5 A_19 279 0 52
4 B_33 283 0 53
1 B_34 284 0 54
3 A_20 287 0 55
3 A_21 290 0 56
3 B_35 293 0 57
4 B_36 297 0 58
3 B_37 300 0 59
6 B_38 306 0 60
4 A_22 310 0 61
1 A_23 311 0 62
1 A_24 312 0 63
3 A_25 315 0 64
3 A_26 318 0 65
4 A_27 322 0 66
3 A_28 325 0 67
5 B_39 330 0 68
6 B_40 336 0 69
6 B_41 342 0 70
2 B_42 344 0 71
1 B_43 345 0 72
4 B_44 349 0 73
4 A_29 353 0 74
1 A_30 354 0 75
4 A_31 358 0 76
3 A_32 361 0 77
1 A_33 362 0 78
3 B_45 365 0 79
4 A_34 369 0 80
4 A_35 373 0 81
3 B_46 376 0 82
5 B_47 381 0 83
2 B_48 383 0 84
4 A_36 387 0 85
5 B_49 392 0 86
3 A_37 395 0 87
4 B_50 399 0 88
4 B_51 403 0 89
5 A_38 408 0 90
5 A_39 413 0 91
1 A_40 414 0 92
6 A_41 420 0 93
3 A_42 423 0 94
2 A_43 425 0 95
5 A_44 430 0 96
4 A_45 434 0 97
4 A_46 438 0 98
4 A_47 442 0 99
3 A_48 445 0 100
4 B_52 449 0 101
4 A_49 453 0 102
2 A_50 455 0 103
3 A_51 458 0 104
4 B_53 462 0 105
4 A_52 466 0 106
1 A_53 467 0 107
3 A_54 470 0 108
1 A_55 471 0 109
6 A_56 477 0 110
3 A_57 480 0 111
3 B_54 483 0 112
2 B_55 485 0 113
5 B_56 490 0 114
3 B_57 493 0 115
3 B_58 496 0 116
2 B_59 498 0 117
4 A_58 502 0 118
1 A_59 503 0 119
nldp: 503
---------------------
in formation_2
pass
---------------------
in formation_3
pass
---------------------
in formation_4
pass
---------------------
in formation_5
pass
---------------------
in formation_6
pass
---------------------
in formation_7
pass
error in formulation  []
