0
0 A_0 81 0 0
4 A_1 85 0 1
1 A_2 86 0 2
6 B_0 92 0 3
5 A_3 97 0 4
4 B_1 101 0 5
5 A_4 106 0 6
3 A_5 109 0 7
4 A_6 113 0 8
7 B_2 120 0 9
4 A_7 124 0 10
6 B_3 130 0 11
5 A_8 135 0 12
3 B_4 138 0 13
5 A_9 143 0 14
6 B_5 149 0 15
3 A_10 152 0 16
3 A_11 155 0 17
3 A_12 158 0 18
4 A_13 162 0 19
6 B_6 168 0 20
6 A_14 174 0 21
2 A_15 176 0 22
4 B_7 180 0 23
5 A_16 185 0 24
3 A_17 188 0 25
3 B_8 191 0 26
1 B_9 192 0 27
6 A_18 198 0 28
3 B_10 201 0 29
3 A_19 204 0 30
4 B_11 208 0 31
4 B_12 212 0 32
6 A_20 218 0 33
5 B_13 223 0 34
7 A_21 230 0 35
3 B_14 233 0 36
6 A_22 239 0 37
4 B_15 243 0 38
7 A_23 250 0 39
4 B_16 254 0 40
2 B_17 256 0 41
5 A_24 261 0 42
2 A_25 263 0 43
5 B_18 268 0 44
1 B_19 269 0 45
4 B_20 273 0 46
6 A_26 279 0 47
1 A_27 280 0 48
5 B_21 285 0 49
5 A_28 290 0 50
5 B_22 295 0 51
4 B_23 299 0 52
5 A_29 304 0 53
3 A_30 307 0 54
1 A_31 308 0 55
4 B_24 312 0 56
7 A_32 319 0 57
5 B_25 324 0 58
3 B_26 327 0 59
2 B_27 329 0 60
6 A_33 335 0 61
1 A_34 336 0 62
4 B_28 340 0 63
7 A_35 347 0 64
5 B_29 352 0 65
6 A_36 358 0 66
6 B_30 364 0 67
4 B_31 368 0 68
4 B_32 372 0 69
1 B_33 373 0 70
4 A_37 377 0 71
2 A_38 379 0 72
6 B_34 385 0 73
5 A_39 390 0 74
5 B_35 395 0 75
5 A_40 400 0 76
5 B_36 405 0 77
6 A_41 411 0 78
5 B_37 416 0 79
5 A_42 421 0 80
5 B_38 426 0 81
4 A_43 430 0 82
6 B_39 436 0 83
5 A_44 441 0 84
3 B_40 444 0 85
2 B_41 446 0 86
5 A_45 451 0 87
4 A_46 455 0 88
1 A_47 456 0 89
3 B_42 459 0 90
1 B_43 460 0 91
4 B_44 464 0 92
6 A_48 470 0 93
5 B_45 475 0 94
6 A_49 481 0 95
4 B_46 485 0 96
6 A_50 491 0 97
3 A_51 494 0 98
2 A_52 496 0 99
5 B_47 501 0 100
2 B_48 503 0 101
6 A_53 509 0 102
4 B_49 513 0 103
7 A_54 520 0 104
3 B_50 523 0 105
7 A_55 530 0 106
7 B_51 537 0 107
6 A_56 543 0 108
6 B_52 549 0 109
1 B_53 550 0 110
5 A_57 555 0 111
3 B_54 558 0 112
6 A_58 564 0 113
1 A_59 565 0 114
6 B_55 571 0 115
1 B_56 572 0 116
3 B_57 575 0 117
4 B_58 579 0 118
3 B_59 582 0 119
No lane change: 582 280.094 0.00021505355834960938
---------------------
in formation_2
pass
---------------------
in formation_3
pass
---------------------
in formation_4
pass
---------------------
in formation_5
pass
---------------------
in formation_6
pass
---------------------
in formation_7
pass
error in formulation  []
