1
0 A_0 81 0 0
5 A_1 86 0 1
2 A_2 88 0 2
3 B_0 91 1 3
2 A_3 93 0 4
3 A_4 96 0 5
6 B_1 102 1 6
5 B_2 107 1 7
5 B_3 112 1 8
5 A_5 117 0 9
5 B_4 122 1 10
4 B_5 126 1 11
6 A_6 132 0 12
1 B_6 133 1 13
3 B_7 136 1 14
5 B_8 141 1 15
5 A_7 146 0 16
2 B_9 148 1 17
2 A_8 150 0 18
3 A_9 153 0 19
6 B_10 159 1 20
3 B_11 162 1 21
1 B_12 163 1 22
4 B_13 167 1 23
2 A_10 169 0 24
3 B_14 172 1 25
4 A_11 176 0 26
1 B_15 178 1 27
2 B_16 182 1 28
2 B_17 186 1 29
5 A_12 191 0 30
2 B_18 194 1 31
2 A_13 198 0 32
3 B_19 202 1 33
5 A_14 207 0 34
5 A_15 212 0 35
1 A_16 213 0 36
4 A_17 217 0 37
3 A_18 220 0 38
3 B_20 223 1 39
6 A_19 229 0 40
2 B_21 231 1 41
5 A_20 236 0 42
6 B_22 242 1 43
2 A_21 244 0 44
6 B_23 250 1 45
2 A_22 252 0 46
3 B_24 255 1 47
1 A_23 256 0 48
2 B_25 258 1 49
1 A_24 259 0 50
6 A_25 265 0 51
3 A_26 268 0 52
4 A_27 272 0 53
5 B_26 277 1 54
6 A_28 283 0 55
6 B_27 289 1 56
3 A_29 292 1 57
5 B_28 297 0 58
3 A_30 300 1 59
3 B_29 303 1 60
2 A_31 305 0 61
4 A_32 309 0 62
2 B_30 311 1 63
2 A_33 313 0 64
4 B_31 317 1 65
1 A_34 318 0 66
2 B_32 320 1 67
2 A_35 322 0 68
1 B_33 323 1 69
3 B_34 326 1 70
4 A_36 330 0 71
2 B_35 334 1 72
5 A_37 339 0 73
3 B_36 342 1 74
1 A_38 346 0 75
3 B_37 350 1 76
6 A_39 356 0 77
6 A_40 362 0 78
2 B_38 364 1 79
2 B_39 366 1 80
6 A_41 372 0 81
3 A_42 375 0 82
3 B_40 378 1 83
3 B_41 381 1 84
3 A_43 384 1 85
6 B_42 390 0 86
6 A_44 396 1 87
2 B_43 398 0 88
4 A_45 402 1 89
2 B_44 404 0 90
1 B_45 405 0 91
2 B_46 407 0 92
2 A_46 409 1 93
3 B_47 412 0 94
5 B_48 417 0 95
3 A_47 420 0 96
1 B_49 421 1 97
5 A_48 426 0 98
3 A_49 429 0 99
4 B_50 433 1 100
3 B_51 436 1 101
6 A_50 442 0 102
5 B_52 447 1 103
4 A_51 451 0 104
2 B_53 453 1 105
3 A_52 456 0 106
3 B_54 459 1 107
6 A_53 465 0 108
1 A_54 466 0 109
6 A_55 472 0 110
1 B_55 473 1 111
2 A_56 475 0 112
3 B_56 478 1 113
4 A_57 482 0 114
6 A_58 488 0 115
3 B_57 491 1 116
3 B_58 494 1 117
2 A_59 496 0 118
4 B_59 500 1 119
greedy: 500
---------------------
in formation_2
pass
---------------------
in formation_3
pass
---------------------
in formation_4
pass
---------------------
in formation_5
pass
---------------------
in formation_6
pass
---------------------
in formation_7
pass
error in formulation  []
