2
[0, 0, 0, 0, 0, 0, 0, 0, 0, 0, 2, 2, 2, 2, 2, 2, 2, 2, 2, 2, 2, 2, 0, 0, 0, 0, 0, 0, 0, 0, 2, 2, 2, 2, 2, 2, 2, 2, 0, 0, 0, 2, 2, 2, 1, 2, 2, 0, 0, 0, 0, 0, 0, 0, 0, 0, 0, 0, 0, 0, 0, 0, 0, 0, 0, 0, 0, 2, 2, 2, 2, 2, 2, 2, 2, 2, 2, 2, 0, 3, 3, 0, 0, 0, 2, 2, 2, 2, 2, 2, 2, 2, 2, 2, 2, 2, 2, 2, 2, 2, 2, 2, 2, 2, 2, 2, 0, 0, 0, 0, 0, 0, 0, 0, 0, 0, 0, 0, 0, 0]
0 A_0 81 0 0
4 A_1 85 0 1
1 A_2 86 0 2
4 A_3 90 0 3
2 A_4 92 0 4
3 A_5 95 0 5
4 A_6 99 0 6
4 A_7 103 0 7
2 A_8 105 0 8
3 A_9 108 0 9
4 B_0 112 0 10
1 B_1 113 0 11
3 B_2 116 0 12
3 B_3 119 0 13
3 B_4 122 0 14
2 B_5 124 0 15
2 B_6 126 0 16
3 B_7 129 0 17
2 B_8 131 0 18
1 B_9 132 0 19
4 B_10 136 0 20
3 B_11 139 0 21
3 A_10 142 0 22
3 A_11 145 0 23
3 A_12 148 0 24
4 A_13 152 0 25
2 A_14 154 0 26
2 A_15 156 0 27
2 A_16 158 0 28
3 A_17 161 0 29
4 B_12 165 0 30
3 B_13 168 0 31
1 B_14 169 0 32
1 B_15 170 0 33
1 B_16 171 0 34
2 B_17 173 0 35
1 B_18 174 0 36
1 B_19 175 0 37
3 A_18 178 0 38
1 A_19 179 0 39
3 A_20 182 0 40
4 B_20 186 0 41
1 B_21 187 0 42
2 B_22 189 0 43
3 A_21 192 1 44
3 B_23 195 0 45
3 B_24 198 0 46
3 A_22 201 0 47
1 A_23 202 0 48
3 A_24 205 0 49
2 A_25 207 0 50
3 A_26 210 0 51
1 A_27 211 0 52
3 A_28 214 0 53
3 A_29 217 0 54
3 A_30 220 0 55
1 A_31 221 0 56
2 A_32 223 0 57
2 A_33 225 0 58
1 A_34 226 0 59
3 A_35 229 0 60
3 A_36 232 0 61
2 A_37 234 0 62
2 A_38 236 0 63
1 A_39 237 0 64
2 A_40 239 0 65
3 A_41 242 0 66
7 B_25 249 0 67
3 B_26 252 0 68
2 B_27 254 0 69
1 B_28 255 0 70
1 B_29 256 0 71
2 B_30 258 0 72
4 B_31 262 0 73
4 B_32 266 0 74
1 B_33 267 0 75
4 B_34 271 0 76
4 B_35 275 0 77
3 A_42 278 0 78
1 B_36 279 1 79
4 B_37 283 1 80
3 A_43 286 0 81
3 A_44 289 0 82
1 A_45 290 0 83
3 B_38 293 0 84
2 B_39 295 0 85
3 B_40 298 0 86
2 B_41 300 0 87
2 B_42 302 0 88
1 B_43 303 0 89
4 B_44 307 0 90
2 B_45 309 0 91
1 B_46 310 0 92
1 B_47 311 0 93
2 B_48 313 0 94
4 B_49 317 0 95
1 B_50 318 0 96
4 B_51 322 0 97
3 B_52 325 0 98
1 B_53 326 0 99
1 B_54 327 0 100
1 B_55 328 0 101
1 B_56 329 0 102
3 B_57 332 0 103
4 B_58 336 0 104
3 B_59 339 0 105
4 A_46 343 0 106
1 A_47 344 0 107
4 A_48 348 0 108
3 A_49 351 0 109
1 A_50 352 0 110
3 A_51 355 0 111
2 A_52 357 0 112
1 A_53 358 0 113
1 A_54 359 0 114
3 A_55 362 0 115
3 A_56 365 0 116
4 A_57 369 0 117
3 A_58 372 0 118
1 A_59 373 0 119
dp: 373 178.6356666666666 0.17148518562316895
---------------------
in formation_2
pass
---------------------
in formation_3
pass
---------------------
in formation_4
pass
---------------------
in formation_5
pass
---------------------
in formation_6
pass
---------------------
in formation_7
pass
error in formulation  []
