3
0 A_0 81 0 0
4 A_1 85 0 1
1 A_2 86 0 2
4 A_3 90 0 3
2 A_4 92 0 4
3 A_5 95 0 5
4 A_6 99 0 6
4 A_7 103 0 7
2 A_8 105 0 8
3 A_9 108 0 9
4 B_0 112 0 10
1 B_1 113 0 11
3 B_2 116 0 12
3 B_3 119 0 13
3 B_4 122 0 14
2 B_5 124 0 15
2 B_6 126 0 16
3 B_7 129 0 17
2 B_8 131 0 18
1 B_9 132 0 19
4 B_10 136 0 20
3 B_11 139 0 21
3 A_10 142 0 22
3 A_11 145 0 23
3 A_12 148 0 24
4 A_13 152 0 25
2 A_14 154 0 26
2 A_15 156 0 27
2 A_16 158 0 28
3 A_17 161 0 29
4 B_12 165 0 30
3 B_13 168 0 31
1 B_14 169 0 32
1 B_15 170 0 33
1 B_16 171 0 34
2 B_17 173 0 35
1 B_18 174 0 36
1 B_19 175 0 37
3 A_18 178 0 38
1 A_19 179 0 39
3 A_20 182 0 40
4 A_21 186 0 41
4 B_20 190 0 42
1 B_21 191 0 43
2 B_22 193 0 44
4 B_23 197 0 45
3 B_24 200 0 46
3 A_22 203 0 47
1 A_23 204 0 48
3 A_24 207 0 49
2 A_25 209 0 50
3 B_25 212 0 51
3 B_26 215 0 52
2 B_27 217 0 53
1 B_28 218 0 54
1 B_29 219 0 55
2 B_30 221 0 56
4 B_31 225 0 57
3 A_26 228 0 58
1 A_27 229 0 59
3 A_28 232 0 60
3 A_29 235 0 61
3 A_30 238 0 62
1 A_31 239 0 63
2 A_32 241 0 64
2 A_33 243 0 65
1 A_34 244 0 66
3 A_35 247 0 67
3 A_36 250 0 68
2 A_37 252 0 69
2 A_38 254 0 70
1 A_39 255 0 71
2 A_40 257 0 72
3 A_41 260 0 73
4 A_42 264 0 74
3 B_32 267 0 75
1 B_33 268 0 76
4 A_43 272 0 77
3 A_44 275 0 78
1 A_45 276 0 79
4 A_46 280 0 80
1 A_47 281 0 81
3 B_34 284 0 82
3 A_48 287 0 83
3 A_49 290 0 84
1 A_50 291 0 85
3 A_51 294 0 86
2 A_52 296 0 87
1 A_53 297 0 88
1 A_54 298 0 89
3 A_55 301 0 90
3 A_56 304 0 91
3 B_35 307 0 92
4 B_36 311 0 93
4 B_37 315 0 94
3 B_38 318 0 95
2 B_39 320 0 96
3 B_40 323 0 97
2 B_41 325 0 98
2 B_42 327 0 99
1 B_43 328 0 100
4 B_44 332 0 101
2 B_45 334 0 102
1 B_46 335 0 103
1 B_47 336 0 104
2 B_48 338 0 105
3 A_57 341 0 106
3 B_49 344 0 107
1 B_50 345 0 108
4 B_51 349 0 109
3 B_52 352 0 110
1 B_53 353 0 111
1 B_54 354 0 112
1 B_55 355 0 113
1 B_56 356 0 114
3 B_57 359 0 115
4 B_58 363 0 116
3 B_59 366 0 117
3 A_58 369 0 118
1 A_59 370 0 119
nldp: 370 178.344 0.03513669967651367
---------------------
in formation_2
pass
---------------------
in formation_3
pass
---------------------
in formation_4
pass
---------------------
in formation_5
pass
---------------------
in formation_6
pass
---------------------
in formation_7
pass
error in formulation  []
