0
0 B_0 82 0 0
3 A_0 85 0 1
6 B_1 91 0 2
5 A_1 96 0 3
4 B_2 100 0 4
6 A_2 106 0 5
1 A_3 107 0 6
2 A_4 109 0 7
3 A_5 112 0 8
3 B_3 115 0 9
4 B_4 119 0 10
4 A_6 123 0 11
4 A_7 127 0 12
3 A_8 130 0 13
4 A_9 134 0 14
6 B_5 140 0 15
3 B_6 143 0 16
3 B_7 146 0 17
5 A_10 151 0 18
2 A_11 153 0 19
7 B_8 160 0 20
2 B_9 162 0 21
4 B_10 166 0 22
6 A_12 172 0 23
3 A_13 175 0 24
3 B_11 178 0 25
4 B_12 182 0 26
5 A_14 187 0 27
4 A_15 191 0 28
4 A_16 195 0 29
2 A_17 197 0 30
2 A_18 199 0 31
2 A_19 201 0 32
7 B_13 208 0 33
2 B_14 210 0 34
4 B_15 214 0 35
1 B_16 215 0 36
4 B_17 219 0 37
1 B_18 220 0 38
4 B_19 224 0 39
No lane change: 224 122.84325000000001 6.604194641113281e-05
---------------------
in formation_2
pass
---------------------
in formation_3
pass
---------------------
in formation_4
pass
---------------------
in formation_5
pass
---------------------
in formation_6
pass
---------------------
in formation_7
pass
error in formulation  []
