1
0 B_0 81 0 0
3 A_0 84 0 1
6 A_1 90 0 2
4 A_2 94 0 3
3 B_1 97 0 4
4 B_2 101 0 5
3 A_3 104 1 6
3 B_3 107 0 7
6 B_4 113 0 8
3 B_5 116 0 9
5 A_4 121 1 10
5 B_6 126 0 11
6 A_5 132 1 12
5 A_6 137 1 13
4 B_7 141 0 14
3 A_7 144 1 15
6 B_8 150 0 16
6 A_8 156 1 17
4 B_9 160 0 18
6 A_9 166 1 19
3 B_10 169 0 20
4 A_10 173 1 21
3 A_11 176 1 22
2 B_11 178 0 23
5 B_12 183 0 24
5 A_12 188 1 25
6 A_13 194 1 26
5 A_14 199 1 27
1 B_13 200 0 28
6 B_14 206 0 29
3 B_15 209 0 30
3 B_16 212 0 31
2 B_17 214 0 32
6 B_18 220 0 33
2 A_15 222 1 34
3 B_19 225 0 35
5 A_16 230 1 36
6 A_17 236 1 37
3 A_18 239 1 38
1 A_19 240 1 39
greedy: 240
---------------------
in formation_2
pass
---------------------
in formation_3
pass
---------------------
in formation_4
pass
---------------------
in formation_5
pass
---------------------
in formation_6
pass
---------------------
in formation_7
pass
error in formulation  []
