2
[0, 2, 2, 2, 0, 0, 0, 0, 0, 3, 0, 2, 2, 2, 2, 2, 2, 2, 2, 2, 2, 2, 2, 2, 0, 0, 0, 0, 0, 0, 0, 0, 2, 2, 0, 0, 0, 0, 0, 2]
0 A_0 82 0 0
3 B_0 85 0 1
3 B_1 88 0 2
3 B_2 91 0 3
4 A_1 95 0 4
2 A_2 97 0 5
1 A_3 98 0 6
2 A_4 100 0 7
3 A_5 103 0 8
1 B_3 104 1 9
2 A_6 106 0 10
4 B_4 110 0 11
1 B_5 111 0 12
3 B_6 114 0 13
3 B_7 117 0 14
3 B_8 120 0 15
2 B_9 122 0 16
4 B_10 126 0 17
4 B_11 130 0 18
4 B_12 134 0 19
1 B_13 135 0 20
2 B_14 137 0 21
4 B_15 141 0 22
1 B_16 142 0 23
3 A_7 145 0 24
3 A_8 148 0 25
4 A_9 152 0 26
1 A_10 153 0 27
2 A_11 155 0 28
1 A_12 156 0 29
3 A_13 159 0 30
2 A_14 161 0 31
4 B_17 165 0 32
1 B_18 166 0 33
4 A_15 170 0 34
4 A_16 174 0 35
2 A_17 176 0 36
2 A_18 178 0 37
2 A_19 180 0 38
3 B_19 183 0 39
dp: 183 99.46824999999998 0.012020111083984375
---------------------
in formation_2
pass
---------------------
in formation_3
pass
---------------------
in formation_4
pass
---------------------
in formation_5
pass
---------------------
in formation_6
pass
---------------------
in formation_7
pass
error in formulation  []
