3
0 A_0 84 0 0
3 B_0 87 0 1
4 B_1 91 0 2
4 B_2 95 0 3
2 B_3 97 0 4
4 A_1 101 0 5
4 A_2 105 0 6
2 A_3 107 0 7
4 A_4 111 0 8
3 A_5 114 0 9
5 A_6 119 0 10
4 A_7 123 0 11
4 A_8 127 0 12
4 A_9 131 0 13
6 A_10 137 0 14
3 A_11 140 0 15
3 A_12 143 0 16
6 A_13 149 0 17
3 B_4 152 0 18
3 B_5 155 0 19
3 B_6 158 0 20
5 B_7 163 0 21
6 B_8 169 0 22
4 A_14 173 0 23
1 A_15 174 0 24
4 A_16 178 0 25
3 B_9 181 0 26
2 B_10 183 0 27
2 B_11 185 0 28
5 B_12 190 0 29
3 B_13 193 0 30
5 A_17 198 0 31
3 A_18 201 0 32
1 A_19 202 0 33
3 B_14 205 0 34
3 B_15 208 0 35
3 B_16 211 0 36
2 B_17 213 0 37
6 B_18 219 0 38
4 B_19 223 0 39
nldp: 223
---------------------
in formation_2
pass
---------------------
in formation_3
pass
---------------------
in formation_4
pass
---------------------
in formation_5
pass
---------------------
in formation_6
pass
---------------------
in formation_7
pass
error in formulation  []
