0
0 A_0 81 0 0
6 B_0 87 0 1
2 B_1 89 0 2
2 B_2 91 0 3
4 B_3 95 0 4
3 B_4 98 0 5
6 A_1 104 0 6
4 B_5 108 0 7
5 A_2 113 0 8
4 B_6 117 0 9
4 B_7 121 0 10
3 B_8 124 0 11
2 B_9 126 0 12
7 A_3 133 0 13
2 A_4 135 0 14
3 A_5 138 0 15
4 B_10 142 0 16
7 A_6 149 0 17
2 A_7 151 0 18
5 B_11 156 0 19
4 A_8 160 0 20
1 A_9 161 0 21
2 A_10 163 0 22
2 A_11 165 0 23
3 B_12 168 0 24
3 B_13 171 0 25
6 A_12 177 0 26
5 B_14 182 0 27
2 B_15 184 0 28
5 A_13 189 0 29
5 B_16 194 0 30
5 A_14 199 0 31
6 B_17 205 0 32
2 B_18 207 0 33
5 A_15 212 0 34
5 B_19 217 0 35
3 A_16 220 0 36
1 A_17 221 0 37
2 A_18 223 0 38
4 A_19 227 0 39
No lane change: 227 134.98524999999998 7.605552673339844e-05
---------------------
in formation_2
pass
---------------------
in formation_3
pass
---------------------
in formation_4
pass
---------------------
in formation_5
pass
---------------------
in formation_6
pass
---------------------
in formation_7
pass
error in formulation  []
