1
0 A_0 81 0 0
4 A_1 85 0 1
3 A_2 88 0 2
3 B_0 91 1 3
2 B_1 93 1 4
5 A_3 98 0 5
5 B_2 103 1 6
6 B_3 109 1 7
6 A_4 115 0 8
3 B_4 118 1 9
3 A_5 121 1 10
2 B_5 123 0 11
6 A_6 129 1 12
2 B_6 131 0 13
6 B_7 137 0 14
2 A_7 139 1 15
1 B_8 140 0 16
4 A_8 144 1 17
4 B_9 148 0 18
4 A_9 152 1 19
4 A_10 156 1 20
1 A_11 157 1 21
4 B_10 161 0 22
6 B_11 167 0 23
2 A_12 169 1 24
6 A_13 175 1 25
3 B_12 178 1 26
1 A_14 179 0 27
1 B_13 181 1 28
3 A_15 185 0 29
2 B_14 189 1 30
2 A_16 193 0 31
5 B_15 198 1 32
4 A_17 202 0 33
1 A_18 203 0 34
4 A_19 207 0 35
6 B_16 213 1 36
5 B_17 218 1 37
5 B_18 223 1 38
1 B_19 224 1 39
greedy: 224
---------------------
in formation_2
pass
---------------------
in formation_3
pass
---------------------
in formation_4
pass
---------------------
in formation_5
pass
---------------------
in formation_6
pass
---------------------
in formation_7
pass
error in formulation  []
