2
[1, 2, 2, 1, 2, 1, 2, 0, 0, 0, 0, 0, 3, 0, 0, 0, 1, 2, 2, 2, 2, 2, 2, 1, 2, 2, 2, 2, 2, 2, 0, 0, 0, 0, 0, 0, 2, 1, 2, 2]
0 A_0 81 1 0
3 B_0 85 0 1
2 B_1 87 0 2
1 A_1 90 1 3
5 B_2 95 0 4
4 A_2 99 1 5
3 B_3 102 0 6
4 A_3 106 0 7
5 A_4 111 0 8
1 A_5 112 0 9
5 A_6 117 0 10
2 A_7 119 0 11
3 B_4 122 1 12
2 A_8 124 0 13
3 A_9 127 0 14
4 A_10 131 0 15
3 A_11 134 1 16
4 B_5 138 0 17
1 B_6 139 0 18
6 B_7 145 0 19
2 B_8 147 0 20
5 B_9 152 0 21
1 B_10 153 0 22
4 A_12 157 1 23
2 B_11 159 0 24
4 B_12 163 0 25
3 B_13 166 0 26
3 B_14 169 0 27
1 B_15 170 0 28
3 B_16 173 0 29
4 A_13 177 0 30
1 A_14 178 0 31
1 A_15 179 0 32
1 A_16 180 0 33
3 A_17 183 0 34
1 A_18 184 0 35
7 B_17 191 0 36
1 A_19 192 1 37
2 B_18 194 0 38
1 B_19 195 0 39
dp: 195
---------------------
in formation_2
pass
---------------------
in formation_3
pass
---------------------
in formation_4
pass
---------------------
in formation_5
pass
---------------------
in formation_6
pass
---------------------
in formation_7
pass
error in formulation  []
