3
0 A_0 81 0 0
6 B_0 87 0 1
2 B_1 89 0 2
2 B_2 91 0 3
4 B_3 95 0 4
3 B_4 98 0 5
4 B_5 102 0 6
1 B_6 103 0 7
4 B_7 107 0 8
3 B_8 110 0 9
2 B_9 112 0 10
4 B_10 116 0 11
3 B_11 119 0 12
2 B_12 121 0 13
3 B_13 124 0 14
3 A_1 127 0 15
3 A_2 130 0 16
2 A_3 132 0 17
2 A_4 134 0 18
3 A_5 137 0 19
3 B_14 140 0 20
2 B_15 142 0 21
3 B_16 145 0 22
3 B_17 148 0 23
2 B_18 150 0 24
4 B_19 154 0 25
3 A_6 157 0 26
2 A_7 159 0 27
1 A_8 160 0 28
1 A_9 161 0 29
2 A_10 163 0 30
2 A_11 165 0 31
3 A_12 168 0 32
3 A_13 171 0 33
2 A_14 173 0 34
2 A_15 175 0 35
2 A_16 177 0 36
1 A_17 178 0 37
2 A_18 180 0 38
4 A_19 184 0 39
nldp: 184 116.53524999999998 0.0040760040283203125
---------------------
in formation_2
pass
---------------------
in formation_3
pass
---------------------
in formation_4
pass
---------------------
in formation_5
pass
---------------------
in formation_6
pass
---------------------
in formation_7
pass
error in formulation  []
