0
0 B_0 81 0 0
1 B_1 82 0 1
4 B_2 86 0 2
2 B_3 88 0 3
6 A_0 94 0 4
6 B_4 100 0 5
4 A_1 104 0 6
5 B_5 109 0 7
6 A_2 115 0 8
4 B_6 119 0 9
4 B_7 123 0 10
5 A_3 128 0 11
5 B_8 133 0 12
7 A_4 140 0 13
5 B_9 145 0 14
4 B_10 149 0 15
4 A_5 153 0 16
5 B_11 158 0 17
7 A_6 165 0 18
4 A_7 169 0 19
6 B_12 175 0 20
3 B_13 178 0 21
1 B_14 179 0 22
6 A_8 185 0 23
5 B_15 190 0 24
3 A_9 193 0 25
2 A_10 195 0 26
1 A_11 196 0 27
5 B_16 201 0 28
3 B_17 204 0 29
4 A_12 208 0 30
5 B_18 213 0 31
6 A_13 219 0 32
4 B_19 223 0 33
6 A_14 229 0 34
4 B_20 233 0 35
5 A_15 238 0 36
4 B_21 242 0 37
5 A_16 247 0 38
6 B_22 253 0 39
7 A_17 260 0 40
6 B_23 266 0 41
2 B_24 268 0 42
5 A_18 273 0 43
6 B_25 279 0 44
2 B_26 281 0 45
4 A_19 285 0 46
4 A_20 289 0 47
4 A_21 293 0 48
4 A_22 297 0 49
6 B_27 303 0 50
7 A_23 310 0 51
3 B_28 313 0 52
5 A_24 318 0 53
4 B_29 322 0 54
2 B_30 324 0 55
4 A_25 328 0 56
1 A_26 329 0 57
5 B_31 334 0 58
3 A_27 337 0 59
4 B_32 341 0 60
6 A_28 347 0 61
6 B_33 353 0 62
4 A_29 357 0 63
6 B_34 363 0 64
5 A_30 368 0 65
6 B_35 374 0 66
6 A_31 380 0 67
4 B_36 384 0 68
7 A_32 391 0 69
4 B_37 395 0 70
4 B_38 399 0 71
3 B_39 402 0 72
5 A_33 407 0 73
5 B_40 412 0 74
6 A_34 418 0 75
5 B_41 423 0 76
7 A_35 430 0 77
2 A_36 432 0 78
6 B_42 438 0 79
5 A_37 443 0 80
5 B_43 448 0 81
5 A_38 453 0 82
2 A_39 455 0 83
2 A_40 457 0 84
3 B_44 460 0 85
3 B_45 463 0 86
5 A_41 468 0 87
3 A_42 471 0 88
2 A_43 473 0 89
2 A_44 475 0 90
4 B_46 479 0 91
4 A_45 483 0 92
7 B_47 490 0 93
5 A_46 495 0 94
5 B_48 500 0 95
4 A_47 504 0 96
7 B_49 511 0 97
3 A_48 514 0 98
3 B_50 517 0 99
1 B_51 518 0 100
3 A_49 521 0 101
4 B_52 525 0 102
3 A_50 528 0 103
5 B_53 533 0 104
4 A_51 537 0 105
5 B_54 542 0 106
6 A_52 548 0 107
3 A_53 551 0 108
5 B_55 556 0 109
4 B_56 560 0 110
6 A_54 566 0 111
4 A_55 570 0 112
3 B_57 573 0 113
4 A_56 577 0 114
1 A_57 578 0 115
6 B_58 584 0 116
6 A_58 590 0 117
5 B_59 595 0 118
5 A_59 600 0 119
No lane change: 600 297.8539166666668 0.00021123886108398438
---------------------
in formation_2
pass
---------------------
in formation_3
pass
---------------------
in formation_4
pass
---------------------
in formation_5
pass
---------------------
in formation_6
pass
---------------------
in formation_7
pass
error in formulation  []
