1
0 A_0 81 0 0
4 A_1 85 0 1
4 B_0 89 1 2
4 A_2 93 0 3
2 B_1 95 1 4
4 A_3 99 0 5
3 B_2 102 1 6
2 A_4 106 0 7
2 B_3 110 1 8
3 B_4 114 1 9
1 B_5 118 1 10
6 A_5 124 0 11
3 A_6 127 0 12
5 B_6 132 1 13
4 A_7 136 0 14
3 B_7 139 1 15
5 B_8 144 1 16
4 B_9 148 1 17
6 A_8 154 0 18
5 A_9 159 0 19
6 A_10 165 0 20
4 B_10 169 1 21
2 A_11 171 0 22
3 B_11 174 1 23
1 A_12 175 0 24
4 B_12 179 1 25
5 A_13 184 0 26
6 B_13 190 1 27
4 A_14 194 0 28
5 B_14 199 1 29
6 A_15 205 0 30
4 B_15 209 1 31
4 A_16 213 0 32
1 B_16 214 1 33
6 A_17 220 0 34
3 B_17 223 1 35
5 A_18 228 0 36
1 B_18 229 1 37
4 A_19 233 0 38
2 B_19 235 1 39
4 B_20 239 1 40
5 B_21 244 1 41
2 A_20 246 0 42
6 B_22 252 1 43
3 B_23 255 1 44
1 B_24 256 1 45
5 A_21 261 0 46
5 B_25 266 1 47
3 A_22 269 1 48
3 A_23 272 1 49
4 A_24 276 1 50
6 B_26 282 0 51
1 B_27 283 0 52
5 B_28 288 0 53
4 B_29 292 0 54
2 B_30 294 0 55
1 B_31 295 0 56
4 B_32 299 0 57
3 A_25 302 1 58
3 B_33 305 1 59
2 B_34 307 1 60
4 A_26 311 0 61
6 A_27 317 0 62
3 B_35 320 1 63
5 B_36 325 1 64
1 A_28 326 0 65
2 B_37 328 1 66
6 B_38 334 1 67
6 A_29 340 0 68
2 A_30 342 0 69
4 B_39 346 1 70
6 A_31 352 0 71
4 B_40 356 1 72
5 B_41 361 1 73
3 A_32 364 0 74
2 A_33 366 0 75
1 A_34 367 0 76
6 B_42 373 1 77
4 B_43 377 1 78
3 A_35 380 0 79
5 A_36 385 0 80
4 A_37 389 0 81
4 B_44 393 1 82
4 A_38 397 0 83
5 B_45 402 1 84
5 A_39 407 0 85
4 B_46 411 1 86
3 A_40 414 0 87
4 B_47 418 1 88
4 A_41 422 0 89
2 A_42 424 0 90
4 A_43 428 0 91
5 A_44 433 0 92
5 A_45 438 0 93
3 B_48 441 0 94
4 A_46 445 1 95
5 B_49 450 0 96
3 A_47 453 0 97
1 B_50 454 1 98
6 A_48 460 0 99
2 B_51 462 1 100
6 A_49 468 0 101
3 A_50 471 0 102
1 B_52 472 1 103
4 A_51 476 0 104
6 B_53 482 1 105
2 B_54 484 1 106
2 B_55 486 1 107
6 B_56 492 1 108
3 A_52 495 1 109
4 B_57 499 0 110
2 A_53 501 1 111
3 A_54 504 1 112
6 A_55 510 1 113
5 B_58 515 0 114
6 B_59 521 0 115
6 A_56 527 1 116
1 A_57 528 1 117
1 A_58 529 1 118
4 A_59 533 1 119
greedy: 533
---------------------
in formation_2
pass
---------------------
in formation_3
pass
---------------------
in formation_4
pass
---------------------
in formation_5
pass
---------------------
in formation_6
pass
---------------------
in formation_7
pass
error in formulation  []
