2
[2, 2, 2, 2, 2, 2, 2, 2, 2, 2, 2, 2, 2, 2, 2, 2, 2, 2, 2, 2, 2, 2, 2, 2, 2, 2, 2, 2, 0, 0, 0, 0, 0, 0, 0, 2, 2, 2, 2, 2, 2, 2, 2, 2, 2, 0, 0, 0, 0, 0, 0, 0, 0, 0, 0, 2, 2, 2, 0, 0, 0, 2, 2, 2, 2, 2, 2, 2, 2, 2, 2, 2, 2, 1, 1, 1, 2, 2, 0, 0, 0, 0, 0, 0, 0, 0, 0, 0, 0, 0, 0, 0, 0, 0, 0, 0, 0, 0, 0, 0, 0, 0, 0, 0, 0, 0, 0, 0, 0, 0, 2, 2, 2, 2, 2, 0, 0, 0, 0, 0]
0 B_0 81 0 0
1 B_1 82 0 1
4 B_2 86 0 2
2 B_3 88 0 3
3 B_4 91 0 4
2 B_5 93 0 5
3 B_6 96 0 6
4 B_7 100 0 7
3 B_8 103 0 8
2 B_9 105 0 9
4 B_10 109 0 10
4 B_11 113 0 11
2 B_12 115 0 12
3 B_13 118 0 13
1 B_14 119 0 14
2 B_15 121 0 15
1 B_16 122 0 16
3 B_17 125 0 17
1 B_18 126 0 18
4 B_19 130 0 19
4 B_20 134 0 20
4 B_21 138 0 21
3 B_22 141 0 22
2 B_23 143 0 23
2 B_24 145 0 24
1 B_25 146 0 25
2 B_26 148 0 26
2 B_27 150 0 27
4 A_0 154 0 28
2 A_1 156 0 29
1 A_2 157 0 30
1 A_3 158 0 31
1 A_4 159 0 32
3 A_5 162 0 33
1 A_6 163 0 34
4 B_28 167 0 35
1 B_29 168 0 36
2 B_30 170 0 37
3 B_31 173 0 38
1 B_32 174 0 39
4 B_33 178 0 40
2 B_34 180 0 41
3 B_35 183 0 42
2 B_36 185 0 43
1 B_37 186 0 44
3 A_7 189 0 45
2 A_8 191 0 46
2 A_9 193 0 47
2 A_10 195 0 48
1 A_11 196 0 49
4 A_12 200 0 50
2 A_13 202 0 51
1 A_14 203 0 52
2 A_15 205 0 53
2 A_16 207 0 54
4 B_38 211 0 55
3 B_39 214 0 56
3 B_40 217 0 57
3 A_17 220 0 58
1 A_18 221 0 59
2 A_19 223 0 60
4 B_41 227 0 61
4 B_42 231 0 62
1 B_43 232 0 63
4 B_44 236 0 64
3 B_45 239 0 65
4 B_46 243 0 66
3 B_47 246 0 67
1 B_48 247 0 68
4 B_49 251 0 69
4 B_50 255 0 70
1 B_51 256 0 71
2 B_52 258 0 72
3 A_20 261 1 73
4 A_21 265 1 74
4 A_22 269 1 75
1 B_53 270 0 76
2 B_54 272 0 77
3 A_23 275 0 78
2 A_24 277 0 79
1 A_25 278 0 80
1 A_26 279 0 81
2 A_27 281 0 82
1 A_28 282 0 83
1 A_29 283 0 84
3 A_30 286 0 85
1 A_31 287 0 86
2 A_32 289 0 87
4 A_33 293 0 88
2 A_34 295 0 89
1 A_35 296 0 90
2 A_36 298 0 91
3 A_37 301 0 92
3 A_38 304 0 93
2 A_39 306 0 94
2 A_40 308 0 95
3 A_41 311 0 96
3 A_42 314 0 97
2 A_43 316 0 98
2 A_44 318 0 99
1 A_45 319 0 100
2 A_46 321 0 101
4 A_47 325 0 102
1 A_48 326 0 103
1 A_49 327 0 104
1 A_50 328 0 105
4 A_51 332 0 106
2 A_52 334 0 107
3 A_53 337 0 108
2 A_54 339 0 109
4 B_55 343 0 110
4 B_56 347 0 111
1 B_57 348 0 112
2 B_58 350 0 113
4 B_59 354 0 114
3 A_55 357 0 115
3 A_56 360 0 116
1 A_57 361 0 117
2 A_58 363 0 118
3 A_59 366 0 119
dp: 366 179.72058333333345 0.18490290641784668
---------------------
in formation_2
pass
---------------------
in formation_3
pass
---------------------
in formation_4
pass
---------------------
in formation_5
pass
---------------------
in formation_6
pass
---------------------
in formation_7
pass
error in formulation  []
