3
0 A_0 85 0 0
5 B_0 90 0 1
1 B_1 91 0 2
4 B_2 95 0 3
2 B_3 97 0 4
3 B_4 100 0 5
2 B_5 102 0 6
3 B_6 105 0 7
4 B_7 109 0 8
3 B_8 112 0 9
2 B_9 114 0 10
4 B_10 118 0 11
4 B_11 122 0 12
2 B_12 124 0 13
3 B_13 127 0 14
1 B_14 128 0 15
2 B_15 130 0 16
1 B_16 131 0 17
3 B_17 134 0 18
1 B_18 135 0 19
4 B_19 139 0 20
4 B_20 143 0 21
4 B_21 147 0 22
3 B_22 150 0 23
2 B_23 152 0 24
2 B_24 154 0 25
1 B_25 155 0 26
2 B_26 157 0 27
2 B_27 159 0 28
4 B_28 163 0 29
1 B_29 164 0 30
2 B_30 166 0 31
3 B_31 169 0 32
1 B_32 170 0 33
3 A_1 173 0 34
1 A_2 174 0 35
1 A_3 175 0 36
1 A_4 176 0 37
3 A_5 179 0 38
1 A_6 180 0 39
4 B_33 184 0 40
2 B_34 186 0 41
3 B_35 189 0 42
2 B_36 191 0 43
1 B_37 192 0 44
4 B_38 196 0 45
3 B_39 199 0 46
3 B_40 202 0 47
4 B_41 206 0 48
4 B_42 210 0 49
1 B_43 211 0 50
4 B_44 215 0 51
3 B_45 218 0 52
3 A_7 221 0 53
2 A_8 223 0 54
2 A_9 225 0 55
2 A_10 227 0 56
1 A_11 228 0 57
4 B_46 232 0 58
3 B_47 235 0 59
1 B_48 236 0 60
3 A_12 239 0 61
2 A_13 241 0 62
1 A_14 242 0 63
2 A_15 244 0 64
2 A_16 246 0 65
4 A_17 250 0 66
1 A_18 251 0 67
2 A_19 253 0 68
4 A_20 257 0 69
4 A_21 261 0 70
3 B_49 264 0 71
4 B_50 268 0 72
1 B_51 269 0 73
2 B_52 271 0 74
4 A_22 275 0 75
4 B_53 279 0 76
2 B_54 281 0 77
3 A_23 284 0 78
2 A_24 286 0 79
1 A_25 287 0 80
1 A_26 288 0 81
2 A_27 290 0 82
1 A_28 291 0 83
1 A_29 292 0 84
3 B_55 295 0 85
4 B_56 299 0 86
1 B_57 300 0 87
2 B_58 302 0 88
3 A_30 305 0 89
1 A_31 306 0 90
2 A_32 308 0 91
4 A_33 312 0 92
2 A_34 314 0 93
1 A_35 315 0 94
2 A_36 317 0 95
3 A_37 320 0 96
3 B_59 323 0 97
3 A_38 326 0 98
2 A_39 328 0 99
2 A_40 330 0 100
3 A_41 333 0 101
3 A_42 336 0 102
2 A_43 338 0 103
2 A_44 340 0 104
1 A_45 341 0 105
2 A_46 343 0 106
4 A_47 347 0 107
1 A_48 348 0 108
1 A_49 349 0 109
1 A_50 350 0 110
4 A_51 354 0 111
2 A_52 356 0 112
3 A_53 359 0 113
2 A_54 361 0 114
4 A_55 365 0 115
3 A_56 368 0 116
1 A_57 369 0 117
2 A_58 371 0 118
3 A_59 374 0 119
nldp: 374 188.31225000000015 0.03070378303527832
---------------------
in formation_2
pass
---------------------
in formation_3
pass
---------------------
in formation_4
pass
---------------------
in formation_5
pass
---------------------
in formation_6
pass
---------------------
in formation_7
pass
error in formulation  []
