0
0 B_0 82 0 0
4 B_1 86 0 1
6 A_0 92 0 2
7 B_2 99 0 3
6 A_1 105 0 4
2 A_2 107 0 5
6 B_3 113 0 6
5 A_3 118 0 7
4 B_4 122 0 8
7 A_4 129 0 9
4 B_5 133 0 10
5 A_5 138 0 11
6 B_6 144 0 12
2 B_7 146 0 13
5 A_6 151 0 14
4 B_8 155 0 15
7 A_7 162 0 16
6 B_9 168 0 17
5 A_8 173 0 18
4 B_10 177 0 19
4 A_9 181 0 20
7 B_11 188 0 21
3 B_12 191 0 22
4 B_13 195 0 23
4 A_10 199 0 24
5 B_14 204 0 25
6 A_11 210 0 26
5 B_15 215 0 27
6 A_12 221 0 28
6 B_16 227 0 29
7 A_13 234 0 30
5 B_17 239 0 31
5 A_14 244 0 32
4 B_18 248 0 33
1 B_19 249 0 34
4 A_15 253 0 35
4 A_16 257 0 36
3 A_17 260 0 37
4 A_18 264 0 38
3 A_19 267 0 39
No lane change: 267 163.09675000000001 6.413459777832031e-05
---------------------
in formation_2
pass
---------------------
in formation_3
pass
---------------------
in formation_4
pass
---------------------
in formation_5
pass
---------------------
in formation_6
pass
---------------------
in formation_7
pass
error in formulation  []
