1
0 B_0 82 0 0
4 B_1 86 0 1
3 A_0 89 1 2
4 B_2 93 0 3
4 A_1 97 1 4
2 A_2 99 1 5
3 B_3 102 0 6
2 A_3 104 1 7
2 B_4 106 0 8
4 A_4 110 1 9
2 B_5 112 0 10
2 A_5 114 1 11
3 B_6 117 0 12
2 B_7 119 0 13
3 A_6 122 1 14
1 B_8 123 0 15
4 A_7 127 1 16
4 B_9 131 0 17
2 A_8 133 1 18
2 B_10 135 0 19
1 A_9 136 1 20
4 B_11 140 0 21
3 B_12 143 0 22
4 B_13 147 0 23
1 A_10 148 1 24
2 B_14 150 0 25
3 A_11 153 1 26
2 B_15 155 0 27
3 A_12 158 1 28
4 B_16 162 0 29
4 A_13 166 1 30
2 B_17 168 0 31
3 A_14 171 1 32
1 B_18 172 0 33
1 B_19 173 0 34
1 A_15 174 1 35
4 A_16 178 1 36
3 A_17 181 1 37
4 A_18 185 1 38
3 A_19 188 1 39
greedy: 188 120.67175 0.00026226043701171875
---------------------
in formation_2
pass
---------------------
in formation_3
pass
---------------------
in formation_4
pass
---------------------
in formation_5
pass
---------------------
in formation_6
pass
---------------------
in formation_7
pass
error in formulation  []
