2
[1, 2, 2, 2, 2, 2, 2, 2, 2, 2, 2, 2, 0, 0, 0, 3, 0, 0, 0, 0, 0, 0, 0, 0, 0, 0, 0, 0, 2, 2, 2, 2, 2, 2, 0, 0, 0, 0, 2, 2]
0 A_0 83 1 0
2 B_0 87 0 1
2 B_1 89 0 2
1 B_2 90 0 3
4 B_3 94 0 4
6 B_4 100 0 5
2 B_5 102 0 6
4 B_6 106 0 7
3 B_7 109 0 8
3 B_8 112 0 9
4 B_9 116 0 10
4 B_10 120 0 11
5 A_1 125 0 12
1 A_2 126 0 13
3 A_3 129 0 14
4 B_11 133 1 15
3 A_4 136 0 16
2 A_5 138 0 17
4 A_6 142 0 18
2 A_7 144 0 19
2 A_8 146 0 20
1 A_9 147 0 21
1 A_10 148 0 22
2 A_11 150 0 23
2 A_12 152 0 24
4 A_13 156 0 25
3 A_14 159 0 26
2 A_15 161 0 27
5 B_12 166 0 28
5 B_13 171 0 29
4 B_14 175 0 30
1 B_15 176 0 31
1 B_16 177 0 32
3 B_17 180 0 33
3 A_16 183 0 34
1 A_17 184 0 35
3 A_18 187 0 36
5 A_19 192 0 37
7 B_18 199 0 38
4 B_19 203 0 39
dp: 203
---------------------
in formation_2
pass
---------------------
in formation_3
pass
---------------------
in formation_4
pass
---------------------
in formation_5
pass
---------------------
in formation_6
pass
---------------------
in formation_7
pass
error in formulation  []
