3
0 A_0 83 0 0
6 B_0 89 0 1
2 B_1 91 0 2
1 B_2 92 0 3
4 B_3 96 0 4
6 A_1 102 0 5
1 A_2 103 0 6
3 A_3 106 0 7
3 B_4 109 0 8
2 B_5 111 0 9
4 B_6 115 0 10
3 B_7 118 0 11
3 B_8 121 0 12
4 B_9 125 0 13
4 B_10 129 0 14
5 A_4 134 0 15
2 A_5 136 0 16
4 A_6 140 0 17
3 B_11 143 0 18
4 B_12 147 0 19
5 B_13 152 0 20
3 A_7 155 0 21
2 A_8 157 0 22
1 A_9 158 0 23
1 A_10 159 0 24
2 A_11 161 0 25
2 A_12 163 0 26
4 A_13 167 0 27
3 A_14 170 0 28
2 A_15 172 0 29
5 B_14 177 0 30
1 B_15 178 0 31
1 B_16 179 0 32
3 B_17 182 0 33
3 A_16 185 0 34
1 A_17 186 0 35
3 A_18 189 0 36
3 B_18 192 0 37
4 B_19 196 0 38
8 A_19 204 0 39
nldp: 204
---------------------
in formation_2
pass
---------------------
in formation_3
pass
---------------------
in formation_4
pass
---------------------
in formation_5
pass
---------------------
in formation_6
pass
---------------------
in formation_7
pass
error in formulation  []
