0
0 B_0 81 0 0
7 A_0 88 0 1
8 B_1 96 0 2
9 A_1 105 0 3
3 B_2 108 0 4
3 B_3 111 0 5
6 B_4 117 0 6
4 A_2 121 0 7
7 B_5 128 0 8
7 A_3 135 0 9
7 B_6 142 0 10
5 A_4 147 0 11
5 B_7 152 0 12
6 A_5 158 0 13
4 B_8 162 0 14
3 A_6 165 0 15
6 B_9 171 0 16
3 A_7 174 0 17
7 B_10 181 0 18
2 B_11 183 0 19
8 A_8 191 0 20
9 B_12 200 0 21
10 A_9 210 0 22
7 B_13 217 0 23
8 A_10 225 0 24
5 A_11 230 0 25
6 A_12 236 0 26
1 A_13 237 0 27
1 A_14 238 0 28
4 B_14 242 0 29
8 A_15 250 0 30
4 B_15 254 0 31
3 A_16 257 0 32
6 B_16 263 0 33
4 A_17 267 0 34
6 B_17 273 0 35
3 B_18 276 0 36
1 B_19 277 0 37
4 A_18 281 0 38
7 B_20 288 0 39
5 A_19 293 0 40
9 B_21 302 0 41
5 A_20 307 0 42
4 A_21 311 0 43
4 A_22 315 0 44
7 B_22 322 0 45
2 B_23 324 0 46
6 A_23 330 0 47
8 B_24 338 0 48
3 B_25 341 0 49
4 A_24 345 0 50
5 B_26 350 0 51
4 B_27 354 0 52
2 B_28 356 0 53
7 A_25 363 0 54
8 B_29 371 0 55
7 A_26 378 0 56
4 B_30 382 0 57
9 A_27 391 0 58
3 A_28 394 0 59
8 B_31 402 0 60
4 B_32 406 0 61
4 B_33 410 0 62
10 A_29 420 0 63
5 B_34 425 0 64
9 A_30 434 0 65
5 A_31 439 0 66
7 B_35 446 0 67
6 A_32 452 0 68
8 B_36 460 0 69
6 A_33 466 0 70
8 B_37 474 0 71
6 A_34 480 0 72
3 A_35 483 0 73
7 B_38 490 0 74
7 A_36 497 0 75
9 B_39 506 0 76
3 A_37 509 0 77
4 A_38 513 0 78
4 A_39 517 0 79
No lane change: 517
---------------------
in formation_2
pass
---------------------
in formation_3
pass
---------------------
in formation_4
pass
---------------------
in formation_5
pass
---------------------
in formation_6
pass
---------------------
in formation_7
pass
error in formulation  []
