1
0 B_0 81 0 0
4 A_0 85 1 1
4 A_1 89 1 2
3 B_1 92 0 3
3 A_2 95 1 4
3 B_2 98 0 5
2 A_3 100 1 6
4 B_3 104 0 7
3 B_4 107 0 8
4 A_4 111 1 9
2 B_5 113 0 10
2 A_5 115 1 11
3 B_6 118 0 12
3 A_6 121 1 13
3 B_7 124 0 14
3 B_8 127 0 15
2 A_7 129 1 16
4 A_8 133 1 17
4 A_9 137 1 18
2 B_9 139 0 19
2 A_10 141 1 20
4 B_10 145 0 21
3 A_11 148 1 22
3 B_11 151 1 23
3 B_12 154 1 24
3 A_12 157 0 25
2 B_13 159 1 26
2 A_13 161 0 27
3 B_14 164 1 28
3 B_15 167 1 29
3 A_14 170 0 30
2 B_16 172 1 31
3 A_15 175 0 32
3 B_17 178 1 33
4 A_16 182 0 34
3 A_17 185 0 35
4 A_18 189 0 36
2 B_18 191 1 37
4 A_19 195 0 38
1 B_19 196 1 39
3 A_20 199 1 40
2 B_20 201 0 41
1 A_21 202 1 42
2 B_21 204 0 43
1 A_22 205 1 44
3 B_22 208 1 45
4 A_23 212 0 46
4 B_23 216 1 47
2 A_24 218 0 48
4 B_24 222 1 49
3 A_25 225 1 50
2 B_25 227 0 51
4 A_26 231 1 52
4 B_26 235 0 53
4 A_27 239 1 54
3 B_27 242 0 55
2 A_28 244 1 56
3 B_28 247 0 57
3 A_29 250 1 58
3 B_29 253 0 59
4 A_30 257 1 60
4 A_31 261 1 61
1 A_32 262 1 62
3 A_33 265 1 63
1 A_34 266 1 64
4 B_30 270 0 65
3 A_35 273 1 66
4 B_31 277 0 67
2 A_36 279 1 68
2 B_32 281 0 69
4 A_37 285 1 70
3 B_33 288 1 71
1 B_34 289 1 72
2 A_38 291 0 73
3 B_35 294 1 74
1 A_39 295 0 75
4 B_36 299 1 76
1 B_37 300 1 77
1 B_38 301 1 78
1 B_39 302 1 79
greedy: 302 165.93524999999994 0.0006709098815917969
---------------------
in formation_2
pass
---------------------
in formation_3
pass
---------------------
in formation_4
pass
---------------------
in formation_5
pass
---------------------
in formation_6
pass
---------------------
in formation_7
pass
error in formulation  []
