2
[3, 0, 0, 0, 0, 0, 0, 0, 0, 3, 0, 0, 0, 0, 3, 0, 0, 0, 0, 2, 1, 2, 2, 2, 1, 3, 0, 3, 0, 0, 0, 0, 0, 1, 2, 1, 2, 2, 2, 1, 2, 2, 2, 2, 2, 2, 2, 2, 0, 0, 0, 0, 0, 1, 2, 2, 2, 2, 2, 2, 2, 2, 1, 2, 2, 2, 2, 0, 0, 0, 2, 2, 2, 2, 2, 1, 2, 2, 1, 1]
0 B_0 81 1 0
4 A_0 85 0 1
4 A_1 89 0 2
4 A_2 93 0 3
3 A_3 96 0 4
3 A_4 99 0 5
3 A_5 102 0 6
5 A_6 107 0 7
1 A_7 108 0 8
3 B_1 111 1 9
3 A_8 114 0 10
1 A_9 115 0 11
3 A_10 118 0 12
5 A_11 123 0 13
4 B_2 127 1 14
2 A_12 129 0 15
1 A_13 130 0 16
1 A_14 131 0 17
1 A_15 132 0 18
10 B_3 142 0 19
2 A_16 144 1 20
2 B_4 146 0 21
3 B_5 149 0 22
4 B_6 153 0 23
1 A_17 154 1 24
4 B_7 158 1 25
2 A_18 160 0 26
2 B_8 162 1 27
4 A_19 166 0 28
2 A_20 168 0 29
4 A_21 172 0 30
4 A_22 176 0 31
1 A_23 177 0 32
4 A_24 181 1 33
1 B_9 182 0 34
3 A_25 185 1 35
1 B_10 186 0 36
2 B_11 188 0 37
2 B_12 190 0 38
2 A_26 192 1 39
3 B_13 195 0 40
3 B_14 198 0 41
2 B_15 200 0 42
4 B_16 204 0 43
3 B_17 207 0 44
3 B_18 210 0 45
1 B_19 211 0 46
2 B_20 213 0 47
3 A_27 216 0 48
3 A_28 219 0 49
4 A_29 223 0 50
1 A_30 224 0 51
5 A_31 229 0 52
6 A_32 235 1 53
1 B_21 236 0 54
1 B_22 237 0 55
2 B_23 239 0 56
3 B_24 242 0 57
3 B_25 245 0 58
4 B_26 249 0 59
4 B_27 253 0 60
2 B_28 255 0 61
4 A_33 259 1 62
2 B_29 261 0 63
2 B_30 263 0 64
1 B_31 264 0 65
4 B_32 268 0 66
4 A_34 272 0 67
3 A_35 275 0 68
1 A_36 276 0 69
5 B_33 281 0 70
1 B_34 282 0 71
3 B_35 285 0 72
5 B_36 290 0 73
3 B_37 293 0 74
4 A_37 297 1 75
4 B_38 301 0 76
4 B_39 305 0 77
4 A_38 309 1 78
4 A_39 313 1 79
dp: 313
---------------------
in formation_2
pass
---------------------
in formation_3
pass
---------------------
in formation_4
pass
---------------------
in formation_5
pass
---------------------
in formation_6
pass
---------------------
in formation_7
pass
error in formulation  []
