3
0 A_0 83 0 0
4 A_1 87 0 1
2 A_2 89 0 2
3 B_0 92 0 3
4 A_3 96 0 4
3 A_4 99 0 5
2 A_5 101 0 6
2 A_6 103 0 7
4 A_7 107 0 8
4 A_8 111 0 9
3 B_1 114 0 10
3 B_2 117 0 11
2 B_3 119 0 12
3 B_4 122 0 13
2 B_5 124 0 14
4 B_6 128 0 15
1 B_7 129 0 16
3 B_8 132 0 17
1 B_9 133 0 18
3 B_10 136 0 19
1 B_11 137 0 20
3 B_12 140 0 21
3 B_13 143 0 22
2 B_14 145 0 23
3 B_15 148 0 24
2 B_16 150 0 25
3 B_17 153 0 26
2 B_18 155 0 27
3 B_19 158 0 28
3 B_20 161 0 29
3 B_21 164 0 30
1 B_22 165 0 31
3 B_23 168 0 32
2 B_24 170 0 33
4 B_25 174 0 34
3 B_26 177 0 35
3 A_9 180 0 36
1 A_10 181 0 37
3 A_11 184 0 38
1 A_12 185 0 39
1 A_13 186 0 40
1 A_14 187 0 41
3 A_15 190 0 42
1 A_16 191 0 43
3 A_17 194 0 44
4 A_18 198 0 45
2 A_19 200 0 46
1 A_20 201 0 47
2 A_21 203 0 48
4 A_22 207 0 49
4 B_27 211 0 50
2 B_28 213 0 51
3 A_23 216 0 52
4 A_24 220 0 53
3 B_29 223 0 54
1 B_30 224 0 55
2 B_31 226 0 56
2 B_32 228 0 57
1 B_33 229 0 58
1 B_34 230 0 59
3 B_35 233 0 60
4 B_36 237 0 61
1 B_37 238 0 62
1 B_38 239 0 63
1 B_39 240 0 64
3 A_25 243 0 65
2 A_26 245 0 66
4 A_27 249 0 67
2 A_28 251 0 68
4 A_29 255 0 69
2 A_30 257 0 70
4 A_31 261 0 71
1 A_32 262 0 72
3 A_33 265 0 73
1 A_34 266 0 74
4 A_35 270 0 75
4 A_36 274 0 76
3 A_37 277 0 77
1 A_38 278 0 78
4 A_39 282 0 79
nldp: 282 154.01024999999998 0.014333963394165039
---------------------
in formation_2
pass
---------------------
in formation_3
pass
---------------------
in formation_4
pass
---------------------
in formation_5
pass
---------------------
in formation_6
pass
---------------------
in formation_7
pass
error in formulation  []
