0
0 A_0 81 0 0
7 B_0 88 0 1
4 B_1 92 0 2
5 A_1 97 0 3
4 B_2 101 0 4
2 B_3 103 0 5
4 A_2 107 0 6
6 B_4 113 0 7
7 A_3 120 0 8
5 B_5 125 0 9
5 A_4 130 0 10
3 B_6 133 0 11
3 B_7 136 0 12
4 A_5 140 0 13
6 B_8 146 0 14
6 A_6 152 0 15
3 B_9 155 0 16
4 A_7 159 0 17
4 B_10 163 0 18
2 B_11 165 0 19
5 A_8 170 0 20
7 B_12 177 0 21
3 B_13 180 0 22
5 A_9 185 0 23
3 B_14 188 0 24
4 B_15 192 0 25
6 A_10 198 0 26
3 A_11 201 0 27
2 A_12 203 0 28
6 B_16 209 0 29
1 B_17 210 0 30
4 A_13 214 0 31
5 B_18 219 0 32
7 A_14 226 0 33
4 B_19 230 0 34
4 A_15 234 0 35
4 A_16 238 0 36
3 A_17 241 0 37
4 A_18 245 0 38
3 A_19 248 0 39
No lane change: 248 150.55425000000008 6.198883056640625e-05
---------------------
in formation_2
pass
---------------------
in formation_3
pass
---------------------
in formation_4
pass
---------------------
in formation_5
pass
---------------------
in formation_6
pass
---------------------
in formation_7
pass
error in formulation  []
