1
0 B_0 81 0 0
3 B_1 84 0 1
3 A_0 87 1 2
2 B_2 90 0 3
5 A_1 95 1 4
4 A_2 99 1 5
3 B_3 102 0 6
3 A_3 105 0 7
3 B_4 108 1 8
5 A_4 113 0 9
5 A_5 118 0 10
6 A_6 124 0 11
6 B_5 130 1 12
5 A_7 135 0 13
3 B_6 138 1 14
1 A_8 139 0 15
1 A_9 140 0 16
4 B_7 144 1 17
5 A_10 149 0 18
2 B_8 151 1 19
2 A_11 153 0 20
2 B_9 155 1 21
5 A_12 160 0 22
3 B_10 163 0 23
5 B_11 168 0 24
5 B_12 173 0 25
3 B_13 176 0 26
3 A_13 179 1 27
2 A_14 181 1 28
2 B_14 183 0 29
2 B_15 185 0 30
4 B_16 189 0 31
6 A_15 195 1 32
5 B_17 200 0 33
1 A_16 201 1 34
3 B_18 204 0 35
6 B_19 210 0 36
4 A_17 214 1 37
5 A_18 219 1 38
2 A_19 221 1 39
greedy: 221
---------------------
in formation_2
pass
---------------------
in formation_3
pass
---------------------
in formation_4
pass
---------------------
in formation_5
pass
---------------------
in formation_6
pass
---------------------
in formation_7
pass
error in formulation  []
