2
[2, 2, 0, 0, 0, 3, 0, 2, 2, 2, 2, 1, 2, 2, 2, 2, 1, 3, 0, 3, 0, 3, 0, 0, 0, 0, 0, 2, 2, 2, 2, 2, 0, 0, 0, 0, 3, 0, 0, 0]
0 B_0 81 0 0
3 B_1 84 0 1
5 A_0 89 0 2
2 A_1 91 0 3
4 A_2 95 0 4
1 B_2 96 1 5
4 A_3 100 0 6
3 B_3 103 0 7
2 B_4 105 0 8
1 B_5 106 0 9
1 B_6 107 0 10
2 A_4 109 1 11
2 B_7 111 0 12
4 B_8 115 0 13
3 B_9 118 0 14
3 B_10 121 0 15
1 A_5 122 1 16
4 B_11 126 1 17
3 A_6 129 0 18
4 B_12 133 1 19
5 A_7 138 0 20
1 B_13 139 1 21
4 A_8 143 0 22
1 A_9 144 0 23
2 A_10 146 0 24
1 A_11 147 0 25
5 A_12 152 0 26
8 B_14 160 0 27
2 B_15 162 0 28
4 B_16 166 0 29
4 B_17 170 0 30
2 B_18 172 0 31
5 A_13 177 0 32
2 A_14 179 0 33
2 A_15 181 0 34
2 A_16 183 0 35
1 B_19 184 1 36
4 A_17 188 0 37
5 A_18 193 0 38
2 A_19 195 0 39
dp: 195
---------------------
in formation_2
pass
---------------------
in formation_3
pass
---------------------
in formation_4
pass
---------------------
in formation_5
pass
---------------------
in formation_6
pass
---------------------
in formation_7
pass
error in formulation  []
