3
0 A_0 83 0 0
2 A_1 85 0 1
4 A_2 89 0 2
5 A_3 94 0 3
4 B_0 98 0 4
3 B_1 101 0 5
5 B_2 106 0 6
3 B_3 109 0 7
2 B_4 111 0 8
1 B_5 112 0 9
1 B_6 113 0 10
5 A_4 118 0 11
5 A_5 123 0 12
3 B_7 126 0 13
4 A_6 130 0 14
4 B_8 134 0 15
3 B_9 137 0 16
3 B_10 140 0 17
5 B_11 145 0 18
5 B_12 150 0 19
3 B_13 153 0 20
3 A_7 156 0 21
6 A_8 162 0 22
1 A_9 163 0 23
2 A_10 165 0 24
1 A_11 166 0 25
5 A_12 171 0 26
5 A_13 176 0 27
2 A_14 178 0 28
2 A_15 180 0 29
2 A_16 182 0 30
4 A_17 186 0 31
3 B_14 189 0 32
2 B_15 191 0 33
3 A_18 194 0 34
2 A_19 196 0 35
4 B_16 200 0 36
4 B_17 204 0 37
2 B_18 206 0 38
6 B_19 212 0 39
nldp: 212
---------------------
in formation_2
pass
---------------------
in formation_3
pass
---------------------
in formation_4
pass
---------------------
in formation_5
pass
---------------------
in formation_6
pass
---------------------
in formation_7
pass
error in formulation  []
