0
0 A_0 82 0 0
7 B_0 89 0 1
2 B_1 91 0 2
4 A_1 95 0 3
3 A_2 98 0 4
4 B_2 102 0 5
3 B_3 105 0 6
4 A_3 109 0 7
6 B_4 115 0 8
3 B_5 118 0 9
3 A_4 121 0 10
3 B_6 124 0 11
2 B_7 126 0 12
4 A_5 130 0 13
4 A_6 134 0 14
6 B_8 140 0 15
3 B_9 143 0 16
2 B_10 145 0 17
4 A_7 149 0 18
3 B_11 152 0 19
2 B_12 154 0 20
5 A_8 159 0 21
5 B_13 164 0 22
6 A_9 170 0 23
2 A_10 172 0 24
4 B_14 176 0 25
6 A_11 182 0 26
4 B_15 186 0 27
4 A_12 190 0 28
5 B_16 195 0 29
5 A_13 200 0 30
4 B_17 204 0 31
2 B_18 206 0 32
7 A_14 213 0 33
1 A_15 214 0 34
3 B_19 217 0 35
4 B_20 221 0 36
4 A_16 225 0 37
3 A_17 228 0 38
6 B_21 234 0 39
7 A_18 241 0 40
7 B_22 248 0 41
1 B_23 249 0 42
7 A_19 256 0 43
4 B_24 260 0 44
2 B_25 262 0 45
2 B_26 264 0 46
2 B_27 266 0 47
5 A_20 271 0 48
4 A_21 275 0 49
7 B_28 282 0 50
6 A_22 288 0 51
6 B_29 294 0 52
2 B_30 296 0 53
4 A_23 300 0 54
5 B_31 305 0 55
1 B_32 306 0 56
1 B_33 307 0 57
4 A_24 311 0 58
3 A_25 314 0 59
5 B_34 319 0 60
5 A_26 324 0 61
2 A_27 326 0 62
2 A_28 328 0 63
4 B_35 332 0 64
4 A_29 336 0 65
5 B_36 341 0 66
5 A_30 346 0 67
3 A_31 349 0 68
2 A_32 351 0 69
1 A_33 352 0 70
4 B_37 356 0 71
5 A_34 361 0 72
1 A_35 362 0 73
7 B_38 369 0 74
1 B_39 370 0 75
6 A_36 376 0 76
4 A_37 380 0 77
2 A_38 382 0 78
2 A_39 384 0 79
No lane change: 384 185.86825000000002 0.00010800361633300781
---------------------
in formation_2
pass
---------------------
in formation_3
pass
---------------------
in formation_4
pass
---------------------
in formation_5
pass
---------------------
in formation_6
pass
---------------------
in formation_7
pass
error in formulation  []
