1
0 A_0 82 0 0
4 B_0 86 1 1
2 B_1 88 1 2
1 A_1 89 0 3
3 A_2 92 0 4
1 B_2 93 1 5
3 B_3 96 1 6
1 A_3 97 0 7
4 B_4 101 1 8
3 B_5 104 1 9
3 A_4 107 1 10
3 B_6 110 1 11
2 B_7 112 1 12
1 A_5 113 0 13
4 A_6 117 0 14
4 B_8 121 1 15
3 B_9 124 1 16
2 B_10 126 1 17
2 A_7 128 0 18
3 B_11 131 0 19
2 B_12 133 0 20
2 A_8 135 1 21
2 B_13 137 0 22
3 A_9 140 1 23
2 A_10 142 1 24
2 B_14 144 0 25
4 A_11 148 1 26
2 B_15 150 0 27
2 A_12 152 1 28
2 B_16 154 0 29
3 A_13 157 1 30
1 B_17 158 0 31
2 B_18 160 0 32
4 A_14 164 1 33
1 A_15 165 1 34
3 B_19 168 1 35
4 B_20 172 1 36
1 A_16 173 0 37
3 A_17 176 0 38
4 B_21 180 1 39
4 A_18 184 0 40
4 B_22 188 1 41
1 B_23 189 1 42
4 A_19 193 0 43
2 B_24 195 1 44
2 B_25 197 1 45
2 B_26 199 1 46
2 B_27 201 1 47
3 A_20 204 0 48
4 A_21 208 0 49
4 B_28 212 1 50
4 A_22 216 0 51
4 B_29 220 1 52
2 B_30 222 1 53
1 A_23 223 0 54
3 B_31 226 1 55
1 B_32 227 1 56
1 B_33 228 1 57
2 A_24 230 0 58
3 A_25 233 0 59
2 B_34 235 1 60
3 A_26 238 0 61
2 A_27 240 0 62
2 A_28 242 0 63
2 B_35 244 1 64
1 A_29 245 0 65
2 B_36 247 1 66
2 A_30 249 0 67
3 A_31 252 0 68
2 A_32 254 0 69
1 A_33 255 0 70
2 B_37 257 1 71
3 A_34 260 0 72
1 A_35 261 0 73
4 B_38 265 1 74
1 B_39 266 1 75
3 A_36 269 0 76
4 A_37 273 0 77
2 A_38 275 0 78
2 A_39 277 0 79
greedy: 277 130.95574999999997 0.0003619194030761719
---------------------
in formation_2
pass
---------------------
in formation_3
pass
---------------------
in formation_4
pass
---------------------
in formation_5
pass
---------------------
in formation_6
pass
---------------------
in formation_7
pass
error in formulation  []
