2
[1, 2, 2, 2, 2, 2, 2, 0, 0, 2, 2, 0, 0, 0, 0, 2, 2, 2, 2, 2, 2, 2, 2, 0, 0, 0, 0, 0, 0, 0, 0, 0, 0, 0, 0, 0, 0, 0, 0, 0, 2, 2, 2, 2, 0, 0, 0, 0, 0, 2, 2, 0, 0, 0, 0, 0, 0, 0, 0, 0, 0, 0, 2, 2, 2, 2, 2, 2, 2, 2, 2, 2, 2, 2, 2, 2, 2, 2, 2, 2]
0 A_0 82 1 0
4 B_0 86 0 1
2 B_1 88 0 2
2 B_2 90 0 3
3 B_3 93 0 4
2 B_4 95 0 5
3 B_5 98 0 6
4 A_1 102 0 7
3 A_2 105 0 8
4 B_6 109 0 9
2 B_7 111 0 10
3 A_3 114 0 11
2 A_4 116 0 12
2 A_5 118 0 13
4 A_6 122 0 14
6 B_8 128 0 15
3 B_9 131 0 16
2 B_10 133 0 17
1 B_11 134 0 18
2 B_12 136 0 19
1 B_13 137 0 20
3 B_14 140 0 21
3 B_15 143 0 22
4 A_7 147 0 23
1 A_8 148 0 24
1 A_9 149 0 25
2 A_10 151 0 26
4 A_11 155 0 27
2 A_12 157 0 28
3 A_13 160 0 29
3 A_14 163 0 30
1 A_15 164 0 31
3 A_16 167 0 32
3 A_17 170 0 33
4 A_18 174 0 34
4 A_19 178 0 35
3 A_20 181 0 36
4 A_21 185 0 37
4 A_22 189 0 38
3 A_23 192 0 39
3 B_16 195 0 40
1 B_17 196 0 41
2 B_18 198 0 42
4 B_19 202 0 43
3 A_24 205 0 44
3 A_25 208 0 45
3 A_26 211 0 46
2 A_27 213 0 47
2 A_28 215 0 48
4 B_20 219 0 49
4 B_21 223 0 50
3 A_29 226 0 51
1 A_30 227 0 52
3 A_31 230 0 53
2 A_32 232 0 54
1 A_33 233 0 55
2 A_34 235 0 56
1 A_35 236 0 57
4 A_36 240 0 58
4 A_37 244 0 59
2 A_38 246 0 60
2 A_39 248 0 61
4 B_22 252 0 62
1 B_23 253 0 63
2 B_24 255 0 64
2 B_25 257 0 65
2 B_26 259 0 66
2 B_27 261 0 67
3 B_28 264 0 68
1 B_29 265 0 69
2 B_30 267 0 70
3 B_31 270 0 71
1 B_32 271 0 72
1 B_33 272 0 73
1 B_34 273 0 74
2 B_35 275 0 75
2 B_36 277 0 76
3 B_37 280 0 77
4 B_38 284 0 78
1 B_39 285 0 79
dp: 285 138.69325000000006 0.045205116271972656
---------------------
in formation_2
pass
---------------------
in formation_3
pass
---------------------
in formation_4
pass
---------------------
in formation_5
pass
---------------------
in formation_6
pass
---------------------
in formation_7
pass
error in formulation  []
