3
0 A_0 82 0 0
4 A_1 86 0 1
3 A_2 89 0 2
5 B_0 94 0 3
2 B_1 96 0 4
2 B_2 98 0 5
3 B_3 101 0 6
2 B_4 103 0 7
3 B_5 106 0 8
4 B_6 110 0 9
2 B_7 112 0 10
4 B_8 116 0 11
3 A_3 119 0 12
2 A_4 121 0 13
2 A_5 123 0 14
3 B_9 126 0 15
2 B_10 128 0 16
1 B_11 129 0 17
2 B_12 131 0 18
1 B_13 132 0 19
3 B_14 135 0 20
3 B_15 138 0 21
5 A_6 143 0 22
3 B_16 146 0 23
1 B_17 147 0 24
2 B_18 149 0 25
4 A_7 153 0 26
1 A_8 154 0 27
1 A_9 155 0 28
2 A_10 157 0 29
4 A_11 161 0 30
2 A_12 163 0 31
3 A_13 166 0 32
3 A_14 169 0 33
1 A_15 170 0 34
3 B_19 173 0 35
3 A_16 176 0 36
3 A_17 179 0 37
4 A_18 183 0 38
4 A_19 187 0 39
3 A_20 190 0 40
4 A_21 194 0 41
4 A_22 198 0 42
3 A_23 201 0 43
3 B_20 204 0 44
3 A_24 207 0 45
3 A_25 210 0 46
3 A_26 213 0 47
2 A_27 215 0 48
2 A_28 217 0 49
3 B_21 220 0 50
3 A_29 223 0 51
1 A_30 224 0 52
3 A_31 227 0 53
2 A_32 229 0 54
1 A_33 230 0 55
2 A_34 232 0 56
1 A_35 233 0 57
3 B_22 236 0 58
1 B_23 237 0 59
3 A_36 240 0 60
4 A_37 244 0 61
2 A_38 246 0 62
2 A_39 248 0 63
4 B_24 252 0 64
2 B_25 254 0 65
2 B_26 256 0 66
2 B_27 258 0 67
3 B_28 261 0 68
1 B_29 262 0 69
2 B_30 264 0 70
3 B_31 267 0 71
1 B_32 268 0 72
1 B_33 269 0 73
1 B_34 270 0 74
2 B_35 272 0 75
2 B_36 274 0 76
3 B_37 277 0 77
4 B_38 281 0 78
1 B_39 282 0 79
nldp: 282 136.79325000000006 0.007833719253540039
---------------------
in formation_2
pass
---------------------
in formation_3
pass
---------------------
in formation_4
pass
---------------------
in formation_5
pass
---------------------
in formation_6
pass
---------------------
in formation_7
pass
error in formulation  []
