0
0 B_0 84 0 0
10 A_0 94 0 1
1 A_1 95 0 2
3 A_2 98 0 3
5 B_1 103 0 4
4 B_2 107 0 5
8 A_3 115 0 6
10 B_3 125 0 7
8 A_4 133 0 8
5 A_5 138 0 9
7 B_4 145 0 10
4 B_5 149 0 11
2 B_6 151 0 12
6 A_6 157 0 13
4 B_7 161 0 14
5 B_8 166 0 15
7 A_7 173 0 16
7 B_9 180 0 17
10 A_8 190 0 18
8 B_10 198 0 19
8 A_9 206 0 20
8 B_11 214 0 21
6 B_12 220 0 22
5 B_13 225 0 23
2 B_14 227 0 24
1 B_15 228 0 25
6 B_16 234 0 26
2 B_17 236 0 27
5 A_10 241 0 28
5 A_11 246 0 29
8 B_18 254 0 30
8 A_12 262 0 31
3 B_19 265 0 32
8 A_13 273 0 33
9 B_20 282 0 34
4 B_21 286 0 35
2 B_22 288 0 36
6 B_23 294 0 37
5 B_24 299 0 38
5 A_14 304 0 39
2 A_15 306 0 40
2 A_16 308 0 41
6 B_25 314 0 42
6 A_17 320 0 43
2 A_18 322 0 44
6 B_26 328 0 45
4 B_27 332 0 46
4 B_28 336 0 47
5 A_19 341 0 48
3 B_29 344 0 49
6 A_20 350 0 50
8 B_30 358 0 51
5 A_21 363 0 52
4 A_22 367 0 53
2 A_23 369 0 54
9 B_31 378 0 55
3 B_32 381 0 56
9 A_24 390 0 57
1 A_25 391 0 58
5 A_26 396 0 59
2 A_27 398 0 60
7 B_33 405 0 61
5 B_34 410 0 62
8 A_28 418 0 63
7 B_35 425 0 64
2 B_36 427 0 65
4 B_37 431 0 66
6 B_38 437 0 67
5 A_29 442 0 68
6 B_39 448 0 69
5 A_30 453 0 70
5 B_40 458 0 71
7 A_31 465 0 72
4 B_41 469 0 73
3 B_42 472 0 74
4 A_32 476 0 75
4 B_43 480 0 76
4 A_33 484 0 77
4 A_34 488 0 78
3 B_44 491 0 79
8 A_35 499 0 80
5 B_45 504 0 81
3 A_36 507 0 82
5 A_37 512 0 83
1 A_38 513 0 84
7 B_46 520 0 85
8 A_39 528 0 86
1 A_40 529 0 87
4 A_41 533 0 88
10 B_47 543 0 89
5 A_42 548 0 90
4 A_43 552 0 91
2 A_44 554 0 92
8 B_48 562 0 93
3 B_49 565 0 94
3 B_50 568 0 95
5 A_45 573 0 96
6 B_51 579 0 97
6 B_52 585 0 98
8 A_46 593 0 99
7 B_53 600 0 100
6 B_54 606 0 101
2 B_55 608 0 102
8 A_47 616 0 103
1 A_48 617 0 104
7 B_56 624 0 105
5 A_49 629 0 106
5 A_50 634 0 107
5 B_57 639 0 108
7 A_51 646 0 109
10 B_58 656 0 110
8 A_52 664 0 111
4 A_53 668 0 112
1 A_54 669 0 113
7 B_59 676 0 114
6 A_55 682 0 115
5 A_56 687 0 116
4 A_57 691 0 117
1 A_58 692 0 118
2 A_59 694 0 119
No lane change: 694
---------------------
in formation_2
pass
---------------------
in formation_3
pass
---------------------
in formation_4
pass
---------------------
in formation_5
pass
---------------------
in formation_6
pass
---------------------
in formation_7
pass
error in formulation  []
