1
0 B_0 84 0 0
6 A_0 90 1 1
1 A_1 92 1 2
3 A_2 96 1 3
1 B_1 100 0 4
4 B_2 104 0 5
4 A_3 108 1 6
6 B_3 114 0 7
6 A_4 120 1 8
5 A_5 125 1 9
4 B_4 129 0 10
4 B_5 133 0 11
2 B_6 135 0 12
3 A_6 138 1 13
2 B_7 140 0 14
5 B_8 145 0 15
3 A_7 148 1 16
5 B_9 153 0 17
6 A_8 159 1 18
5 B_10 164 0 19
6 A_9 170 1 20
5 B_11 175 0 21
6 B_12 181 0 22
5 B_13 186 0 23
2 B_14 188 0 24
1 B_15 189 0 25
6 B_16 195 0 26
2 B_17 197 0 27
2 A_10 199 1 28
5 A_11 204 1 29
6 B_18 210 0 30
6 A_12 216 1 31
3 B_19 219 1 32
6 A_13 225 0 33
5 B_20 230 1 34
4 B_21 234 1 35
2 B_22 236 1 36
6 B_23 242 1 37
5 B_24 247 1 38
3 A_14 250 0 39
2 A_15 252 0 40
2 A_16 254 0 41
2 B_25 256 1 42
4 A_17 260 0 43
2 A_18 262 0 44
4 B_26 266 1 45
4 B_27 270 1 46
4 B_28 274 1 47
2 A_19 276 0 48
3 B_29 279 0 49
4 A_20 283 1 50
5 B_30 288 0 51
3 A_21 291 1 52
4 A_22 295 1 53
2 A_23 297 1 54
6 B_31 303 0 55
3 B_32 306 0 56
5 A_24 311 1 57
1 A_25 312 1 58
5 A_26 317 1 59
2 A_27 319 1 60
5 B_33 324 0 61
5 B_34 329 0 62
5 A_28 334 1 63
5 B_35 339 0 64
2 B_36 341 0 65
4 B_37 345 0 66
6 B_38 351 0 67
1 A_29 352 1 68
3 B_39 355 0 69
1 A_30 356 1 70
1 B_40 357 0 71
5 A_31 362 1 72
1 B_41 363 0 73
3 B_42 366 0 74
1 A_32 367 1 75
1 B_43 368 0 76
1 A_33 369 1 77
4 A_34 373 1 78
3 B_44 376 1 79
6 A_35 382 0 80
3 B_45 385 1 81
3 A_36 388 1 82
5 A_37 393 1 83
1 A_38 394 1 84
3 B_46 397 0 85
5 A_39 402 1 86
1 A_40 403 1 87
4 A_41 407 1 88
6 B_47 413 0 89
1 A_42 414 1 90
4 A_43 418 1 91
2 A_44 420 1 92
6 B_48 426 0 93
3 B_49 429 0 94
3 B_50 432 0 95
2 A_45 434 1 96
4 B_51 438 0 97
6 B_52 444 0 98
4 A_46 448 1 99
5 B_53 453 0 100
6 B_54 459 0 101
2 B_55 461 0 102
6 A_47 467 1 103
1 A_48 468 1 104
4 B_56 472 0 105
2 A_49 474 1 106
5 A_50 479 1 107
1 B_57 480 0 108
5 A_51 485 1 109
6 B_58 491 0 110
6 A_52 497 1 111
4 A_53 501 1 112
1 A_54 502 1 113
5 B_59 507 0 114
2 A_55 509 1 115
5 A_56 514 1 116
4 A_57 518 1 117
1 A_58 519 1 118
2 A_59 521 1 119
greedy: 521
---------------------
in formation_2
pass
---------------------
in formation_3
pass
---------------------
in formation_4
pass
---------------------
in formation_5
pass
---------------------
in formation_6
pass
---------------------
in formation_7
pass
error in formulation  []
