2
[0, 2, 2, 2, 2, 2, 2, 2, 2, 0, 0, 3, 0, 0, 0, 0, 0, 0, 0, 0, 0, 0, 0, 0, 0, 0, 0, 0, 0, 0, 0, 2, 2, 2, 2, 2, 2, 2, 2, 2, 2, 2, 2, 2, 2, 2, 2, 2, 2, 2, 2, 2, 2, 2, 2, 2, 2, 2, 2, 2, 2, 2, 2, 2, 2, 2, 0, 0, 0, 2, 2, 2, 2, 2, 2, 2, 2, 2, 2, 2, 2, 2, 2, 2, 2, 0, 0, 0, 0, 0, 0, 0, 0, 0, 0, 0, 0, 0, 0, 0, 0, 0, 0, 0, 0, 0, 0, 0, 0, 0, 0, 0, 0, 0, 0, 0, 0, 0, 0, 0]
0 A_0 84 0 0
3 B_0 87 0 1
2 B_1 89 0 2
3 B_2 92 0 3
1 B_3 93 0 4
1 B_4 94 0 5
3 B_5 97 0 6
1 B_6 98 0 7
2 B_7 100 0 8
3 A_1 103 0 9
2 A_2 105 0 10
2 B_8 107 1 11
2 A_3 109 0 12
2 A_4 111 0 13
4 A_5 115 0 14
3 A_6 118 0 15
2 A_7 120 0 16
4 A_8 124 0 17
2 A_9 126 0 18
3 A_10 129 0 19
3 A_11 132 0 20
4 A_12 136 0 21
2 A_13 138 0 22
3 A_14 141 0 23
2 A_15 143 0 24
1 A_16 144 0 25
4 A_17 148 0 26
3 A_18 151 0 27
2 A_19 153 0 28
3 A_20 156 0 29
2 A_21 158 0 30
6 B_9 164 0 31
3 B_10 167 0 32
3 B_11 170 0 33
3 B_12 173 0 34
2 B_13 175 0 35
1 B_14 176 0 36
1 B_15 177 0 37
3 B_16 180 0 38
1 B_17 181 0 39
2 B_18 183 0 40
3 B_19 186 0 41
2 B_20 188 0 42
4 B_21 192 0 43
3 B_22 195 0 44
1 B_23 196 0 45
1 B_24 197 0 46
3 B_25 200 0 47
3 B_26 203 0 48
1 B_27 204 0 49
4 B_28 208 0 50
4 B_29 212 0 51
3 B_30 215 0 52
3 B_31 218 0 53
2 B_32 220 0 54
1 B_33 221 0 55
2 B_34 223 0 56
1 B_35 224 0 57
3 B_36 227 0 58
4 B_37 231 0 59
2 B_38 233 0 60
1 B_39 234 0 61
1 B_40 235 0 62
4 B_41 239 0 63
1 B_42 240 0 64
1 B_43 241 0 65
3 A_22 244 0 66
3 A_23 247 0 67
1 A_24 248 0 68
3 B_44 251 0 69
2 B_45 253 0 70
3 B_46 256 0 71
3 B_47 259 0 72
3 B_48 262 0 73
2 B_49 264 0 74
1 B_50 265 0 75
1 B_51 266 0 76
3 B_52 269 0 77
1 B_53 270 0 78
1 B_54 271 0 79
3 B_55 274 0 80
1 B_56 275 0 81
3 B_57 278 0 82
3 B_58 281 0 83
2 B_59 283 0 84
3 A_25 286 0 85
1 A_26 287 0 86
3 A_27 290 0 87
4 A_28 294 0 88
3 A_29 297 0 89
3 A_30 300 0 90
3 A_31 303 0 91
2 A_32 305 0 92
3 A_33 308 0 93
2 A_34 310 0 94
2 A_35 312 0 95
2 A_36 314 0 96
2 A_37 316 0 97
1 A_38 317 0 98
1 A_39 318 0 99
3 A_40 321 0 100
4 A_41 325 0 101
4 A_42 329 0 102
1 A_43 330 0 103
1 A_44 331 0 104
4 A_45 335 0 105
3 A_46 338 0 106
4 A_47 342 0 107
3 A_48 345 0 108
1 A_49 346 0 109
1 A_50 347 0 110
1 A_51 348 0 111
4 A_52 352 0 112
1 A_53 353 0 113
1 A_54 354 0 114
3 A_55 357 0 115
1 A_56 358 0 116
1 A_57 359 0 117
1 A_58 360 0 118
2 A_59 362 0 119
dp: 362 151.468 0.12124395370483398
---------------------
in formation_2
pass
---------------------
in formation_3
pass
---------------------
in formation_4
pass
---------------------
in formation_5
pass
---------------------
in formation_6
pass
---------------------
in formation_7
pass
error in formulation  []
