3
0 B_0 84 0 0
4 B_1 88 0 1
4 B_2 92 0 2
5 B_3 97 0 3
6 B_4 103 0 4
4 A_0 107 0 5
1 A_1 108 0 6
3 A_2 111 0 7
2 A_3 113 0 8
1 A_4 114 0 9
3 B_5 117 0 10
2 B_6 119 0 11
1 B_7 120 0 12
5 B_8 125 0 13
4 A_5 129 0 14
5 B_9 134 0 15
1 B_10 135 0 16
5 B_11 140 0 17
4 A_6 144 0 18
1 A_7 145 0 19
5 B_12 150 0 20
5 B_13 155 0 21
2 B_14 157 0 22
1 B_15 158 0 23
5 A_8 163 0 24
4 A_9 167 0 25
1 A_10 168 0 26
4 B_16 172 0 27
2 B_17 174 0 28
3 B_18 177 0 29
3 B_19 180 0 30
5 B_20 185 0 31
4 B_21 189 0 32
2 B_22 191 0 33
6 B_23 197 0 34
5 B_24 202 0 35
5 B_25 207 0 36
6 B_26 213 0 37
4 B_27 217 0 38
4 B_28 221 0 39
6 B_29 227 0 40
2 B_30 229 0 41
2 B_31 231 0 42
3 B_32 234 0 43
3 B_33 237 0 44
4 A_11 241 0 45
1 A_12 242 0 46
4 B_34 246 0 47
4 B_35 250 0 48
2 B_36 252 0 49
4 B_37 256 0 50
4 A_13 260 0 51
5 B_38 265 0 52
2 B_39 267 0 53
4 B_40 271 0 54
3 A_14 274 0 55
2 A_15 276 0 56
2 A_16 278 0 57
6 A_17 284 0 58
2 A_18 286 0 59
1 A_19 287 0 60
1 A_20 288 0 61
2 A_21 290 0 62
4 A_22 294 0 63
2 A_23 296 0 64
3 B_41 299 0 65
3 B_42 302 0 66
4 B_43 306 0 67
3 B_44 309 0 68
2 B_45 311 0 69
4 A_24 315 0 70
1 A_25 316 0 71
5 A_26 321 0 72
2 A_27 323 0 73
3 A_28 326 0 74
1 A_29 327 0 75
3 A_30 330 0 76
2 A_31 332 0 77
4 A_32 336 0 78
3 A_33 339 0 79
4 A_34 343 0 80
4 B_46 347 0 81
2 B_47 349 0 82
4 B_48 353 0 83
3 B_49 356 0 84
3 B_50 359 0 85
4 A_35 363 0 86
3 A_36 366 0 87
6 B_51 372 0 88
3 A_37 375 0 89
1 A_38 376 0 90
7 B_52 383 0 91
2 B_53 385 0 92
4 A_39 389 0 93
1 A_40 390 0 94
3 B_54 393 0 95
2 B_55 395 0 96
4 A_41 399 0 97
4 A_42 403 0 98
4 A_43 407 0 99
2 A_44 409 0 100
4 A_45 413 0 101
5 B_56 418 0 102
4 A_46 422 0 103
3 A_47 425 0 104
1 A_48 426 0 105
2 A_49 428 0 106
5 A_50 433 0 107
5 A_51 438 0 108
2 A_52 440 0 109
4 B_57 444 0 110
4 A_53 448 0 111
1 A_54 449 0 112
4 A_55 453 0 113
5 A_56 458 0 114
4 A_57 462 0 115
1 A_58 463 0 116
2 A_59 465 0 117
4 B_58 469 0 118
4 B_59 473 0 119
nldp: 473
---------------------
in formation_2
pass
---------------------
in formation_3
pass
---------------------
in formation_4
pass
---------------------
in formation_5
pass
---------------------
in formation_6
pass
---------------------
in formation_7
pass
error in formulation  []
