0
0 A_0 81 0 0
7 B_0 88 0 1
5 A_1 93 0 2
4 B_1 97 0 3
1 B_2 98 0 4
5 A_2 103 0 5
1 A_3 104 0 6
4 A_4 108 0 7
4 B_3 112 0 8
4 B_4 116 0 9
1 B_5 117 0 10
3 B_6 120 0 11
6 A_5 126 0 12
4 B_7 130 0 13
3 A_6 133 0 14
4 B_8 137 0 15
3 B_9 140 0 16
7 A_7 147 0 17
6 B_10 153 0 18
4 A_8 157 0 19
4 A_9 161 0 20
6 B_11 167 0 21
1 B_12 168 0 22
2 B_13 170 0 23
3 B_14 173 0 24
3 A_10 176 0 25
7 B_15 183 0 26
3 B_16 186 0 27
4 B_17 190 0 28
4 A_11 194 0 29
4 A_12 198 0 30
5 B_18 203 0 31
6 A_13 209 0 32
2 A_14 211 0 33
4 B_19 215 0 34
3 A_15 218 0 35
3 A_16 221 0 36
4 A_17 225 0 37
4 A_18 229 0 38
2 A_19 231 0 39
No lane change: 231 139.10825000000006 8.559226989746094e-05
---------------------
in formation_2
pass
---------------------
in formation_3
pass
---------------------
in formation_4
pass
---------------------
in formation_5
pass
---------------------
in formation_6
pass
---------------------
in formation_7
pass
error in formulation  []
