1
0 A_0 81 0 0
4 B_0 85 1 1
2 A_1 87 0 2
1 B_1 88 1 3
1 B_2 89 1 4
3 A_2 92 0 5
1 A_3 93 0 6
4 A_4 97 0 7
2 B_3 99 1 8
4 B_4 103 1 9
1 B_5 104 1 10
3 B_6 107 1 11
3 A_5 110 0 12
2 B_7 112 1 13
3 A_6 115 1 14
2 B_8 117 0 15
3 B_9 120 0 16
4 A_7 124 1 17
4 B_10 128 0 18
1 A_8 129 1 19
4 A_9 133 1 20
4 B_11 137 0 21
1 B_12 138 0 22
2 B_13 140 0 23
3 B_14 143 0 24
3 A_10 146 0 25
4 B_15 150 1 26
3 B_16 153 1 27
4 B_17 157 1 28
2 A_11 159 0 29
4 A_12 163 0 30
2 B_18 165 1 31
3 A_13 168 0 32
2 A_14 170 0 33
2 B_19 172 1 34
3 A_15 175 1 35
3 A_16 178 1 36
4 A_17 182 1 37
4 A_18 186 1 38
2 A_19 188 1 39
greedy: 188 113.98325000000007 0.00024175643920898438
---------------------
in formation_2
pass
---------------------
in formation_3
pass
---------------------
in formation_4
pass
---------------------
in formation_5
pass
---------------------
in formation_6
pass
---------------------
in formation_7
pass
error in formulation  []
