2
[2, 2, 2, 2, 2, 2, 2, 0, 0, 0, 0, 0, 0, 0, 0, 2, 2, 2, 2, 2, 2, 2, 2, 0, 3, 0, 0, 0, 0, 0, 0, 2, 2, 2, 2, 0, 0, 0, 0, 0]
0 B_0 81 0 0
4 B_1 85 0 1
1 B_2 86 0 2
2 B_3 88 0 3
4 B_4 92 0 4
1 B_5 93 0 5
3 B_6 96 0 6
4 A_0 100 0 7
2 A_1 102 0 8
2 A_2 104 0 9
1 A_3 105 0 10
4 A_4 109 0 11
2 A_5 111 0 12
2 A_6 113 0 13
1 A_7 114 0 14
4 B_7 118 0 15
4 B_8 122 0 16
3 B_9 125 0 17
3 B_10 128 0 18
3 B_11 131 0 19
1 B_12 132 0 20
2 B_13 134 0 21
3 B_14 137 0 22
3 A_8 140 0 23
2 B_15 142 1 24
2 A_9 144 0 25
2 A_10 146 0 26
1 A_11 147 0 27
4 A_12 151 0 28
1 A_13 152 0 29
2 A_14 154 0 30
6 B_16 160 0 31
4 B_17 164 0 32
2 B_18 166 0 33
2 B_19 168 0 34
3 A_15 171 0 35
3 A_16 174 0 36
4 A_17 178 0 37
4 A_18 182 0 38
2 A_19 184 0 39
dp: 184 112.63325000000005 0.018554210662841797
---------------------
in formation_2
pass
---------------------
in formation_3
pass
---------------------
in formation_4
pass
---------------------
in formation_5
pass
---------------------
in formation_6
pass
---------------------
in formation_7
pass
error in formulation  []
