3
0 B_0 81 0 0
4 B_1 85 0 1
1 B_2 86 0 2
2 B_3 88 0 3
4 B_4 92 0 4
1 B_5 93 0 5
3 B_6 96 0 6
4 A_0 100 0 7
2 A_1 102 0 8
2 A_2 104 0 9
1 A_3 105 0 10
3 B_7 108 0 11
4 A_4 112 0 12
2 A_5 114 0 13
2 A_6 116 0 14
1 A_7 117 0 15
4 A_8 121 0 16
4 A_9 125 0 17
2 A_10 127 0 18
1 A_11 128 0 19
4 B_8 132 0 20
3 B_9 135 0 21
4 A_12 139 0 22
1 A_13 140 0 23
2 A_14 142 0 24
3 B_10 145 0 25
3 B_11 148 0 26
1 B_12 149 0 27
2 B_13 151 0 28
3 B_14 154 0 29
4 B_15 158 0 30
3 B_16 161 0 31
4 B_17 165 0 32
2 B_18 167 0 33
2 B_19 169 0 34
3 A_15 172 0 35
3 A_16 175 0 36
4 A_17 179 0 37
4 A_18 183 0 38
2 A_19 185 0 39
nldp: 185 113.13325000000002 0.003489971160888672
---------------------
in formation_2
pass
---------------------
in formation_3
pass
---------------------
in formation_4
pass
---------------------
in formation_5
pass
---------------------
in formation_6
pass
---------------------
in formation_7
pass
error in formulation  []
