0
0 B_0 81 0 0
5 A_0 86 0 1
3 B_1 89 0 2
7 A_1 96 0 3
4 B_2 100 0 4
1 B_3 101 0 5
4 A_2 105 0 6
3 B_4 108 0 7
5 A_3 113 0 8
1 A_4 114 0 9
3 A_5 117 0 10
5 A_6 122 0 11
5 B_5 127 0 12
4 B_6 131 0 13
6 A_7 137 0 14
9 B_7 146 0 15
4 A_8 150 0 16
9 B_8 159 0 17
5 A_9 164 0 18
5 B_9 169 0 19
7 A_10 176 0 20
10 B_10 186 0 21
3 A_11 189 0 22
6 B_11 195 0 23
4 A_12 199 0 24
1 A_13 200 0 25
5 A_14 205 0 26
8 B_12 213 0 27
4 B_13 217 0 28
3 A_15 220 0 29
6 B_14 226 0 30
8 A_16 234 0 31
5 B_15 239 0 32
4 A_17 243 0 33
1 A_18 244 0 34
6 B_16 250 0 35
2 B_17 252 0 36
5 A_19 257 0 37
6 B_18 263 0 38
8 A_20 271 0 39
2 A_21 273 0 40
6 B_19 279 0 41
10 A_22 289 0 42
2 A_23 291 0 43
8 B_20 299 0 44
1 B_21 300 0 45
6 A_24 306 0 46
5 B_22 311 0 47
2 B_23 313 0 48
7 A_25 320 0 49
6 B_24 326 0 50
9 A_26 335 0 51
7 B_25 342 0 52
4 B_26 346 0 53
7 A_27 353 0 54
6 A_28 359 0 55
5 B_27 364 0 56
4 A_29 368 0 57
6 B_28 374 0 58
6 A_30 380 0 59
9 B_29 389 0 60
1 B_30 390 0 61
7 A_31 397 0 62
9 B_31 406 0 63
7 A_32 413 0 64
6 B_32 419 0 65
5 A_33 424 0 66
5 A_34 429 0 67
1 A_35 430 0 68
5 B_33 435 0 69
4 B_34 439 0 70
3 B_35 442 0 71
1 B_36 443 0 72
3 A_36 446 0 73
4 A_37 450 0 74
8 B_37 458 0 75
7 A_38 465 0 76
8 B_38 473 0 77
4 A_39 477 0 78
4 B_39 481 0 79
No lane change: 481
---------------------
in formation_2
pass
---------------------
in formation_3
pass
---------------------
in formation_4
pass
---------------------
in formation_5
pass
---------------------
in formation_6
pass
---------------------
in formation_7
pass
error in formulation  []
