1
0 A_0 81 0 0
3 B_0 84 1 1
1 B_1 85 1 2
2 B_2 87 1 3
2 B_3 89 1 4
2 A_1 91 0 5
4 A_2 95 0 6
4 B_4 99 1 7
3 A_3 102 1 8
3 B_5 105 1 9
2 A_4 107 0 10
3 B_6 110 1 11
3 A_5 113 1 12
4 A_6 117 1 13
4 B_7 121 0 14
4 A_7 125 1 15
4 B_8 129 0 16
4 A_8 133 1 17
4 B_9 137 0 18
4 A_9 141 1 19
1 B_10 142 0 20
2 A_10 144 1 21
3 B_11 147 0 22
3 A_11 150 1 23
3 B_12 153 0 24
2 B_13 155 0 25
4 B_14 159 0 26
3 B_15 162 0 27
4 B_16 166 0 28
2 A_12 168 1 29
2 B_17 170 0 30
2 A_13 172 1 31
3 B_18 175 0 32
2 A_14 177 1 33
1 B_19 178 0 34
3 A_15 181 1 35
4 B_20 185 0 36
1 A_16 186 1 37
2 A_17 188 1 38
1 B_21 189 0 39
2 B_22 191 0 40
4 A_18 195 1 41
4 B_23 199 0 42
3 A_19 202 1 43
4 B_24 206 0 44
3 B_25 209 0 45
4 B_26 213 0 46
3 A_20 216 1 47
3 B_27 219 0 48
4 A_21 223 1 49
2 B_28 225 0 50
3 A_22 228 1 51
4 A_23 232 1 52
2 B_29 234 0 53
3 A_24 237 0 54
2 B_30 239 1 55
4 A_25 243 0 56
3 B_31 246 1 57
4 A_26 250 0 58
1 B_32 251 1 59
1 A_27 252 0 60
3 B_33 255 1 61
1 A_28 256 0 62
3 B_34 259 0 63
4 A_29 263 1 64
2 B_35 265 0 65
3 A_30 268 1 66
3 B_36 271 1 67
4 A_31 275 0 68
4 A_32 279 0 69
1 A_33 280 0 70
2 B_37 282 1 71
4 A_34 286 0 72
3 A_35 289 0 73
4 A_36 293 0 74
4 A_37 297 0 75
1 B_38 298 1 76
2 A_38 300 0 77
2 B_39 302 1 78
3 A_39 305 0 79
greedy: 305 166.469875 0.0006799697875976562
---------------------
in formation_2
pass
---------------------
in formation_3
pass
---------------------
in formation_4
pass
---------------------
in formation_5
pass
---------------------
in formation_6
pass
---------------------
in formation_7
pass
error in formulation  []
