2
[2, 2, 0, 0, 0, 0, 0, 0, 0, 0, 0, 0, 0, 2, 2, 2, 2, 2, 2, 2, 0, 0, 0, 2, 2, 2, 2, 2, 2, 1, 2, 2, 2, 0, 0, 0, 0, 0, 0, 0, 0, 0, 0, 0, 0, 0, 2, 2, 1, 2, 2, 2, 2, 1, 2, 2, 2, 2, 2, 2, 2, 2, 2, 2, 2, 2, 2, 1, 2, 2, 0, 0, 2, 0, 0, 0, 0, 0, 0, 0]
0 B_0 81 0 0
4 B_1 85 0 1
3 A_0 88 0 2
2 A_1 90 0 3
3 A_2 93 0 4
3 A_3 96 0 5
1 A_4 97 0 6
3 A_5 100 0 7
5 A_6 105 0 8
5 A_7 110 0 9
4 A_8 114 0 10
3 A_9 117 0 11
1 A_10 118 0 12
8 B_2 126 0 13
1 B_3 127 0 14
4 B_4 131 0 15
4 B_5 135 0 16
4 B_6 139 0 17
3 B_7 142 0 18
5 B_8 147 0 19
3 A_11 150 0 20
2 A_12 152 0 21
1 A_13 153 0 22
7 B_9 160 0 23
1 B_10 161 0 24
1 B_11 162 0 25
3 B_12 165 0 26
4 B_13 169 0 27
1 B_14 170 0 28
4 A_14 174 1 29
5 B_15 179 0 30
1 B_16 180 0 31
2 B_17 182 0 32
4 A_15 186 0 33
4 A_16 190 0 34
4 A_17 194 0 35
1 A_18 195 0 36
5 A_19 200 0 37
5 A_20 205 0 38
2 A_21 207 0 39
4 A_22 211 0 40
2 A_23 213 0 41
2 A_24 215 0 42
1 A_25 216 0 43
5 A_26 221 0 44
2 A_27 223 0 45
4 B_18 227 0 46
3 B_19 230 0 47
4 A_28 234 1 48
5 B_20 239 0 49
1 B_21 240 0 50
3 B_22 243 0 51
2 B_23 245 0 52
1 A_29 246 1 53
4 B_24 250 0 54
1 B_25 251 0 55
4 B_26 255 0 56
1 B_27 256 0 57
2 B_28 258 0 58
1 B_29 259 0 59
1 B_30 260 0 60
3 B_31 263 0 61
4 B_32 267 0 62
3 B_33 270 0 63
4 B_34 274 0 64
3 B_35 277 0 65
1 B_36 278 0 66
5 A_30 283 1 67
3 B_37 286 0 68
2 B_38 288 0 69
4 A_31 292 0 70
2 A_32 294 0 71
9 B_39 303 0 72
3 A_33 306 0 73
5 A_34 311 0 74
1 A_35 312 0 75
1 A_36 313 0 76
4 A_37 317 0 77
2 A_38 319 0 78
2 A_39 321 0 79
dp: 321
---------------------
in formation_2
pass
---------------------
in formation_3
pass
---------------------
in formation_4
pass
---------------------
in formation_5
pass
---------------------
in formation_6
pass
---------------------
in formation_7
pass
error in formulation  []
