3
0 B_0 81 0 0
4 B_1 85 0 1
3 B_2 88 0 2
1 B_3 89 0 3
4 A_0 93 0 4
2 A_1 95 0 5
3 A_2 98 0 6
3 A_3 101 0 7
1 A_4 102 0 8
3 A_5 105 0 9
5 A_6 110 0 10
5 A_7 115 0 11
3 B_4 118 0 12
4 B_5 122 0 13
4 B_6 126 0 14
3 B_7 129 0 15
4 A_8 133 0 16
3 A_9 136 0 17
1 A_10 137 0 18
6 A_11 143 0 19
2 A_12 145 0 20
1 A_13 146 0 21
5 A_14 151 0 22
4 A_15 155 0 23
5 B_8 160 0 24
5 B_9 165 0 25
1 B_10 166 0 26
1 B_11 167 0 27
3 B_12 170 0 28
3 A_16 173 0 29
4 B_13 177 0 30
1 B_14 178 0 31
4 B_15 182 0 32
1 B_16 183 0 33
2 B_17 185 0 34
5 A_17 190 0 35
1 A_18 191 0 36
3 B_18 194 0 37
3 B_19 197 0 38
5 B_20 202 0 39
1 B_21 203 0 40
3 B_22 206 0 41
2 B_23 208 0 42
6 B_24 214 0 43
1 B_25 215 0 44
4 B_26 219 0 45
1 B_27 220 0 46
2 B_28 222 0 47
1 B_29 223 0 48
1 B_30 224 0 49
3 B_31 227 0 50
4 B_32 231 0 51
3 B_33 234 0 52
4 A_19 238 0 53
4 B_34 242 0 54
3 B_35 245 0 55
1 B_36 246 0 56
3 A_20 249 0 57
2 A_21 251 0 58
4 A_22 255 0 59
2 A_23 257 0 60
2 A_24 259 0 61
1 A_25 260 0 62
5 A_26 265 0 63
2 A_27 267 0 64
6 A_28 273 0 65
5 A_29 278 0 66
5 A_30 283 0 67
6 A_31 289 0 68
2 A_32 291 0 69
3 B_37 294 0 70
2 B_38 296 0 71
4 B_39 300 0 72
3 A_33 303 0 73
5 A_34 308 0 74
1 A_35 309 0 75
1 A_36 310 0 76
4 A_37 314 0 77
2 A_38 316 0 78
2 A_39 318 0 79
nldp: 318
---------------------
in formation_2
pass
---------------------
in formation_3
pass
---------------------
in formation_4
pass
---------------------
in formation_5
pass
---------------------
in formation_6
pass
---------------------
in formation_7
pass
error in formulation  []
