A_0 1 A 0 [1, 1, 4, 2, 1, 3, 3, 1, 4, 4, 3, 2, 1, 4, 4, 3, 3, 3, 3, 4, 4, 1, 4, 2, 3, 4, 3, 1, 1, 1, 4, 2, 1, 4, 4, 4, 4, 2, 3, 3] [3, 5, 8, 4, 5, 5, 6, 4, 8, 8, 6, 5, 3, 7, 8, 6, 7, 7, 6, 8, 6, 4, 8, 6, 5, 8, 5, 3, 3, 3, 6, 5, 3, 7, 7, 6, 7, 6, 7, 6]
A_1 2 A 1 [1, 3, 4, 3, 2, 2, 3, 2, 3, 1, 2, 4, 3, 1, 2, 2, 1, 2, 2, 2, 3, 4, 1, 4, 3, 3, 2, 2, 2, 3, 2, 4, 4, 1, 2, 3, 3, 1, 4, 4] [5, 6, 7, 6, 6, 6, 7, 6, 6, 3, 5, 8, 5, 4, 5, 6, 3, 6, 6, 5, 6, 7, 4, 8, 6, 6, 4, 5, 4, 5, 6, 8, 8, 5, 4, 7, 5, 3, 7, 6]
A_2 4.58 A 2 [4, 4, 2, 1, 1, 4, 1, 1, 4, 3, 4, 1, 4, 1, 3, 1, 1, 3, 4, 4, 2, 4, 1, 3, 4, 2, 1, 1, 3, 2, 3, 3, 4, 4, 3, 4, 1, 4, 2, 4] [8, 7, 6, 3, 5, 8, 4, 5, 7, 7, 7, 4, 6, 3, 7, 3, 3, 7, 8, 7, 6, 8, 5, 7, 7, 6, 3, 5, 6, 4, 7, 7, 6, 6, 7, 6, 4, 7, 4, 6]
A_3 6.140000000000001 A 3 [2, 3, 1, 4, 1, 3, 3, 2, 1, 1, 3, 3, 3, 4, 3, 4, 2, 4, 3, 2, 1, 4, 2, 3, 4, 4, 2, 3, 3, 2, 4, 4, 2, 2, 3, 1, 4, 3, 1, 3] [4, 6, 3, 7, 3, 6, 7, 4, 3, 5, 7, 5, 5, 8, 5, 8, 4, 7, 7, 6, 4, 8, 6, 5, 8, 7, 4, 7, 6, 6, 6, 8, 4, 4, 5, 3, 8, 5, 3, 6]
A_4 8.77 A 4 [1, 2, 1, 1, 3, 2, 4, 4, 4, 3, 1, 2, 2, 1, 4, 1, 1, 2, 3, 1, 2, 4, 3, 4, 2, 4, 1, 3, 1, 2, 1, 4, 2, 2, 2, 1, 4, 4, 2, 3] [5, 6, 5, 3, 7, 4, 7, 6, 7, 5, 5, 5, 5, 4, 8, 3, 5, 6, 5, 3, 5, 6, 6, 7, 5, 6, 5, 5, 5, 5, 4, 7, 6, 6, 4, 4, 6, 8, 4, 7]
A_5 9.879999999999999 A 5 [3, 2, 4, 3, 2, 2, 3, 1, 4, 3, 4, 3, 1, 3, 2, 4, 3, 3, 1, 3, 4, 2, 3, 2, 3, 3, 1, 2, 2, 1, 3, 2, 2, 4, 3, 4, 1, 3, 1, 3] [5, 6, 8, 6, 4, 4, 5, 3, 8, 5, 8, 5, 5, 5, 4, 6, 7, 5, 5, 6, 6, 6, 5, 5, 5, 6, 3, 6, 4, 4, 7, 6, 6, 7, 7, 8, 4, 6, 4, 5]
A_6 10.879999999999999 A 6 [3, 3, 1, 3, 4, 3, 1, 1, 2, 1, 4, 4, 3, 4, 4, 2, 3, 4, 1, 3, 1, 2, 2, 4, 2, 4, 2, 3, 1, 1, 2, 1, 4, 4, 2, 2, 1, 4, 4, 1] [6, 7, 4, 7, 7, 5, 4, 4, 4, 4, 6, 6, 5, 7, 6, 5, 5, 6, 5, 6, 5, 6, 4, 7, 5, 8, 4, 6, 3, 3, 4, 5, 6, 6, 5, 4, 5, 8, 7, 3]
A_7 12.299999999999999 A 7 [1, 2, 1, 2, 4, 1, 1, 1, 1, 4, 2, 1, 3, 2, 1, 3, 2, 2, 2, 2, 4, 1, 1, 1, 4, 1, 2, 3, 1, 3, 1, 2, 3, 1, 1, 2, 2, 2, 3, 1] [4, 6, 5, 4, 6, 3, 4, 5, 3, 8, 4, 4, 5, 6, 4, 7, 4, 5, 4, 6, 6, 3, 4, 3, 8, 5, 4, 7, 3, 5, 4, 6, 6, 5, 4, 4, 6, 6, 7, 3]
A_8 13.299999999999999 A 8 [4, 3, 4, 1, 4, 4, 2, 1, 1, 2, 4, 2, 3, 4, 1, 3, 4, 1, 3, 4, 3, 3, 3, 4, 1, 3, 2, 3, 4, 2, 3, 2, 4, 1, 3, 4, 2, 2, 4, 4] [8, 6, 7, 3, 7, 8, 4, 3, 5, 4, 6, 4, 7, 6, 3, 7, 7, 4, 5, 7, 7, 5, 6, 7, 3, 5, 4, 7, 7, 5, 6, 4, 7, 3, 5, 8, 6, 6, 8, 8]
A_9 15.79 A 9 [4, 1, 3, 1, 3, 3, 1, 4, 2, 1, 2, 3, 4, 2, 4, 4, 2, 2, 1, 3, 1, 4, 4, 4, 4, 3, 1, 2, 3, 2, 2, 4, 2, 2, 4, 1, 2, 1, 2, 2] [8, 3, 7, 5, 5, 5, 4, 8, 4, 3, 6, 5, 7, 6, 6, 8, 6, 4, 4, 7, 3, 7, 8, 8, 8, 7, 5, 4, 6, 4, 4, 6, 5, 4, 8, 4, 6, 5, 5, 5]
A_10 17.73 A 10 [3, 2, 4, 3, 1, 4, 4, 2, 4, 2, 1, 1, 4, 4, 3, 4, 4, 2, 1, 4, 1, 3, 4, 2, 2, 3, 1, 4, 3, 3, 2, 2, 2, 2, 2, 4, 2, 4, 4, 2] [6, 5, 7, 7, 5, 8, 6, 4, 6, 6, 3, 4, 8, 8, 7, 8, 6, 5, 5, 8, 4, 7, 6, 6, 4, 7, 4, 7, 6, 7, 4, 6, 6, 5, 5, 7, 4, 6, 6, 4]
A_11 21.84 A 11 [2, 4, 1, 3, 2, 3, 4, 1, 2, 3, 1, 4, 3, 3, 2, 1, 3, 3, 2, 3, 3, 1, 4, 1, 1, 1, 4, 3, 3, 3, 3, 1, 4, 1, 1, 1, 4, 3, 1, 4] [5, 8, 4, 5, 5, 5, 6, 4, 4, 5, 4, 6, 6, 5, 5, 4, 5, 6, 4, 6, 7, 3, 8, 4, 5, 3, 7, 6, 6, 5, 6, 5, 8, 3, 3, 5, 8, 7, 5, 7]
A_12 23.99 A 12 [1, 3, 4, 3, 2, 1, 3, 3, 3, 4, 4, 3, 2, 1, 2, 4, 1, 1, 4, 4, 3, 2, 3, 3, 4, 4, 2, 2, 4, 3, 3, 4, 3, 1, 1, 2, 3, 2, 1, 1] [3, 5, 6, 5, 5, 5, 5, 5, 7, 7, 8, 6, 5, 5, 5, 7, 3, 4, 7, 7, 5, 6, 7, 6, 8, 7, 6, 5, 7, 5, 6, 8, 6, 5, 4, 4, 7, 5, 4, 3]
A_13 26.77 A 13 [4, 1, 1, 4, 1, 3, 4, 2, 4, 2, 4, 3, 1, 3, 2, 2, 3, 3, 3, 2, 1, 1, 1, 1, 4, 4, 2, 1, 1, 1, 4, 3, 4, 3, 3, 2, 2, 1, 2, 3] [7, 4, 3, 8, 4, 5, 7, 6, 6, 6, 8, 5, 5, 5, 4, 5, 6, 7, 6, 4, 5, 4, 5, 3, 7, 7, 4, 3, 5, 3, 8, 5, 6, 6, 7, 5, 5, 5, 4, 7]
A_14 27.77 A 14 [4, 2, 3, 3, 4, 2, 4, 1, 1, 4, 3, 2, 2, 2, 4, 3, 2, 4, 2, 3, 1, 2, 4, 3, 3, 4, 1, 4, 2, 2, 4, 4, 3, 2, 2, 4, 3, 2, 1, 3] [8, 5, 7, 5, 8, 4, 6, 4, 3, 6, 7, 5, 5, 4, 8, 7, 5, 6, 4, 5, 5, 4, 6, 5, 6, 6, 3, 6, 5, 5, 7, 6, 5, 5, 6, 8, 7, 4, 4, 6]
A_15 29.23 A 15 [3, 2, 1, 4, 1, 4, 2, 3, 3, 4, 4, 1, 4, 2, 3, 2, 1, 4, 1, 4, 1, 4, 2, 3, 3, 3, 1, 3, 4, 2, 2, 2, 3, 3, 4, 1, 2, 1, 3, 1] [6, 6, 3, 8, 3, 6, 5, 7, 7, 8, 8, 4, 7, 5, 7, 4, 3, 8, 4, 6, 5, 6, 4, 6, 6, 5, 5, 5, 8, 4, 4, 5, 5, 5, 7, 3, 4, 4, 6, 4]
A_16 30.23 A 16 [3, 1, 1, 2, 1, 3, 3, 2, 4, 2, 4, 3, 1, 3, 2, 1, 3, 1, 3, 1, 2, 1, 4, 2, 3, 3, 3, 4, 4, 4, 3, 1, 2, 1, 1, 3, 3, 3, 1, 3] [7, 3, 3, 4, 5, 7, 5, 4, 7, 6, 6, 5, 3, 6, 5, 3, 7, 4, 6, 4, 5, 3, 8, 6, 7, 5, 5, 8, 6, 8, 5, 5, 6, 4, 5, 7, 5, 7, 4, 7]
A_17 40.49 A 17 [3, 2, 3, 4, 2, 3, 4, 2, 1, 2, 2, 3, 1, 3, 4, 4, 1, 3, 2, 2, 3, 4, 3, 3, 1, 1, 3, 4, 4, 1, 2, 4, 4, 2, 1, 4, 2, 1, 3, 2] [7, 6, 7, 7, 6, 5, 6, 5, 4, 4, 5, 6, 4, 7, 6, 8, 4, 5, 5, 6, 5, 6, 5, 7, 3, 4, 6, 7, 6, 4, 5, 6, 7, 4, 5, 8, 5, 3, 5, 4]
A_18 41.92 A 18 [3, 2, 4, 3, 3, 1, 1, 2, 3, 1, 1, 2, 4, 3, 2, 1, 3, 2, 1, 2, 1, 1, 1, 3, 1, 2, 2, 1, 1, 1, 4, 1, 2, 4, 4, 4, 3, 4, 2, 3] [6, 6, 8, 7, 5, 5, 5, 4, 5, 4, 5, 4, 7, 6, 4, 4, 6, 5, 5, 5, 3, 5, 4, 5, 5, 6, 4, 5, 5, 3, 8, 4, 6, 6, 7, 8, 7, 8, 6, 7]
A_19 44.940000000000005 A 19 [4, 2, 4, 2, 1, 3, 3, 2, 4, 3, 4, 3, 4, 2, 3, 4, 1, 2, 2, 3, 4, 1, 3, 4, 1, 2, 2, 2, 3, 4, 2, 2, 1, 4, 1, 4, 1, 2, 1, 1] [8, 5, 7, 6, 3, 6, 6, 6, 7, 7, 8, 6, 7, 4, 5, 6, 4, 6, 5, 5, 8, 5, 7, 8, 5, 4, 4, 4, 5, 7, 4, 4, 4, 7, 4, 7, 4, 5, 3, 5]
B_0 1 B 20 [4, 3, 2, 1, 2, 4, 1, 4, 3, 1, 1, 3, 3, 1, 1, 1, 2, 3, 1, 4, 1, 4, 2, 1, 3, 2, 3, 3, 1, 2, 3, 1, 2, 1, 1, 3, 2, 1, 2, 3] [6, 6, 6, 4, 5, 6, 5, 6, 7, 3, 4, 7, 5, 5, 5, 5, 5, 5, 3, 8, 5, 8, 6, 3, 6, 6, 6, 7, 3, 6, 6, 5, 5, 5, 5, 5, 4, 4, 5, 7]
B_1 9.92 B 21 [1, 4, 4, 4, 4, 2, 2, 1, 3, 4, 3, 1, 2, 1, 2, 4, 1, 4, 1, 1, 4, 1, 4, 1, 1, 3, 3, 2, 3, 1, 2, 3, 4, 4, 4, 4, 3, 1, 1, 2] [4, 7, 8, 8, 6, 6, 6, 3, 5, 7, 7, 3, 6, 4, 4, 6, 3, 6, 5, 5, 8, 4, 8, 3, 3, 6, 7, 6, 6, 3, 4, 6, 8, 6, 8, 8, 6, 5, 4, 5]
B_2 15.92 B 22 [4, 1, 1, 2, 3, 3, 2, 1, 3, 4, 4, 4, 3, 1, 4, 2, 4, 3, 1, 3, 2, 4, 1, 1, 3, 4, 2, 2, 3, 4, 3, 4, 4, 4, 1, 4, 4, 1, 2, 1] [8, 4, 5, 6, 6, 5, 4, 4, 6, 8, 6, 8, 7, 5, 6, 4, 8, 5, 4, 7, 6, 8, 3, 4, 5, 7, 4, 5, 7, 8, 7, 7, 7, 8, 5, 6, 8, 3, 6, 3]
B_3 16.92 B 23 [2, 4, 3, 3, 4, 2, 4, 1, 4, 4, 2, 1, 3, 1, 3, 3, 2, 3, 3, 4, 1, 1, 1, 3, 1, 1, 3, 3, 1, 2, 4, 2, 4, 3, 1, 3, 1, 3, 3, 2] [6, 8, 7, 5, 7, 5, 7, 3, 7, 8, 6, 4, 6, 3, 5, 6, 6, 7, 5, 8, 3, 3, 4, 5, 4, 3, 6, 7, 5, 6, 8, 4, 8, 5, 5, 5, 3, 6, 7, 5]
B_4 18.060000000000002 B 24 [3, 3, 4, 4, 2, 3, 2, 4, 1, 4, 2, 1, 4, 4, 3, 3, 3, 1, 1, 1, 3, 1, 3, 1, 2, 2, 2, 2, 1, 2, 1, 2, 1, 3, 1, 1, 2, 4, 2, 3] [5, 6, 7, 8, 5, 5, 5, 8, 3, 8, 4, 5, 8, 7, 6, 6, 7, 3, 5, 5, 6, 3, 5, 4, 4, 6, 4, 5, 3, 4, 3, 5, 5, 7, 4, 5, 4, 6, 6, 7]
B_5 20.53 B 25 [4, 3, 2, 4, 4, 3, 4, 1, 3, 3, 3, 1, 4, 4, 4, 3, 3, 1, 2, 2, 2, 3, 4, 1, 2, 2, 3, 4, 4, 4, 3, 4, 2, 4, 3, 4, 2, 4, 4, 4] [8, 6, 6, 7, 6, 6, 8, 5, 5, 7, 7, 3, 7, 7, 6, 5, 5, 4, 6, 4, 6, 6, 7, 3, 6, 6, 5, 6, 8, 6, 6, 6, 6, 7, 7, 8, 4, 8, 8, 6]
B_6 23.62 B 26 [3, 2, 1, 2, 1, 1, 2, 2, 2, 1, 1, 4, 2, 2, 1, 1, 3, 3, 2, 2, 3, 3, 2, 3, 2, 3, 1, 2, 3, 3, 1, 1, 3, 1, 3, 3, 4, 1, 2, 1] [5, 4, 3, 4, 5, 3, 4, 4, 4, 5, 4, 7, 6, 4, 3, 5, 5, 6, 4, 4, 6, 7, 4, 6, 4, 5, 5, 6, 6, 6, 5, 5, 5, 4, 5, 7, 7, 4, 5, 3]
B_7 24.810000000000002 B 27 [1, 2, 1, 3, 3, 2, 3, 3, 3, 2, 4, 3, 2, 1, 4, 3, 4, 4, 1, 2, 3, 2, 2, 3, 2, 4, 2, 4, 2, 2, 1, 3, 1, 4, 1, 3, 4, 4, 4, 3] [3, 5, 5, 7, 5, 6, 6, 7, 7, 4, 7, 6, 5, 3, 6, 5, 8, 7, 5, 4, 7, 6, 5, 7, 5, 6, 6, 8, 6, 6, 4, 5, 5, 6, 3, 7, 6, 7, 8, 7]
B_8 28.300000000000004 B 28 [1, 2, 3, 3, 1, 2, 1, 1, 4, 3, 3, 3, 4, 1, 2, 4, 4, 4, 1, 3, 1, 3, 3, 1, 1, 4, 3, 2, 2, 3, 3, 2, 2, 4, 3, 2, 4, 1, 2, 1] [3, 4, 6, 6, 5, 4, 3, 3, 7, 6, 6, 6, 7, 5, 5, 8, 6, 6, 5, 5, 3, 6, 7, 5, 3, 8, 6, 6, 4, 7, 5, 6, 6, 8, 5, 4, 6, 4, 5, 3]
B_9 30.500000000000004 B 29 [1, 3, 2, 2, 2, 1, 1, 3, 2, 2, 3, 3, 3, 1, 2, 2, 4, 1, 1, 4, 2, 1, 4, 2, 2, 4, 3, 2, 3, 3, 1, 3, 4, 2, 1, 3, 4, 1, 1, 1] [3, 5, 4, 6, 5, 4, 3, 5, 5, 4, 7, 5, 5, 3, 5, 4, 8, 4, 3, 7, 6, 3, 8, 6, 4, 6, 6, 6, 7, 5, 4, 5, 7, 5, 3, 5, 8, 3, 5, 4]
B_10 31.500000000000004 B 30 [4, 2, 3, 4, 1, 3, 2, 1, 3, 2, 2, 3, 3, 4, 4, 2, 3, 2, 4, 2, 3, 2, 3, 4, 1, 3, 1, 1, 3, 1, 4, 1, 1, 1, 4, 1, 4, 1, 2, 3] [6, 6, 7, 6, 4, 7, 4, 4, 6, 4, 4, 6, 6, 8, 7, 4, 5, 5, 8, 4, 6, 4, 7, 8, 3, 6, 5, 4, 5, 4, 8, 3, 4, 5, 8, 3, 6, 5, 5, 6]
B_11 33.28 B 31 [2, 4, 3, 4, 4, 2, 1, 2, 2, 4, 2, 1, 4, 3, 4, 2, 1, 4, 1, 2, 1, 3, 4, 2, 2, 4, 1, 3, 2, 3, 1, 2, 2, 3, 2, 1, 3, 2, 3, 1] [5, 8, 7, 8, 7, 6, 5, 6, 4, 6, 6, 5, 8, 5, 6, 5, 5, 6, 4, 4, 5, 6, 7, 4, 5, 6, 5, 5, 6, 5, 3, 6, 6, 6, 5, 5, 5, 5, 6, 4]
B_12 34.93 B 32 [1, 4, 4, 2, 2, 2, 4, 3, 4, 2, 2, 4, 3, 4, 3, 3, 2, 4, 2, 1, 2, 4, 4, 4, 1, 2, 3, 1, 2, 4, 1, 2, 1, 1, 3, 2, 4, 4, 2, 2] [3, 8, 6, 4, 6, 6, 6, 6, 7, 5, 6, 8, 6, 6, 5, 5, 6, 7, 6, 4, 5, 8, 7, 8, 5, 6, 5, 5, 6, 7, 4, 6, 4, 5, 7, 4, 8, 8, 4, 4]
B_13 41.64 B 33 [4, 1, 4, 2, 2, 4, 4, 1, 1, 2, 2, 1, 1, 3, 2, 3, 1, 2, 4, 4, 1, 4, 4, 3, 3, 4, 1, 4, 4, 2, 1, 3, 1, 3, 3, 3, 4, 4, 3, 4] [7, 5, 6, 4, 6, 7, 6, 5, 3, 4, 5, 3, 5, 6, 5, 5, 4, 4, 6, 7, 5, 6, 8, 5, 7, 7, 4, 6, 8, 5, 5, 6, 5, 6, 5, 7, 6, 7, 5, 8]
B_14 43.67 B 34 [4, 2, 3, 3, 2, 3, 2, 1, 3, 4, 2, 1, 1, 3, 2, 4, 1, 1, 4, 1, 1, 4, 1, 1, 1, 3, 3, 1, 3, 1, 4, 2, 3, 3, 4, 1, 3, 1, 1, 4] [7, 4, 7, 5, 4, 7, 5, 4, 5, 8, 5, 3, 4, 7, 6, 7, 5, 5, 7, 4, 5, 8, 5, 5, 4, 7, 5, 3, 5, 3, 8, 5, 7, 5, 6, 5, 6, 4, 5, 7]
B_15 44.89 B 35 [4, 3, 4, 1, 1, 4, 2, 2, 4, 1, 4, 1, 2, 2, 4, 1, 3, 4, 4, 4, 3, 4, 4, 3, 1, 4, 3, 3, 2, 3, 1, 1, 2, 3, 1, 4, 2, 4, 4, 3] [6, 7, 6, 3, 4, 8, 4, 4, 8, 4, 7, 5, 4, 5, 8, 3, 7, 8, 8, 7, 5, 8, 6, 5, 5, 8, 7, 7, 4, 5, 3, 5, 4, 7, 5, 6, 4, 6, 8, 5]
B_16 57.03 B 36 [4, 3, 1, 4, 4, 1, 1, 2, 2, 2, 2, 4, 3, 2, 3, 2, 3, 2, 3, 1, 2, 3, 4, 1, 2, 2, 4, 4, 4, 4, 4, 3, 4, 4, 3, 2, 3, 4, 1, 2] [7, 5, 4, 8, 6, 4, 5, 6, 6, 6, 4, 8, 7, 5, 7, 4, 5, 5, 7, 4, 4, 6, 8, 3, 4, 4, 7, 6, 6, 8, 6, 5, 8, 6, 6, 4, 5, 7, 5, 4]
B_17 64.16 B 37 [2, 1, 4, 3, 4, 3, 4, 2, 2, 1, 4, 3, 2, 1, 2, 1, 3, 1, 4, 2, 1, 1, 1, 3, 4, 4, 1, 4, 1, 1, 1, 2, 4, 4, 1, 4, 4, 2, 1, 1] [6, 3, 7, 5, 8, 6, 8, 6, 6, 5, 6, 7, 5, 5, 4, 4, 7, 3, 8, 5, 4, 5, 3, 6, 6, 8, 4, 7, 4, 3, 5, 5, 8, 7, 4, 6, 7, 6, 5, 3]
B_18 65.16 B 38 [3, 4, 2, 1, 2, 1, 4, 3, 4, 2, 4, 1, 1, 2, 1, 3, 1, 3, 2, 1, 2, 1, 2, 3, 2, 4, 2, 4, 2, 1, 2, 3, 2, 3, 1, 4, 1, 1, 3, 3] [7, 7, 4, 3, 4, 4, 7, 7, 8, 5, 6, 5, 4, 4, 4, 6, 4, 5, 6, 3, 5, 4, 6, 7, 6, 8, 5, 8, 5, 5, 5, 6, 4, 5, 5, 8, 5, 5, 5, 5]
B_19 66.16 B 39 [3, 4, 4, 3, 3, 3, 1, 1, 4, 2, 2, 4, 1, 3, 3, 1, 3, 2, 3, 1, 3, 2, 1, 2, 3, 4, 1, 3, 1, 1, 3, 1, 2, 4, 4, 3, 2, 1, 3, 1] [6, 6, 6, 6, 7, 5, 3, 3, 8, 5, 4, 7, 3, 7, 6, 4, 7, 4, 7, 5, 7, 5, 3, 5, 7, 6, 3, 7, 3, 4, 6, 4, 4, 8, 7, 5, 4, 3, 5, 3]
