A_0 1 A 0 [2, 1, 1, 2, 3, 1, 1, 3, 4, 4, 2, 3, 3, 2, 4, 3, 4, 3, 3, 1, 4, 1, 1, 1, 2, 1, 2, 1, 3, 2, 4, 1, 4, 2, 4, 3, 3, 3, 1, 2] [5, 5, 4, 4, 7, 3, 3, 6, 8, 7, 6, 5, 6, 5, 6, 7, 8, 7, 7, 5, 7, 5, 4, 4, 5, 5, 5, 4, 6, 4, 7, 5, 6, 5, 6, 6, 5, 5, 4, 6]
A_1 2 A 1 [1, 4, 3, 3, 4, 3, 2, 4, 4, 1, 4, 3, 4, 3, 1, 2, 2, 4, 3, 2, 3, 4, 3, 2, 2, 4, 4, 3, 2, 1, 3, 3, 3, 1, 4, 2, 2, 4, 3, 3] [5, 8, 7, 6, 8, 7, 6, 6, 6, 5, 7, 5, 6, 6, 5, 6, 6, 6, 7, 5, 6, 6, 5, 5, 6, 6, 6, 6, 4, 5, 6, 5, 6, 3, 8, 5, 4, 7, 7, 7]
A_2 3.5 A 2 [1, 3, 2, 1, 1, 1, 1, 3, 1, 2, 2, 1, 1, 2, 2, 2, 2, 2, 3, 3, 2, 4, 3, 1, 3, 2, 4, 3, 3, 2, 2, 1, 1, 1, 2, 4, 1, 4, 3, 2] [4, 7, 6, 4, 5, 4, 5, 7, 3, 5, 4, 5, 5, 4, 5, 4, 6, 6, 6, 7, 4, 6, 6, 4, 5, 4, 7, 5, 6, 6, 4, 3, 3, 5, 6, 8, 3, 8, 7, 4]
A_3 5.88 A 3 [2, 3, 1, 4, 4, 4, 4, 4, 1, 1, 1, 1, 3, 1, 3, 3, 1, 2, 4, 2, 2, 4, 2, 1, 3, 1, 1, 2, 2, 3, 2, 3, 4, 3, 4, 1, 4, 3, 2, 2] [4, 6, 4, 7, 8, 7, 6, 6, 5, 4, 4, 5, 7, 4, 7, 6, 5, 5, 8, 4, 6, 7, 6, 4, 7, 3, 4, 5, 6, 6, 5, 7, 8, 5, 6, 3, 6, 5, 6, 4]
A_4 9.55 A 4 [3, 4, 1, 4, 1, 3, 1, 2, 1, 3, 4, 4, 1, 1, 3, 2, 1, 4, 2, 4, 4, 4, 3, 1, 3, 1, 3, 2, 3, 3, 2, 1, 4, 3, 3, 3, 1, 1, 2, 4] [7, 8, 5, 8, 3, 5, 3, 5, 5, 7, 6, 6, 4, 3, 6, 5, 3, 8, 4, 6, 6, 7, 6, 4, 5, 5, 7, 6, 6, 7, 5, 4, 8, 5, 6, 6, 4, 4, 5, 7]
A_5 12.09 A 5 [1, 3, 1, 4, 3, 1, 3, 1, 4, 3, 2, 2, 1, 2, 4, 3, 4, 2, 4, 2, 4, 4, 2, 1, 4, 2, 2, 1, 4, 1, 1, 4, 4, 1, 2, 1, 2, 2, 1, 4] [3, 7, 4, 7, 5, 5, 6, 3, 7, 6, 4, 4, 5, 5, 7, 6, 6, 4, 8, 6, 8, 8, 5, 5, 7, 6, 5, 5, 7, 4, 3, 6, 8, 5, 5, 5, 5, 4, 5, 7]
A_6 20.83 A 6 [1, 2, 1, 4, 1, 3, 1, 4, 1, 1, 2, 4, 4, 2, 3, 3, 2, 1, 4, 1, 4, 4, 4, 1, 1, 3, 1, 1, 3, 4, 4, 1, 4, 3, 4, 3, 3, 1, 2, 1] [3, 6, 5, 6, 3, 6, 4, 7, 5, 3, 4, 7, 8, 4, 5, 6, 6, 4, 6, 4, 7, 7, 6, 3, 3, 6, 4, 4, 5, 6, 7, 5, 7, 6, 6, 7, 5, 3, 4, 5]
A_7 22.06 A 7 [3, 4, 3, 4, 2, 1, 4, 1, 1, 4, 3, 4, 4, 1, 4, 4, 4, 1, 4, 3, 3, 2, 2, 2, 3, 2, 1, 4, 1, 1, 3, 4, 1, 2, 4, 2, 4, 4, 1, 4] [6, 6, 7, 6, 5, 3, 7, 3, 3, 8, 5, 6, 7, 4, 7, 8, 7, 5, 6, 5, 5, 5, 4, 6, 6, 5, 5, 6, 3, 4, 6, 7, 4, 6, 8, 5, 8, 8, 3, 6]
A_8 23.479999999999997 A 8 [4, 4, 1, 1, 1, 4, 1, 1, 2, 2, 4, 1, 3, 1, 1, 4, 3, 2, 2, 2, 1, 3, 2, 3, 2, 2, 1, 1, 2, 3, 4, 3, 4, 2, 1, 3, 3, 2, 3, 2] [8, 6, 3, 5, 5, 7, 5, 3, 6, 4, 7, 4, 5, 5, 4, 6, 5, 6, 5, 4, 3, 5, 4, 6, 4, 4, 5, 3, 4, 5, 6, 5, 6, 5, 3, 6, 7, 5, 6, 6]
A_9 24.479999999999997 A 9 [4, 1, 2, 1, 3, 3, 1, 4, 2, 4, 1, 3, 3, 4, 4, 3, 2, 2, 2, 3, 2, 3, 3, 4, 1, 4, 2, 1, 4, 3, 4, 2, 4, 4, 1, 1, 3, 2, 2, 1] [7, 5, 5, 4, 7, 6, 3, 8, 4, 6, 4, 7, 6, 6, 8, 6, 5, 6, 6, 7, 4, 5, 5, 6, 5, 6, 5, 3, 8, 6, 6, 6, 8, 8, 4, 3, 6, 4, 5, 4]
A_10 27.559999999999995 A 10 [2, 4, 2, 1, 4, 2, 2, 3, 4, 1, 1, 2, 3, 2, 4, 3, 4, 3, 1, 2, 3, 3, 2, 1, 1, 4, 1, 3, 3, 4, 1, 4, 1, 2, 2, 2, 4, 1, 3, 1] [6, 7, 4, 4, 6, 4, 4, 5, 7, 4, 4, 4, 7, 5, 7, 7, 7, 6, 4, 4, 5, 6, 5, 3, 3, 6, 3, 7, 5, 8, 3, 6, 4, 4, 5, 5, 6, 4, 7, 5]
A_11 28.559999999999995 A 11 [3, 3, 1, 1, 4, 2, 4, 4, 1, 3, 2, 1, 3, 3, 2, 1, 4, 4, 3, 3, 4, 2, 2, 4, 1, 4, 3, 3, 2, 4, 4, 1, 1, 1, 3, 3, 1, 4, 3, 2] [5, 5, 5, 5, 6, 4, 7, 6, 4, 7, 4, 3, 7, 5, 6, 3, 8, 6, 5, 5, 6, 5, 5, 7, 3, 6, 7, 5, 5, 8, 6, 5, 4, 4, 5, 7, 4, 6, 5, 4]
A_12 38.47 A 12 [3, 4, 1, 3, 1, 1, 4, 4, 3, 3, 3, 3, 3, 3, 2, 1, 3, 3, 3, 4, 1, 4, 4, 2, 2, 4, 4, 2, 4, 3, 1, 2, 1, 2, 2, 2, 1, 2, 2, 1] [6, 6, 5, 7, 4, 5, 8, 7, 5, 6, 7, 7, 7, 6, 6, 5, 5, 7, 6, 6, 3, 6, 7, 5, 6, 6, 8, 4, 8, 6, 4, 6, 5, 6, 6, 4, 5, 6, 5, 5]
A_13 41.75 A 13 [2, 3, 2, 1, 1, 2, 2, 1, 1, 4, 2, 3, 3, 4, 2, 3, 3, 2, 1, 1, 3, 3, 2, 3, 1, 4, 2, 2, 1, 3, 4, 2, 4, 1, 3, 3, 4, 1, 2, 1] [5, 6, 4, 4, 3, 5, 4, 4, 5, 6, 5, 5, 6, 7, 5, 6, 7, 5, 3, 5, 6, 6, 4, 6, 5, 8, 6, 5, 3, 7, 8, 4, 8, 5, 6, 7, 6, 5, 6, 5]
A_14 42.75 A 14 [4, 1, 2, 3, 3, 4, 3, 4, 1, 4, 4, 2, 2, 2, 4, 3, 4, 4, 2, 1, 2, 3, 2, 1, 2, 4, 3, 3, 1, 2, 4, 4, 3, 2, 3, 1, 2, 1, 4, 4] [6, 5, 5, 7, 6, 7, 5, 7, 4, 8, 7, 6, 6, 5, 6, 7, 6, 6, 6, 4, 5, 7, 6, 5, 4, 7, 5, 7, 5, 5, 7, 8, 6, 4, 7, 4, 6, 5, 7, 6]
A_15 44.95 A 15 [3, 2, 2, 3, 2, 3, 3, 4, 4, 3, 3, 1, 1, 3, 3, 3, 2, 2, 3, 3, 2, 2, 3, 4, 1, 4, 4, 2, 1, 1, 4, 3, 4, 1, 2, 3, 2, 1, 4, 2] [7, 6, 4, 6, 5, 6, 6, 8, 6, 6, 7, 3, 5, 6, 7, 7, 5, 6, 5, 5, 6, 4, 6, 6, 3, 7, 7, 4, 4, 4, 7, 5, 6, 4, 4, 6, 6, 4, 8, 5]
A_16 51.290000000000006 A 16 [4, 2, 2, 1, 1, 4, 2, 4, 3, 2, 4, 4, 3, 3, 4, 2, 2, 2, 3, 4, 3, 2, 2, 3, 2, 1, 4, 3, 2, 3, 4, 1, 3, 1, 1, 2, 1, 4, 2, 1] [8, 6, 6, 5, 3, 6, 6, 7, 5, 5, 7, 8, 5, 7, 6, 5, 4, 4, 7, 8, 7, 5, 5, 5, 4, 3, 8, 6, 6, 6, 7, 4, 5, 5, 4, 5, 3, 6, 4, 4]
A_17 53.45 A 17 [3, 4, 2, 2, 4, 2, 1, 1, 2, 2, 3, 4, 3, 2, 4, 2, 2, 3, 1, 2, 2, 3, 3, 3, 4, 4, 1, 2, 1, 1, 1, 1, 1, 1, 4, 3, 3, 1, 4, 2] [7, 6, 6, 5, 8, 4, 4, 5, 6, 6, 6, 6, 7, 5, 6, 6, 4, 7, 5, 4, 4, 7, 7, 6, 6, 7, 3, 4, 3, 4, 5, 4, 3, 3, 7, 5, 6, 3, 8, 6]
A_18 62.93000000000001 A 18 [3, 3, 3, 4, 2, 4, 4, 4, 2, 2, 1, 3, 3, 1, 2, 3, 3, 1, 4, 2, 2, 1, 4, 2, 2, 1, 4, 1, 1, 4, 2, 1, 2, 4, 3, 3, 1, 4, 1, 2] [7, 7, 6, 8, 4, 8, 6, 6, 5, 6, 4, 5, 6, 3, 6, 5, 7, 5, 8, 4, 5, 3, 7, 4, 5, 4, 7, 4, 5, 7, 6, 4, 6, 7, 5, 7, 3, 6, 3, 4]
A_19 63.93000000000001 A 19 [1, 2, 3, 2, 4, 2, 1, 3, 2, 3, 2, 3, 4, 1, 1, 3, 4, 2, 2, 2, 1, 1, 2, 3, 4, 4, 3, 3, 3, 2, 2, 2, 2, 1, 3, 2, 1, 2, 4, 4] [5, 5, 7, 4, 6, 6, 4, 5, 4, 7, 4, 5, 6, 5, 4, 5, 8, 4, 4, 6, 3, 4, 4, 6, 7, 6, 5, 7, 5, 5, 5, 4, 4, 3, 6, 4, 5, 5, 8, 6]
B_0 5.08 B 20 [4, 3, 2, 2, 4, 4, 4, 3, 1, 2, 3, 4, 1, 3, 2, 2, 3, 2, 2, 1, 4, 4, 2, 1, 1, 3, 3, 1, 1, 1, 1, 2, 1, 2, 3, 2, 4, 2, 2, 1] [7, 6, 4, 6, 6, 8, 7, 5, 3, 4, 5, 6, 3, 6, 5, 6, 7, 4, 5, 3, 7, 7, 4, 4, 5, 5, 6, 4, 4, 5, 5, 6, 4, 6, 5, 5, 6, 4, 4, 5]
B_1 6.96 B 21 [1, 4, 4, 4, 4, 4, 4, 2, 3, 3, 3, 2, 4, 3, 3, 2, 2, 3, 1, 1, 4, 2, 1, 3, 1, 4, 2, 4, 3, 4, 2, 3, 1, 1, 1, 1, 2, 2, 4, 2] [5, 6, 6, 7, 7, 8, 7, 5, 5, 5, 6, 5, 6, 6, 7, 4, 5, 7, 3, 4, 7, 5, 4, 6, 5, 7, 6, 6, 6, 8, 4, 6, 3, 4, 5, 4, 4, 4, 8, 6]
B_2 10.28 B 22 [1, 3, 3, 2, 3, 2, 4, 2, 2, 3, 2, 2, 4, 2, 2, 3, 2, 3, 4, 2, 2, 1, 4, 4, 1, 2, 4, 3, 3, 4, 1, 3, 2, 3, 3, 2, 1, 4, 4, 2] [4, 5, 6, 6, 6, 5, 6, 4, 4, 5, 5, 5, 7, 4, 6, 6, 5, 7, 7, 4, 4, 4, 6, 6, 3, 6, 8, 6, 6, 8, 5, 6, 6, 5, 7, 6, 5, 8, 6, 5]
B_3 11.75 B 23 [1, 2, 1, 1, 1, 1, 1, 2, 3, 4, 1, 4, 2, 3, 1, 4, 3, 3, 2, 3, 1, 3, 4, 3, 1, 4, 1, 3, 3, 4, 2, 2, 1, 2, 3, 3, 4, 1, 3, 3] [4, 5, 4, 4, 4, 5, 3, 6, 6, 6, 3, 7, 5, 6, 5, 6, 5, 6, 4, 6, 4, 6, 6, 7, 5, 6, 3, 5, 5, 7, 5, 5, 5, 4, 7, 6, 8, 3, 6, 5]
B_4 13.26 B 24 [2, 2, 3, 3, 3, 4, 1, 3, 2, 1, 1, 1, 2, 1, 2, 1, 2, 4, 2, 4, 1, 1, 1, 1, 4, 1, 3, 2, 2, 1, 2, 1, 4, 2, 2, 3, 2, 1, 1, 3] [5, 6, 5, 7, 5, 7, 3, 6, 4, 5, 3, 3, 6, 5, 4, 3, 4, 6, 5, 7, 5, 5, 3, 5, 7, 5, 6, 6, 6, 4, 5, 5, 7, 5, 5, 6, 6, 4, 3, 7]
B_5 15.68 B 25 [1, 4, 2, 1, 1, 2, 3, 2, 2, 4, 4, 4, 4, 4, 4, 4, 1, 4, 1, 4, 3, 4, 2, 4, 1, 1, 2, 1, 3, 4, 3, 4, 3, 2, 4, 1, 3, 4, 3, 2] [5, 6, 4, 3, 5, 6, 6, 5, 4, 6, 6, 6, 6, 8, 7, 7, 3, 7, 4, 6, 5, 7, 6, 6, 5, 4, 4, 4, 7, 6, 5, 6, 5, 5, 6, 4, 7, 8, 6, 4]
B_6 16.68 B 26 [2, 4, 4, 1, 3, 2, 1, 1, 1, 2, 1, 3, 4, 2, 3, 4, 4, 1, 4, 3, 3, 2, 4, 1, 3, 2, 2, 1, 2, 3, 3, 3, 1, 4, 4, 1, 4, 1, 1, 1] [5, 6, 7, 4, 7, 5, 4, 5, 5, 5, 3, 7, 8, 6, 5, 7, 8, 3, 7, 5, 6, 6, 8, 3, 6, 4, 4, 3, 4, 7, 7, 5, 3, 7, 6, 5, 7, 5, 5, 5]
B_7 17.68 B 27 [1, 3, 3, 2, 2, 1, 1, 4, 1, 1, 3, 3, 2, 2, 3, 2, 3, 2, 1, 3, 1, 4, 3, 3, 2, 1, 1, 4, 3, 3, 3, 4, 3, 2, 1, 3, 4, 1, 1, 2] [4, 6, 5, 5, 6, 5, 4, 6, 3, 3, 7, 5, 4, 5, 7, 4, 6, 4, 4, 7, 4, 6, 6, 5, 6, 4, 3, 8, 7, 5, 5, 6, 5, 5, 5, 6, 6, 4, 5, 4]
B_8 18.68 B 28 [3, 2, 3, 2, 3, 4, 3, 1, 2, 4, 3, 2, 4, 1, 1, 1, 2, 1, 1, 3, 1, 3, 3, 3, 2, 3, 2, 3, 3, 3, 2, 2, 4, 4, 4, 1, 2, 4, 4, 1] [6, 4, 6, 6, 6, 7, 5, 3, 4, 8, 5, 5, 8, 3, 5, 4, 6, 3, 5, 5, 4, 6, 6, 5, 6, 7, 4, 7, 6, 5, 6, 6, 7, 8, 7, 3, 4, 7, 8, 4]
B_9 23.79 B 29 [2, 1, 2, 3, 3, 1, 4, 1, 3, 3, 4, 4, 3, 3, 2, 1, 3, 1, 4, 2, 1, 4, 4, 4, 1, 4, 3, 3, 3, 1, 2, 1, 4, 1, 2, 1, 1, 1, 3, 4] [4, 5, 6, 6, 7, 4, 6, 4, 5, 6, 8, 8, 6, 7, 5, 4, 6, 4, 7, 5, 5, 8, 8, 7, 4, 6, 7, 5, 5, 3, 4, 3, 7, 4, 5, 5, 4, 5, 6, 6]
B_10 24.79 B 30 [4, 3, 2, 2, 2, 1, 4, 3, 4, 4, 1, 4, 1, 4, 4, 4, 4, 1, 2, 2, 1, 2, 1, 2, 2, 3, 3, 3, 2, 2, 2, 3, 3, 1, 3, 4, 1, 4, 1, 4] [7, 6, 4, 5, 5, 3, 7, 6, 6, 6, 3, 6, 4, 8, 7, 7, 7, 5, 6, 5, 5, 4, 5, 5, 5, 5, 7, 5, 6, 4, 5, 7, 7, 3, 7, 8, 4, 6, 4, 7]
B_11 25.79 B 31 [1, 3, 1, 3, 1, 4, 1, 4, 3, 2, 4, 1, 2, 2, 4, 3, 1, 1, 1, 2, 2, 3, 3, 2, 1, 4, 3, 4, 2, 1, 3, 4, 4, 1, 1, 1, 1, 4, 3, 4] [5, 5, 3, 7, 4, 6, 5, 7, 5, 6, 6, 5, 6, 4, 8, 5, 4, 4, 4, 4, 6, 6, 6, 5, 5, 6, 5, 6, 6, 3, 7, 7, 6, 4, 3, 5, 4, 8, 7, 6]
B_12 26.79 B 32 [4, 3, 1, 4, 4, 4, 4, 1, 4, 4, 1, 1, 1, 4, 3, 4, 3, 1, 2, 2, 1, 1, 2, 1, 4, 3, 1, 3, 4, 4, 3, 4, 3, 4, 3, 4, 3, 4, 3, 2] [6, 6, 3, 8, 8, 8, 7, 4, 6, 8, 4, 4, 5, 8, 6, 6, 5, 3, 6, 4, 4, 3, 6, 5, 7, 5, 3, 5, 7, 7, 7, 6, 6, 6, 6, 6, 7, 7, 5, 4]
B_13 27.79 B 33 [2, 1, 1, 3, 3, 1, 3, 2, 2, 4, 2, 1, 2, 1, 2, 1, 1, 1, 4, 1, 2, 1, 3, 2, 2, 2, 4, 2, 4, 1, 1, 1, 4, 2, 3, 1, 3, 3, 3, 2] [5, 3, 5, 5, 5, 5, 6, 6, 5, 8, 4, 4, 6, 5, 4, 4, 5, 3, 7, 3, 6, 4, 5, 4, 5, 5, 7, 5, 8, 4, 3, 4, 6, 4, 6, 3, 7, 6, 6, 4]
B_14 28.79 B 34 [4, 4, 2, 4, 3, 2, 4, 4, 1, 1, 2, 3, 2, 3, 3, 2, 1, 4, 3, 3, 3, 1, 3, 3, 2, 4, 4, 1, 4, 2, 3, 1, 3, 3, 2, 4, 2, 2, 1, 4] [6, 8, 6, 6, 6, 5, 6, 8, 3, 4, 5, 5, 6, 6, 7, 4, 4, 7, 5, 6, 5, 5, 7, 7, 5, 6, 6, 5, 7, 5, 7, 3, 6, 6, 5, 7, 5, 5, 3, 6]
B_15 33.589999999999996 B 35 [3, 2, 4, 1, 3, 1, 3, 2, 3, 1, 2, 3, 2, 3, 1, 3, 2, 3, 3, 2, 2, 1, 2, 3, 3, 1, 1, 3, 1, 1, 4, 1, 4, 1, 4, 2, 1, 2, 4, 3] [6, 5, 8, 3, 6, 5, 7, 5, 6, 3, 5, 7, 4, 7, 4, 6, 5, 5, 7, 4, 5, 4, 6, 6, 6, 4, 5, 6, 3, 5, 8, 5, 6, 3, 7, 4, 5, 4, 8, 6]
B_16 35.72 B 36 [3, 2, 1, 4, 1, 2, 3, 4, 3, 3, 4, 1, 1, 4, 2, 2, 1, 3, 1, 1, 4, 2, 1, 4, 2, 3, 4, 4, 2, 1, 1, 1, 3, 3, 2, 1, 3, 3, 4, 1] [5, 4, 3, 6, 4, 5, 5, 8, 7, 6, 6, 4, 5, 6, 6, 6, 3, 6, 3, 5, 6, 4, 5, 8, 6, 7, 7, 6, 4, 4, 4, 4, 7, 7, 5, 5, 7, 5, 7, 3]
B_17 37.61 B 37 [3, 4, 4, 3, 1, 2, 1, 4, 2, 2, 1, 4, 2, 1, 1, 1, 4, 1, 4, 2, 2, 2, 4, 1, 1, 4, 1, 1, 4, 1, 4, 4, 4, 3, 2, 2, 3, 1, 4, 3] [5, 7, 8, 5, 4, 4, 3, 8, 5, 4, 4, 6, 6, 5, 5, 4, 6, 3, 6, 5, 4, 4, 8, 3, 4, 8, 5, 4, 7, 5, 6, 8, 7, 6, 5, 4, 5, 4, 6, 5]
B_18 49.42 B 38 [1, 3, 3, 2, 2, 1, 2, 1, 3, 2, 3, 3, 2, 2, 4, 4, 2, 4, 1, 4, 2, 4, 4, 3, 1, 3, 1, 1, 4, 3, 1, 3, 3, 3, 1, 4, 4, 4, 3, 3] [4, 7, 7, 6, 5, 5, 4, 3, 6, 5, 7, 5, 5, 6, 7, 8, 4, 8, 3, 8, 4, 8, 6, 6, 3, 6, 5, 5, 8, 6, 4, 7, 5, 6, 3, 8, 7, 6, 5, 7]
B_19 53.230000000000004 B 39 [2, 3, 2, 2, 4, 4, 1, 4, 2, 1, 1, 2, 1, 1, 4, 2, 1, 2, 2, 4, 1, 2, 2, 3, 3, 2, 1, 2, 1, 4, 4, 4, 2, 2, 4, 3, 1, 3, 3, 4] [6, 7, 4, 4, 7, 7, 5, 6, 6, 4, 5, 4, 5, 5, 6, 5, 4, 6, 4, 6, 5, 6, 5, 5, 7, 4, 5, 4, 4, 6, 7, 6, 4, 4, 6, 6, 3, 5, 7, 8]
