A_0 2.48 A 0 [1, 3, 2, 4, 3, 3, 1, 2, 1, 2, 3, 3, 4, 4, 2, 1, 1, 1, 4, 1, 2, 3, 1, 2, 4, 3, 3, 1, 1, 4, 2, 2, 3, 2, 4, 1, 3, 2, 4, 1] [3, 6, 6, 7, 5, 7, 5, 5, 4, 6, 7, 5, 8, 7, 6, 3, 4, 3, 6, 4, 4, 7, 4, 5, 6, 5, 6, 5, 4, 8, 6, 5, 5, 5, 8, 4, 6, 4, 7, 5]
A_1 3.48 A 1 [3, 1, 4, 3, 4, 2, 1, 2, 3, 2, 3, 2, 4, 2, 4, 2, 4, 3, 2, 1, 3, 1, 4, 4, 3, 4, 2, 3, 3, 1, 1, 2, 4, 2, 1, 4, 1, 3, 4, 2] [6, 5, 7, 5, 8, 4, 4, 4, 5, 6, 6, 5, 6, 5, 8, 6, 6, 5, 4, 4, 5, 3, 8, 6, 5, 6, 6, 7, 7, 5, 3, 4, 6, 5, 3, 6, 4, 5, 6, 6]
A_2 4.49 A 2 [2, 4, 3, 4, 3, 2, 4, 3, 2, 3, 2, 2, 3, 4, 4, 2, 2, 4, 4, 1, 4, 2, 1, 4, 3, 4, 2, 2, 2, 4, 4, 3, 4, 3, 1, 1, 4, 3, 3, 1] [6, 7, 7, 7, 7, 4, 6, 5, 6, 5, 5, 6, 5, 6, 7, 6, 5, 6, 6, 5, 7, 5, 3, 6, 5, 6, 5, 4, 6, 7, 8, 6, 8, 7, 3, 5, 6, 5, 6, 5]
A_3 7.050000000000001 A 3 [4, 3, 4, 1, 2, 2, 1, 3, 4, 4, 3, 2, 1, 1, 4, 4, 2, 2, 3, 2, 4, 1, 4, 2, 3, 3, 1, 2, 2, 4, 3, 2, 1, 2, 3, 4, 3, 4, 4, 2] [7, 5, 7, 3, 5, 5, 4, 6, 7, 8, 7, 4, 5, 4, 6, 7, 4, 5, 6, 4, 8, 5, 8, 6, 5, 6, 4, 6, 4, 6, 6, 5, 5, 5, 6, 8, 5, 7, 8, 6]
A_4 10.47 A 4 [3, 4, 3, 2, 2, 4, 1, 4, 4, 4, 4, 2, 3, 1, 1, 4, 1, 4, 2, 4, 1, 2, 1, 3, 2, 3, 3, 3, 4, 4, 2, 2, 4, 4, 1, 2, 2, 4, 1, 2] [5, 8, 7, 5, 4, 8, 4, 6, 7, 6, 6, 5, 5, 3, 4, 6, 4, 6, 4, 7, 3, 6, 3, 5, 6, 7, 5, 7, 8, 6, 6, 6, 6, 8, 4, 4, 5, 7, 5, 6]
A_5 12.14 A 5 [3, 2, 2, 2, 4, 3, 4, 3, 1, 4, 3, 4, 2, 1, 4, 1, 3, 2, 2, 4, 1, 1, 2, 4, 1, 3, 3, 4, 4, 4, 1, 1, 1, 2, 4, 2, 1, 4, 3, 2] [7, 4, 4, 5, 8, 7, 6, 5, 3, 7, 5, 6, 4, 4, 8, 3, 7, 6, 4, 7, 5, 5, 4, 6, 5, 6, 7, 8, 8, 8, 5, 4, 4, 4, 6, 6, 4, 8, 6, 4]
A_6 23.759999999999998 A 6 [1, 1, 4, 1, 1, 4, 3, 2, 3, 3, 1, 1, 1, 4, 1, 1, 3, 2, 2, 2, 4, 3, 4, 2, 2, 3, 2, 2, 1, 4, 1, 4, 1, 1, 1, 3, 1, 3, 2, 4] [5, 4, 6, 4, 4, 6, 5, 6, 7, 6, 5, 5, 3, 7, 5, 5, 7, 6, 5, 4, 8, 7, 8, 4, 5, 7, 4, 4, 3, 6, 5, 7, 5, 4, 4, 5, 5, 6, 4, 7]
A_7 24.759999999999998 A 7 [2, 2, 3, 3, 4, 3, 2, 1, 3, 3, 1, 2, 2, 4, 2, 3, 2, 1, 1, 1, 4, 2, 2, 2, 4, 1, 2, 3, 1, 4, 2, 4, 1, 3, 3, 3, 2, 4, 1, 1] [5, 4, 5, 6, 6, 5, 6, 4, 6, 6, 3, 6, 5, 6, 5, 6, 5, 3, 4, 3, 6, 6, 5, 6, 7, 5, 5, 5, 4, 8, 4, 6, 4, 7, 6, 6, 4, 7, 3, 4]
A_8 27.909999999999997 A 8 [1, 3, 2, 4, 4, 1, 3, 3, 4, 2, 1, 1, 1, 1, 1, 1, 1, 2, 1, 2, 2, 1, 1, 2, 3, 2, 2, 3, 2, 4, 4, 2, 1, 3, 2, 4, 1, 2, 3, 4] [4, 5, 6, 7, 7, 3, 7, 6, 6, 6, 5, 5, 4, 4, 5, 5, 4, 6, 4, 5, 5, 5, 3, 5, 5, 4, 4, 6, 6, 8, 8, 6, 4, 7, 5, 6, 5, 6, 6, 7]
A_9 28.909999999999997 A 9 [2, 2, 3, 4, 4, 4, 3, 3, 2, 1, 2, 2, 4, 2, 1, 1, 2, 1, 3, 1, 2, 2, 3, 3, 4, 3, 2, 2, 2, 4, 4, 2, 3, 3, 4, 3, 4, 4, 1, 4] [6, 6, 5, 8, 6, 7, 6, 6, 6, 4, 4, 4, 8, 4, 5, 5, 4, 4, 7, 4, 5, 4, 7, 5, 6, 6, 5, 6, 5, 8, 6, 4, 6, 6, 7, 6, 8, 7, 3, 8]
A_10 31.359999999999996 A 10 [3, 3, 2, 3, 4, 3, 1, 1, 1, 2, 2, 1, 3, 2, 4, 4, 1, 3, 2, 2, 3, 1, 3, 2, 3, 3, 3, 3, 2, 3, 1, 4, 1, 4, 1, 1, 1, 4, 1, 3] [7, 6, 5, 7, 6, 5, 5, 3, 5, 4, 4, 5, 5, 4, 8, 8, 5, 5, 6, 4, 5, 3, 6, 5, 7, 6, 5, 7, 4, 7, 4, 6, 3, 6, 3, 5, 4, 6, 5, 6]
A_11 32.36 A 11 [3, 2, 2, 2, 2, 4, 1, 2, 1, 2, 1, 1, 2, 1, 1, 4, 1, 1, 1, 1, 4, 1, 3, 2, 4, 3, 1, 2, 3, 3, 1, 2, 2, 2, 3, 2, 2, 1, 4, 1] [5, 5, 6, 4, 5, 6, 5, 6, 5, 4, 5, 5, 6, 5, 3, 7, 5, 4, 5, 4, 7, 4, 5, 6, 7, 5, 4, 6, 5, 5, 4, 6, 4, 4, 5, 5, 4, 3, 7, 5]
A_12 33.41 A 12 [4, 4, 3, 1, 3, 2, 1, 2, 1, 4, 3, 2, 2, 3, 4, 1, 2, 2, 2, 1, 2, 3, 2, 3, 1, 1, 4, 3, 1, 3, 2, 2, 2, 3, 4, 4, 4, 4, 3, 3] [8, 6, 5, 5, 5, 4, 3, 5, 4, 8, 5, 6, 6, 5, 7, 5, 4, 4, 4, 5, 5, 5, 5, 6, 4, 4, 6, 5, 4, 5, 6, 6, 4, 5, 7, 8, 6, 8, 5, 6]
A_13 38.099999999999994 A 13 [4, 2, 4, 1, 1, 1, 4, 4, 1, 2, 2, 1, 3, 4, 1, 4, 3, 3, 4, 2, 4, 2, 2, 2, 3, 1, 2, 4, 1, 2, 3, 3, 4, 1, 4, 1, 1, 4, 3, 2] [7, 5, 6, 4, 3, 4, 7, 6, 4, 4, 4, 5, 5, 6, 3, 8, 6, 6, 6, 5, 6, 6, 6, 5, 7, 3, 4, 8, 4, 4, 6, 5, 7, 3, 6, 3, 5, 6, 7, 4]
A_14 39.42999999999999 A 14 [2, 4, 4, 4, 1, 4, 1, 2, 1, 1, 4, 1, 4, 1, 1, 3, 4, 4, 1, 2, 1, 1, 1, 1, 4, 1, 2, 4, 3, 2, 3, 4, 3, 2, 3, 1, 2, 4, 3, 2] [6, 8, 7, 6, 4, 8, 5, 5, 5, 5, 8, 3, 7, 3, 4, 7, 7, 7, 5, 6, 3, 5, 4, 3, 8, 4, 5, 8, 7, 4, 7, 8, 5, 6, 5, 5, 4, 8, 5, 4]
A_15 41.459999999999994 A 15 [1, 2, 2, 4, 4, 1, 1, 3, 1, 1, 4, 4, 1, 4, 3, 4, 1, 2, 3, 3, 3, 3, 3, 2, 1, 1, 1, 2, 3, 1, 4, 1, 1, 4, 2, 4, 1, 1, 3, 4] [3, 6, 6, 7, 6, 3, 5, 6, 5, 5, 8, 7, 5, 8, 7, 8, 3, 4, 7, 5, 7, 6, 5, 6, 5, 4, 3, 4, 7, 4, 6, 5, 3, 6, 4, 6, 5, 3, 6, 8]
A_16 47.3 A 16 [1, 4, 2, 2, 1, 3, 3, 2, 1, 2, 1, 1, 2, 3, 4, 1, 1, 2, 2, 4, 1, 2, 3, 1, 4, 3, 3, 2, 4, 3, 3, 3, 1, 4, 3, 2, 3, 2, 4, 1] [4, 6, 5, 4, 4, 7, 7, 5, 4, 4, 5, 5, 4, 6, 7, 3, 4, 6, 4, 8, 3, 6, 6, 3, 8, 5, 7, 6, 7, 7, 7, 7, 5, 6, 6, 6, 7, 5, 7, 4]
A_17 49.68 A 17 [1, 3, 4, 2, 4, 2, 2, 1, 2, 1, 3, 1, 2, 3, 4, 2, 2, 1, 3, 2, 3, 2, 3, 1, 1, 4, 4, 2, 4, 1, 1, 4, 4, 1, 3, 2, 2, 4, 2, 4] [3, 5, 6, 5, 6, 6, 6, 3, 6, 4, 5, 4, 4, 6, 7, 4, 6, 3, 5, 4, 7, 4, 6, 4, 3, 6, 7, 5, 7, 5, 4, 8, 7, 5, 5, 4, 4, 7, 6, 8]
A_18 50.68 A 18 [4, 2, 4, 3, 2, 2, 2, 1, 1, 3, 2, 1, 2, 4, 1, 3, 2, 3, 2, 4, 3, 1, 2, 2, 1, 2, 2, 4, 3, 4, 4, 1, 2, 2, 1, 2, 1, 4, 1, 1] [6, 4, 6, 6, 4, 4, 5, 4, 4, 7, 6, 5, 4, 6, 5, 7, 4, 5, 6, 8, 5, 5, 6, 6, 4, 5, 4, 6, 6, 8, 8, 3, 5, 4, 4, 5, 5, 7, 5, 4]
A_19 53.15 A 19 [1, 1, 1, 2, 4, 4, 2, 1, 2, 1, 2, 1, 1, 2, 2, 3, 4, 2, 4, 2, 4, 1, 4, 3, 3, 2, 1, 2, 3, 1, 4, 3, 2, 4, 2, 2, 3, 1, 3, 4] [4, 4, 5, 4, 7, 7, 4, 3, 5, 4, 4, 4, 5, 5, 6, 5, 8, 4, 8, 5, 7, 5, 7, 7, 7, 4, 5, 4, 7, 3, 6, 6, 5, 6, 5, 6, 5, 5, 7, 8]
B_0 2.67 B 20 [2, 3, 4, 4, 1, 1, 4, 4, 2, 2, 3, 4, 2, 4, 1, 3, 1, 3, 3, 4, 4, 1, 3, 4, 2, 3, 4, 2, 1, 4, 4, 4, 4, 1, 3, 3, 3, 4, 4, 3] [4, 5, 7, 8, 3, 5, 8, 6, 5, 5, 5, 7, 5, 6, 3, 7, 3, 7, 5, 7, 7, 3, 7, 8, 5, 5, 7, 4, 5, 8, 7, 6, 8, 4, 6, 7, 7, 7, 8, 6]
B_1 3.67 B 21 [3, 1, 2, 1, 2, 1, 3, 2, 1, 2, 1, 1, 3, 2, 1, 3, 2, 2, 1, 1, 1, 3, 1, 2, 2, 4, 4, 3, 4, 1, 1, 2, 2, 1, 4, 3, 1, 4, 3, 3] [7, 3, 5, 5, 6, 5, 7, 6, 5, 4, 3, 4, 5, 6, 5, 6, 6, 4, 5, 5, 3, 7, 5, 4, 6, 6, 7, 7, 8, 3, 4, 4, 4, 3, 8, 7, 4, 6, 5, 6]
B_2 8.93 B 22 [1, 4, 1, 4, 1, 2, 4, 2, 1, 3, 3, 3, 2, 2, 1, 3, 3, 3, 2, 4, 3, 1, 3, 3, 1, 1, 1, 1, 4, 1, 4, 4, 4, 2, 3, 3, 1, 2, 2, 2] [4, 8, 3, 8, 3, 4, 8, 5, 3, 7, 6, 5, 5, 6, 4, 5, 6, 6, 6, 7, 7, 5, 7, 5, 4, 5, 4, 5, 7, 4, 7, 6, 7, 4, 6, 5, 3, 5, 6, 6]
B_3 11.55 B 23 [2, 4, 4, 2, 3, 4, 2, 2, 2, 3, 2, 2, 3, 2, 1, 2, 1, 1, 2, 3, 4, 2, 3, 3, 3, 1, 4, 1, 4, 2, 3, 2, 1, 1, 3, 3, 4, 1, 3, 1] [5, 6, 6, 6, 5, 6, 4, 6, 5, 5, 5, 6, 6, 5, 3, 6, 3, 4, 6, 7, 8, 4, 5, 6, 5, 5, 6, 5, 7, 6, 6, 6, 5, 3, 7, 7, 6, 5, 7, 5]
B_4 13.58 B 24 [4, 3, 3, 3, 2, 1, 2, 4, 3, 4, 3, 4, 1, 3, 4, 1, 4, 1, 1, 3, 2, 2, 1, 3, 1, 3, 1, 4, 4, 3, 2, 3, 4, 1, 1, 2, 2, 4, 4, 1] [6, 5, 5, 5, 6, 5, 5, 7, 5, 6, 7, 7, 4, 7, 8, 5, 8, 3, 4, 7, 5, 6, 4, 5, 3, 7, 3, 8, 8, 7, 5, 7, 7, 3, 5, 5, 6, 7, 7, 4]
B_5 18.27 B 25 [3, 4, 4, 3, 3, 3, 3, 1, 2, 3, 3, 3, 1, 1, 1, 1, 3, 4, 2, 2, 3, 4, 1, 1, 3, 1, 3, 4, 2, 1, 2, 1, 1, 3, 1, 3, 4, 4, 4, 4] [5, 6, 6, 6, 7, 6, 7, 5, 4, 6, 6, 5, 4, 3, 4, 4, 5, 6, 5, 4, 5, 6, 5, 5, 7, 4, 7, 7, 5, 4, 4, 4, 5, 7, 3, 6, 8, 6, 6, 7]
B_6 26.23 B 26 [3, 2, 2, 1, 3, 3, 2, 2, 2, 2, 3, 1, 4, 2, 2, 1, 3, 4, 2, 1, 4, 4, 1, 4, 1, 3, 2, 4, 1, 3, 4, 3, 3, 1, 3, 1, 4, 3, 1, 2] [6, 6, 5, 4, 5, 7, 4, 5, 4, 5, 5, 4, 6, 4, 5, 3, 7, 7, 4, 5, 7, 7, 4, 6, 3, 7, 6, 6, 4, 5, 8, 5, 5, 5, 5, 5, 6, 6, 4, 6]
B_7 27.23 B 27 [1, 3, 2, 2, 3, 4, 2, 3, 3, 2, 3, 2, 3, 4, 4, 2, 2, 2, 4, 2, 2, 3, 1, 1, 4, 4, 4, 4, 3, 4, 3, 3, 3, 4, 1, 4, 1, 4, 1, 1] [5, 7, 4, 6, 7, 8, 4, 5, 6, 6, 7, 6, 5, 8, 8, 4, 6, 5, 6, 4, 4, 7, 5, 5, 8, 7, 6, 6, 6, 8, 5, 7, 5, 8, 3, 7, 3, 6, 5, 4]
B_8 28.23 B 28 [1, 3, 2, 2, 4, 4, 1, 1, 2, 2, 2, 3, 1, 1, 3, 3, 4, 4, 3, 3, 1, 4, 4, 4, 4, 2, 1, 3, 4, 4, 4, 1, 3, 1, 3, 3, 1, 4, 4, 3] [4, 7, 6, 4, 8, 8, 3, 4, 6, 5, 4, 5, 4, 4, 7, 7, 7, 7, 6, 7, 5, 8, 7, 7, 8, 5, 4, 6, 6, 7, 8, 4, 5, 5, 6, 5, 5, 8, 7, 5]
B_9 40.36 B 29 [4, 1, 4, 4, 4, 4, 4, 4, 4, 4, 3, 3, 3, 2, 2, 1, 3, 1, 4, 1, 4, 1, 1, 2, 3, 1, 3, 4, 4, 1, 1, 1, 2, 4, 1, 4, 3, 4, 1, 3] [8, 5, 7, 6, 6, 8, 6, 8, 8, 8, 7, 5, 5, 4, 4, 4, 7, 5, 8, 3, 8, 3, 4, 6, 7, 4, 5, 8, 7, 5, 5, 3, 4, 8, 5, 7, 7, 8, 5, 5]
B_10 43.31 B 30 [2, 1, 4, 3, 2, 1, 1, 2, 4, 4, 1, 1, 2, 3, 3, 4, 3, 1, 4, 4, 4, 1, 4, 3, 2, 2, 4, 3, 4, 1, 3, 1, 2, 4, 1, 2, 1, 4, 2, 2] [6, 3, 8, 6, 6, 5, 5, 4, 8, 6, 4, 4, 6, 6, 7, 6, 7, 4, 8, 6, 7, 4, 7, 6, 5, 4, 8, 5, 8, 5, 7, 5, 6, 6, 5, 6, 5, 7, 4, 6]
B_11 44.31 B 31 [2, 2, 3, 2, 2, 1, 4, 4, 2, 2, 4, 2, 2, 3, 4, 1, 3, 4, 1, 3, 4, 2, 4, 2, 3, 1, 3, 3, 1, 1, 1, 3, 2, 4, 1, 2, 2, 2, 2, 2] [5, 4, 6, 5, 6, 4, 7, 6, 6, 4, 6, 6, 6, 5, 8, 5, 7, 8, 3, 6, 6, 4, 6, 6, 7, 4, 5, 7, 4, 3, 5, 5, 4, 8, 4, 4, 6, 6, 6, 4]
B_12 46.81 B 32 [3, 4, 4, 1, 4, 1, 1, 1, 1, 3, 1, 2, 2, 4, 3, 1, 1, 4, 2, 2, 4, 2, 4, 1, 4, 1, 3, 3, 3, 2, 2, 2, 3, 3, 4, 2, 1, 2, 4, 3] [5, 6, 8, 5, 6, 4, 5, 4, 4, 6, 3, 4, 4, 7, 5, 3, 5, 7, 5, 5, 8, 4, 7, 5, 7, 5, 5, 5, 5, 4, 6, 4, 6, 6, 8, 5, 4, 4, 8, 6]
B_13 50.660000000000004 B 33 [2, 2, 3, 2, 4, 2, 1, 3, 3, 3, 4, 2, 3, 1, 2, 4, 4, 1, 2, 4, 1, 1, 2, 1, 1, 3, 1, 4, 1, 4, 4, 4, 3, 4, 3, 1, 3, 2, 1, 4] [5, 5, 7, 5, 8, 4, 4, 7, 7, 6, 6, 4, 5, 3, 6, 6, 6, 5, 4, 6, 4, 3, 4, 3, 3, 7, 5, 8, 5, 8, 6, 8, 6, 8, 6, 4, 5, 5, 4, 6]
B_14 51.660000000000004 B 34 [4, 1, 1, 3, 1, 4, 1, 3, 2, 4, 1, 3, 4, 4, 3, 2, 3, 3, 1, 2, 3, 4, 3, 3, 1, 1, 3, 1, 3, 1, 1, 1, 4, 3, 2, 1, 1, 3, 2, 2] [8, 3, 3, 6, 4, 6, 4, 6, 5, 7, 3, 5, 7, 6, 5, 4, 6, 5, 4, 5, 6, 8, 6, 7, 5, 3, 5, 3, 6, 5, 5, 4, 8, 6, 4, 3, 5, 7, 5, 6]
B_15 52.660000000000004 B 35 [1, 4, 1, 4, 2, 2, 3, 3, 4, 3, 1, 2, 4, 1, 1, 4, 2, 2, 2, 2, 3, 3, 3, 3, 2, 3, 1, 4, 3, 4, 2, 2, 2, 1, 1, 1, 3, 3, 3, 3] [4, 6, 5, 8, 4, 6, 5, 6, 6, 6, 5, 5, 8, 3, 5, 6, 6, 4, 5, 6, 7, 7, 5, 7, 5, 6, 5, 7, 5, 7, 6, 4, 5, 4, 3, 4, 7, 5, 7, 7]
B_16 53.67 B 36 [3, 1, 4, 3, 2, 1, 1, 2, 1, 4, 1, 2, 4, 1, 2, 1, 3, 2, 1, 3, 3, 1, 1, 4, 2, 4, 4, 1, 1, 3, 1, 2, 1, 3, 1, 3, 2, 4, 1, 1] [6, 4, 6, 5, 5, 4, 5, 4, 5, 8, 4, 4, 6, 5, 4, 5, 7, 4, 5, 5, 7, 4, 3, 6, 6, 8, 6, 3, 5, 7, 5, 6, 4, 5, 5, 7, 4, 8, 5, 3]
B_17 54.68 B 37 [2, 3, 3, 4, 4, 4, 3, 4, 2, 4, 4, 1, 4, 4, 4, 1, 2, 4, 4, 1, 4, 4, 2, 1, 4, 4, 3, 4, 4, 4, 4, 2, 2, 2, 3, 3, 4, 2, 3, 2] [4, 5, 5, 7, 7, 8, 6, 7, 6, 7, 6, 3, 8, 6, 8, 3, 5, 7, 7, 5, 7, 6, 5, 5, 7, 6, 6, 6, 8, 8, 7, 6, 4, 5, 7, 5, 8, 6, 5, 5]
B_18 55.68 B 38 [4, 4, 3, 4, 1, 3, 2, 1, 3, 1, 1, 4, 3, 3, 3, 3, 4, 2, 1, 3, 4, 3, 2, 3, 4, 4, 1, 1, 4, 1, 2, 2, 4, 1, 2, 3, 1, 3, 3, 1] [7, 6, 6, 8, 5, 6, 4, 3, 6, 3, 5, 7, 5, 7, 5, 6, 7, 6, 5, 7, 8, 5, 6, 7, 7, 6, 4, 5, 7, 5, 4, 6, 8, 4, 5, 7, 5, 5, 7, 5]
B_19 56.68 B 39 [1, 2, 1, 2, 2, 2, 4, 1, 4, 4, 3, 1, 3, 2, 2, 4, 1, 4, 1, 4, 3, 3, 2, 1, 1, 4, 2, 1, 3, 3, 2, 2, 3, 4, 2, 3, 1, 2, 1, 1] [5, 6, 5, 6, 6, 4, 7, 4, 7, 8, 6, 5, 6, 4, 4, 8, 4, 8, 4, 8, 6, 6, 6, 5, 4, 7, 6, 4, 5, 5, 6, 4, 6, 6, 6, 7, 3, 5, 5, 5]
