A_0 2.26 A 0 [3, 3, 3, 2, 3, 4, 4, 2, 1, 1, 1, 3, 2, 2, 2, 2, 4, 3, 2, 1, 3, 1, 4, 3, 2, 4, 4, 3, 4, 4, 3, 1, 4, 4, 1, 2, 4, 2, 1, 3] [6, 7, 7, 5, 6, 6, 7, 5, 3, 3, 4, 6, 6, 6, 5, 5, 7, 7, 5, 3, 5, 3, 7, 6, 6, 8, 7, 6, 6, 8, 5, 3, 6, 8, 5, 5, 8, 5, 4, 6]
A_1 3.26 A 1 [3, 1, 1, 3, 3, 4, 3, 3, 1, 4, 3, 1, 3, 1, 1, 4, 1, 3, 3, 3, 1, 3, 2, 4, 3, 3, 3, 2, 1, 1, 2, 4, 1, 4, 4, 3, 4, 4, 3, 3] [7, 5, 3, 5, 6, 6, 7, 5, 3, 7, 5, 5, 5, 3, 5, 8, 4, 6, 5, 5, 5, 6, 5, 6, 5, 5, 6, 5, 4, 3, 4, 7, 3, 7, 8, 6, 8, 6, 7, 6]
A_2 4.26 A 2 [3, 1, 2, 2, 3, 3, 3, 3, 2, 3, 1, 2, 4, 2, 4, 1, 2, 4, 2, 2, 4, 4, 2, 4, 3, 1, 3, 3, 2, 3, 4, 4, 2, 1, 1, 1, 4, 2, 2, 3] [7, 3, 5, 4, 6, 6, 5, 6, 4, 5, 4, 4, 6, 4, 6, 3, 4, 8, 4, 4, 6, 7, 4, 8, 5, 3, 5, 5, 6, 6, 6, 6, 4, 3, 3, 5, 8, 5, 6, 6]
A_3 5.26 A 3 [2, 3, 2, 4, 1, 4, 2, 3, 1, 4, 4, 3, 1, 2, 1, 4, 2, 4, 4, 1, 1, 4, 3, 2, 2, 1, 4, 2, 2, 3, 3, 3, 1, 1, 3, 1, 2, 3, 4, 1] [5, 5, 4, 7, 3, 7, 5, 5, 3, 7, 6, 5, 3, 6, 4, 8, 4, 6, 7, 5, 3, 6, 7, 5, 5, 5, 7, 4, 6, 6, 5, 7, 4, 5, 5, 3, 5, 7, 8, 4]
A_4 8.32 A 4 [3, 3, 3, 1, 3, 1, 3, 1, 2, 2, 1, 1, 3, 2, 3, 2, 2, 4, 2, 3, 2, 3, 1, 3, 2, 3, 2, 4, 2, 1, 2, 3, 1, 4, 4, 2, 3, 4, 4, 1] [6, 6, 6, 3, 6, 3, 6, 5, 6, 5, 5, 4, 6, 6, 7, 6, 4, 7, 4, 7, 5, 6, 3, 7, 4, 6, 4, 7, 6, 3, 4, 6, 3, 7, 7, 4, 5, 7, 8, 4]
A_5 9.32 A 5 [4, 4, 3, 4, 1, 1, 4, 2, 1, 3, 4, 3, 2, 4, 2, 4, 4, 4, 2, 3, 1, 2, 2, 2, 1, 3, 1, 4, 4, 4, 1, 3, 2, 1, 2, 1, 3, 4, 4, 3] [6, 6, 6, 7, 3, 4, 6, 5, 5, 6, 8, 5, 6, 6, 6, 8, 8, 7, 4, 7, 4, 4, 4, 5, 4, 5, 5, 6, 6, 7, 4, 5, 4, 3, 6, 4, 5, 6, 8, 7]
A_6 11.940000000000001 A 6 [4, 3, 3, 2, 3, 4, 4, 4, 3, 1, 3, 1, 2, 2, 4, 3, 3, 2, 1, 2, 3, 3, 1, 4, 2, 3, 2, 1, 2, 4, 4, 2, 2, 2, 2, 4, 1, 2, 3, 3] [7, 7, 5, 5, 6, 6, 8, 8, 7, 3, 7, 3, 6, 5, 7, 5, 7, 5, 3, 5, 6, 6, 5, 7, 5, 6, 4, 3, 4, 8, 8, 5, 4, 6, 4, 8, 5, 5, 6, 5]
A_7 14.82 A 7 [2, 3, 3, 3, 1, 2, 4, 4, 2, 1, 4, 2, 4, 4, 4, 2, 1, 1, 2, 3, 3, 4, 4, 1, 4, 4, 3, 3, 2, 1, 4, 1, 3, 4, 4, 1, 3, 4, 4, 3] [5, 5, 6, 5, 5, 5, 8, 6, 4, 4, 8, 5, 6, 7, 6, 6, 5, 3, 4, 6, 7, 7, 6, 4, 7, 7, 6, 5, 6, 3, 8, 5, 5, 8, 6, 3, 7, 6, 8, 5]
A_8 15.82 A 8 [1, 1, 2, 1, 2, 1, 3, 2, 3, 2, 1, 2, 2, 3, 2, 3, 2, 3, 4, 4, 1, 3, 1, 2, 1, 4, 4, 2, 4, 3, 4, 2, 3, 3, 4, 4, 4, 2, 2, 1] [3, 3, 4, 3, 6, 5, 7, 4, 7, 6, 4, 6, 4, 6, 6, 5, 5, 5, 6, 8, 5, 7, 5, 4, 4, 7, 6, 5, 7, 6, 7, 4, 5, 5, 6, 6, 6, 6, 5, 4]
A_9 29.05 A 9 [1, 4, 3, 4, 2, 3, 1, 1, 2, 1, 2, 4, 2, 2, 4, 1, 4, 3, 4, 3, 4, 2, 2, 2, 1, 4, 1, 4, 1, 2, 1, 1, 2, 1, 3, 3, 3, 3, 4, 4] [3, 7, 5, 7, 5, 6, 3, 4, 6, 4, 6, 7, 4, 4, 7, 5, 8, 7, 7, 7, 6, 5, 5, 6, 3, 7, 3, 6, 5, 6, 4, 4, 6, 3, 5, 6, 7, 7, 7, 8]
A_10 34.38 A 10 [1, 3, 1, 4, 1, 4, 3, 4, 1, 2, 3, 3, 1, 3, 4, 2, 3, 3, 4, 3, 3, 3, 2, 2, 3, 3, 3, 2, 1, 2, 4, 4, 3, 1, 4, 4, 3, 1, 4, 4] [4, 5, 4, 6, 5, 8, 7, 8, 4, 6, 6, 6, 5, 5, 6, 6, 7, 5, 7, 6, 7, 5, 6, 6, 7, 5, 6, 6, 4, 5, 7, 7, 6, 4, 8, 6, 5, 3, 7, 8]
A_11 35.38 A 11 [3, 1, 2, 3, 1, 3, 1, 2, 2, 4, 3, 3, 4, 4, 1, 3, 2, 4, 2, 4, 3, 2, 1, 4, 3, 3, 3, 1, 1, 1, 4, 3, 4, 4, 2, 4, 2, 1, 1, 4] [6, 5, 4, 5, 4, 5, 3, 5, 6, 7, 6, 5, 6, 7, 3, 7, 5, 6, 4, 8, 6, 5, 4, 8, 6, 6, 6, 5, 4, 3, 7, 5, 8, 6, 4, 6, 4, 3, 3, 6]
A_12 36.38 A 12 [2, 3, 4, 1, 3, 2, 2, 4, 2, 2, 1, 4, 1, 3, 2, 1, 4, 4, 3, 1, 2, 1, 3, 2, 1, 2, 2, 1, 2, 2, 1, 2, 3, 3, 1, 4, 3, 1, 2, 3] [6, 5, 6, 3, 6, 6, 6, 6, 4, 4, 5, 6, 4, 7, 5, 5, 6, 6, 6, 4, 4, 5, 6, 4, 5, 6, 6, 5, 4, 6, 3, 4, 6, 7, 3, 7, 7, 3, 5, 6]
A_13 37.38 A 13 [2, 1, 2, 2, 2, 4, 2, 4, 3, 2, 3, 4, 3, 4, 3, 4, 1, 4, 1, 2, 2, 3, 2, 3, 2, 4, 1, 2, 1, 2, 3, 4, 1, 2, 2, 2, 4, 2, 1, 4] [6, 3, 4, 6, 6, 6, 5, 7, 6, 4, 5, 7, 7, 7, 6, 7, 4, 8, 3, 6, 4, 7, 4, 5, 5, 6, 5, 6, 5, 5, 7, 8, 4, 4, 5, 4, 6, 5, 5, 6]
A_14 38.38 A 14 [2, 1, 4, 1, 3, 2, 4, 4, 2, 4, 4, 1, 2, 3, 4, 2, 4, 1, 2, 4, 2, 3, 3, 1, 2, 2, 4, 2, 2, 4, 2, 2, 1, 4, 4, 3, 4, 2, 3, 3] [5, 5, 6, 4, 7, 6, 7, 6, 6, 7, 6, 3, 5, 6, 6, 5, 8, 4, 6, 7, 6, 5, 6, 5, 4, 4, 7, 5, 6, 8, 6, 4, 5, 6, 7, 7, 6, 6, 6, 5]
A_15 40.75 A 15 [2, 4, 1, 4, 2, 4, 3, 2, 3, 1, 2, 3, 1, 4, 2, 4, 4, 3, 2, 3, 2, 2, 2, 2, 3, 3, 4, 1, 4, 1, 2, 4, 3, 4, 1, 4, 1, 2, 3, 3] [5, 8, 3, 8, 6, 8, 5, 6, 5, 5, 6, 7, 5, 7, 5, 7, 7, 7, 5, 5, 4, 5, 6, 5, 7, 5, 6, 4, 7, 5, 4, 6, 6, 7, 5, 7, 4, 4, 6, 5]
A_16 43.74 A 16 [4, 1, 2, 2, 2, 4, 3, 1, 2, 4, 3, 2, 4, 1, 4, 4, 1, 3, 4, 3, 2, 4, 3, 3, 4, 2, 1, 1, 3, 3, 4, 4, 2, 2, 2, 4, 3, 4, 3, 1] [7, 4, 4, 4, 4, 8, 7, 5, 5, 8, 7, 5, 6, 4, 8, 7, 5, 5, 7, 7, 4, 7, 7, 5, 8, 4, 3, 3, 6, 5, 7, 7, 5, 6, 6, 7, 6, 6, 5, 5]
A_17 45.82 A 17 [3, 3, 4, 4, 4, 4, 2, 1, 3, 3, 3, 4, 4, 4, 1, 3, 3, 1, 2, 4, 1, 1, 3, 4, 4, 4, 1, 1, 2, 1, 1, 4, 3, 2, 2, 1, 2, 4, 2, 1] [7, 6, 8, 6, 7, 7, 5, 3, 5, 7, 5, 6, 6, 8, 4, 7, 5, 4, 4, 6, 4, 4, 5, 8, 8, 7, 4, 5, 5, 4, 5, 6, 5, 6, 4, 3, 6, 6, 6, 3]
A_18 47.3 A 18 [2, 3, 2, 4, 2, 2, 1, 2, 4, 4, 4, 2, 3, 1, 2, 2, 4, 2, 4, 2, 3, 3, 4, 2, 1, 1, 1, 4, 1, 3, 1, 4, 1, 2, 1, 3, 4, 3, 1, 1] [5, 5, 4, 7, 4, 4, 3, 4, 6, 7, 7, 4, 6, 3, 6, 5, 7, 4, 6, 6, 6, 7, 7, 6, 4, 3, 5, 8, 5, 6, 4, 8, 3, 6, 5, 7, 8, 5, 5, 5]
A_19 51.07 A 19 [1, 3, 2, 1, 3, 3, 2, 3, 4, 3, 3, 4, 1, 2, 4, 3, 3, 4, 2, 4, 2, 1, 3, 3, 1, 4, 1, 1, 2, 4, 1, 1, 1, 3, 1, 4, 1, 4, 2, 4] [3, 5, 4, 5, 7, 7, 5, 6, 8, 7, 6, 8, 4, 6, 7, 5, 7, 6, 6, 6, 6, 4, 6, 7, 5, 8, 5, 5, 5, 8, 5, 3, 5, 5, 3, 7, 3, 8, 6, 7]
B_0 4.85 B 20 [3, 1, 4, 1, 2, 1, 3, 3, 1, 4, 3, 3, 2, 2, 2, 2, 2, 1, 3, 2, 4, 4, 4, 2, 3, 4, 4, 2, 2, 4, 1, 4, 3, 3, 1, 1, 3, 3, 3, 2] [5, 5, 6, 3, 5, 4, 6, 7, 5, 6, 7, 6, 4, 4, 6, 4, 4, 4, 6, 6, 6, 7, 6, 5, 6, 6, 8, 5, 5, 8, 3, 8, 7, 5, 4, 3, 6, 5, 7, 5]
B_1 7.14 B 21 [1, 3, 4, 4, 3, 2, 3, 4, 3, 2, 3, 2, 1, 3, 3, 2, 4, 1, 3, 1, 4, 3, 2, 3, 3, 4, 4, 1, 3, 4, 3, 2, 1, 2, 4, 4, 3, 1, 3, 4] [3, 6, 7, 6, 6, 4, 6, 7, 7, 5, 5, 5, 5, 7, 5, 5, 7, 4, 7, 4, 7, 6, 6, 5, 5, 6, 7, 3, 7, 7, 6, 4, 4, 5, 6, 8, 7, 5, 7, 8]
B_2 8.14 B 22 [4, 2, 2, 3, 1, 2, 1, 4, 1, 2, 2, 1, 3, 2, 3, 2, 3, 3, 4, 3, 4, 2, 3, 2, 1, 2, 4, 1, 3, 1, 1, 3, 4, 2, 1, 4, 4, 1, 1, 4] [7, 5, 4, 7, 3, 4, 5, 6, 5, 5, 6, 4, 6, 4, 6, 6, 7, 5, 7, 6, 6, 6, 6, 5, 3, 6, 8, 3, 6, 4, 3, 7, 6, 6, 5, 6, 7, 5, 3, 7]
B_3 10.600000000000001 B 23 [3, 4, 4, 2, 3, 2, 4, 1, 2, 2, 2, 4, 2, 3, 1, 2, 3, 4, 2, 3, 2, 3, 2, 1, 3, 3, 2, 2, 1, 2, 1, 1, 2, 1, 1, 3, 2, 2, 2, 1] [6, 6, 8, 5, 7, 5, 7, 4, 4, 6, 6, 8, 4, 5, 5, 5, 5, 8, 6, 7, 5, 5, 5, 5, 5, 5, 6, 5, 3, 4, 3, 4, 4, 3, 3, 5, 4, 4, 4, 3]
B_4 15.96 B 24 [2, 3, 3, 2, 2, 1, 2, 4, 1, 1, 3, 3, 1, 2, 2, 3, 4, 4, 1, 1, 3, 3, 1, 3, 4, 4, 4, 2, 1, 1, 3, 4, 3, 2, 3, 3, 2, 3, 3, 3] [6, 5, 5, 5, 4, 4, 5, 7, 4, 3, 7, 6, 5, 5, 4, 7, 8, 8, 4, 5, 6, 5, 3, 5, 6, 7, 7, 5, 3, 4, 7, 7, 7, 5, 6, 6, 6, 7, 7, 5]
B_5 17.51 B 25 [4, 3, 1, 1, 3, 3, 3, 4, 4, 4, 3, 3, 2, 4, 2, 3, 2, 4, 1, 4, 4, 4, 2, 3, 4, 1, 2, 3, 2, 2, 4, 2, 2, 4, 1, 1, 2, 1, 4, 4] [8, 5, 3, 5, 6, 5, 6, 7, 7, 7, 5, 6, 6, 6, 4, 5, 4, 7, 3, 8, 6, 6, 6, 5, 7, 4, 6, 5, 6, 4, 8, 5, 4, 8, 4, 3, 4, 3, 7, 6]
B_6 18.51 B 26 [4, 3, 3, 4, 2, 1, 2, 3, 4, 1, 3, 3, 2, 1, 4, 4, 1, 1, 1, 1, 4, 4, 4, 2, 4, 2, 1, 4, 3, 4, 4, 1, 2, 4, 1, 2, 1, 3, 1, 4] [7, 6, 5, 7, 4, 5, 4, 6, 6, 3, 6, 6, 6, 5, 7, 6, 3, 4, 5, 5, 8, 7, 8, 6, 7, 6, 3, 6, 6, 6, 7, 4, 4, 8, 3, 6, 4, 7, 3, 7]
B_7 19.51 B 27 [3, 2, 3, 2, 4, 4, 1, 3, 2, 4, 2, 1, 1, 2, 2, 1, 1, 1, 4, 1, 2, 1, 1, 2, 2, 3, 4, 3, 4, 3, 3, 3, 1, 2, 3, 2, 1, 4, 2, 1] [6, 5, 5, 4, 7, 6, 3, 5, 5, 6, 6, 5, 5, 6, 5, 4, 3, 5, 8, 5, 5, 3, 3, 5, 5, 5, 6, 7, 7, 5, 5, 7, 4, 5, 5, 5, 5, 8, 4, 4]
B_8 25.520000000000003 B 28 [4, 1, 2, 2, 2, 4, 2, 2, 4, 1, 1, 1, 2, 1, 2, 4, 3, 2, 1, 2, 2, 3, 3, 1, 1, 2, 3, 4, 3, 1, 1, 4, 3, 3, 3, 3, 1, 1, 1, 1] [6, 4, 6, 6, 6, 6, 4, 6, 7, 5, 4, 4, 4, 5, 6, 7, 6, 5, 5, 5, 5, 7, 6, 3, 3, 6, 6, 7, 6, 3, 3, 7, 7, 7, 5, 5, 4, 5, 4, 5]
B_9 27.790000000000003 B 29 [4, 1, 3, 3, 1, 4, 4, 1, 3, 2, 2, 1, 2, 2, 4, 1, 3, 1, 3, 4, 4, 4, 1, 2, 1, 2, 4, 3, 1, 2, 1, 2, 1, 1, 4, 3, 4, 4, 2, 2] [8, 3, 6, 6, 3, 7, 8, 3, 6, 6, 5, 3, 6, 5, 8, 5, 5, 4, 6, 8, 8, 7, 4, 4, 4, 4, 6, 5, 3, 4, 5, 4, 3, 4, 8, 7, 8, 8, 6, 5]
B_10 28.790000000000003 B 30 [3, 2, 4, 3, 2, 1, 4, 4, 4, 1, 4, 4, 1, 3, 2, 2, 4, 1, 1, 1, 1, 3, 1, 1, 3, 4, 4, 3, 1, 1, 3, 4, 2, 1, 1, 3, 2, 3, 1, 4] [5, 4, 6, 5, 4, 4, 8, 8, 7, 4, 7, 7, 3, 7, 6, 4, 7, 5, 4, 5, 3, 6, 3, 3, 7, 8, 7, 5, 3, 5, 6, 8, 5, 3, 5, 5, 5, 6, 4, 7]
B_11 29.790000000000003 B 31 [1, 4, 4, 3, 3, 3, 2, 1, 2, 1, 4, 3, 2, 4, 2, 4, 4, 4, 4, 1, 4, 2, 3, 1, 4, 2, 1, 3, 4, 2, 4, 1, 3, 3, 3, 3, 3, 4, 4, 3] [3, 7, 6, 7, 6, 5, 5, 5, 4, 4, 7, 5, 4, 8, 4, 6, 7, 6, 8, 3, 8, 4, 7, 4, 7, 5, 4, 7, 7, 4, 8, 5, 5, 7, 5, 5, 6, 7, 6, 5]
B_12 31.770000000000003 B 32 [4, 1, 2, 1, 1, 2, 2, 3, 3, 2, 3, 4, 3, 1, 1, 3, 2, 3, 1, 1, 3, 1, 4, 2, 3, 2, 2, 1, 3, 1, 2, 3, 4, 1, 2, 2, 4, 1, 1, 2] [6, 3, 4, 4, 3, 4, 4, 5, 5, 6, 6, 8, 6, 4, 5, 6, 5, 5, 3, 5, 7, 4, 6, 4, 7, 4, 4, 4, 7, 3, 5, 5, 8, 3, 4, 5, 7, 5, 3, 6]
B_13 34.400000000000006 B 33 [4, 4, 1, 1, 4, 1, 2, 4, 3, 1, 1, 4, 3, 2, 4, 4, 2, 2, 2, 3, 3, 2, 2, 1, 2, 4, 4, 2, 3, 1, 1, 3, 1, 1, 4, 1, 3, 3, 2, 4] [8, 7, 3, 5, 7, 3, 6, 8, 5, 3, 4, 6, 7, 4, 6, 7, 6, 6, 6, 5, 5, 5, 6, 3, 5, 8, 8, 5, 7, 4, 3, 7, 3, 3, 7, 5, 5, 6, 6, 7]
B_14 41.02 B 34 [1, 4, 1, 3, 4, 2, 2, 4, 4, 3, 4, 2, 1, 2, 4, 1, 2, 2, 1, 1, 1, 4, 1, 1, 3, 1, 1, 3, 3, 4, 1, 3, 2, 4, 2, 2, 1, 3, 2, 3] [5, 8, 3, 5, 7, 6, 4, 6, 6, 5, 8, 4, 3, 5, 7, 5, 6, 4, 5, 3, 4, 6, 5, 3, 6, 4, 3, 5, 5, 8, 5, 5, 4, 7, 6, 5, 4, 6, 6, 5]
B_15 49.53 B 35 [2, 3, 1, 1, 2, 1, 4, 1, 4, 3, 4, 4, 4, 2, 3, 4, 4, 1, 3, 4, 1, 4, 4, 3, 3, 1, 2, 2, 3, 3, 3, 3, 2, 1, 2, 4, 1, 1, 2, 4] [5, 6, 5, 3, 4, 4, 8, 3, 6, 6, 6, 6, 7, 4, 7, 7, 7, 3, 7, 7, 3, 8, 6, 5, 6, 3, 6, 5, 5, 7, 5, 5, 5, 5, 5, 6, 3, 3, 5, 6]
B_16 51.74 B 36 [4, 4, 4, 2, 3, 3, 1, 3, 4, 3, 3, 2, 3, 4, 4, 1, 3, 2, 4, 1, 3, 3, 4, 2, 2, 2, 1, 1, 1, 4, 2, 3, 4, 3, 1, 1, 1, 1, 1, 3] [8, 8, 8, 5, 5, 5, 5, 7, 6, 7, 5, 4, 7, 6, 6, 4, 6, 6, 8, 3, 6, 7, 7, 4, 6, 4, 4, 5, 4, 8, 5, 6, 7, 5, 4, 3, 3, 4, 5, 7]
B_17 52.74 B 37 [2, 4, 2, 3, 4, 4, 2, 4, 2, 3, 1, 1, 1, 2, 2, 2, 4, 4, 3, 4, 3, 1, 1, 2, 3, 1, 3, 4, 1, 4, 3, 4, 1, 3, 3, 1, 1, 2, 2, 4] [5, 6, 5, 7, 7, 6, 5, 6, 6, 7, 3, 3, 3, 5, 6, 4, 6, 6, 5, 8, 5, 5, 5, 4, 7, 3, 7, 8, 5, 8, 6, 7, 5, 6, 6, 3, 4, 6, 6, 7]
B_18 57.08 B 38 [1, 3, 2, 4, 4, 4, 3, 4, 2, 4, 4, 1, 2, 1, 3, 3, 3, 2, 1, 2, 3, 3, 1, 2, 3, 4, 1, 2, 1, 2, 1, 4, 1, 2, 2, 2, 1, 2, 3, 3] [4, 7, 6, 8, 8, 8, 6, 8, 5, 7, 7, 3, 5, 5, 6, 6, 5, 6, 5, 6, 7, 7, 3, 4, 7, 7, 3, 4, 4, 6, 4, 6, 3, 6, 6, 5, 5, 6, 5, 6]
B_19 64.03 B 39 [3, 3, 3, 1, 1, 3, 3, 3, 1, 4, 4, 4, 3, 4, 3, 3, 1, 1, 1, 4, 2, 4, 4, 1, 3, 4, 4, 1, 1, 2, 4, 3, 2, 4, 3, 4, 3, 4, 3, 1] [6, 6, 6, 4, 4, 7, 5, 5, 4, 8, 8, 6, 6, 6, 5, 5, 5, 3, 5, 7, 5, 8, 7, 3, 5, 6, 7, 4, 5, 5, 7, 5, 6, 7, 5, 6, 7, 7, 6, 5]
