A_0 1 A 0 [3, 1, 1, 1, 4, 2, 3, 3, 1, 4, 1, 1, 2, 1, 2, 3, 4, 3, 4, 4, 3, 2, 1, 4, 1, 1, 2, 4, 4, 1, 1, 4, 2, 4, 2, 2, 3, 1, 3, 1] [6, 4, 4, 4, 6, 6, 5, 5, 3, 8, 3, 4, 6, 3, 5, 5, 8, 7, 8, 6, 6, 6, 5, 8, 3, 5, 6, 6, 6, 4, 5, 6, 4, 7, 5, 6, 6, 5, 7, 4]
A_1 2.42 A 1 [1, 4, 2, 4, 3, 3, 4, 3, 4, 4, 1, 2, 3, 2, 2, 1, 4, 4, 3, 1, 3, 1, 1, 2, 1, 2, 2, 3, 4, 3, 1, 2, 3, 3, 2, 1, 1, 4, 3, 3] [4, 6, 4, 8, 6, 5, 7, 7, 8, 6, 3, 5, 6, 4, 4, 5, 7, 7, 6, 5, 7, 3, 5, 6, 3, 4, 6, 7, 6, 5, 3, 6, 7, 5, 4, 5, 4, 7, 7, 5]
A_2 8.120000000000001 A 2 [1, 2, 2, 2, 1, 4, 3, 4, 3, 1, 4, 4, 3, 1, 1, 1, 3, 1, 2, 1, 2, 4, 1, 4, 2, 4, 1, 2, 1, 1, 2, 4, 3, 2, 3, 3, 3, 2, 3, 1] [4, 4, 6, 4, 4, 8, 6, 8, 7, 3, 6, 8, 6, 3, 4, 3, 5, 3, 6, 3, 4, 6, 5, 8, 5, 8, 5, 4, 5, 4, 4, 6, 5, 5, 5, 5, 7, 4, 6, 5]
A_3 9.120000000000001 A 3 [1, 4, 2, 3, 1, 1, 2, 3, 4, 2, 3, 1, 4, 1, 2, 1, 1, 1, 1, 1, 4, 3, 2, 4, 4, 3, 4, 4, 3, 2, 3, 4, 1, 1, 1, 2, 2, 3, 1, 1] [4, 8, 4, 5, 4, 3, 5, 5, 7, 6, 6, 3, 6, 3, 5, 3, 5, 4, 3, 3, 7, 6, 5, 8, 6, 7, 8, 6, 5, 5, 7, 8, 5, 3, 4, 5, 6, 6, 5, 5]
A_4 12.990000000000002 A 4 [4, 3, 1, 1, 2, 1, 4, 1, 2, 1, 3, 1, 1, 4, 3, 2, 2, 3, 1, 2, 2, 1, 3, 4, 2, 2, 4, 2, 1, 4, 2, 4, 2, 2, 3, 3, 3, 2, 1, 3] [6, 6, 4, 4, 4, 4, 6, 5, 5, 5, 5, 4, 3, 8, 6, 4, 6, 7, 3, 6, 4, 5, 5, 7, 4, 5, 7, 5, 5, 7, 4, 8, 6, 6, 7, 7, 5, 6, 5, 6]
A_5 15.710000000000003 A 5 [2, 3, 4, 1, 1, 3, 4, 2, 4, 4, 3, 4, 2, 3, 1, 1, 1, 2, 1, 1, 4, 3, 1, 2, 2, 2, 3, 4, 4, 1, 4, 3, 2, 1, 1, 2, 4, 4, 1, 3] [6, 5, 8, 3, 4, 6, 8, 6, 8, 6, 5, 6, 6, 6, 3, 3, 4, 5, 3, 3, 7, 7, 4, 6, 5, 5, 6, 6, 6, 4, 8, 6, 5, 5, 3, 4, 7, 7, 4, 6]
A_6 16.71 A 6 [3, 4, 3, 2, 4, 4, 3, 2, 3, 3, 1, 2, 3, 4, 3, 4, 3, 3, 4, 2, 1, 4, 2, 1, 3, 4, 4, 2, 1, 2, 3, 4, 4, 4, 3, 4, 1, 2, 4, 1] [5, 7, 6, 5, 6, 8, 5, 6, 5, 7, 3, 5, 6, 8, 6, 6, 5, 6, 6, 6, 4, 6, 6, 3, 6, 8, 7, 6, 4, 6, 6, 7, 7, 7, 7, 7, 3, 5, 6, 4]
A_7 19.310000000000002 A 7 [3, 3, 4, 3, 1, 2, 2, 1, 1, 3, 1, 3, 1, 1, 3, 1, 4, 3, 2, 2, 4, 2, 4, 4, 2, 3, 1, 2, 1, 1, 4, 4, 2, 1, 1, 3, 1, 4, 2, 1] [5, 7, 8, 5, 5, 6, 6, 3, 4, 6, 5, 7, 3, 5, 7, 5, 8, 5, 4, 5, 6, 6, 8, 7, 6, 6, 4, 5, 5, 4, 8, 7, 6, 5, 4, 6, 3, 6, 5, 3]
A_8 21.070000000000004 A 8 [1, 4, 3, 4, 2, 4, 3, 1, 2, 2, 4, 4, 1, 1, 1, 4, 2, 4, 2, 4, 2, 3, 2, 2, 1, 4, 4, 4, 3, 3, 3, 2, 1, 3, 2, 1, 2, 4, 4, 3] [3, 8, 7, 7, 5, 8, 5, 4, 6, 5, 7, 7, 5, 4, 5, 7, 6, 6, 5, 6, 6, 6, 4, 5, 5, 7, 7, 6, 7, 5, 5, 5, 3, 7, 6, 5, 5, 7, 6, 6]
A_9 22.310000000000002 A 9 [4, 4, 1, 2, 1, 4, 3, 3, 2, 2, 2, 2, 2, 4, 2, 3, 3, 2, 3, 4, 4, 1, 3, 1, 4, 1, 2, 3, 3, 1, 1, 1, 4, 4, 2, 3, 1, 3, 1, 3] [8, 6, 3, 6, 5, 6, 7, 6, 5, 6, 4, 4, 5, 8, 4, 5, 5, 4, 6, 7, 8, 4, 5, 5, 7, 3, 6, 6, 5, 4, 3, 5, 8, 6, 6, 7, 3, 5, 3, 6]
A_10 26.67 A 10 [1, 1, 4, 3, 3, 3, 1, 1, 4, 2, 4, 2, 2, 1, 4, 3, 2, 1, 3, 2, 3, 1, 2, 1, 4, 4, 4, 3, 1, 1, 4, 4, 3, 4, 1, 1, 3, 2, 2, 1] [3, 3, 6, 6, 5, 5, 3, 5, 7, 4, 8, 6, 4, 4, 7, 7, 4, 4, 6, 6, 7, 5, 5, 4, 6, 6, 8, 5, 3, 4, 6, 7, 7, 8, 3, 3, 5, 4, 4, 3]
A_11 27.67 A 11 [1, 2, 4, 1, 1, 4, 2, 3, 4, 2, 2, 1, 1, 2, 1, 4, 3, 3, 3, 4, 4, 1, 3, 2, 2, 3, 1, 1, 3, 3, 4, 3, 1, 3, 3, 3, 1, 2, 2, 1] [4, 5, 8, 3, 4, 6, 5, 7, 7, 4, 6, 3, 3, 6, 5, 6, 5, 7, 6, 8, 7, 5, 7, 5, 5, 6, 3, 3, 5, 5, 6, 5, 3, 6, 7, 5, 3, 4, 5, 4]
A_12 28.67 A 12 [2, 3, 3, 4, 1, 2, 3, 1, 1, 2, 2, 1, 2, 4, 2, 2, 3, 2, 2, 1, 1, 3, 1, 4, 3, 2, 2, 1, 1, 2, 4, 1, 3, 2, 2, 4, 4, 2, 4, 1] [6, 6, 6, 6, 3, 6, 6, 3, 5, 5, 4, 3, 4, 8, 6, 6, 7, 5, 6, 4, 3, 5, 3, 8, 7, 4, 4, 4, 3, 6, 7, 4, 5, 5, 4, 6, 6, 4, 6, 3]
A_13 29.67 A 13 [1, 2, 1, 1, 4, 3, 4, 1, 1, 4, 1, 2, 4, 2, 2, 2, 4, 2, 4, 2, 4, 3, 1, 2, 1, 1, 4, 4, 4, 2, 3, 4, 3, 1, 1, 3, 3, 3, 1, 4] [3, 4, 3, 3, 8, 6, 8, 5, 4, 8, 4, 6, 8, 5, 5, 4, 8, 5, 6, 5, 7, 5, 5, 6, 4, 5, 8, 6, 7, 4, 5, 8, 5, 3, 5, 5, 5, 7, 4, 7]
A_14 31.19 A 14 [2, 2, 1, 2, 3, 1, 3, 3, 1, 2, 4, 1, 2, 2, 1, 2, 3, 3, 4, 2, 3, 3, 4, 4, 3, 1, 3, 2, 2, 3, 2, 2, 1, 1, 3, 2, 4, 3, 4, 4] [5, 4, 4, 5, 6, 3, 6, 7, 5, 4, 7, 5, 6, 5, 5, 5, 5, 6, 8, 6, 7, 7, 6, 6, 5, 4, 5, 4, 5, 5, 6, 4, 4, 5, 5, 6, 6, 7, 6, 6]
A_15 40.29 A 15 [3, 1, 1, 1, 2, 1, 4, 1, 4, 3, 3, 4, 2, 2, 2, 4, 1, 2, 2, 3, 1, 2, 4, 2, 2, 1, 3, 2, 3, 4, 2, 3, 1, 1, 3, 1, 1, 3, 1, 1] [5, 5, 3, 3, 4, 3, 6, 5, 7, 5, 7, 6, 6, 4, 5, 7, 3, 5, 4, 7, 3, 4, 7, 5, 6, 4, 5, 5, 7, 7, 6, 7, 3, 3, 6, 4, 5, 6, 4, 5]
A_16 47.1 A 16 [4, 4, 3, 1, 2, 1, 3, 4, 2, 3, 2, 3, 3, 4, 3, 1, 3, 4, 2, 3, 2, 2, 3, 1, 3, 1, 3, 2, 3, 1, 1, 1, 4, 1, 4, 3, 2, 3, 4, 3] [8, 7, 5, 5, 6, 4, 5, 8, 6, 5, 4, 5, 7, 8, 5, 3, 7, 8, 5, 5, 4, 5, 6, 3, 5, 3, 5, 4, 5, 5, 4, 4, 8, 5, 8, 6, 6, 5, 6, 7]
A_17 48.1 A 17 [3, 4, 1, 1, 3, 2, 3, 3, 4, 2, 1, 3, 2, 2, 3, 2, 4, 4, 1, 3, 4, 1, 3, 3, 2, 1, 4, 3, 3, 2, 4, 4, 2, 2, 1, 1, 4, 3, 3, 2] [7, 7, 3, 4, 7, 5, 6, 5, 6, 4, 4, 7, 5, 5, 6, 5, 8, 6, 4, 6, 6, 4, 7, 5, 5, 5, 6, 6, 6, 4, 8, 7, 5, 5, 4, 5, 7, 6, 5, 4]
A_18 51.84 A 18 [4, 3, 2, 1, 1, 1, 4, 2, 2, 3, 3, 3, 2, 4, 4, 2, 2, 1, 3, 4, 1, 4, 4, 3, 4, 2, 4, 2, 1, 4, 4, 2, 3, 1, 3, 2, 1, 3, 3, 4] [8, 6, 6, 3, 3, 3, 6, 4, 5, 6, 6, 6, 6, 6, 8, 4, 5, 4, 7, 6, 5, 6, 8, 7, 7, 5, 8, 5, 4, 8, 6, 6, 5, 3, 5, 5, 5, 7, 6, 7]
A_19 55.38 A 19 [4, 1, 1, 1, 2, 1, 2, 2, 4, 4, 2, 4, 1, 2, 2, 3, 3, 3, 4, 2, 1, 3, 4, 2, 3, 4, 3, 4, 2, 4, 3, 2, 2, 4, 3, 4, 4, 3, 1, 1] [6, 5, 3, 3, 6, 3, 6, 5, 6, 7, 6, 8, 4, 5, 6, 7, 5, 6, 6, 5, 3, 7, 7, 4, 6, 8, 6, 6, 4, 6, 6, 6, 6, 6, 5, 7, 6, 5, 3, 5]
B_0 1 B 20 [3, 3, 2, 4, 2, 4, 1, 4, 2, 4, 3, 4, 1, 4, 3, 1, 2, 4, 1, 1, 1, 2, 3, 4, 3, 1, 4, 2, 3, 4, 4, 4, 4, 4, 3, 3, 1, 3, 2, 2] [6, 7, 4, 7, 4, 7, 4, 6, 6, 8, 7, 7, 3, 7, 7, 3, 4, 6, 5, 3, 4, 6, 7, 8, 5, 3, 8, 6, 6, 8, 8, 8, 7, 8, 6, 5, 4, 6, 4, 4]
B_1 2 B 21 [2, 1, 4, 3, 1, 3, 4, 2, 3, 1, 1, 1, 3, 3, 3, 2, 2, 1, 4, 3, 2, 1, 4, 2, 2, 4, 1, 4, 2, 4, 2, 1, 4, 4, 2, 2, 1, 4, 2, 2] [6, 3, 6, 6, 5, 7, 6, 6, 6, 4, 5, 5, 5, 5, 7, 4, 5, 4, 6, 7, 6, 5, 6, 6, 4, 6, 4, 6, 6, 8, 5, 4, 7, 8, 6, 4, 5, 8, 6, 4]
B_2 3 B 22 [1, 1, 1, 2, 3, 1, 2, 4, 2, 3, 2, 3, 1, 1, 4, 4, 3, 3, 4, 4, 3, 4, 2, 3, 2, 1, 2, 4, 3, 4, 2, 4, 2, 1, 3, 4, 3, 2, 2, 1] [5, 5, 5, 5, 5, 4, 6, 8, 4, 5, 5, 7, 3, 5, 6, 7, 6, 7, 8, 7, 7, 6, 4, 7, 5, 5, 5, 8, 7, 7, 4, 8, 5, 4, 6, 6, 6, 4, 4, 4]
B_3 4 B 23 [4, 2, 4, 4, 4, 2, 1, 4, 2, 1, 1, 2, 4, 2, 4, 2, 1, 3, 3, 2, 4, 2, 3, 1, 1, 3, 4, 3, 4, 1, 4, 1, 4, 4, 2, 3, 4, 1, 2, 1] [8, 6, 8, 8, 7, 6, 3, 7, 5, 5, 4, 5, 8, 6, 6, 5, 3, 5, 7, 4, 8, 6, 7, 3, 4, 7, 7, 6, 8, 3, 7, 5, 6, 8, 6, 7, 6, 3, 4, 3]
B_4 15.2 B 24 [1, 1, 2, 4, 2, 2, 3, 2, 1, 4, 4, 2, 3, 1, 3, 2, 3, 2, 4, 3, 3, 2, 2, 1, 4, 1, 4, 4, 4, 1, 4, 3, 4, 2, 1, 3, 1, 4, 3, 3] [3, 3, 5, 6, 4, 5, 6, 6, 5, 7, 6, 5, 7, 4, 5, 6, 5, 5, 7, 6, 5, 4, 5, 4, 8, 5, 7, 8, 7, 4, 7, 5, 7, 4, 5, 7, 3, 7, 7, 7]
B_5 18.4 B 25 [1, 2, 4, 3, 2, 2, 4, 3, 4, 1, 4, 3, 2, 1, 1, 1, 1, 1, 2, 4, 1, 4, 1, 3, 1, 2, 1, 3, 2, 3, 3, 4, 3, 3, 4, 4, 4, 3, 4, 2] [5, 4, 8, 7, 5, 5, 8, 6, 7, 3, 6, 6, 4, 5, 4, 4, 3, 5, 5, 8, 3, 6, 5, 7, 5, 5, 3, 5, 6, 5, 6, 7, 5, 5, 8, 8, 6, 6, 7, 4]
B_6 20.599999999999998 B 26 [2, 2, 1, 4, 4, 3, 4, 1, 4, 2, 4, 1, 2, 4, 3, 3, 3, 4, 4, 3, 4, 1, 2, 4, 4, 1, 3, 1, 1, 2, 1, 1, 4, 3, 2, 1, 1, 4, 4, 4] [6, 6, 5, 8, 7, 6, 7, 4, 7, 6, 8, 3, 4, 8, 5, 5, 5, 6, 8, 6, 8, 4, 5, 7, 7, 3, 6, 3, 5, 6, 3, 3, 6, 7, 5, 4, 4, 7, 8, 8]
B_7 24.839999999999996 B 27 [4, 3, 2, 4, 2, 4, 2, 2, 4, 3, 3, 1, 1, 4, 2, 2, 2, 3, 2, 4, 2, 4, 4, 3, 4, 3, 1, 2, 4, 3, 4, 3, 1, 2, 4, 3, 2, 4, 1, 3] [6, 7, 4, 6, 5, 6, 6, 5, 6, 6, 5, 3, 4, 6, 4, 5, 4, 6, 5, 6, 6, 6, 8, 6, 8, 5, 3, 4, 6, 5, 8, 7, 3, 5, 8, 5, 6, 8, 5, 7]
B_8 26.449999999999996 B 28 [4, 4, 1, 3, 1, 4, 1, 1, 3, 3, 1, 3, 1, 4, 2, 3, 3, 3, 1, 2, 3, 2, 3, 4, 4, 2, 1, 4, 1, 4, 2, 3, 3, 1, 3, 3, 4, 3, 4, 1] [6, 6, 5, 5, 5, 6, 4, 5, 7, 5, 3, 5, 3, 7, 5, 7, 5, 6, 4, 4, 6, 6, 7, 8, 7, 6, 5, 6, 5, 6, 5, 5, 7, 5, 6, 7, 7, 5, 8, 5]
B_9 29.579999999999995 B 29 [1, 3, 1, 2, 4, 1, 2, 1, 3, 1, 1, 3, 2, 2, 3, 4, 1, 2, 4, 4, 4, 4, 4, 1, 1, 3, 2, 3, 4, 2, 3, 3, 4, 1, 2, 1, 3, 1, 1, 2] [4, 5, 4, 5, 7, 4, 6, 4, 5, 4, 4, 5, 6, 4, 5, 7, 5, 4, 8, 6, 8, 8, 7, 3, 4, 5, 6, 5, 6, 6, 5, 5, 8, 3, 6, 4, 5, 4, 5, 5]
B_10 30.579999999999995 B 30 [1, 1, 2, 3, 2, 4, 3, 4, 3, 1, 4, 4, 4, 3, 2, 2, 1, 4, 4, 3, 4, 2, 2, 4, 4, 3, 1, 4, 2, 3, 4, 2, 2, 4, 4, 2, 1, 4, 2, 3] [5, 3, 4, 7, 4, 8, 6, 8, 5, 3, 6, 6, 7, 5, 6, 6, 4, 8, 6, 6, 8, 5, 4, 7, 7, 6, 3, 8, 5, 5, 6, 6, 4, 7, 7, 4, 5, 8, 4, 7]
B_11 34.519999999999996 B 31 [4, 2, 4, 4, 4, 3, 4, 4, 2, 1, 4, 3, 1, 4, 2, 3, 1, 4, 2, 2, 4, 1, 4, 1, 3, 4, 1, 3, 3, 3, 2, 2, 4, 1, 4, 1, 1, 1, 4, 3] [6, 6, 6, 8, 8, 6, 7, 7, 5, 5, 7, 5, 4, 8, 4, 7, 4, 7, 6, 6, 8, 4, 8, 5, 5, 7, 3, 7, 5, 5, 6, 4, 6, 3, 6, 4, 3, 5, 8, 7]
B_12 35.97 B 32 [2, 3, 3, 1, 2, 2, 4, 2, 1, 4, 3, 1, 3, 3, 1, 1, 4, 2, 3, 2, 4, 4, 2, 4, 4, 3, 4, 1, 3, 4, 2, 4, 1, 4, 2, 3, 3, 1, 2, 3] [4, 7, 5, 5, 6, 5, 7, 6, 3, 8, 7, 3, 5, 5, 4, 3, 8, 5, 5, 6, 7, 7, 5, 6, 7, 5, 6, 3, 7, 8, 4, 6, 5, 8, 5, 5, 7, 3, 6, 6]
B_13 37.019999999999996 B 33 [4, 3, 2, 1, 2, 1, 4, 1, 3, 4, 4, 3, 2, 1, 1, 1, 1, 2, 1, 4, 4, 4, 1, 4, 2, 3, 3, 2, 1, 1, 4, 1, 4, 4, 2, 3, 4, 1, 2, 1] [7, 5, 5, 3, 6, 5, 7, 5, 7, 6, 8, 6, 5, 3, 5, 3, 5, 5, 3, 6, 8, 8, 4, 8, 4, 5, 7, 5, 5, 3, 7, 3, 8, 7, 6, 5, 6, 5, 6, 4]
B_14 38.29 B 34 [2, 2, 3, 1, 3, 1, 3, 1, 2, 2, 1, 3, 2, 1, 3, 3, 4, 1, 3, 3, 3, 2, 3, 2, 1, 4, 2, 4, 3, 2, 4, 4, 2, 2, 4, 4, 2, 2, 4, 1] [5, 4, 5, 4, 7, 3, 7, 4, 6, 6, 3, 7, 4, 5, 5, 6, 8, 4, 5, 5, 6, 6, 6, 6, 5, 8, 5, 8, 6, 6, 7, 6, 5, 6, 6, 8, 6, 5, 8, 5]
B_15 39.29 B 35 [2, 1, 3, 2, 3, 2, 4, 3, 1, 3, 1, 3, 4, 3, 2, 1, 3, 1, 2, 4, 3, 2, 4, 3, 3, 4, 1, 3, 3, 1, 2, 1, 3, 3, 4, 3, 2, 3, 3, 3] [6, 5, 5, 5, 7, 4, 7, 6, 5, 7, 3, 5, 6, 5, 6, 4, 6, 5, 5, 7, 5, 4, 6, 7, 7, 8, 4, 5, 7, 4, 4, 4, 5, 5, 8, 5, 6, 6, 5, 7]
B_16 40.29 B 36 [3, 1, 3, 2, 3, 4, 1, 1, 2, 1, 3, 1, 4, 3, 4, 1, 2, 4, 1, 4, 1, 1, 3, 4, 1, 4, 1, 2, 4, 3, 1, 1, 3, 4, 2, 2, 3, 4, 2, 2] [6, 4, 7, 6, 5, 7, 3, 3, 5, 3, 5, 3, 6, 5, 6, 5, 6, 7, 5, 6, 4, 5, 6, 6, 3, 6, 4, 6, 7, 5, 5, 3, 7, 6, 6, 6, 5, 6, 6, 5]
B_17 43.75 B 37 [1, 4, 2, 3, 2, 4, 2, 4, 4, 3, 2, 2, 2, 3, 3, 3, 3, 3, 3, 3, 3, 4, 2, 1, 4, 3, 4, 4, 3, 1, 4, 1, 1, 1, 2, 3, 4, 4, 4, 3] [5, 7, 4, 6, 6, 7, 5, 6, 7, 5, 4, 4, 4, 7, 7, 6, 5, 6, 7, 5, 6, 8, 4, 3, 7, 6, 7, 8, 5, 4, 8, 5, 3, 5, 5, 6, 6, 6, 7, 6]
B_18 45.28 B 38 [3, 3, 3, 1, 1, 1, 4, 2, 4, 1, 2, 2, 4, 1, 4, 1, 4, 3, 3, 1, 2, 2, 2, 2, 3, 4, 4, 1, 4, 1, 2, 4, 2, 2, 4, 3, 2, 4, 1, 1] [7, 7, 6, 5, 5, 4, 6, 5, 6, 3, 4, 5, 6, 4, 6, 4, 6, 5, 6, 3, 4, 6, 4, 4, 7, 7, 8, 5, 8, 5, 4, 8, 6, 6, 8, 5, 6, 7, 3, 3]
B_19 46.78 B 39 [1, 3, 1, 1, 3, 3, 1, 1, 3, 3, 1, 1, 1, 4, 4, 1, 3, 2, 4, 1, 2, 2, 1, 1, 3, 2, 4, 3, 1, 2, 3, 3, 3, 1, 1, 3, 2, 3, 1, 2] [4, 5, 5, 5, 6, 6, 4, 3, 6, 6, 3, 4, 3, 7, 6, 5, 7, 4, 7, 5, 4, 4, 4, 3, 7, 4, 8, 7, 5, 5, 7, 7, 6, 4, 5, 7, 5, 6, 3, 6]
