A_0 3.19 A 0 [1, 2, 3, 1, 3, 4, 2, 3, 2, 1, 2, 1, 1, 4, 2, 2, 2, 3, 3, 1, 1, 2, 3, 1, 1, 3, 3, 1, 4, 1, 3, 2, 4, 3, 3, 4, 3, 3, 4, 2] [4, 6, 6, 4, 7, 7, 4, 5, 5, 3, 6, 3, 3, 6, 4, 6, 4, 5, 7, 4, 5, 5, 7, 5, 4, 7, 7, 4, 7, 3, 7, 6, 8, 7, 7, 6, 6, 7, 7, 4]
A_1 6.18 A 1 [2, 2, 2, 1, 4, 2, 3, 4, 3, 4, 3, 2, 1, 2, 4, 4, 4, 1, 4, 4, 2, 3, 2, 1, 1, 3, 2, 4, 4, 2, 1, 1, 3, 3, 1, 1, 1, 3, 4, 3] [6, 6, 4, 5, 6, 6, 6, 8, 7, 7, 7, 4, 3, 4, 6, 8, 7, 3, 6, 6, 6, 5, 5, 4, 3, 7, 5, 8, 6, 6, 3, 5, 5, 6, 3, 5, 4, 6, 8, 5]
A_2 7.63 A 2 [3, 2, 4, 1, 2, 1, 3, 2, 1, 2, 2, 3, 2, 4, 4, 2, 4, 3, 4, 3, 1, 2, 2, 3, 4, 2, 4, 1, 2, 4, 2, 2, 4, 2, 2, 4, 3, 4, 1, 4] [6, 4, 8, 5, 6, 4, 5, 5, 5, 5, 4, 7, 5, 7, 6, 4, 8, 5, 6, 5, 4, 6, 5, 5, 6, 5, 8, 4, 5, 8, 4, 6, 6, 4, 5, 8, 7, 7, 4, 8]
A_3 11.75 A 3 [1, 1, 1, 1, 2, 3, 4, 2, 3, 4, 2, 2, 4, 1, 3, 1, 1, 2, 3, 4, 1, 1, 1, 4, 3, 3, 2, 2, 4, 4, 1, 1, 2, 4, 3, 4, 1, 4, 1, 2] [4, 5, 5, 5, 5, 5, 8, 6, 5, 6, 6, 4, 6, 4, 6, 5, 5, 4, 5, 8, 3, 5, 3, 8, 7, 7, 4, 6, 7, 6, 5, 3, 4, 8, 7, 8, 3, 6, 4, 6]
A_4 13.06 A 4 [3, 4, 2, 2, 2, 3, 4, 4, 1, 1, 1, 1, 4, 1, 2, 2, 3, 3, 4, 2, 2, 1, 4, 1, 4, 2, 4, 4, 1, 1, 3, 4, 4, 1, 3, 1, 2, 1, 3, 1] [7, 6, 6, 5, 5, 6, 8, 6, 3, 4, 3, 3, 6, 3, 5, 6, 6, 7, 7, 6, 5, 4, 7, 5, 8, 5, 7, 7, 3, 4, 7, 6, 7, 4, 6, 4, 5, 5, 6, 3]
A_5 16.490000000000002 A 5 [4, 2, 1, 3, 3, 3, 3, 4, 1, 2, 3, 1, 3, 3, 1, 3, 3, 4, 3, 2, 4, 3, 2, 2, 1, 4, 2, 3, 3, 2, 3, 1, 2, 2, 3, 4, 1, 1, 3, 2] [7, 6, 4, 5, 6, 5, 7, 6, 3, 4, 5, 4, 7, 7, 3, 6, 5, 8, 6, 4, 7, 6, 4, 6, 5, 8, 5, 6, 6, 5, 5, 5, 4, 4, 7, 8, 5, 3, 6, 6]
A_6 20.590000000000003 A 6 [2, 3, 3, 4, 4, 3, 1, 1, 3, 4, 1, 3, 3, 1, 3, 2, 1, 3, 2, 1, 4, 4, 3, 2, 4, 1, 4, 4, 2, 1, 4, 1, 3, 4, 4, 2, 4, 1, 1, 1] [4, 6, 5, 8, 8, 7, 4, 5, 6, 8, 3, 7, 5, 3, 7, 6, 3, 7, 5, 5, 7, 6, 7, 5, 8, 5, 6, 8, 6, 3, 7, 3, 7, 8, 7, 4, 6, 4, 5, 5]
A_7 24.080000000000005 A 7 [3, 4, 2, 2, 4, 4, 1, 3, 1, 2, 3, 1, 4, 1, 3, 1, 2, 1, 1, 4, 1, 4, 3, 3, 3, 1, 1, 2, 1, 3, 1, 1, 1, 4, 4, 3, 4, 4, 2, 3] [5, 8, 5, 6, 6, 6, 5, 5, 4, 4, 6, 3, 8, 4, 6, 4, 6, 4, 5, 7, 4, 6, 6, 6, 7, 4, 3, 4, 4, 6, 3, 4, 3, 8, 7, 6, 6, 8, 5, 5]
A_8 27.340000000000003 A 8 [2, 3, 1, 3, 1, 1, 3, 1, 2, 4, 4, 3, 3, 4, 3, 2, 1, 2, 3, 2, 4, 4, 3, 4, 4, 1, 4, 1, 4, 2, 2, 1, 1, 2, 3, 1, 1, 3, 1, 4] [5, 7, 5, 5, 3, 3, 6, 4, 6, 7, 6, 7, 5, 6, 6, 6, 3, 6, 7, 4, 7, 6, 6, 7, 8, 4, 6, 4, 7, 6, 6, 5, 3, 4, 7, 4, 3, 7, 3, 8]
A_9 28.340000000000003 A 9 [1, 4, 2, 4, 1, 2, 4, 2, 4, 2, 3, 1, 4, 1, 2, 4, 1, 4, 2, 1, 2, 2, 4, 1, 1, 4, 4, 4, 3, 1, 3, 4, 3, 2, 1, 2, 3, 4, 3, 4] [3, 7, 5, 6, 4, 4, 8, 4, 7, 4, 5, 5, 8, 5, 5, 8, 3, 6, 5, 3, 5, 4, 7, 5, 4, 8, 8, 6, 5, 4, 6, 8, 6, 5, 5, 4, 7, 8, 6, 6]
A_10 36.2 A 10 [2, 3, 2, 2, 1, 3, 1, 3, 4, 3, 1, 4, 2, 1, 3, 1, 1, 4, 4, 2, 2, 3, 2, 2, 4, 3, 4, 3, 4, 2, 2, 3, 3, 2, 2, 4, 2, 4, 4, 3] [6, 7, 4, 6, 3, 5, 3, 6, 6, 5, 4, 6, 6, 4, 5, 3, 4, 8, 7, 4, 4, 5, 6, 4, 6, 5, 6, 5, 7, 6, 6, 5, 5, 6, 6, 7, 6, 6, 8, 5]
A_11 49.02 A 11 [1, 2, 3, 2, 1, 1, 3, 1, 3, 1, 4, 3, 2, 3, 2, 3, 3, 4, 3, 2, 3, 1, 4, 4, 4, 2, 3, 2, 4, 3, 4, 2, 4, 1, 4, 3, 1, 2, 1, 3] [3, 4, 7, 4, 3, 4, 7, 3, 7, 5, 6, 5, 4, 5, 5, 7, 7, 7, 5, 4, 6, 5, 8, 8, 6, 4, 5, 6, 6, 5, 7, 4, 8, 5, 6, 6, 3, 6, 5, 6]
A_12 50.02 A 12 [1, 1, 2, 4, 4, 3, 3, 4, 3, 4, 2, 2, 3, 2, 2, 3, 4, 4, 2, 3, 1, 4, 4, 1, 3, 3, 4, 1, 1, 3, 2, 4, 3, 2, 1, 3, 4, 1, 1, 3] [3, 3, 5, 6, 6, 7, 5, 8, 5, 8, 6, 4, 6, 6, 6, 6, 7, 7, 4, 7, 3, 6, 6, 5, 5, 5, 8, 3, 4, 5, 4, 6, 5, 6, 5, 6, 6, 5, 3, 5]
A_13 56.620000000000005 A 13 [4, 2, 4, 1, 1, 3, 1, 1, 4, 1, 1, 3, 2, 2, 3, 2, 1, 3, 2, 2, 2, 1, 2, 3, 2, 4, 1, 3, 3, 1, 3, 1, 1, 3, 3, 2, 3, 1, 1, 3] [6, 4, 7, 4, 3, 7, 3, 4, 6, 5, 4, 5, 6, 4, 7, 6, 5, 5, 5, 6, 4, 3, 6, 5, 4, 8, 4, 7, 7, 5, 7, 3, 4, 6, 7, 4, 6, 4, 3, 7]
A_14 57.620000000000005 A 14 [2, 4, 4, 3, 2, 1, 3, 3, 3, 2, 3, 2, 2, 3, 3, 4, 1, 3, 2, 2, 3, 3, 1, 4, 1, 1, 1, 4, 3, 2, 2, 1, 3, 3, 4, 2, 3, 3, 4, 3] [4, 6, 6, 6, 5, 3, 7, 6, 6, 5, 5, 5, 6, 7, 7, 8, 5, 6, 4, 5, 7, 5, 5, 8, 4, 4, 4, 7, 6, 6, 5, 4, 5, 5, 8, 4, 7, 7, 6, 5]
A_15 63.89 A 15 [2, 4, 2, 1, 2, 3, 2, 1, 2, 4, 1, 3, 3, 2, 4, 3, 1, 3, 2, 1, 4, 3, 2, 2, 1, 3, 4, 1, 3, 2, 3, 1, 1, 1, 1, 2, 2, 2, 2, 1] [6, 8, 4, 5, 6, 6, 6, 4, 6, 8, 3, 7, 6, 6, 8, 7, 3, 6, 6, 3, 6, 5, 6, 4, 5, 6, 6, 3, 6, 4, 5, 3, 3, 3, 5, 5, 6, 4, 6, 3]
A_16 64.89 A 16 [2, 4, 4, 1, 3, 3, 1, 2, 1, 1, 1, 3, 4, 1, 1, 1, 4, 4, 4, 3, 2, 2, 2, 2, 4, 3, 2, 1, 2, 1, 1, 1, 2, 3, 3, 1, 4, 1, 3, 1] [4, 7, 8, 5, 6, 5, 3, 6, 3, 3, 4, 7, 7, 5, 5, 3, 7, 6, 7, 6, 5, 6, 4, 4, 6, 7, 6, 5, 6, 5, 5, 3, 6, 5, 6, 3, 7, 3, 6, 3]
A_17 70.41 A 17 [3, 1, 3, 2, 3, 4, 3, 1, 2, 4, 4, 4, 4, 3, 3, 3, 4, 3, 2, 3, 4, 2, 4, 1, 4, 1, 2, 2, 4, 4, 1, 1, 1, 2, 4, 1, 2, 1, 4, 4] [5, 3, 5, 4, 7, 8, 7, 4, 6, 6, 8, 7, 7, 5, 6, 6, 6, 5, 5, 7, 7, 6, 8, 5, 7, 3, 4, 6, 8, 6, 5, 4, 5, 4, 8, 3, 6, 4, 6, 6]
A_18 73.1 A 18 [3, 4, 4, 3, 4, 3, 2, 1, 3, 2, 4, 3, 2, 2, 2, 2, 4, 2, 2, 3, 1, 1, 2, 3, 4, 3, 4, 1, 3, 4, 3, 1, 2, 2, 2, 2, 4, 3, 3, 1] [7, 6, 6, 5, 7, 6, 5, 5, 7, 5, 7, 5, 4, 5, 4, 6, 7, 5, 6, 6, 4, 4, 5, 6, 8, 6, 8, 3, 6, 7, 5, 5, 4, 5, 4, 6, 8, 6, 7, 4]
A_19 74.39999999999999 A 19 [1, 4, 3, 4, 2, 2, 1, 4, 2, 1, 2, 2, 3, 2, 2, 1, 3, 3, 3, 3, 1, 2, 4, 4, 3, 4, 2, 3, 1, 4, 1, 1, 1, 1, 4, 4, 4, 3, 4, 3] [4, 6, 5, 8, 6, 4, 5, 7, 4, 3, 4, 4, 7, 6, 5, 3, 6, 7, 6, 6, 4, 4, 7, 8, 5, 8, 4, 6, 4, 6, 4, 4, 4, 3, 6, 6, 7, 5, 7, 5]
B_0 1 B 20 [1, 2, 1, 1, 2, 4, 4, 1, 4, 2, 2, 3, 1, 2, 3, 4, 2, 4, 1, 1, 2, 1, 4, 4, 4, 3, 4, 3, 1, 1, 4, 4, 2, 2, 1, 4, 2, 4, 1, 3] [5, 6, 4, 3, 5, 7, 7, 4, 7, 5, 4, 6, 3, 4, 7, 6, 5, 7, 4, 4, 4, 3, 7, 8, 6, 7, 8, 5, 5, 3, 6, 7, 5, 5, 5, 6, 4, 8, 4, 5]
B_1 2 B 21 [2, 3, 2, 1, 1, 3, 4, 4, 4, 2, 3, 1, 4, 1, 3, 3, 2, 2, 1, 2, 1, 2, 3, 2, 4, 1, 1, 2, 1, 2, 2, 2, 3, 3, 2, 3, 1, 3, 2, 4] [5, 5, 6, 5, 4, 6, 6, 6, 6, 4, 5, 5, 6, 3, 5, 5, 6, 6, 4, 4, 3, 5, 7, 5, 6, 3, 5, 4, 4, 5, 4, 5, 5, 6, 5, 6, 3, 7, 6, 8]
B_2 4.05 B 22 [3, 2, 2, 1, 4, 2, 3, 3, 3, 4, 2, 4, 4, 2, 1, 2, 2, 4, 2, 4, 4, 3, 1, 3, 2, 4, 1, 4, 4, 2, 4, 1, 1, 2, 3, 1, 1, 2, 4, 2] [7, 5, 5, 3, 7, 4, 7, 6, 6, 7, 6, 8, 6, 6, 5, 6, 4, 8, 5, 7, 7, 7, 3, 5, 6, 6, 5, 8, 6, 5, 8, 4, 4, 4, 7, 5, 4, 6, 6, 4]
B_3 6.91 B 23 [1, 1, 3, 4, 1, 2, 2, 3, 4, 1, 2, 4, 1, 3, 4, 2, 2, 1, 3, 4, 4, 2, 3, 4, 2, 3, 3, 4, 2, 3, 3, 1, 4, 4, 1, 3, 4, 3, 1, 4] [5, 4, 5, 8, 5, 6, 5, 6, 7, 5, 4, 8, 5, 5, 8, 4, 4, 5, 6, 8, 8, 5, 5, 7, 4, 6, 7, 7, 6, 7, 5, 4, 6, 6, 5, 6, 6, 7, 5, 7]
B_4 9.14 B 24 [1, 1, 4, 3, 4, 1, 4, 3, 4, 1, 4, 4, 3, 2, 1, 1, 4, 4, 4, 3, 4, 4, 2, 2, 2, 1, 3, 3, 1, 4, 3, 3, 2, 4, 4, 1, 2, 3, 3, 1] [4, 3, 6, 7, 8, 5, 8, 7, 8, 4, 6, 6, 5, 4, 4, 5, 6, 7, 8, 5, 6, 6, 6, 4, 4, 4, 5, 6, 4, 7, 6, 6, 6, 6, 8, 3, 5, 7, 5, 3]
B_5 11.83 B 25 [3, 3, 2, 3, 2, 4, 1, 1, 1, 4, 3, 2, 3, 4, 1, 3, 3, 1, 3, 4, 3, 1, 4, 3, 1, 3, 1, 3, 1, 3, 4, 2, 3, 2, 2, 4, 3, 1, 1, 2] [7, 7, 5, 7, 5, 8, 5, 4, 4, 8, 5, 4, 5, 8, 4, 6, 7, 3, 6, 8, 7, 3, 6, 6, 4, 5, 5, 5, 3, 7, 7, 4, 5, 6, 4, 7, 5, 4, 3, 6]
B_6 13.35 B 26 [3, 2, 4, 2, 4, 2, 4, 1, 4, 4, 4, 3, 4, 1, 1, 4, 2, 2, 4, 2, 4, 1, 1, 3, 3, 1, 2, 2, 2, 4, 1, 3, 2, 2, 2, 1, 3, 3, 3, 2] [7, 5, 8, 4, 7, 5, 6, 3, 6, 8, 6, 5, 8, 4, 4, 6, 6, 4, 8, 4, 8, 5, 5, 7, 5, 5, 4, 4, 6, 7, 3, 7, 4, 6, 6, 3, 5, 7, 7, 5]
B_7 14.35 B 27 [1, 4, 1, 2, 4, 3, 4, 2, 1, 4, 3, 2, 1, 3, 4, 1, 1, 2, 1, 3, 3, 2, 4, 4, 3, 3, 2, 2, 1, 1, 3, 4, 1, 2, 4, 4, 2, 3, 1, 3] [4, 8, 4, 6, 7, 6, 8, 4, 4, 6, 5, 6, 3, 7, 7, 3, 5, 6, 3, 6, 5, 4, 8, 7, 6, 5, 4, 6, 3, 4, 6, 8, 4, 6, 7, 6, 5, 6, 4, 5]
B_8 23.02 B 28 [4, 4, 2, 4, 1, 3, 2, 1, 4, 3, 4, 4, 1, 3, 3, 3, 2, 4, 3, 1, 1, 1, 4, 2, 1, 1, 2, 1, 2, 2, 3, 1, 3, 4, 1, 3, 2, 1, 1, 4] [7, 6, 5, 7, 3, 6, 6, 4, 7, 5, 7, 6, 4, 7, 6, 6, 6, 8, 6, 4, 5, 4, 6, 6, 4, 3, 6, 3, 5, 4, 5, 5, 5, 7, 5, 7, 5, 4, 5, 8]
B_9 25.04 B 29 [1, 2, 4, 4, 1, 2, 1, 3, 2, 1, 2, 3, 3, 1, 2, 2, 1, 4, 4, 4, 1, 2, 2, 3, 4, 3, 4, 1, 2, 1, 2, 4, 4, 3, 1, 2, 4, 3, 1, 3] [3, 6, 8, 6, 4, 5, 3, 6, 6, 4, 6, 5, 5, 5, 6, 4, 5, 6, 7, 6, 3, 5, 5, 7, 7, 7, 7, 4, 4, 4, 4, 6, 7, 5, 4, 4, 8, 5, 3, 6]
B_10 26.04 B 30 [3, 1, 2, 1, 3, 3, 4, 1, 2, 3, 2, 4, 2, 3, 2, 3, 1, 1, 3, 1, 4, 2, 4, 3, 3, 4, 1, 3, 3, 2, 3, 4, 1, 2, 1, 2, 2, 3, 4, 3] [7, 3, 4, 5, 7, 5, 7, 3, 6, 6, 6, 7, 4, 7, 5, 5, 5, 5, 5, 4, 6, 4, 8, 5, 6, 7, 3, 6, 5, 4, 6, 7, 5, 4, 4, 6, 5, 7, 6, 6]
B_11 28.299999999999997 B 31 [2, 1, 2, 1, 4, 1, 1, 1, 1, 4, 3, 2, 4, 1, 1, 1, 1, 1, 1, 1, 4, 2, 1, 1, 3, 2, 3, 4, 1, 4, 4, 3, 2, 4, 3, 4, 3, 2, 1, 2] [6, 5, 6, 3, 6, 5, 3, 4, 5, 8, 5, 4, 6, 3, 4, 3, 3, 4, 5, 4, 7, 5, 4, 4, 6, 4, 7, 8, 5, 6, 7, 5, 4, 6, 6, 7, 7, 4, 5, 6]
B_12 30.779999999999998 B 32 [4, 3, 4, 2, 4, 2, 3, 1, 1, 3, 3, 4, 3, 1, 3, 1, 2, 1, 2, 1, 2, 3, 1, 4, 2, 3, 2, 1, 3, 4, 1, 2, 2, 1, 4, 1, 3, 4, 1, 2] [8, 5, 6, 4, 7, 4, 7, 3, 3, 6, 5, 8, 5, 4, 5, 3, 6, 5, 4, 4, 5, 5, 4, 6, 6, 5, 4, 4, 5, 7, 5, 4, 4, 3, 6, 4, 6, 6, 4, 6]
B_13 32.379999999999995 B 33 [3, 3, 2, 4, 1, 2, 4, 4, 2, 2, 2, 1, 2, 3, 3, 1, 3, 2, 2, 1, 2, 3, 2, 4, 4, 2, 2, 2, 4, 3, 2, 4, 1, 3, 1, 1, 4, 2, 3, 3] [7, 6, 4, 8, 4, 4, 8, 8, 4, 5, 6, 5, 6, 6, 5, 3, 5, 4, 5, 3, 5, 6, 4, 6, 6, 6, 6, 6, 7, 5, 4, 6, 3, 6, 3, 3, 7, 6, 7, 6]
B_14 33.379999999999995 B 34 [3, 1, 2, 3, 3, 3, 4, 4, 3, 1, 2, 4, 1, 3, 4, 1, 3, 4, 2, 4, 1, 2, 3, 1, 4, 2, 2, 4, 1, 1, 1, 3, 4, 1, 2, 1, 1, 4, 4, 3] [7, 3, 5, 7, 6, 7, 7, 7, 7, 5, 6, 6, 5, 7, 8, 5, 6, 8, 4, 6, 5, 5, 7, 5, 8, 4, 6, 7, 5, 4, 4, 6, 6, 3, 4, 4, 5, 8, 8, 6]
B_15 34.98 B 35 [4, 1, 4, 4, 1, 4, 2, 3, 1, 2, 4, 3, 3, 2, 2, 2, 1, 1, 2, 4, 4, 3, 1, 3, 1, 4, 1, 4, 3, 2, 2, 4, 1, 1, 1, 1, 2, 4, 3, 2] [6, 5, 8, 8, 4, 8, 4, 6, 4, 4, 7, 6, 6, 4, 4, 5, 3, 3, 6, 6, 6, 6, 5, 6, 3, 7, 3, 6, 7, 4, 6, 7, 4, 3, 4, 4, 5, 7, 6, 5]
B_16 40.699999999999996 B 36 [3, 1, 3, 1, 2, 1, 4, 4, 1, 3, 2, 1, 4, 3, 3, 2, 4, 2, 4, 4, 2, 1, 1, 4, 2, 3, 3, 2, 2, 4, 2, 3, 3, 4, 1, 2, 2, 1, 4, 4] [6, 4, 7, 3, 5, 5, 6, 6, 3, 7, 6, 3, 6, 6, 7, 6, 7, 6, 8, 7, 4, 3, 4, 6, 5, 5, 5, 5, 5, 8, 5, 7, 6, 7, 5, 5, 4, 5, 7, 6]
B_17 43.49999999999999 B 37 [3, 3, 4, 4, 1, 1, 1, 4, 3, 4, 4, 2, 1, 1, 3, 2, 1, 1, 3, 3, 4, 3, 2, 3, 3, 1, 3, 3, 1, 3, 3, 2, 4, 2, 4, 4, 1, 1, 2, 1] [7, 6, 7, 6, 5, 3, 4, 8, 7, 8, 6, 6, 5, 4, 7, 4, 3, 4, 6, 5, 8, 7, 6, 7, 7, 4, 7, 6, 4, 5, 7, 4, 6, 6, 8, 7, 5, 5, 5, 4]
B_18 46.629999999999995 B 38 [4, 4, 1, 1, 3, 3, 1, 2, 1, 3, 4, 1, 1, 1, 4, 2, 3, 4, 3, 4, 1, 2, 4, 1, 3, 1, 3, 1, 1, 1, 4, 1, 1, 3, 4, 3, 4, 2, 2, 4] [7, 8, 4, 4, 6, 6, 5, 5, 3, 6, 8, 5, 3, 3, 6, 6, 6, 6, 7, 7, 4, 6, 6, 5, 5, 3, 7, 4, 5, 3, 6, 5, 4, 7, 8, 6, 7, 5, 6, 7]
B_19 47.849999999999994 B 39 [2, 3, 4, 2, 1, 2, 1, 3, 4, 4, 3, 3, 3, 3, 3, 1, 1, 4, 1, 3, 3, 4, 2, 4, 1, 2, 2, 3, 4, 3, 3, 2, 2, 3, 3, 2, 4, 1, 4, 4] [4, 5, 8, 6, 3, 6, 5, 5, 8, 6, 5, 6, 5, 7, 5, 3, 3, 6, 4, 5, 5, 8, 4, 7, 3, 6, 5, 5, 8, 6, 6, 6, 6, 6, 6, 5, 6, 4, 7, 6]
