0
0 A_0 81 0 0
8 B_0 89 0 1
4 A_1 93 0 2
9 B_1 102 0 3
5 A_2 107 0 4
5 B_2 112 0 5
5 A_3 117 0 6
3 B_3 120 0 7
5 A_4 125 0 8
6 B_4 131 0 9
6 B_5 137 0 10
5 B_6 142 0 11
5 B_7 147 0 12
7 A_5 154 0 13
1 A_6 155 0 14
4 A_7 159 0 15
6 A_8 165 0 16
6 B_8 171 0 17
5 B_9 176 0 18
5 B_10 181 0 19
5 A_9 186 0 20
10 B_11 196 0 21
6 A_10 202 0 22
5 A_11 207 0 23
4 A_12 211 0 24
5 B_12 216 0 25
4 A_13 220 0 26
5 A_14 225 0 27
1 A_15 226 0 28
8 B_13 234 0 29
4 A_16 238 0 30
6 A_17 244 0 31
4 A_18 248 0 32
6 B_14 254 0 33
5 A_19 259 0 34
7 B_15 266 0 35
1 B_16 267 0 36
1 B_17 268 0 37
8 A_20 276 0 38
6 B_18 282 0 39
3 A_21 285 0 40
9 B_19 294 0 41
5 B_20 299 0 42
5 B_21 304 0 43
9 A_22 313 0 44
7 B_22 320 0 45
1 B_23 321 0 46
3 B_24 324 0 47
8 A_23 332 0 48
7 B_25 339 0 49
5 A_24 344 0 50
7 B_26 351 0 51
6 A_25 357 0 52
4 A_26 361 0 53
2 A_27 363 0 54
3 B_27 366 0 55
6 A_28 372 0 56
7 B_28 379 0 57
7 A_29 386 0 58
5 B_29 391 0 59
1 B_30 392 0 60
6 A_30 398 0 61
5 B_31 403 0 62
6 A_31 409 0 63
8 B_32 417 0 64
3 A_32 420 0 65
6 A_33 426 0 66
5 A_34 431 0 67
5 A_35 436 0 68
9 B_33 445 0 69
10 A_36 455 0 70
9 B_34 464 0 71
7 A_37 471 0 72
9 B_35 480 0 73
5 A_38 485 0 74
4 B_36 489 0 75
2 B_37 491 0 76
4 B_38 495 0 77
4 A_39 499 0 78
6 B_39 505 0 79
No lane change: 505
---------------------
in formation_2
pass
---------------------
in formation_3
pass
---------------------
in formation_4
pass
---------------------
in formation_5
pass
---------------------
in formation_6
pass
---------------------
in formation_7
pass
error in formulation  []
