1
0 A_0 81 0 0
6 B_0 87 1 1
1 A_1 89 0 2
5 B_1 94 1 3
2 A_2 97 0 4
2 B_2 101 1 5
1 A_3 105 0 6
3 B_3 108 0 7
3 A_4 111 1 8
3 B_4 114 0 9
6 B_5 120 0 10
5 B_6 125 0 11
5 B_7 130 0 12
3 A_5 133 1 13
1 A_6 134 1 14
4 A_7 138 1 15
6 A_8 144 1 16
3 B_8 147 0 17
5 B_9 152 0 18
5 B_10 157 0 19
3 A_9 160 1 20
6 B_11 166 0 21
3 A_10 169 1 22
5 A_11 174 1 23
4 A_12 178 1 24
1 B_12 179 0 25
1 A_13 180 1 26
5 A_14 185 1 27
1 A_15 186 1 28
4 B_13 190 0 29
2 A_16 192 1 30
6 A_17 198 1 31
4 A_18 202 1 32
2 B_14 204 0 33
2 A_19 206 1 34
3 B_15 209 0 35
1 B_16 210 0 36
1 B_17 211 0 37
6 A_20 217 1 38
3 B_18 220 0 39
3 A_21 223 0 40
6 B_19 229 1 41
5 B_20 234 1 42
5 B_21 239 1 43
6 A_22 245 0 44
4 B_22 249 1 45
1 B_23 250 1 46
3 B_24 253 1 47
4 A_23 257 0 48
4 B_25 261 1 49
1 A_24 262 0 50
5 B_26 267 1 51
2 A_25 269 0 52
4 A_26 273 0 53
2 A_27 275 0 54
3 B_27 278 0 55
4 A_28 282 1 56
5 B_28 287 0 57
3 A_29 290 1 58
2 B_29 292 0 59
1 B_30 293 0 60
4 A_30 297 1 61
2 B_31 299 0 62
3 A_31 302 1 63
6 B_32 308 0 64
3 A_32 311 0 65
6 A_33 317 0 66
5 A_34 322 0 67
5 A_35 327 0 68
5 B_33 332 1 69
6 A_36 338 0 70
6 B_34 344 1 71
4 A_37 348 0 72
6 B_35 354 1 73
3 A_38 357 0 74
1 B_36 358 1 75
2 B_37 360 1 76
4 B_38 364 1 77
1 A_39 365 0 78
4 B_39 369 1 79
greedy: 369
---------------------
in formation_2
pass
---------------------
in formation_3
pass
---------------------
in formation_4
pass
---------------------
in formation_5
pass
---------------------
in formation_6
pass
---------------------
in formation_7
pass
error in formulation  []
