2
[2, 2, 2, 2, 2, 2, 0, 0, 0, 0, 0, 0, 0, 0, 0, 0, 0, 0, 0, 0, 0, 2, 2, 0, 0, 0, 0, 0, 0, 0, 2, 2, 2, 2, 2, 2, 2, 0, 0, 0, 2, 2, 2, 2, 2, 0, 0, 0, 0, 0, 0, 0, 0, 0, 2, 2, 0, 0, 0, 0, 0, 2, 2, 2, 0, 2, 2, 2, 2, 2, 2, 2, 2, 2, 2, 2, 2, 2, 2, 2]
0 B_0 83 0 0
2 B_1 85 0 1
3 B_2 88 0 2
2 B_3 90 0 3
1 B_4 91 0 4
1 B_5 92 0 5
3 A_0 95 0 6
4 A_1 99 0 7
4 A_2 103 0 8
4 A_3 107 0 9
2 A_4 109 0 10
3 A_5 112 0 11
1 A_6 113 0 12
1 A_7 114 0 13
1 A_8 115 0 14
4 A_9 119 0 15
4 A_10 123 0 16
4 A_11 127 0 17
3 A_12 130 0 18
1 A_13 131 0 19
1 A_14 132 0 20
4 B_6 136 0 21
3 B_7 139 0 22
3 A_15 142 0 23
2 A_16 144 0 24
3 A_17 147 0 25
1 A_18 148 0 26
2 A_19 150 0 27
2 A_20 152 0 28
1 A_21 153 0 29
5 B_8 158 0 30
4 B_9 162 0 31
3 B_10 165 0 32
3 B_11 168 0 33
2 B_12 170 0 34
3 B_13 173 0 35
2 B_14 175 0 36
3 A_22 178 0 37
4 A_23 182 0 38
1 A_24 183 0 39
3 B_15 186 0 40
3 B_16 189 0 41
3 B_17 192 0 42
1 B_18 193 0 43
3 B_19 196 0 44
3 A_25 199 0 45
2 A_26 201 0 46
1 A_27 202 0 47
1 A_28 203 0 48
2 A_29 205 0 49
1 A_30 206 0 50
3 A_31 209 0 51
1 A_32 210 0 52
3 A_33 213 0 53
4 B_20 217 0 54
2 B_21 219 0 55
3 A_34 222 0 56
1 A_35 223 0 57
2 A_36 225 0 58
1 A_37 226 0 59
1 A_38 227 0 60
6 B_22 233 0 61
2 B_23 235 0 62
2 B_24 237 0 63
4 A_39 241 0 64
7 B_25 248 0 65
1 B_26 249 0 66
1 B_27 250 0 67
4 B_28 254 0 68
2 B_29 256 0 69
4 B_30 260 0 70
2 B_31 262 0 71
1 B_32 263 0 72
1 B_33 264 0 73
2 B_34 266 0 74
1 B_35 267 0 75
3 B_36 270 0 76
3 B_37 273 0 77
4 B_38 277 0 78
3 B_39 280 0 79
dp: 280 151.2751250000001 0.05286288261413574
---------------------
in formation_2
pass
---------------------
in formation_3
pass
---------------------
in formation_4
pass
---------------------
in formation_5
pass
---------------------
in formation_6
pass
---------------------
in formation_7
pass
error in formulation  []
