3
0 A_0 81 0 0
3 A_1 84 0 1
4 A_2 88 0 2
2 A_3 90 0 3
6 A_4 96 0 4
3 B_0 99 0 5
6 B_1 105 0 6
1 B_2 106 0 7
2 B_3 108 0 8
4 B_4 112 0 9
6 B_5 118 0 10
5 B_6 123 0 11
4 A_5 127 0 12
1 A_6 128 0 13
3 B_7 131 0 14
3 B_8 134 0 15
5 B_9 139 0 16
5 B_10 144 0 17
6 B_11 150 0 18
2 B_12 152 0 19
3 B_13 155 0 20
6 B_14 161 0 21
1 B_15 162 0 22
1 B_16 163 0 23
1 B_17 164 0 24
2 B_18 166 0 25
1 B_19 167 0 26
5 B_20 172 0 27
5 B_21 177 0 28
4 B_22 181 0 29
1 B_23 182 0 30
3 A_7 185 0 31
3 B_24 188 0 32
1 B_25 189 0 33
3 A_8 192 0 34
6 A_9 198 0 35
2 A_10 200 0 36
5 A_11 205 0 37
4 A_12 209 0 38
5 A_13 214 0 39
5 A_14 219 0 40
1 A_15 220 0 41
4 A_16 224 0 42
3 B_26 227 0 43
4 A_17 231 0 44
4 A_18 235 0 45
2 A_19 237 0 46
1 A_20 238 0 47
4 A_21 242 0 48
4 A_22 246 0 49
3 B_27 249 0 50
4 A_23 253 0 51
1 A_24 254 0 52
4 B_28 258 0 53
3 B_29 261 0 54
1 B_30 262 0 55
4 A_25 266 0 56
4 B_31 270 0 57
3 A_26 273 0 58
2 A_27 275 0 59
1 A_28 276 0 60
5 A_29 281 0 61
5 A_30 286 0 62
2 A_31 288 0 63
3 A_32 291 0 64
3 B_32 294 0 65
2 B_33 296 0 66
4 A_33 300 0 67
4 B_34 304 0 68
3 A_34 307 0 69
5 A_35 312 0 70
3 A_36 315 0 71
5 B_35 320 0 72
4 B_36 324 0 73
2 B_37 326 0 74
7 A_37 333 0 75
2 A_38 335 0 76
1 A_39 336 0 77
4 B_38 340 0 78
2 B_39 342 0 79
nldp: 342
---------------------
in formation_2
pass
---------------------
in formation_3
pass
---------------------
in formation_4
pass
---------------------
in formation_5
pass
---------------------
in formation_6
pass
---------------------
in formation_7
pass
error in formulation  []
