0
0 B_0 81 0 0
3 B_1 84 0 1
5 A_0 89 0 2
6 B_2 95 0 3
5 A_1 100 0 4
3 A_2 103 0 5
4 B_3 107 0 6
4 A_3 111 0 7
6 B_4 117 0 8
4 A_4 121 0 9
6 B_5 127 0 10
3 B_6 130 0 11
1 B_7 131 0 12
5 A_5 136 0 13
7 B_8 143 0 14
4 A_6 147 0 15
6 B_9 153 0 16
5 A_7 158 0 17
4 B_10 162 0 18
6 A_8 168 0 19
1 A_9 169 0 20
6 B_11 175 0 21
5 A_10 180 0 22
7 B_12 187 0 23
6 A_11 193 0 24
2 A_12 195 0 25
6 B_13 201 0 26
3 A_13 204 0 27
3 A_14 207 0 28
6 B_14 213 0 29
6 A_15 219 0 30
6 B_15 225 0 31
7 A_16 232 0 32
3 B_16 235 0 33
4 A_17 239 0 34
2 A_18 241 0 35
6 B_17 247 0 36
4 A_19 251 0 37
2 A_20 253 0 38
2 A_21 255 0 39
3 A_22 258 0 40
3 B_18 261 0 41
3 A_23 264 0 42
4 B_19 268 0 43
3 A_24 271 0 44
6 B_20 277 0 45
4 B_21 281 0 46
6 A_25 287 0 47
3 A_26 290 0 48
4 B_22 294 0 49
2 B_23 296 0 50
4 A_27 300 0 51
6 B_24 306 0 52
3 A_28 309 0 53
4 A_29 313 0 54
4 B_25 317 0 55
1 B_26 318 0 56
5 A_30 323 0 57
3 A_31 326 0 58
3 A_32 329 0 59
4 A_33 333 0 60
6 B_27 339 0 61
5 A_34 344 0 62
2 A_35 346 0 63
2 A_36 348 0 64
3 A_37 351 0 65
4 A_38 355 0 66
6 B_28 361 0 67
7 A_39 368 0 68
5 B_29 373 0 69
2 B_30 375 0 70
1 B_31 376 0 71
1 B_32 377 0 72
3 B_33 380 0 73
3 B_34 383 0 74
2 B_35 385 0 75
2 B_36 387 0 76
4 B_37 391 0 77
1 B_38 392 0 78
3 B_39 395 0 79
No lane change: 395 215.18099999999998 0.00011205673217773438
---------------------
in formation_2
pass
---------------------
in formation_3
pass
---------------------
in formation_4
pass
---------------------
in formation_5
pass
---------------------
in formation_6
pass
---------------------
in formation_7
pass
error in formulation  []
