1
0 B_0 81 0 0
3 B_1 84 0 1
3 A_0 87 1 2
4 B_2 91 0 3
2 A_1 93 1 4
3 A_2 96 1 5
1 B_3 97 0 6
2 A_3 99 1 7
4 B_4 103 0 8
1 A_4 104 1 9
3 B_5 107 0 10
3 B_6 110 0 11
1 B_7 111 0 12
3 A_5 114 1 13
4 B_8 118 0 14
2 A_6 120 1 15
4 B_9 124 0 16
2 A_7 126 1 17
2 B_10 128 0 18
4 A_8 132 1 19
1 A_9 133 1 20
4 B_11 137 0 21
2 A_10 139 1 22
4 B_12 143 0 23
3 A_11 146 1 24
2 A_12 148 1 25
3 B_13 151 0 26
3 A_13 154 0 27
3 A_14 157 0 28
4 B_14 161 1 29
4 A_15 165 0 30
4 B_15 169 1 31
4 A_16 173 0 32
3 B_16 176 0 33
2 A_17 178 1 34
2 A_18 180 1 35
4 B_17 184 0 36
1 A_19 185 1 37
2 A_20 187 1 38
2 A_21 189 1 39
3 A_22 192 1 40
3 B_18 195 1 41
3 A_23 198 1 42
1 B_19 199 0 43
3 A_24 202 0 44
3 B_20 205 1 45
4 B_21 209 1 46
4 A_25 213 0 47
3 A_26 216 0 48
1 B_22 217 1 49
2 B_23 219 1 50
1 A_27 220 0 51
3 B_24 223 1 52
3 A_28 226 1 53
4 A_29 230 1 54
1 B_25 231 0 55
1 B_26 232 0 56
2 A_30 234 1 57
3 A_31 237 1 58
3 A_32 240 1 59
4 A_33 244 1 60
3 B_27 247 0 61
2 A_34 249 1 62
2 A_35 251 1 63
2 A_36 253 1 64
3 A_37 256 1 65
4 A_38 260 1 66
4 B_28 264 0 67
4 A_39 268 1 68
3 B_29 271 0 69
2 B_30 273 0 70
1 B_31 274 0 71
1 B_32 275 0 72
3 B_33 278 0 73
3 B_34 281 0 74
2 B_35 283 0 75
2 B_36 285 0 76
4 B_37 289 0 77
1 B_38 290 0 78
3 B_39 293 0 79
greedy: 293 153.56850000000003 0.0003559589385986328
---------------------
in formation_2
pass
---------------------
in formation_3
pass
---------------------
in formation_4
pass
---------------------
in formation_5
pass
---------------------
in formation_6
pass
---------------------
in formation_7
pass
error in formulation  []
