2
[2, 2, 2, 2, 2, 2, 2, 2, 0, 0, 0, 0, 0, 0, 0, 0, 0, 0, 0, 0, 0, 0, 0, 0, 0, 0, 0, 0, 0, 0, 0, 0, 0, 0, 0, 0, 0, 2, 2, 2, 0, 0, 0, 0, 2, 2, 2, 2, 2, 0, 0, 0, 0, 0, 0, 0, 2, 2, 2, 2, 2, 2, 2, 2, 2, 2, 2, 2, 2, 2, 2, 2, 2, 2, 2, 2, 2, 2, 2, 2]
0 B_0 81 0 0
3 B_1 84 0 1
4 B_2 88 0 2
4 B_3 92 0 3
4 B_4 96 0 4
4 B_5 100 0 5
3 B_6 103 0 6
1 B_7 104 0 7
3 A_0 107 0 8
3 A_1 110 0 9
3 A_2 113 0 10
2 A_3 115 0 11
4 A_4 119 0 12
2 A_5 121 0 13
4 A_6 125 0 14
2 A_7 127 0 15
4 A_8 131 0 16
1 A_9 132 0 17
2 A_10 134 0 18
3 A_11 137 0 19
2 A_12 139 0 20
2 A_13 141 0 21
3 A_14 144 0 22
2 A_15 146 0 23
2 A_16 148 0 24
4 A_17 152 0 25
2 A_18 154 0 26
1 A_19 155 0 27
2 A_20 157 0 28
2 A_21 159 0 29
3 A_22 162 0 30
1 A_23 163 0 31
2 A_24 165 0 32
3 A_25 168 0 33
3 A_26 171 0 34
3 A_27 174 0 35
4 A_28 178 0 36
5 B_8 183 0 37
1 B_9 184 0 38
2 B_10 186 0 39
3 A_29 189 0 40
2 A_30 191 0 41
3 A_31 194 0 42
3 A_32 197 0 43
6 B_11 203 0 44
4 B_12 207 0 45
1 B_13 208 0 46
2 B_14 210 0 47
2 B_15 212 0 48
3 A_33 215 0 49
3 A_34 218 0 50
2 A_35 220 0 51
2 A_36 222 0 52
3 A_37 225 0 53
4 A_38 229 0 54
3 A_39 232 0 55
4 B_16 236 0 56
2 B_17 238 0 57
2 B_18 240 0 58
2 B_19 242 0 59
4 B_20 246 0 60
4 B_21 250 0 61
2 B_22 252 0 62
2 B_23 254 0 63
3 B_24 257 0 64
4 B_25 261 0 65
1 B_26 262 0 66
1 B_27 263 0 67
4 B_28 267 0 68
3 B_29 270 0 69
2 B_30 272 0 70
1 B_31 273 0 71
1 B_32 274 0 72
3 B_33 277 0 73
3 B_34 280 0 74
2 B_35 282 0 75
2 B_36 284 0 76
4 B_37 288 0 77
1 B_38 289 0 78
3 B_39 292 0 79
dp: 292 154.406 0.06550192832946777
---------------------
in formation_2
pass
---------------------
in formation_3
pass
---------------------
in formation_4
pass
---------------------
in formation_5
pass
---------------------
in formation_6
pass
---------------------
in formation_7
pass
error in formulation  []
