3
0 B_0 83 0 0
2 B_1 85 0 1
5 B_2 90 0 2
5 B_3 95 0 3
3 B_4 98 0 4
4 A_0 102 0 5
4 A_1 106 0 6
2 A_2 108 0 7
3 A_3 111 0 8
4 A_4 115 0 9
4 B_5 119 0 10
5 A_5 124 0 11
2 A_6 126 0 12
6 A_7 132 0 13
6 A_8 138 0 14
3 B_6 141 0 15
5 B_7 146 0 16
3 B_8 149 0 17
1 B_9 150 0 18
4 B_10 154 0 19
4 A_9 158 0 20
1 A_10 159 0 21
4 A_11 163 0 22
2 A_12 165 0 23
4 B_11 169 0 24
4 A_13 173 0 25
1 A_14 174 0 26
3 A_15 177 0 27
3 A_16 180 0 28
1 A_17 181 0 29
1 A_18 182 0 30
2 A_19 184 0 31
5 A_20 189 0 32
3 A_21 192 0 33
5 A_22 197 0 34
1 A_23 198 0 35
3 B_12 201 0 36
2 B_13 203 0 37
2 B_14 205 0 38
2 B_15 207 0 39
3 B_16 210 0 40
5 A_24 215 0 41
6 A_25 221 0 42
5 A_26 226 0 43
3 B_17 229 0 44
1 B_18 230 0 45
4 B_19 234 0 46
2 B_20 236 0 47
1 B_21 237 0 48
5 A_27 242 0 49
2 A_28 244 0 50
1 A_29 245 0 51
3 B_22 248 0 52
3 B_23 251 0 53
3 B_24 254 0 54
4 B_25 258 0 55
3 B_26 261 0 56
1 B_27 262 0 57
3 B_28 265 0 58
6 B_29 271 0 59
1 B_30 272 0 60
4 B_31 276 0 61
1 B_32 277 0 62
4 B_33 281 0 63
3 A_30 284 0 64
1 A_31 285 0 65
4 A_32 289 0 66
1 A_33 290 0 67
6 A_34 296 0 68
3 A_35 299 0 69
1 A_36 300 0 70
6 A_37 306 0 71
3 A_38 309 0 72
5 B_34 314 0 73
3 A_39 317 0 74
5 B_35 322 0 75
5 B_36 327 0 76
1 B_37 328 0 77
2 B_38 330 0 78
2 B_39 332 0 79
nldp: 332
---------------------
in formation_2
pass
---------------------
in formation_3
pass
---------------------
in formation_4
pass
---------------------
in formation_5
pass
---------------------
in formation_6
pass
---------------------
in formation_7
pass
error in formulation  []
